[
    [
        0.0,
        1.7230060940112777,
        1.7897276329095442,
        1.956559480312316,
        1.5562374497485916,
        1.8915932438026946,
        1.7544586059522749,
        1.6770509831248424,
        1.713913650100261,
        1.620185174601965,
        1.3975424859373686,
        1.625,
        1.6007810593582121,
        1.920286436967152,
        1.6583123951777,
        1.5811388300841898,
        1.479019945774904,
        1.8915932438026946,
        1.79843682124227,
        1.6817030058842137,
        1.9921721813136535,
        1.9121323175972944,
        1.776583800443987,
        1.6583123951777,
        1.7365554986812255,
        2.0879116360612584,
        1.8666480653835098,
        1.7853571071357126,
        1.595893166850463,
        1.8624580532189174,
        1.9039432764659772,
        1.7677669529663689,
        1.6770509831248424,
        1.8874586088176875,
        1.7853571071357126,
        1.9724667297574374,
        1.9803724397193574,
        1.9324531042175384,
        1.7809758560968758,
        1.6393596310755,
        1.875,
        1.6441183047457382,
        1.8027756377319946,
        1.7940875118009154,
        1.899835519196333,
        1.9039432764659772,
        1.899835519196333,
        1.5811388300841898,
        1.845602882529175,
        1.695582495781317
    ],
    [
        1.7230060940112777,
        0.0,
        1.1989578808281798,
        1.346291201783626,
        1.299038105676658,
        1.2624381172952597,
        1.3635890143294642,
        1.3635890143294642,
        1.2562344526401112,
        1.5155444566227676,
        1.8328597873268975,
        1.6105123408406408,
        1.4684175155588413,
        1.8582585934148133,
        1.3919410907075054,
        1.3169567191065923,
        1.3050383136138188,
        1.4361406616345072,
        1.375,
        1.192424001771182,
        1.3169567191065923,
        1.352081728298996,
        1.3110110602126894,
        1.346291201783626,
        1.2930100540985752,
        1.4415703243338496,
        1.2183492931011204,
        1.25,
        1.489546910976623,
        1.3169567191065923,
        1.3228756555322954,
        1.346291201783626,
        1.3169567191065923,
        1.403121520040228,
        1.571225636247067,
        1.4086784586980805,
        1.25,
        1.3863170633011772,
        1.2054563451241194,
        1.1792476415070754,
        1.3169567191065923,
        1.2686114456365274,
        1.375,
        1.357847561400027,
        1.3635890143294642,
        1.2183492931011204,
        1.2930100540985752,
        1.4197270864500684,
        1.4142135623730951,
        1.3635890143294642
    ],
    [
        1.7897276329095442,
        1.1989578808281798,
        0.0,
        1.2808688457449497,
        1.3919410907075054,
        1.2930100540985752,
        1.4523687548277813,
        1.4577379737113252,
        1.3693063937629153,
        1.489546910976623,
        1.8582585934148133,
        1.590990257669732,
        1.4306903927824497,
        1.7633419974582356,
        1.2930100540985752,
        1.2562344526401112,
        1.2054563451241194,
        1.4252192813739224,
        1.3919410907075054,
        1.3228756555322954,
        1.2562344526401112,
        1.352081728298996,
        1.3228756555322954,
        1.334634781503914,
        1.286953767623375,
        1.2686114456365274,
        1.165922381636102,
        1.165922381636102,
        1.4947825928876748,
        1.3050383136138188,
        1.2686114456365274,
        1.352081728298996,
        1.3228756555322954,
        1.4252192813739224,
        1.4842927608797396,
        1.352081728298996,
        1.243734296383275,
        1.2930100540985752,
        1.1989578808281798,
        1.192424001771182,
        1.346291201783626,
        1.2562344526401112,
        1.299038105676658,
        1.243734296383275,
        1.3693063937629153,
        1.192424001771182,
        1.2686114456365274,
        1.4577379737113252,
        1.3050383136138188,
        1.3919410907075054
    ],
    [
        1.956559480312316,
        1.346291201783626,
        1.2808688457449497,
        0.0,
        1.595893166850463,
        1.352081728298996,
        1.4523687548277813,
        1.4197270864500684,
        1.3863170633011772,
        1.7365554986812255,
        2.168668946612184,
        1.8833148966649205,
        1.5461646096066226,
        2.0879116360612584,
        1.352081728298996,
        1.3228756555322954,
        1.4737282653189494,
        1.352081728298996,
        1.5461646096066226,
        1.2686114456365274,
        1.0606601717798212,
        1.1792476415070754,
        1.346291201783626,
        1.5612494995995996,
        1.4842927608797396,
        0.960143218483576,
        1.1388041973930374,
        1.2808688457449497,
        1.653594569415369,
        1.2562344526401112,
        1.1110243021644486,
        1.192424001771182,
        1.4737282653189494,
        1.352081728298996,
        1.6770509831248424,
        1.159202311936963,
        1.0532687216470449,
        1.1989578808281798,
        1.2183492931011204,
        1.4361406616345072,
        1.299038105676658,
        1.4469796128487782,
        1.4361406616345072,
        1.0680004681646913,
        1.4737282653189494,
        1.1989578808281798,
        1.286953767623375,
        1.6298006013006623,
        1.4523687548277813,
        1.4684175155588413
    ],
    [
        1.5562374497485916,
        1.299038105676658,
        1.3919410907075054,
        1.595893166850463,
        0.0,
        1.479019945774904,
        1.357847561400027,
        1.4252192813739224,
        1.4361406616345072,
        1.334634781503914,
        1.6153559979150107,
        1.648863244784115,
        1.4737282653189494,
        1.5662455107677085,
        1.4197270864500684,
        1.4361406616345072,
        1.4086784586980805,
        1.3863170633011772,
        1.4252192813739224,
        1.357847561400027,
        1.6056540723331412,
        1.5155444566227676,
        1.5,
        1.4577379737113252,
        1.4361406616345072,
        1.704772712123232,
        1.4737282653189494,
        1.3975424859373686,
        1.4197270864500684,
        1.3863170633011772,
        1.5206906325745548,
        1.5,
        1.4142135623730951,
        1.5155444566227676,
        1.4577379737113252,
        1.5309310892394863,
        1.5206906325745548,
        1.4523687548277813,
        1.4415703243338496,
        1.3635890143294642,
        1.3228756555322954,
        1.3693063937629153,
        1.479019945774904,
        1.5811388300841898,
        1.3228756555322954,
        1.5155444566227676,
        1.4252192813739224,
        1.3228756555322954,
        1.4684175155588413,
        1.3806701271484076
    ],
    [
        1.8915932438026946,
        1.2624381172952597,
        1.2930100540985752,
        1.352081728298996,
        1.479019945774904,
        0.0,
        1.479019945774904,
        1.4252192813739224,
        1.357847561400027,
        1.7365554986812255,
        1.9324531042175384,
        1.709349291397168,
        1.5360257159305635,
        1.8413649828320293,
        1.4086784586980805,
        1.3693063937629153,
        1.3287682265918312,
        1.4842927608797396,
        1.4415703243338496,
        1.3287682265918312,
        1.25,
        1.334634781503914,
        1.340475661845451,
        1.5206906325745548,
        1.357847561400027,
        1.4197270864500684,
        1.1989578808281798,
        1.340475661845451,
        1.5612494995995996,
        1.3919410907075054,
        1.286953767623375,
        1.3110110602126894,
        1.375,
        1.3863170633011772,
        1.4630874888399532,
        1.4523687548277813,
        1.2624381172952597,
        1.352081728298996,
        1.2562344526401112,
        1.3287682265918312,
        1.4142135623730951,
        1.375,
        1.4142135623730951,
        1.346291201783626,
        1.4469796128487782,
        1.224744871391589,
        1.231107225224513,
        1.5662455107677085,
        1.243734296383275,
        1.299038105676658
    ],
    [
        1.7544586059522749,
        1.3635890143294642,
        1.4523687548277813,
        1.4523687548277813,
        1.357847561400027,
        1.479019945774904,
        0.0,
        1.403121520040228,
        1.3806701271484076,
        1.357847561400027,
        1.704772712123232,
        1.653594569415369,
        1.4306903927824497,
        1.571225636247067,
        1.4197270864500684,
        1.3693063937629153,
        1.375,
        1.334634781503914,
        1.352081728298996,
        1.375,
        1.4842927608797396,
        1.3169567191065923,
        1.357847561400027,
        1.4086784586980805,
        1.3919410907075054,
        1.5662455107677085,
        1.4306903927824497,
        1.3635890143294642,
        1.340475661845451,
        1.286953767623375,
        1.3863170633011772,
        1.3863170633011772,
        1.4361406616345072,
        1.4630874888399532,
        1.4684175155588413,
        1.334634781503914,
        1.3806701271484076,
        1.352081728298996,
        1.357847561400027,
        1.2808688457449497,
        1.286953767623375,
        1.3228756555322954,
        1.375,
        1.4306903927824497,
        1.3693063937629153,
        1.4306903927824497,
        1.3693063937629153,
        1.3169567191065923,
        1.4086784586980805,
        1.4577379737113252
    ],
    [
        1.6770509831248424,
        1.3635890143294642,
        1.4577379737113252,
        1.4197270864500684,
        1.4252192813739224,
        1.4252192813739224,
        1.403121520040228,
        0.0,
        1.3228756555322954,
        1.595893166850463,
        1.7853571071357126,
        1.6007810593582121,
        1.3050383136138188,
        1.8708286933869707,
        1.3169567191065923,
        1.346291201783626,
        1.3806701271484076,
        1.590990257669732,
        1.5155444566227676,
        1.2747548783981961,
        1.4947825928876748,
        1.4947825928876748,
        1.4086784586980805,
        1.352081728298996,
        1.4142135623730951,
        1.5662455107677085,
        1.4684175155588413,
        1.4306903927824497,
        1.479019945774904,
        1.4523687548277813,
        1.3806701271484076,
        1.357847561400027,
        1.4197270864500684,
        1.3228756555322954,
        1.648863244784115,
        1.505199322349037,
        1.3863170633011772,
        1.5155444566227676,
        1.3975424859373686,
        1.334634781503914,
        1.5562374497485916,
        1.3806701271484076,
        1.3919410907075054,
        1.3693063937629153,
        1.571225636247067,
        1.4086784586980805,
        1.4684175155588413,
        1.4842927608797396,
        1.4842927608797396,
        1.2808688457449497
    ],
    [
        1.713913650100261,
        1.2562344526401112,
        1.3693063937629153,
        1.3863170633011772,
        1.4361406616345072,
        1.357847561400027,
        1.3806701271484076,
        1.3228756555322954,
        0.0,
        1.4361406616345072,
        1.9243505397925815,
        1.741048534648015,
        1.375,
        1.8498310733685928,
        1.340475661845451,
        1.3919410907075054,
        1.3228756555322954,
        1.3919410907075054,
        1.5103807466993215,
        1.286953767623375,
        1.4415703243338496,
        1.4252192813739224,
        1.3169567191065923,
        1.357847561400027,
        1.4361406616345072,
        1.5360257159305635,
        1.3635890143294642,
        1.346291201783626,
        1.4947825928876748,
        1.375,
        1.2747548783981961,
        1.3169567191065923,
        1.3110110602126894,
        1.346291201783626,
        1.5155444566227676,
        1.4306903927824497,
        1.334634781503914,
        1.352081728298996,
        1.25,
        1.3050383136138188,
        1.4086784586980805,
        1.3863170633011772,
        1.3863170633011772,
        1.3806701271484076,
        1.4361406616345072,
        1.2930100540985752,
        1.3169567191065923,
        1.489546910976623,
        1.3693063937629153,
        1.286953767623375
    ],
    [
        1.620185174601965,
        1.5155444566227676,
        1.489546910976623,
        1.7365554986812255,
        1.334634781503914,
        1.7365554986812255,
        1.357847561400027,
        1.595893166850463,
        1.4361406616345072,
        0.0,
        1.620185174601965,
        1.625,
        1.5309310892394863,
        1.5360257159305635,
        1.5360257159305635,
        1.5309310892394863,
        1.4306903927824497,
        1.3693063937629153,
        1.4197270864500684,
        1.4252192813739224,
        1.7455300054711176,
        1.5612494995995996,
        1.5512092057488571,
        1.479019945774904,
        1.5258194519667128,
        1.8328597873268975,
        1.6677080080157918,
        1.4947825928876748,
        1.4577379737113252,
        1.4947825928876748,
        1.590990257669732,
        1.590990257669732,
        1.5811388300841898,
        1.620185174601965,
        1.5,
        1.5103807466993215,
        1.6441183047457382,
        1.479019945774904,
        1.5360257159305635,
        1.4142135623730951,
        1.4947825928876748,
        1.4415703243338496,
        1.5461646096066226,
        1.6441183047457382,
        1.4252192813739224,
        1.6393596310755,
        1.6393596310755,
        1.4142135623730951,
        1.3975424859373686,
        1.5612494995995996
    ],
    [
        1.3975424859373686,
        1.8328597873268975,
        1.8582585934148133,
        2.168668946612184,
        1.6153559979150107,
        1.9324531042175384,
        1.704772712123232,
        1.7853571071357126,
        1.9243505397925815,
        1.620185174601965,
        0.0,
        1.6723860200324565,
        1.7677669529663689,
        1.7001838135919305,
        1.8582585934148133,
        1.75,
        1.648863244784115,
        1.8791620472966135,
        1.776583800443987,
        1.928406077567689,
        2.023301757029831,
        1.976423537605237,
        1.899835519196333,
        1.7230060940112777,
        1.824314939915803,
        2.341874249399399,
        1.9882467150733583,
        1.8157298807917437,
        1.653594569415369,
        1.956559480312316,
        2.080414622136655,
        1.9162137145944864,
        1.7320508075688772,
        1.875,
        1.7230060940112777,
        2.038688303787511,
        2.143303524935281,
        1.9803724397193574,
        1.9324531042175384,
        1.7544586059522749,
        1.9039432764659772,
        1.741048534648015,
        1.8582585934148133,
        2.0,
        1.8666480653835098,
        1.9724667297574374,
        1.9324531042175384,
        1.620185174601965,
        1.928406077567689,
        1.8624580532189174
    ],
    [
        1.625,
        1.6105123408406408,
        1.590990257669732,
        1.8833148966649205,
        1.648863244784115,
        1.709349291397168,
        1.653594569415369,
        1.6007810593582121,
        1.741048534648015,
        1.625,
        1.6723860200324565,
        0.0,
        1.6298006013006623,
        1.8371173070873836,
        1.6583123951777,
        1.6393596310755,
        1.479019945774904,
        1.8582585934148133,
        1.6630168369562588,
        1.6677080080157918,
        1.8582585934148133,
        1.9605483926697653,
        1.6393596310755,
        1.5612494995995996,
        1.5811388300841898,
        2.0953818267800264,
        1.7940875118009154,
        1.6817030058842137,
        1.7275343701356567,
        1.8540496217739157,
        1.7455300054711176,
        1.7633419974582356,
        1.653594569415369,
        1.625,
        1.7544586059522749,
        1.984313483298443,
        1.8328597873268975,
        1.8413649828320293,
        1.704772712123232,
        1.5155444566227676,
        1.741048534648015,
        1.541103500742244,
        1.541103500742244,
        1.7809758560968758,
        1.7275343701356567,
        1.7365554986812255,
        1.6630168369562588,
        1.695582495781317,
        1.6909686573085854,
        1.6153559979150107
    ],
    [
        1.6007810593582121,
        1.4684175155588413,
        1.4306903927824497,
        1.5461646096066226,
        1.4737282653189494,
        1.5360257159305635,
        1.4306903927824497,
        1.3050383136138188,
        1.375,
        1.5309310892394863,
        1.7677669529663689,
        1.6298006013006623,
        0.0,
        1.845602882529175,
        1.3806701271484076,
        1.340475661845451,
        1.334634781503914,
        1.5662455107677085,
        1.595893166850463,
        1.352081728298996,
        1.58607219255619,
        1.595893166850463,
        1.4142135623730951,
        1.4361406616345072,
        1.4577379737113252,
        1.6770509831248424,
        1.4306903927824497,
        1.5,
        1.3806701271484076,
        1.4842927608797396,
        1.4630874888399532,
        1.4086784586980805,
        1.4469796128487782,
        1.403121520040228,
        1.6298006013006623,
        1.5155444566227676,
        1.5461646096066226,
        1.571225636247067,
        1.4306903927824497,
        1.334634781503914,
        1.6345871038277526,
        1.4086784586980805,
        1.375,
        1.4577379737113252,
        1.58607219255619,
        1.5309310892394863,
        1.4842927608797396,
        1.3975424859373686,
        1.5206906325745548,
        1.4306903927824497
    ],
    [
        1.920286436967152,
        1.8582585934148133,
        1.7633419974582356,
        2.0879116360612584,
        1.5662455107677085,
        1.8413649828320293,
        1.571225636247067,
        1.8708286933869707,
        1.8498310733685928,
        1.5360257159305635,
        1.7001838135919305,
        1.8371173070873836,
        1.845602882529175,
        0.0,
        1.899835519196333,
        1.8582585934148133,
        1.6770509831248424,
        1.6153559979150107,
        1.5103807466993215,
        1.80710403685012,
        2.011684617428885,
        1.7001838135919305,
        1.7721808598447282,
        1.8027756377319946,
        1.8328597873268975,
        2.1360009363293826,
        1.940521837032503,
        1.75,
        1.6770509831248424,
        1.653594569415369,
        1.899835519196333,
        1.875,
        1.80710403685012,
        1.9243505397925815,
        1.5103807466993215,
        1.8200274723201295,
        1.9039432764659772,
        1.6723860200324565,
        1.8498310733685928,
        1.741048534648015,
        1.6393596310755,
        1.7633419974582356,
        1.8285923547909742,
        1.956559480312316,
        1.6105123408406408,
        1.8285923547909742,
        1.80710403685012,
        1.6441183047457382,
        1.709349291397168,
        1.8114220932736798
    ],
    [
        1.6583123951777,
        1.3919410907075054,
        1.2930100540985752,
        1.352081728298996,
        1.4197270864500684,
        1.4086784586980805,
        1.4197270864500684,
        1.3169567191065923,
        1.340475661845451,
        1.5360257159305635,
        1.8582585934148133,
        1.6583123951777,
        1.3806701271484076,
        1.899835519196333,
        0.0,
        1.334634781503914,
        1.375,
        1.4630874888399532,
        1.4842927608797396,
        1.3169567191065923,
        1.3863170633011772,
        1.3919410907075054,
        1.3287682265918312,
        1.403121520040228,
        1.479019945774904,
        1.4086784586980805,
        1.2808688457449497,
        1.2562344526401112,
        1.5512092057488571,
        1.4142135623730951,
        1.299038105676658,
        1.3693063937629153,
        1.3693063937629153,
        1.346291201783626,
        1.4523687548277813,
        1.352081728298996,
        1.3228756555322954,
        1.4086784586980805,
        1.299038105676658,
        1.352081728298996,
        1.4415703243338496,
        1.375,
        1.4086784586980805,
        1.2562344526401112,
        1.4361406616345072,
        1.357847561400027,
        1.346291201783626,
        1.5,
        1.4142135623730951,
        1.352081728298996
    ],
    [
        1.5811388300841898,
        1.3169567191065923,
        1.2562344526401112,
        1.3228756555322954,
        1.4361406616345072,
        1.3693063937629153,
        1.3693063937629153,
        1.346291201783626,
        1.3919410907075054,
        1.5309310892394863,
        1.75,
        1.6393596310755,
        1.340475661845451,
        1.8582585934148133,
        1.334634781503914,
        0.0,
        1.299038105676658,
        1.4306903927824497,
        1.4142135623730951,
        1.2930100540985752,
        1.3806701271484076,
        1.3693063937629153,
        1.3169567191065923,
        1.3919410907075054,
        1.299038105676658,
        1.4577379737113252,
        1.2930100540985752,
        1.2930100540985752,
        1.4197270864500684,
        1.334634781503914,
        1.25,
        1.2374368670764582,
        1.346291201783626,
        1.3693063937629153,
        1.6056540723331412,
        1.4142135623730951,
        1.2808688457449497,
        1.3806701271484076,
        1.2808688457449497,
        1.2686114456365274,
        1.4630874888399532,
        1.286953767623375,
        1.340475661845451,
        1.2930100540985752,
        1.4197270864500684,
        1.2808688457449497,
        1.3228756555322954,
        1.3693063937629153,
        1.4086784586980805,
        1.3169567191065923
    ],
    [
        1.479019945774904,
        1.3050383136138188,
        1.2054563451241194,
        1.4737282653189494,
        1.4086784586980805,
        1.3287682265918312,
        1.375,
        1.3806701271484076,
        1.3228756555322954,
        1.4306903927824497,
        1.648863244784115,
        1.479019945774904,
        1.334634781503914,
        1.6770509831248424,
        1.375,
        1.299038105676658,
        0.0,
        1.4630874888399532,
        1.3806701271484076,
        1.3228756555322954,
        1.4361406616345072,
        1.4630874888399532,
        1.2747548783981961,
        1.2562344526401112,
        1.243734296383275,
        1.595893166850463,
        1.346291201783626,
        1.3228756555322954,
        1.4252192813739224,
        1.3806701271484076,
        1.4086784586980805,
        1.3806701271484076,
        1.286953767623375,
        1.4523687548277813,
        1.489546910976623,
        1.5512092057488571,
        1.4086784586980805,
        1.4523687548277813,
        1.334634781503914,
        1.224744871391589,
        1.4306903927824497,
        1.243734296383275,
        1.3169567191065923,
        1.403121520040228,
        1.4577379737113252,
        1.375,
        1.3228756555322954,
        1.3919410907075054,
        1.299038105676658,
        1.375
    ],
    [
        1.8915932438026946,
        1.4361406616345072,
        1.4252192813739224,
        1.352081728298996,
        1.3863170633011772,
        1.4842927608797396,
        1.334634781503914,
        1.590990257669732,
        1.3919410907075054,
        1.3693063937629153,
        1.8791620472966135,
        1.8582585934148133,
        1.5662455107677085,
        1.6153559979150107,
        1.4630874888399532,
        1.4306903927824497,
        1.4630874888399532,
        0.0,
        1.3863170633011772,
        1.375,
        1.4086784586980805,
        1.165922381636102,
        1.4252192813739224,
        1.541103500742244,
        1.5,
        1.352081728298996,
        1.4086784586980805,
        1.299038105676658,
        1.4684175155588413,
        1.1989578808281798,
        1.3693063937629153,
        1.3863170633011772,
        1.5309310892394863,
        1.5258194519667128,
        1.4306903927824497,
        1.224744871391589,
        1.3169567191065923,
        1.14564392373896,
        1.286953767623375,
        1.3806701271484076,
        1.2747548783981961,
        1.4415703243338496,
        1.4361406616345072,
        1.357847561400027,
        1.3050383136138188,
        1.340475661845451,
        1.4142135623730951,
        1.4684175155588413,
        1.3975424859373686,
        1.4842927608797396
    ],
    [
        1.79843682124227,
        1.375,
        1.3919410907075054,
        1.5461646096066226,
        1.4252192813739224,
        1.4415703243338496,
        1.352081728298996,
        1.5155444566227676,
        1.5103807466993215,
        1.4197270864500684,
        1.776583800443987,
        1.6630168369562588,
        1.595893166850463,
        1.5103807466993215,
        1.4842927608797396,
        1.4142135623730951,
        1.3806701271484076,
        1.3863170633011772,
        0.0,
        1.479019945774904,
        1.4142135623730951,
        1.3975424859373686,
        1.4415703243338496,
        1.4737282653189494,
        1.4415703243338496,
        1.6153559979150107,
        1.4469796128487782,
        1.340475661845451,
        1.3919410907075054,
        1.2624381172952597,
        1.4142135623730951,
        1.5155444566227676,
        1.4577379737113252,
        1.5562374497485916,
        1.4469796128487782,
        1.4361406616345072,
        1.3806701271484076,
        1.3635890143294642,
        1.4252192813739224,
        1.357847561400027,
        1.3975424859373686,
        1.403121520040228,
        1.4842927608797396,
        1.4469796128487782,
        1.2747548783981961,
        1.375,
        1.4142135623730951,
        1.4684175155588413,
        1.3919410907075054,
        1.4361406616345072
    ],
    [
        1.6817030058842137,
        1.192424001771182,
        1.3228756555322954,
        1.2686114456365274,
        1.357847561400027,
        1.3287682265918312,
        1.375,
        1.2747548783981961,
        1.286953767623375,
        1.4252192813739224,
        1.928406077567689,
        1.6677080080157918,
        1.352081728298996,
        1.80710403685012,
        1.3169567191065923,
        1.2930100540985752,
        1.3228756555322954,
        1.375,
        1.479019945774904,
        0.0,
        1.3693063937629153,
        1.3693063937629153,
        1.3228756555322954,
        1.357847561400027,
        1.3169567191065923,
        1.3975424859373686,
        1.3050383136138188,
        1.2624381172952597,
        1.4842927608797396,
        1.3975424859373686,
        1.299038105676658,
        1.2562344526401112,
        1.3693063937629153,
        1.2183492931011204,
        1.5103807466993215,
        1.3806701271484076,
        1.2747548783981961,
        1.3806701271484076,
        1.286953767623375,
        1.2808688457449497,
        1.3863170633011772,
        1.25,
        1.3863170633011772,
        1.3169567191065923,
        1.375,
        1.3050383136138188,
        1.2374368670764582,
        1.4684175155588413,
        1.3635890143294642,
        1.2930100540985752
    ],
    [
        1.9921721813136535,
        1.3169567191065923,
        1.2562344526401112,
        1.0606601717798212,
        1.6056540723331412,
        1.25,
        1.4842927608797396,
        1.4947825928876748,
        1.4415703243338496,
        1.7455300054711176,
        2.023301757029831,
        1.8582585934148133,
        1.58607219255619,
        2.011684617428885,
        1.3863170633011772,
        1.3806701271484076,
        1.4361406616345072,
        1.4086784586980805,
        1.4142135623730951,
        1.3693063937629153,
        0.0,
        1.1792476415070754,
        1.352081728298996,
        1.5360257159305635,
        1.403121520040228,
        0.9921567416492215,
        1.0532687216470449,
        1.224744871391589,
        1.6298006013006623,
        1.286953767623375,
        1.125,
        1.2119199643540823,
        1.4142135623730951,
        1.357847561400027,
        1.6007810593582121,
        1.192424001771182,
        1.0825317547305484,
        1.2374368670764582,
        1.2183492931011204,
        1.3635890143294642,
        1.3287682265918312,
        1.4577379737113252,
        1.4197270864500684,
        1.165922381636102,
        1.4306903927824497,
        1.1726039399558574,
        1.125,
        1.6909686573085854,
        1.3169567191065923,
        1.375
    ],
    [
        1.9121323175972944,
        1.352081728298996,
        1.352081728298996,
        1.1792476415070754,
        1.5155444566227676,
        1.334634781503914,
        1.3169567191065923,
        1.4947825928876748,
        1.4252192813739224,
        1.5612494995995996,
        1.976423537605237,
        1.9605483926697653,
        1.595893166850463,
        1.7001838135919305,
        1.3919410907075054,
        1.3693063937629153,
        1.4630874888399532,
        1.165922381636102,
        1.3975424859373686,
        1.3693063937629153,
        1.1792476415070754,
        0.0,
        1.340475661845451,
        1.6056540723331412,
        1.5562374497485916,
        1.1792476415070754,
        1.1989578808281798,
        1.3806701271484076,
        1.5512092057488571,
        1.0752906583803283,
        1.25,
        1.2808688457449497,
        1.505199322349037,
        1.4577379737113252,
        1.5258194519667128,
        1.0383279828647594,
        1.1989578808281798,
        1.103970108290981,
        1.2808688457449497,
        1.4737282653189494,
        1.2183492931011204,
        1.4737282653189494,
        1.5,
        1.165922381636102,
        1.299038105676658,
        1.2808688457449497,
        1.3050383136138188,
        1.4469796128487782,
        1.4523687548277813,
        1.4577379737113252
    ],
    [
        1.776583800443987,
        1.3110110602126894,
        1.3228756555322954,
        1.346291201783626,
        1.5,
        1.340475661845451,
        1.357847561400027,
        1.4086784586980805,
        1.3169567191065923,
        1.5512092057488571,
        1.899835519196333,
        1.6393596310755,
        1.4142135623730951,
        1.7721808598447282,
        1.3287682265918312,
        1.3169567191065923,
        1.2747548783981961,
        1.4252192813739224,
        1.4415703243338496,
        1.3228756555322954,
        1.352081728298996,
        1.340475661845451,
        0.0,
        1.3693063937629153,
        1.3863170633011772,
        1.4306903927824497,
        1.2930100540985752,
        1.334634781503914,
        1.4842927608797396,
        1.3169567191065923,
        1.2808688457449497,
        1.2747548783981961,
        1.3169567191065923,
        1.4086784586980805,
        1.5206906325745548,
        1.4361406616345072,
        1.2624381172952597,
        1.3169567191065923,
        1.299038105676658,
        1.299038105676658,
        1.4361406616345072,
        1.334634781503914,
        1.340475661845451,
        1.2747548783981961,
        1.4842927608797396,
        1.299038105676658,
        1.224744871391589,
        1.5258194519667128,
        1.3228756555322954,
        1.3228756555322954
    ],
    [
        1.6583123951777,
        1.346291201783626,
        1.334634781503914,
        1.5612494995995996,
        1.4577379737113252,
        1.5206906325745548,
        1.4086784586980805,
        1.352081728298996,
        1.357847561400027,
        1.479019945774904,
        1.7230060940112777,
        1.5612494995995996,
        1.4361406616345072,
        1.8027756377319946,
        1.403121520040228,
        1.3919410907075054,
        1.2562344526401112,
        1.541103500742244,
        1.4737282653189494,
        1.357847561400027,
        1.5360257159305635,
        1.6056540723331412,
        1.3693063937629153,
        0.0,
        1.4197270864500684,
        1.71846588560844,
        1.4197270864500684,
        1.3169567191065923,
        1.4306903927824497,
        1.5155444566227676,
        1.489546910976623,
        1.4523687548277813,
        1.4086784586980805,
        1.4142135623730951,
        1.541103500742244,
        1.595893166850463,
        1.4523687548277813,
        1.489546910976623,
        1.2808688457449497,
        1.2747548783981961,
        1.5103807466993215,
        1.286953767623375,
        1.3693063937629153,
        1.5103807466993215,
        1.489546910976623,
        1.4086784586980805,
        1.3863170633011772,
        1.4361406616345072,
        1.3919410907075054,
        1.403121520040228
    ],
    [
        1.7365554986812255,
        1.2930100540985752,
        1.286953767623375,
        1.4842927608797396,
        1.4361406616345072,
        1.357847561400027,
        1.3919410907075054,
        1.4142135623730951,
        1.4361406616345072,
        1.5258194519667128,
        1.824314939915803,
        1.5811388300841898,
        1.4577379737113252,
        1.8328597873268975,
        1.479019945774904,
        1.299038105676658,
        1.243734296383275,
        1.5,
        1.4415703243338496,
        1.3169567191065923,
        1.403121520040228,
        1.5562374497485916,
        1.3863170633011772,
        1.4197270864500684,
        0.0,
        1.5662455107677085,
        1.3287682265918312,
        1.3110110602126894,
        1.4684175155588413,
        1.4306903927824497,
        1.340475661845451,
        1.4306903927824497,
        1.3635890143294642,
        1.3863170633011772,
        1.625,
        1.6153559979150107,
        1.346291201783626,
        1.5258194519667128,
        1.3228756555322954,
        1.2624381172952597,
        1.489546910976623,
        1.3228756555322954,
        1.3806701271484076,
        1.4415703243338496,
        1.4469796128487782,
        1.340475661845451,
        1.3806701271484076,
        1.5,
        1.3110110602126894,
        1.346291201783626
    ],
    [
        2.0879116360612584,
        1.4415703243338496,
        1.2686114456365274,
        0.960143218483576,
        1.704772712123232,
        1.4197270864500684,
        1.5662455107677085,
        1.5662455107677085,
        1.5360257159305635,
        1.8328597873268975,
        2.341874249399399,
        2.0953818267800264,
        1.6770509831248424,
        2.1360009363293826,
        1.4086784586980805,
        1.4577379737113252,
        1.595893166850463,
        1.352081728298996,
        1.6153559979150107,
        1.3975424859373686,
        0.9921567416492215,
        1.1792476415070754,
        1.4306903927824497,
        1.71846588560844,
        1.5662455107677085,
        0.0,
        1.0897247358851685,
        1.243734296383275,
        1.8285923547909742,
        1.25,
        1.165922381636102,
        1.2686114456365274,
        1.5761900266148114,
        1.4577379737113252,
        1.7677669529663689,
        1.1319231422671772,
        1.015504800579495,
        1.14564392373896,
        1.2808688457449497,
        1.5662455107677085,
        1.3693063937629153,
        1.5155444566227676,
        1.541103500742244,
        1.0532687216470449,
        1.505199322349037,
        1.1792476415070754,
        1.286953767623375,
        1.776583800443987,
        1.4577379737113252,
        1.4947825928876748
    ],
    [
        1.8666480653835098,
        1.2183492931011204,
        1.165922381636102,
        1.1388041973930374,
        1.4737282653189494,
        1.1989578808281798,
        1.4306903927824497,
        1.4684175155588413,
        1.3635890143294642,
        1.6677080080157918,
        1.9882467150733583,
        1.7940875118009154,
        1.4306903927824497,
        1.940521837032503,
        1.2808688457449497,
        1.2930100540985752,
        1.346291201783626,
        1.4086784586980805,
        1.4469796128487782,
        1.3050383136138188,
        1.0532687216470449,
        1.1989578808281798,
        1.2930100540985752,
        1.4197270864500684,
        1.3287682265918312,
        1.0897247358851685,
        0.0,
        1.192424001771182,
        1.590990257669732,
        1.224744871391589,
        1.2054563451241194,
        1.2119199643540823,
        1.3635890143294642,
        1.352081728298996,
        1.620185174601965,
        1.243734296383275,
        1.0897247358851685,
        1.2374368670764582,
        1.14564392373896,
        1.2054563451241194,
        1.3050383136138188,
        1.3287682265918312,
        1.357847561400027,
        1.1726039399558574,
        1.403121520040228,
        1.1319231422671772,
        1.2054563451241194,
        1.5612494995995996,
        1.2808688457449497,
        1.3287682265918312
    ],
    [
        1.7853571071357126,
        1.25,
        1.165922381636102,
        1.2808688457449497,
        1.3975424859373686,
        1.340475661845451,
        1.3635890143294642,
        1.4306903927824497,
        1.346291201783626,
        1.4947825928876748,
        1.8157298807917437,
        1.6817030058842137,
        1.5,
        1.75,
        1.2562344526401112,
        1.2930100540985752,
        1.3228756555322954,
        1.299038105676658,
        1.340475661845451,
        1.2624381172952597,
        1.224744871391589,
        1.3806701271484076,
        1.334634781503914,
        1.3169567191065923,
        1.3110110602126894,
        1.243734296383275,
        1.192424001771182,
        0.0,
        1.5662455107677085,
        1.2562344526401112,
        1.3050383136138188,
        1.2930100540985752,
        1.3863170633011772,
        1.3806701271484076,
        1.489546910976623,
        1.3287682265918312,
        1.1726039399558574,
        1.2747548783981961,
        1.2119199643540823,
        1.243734296383275,
        1.3919410907075054,
        1.2374368670764582,
        1.3806701271484076,
        1.2686114456365274,
        1.4086784586980805,
        1.2624381172952597,
        1.224744871391589,
        1.541103500742244,
        1.2808688457449497,
        1.299038105676658
    ],
    [
        1.595893166850463,
        1.489546910976623,
        1.4947825928876748,
        1.653594569415369,
        1.4197270864500684,
        1.5612494995995996,
        1.340475661845451,
        1.479019945774904,
        1.4947825928876748,
        1.4577379737113252,
        1.653594569415369,
        1.7275343701356567,
        1.3806701271484076,
        1.6770509831248424,
        1.5512092057488571,
        1.4197270864500684,
        1.4252192813739224,
        1.4684175155588413,
        1.3919410907075054,
        1.4842927608797396,
        1.6298006013006623,
        1.5512092057488571,
        1.4842927608797396,
        1.4306903927824497,
        1.4684175155588413,
        1.8285923547909742,
        1.590990257669732,
        1.5662455107677085,
        0.0,
        1.4361406616345072,
        1.5811388300841898,
        1.5512092057488571,
        1.5,
        1.5461646096066226,
        1.5103807466993215,
        1.5662455107677085,
        1.58607219255619,
        1.489546910976623,
        1.5103807466993215,
        1.3919410907075054,
        1.5360257159305635,
        1.4523687548277813,
        1.4415703243338496,
        1.5155444566227676,
        1.541103500742244,
        1.5512092057488571,
        1.595893166850463,
        1.2747548783981961,
        1.5461646096066226,
        1.4842927608797396
    ],
    [
        1.8624580532189174,
        1.3169567191065923,
        1.3050383136138188,
        1.2562344526401112,
        1.3863170633011772,
        1.3919410907075054,
        1.286953767623375,
        1.4523687548277813,
        1.375,
        1.4947825928876748,
        1.956559480312316,
        1.8540496217739157,
        1.4842927608797396,
        1.653594569415369,
        1.4142135623730951,
        1.334634781503914,
        1.3806701271484076,
        1.1989578808281798,
        1.2624381172952597,
        1.3975424859373686,
        1.286953767623375,
        1.0752906583803283,
        1.3169567191065923,
        1.5155444566227676,
        1.4306903927824497,
        1.25,
        1.224744871391589,
