[
    [
        0.0,
        1.8200274723201295,
        1.7721808598447282,
        1.8371173070873836,
        2.6896793489187516,
        1.71846588560844,
        1.2747548783981961,
        1.286953767623375,
        3.0695072894521687,
        2.42706097986845,
        0.25,
        1.75,
        2.218529918662356,
        1.71846588560844,
        2.2430448056157952,
        1.4415703243338496,
        2.378287198805056,
        1.7230060940112777,
        2.5890393971509975,
        1.71846588560844,
        2.218529918662356,
        2.7613402542968153,
        1.7230060940112777,
        2.5678298230217673,
        2.1972994789058684,
        2.311655251113366,
        1.0825317547305484,
        1.571225636247067,
        2.5,
        1.80710403685012,
        3.9941363271676145,
        2.065338955232288,
        3.3494402517435655,
        3.2882366094914763,
        0.3535533905932738,
        2.481179155159901,
        1.9685019685029528,
        1.0680004681646913,
        1.4842927608797396,
        2.341874249399399,
        1.5155444566227676,
        2.2741756748325317,
        1.695582495781317,
        1.620185174601965,
        2.003902442735175,
        0.960143218483576,
        2.7556759606310752,
        1.0825317547305484,
        2.4173849507267144,
        0.81967981553775
    ],
    [
        1.8200274723201295,
        0.0,
        0.8926785535678563,
        0.9437293044088437,
        1.14564392373896,
        0.9100137361600648,
        0.8926785535678563,
        0.8477912478906585,
        1.3806701271484076,
        1.0968705484240153,
        1.3169567191065923,
        0.9013878188659973,
        0.9842509842514764,
        0.875,
        1.2183492931011204,
        0.8660254037844386,
        1.103970108290981,
        0.9185586535436918,
        1.192424001771182,
        0.8660254037844386,
        1.0383279828647594,
        1.403121520040228,
        0.8926785535678563,
        1.3110110602126894,
        1.0680004681646913,
        1.0307764064044151,
        0.960143218483576,
        0.9100137361600648,
        1.1110243021644486,
        0.9270248108869579,
        2.0953818267800264,
        0.9682458365518543,
        1.3975424859373686,
        1.4947825928876748,
        1.243734296383275,
        1.1726039399558574,
        0.9185586535436918,
        0.9013878188659973,
        0.8926785535678563,
        1.25,
        0.7905694150420949,
        0.9921567416492215,
        0.9437293044088437,
        1.0077822185373186,
        0.9270248108869579,
        0.9519716382329886,
        1.2747548783981961,
        0.9185586535436918,
        1.489546910976623,
        0.9762812094883317
    ],
    [
        1.7721808598447282,
        0.8926785535678563,
        0.0,
        0.875,
        1.1524430571616109,
        0.9354143466934853,
        0.8926785535678563,
        0.81967981553775,
        1.3635890143294642,
        1.1726039399558574,
        1.3693063937629153,
        0.875,
        0.9682458365518543,
        0.875,
        1.165922381636102,
        0.8569568250501305,
        1.2054563451241194,
        1.0,
        1.192424001771182,
        0.8569568250501305,
        0.9519716382329886,
        1.352081728298996,
        0.9842509842514764,
        1.2119199643540823,
        1.0077822185373186,
        1.0,
        0.9270248108869579,
        0.960143218483576,
        0.9842509842514764,
        0.9270248108869579,
        2.027159342528357,
        0.9437293044088437,
        1.4252192813739224,
        1.403121520040228,
        1.192424001771182,
        1.0897247358851685,
        0.9270248108869579,
        0.8838834764831844,
        0.8385254915624212,
        1.1989578808281798,
        0.8838834764831844,
        1.118033988749895,
        0.9354143466934853,
        0.875,
        0.9100137361600648,
        0.9682458365518543,
        1.2808688457449497,
        0.9437293044088437,
        1.4197270864500684,
        0.9013878188659973
    ],
    [
        1.8371173070873836,
        0.9437293044088437,
        0.875,
        0.0,
        1.159202311936963,
        0.9185586535436918,
        0.8926785535678563,
        0.82915619758885,
        1.3919410907075054,
        1.103970108290981,
        1.3169567191065923,
        0.8660254037844386,
        1.0606601717798212,
        0.8926785535678563,
        1.0680004681646913,
        0.875,
        1.1989578808281798,
        0.9842509842514764,
        1.2562344526401112,
        0.8838834764831844,
        0.9921567416492215,
        1.4415703243338496,
        0.960143218483576,
        1.3110110602126894,
        1.0383279828647594,
        1.0606601717798212,
        0.9270248108869579,
        0.9437293044088437,
        1.1319231422671772,
        0.9762812094883317,
        2.0879116360612584,
        0.9921567416492215,
        1.4523687548277813,
        1.4523687548277813,
        1.231107225224513,
        1.118033988749895,
        0.9354143466934853,
        0.8660254037844386,
        0.7905694150420949,
        1.2624381172952597,
        0.8100925873009825,
        1.0383279828647594,
        0.9185586535436918,
        0.9270248108869579,
        0.9437293044088437,
        0.9013878188659973,
        1.2624381172952597,
        0.960143218483576,
        1.4523687548277813,
        0.9437293044088437
    ],
    [
        2.6896793489187516,
        1.14564392373896,
        1.1524430571616109,
        1.159202311936963,
        0.0,
        1.192424001771182,
        1.2624381172952597,
        1.2930100540985752,
        1.340475661845451,
        1.1989578808281798,
        1.758905909933786,
        1.165922381636102,
        1.1792476415070754,
        1.159202311936963,
        1.2747548783981961,
        1.2808688457449497,
        1.231107225224513,
        1.2183492931011204,
        1.2183492931011204,
        1.1726039399558574,
        1.159202311936963,
        1.3975424859373686,
        1.2624381172952597,
        1.2562344526401112,
        1.1858541225631423,
        1.1858541225631423,
        1.4306903927824497,
        1.4086784586980805,
        1.1524430571616109,
        1.2808688457449497,
        1.8791620472966135,
        1.14564392373896,
        1.346291201783626,
        1.3169567191065923,
        1.7320508075688772,
        1.14564392373896,
        1.1110243021644486,
        1.3806701271484076,
        1.2624381172952597,
        1.2624381172952597,
        1.2183492931011204,
        1.125,
        1.2686114456365274,
        1.2624381172952597,
        1.159202311936963,
        1.4252192813739224,
        1.2119199643540823,
        1.375,
        1.5360257159305635,
        1.489546910976623
    ],
    [
        1.71846588560844,
        0.9100137361600648,
        0.9354143466934853,
        0.9185586535436918,
        1.192424001771182,
        0.0,
        0.8569568250501305,
        0.8100925873009825,
        1.4252192813739224,
        1.125,
        1.2930100540985752,
        0.81967981553775,
        1.015504800579495,
        0.9270248108869579,
        1.0897247358851685,
        0.9185586535436918,
        1.14564392373896,
        0.960143218483576,
        1.192424001771182,
        0.8477912478906585,
        0.9921567416492215,
        1.3110110602126894,
        0.8660254037844386,
        1.243734296383275,
        1.0077822185373186,
        1.0231690964840563,
        0.9185586535436918,
        0.8926785535678563,
        1.159202311936963,
        1.0077822185373186,
        2.1102428770167667,
        0.8838834764831844,
        1.5206906325745548,
        1.4469796128487782,
        1.1792476415070754,
        1.0825317547305484,
        0.9682458365518543,
        0.875,
        0.875,
        1.1792476415070754,
        0.8838834764831844,
        1.015504800579495,
        0.8477912478906585,
        0.9682458365518543,
        0.9185586535436918,
        0.9270248108869579,
        1.3110110602126894,
        0.9013878188659973,
        1.4842927608797396,
        0.9519716382329886
    ],
    [
        1.2747548783981961,
        0.8926785535678563,
        0.8926785535678563,
        0.8926785535678563,
        1.2624381172952597,
        0.8569568250501305,
        0.0,
        0.673145600891813,
        1.479019945774904,
        1.192424001771182,
        1.1110243021644486,
        0.8569568250501305,
        1.118033988749895,
        0.8569568250501305,
        1.14564392373896,
        0.75,
        1.2119199643540823,
        0.8926785535678563,
        1.243734296383275,
        0.7603453162872774,
        1.0383279828647594,
        1.5,
        0.7905694150420949,
        1.334634781503914,
        1.0383279828647594,
        1.118033988749895,
        0.5994789404140899,
        0.8385254915624212,
        1.1524430571616109,
        0.9100137361600648,
        2.2741756748325317,
        0.9921567416492215,
        1.6630168369562588,
        1.571225636247067,
        0.9921567416492215,
        1.2119199643540823,
        0.9682458365518543,
        0.6123724356957945,
        0.7603453162872774,
        1.3228756555322954,
        0.6846531968814576,
        1.0307764064044151,
        0.7180703308172536,
        0.8477912478906585,
        0.8660254037844386,
        0.5863019699779287,
        1.3919410907075054,
        0.7288689868556626,
        1.4415703243338496,
        0.6123724356957945
    ],
    [
        1.286953767623375,
        0.8477912478906585,
        0.81967981553775,
        0.82915619758885,
        1.2930100540985752,
        0.8100925873009825,
        0.673145600891813,
        0.0,
        1.5512092057488571,
        1.231107225224513,
        1.0532687216470449,
        0.7806247497997998,
        1.103970108290981,
        0.8569568250501305,
        1.1726039399558574,
        0.7071067811865476,
        1.2808688457449497,
        0.82915619758885,
        1.340475661845451,
        0.7905694150420949,
        1.0231690964840563,
        1.4252192813739224,
        0.7905694150420949,
        1.2747548783981961,
        1.0,
        1.0968705484240153,
        0.6123724356957945,
        0.8385254915624212,
        1.1792476415070754,
        0.8838834764831844,
        2.2395591083961146,
        0.9921567416492215,
        1.7001838135919305,
        1.620185174601965,
        0.9354143466934853,
        1.1858541225631423,
        0.9270248108869579,
        0.649519052838329,
        0.739509972887452,
        1.2747548783981961,
        0.6373774391990981,
        1.103970108290981,
        0.739509972887452,
        0.8569568250501305,
        0.9013878188659973,
        0.649519052838329,
        1.4577379737113252,
        0.673145600891813,
        1.5,
        0.6373774391990981
    ],
    [
        3.0695072894521687,
        1.3806701271484076,
        1.3635890143294642,
        1.3919410907075054,
        1.340475661845451,
        1.4252192813739224,
        1.479019945774904,
        1.5512092057488571,
        0.0,
        1.3287682265918312,
        2.0615528128088303,
        1.403121520040228,
        1.3806701271484076,
        1.4523687548277813,
        1.505199322349037,
        1.479019945774904,
        1.3050383136138188,
        1.4842927608797396,
        1.2930100540985752,
        1.4737282653189494,
        1.357847561400027,
        1.4361406616345072,
        1.4252192813739224,
        1.352081728298996,
        1.3919410907075054,
        1.357847561400027,
        1.6393596310755,
        1.5512092057488571,
        1.299038105676658,
        1.3169567191065923,
        1.8285923547909742,
        1.286953767623375,
        1.352081728298996,
        1.3635890143294642,
        2.03100960115899,
        1.352081728298996,
        1.3228756555322954,
        1.6393596310755,
        1.4415703243338496,
        1.346291201783626,
        1.4252192813739224,
        1.3050383136138188,
        1.3919410907075054,
        1.4469796128487782,
        1.3806701271484076,
        1.6630168369562588,
        1.375,
        1.5,
        1.6909686573085854,
        1.7455300054711176
    ],
    [
        2.42706097986845,
        1.0968705484240153,
        1.1726039399558574,
        1.103970108290981,
        1.1989578808281798,
        1.125,
        1.192424001771182,
        1.231107225224513,
        1.3287682265918312,
        0.0,
        1.704772712123232,
        1.2183492931011204,
        1.1989578808281798,
        1.165922381636102,
        1.2686114456365274,
        1.2562344526401112,
        1.103970108290981,
        1.2686114456365274,
        1.224744871391589,
        1.2119199643540823,
        1.1726039399558574,
        1.403121520040228,
        1.2624381172952597,
        1.2624381172952597,
        1.224744871391589,
        1.1989578808281798,
        1.3806701271484076,
        1.2562344526401112,
        1.2624381172952597,
        1.25,
        1.9162137145944864,
        1.159202311936963,
        1.340475661845451,
        1.4252192813739224,
        1.653594569415369,
        1.2808688457449497,
        1.0968705484240153,
        1.340475661845451,
        1.224744871391589,
        1.2808688457449497,
        1.1524430571616109,
        1.103970108290981,
        1.1319231422671772,
        1.192424001771182,
        1.14564392373896,
        1.3806701271484076,
        1.3228756555322954,
        1.2747548783981961,
        1.5103807466993215,
        1.4197270864500684
    ],
    [
        0.25,
        1.3169567191065923,
        1.3693063937629153,
        1.3169567191065923,
        1.758905909933786,
        1.2930100540985752,
        1.1110243021644486,
        1.0532687216470449,
        2.0615528128088303,
        1.704772712123232,
        0.0,
        1.2054563451241194,
        1.5461646096066226,
        1.2562344526401112,
        1.6056540723331412,
        1.0968705484240153,
        1.6298006013006623,
        1.3975424859373686,
        1.79843682124227,
        1.2374368670764582,
        1.4737282653189494,
        1.920286436967152,
        1.2624381172952597,
        1.776583800443987,
        1.5612494995995996,
        1.6105123408406408,
        0.8003905296791061,
        1.243734296383275,
        1.6345871038277526,
        1.2119199643540823,
        2.9394940040762116,
        1.4086784586980805,
        2.2741756748325317,
        2.1937410968480306,
        0.25,
        1.6863421954040052,
        1.334634781503914,
        0.875,
        1.1792476415070754,
        1.6630168369562588,
        1.14564392373896,
        1.5461646096066226,
        1.3110110602126894,
        1.2119199643540823,
        1.3169567191065923,
        0.7288689868556626,
        2.042516829796024,
        0.82915619758885,
        1.8027756377319946,
        0.7071067811865476
    ],
    [
        1.75,
        0.9013878188659973,
        0.875,
        0.8660254037844386,
        1.165922381636102,
        0.81967981553775,
        0.8569568250501305,
        0.7806247497997998,
        1.403121520040228,
        1.2183492931011204,
        1.2054563451241194,
        0.0,
        0.9921567416492215,
        0.8926785535678563,
        1.0383279828647594,
        0.82915619758885,
        1.159202311936963,
        0.9354143466934853,
        1.1858541225631423,
        0.8003905296791061,
        0.9354143466934853,
        1.340475661845451,
        0.8100925873009825,
        1.2374368670764582,
        1.0,
        1.0,
        0.8660254037844386,
        0.9100137361600648,
        1.0825317547305484,
        0.9100137361600648,
        2.1578345627040085,
        0.9437293044088437,
        1.5155444566227676,
        1.4947825928876748,
        1.125,
        1.118033988749895,
        0.9270248108869579,
        0.7806247497997998,
        0.8477912478906585,
        1.1858541225631423,
        0.8003905296791061,
        1.0231690964840563,
        0.8926785535678563,
        0.9437293044088437,
        0.8926785535678563,
        0.8660254037844386,
        1.3287682265918312,
        0.875,
        1.4415703243338496,
        0.82915619758885
    ],
    [
        2.218529918662356,
        0.9842509842514764,
        0.9682458365518543,
        1.0606601717798212,
        1.1792476415070754,
        1.015504800579495,
        1.118033988749895,
        1.103970108290981,
        1.3806701271484076,
        1.1989578808281798,
        1.5461646096066226,
        0.9921567416492215,
        0.0,
        0.9921567416492215,
        1.1989578808281798,
        1.0825317547305484,
        1.1858541225631423,
        1.1792476415070754,
        1.159202311936963,
        1.0,
        1.0968705484240153,
        1.4142135623730951,
        1.1110243021644486,
        1.2808688457449497,
        1.0383279828647594,
        1.0897247358851685,
        1.165922381636102,
        1.1110243021644486,
        1.0606601717798212,
        1.1319231422671772,
        1.9724667297574374,
        1.0680004681646913,
        1.4523687548277813,
        1.3806701271484076,
        1.489546910976623,
        1.118033988749895,
        1.0231690964840563,
        1.1388041973930374,
        1.0077822185373186,
        1.1524430571616109,
        1.0383279828647594,
        1.0458250331675945,
        1.0458250331675945,
        1.0307764064044151,
        0.9354143466934853,
        1.1726039399558574,
        1.2747548783981961,
        1.125,
        1.4523687548277813,
        1.2119199643540823
    ],
    [
        1.71846588560844,
        0.875,
        0.875,
        0.8926785535678563,
        1.159202311936963,
        0.9270248108869579,
        0.8569568250501305,
        0.8569568250501305,
        1.4523687548277813,
        1.165922381636102,
        1.2562344526401112,
        0.8926785535678563,
        0.9921567416492215,
        0.0,
        1.1726039399558574,
        0.81967981553775,
        1.1524430571616109,
        1.0231690964840563,
        1.25,
        0.8100925873009825,
        0.9437293044088437,
        1.3110110602126894,
        0.8926785535678563,
        1.2747548783981961,
        1.0231690964840563,
        1.0307764064044151,
        0.9100137361600648,
        0.960143218483576,
        1.118033988749895,
        0.9270248108869579,
        2.1139418156609704,
        0.9185586535436918,
        1.541103500742244,
        1.4415703243338496,
        1.1726039399558574,
        1.192424001771182,
        0.9013878188659973,
        0.8477912478906585,
        0.8003905296791061,
        1.1858541225631423,
        0.8385254915624212,
        1.0077822185373186,
        0.960143218483576,
        0.875,
        0.8100925873009825,
        0.8660254037844386,
        1.25,
        0.8660254037844386,
        1.4306903927824497,
        0.8838834764831844
    ],
    [
        2.2430448056157952,
        1.2183492931011204,
        1.165922381636102,
        1.0680004681646913,
        1.2747548783981961,
        1.0897247358851685,
        1.14564392373896,
        1.1726039399558574,
        1.505199322349037,
        1.2686114456365274,
        1.6056540723331412,
        1.0383279828647594,
        1.1989578808281798,
        1.1726039399558574,
        0.0,
        1.2054563451241194,
        1.286953767623375,
        1.1792476415070754,
        1.3228756555322954,
        1.159202311936963,
        1.1792476415070754,
        1.3975424859373686,
        1.0383279828647594,
        1.3169567191065923,
        1.0752906583803283,
        1.159202311936963,
        1.340475661845451,
        1.3110110602126894,
        1.224744871391589,
        1.192424001771182,
        2.117634293262177,
        1.0968705484240153,
        1.590990257669732,
        1.5,
        1.541103500742244,
        1.346291201783626,
        1.125,
        1.1858541225631423,
        1.118033988749895,
        1.2374368670764582,
        1.0383279828647594,
        1.165922381636102,
        1.1319231422671772,
        1.224744871391589,
        1.1726039399558574,
        1.346291201783626,
        1.357847561400027,
        1.3228756555322954,
        1.541103500742244,
        1.299038105676658
    ],
    [
        1.4415703243338496,
        0.8660254037844386,
        0.8569568250501305,
        0.875,
        1.2808688457449497,
        0.9185586535436918,
        0.75,
        0.7071067811865476,
        1.479019945774904,
        1.2562344526401112,
        1.0968705484240153,
        0.82915619758885,
        1.0825317547305484,
        0.81967981553775,
        1.2054563451241194,
        0.0,
        1.1989578808281798,
        0.9519716382329886,
        1.3110110602126894,
        0.8385254915624212,
        1.0231690964840563,
        1.5360257159305635,
        0.8477912478906585,
        1.334634781503914,
        1.0307764064044151,
        1.1319231422671772,
        0.7180703308172536,
        0.8477912478906585,
        1.1524430571616109,
        0.8660254037844386,
        2.2946949688357274,
        0.8385254915624212,
        1.6723860200324565,
        1.58607219255619,
        1.0077822185373186,
        1.192424001771182,
        0.9013878188659973,
        0.649519052838329,
        0.673145600891813,
        1.2562344526401112,
        0.7071067811865476,
        1.1110243021644486,
        0.82915619758885,
        0.7905694150420949,
        0.875,
        0.6959705453537527,
        1.3975424859373686,
        0.7288689868556626,
        1.4947825928876748,
        0.6846531968814576
    ],
    [
        2.378287198805056,
        1.103970108290981,
        1.2054563451241194,
        1.1989578808281798,
        1.231107225224513,
        1.14564392373896,
        1.2119199643540823,
        1.2808688457449497,
        1.3050383136138188,
        1.103970108290981,
        1.6298006013006623,
        1.159202311936963,
        1.1858541225631423,
        1.1524430571616109,
        1.286953767623375,
        1.1989578808281798,
        0.0,
        1.1388041973930374,
        1.159202311936963,
        1.1524430571616109,
        1.0752906583803283,
        1.3228756555322954,
        1.1858541225631423,
        1.3169567191065923,
        1.159202311936963,
        1.1858541225631423,
        1.299038105676658,
        1.243734296383275,
        1.192424001771182,
        1.165922381636102,
        1.9324531042175384,
        1.0606601717798212,
        1.3806701271484076,
        1.4197270864500684,
        1.5811388300841898,
        1.165922381636102,
        1.14564392373896,
        1.299038105676658,
        1.159202311936963,
        1.1792476415070754,
        1.192424001771182,
        1.1726039399558574,
        1.165922381636102,
        1.0680004681646913,
        1.14564392373896,
        1.286953767623375,
        1.299038105676658,
        1.2562344526401112,
        1.5206906325745548,
        1.334634781503914
    ],
    [
        1.7230060940112777,
        0.9185586535436918,
        1.0,
        0.9842509842514764,
        1.2183492931011204,
        0.960143218483576,
        0.8926785535678563,
        0.82915619758885,
        1.4842927608797396,
        1.2686114456365274,
        1.3975424859373686,
        0.9354143466934853,
        1.1792476415070754,
        1.0231690964840563,
        1.1792476415070754,
        0.9519716382329886,
        1.1388041973930374,
        0.0,
        1.2374368670764582,
        0.8477912478906585,
        1.015504800579495,
        1.4684175155588413,
        0.9185586535436918,
        1.243734296383275,
        1.1110243021644486,
        1.2119199643540823,
        0.9921567416492215,
        0.81967981553775,
        1.159202311936963,
        0.9519716382329886,
        2.222048604328897,
        1.0,
        1.6007810593582121,
        1.6345871038277526,
        1.3050383136138188,
        1.2747548783981961,
        1.0532687216470449,
        0.9842509842514764,
        0.8838834764831844,
        1.3050383136138188,
        0.9185586535436918,
        1.0752906583803283,
        0.9842509842514764,
        0.9921567416492215,
        1.015504800579495,
        0.9842509842514764,
        1.357847561400027,
        0.8660254037844386,
        1.5562374497485916,
        0.9437293044088437
    ],
    [
        2.5890393971509975,
        1.192424001771182,
        1.192424001771182,
        1.2562344526401112,
        1.2183492931011204,
        1.192424001771182,
        1.243734296383275,
        1.340475661845451,
        1.2930100540985752,
        1.224744871391589,
        1.79843682124227,
        1.1858541225631423,
        1.159202311936963,
        1.25,
        1.3228756555322954,
        1.3110110602126894,
        1.159202311936963,
        1.2374368670764582,
        0.0,
        1.165922381636102,
        1.1792476415070754,
        1.4086784586980805,
        1.2624381172952597,
        1.2686114456365274,
        1.1989578808281798,
        1.1726039399558574,
        1.4577379737113252,
        1.3050383136138188,
        1.14564392373896,
        1.231107225224513,
        1.8957188610128877,
        1.0897247358851685,
        1.3919410907075054,
        1.340475661845451,
        1.7544586059522749,
        1.1792476415070754,
        1.1792476415070754,
        1.3635890143294642,
        1.243734296383275,
        1.2747548783981961,
        1.2808688457449497,
        1.165922381636102,
        1.2054563451241194,
        1.2562344526401112,
        1.192424001771182,
        1.4361406616345072,
        1.25,
        1.3287682265918312,
        1.5811388300841898,
        1.5
    ],
    [
        1.71846588560844,
        0.8660254037844386,
        0.8569568250501305,
        0.8838834764831844,
        1.1726039399558574,
        0.8477912478906585,
        0.7603453162872774,
        0.7905694150420949,
        1.4737282653189494,
        1.2119199643540823,
        1.2374368670764582,
        0.8003905296791061,
        1.0,
        0.8100925873009825,
        1.159202311936963,
        0.8385254915624212,
        1.1524430571616109,
        0.8477912478906585,
        1.165922381636102,
        0.0,
        0.9842509842514764,
        1.2562344526401112,
        0.82915619758885,
        1.2374368670764582,
        1.0307764064044151,
        1.0458250331675945,
        0.8660254037844386,
        0.9013878188659973,
        1.125,
        0.9519716382329886,
        2.1323402636539974,
        0.9519716382329886,
        1.5309310892394863,
        1.4577379737113252,
        1.1524430571616109,
        1.1792476415070754,
        0.9682458365518543,
        0.7905694150420949,
        0.8100925873009825,
        1.224744871391589,
        0.8100925873009825,
        0.9762812094883317,
        0.8838834764831844,
        0.8926785535678563,
        0.9437293044088437,
        0.82915619758885,
        1.2374368670764582,
        0.8477912478906585,
        1.4142135623730951,
        0.8477912478906585
    ],
    [
        2.218529918662356,
        1.0383279828647594,
        0.9519716382329886,
        0.9921567416492215,
        1.159202311936963,
        0.9921567416492215,
        1.0383279828647594,
        1.0231690964840563,
        1.357847561400027,
        1.1726039399558574,
        1.4737282653189494,
        0.9354143466934853,
        1.0968705484240153,
        0.9437293044088437,
        1.1792476415070754,
        1.0231690964840563,
        1.0752906583803283,
        1.015504800579495,
        1.1792476415070754,
        0.9842509842514764,
        0.0,
        1.346291201783626,
        0.9921567416492215,
        1.165922381636102,
        0.9762812094883317,
        1.0680004681646913,
        1.125,
        1.125,
        1.0606601717798212,
        1.0307764064044151,
        2.050152433357091,
        0.9762812094883317,
        1.3806701271484076,
        1.299038105676658,
        1.4142135623730951,
        1.103970108290981,
        0.9921567416492215,
        1.118033988749895,
        1.015504800579495,
        1.159202311936963,
        0.9762812094883317,
        1.0383279828647594,
        1.015504800579495,
        1.0,
        0.9354143466934853,
        1.1110243021644486,
        1.2624381172952597,
        1.0968705484240153,
        1.4415703243338496,
        1.14564392373896
    ],
    [
        2.7613402542968153,
        1.403121520040228,
        1.352081728298996,
        1.4415703243338496,
        1.3975424859373686,
        1.3110110602126894,
        1.5,
        1.4252192813739224,
        1.4361406616345072,
        1.403121520040228,
        1.920286436967152,
        1.340475661845451,
        1.4142135623730951,
        1.3110110602126894,
        1.3975424859373686,
        1.5360257159305635,
        1.3228756555322954,
        1.4684175155588413,
        1.4086784586980805,
        1.2562344526401112,
        1.346291201783626,
        0.0,
        1.3806701271484076,
        1.125,
        1.357847561400027,
        1.1792476415070754,
        1.5562374497485916,
        1.5512092057488571,
        1.3693063937629153,
        1.3919410907075054,
        1.6909686573085854,
        1.3228756555322954,
        1.4737282653189494,
        1.4630874888399532,
        1.899835519196333,
        1.334634781503914,
        1.334634781503914,
        1.571225636247067,
        1.4684175155588413,
        1.1524430571616109,
        1.3228756555322954,
        1.3287682265918312,
        1.4086784586980805,
        1.3287682265918312,
        1.334634781503914,
        1.5309310892394863,
        1.5512092057488571,
        1.489546910976623,
        1.2808688457449497,
        1.6630168369562588
    ],
    [
        1.7230060940112777,
        0.8926785535678563,
        0.9842509842514764,
        0.960143218483576,
        1.2624381172952597,
        0.8660254037844386,
        0.7905694150420949,
        0.7905694150420949,
        1.4252192813739224,
        1.2624381172952597,
        1.2624381172952597,
        0.8100925873009825,
        1.1110243021644486,
        0.8926785535678563,
        1.0383279828647594,
        0.8477912478906585,
        1.1858541225631423,
        0.9185586535436918,
        1.2624381172952597,
        0.82915619758885,
        0.9921567416492215,
        1.3806701271484076,
        0.0,
        1.243734296383275,
        0.9921567416492215,
        1.165922381636102,
        0.9013878188659973,
        0.9682458365518543,
        1.1858541225631423,
        0.9013878188659973,
        2.084166500066633,
        0.9842509842514764,
        1.505199322349037,
        1.4577379737113252,
        1.165922381636102,
        1.2054563451241194,
        0.960143218483576,
        0.8660254037844386,
        0.8003905296791061,
        1.224744871391589,
        0.8385254915624212,
        1.0307764064044151,
        0.8385254915624212,
        0.960143218483576,
        0.8926785535678563,
        0.8385254915624212,
        1.299038105676658,
        0.8838834764831844,
        1.5,
        0.8926785535678563
    ],
    [
        2.5678298230217673,
        1.3110110602126894,
        1.2119199643540823,
        1.3110110602126894,
        1.2562344526401112,
        1.243734296383275,
        1.334634781503914,
        1.2747548783981961,
        1.352081728298996,
        1.2624381172952597,
        1.776583800443987,
        1.2374368670764582,
        1.2808688457449497,
        1.2747548783981961,
        1.3169567191065923,
        1.334634781503914,
        1.3169567191065923,
        1.243734296383275,
        1.2686114456365274,
        1.2374368670764582,
        1.165922381636102,
        1.125,
        1.243734296383275,
        0.0,
        1.243734296383275,
        1.224744871391589,
        1.4523687548277813,
        1.3635890143294642,
        1.1858541225631423,
        1.3693063937629153,
        1.704772712123232,
        1.192424001771182,
        1.4252192813739224,
        1.4142135623730951,
        1.741048534648015,
        1.2930100540985752,
        1.192424001771182,
        1.4415703243338496,
        1.3050383136138188,
        1.103970108290981,
        1.2930100540985752,
        1.224744871391589,
        1.3050383136138188,
        1.2930100540985752,
        1.25,
        1.4197270864500684,
        1.357847561400027,
        1.3806701271484076,
        1.25,
        1.5206906325745548
    ],
    [
        2.1972994789058684,
        1.0680004681646913,
        1.0077822185373186,
        1.0383279828647594,
        1.1858541225631423,
        1.0077822185373186,
        1.0383279828647594,
        1.0,
        1.3919410907075054,
        1.224744871391589,
        1.5612494995995996,
        1.0,
        1.0383279828647594,
        1.0231690964840563,
        1.0752906583803283,
        1.0307764064044151,
        1.159202311936963,
        1.1110243021644486,
        1.1989578808281798,
        1.0307764064044151,
        0.9762812094883317,
        1.357847561400027,
        0.9921567416492215,
        1.243734296383275,
        0.0,
        1.0752906583803283,
        1.231107225224513,
        1.125,
        1.0897247358851685,
        1.0383279828647594,
        2.023301757029831,
        0.9921567416492215,
        1.4947825928876748,
        1.4252192813739224,
        1.505199322349037,
        1.1524430571616109,
        1.0383279828647594,
        1.0606601717798212,
        1.0,
        1.1524430571616109,
        1.0307764064044151,
        1.0897247358851685,
        1.0077822185373186,
        1.0307764064044151,
        1.0532687216470449,
        1.2183492931011204,
        1.243734296383275,
        1.2054563451241194,
        1.489546910976623,
        1.103970108290981
    ],
    [
        2.311655251113366,
        1.0307764064044151,
        1.0,
        1.0606601717798212,
        1.1858541225631423,
        1.0231690964840563,
        1.118033988749895,
        1.0968705484240153,
        1.357847561400027,
        1.1989578808281798,
        1.6105123408406408,
        1.0,
        1.0897247358851685,
        1.0307764064044151,
        1.159202311936963,
        1.1319231422671772,
        1.1858541225631423,
        1.2119199643540823,
        1.1726039399558574,
        1.0458250331675945,
        1.0680004681646913,
        1.1792476415070754,
        1.165922381636102,
        1.224744871391589,
        1.0752906583803283,
        0.0,
        1.2747548783981961,
        1.1726039399558574,
        1.1319231422671772,
        1.0606601717798212,
        1.964529205687714,
        1.0307764064044151,
        1.4252192813739224,
        1.346291201783626,
        1.5360257159305635,
        1.1524430571616109,
        1.0307764064044151,
        1.1524430571616109,
        1.0383279828647594,
        1.2562344526401112,
        1.0383279828647594,
        1.1726039399558574,
        1.1319231422671772,
        1.0968705484240153,
        1.0458250331675945,
        1.3050383136138188,
        1.3110110602126894,
        1.3110110602126894,
        1.489546910976623,
        1.2183492931011204
    ],
    [
        1.0825317547305484,
        0.960143218483576,
        0.9270248108869579,
        0.9270248108869579,
        1.4306903927824497,
        0.9185586535436918,
        0.5994789404140899,
        0.6123724356957945,
        1.6393596310755,
        1.3806701271484076,
        0.8003905296791061,
        0.8660254037844386,
        1.165922381636102,
        0.9100137361600648,
        1.340475661845451,
        0.7180703308172536,
        1.299038105676658,
        0.9921567416492215,
        1.4577379737113252,
        0.8660254037844386,
        1.125,
        1.5562374497485916,
        0.9013878188659973,
        1.4523687548277813,
        1.231107225224513,
        1.2747548783981961,
        0.0,
        0.7905694150420949,
        1.352081728298996,
        0.8926785535678563,
        2.341874249399399,
        1.0383279828647594,
        1.8285923547909742,
        1.7365554986812255,
        0.7071067811865476,
        1.357847561400027,
        1.0307764064044151,
        0.5303300858899106,
        0.7806247497997998,
        1.3693063937629153,
        0.6846531968814576,
        1.1989578808281798,
        0.8926785535678563,
        0.8569568250501305,
        0.9354143466934853,
        0.375,
        1.5512092057488571,
        0.4841229182759271,
        1.5360257159305635,
        0.46770717334674267
    ],
    [
        1.571225636247067,
        0.9100137361600648,
        0.960143218483576,
        0.9437293044088437,
        1.4086784586980805,
        0.8926785535678563,
        0.8385254915624212,
        0.8385254915624212,
        1.5512092057488571,
        1.2562344526401112,
        1.243734296383275,
        0.9100137361600648,
        1.1110243021644486,
        0.960143218483576,
        1.3110110602126894,
        0.8477912478906585,
        1.243734296383275,
        0.81967981553775,
        1.3050383136138188,
        0.9013878188659973,
        1.125,
        1.5512092057488571,
        0.9682458365518543,
        1.3635890143294642,
        1.125,
        1.1726039399558574,
        0.7905694150420949,
        0.0,
        1.1858541225631423,
        1.015504800579495,
        2.2569337606584736,
        1.0825317547305484,
        1.648863244784115,
        1.695582495781317,
        1.165922381636102,
        1.2686114456365274,
        1.0307764064044151,
        0.8003905296791061,
        0.7603453162872774,
        1.357847561400027,
        0.8569568250501305,
        1.1388041973930374,
        0.9354143466934853,
        0.9519716382329886,
        1.0231690964840563,
        0.8569568250501305,
        1.4361406616345072,
        0.6959705453537527,
        1.5103807466993215,
        0.8569568250501305
    ],
    [
        2.5,
        1.1110243021644486,
        0.9842509842514764,
        1.1319231422671772,
        1.1524430571616109,
        1.159202311936963,
        1.1524430571616109,
        1.1792476415070754,
        1.299038105676658,
        1.2624381172952597,
        1.6345871038277526,
        1.0825317547305484,
        1.0606601717798212,
        1.118033988749895,
        1.224744871391589,
        1.1524430571616109,
        1.192424001771182,
        1.159202311936963,
        1.14564392373896,
        1.125,
        1.0606601717798212,
        1.3693063937629153,
        1.1858541225631423,
        1.1858541225631423,
        1.0897247358851685,
        1.1319231422671772,
        1.352081728298996,
        1.1858541225631423,
        0.0,
        1.1792476415070754,
        1.9162137145944864,
        1.0383279828647594,
        1.3863170633011772,
        1.2930100540985752,
        1.590990257669732,
        1.125,
        1.0231690964840563,
        1.224744871391589,
        1.0752906583803283,
        1.2119199643540823,
        1.159202311936963,
        1.159202311936963,
        1.1792476415070754,
        1.1858541225631423,
        1.118033988749895,
        1.3228756555322954,
        1.2624381172952597,
        1.192424001771182,
        1.5,
        1.375
    ],
    [
        1.80710403685012,
        0.9270248108869579,
        0.9270248108869579,
        0.9762812094883317,
        1.2808688457449497,
        1.0077822185373186,
        0.9100137361600648,
        0.8838834764831844,
        1.3169567191065923,
        1.25,
        1.2119199643540823,
        0.9100137361600648,
        1.1319231422671772,
        0.9270248108869579,
        1.192424001771182,
        0.8660254037844386,
        1.165922381636102,
        0.9519716382329886,
        1.231107225224513,
        0.9519716382329886,
        1.0307764064044151,
        1.3919410907075054,
        0.9013878188659973,
        1.3693063937629153,
        1.0383279828647594,
        1.0606601717798212,
        0.8926785535678563,
        1.015504800579495,
        1.1792476415070754,
        0.0,
        2.1102428770167667,
        0.8477912478906585,
        1.5662455107677085,
        1.5461646096066226,
        1.118033988749895,
