[
    [
        0.0,
        1.077512488681828,
        0.4203072248549936,
        0.576981943621554,
        0.773649250801231,
        0.8225923433057872,
        0.401289375968647,
        0.6650437303405741,
        0.9626308551388253,
        0.8865851133790292,
        0.9462600928208408,
        0.6993984295559336,
        0.6993984295559336,
        0.590366973386305,
        0.9296010774871692,
        0.7427369408244794,
        1.1728758481195019,
        0.9126380242271884,
        0.9544805724923405,
        0.7321428571428572,
        0.676689118624872,
        0.7427369408244794,
        0.7321428571428572,
        0.6531907556489958,
        0.48903799777246976,
        0.8130394598451579,
        0.6288148879163932,
        0.7935887872603204,
        0.4559694762429895,
        0.676689118624872,
        0.5348206832811406,
        0.5200078492343227,
        0.6881374595713462,
        0.6036606489894152,
        0.6162654973834785,
        0.8130394598451579,
        0.6531907556489958,
        0.6650437303405741,
        0.6881374595713462,
        0.9546104855585454,
        0.6650437303405741,
        0.7836824377675604,
        0.750212554914286,
        0.7427369408244794,
        0.8777289805317505,
        0.6288148879163932,
        0.8413727849564104,
        0.9924780879707323,
        0.7935887872603204,
        0.4385010413503099
    ],
    [
        1.077512488681828,
        0.0,
        0.8660254037844386,
        0.6846531968814576,
        0.5303300858899106,
        0.6123724356957945,
        0.8385254915624212,
        0.6614378277661477,
        0.6123724356957945,
        0.6373774391990981,
        0.673145600891813,
        0.6123724356957945,
        0.5448623679425842,
        0.6959705453537527,
        0.414578098794425,
        0.5994789404140899,
        0.6614378277661477,
        0.6373774391990981,
        0.6640840707781089,
        0.6123724356957945,
        0.649519052838329,
        0.6614378277661477,
        0.6846531968814576,
        0.6959705453537527,
        0.7806247497997998,
        0.6373774391990981,
        0.7806247497997998,
        0.6614378277661477,
        0.9682458365518543,
        0.673145600891813,
        0.7071067811865476,
        0.8385254915624212,
        0.625,
        0.8014743359029727,
        0.7806247497997998,
        0.5448623679425842,
        0.6846531968814576,
        0.625,
        0.649519052838329,
        0.6137883276106765,
        0.739509972887452,
        0.6123724356957945,
        0.5863019699779287,
        0.5590169943749475,
        0.5590169943749475,
        0.6123724356957945,
        0.5994789404140899,
        0.5,
        0.5994789404140899,
        0.7905694150420949
    ],
    [
        0.4203072248549936,
        0.8660254037844386,
        0.0,
        0.33071891388307384,
        0.5994789404140899,
        0.5448623679425842,
        0.21650635094610965,
        0.375,
        0.7180703308172536,
        0.6373774391990981,
        0.673145600891813,
        0.46770717334674267,
        0.5303300858899106,
        0.3535533905932738,
        0.6614378277661477,
        0.5153882032022076,
        0.9762812094883317,
        0.6123724356957945,
        0.6872100501747807,
        0.45069390943299864,
        0.5303300858899106,
        0.57282196186948,
        0.375,
        0.3535533905932738,
        0.25,
        0.5590169943749475,
        0.25,
        0.4841229182759271,
        0.21650635094610965,
        0.46770717334674267,
        0.30618621784789724,
        0.125,
        0.45069390943299864,
        0.452615853800009,
        0.46770717334674267,
        0.6614378277661477,
        0.3535533905932738,
        0.414578098794425,
        0.5448623679425842,
        0.8488145328109735,
        0.4841229182759271,
        0.5994789404140899,
        0.4841229182759271,
        0.5,
        0.7180703308172536,
        0.46770717334674267,
        0.6959705453537527,
        0.8100925873009825,
        0.57282196186948,
        0.33071891388307384
    ],
    [
        0.576981943621554,
        0.6846531968814576,
        0.33071891388307384,
        0.0,
        0.5,
        0.414578098794425,
        0.3535533905932738,
        0.1767766952966369,
        0.57282196186948,
        0.45069390943299864,
        0.5863019699779287,
        0.30618621784789724,
        0.414578098794425,
        0.2795084971874737,
        0.5448623679425842,
        0.33071891388307384,
        0.8838834764831844,
        0.5153882032022076,
        0.5892857142857143,
        0.30618621784789724,
        0.414578098794425,
        0.46770717334674267,
        0.25,
        0.125,
        0.2795084971874737,
        0.39528470752104744,
        0.2795084971874737,
        0.3535533905932738,
        0.39528470752104744,
        0.33071891388307384,
        0.125,
        0.30618621784789724,
        0.30618621784789724,
        0.35600015605489715,
        0.4841229182759271,
        0.5,
        0.21650635094610965,
        0.25,
        0.39528470752104744,
        0.6859199013814303,
        0.39528470752104744,
        0.5303300858899106,
        0.3535533905932738,
        0.3535533905932738,
        0.57282196186948,
        0.33071891388307384,
        0.5994789404140899,
        0.6614378277661477,
        0.46770717334674267,
        0.39528470752104744
    ],
    [
        0.773649250801231,
        0.5303300858899106,
        0.5994789404140899,
        0.5,
        0.0,
        0.3535533905932738,
        0.57282196186948,
        0.4330127018922193,
        0.4841229182759271,
        0.4841229182759271,
        0.5590169943749475,
        0.414578098794425,
        0.33071891388307384,
        0.4841229182759271,
        0.414578098794425,
        0.4330127018922193,
        0.739509972887452,
        0.46770717334674267,
        0.5758755534498964,
        0.46770717334674267,
        0.414578098794425,
        0.46770717334674267,
        0.46770717334674267,
        0.46770717334674267,
        0.5448623679425842,
        0.4841229182759271,
        0.5303300858899106,
        0.4841229182759271,
        0.673145600891813,
        0.45069390943299864,
        0.5153882032022076,
        0.5863019699779287,
        0.4841229182759271,
        0.6137883276106765,
        0.625,
        0.4330127018922193,
        0.46770717334674267,
        0.4330127018922193,
        0.39528470752104744,
        0.5877806658194119,
        0.46770717334674267,
        0.4330127018922193,
        0.414578098794425,
        0.3535533905932738,
        0.5153882032022076,
        0.39528470752104744,
        0.5303300858899106,
        0.5,
        0.46770717334674267,
        0.5448623679425842
    ],
    [
        0.8225923433057872,
        0.6123724356957945,
        0.5448623679425842,
        0.414578098794425,
        0.3535533905932738,
        0.0,
        0.5,
        0.39528470752104744,
        0.5153882032022076,
        0.39528470752104744,
        0.57282196186948,
        0.375,
        0.33071891388307384,
        0.45069390943299864,
        0.4841229182759271,
        0.414578098794425,
        0.7603453162872774,
        0.46770717334674267,
        0.5480717590436717,
        0.39528470752104744,
        0.33071891388307384,
        0.3535533905932738,
        0.4330127018922193,
        0.3535533905932738,
        0.46770717334674267,
        0.46770717334674267,
        0.4330127018922193,
        0.414578098794425,
        0.649519052838329,
        0.4330127018922193,
        0.4330127018922193,
        0.5153882032022076,
        0.3535533905932738,
        0.5464532103585001,
        0.649519052838329,
        0.39528470752104744,
        0.414578098794425,
        0.33071891388307384,
        0.414578098794425,
        0.6508541396588879,
        0.46770717334674267,
        0.5,
        0.3535533905932738,
        0.30618621784789724,
        0.5448623679425842,
        0.2795084971874737,
        0.4330127018922193,
        0.5994789404140899,
        0.414578098794425,
        0.46770717334674267
    ],
    [
        0.401289375968647,
        0.8385254915624212,
        0.21650635094610965,
        0.3535533905932738,
        0.57282196186948,
        0.5,
        0.0,
        0.39528470752104744,
        0.6846531968814576,
        0.6123724356957945,
        0.6846531968814576,
        0.4330127018922193,
        0.5,
        0.375,
        0.6614378277661477,
        0.4841229182759271,
        0.9519716382329886,
        0.5994789404140899,
        0.698485971985998,
        0.414578098794425,
        0.4841229182759271,
        0.5153882032022076,
        0.39528470752104744,
        0.375,
        0.1767766952966369,
        0.5153882032022076,
        0.2795084971874737,
        0.4841229182759271,
        0.30618621784789724,
        0.4330127018922193,
        0.33071891388307384,
        0.1767766952966369,
        0.45069390943299864,
        0.46955948623269356,
        0.5,
        0.6123724356957945,
        0.33071891388307384,
        0.4330127018922193,
        0.46770717334674267,
        0.8111634305804911,
        0.4330127018922193,
        0.5590169943749475,
        0.5,
        0.5,
        0.673145600891813,
        0.4330127018922193,
        0.6614378277661477,
        0.7905694150420949,
        0.5863019699779287,
        0.25
    ],
    [
        0.6650437303405741,
        0.6614378277661477,
        0.375,
        0.1767766952966369,
        0.4330127018922193,
        0.39528470752104744,
        0.39528470752104744,
        0.0,
        0.5153882032022076,
        0.46770717334674267,
        0.5994789404140899,
        0.30618621784789724,
        0.414578098794425,
        0.2795084971874737,
        0.5153882032022076,
        0.30618621784789724,
        0.8003905296791061,
        0.4841229182759271,
        0.5621455799534711,
        0.33071891388307384,
        0.414578098794425,
        0.4330127018922193,
        0.1767766952966369,
        0.21650635094610965,
        0.33071891388307384,
        0.375,
        0.30618621784789724,
        0.3535533905932738,
        0.46770717334674267,
        0.30618621784789724,
        0.21650635094610965,
        0.3535533905932738,
        0.3535533905932738,
        0.4350127712046063,
        0.46770717334674267,
        0.46770717334674267,
        0.2795084971874737,
        0.30618621784789724,
        0.39528470752104744,
        0.6972166887783964,
        0.30618621784789724,
        0.5448623679425842,
        0.33071891388307384,
        0.30618621784789724,
        0.5448623679425842,
        0.33071891388307384,
        0.5153882032022076,
        0.625,
        0.3535533905932738,
        0.4330127018922193
    ],
    [
        0.9626308551388253,
        0.6123724356957945,
        0.7180703308172536,
        0.57282196186948,
        0.4841229182759271,
        0.5153882032022076,
        0.6846531968814576,
        0.5153882032022076,
        0.0,
        0.45069390943299864,
        0.5448623679425842,
        0.5153882032022076,
        0.4330127018922193,
        0.5303300858899106,
        0.5863019699779287,
        0.5,
        0.6846531968814576,
        0.57282196186948,
        0.5336268856244262,
        0.5590169943749475,
        0.5590169943749475,
        0.625,
        0.5590169943749475,
        0.5590169943749475,
        0.6373774391990981,
        0.4841229182759271,
        0.6373774391990981,
        0.46770717334674267,
        0.8477912478906585,
        0.4841229182759271,
        0.5863019699779287,
        0.6846531968814576,
        0.4841229182759271,
        0.6744339190099436,
        0.5863019699779287,
        0.5303300858899106,
        0.4841229182759271,
        0.5153882032022076,
        0.5,
        0.6972166887783964,
        0.5303300858899106,
        0.5590169943749475,
        0.5,
        0.46770717334674267,
        0.57282196186948,
        0.5153882032022076,
        0.5153882032022076,
        0.6123724356957945,
        0.45069390943299864,
        0.6123724356957945
    ],
    [
        0.8865851133790292,
        0.6373774391990981,
        0.6373774391990981,
        0.45069390943299864,
        0.4841229182759271,
        0.39528470752104744,
        0.6123724356957945,
        0.46770717334674267,
        0.45069390943299864,
        0.0,
        0.5153882032022076,
        0.414578098794425,
        0.4330127018922193,
        0.5303300858899106,
        0.4841229182759271,
        0.414578098794425,
        0.7288689868556626,
        0.5303300858899106,
        0.48773215299098793,
        0.5448623679425842,
        0.5153882032022076,
        0.5590169943749475,
        0.5,
        0.46770717334674267,
        0.5590169943749475,
        0.46770717334674267,
        0.5448623679425842,
        0.5,
        0.75,
        0.414578098794425,
        0.46770717334674267,
        0.5994789404140899,
        0.30618621784789724,
        0.5743353646704259,
        0.57282196186948,
        0.4330127018922193,
        0.46770717334674267,
        0.375,
        0.5,
        0.6387379048648288,
        0.5303300858899106,
        0.46770717334674267,
        0.39528470752104744,
        0.39528470752104744,
        0.5,
        0.45069390943299864,
        0.46770717334674267,
        0.625,
        0.414578098794425,
        0.5994789404140899
    ],
    [
        0.9462600928208408,
        0.673145600891813,
        0.673145600891813,
        0.5863019699779287,
        0.5590169943749475,
        0.57282196186948,
        0.6846531968814576,
        0.5994789404140899,
        0.5448623679425842,
        0.5153882032022076,
        0.0,
        0.5,
        0.5153882032022076,
        0.625,
        0.6123724356957945,
        0.5448623679425842,
        0.75,
        0.5153882032022076,
        0.5892857142857143,
        0.625,
        0.5863019699779287,
        0.5863019699779287,
        0.5863019699779287,
        0.5863019699779287,
        0.649519052838329,
        0.5994789404140899,
        0.625,
        0.5448623679425842,
        0.8385254915624212,
        0.5590169943749475,
        0.5994789404140899,
        0.6614378277661477,
        0.5303300858899106,
        0.6859199013814303,
        0.6373774391990981,
        0.5590169943749475,
        0.5994789404140899,
        0.5303300858899106,
        0.5994789404140899,
        0.6627489050244528,
        0.649519052838329,
        0.5448623679425842,
        0.5,
        0.5590169943749475,
        0.5,
        0.5303300858899106,
        0.625,
        0.5994789404140899,
        0.5448623679425842,
        0.6614378277661477
    ],
    [
        0.6993984295559336,
        0.6123724356957945,
        0.46770717334674267,
        0.30618621784789724,
        0.414578098794425,
        0.375,
        0.4330127018922193,
        0.30618621784789724,
        0.5153882032022076,
        0.414578098794425,
        0.5,
        0.0,
        0.33071891388307384,
        0.39528470752104744,
        0.5448623679425842,
        0.375,
        0.7905694150420949,
        0.4330127018922193,
        0.5480717590436717,
        0.375,
        0.33071891388307384,
        0.414578098794425,
        0.375,
        0.33071891388307384,
        0.39528470752104744,
        0.414578098794425,
        0.414578098794425,
        0.375,
        0.5448623679425842,
        0.2795084971874737,
        0.33071891388307384,
        0.4330127018922193,
        0.33071891388307384,
        0.46955948623269356,
        0.57282196186948,
        0.45069390943299864,
        0.33071891388307384,
        0.1767766952966369,
        0.30618621784789724,
        0.6263873490988712,
        0.39528470752104744,
        0.375,
        0.3535533905932738,
        0.33071891388307384,
        0.5,
        0.25,
        0.5448623679425842,
        0.5863019699779287,
        0.39528470752104744,
        0.414578098794425
    ],
    [
        0.6993984295559336,
        0.5448623679425842,
        0.5303300858899106,
        0.414578098794425,
        0.33071891388307384,
        0.33071891388307384,
        0.5,
        0.414578098794425,
        0.4330127018922193,
        0.4330127018922193,
        0.5153882032022076,
        0.33071891388307384,
        0.0,
        0.4330127018922193,
        0.46770717334674267,
        0.39528470752104744,
        0.7180703308172536,
        0.45069390943299864,
        0.5758755534498964,
        0.375,
        0.30618621784789724,
        0.375,
        0.45069390943299864,
        0.39528470752104744,
        0.46770717334674267,
        0.414578098794425,
        0.4841229182759271,
        0.414578098794425,
        0.625,
        0.4330127018922193,
        0.4330127018922193,
        0.5153882032022076,
        0.375,
        0.5464532103585001,
        0.57282196186948,
        0.4330127018922193,
        0.414578098794425,
        0.33071891388307384,
        0.3535533905932738,
        0.5743353646704259,
        0.46770717334674267,
        0.39528470752104744,
        0.375,
        0.3535533905932738,
        0.4841229182759271,
        0.25,
        0.45069390943299864,
        0.5153882032022076,
        0.414578098794425,
        0.4841229182759271
    ],
    [
        0.590366973386305,
        0.6959705453537527,
        0.3535533905932738,
        0.2795084971874737,
        0.4841229182759271,
        0.45069390943299864,
        0.375,
        0.2795084971874737,
        0.5303300858899106,
        0.5303300858899106,
        0.625,
        0.39528470752104744,
        0.4330127018922193,
        0.0,
        0.57282196186948,
        0.3535533905932738,
        0.82915619758885,
        0.5153882032022076,
        0.5758755534498964,
        0.33071891388307384,
        0.4330127018922193,
        0.4841229182759271,
        0.2795084971874737,
        0.33071891388307384,
        0.30618621784789724,
        0.39528470752104744,
        0.25,
        0.375,
        0.4330127018922193,
        0.4330127018922193,
        0.25,
        0.33071891388307384,
        0.414578098794425,
        0.452615853800009,
        0.414578098794425,
        0.5153882032022076,
        0.2795084971874737,
        0.375,
        0.45069390943299864,
        0.7300589778306347,
        0.39528470752104744,
        0.57282196186948,
        0.414578098794425,
        0.375,
        0.5590169943749475,
        0.39528470752104744,
        0.57282196186948,
        0.6614378277661477,
        0.45069390943299864,
        0.4330127018922193
    ],
    [
        0.9296010774871692,
        0.414578098794425,
        0.6614378277661477,
        0.5448623679425842,
        0.414578098794425,
        0.4841229182759271,
        0.6614378277661477,
        0.5153882032022076,
        0.5863019699779287,
        0.4841229182759271,
        0.6123724356957945,
        0.5448623679425842,
        0.46770717334674267,
        0.57282196186948,
        0.0,
        0.4841229182759271,
        0.7071067811865476,
        0.5303300858899106,
        0.5758755534498964,
        0.57282196186948,
        0.5863019699779287,
        0.57282196186948,
        0.5303300858899106,
        0.5590169943749475,
        0.6123724356957945,
        0.5590169943749475,
        0.5994789404140899,
        0.57282196186948,
        0.7806247497997998,
        0.5303300858899106,
        0.5590169943749475,
        0.6373774391990981,
        0.5,
        0.6508541396588879,
        0.6614378277661477,
        0.4841229182759271,
        0.5590169943749475,
        0.4841229182759271,
        0.57282196186948,
        0.5464532103585001,
        0.5994789404140899,
        0.6123724356957945,
        0.4841229182759271,
        0.45069390943299864,
        0.5303300858899106,
        0.5303300858899106,
        0.5590169943749475,
        0.5153882032022076,
        0.45069390943299864,
        0.6846531968814576
    ],
    [
        0.7427369408244794,
        0.5994789404140899,
        0.5153882032022076,
        0.33071891388307384,
        0.4330127018922193,
        0.414578098794425,
        0.4841229182759271,
        0.30618621784789724,
        0.5,
        0.414578098794425,
        0.5448623679425842,
        0.375,
        0.39528470752104744,
        0.3535533905932738,
        0.4841229182759271,
        0.0,
        0.7288689868556626,
        0.46770717334674267,
        0.5187799659404982,
        0.33071891388307384,
        0.46770717334674267,
        0.4330127018922193,
        0.3535533905932738,
        0.3535533905932738,
        0.4330127018922193,
        0.414578098794425,
        0.4330127018922193,
        0.4330127018922193,
        0.6373774391990981,
        0.39528470752104744,
        0.3535533905932738,
        0.46770717334674267,
        0.33071891388307384,
        0.4859126579037751,
        0.5,
        0.45069390943299864,
        0.375,
        0.2795084971874737,
        0.414578098794425,
        0.6263873490988712,
        0.4330127018922193,
        0.45069390943299864,
        0.25,
        0.33071891388307384,
        0.4841229182759271,
        0.30618621784789724,
        0.46770717334674267,
        0.625,
        0.3535533905932738,
        0.46770717334674267
    ],
    [
        1.1728758481195019,
        0.6614378277661477,
        0.9762812094883317,
        0.8838834764831844,
        0.739509972887452,
        0.7603453162872774,
        0.9519716382329886,
        0.8003905296791061,
        0.6846531968814576,
        0.7288689868556626,
        0.75,
        0.7905694150420949,
        0.7180703308172536,
        0.82915619758885,
        0.7071067811865476,
        0.7288689868556626,
        0.0,
        0.7806247497997998,
        0.7427369408244794,
        0.770551750371122,
        0.81967981553775,
        0.8100925873009825,
        0.7905694150420949,
        0.8477912478906585,
        0.9270248108869579,
        0.6959705453537527,
        0.875,
        0.770551750371122,
        1.0897247358851685,
        0.8003905296791061,
        0.8926785535678563,
        0.9437293044088437,
        0.7603453162872774,
        0.9400428477232065,
        0.82915619758885,
        0.7180703308172536,
        0.8477912478906585,
        0.8477912478906585,
        0.81967981553775,
        0.7614861201040444,
        0.82915619758885,
        0.8003905296791061,
        0.7603453162872774,
        0.7288689868556626,
        0.7288689868556626,
        0.7905694150420949,
        0.7071067811865476,
        0.673145600891813,
        0.6846531968814576,
        0.8838834764831844
    ],
    [
        0.9126380242271884,
        0.6373774391990981,
        0.6123724356957945,
        0.5153882032022076,
        0.46770717334674267,
        0.46770717334674267,
        0.5994789404140899,
        0.4841229182759271,
        0.57282196186948,
        0.5303300858899106,
        0.5153882032022076,
        0.4330127018922193,
        0.45069390943299864,
        0.5153882032022076,
        0.5303300858899106,
        0.46770717334674267,
        0.7806247497997998,
        0.0,
        0.6023974211940357,
        0.4841229182759271,
        0.4841229182759271,
        0.5303300858899106,
        0.5153882032022076,
        0.5,
        0.57282196186948,
        0.46770717334674267,
        0.5448623679425842,
        0.5303300858899106,
        0.6846531968814576,
        0.5448623679425842,
        0.5303300858899106,
        0.5994789404140899,
        0.5153882032022076,
        0.6263873490988712,
        0.625,
        0.4841229182759271,
        0.5303300858899106,
        0.45069390943299864,
        0.5303300858899106,
        0.6972166887783964,
        0.5994789404140899,
        0.5303300858899106,
        0.45069390943299864,
        0.39528470752104744,
        0.625,
        0.4330127018922193,
        0.5448623679425842,
        0.5303300858899106,
        0.5448623679425842,
        0.5994789404140899
    ],
    [
        0.9544805724923405,
        0.6640840707781089,
        0.6872100501747807,
        0.5892857142857143,
        0.5758755534498964,
        0.5480717590436717,
        0.698485971985998,
        0.5621455799534711,
        0.5336268856244262,
        0.48773215299098793,
        0.5892857142857143,
        0.5480717590436717,
        0.5758755534498964,
        0.5758755534498964,
        0.5758755534498964,
        0.5187799659404982,
        0.7427369408244794,
        0.6023974211940357,
        0.0,
        0.5892857142857143,
        0.5892857142857143,
        0.6522136559910597,
        0.5480717590436717,
        0.5758755534498964,
        0.6522136559910597,
        0.5621455799534711,
        0.615229756319722,
        0.5892857142857143,
        0.8122546725388685,
        0.5480717590436717,
        0.6023974211940357,
        0.6640840707781089,
        0.5187799659404982,
        0.5324636829833046,
        0.5892857142857143,
        0.5621455799534711,
        0.5621455799534711,
        0.5336268856244262,
        0.5892857142857143,
        0.574797854637737,
        0.6023974211940357,
        0.6522136559910597,
        0.46187561272777006,
        0.5336268856244262,
        0.5758755534498964,
        0.5621455799534711,
        0.5621455799534711,
        0.676689118624872,
        0.5480717590436717,
        0.7095827316537688
    ],
    [
        0.7321428571428572,
        0.6123724356957945,
        0.45069390943299864,
        0.30618621784789724,
        0.46770717334674267,
        0.39528470752104744,
        0.414578098794425,
        0.33071891388307384,
        0.5590169943749475,
        0.5448623679425842,
        0.625,
        0.375,
        0.375,
        0.33071891388307384,
        0.57282196186948,
        0.33071891388307384,
        0.770551750371122,
        0.4841229182759271,
        0.5892857142857143,
        0.0,
        0.33071891388307384,
        0.39528470752104744,
        0.33071891388307384,
        0.33071891388307384,
        0.375,
        0.375,
        0.39528470752104744,
        0.3535533905932738,
        0.5590169943749475,
        0.39528470752104744,
        0.33071891388307384,
        0.4330127018922193,
        0.39528470752104744,
        0.46955948623269356,
        0.46770717334674267,
        0.5,
        0.3535533905932738,
        0.3535533905932738,
        0.3535533905932738,
        0.6508541396588879,
        0.39528470752104744,
        0.46770717334674267,
        0.39528470752104744,
        0.39528470752104744,
        0.5303300858899106,
        0.33071891388307384,
        0.5303300858899106,
        0.6123724356957945,
        0.46770717334674267,
        0.414578098794425
    ],
    [
        0.676689118624872,
        0.649519052838329,
        0.5303300858899106,
        0.414578098794425,
        0.414578098794425,
        0.33071891388307384,
        0.4841229182759271,
        0.414578098794425,
        0.5590169943749475,
        0.5153882032022076,
        0.5863019699779287,
        0.33071891388307384,
        0.30618621784789724,
        0.4330127018922193,
        0.5863019699779287,
        0.46770717334674267,
        0.81967981553775,
        0.4841229182759271,
        0.5892857142857143,
        0.33071891388307384,
        0.0,
        0.33071891388307384,
        0.46770717334674267,
        0.4330127018922193,
        0.4330127018922193,
        0.4330127018922193,
        0.4841229182759271,
        0.45069390943299864,
        0.625,
        0.414578098794425,
        0.4330127018922193,
        0.5153882032022076,
        0.414578098794425,
        0.5605676686280713,
        0.649519052838329,
        0.45069390943299864,
        0.45069390943299864,
        0.33071891388307384,
        0.33071891388307384,
        0.6508541396588879,
        0.414578098794425,
        0.39528470752104744,
        0.375,
        0.33071891388307384,
        0.5863019699779287,
        0.25,
        0.5303300858899106,
        0.5994789404140899,
        0.5153882032022076,
        0.46770717334674267
    ],
    [
        0.7427369408244794,
        0.6614378277661477,
        0.57282196186948,
        0.46770717334674267,
        0.46770717334674267,
        0.3535533905932738,
        0.5153882032022076,
        0.4330127018922193,
        0.625,
        0.5590169943749475,
        0.5863019699779287,
        0.414578098794425,
        0.375,
        0.4841229182759271,
        0.57282196186948,
        0.4330127018922193,
        0.8100925873009825,
        0.5303300858899106,
        0.6522136559910597,
        0.39528470752104744,
        0.33071891388307384,
        0.0,
        0.46770717334674267,
        0.4841229182759271,
        0.4841229182759271,
        0.5,
        0.5153882032022076,
        0.45069390943299864,
        0.673145600891813,
        0.414578098794425,
        0.4841229182759271,
        0.5590169943749475,
        0.45069390943299864,
        0.5877806658194119,
        0.5863019699779287,
        0.46770717334674267,
        0.5153882032022076,
        0.39528470752104744,
        0.375,
        0.6137883276106765,
        0.4330127018922193,
        0.46770717334674267,
        0.45069390943299864,
        0.414578098794425,
        0.5303300858899106,
        0.30618621784789724,
        0.5448623679425842,
        0.6373774391990981,
        0.4330127018922193,
        0.45069390943299864
    ],
    [
        0.7321428571428572,
        0.6846531968814576,
        0.375,
        0.25,
        0.46770717334674267,
        0.4330127018922193,
        0.39528470752104744,
        0.1767766952966369,
        0.5590169943749475,
        0.5,
        0.5863019699779287,
        0.375,
        0.45069390943299864,
        0.2795084971874737,
        0.5303300858899106,
        0.3535533905932738,
        0.7905694150420949,
        0.5153882032022076,
        0.5480717590436717,
        0.33071891388307384,
        0.46770717334674267,
        0.46770717334674267,
        0.0,
        0.2795084971874737,
        0.33071891388307384,
        0.375,
        0.30618621784789724,
        0.3535533905932738,
        0.5,
        0.33071891388307384,
        0.25,
        0.3535533905932738,
        0.3535533905932738,
        0.4350127712046063,
        0.46770717334674267,
        0.4841229182759271,
        0.2795084971874737,
        0.3535533905932738,
        0.4330127018922193,
        0.7192781875680029,
        0.3535533905932738,
        0.5448623679425842,
        0.375,
        0.33071891388307384,
        0.57282196186948,
        0.375,
        0.5448623679425842,
        0.673145600891813,
        0.39528470752104744,
        0.414578098794425
    ],
    [
        0.6531907556489958,
        0.6959705453537527,
        0.3535533905932738,
        0.125,
        0.46770717334674267,
        0.3535533905932738,
        0.375,
        0.21650635094610965,
        0.5590169943749475,
        0.46770717334674267,
        0.5863019699779287,
        0.33071891388307384,
        0.39528470752104744,
        0.33071891388307384,
        0.5590169943749475,
        0.3535533905932738,
        0.8477912478906585,
        0.5,
        0.5758755534498964,
        0.33071891388307384,
        0.4330127018922193,
        0.4841229182759271,
        0.2795084971874737,
        0.0,
        0.30618621784789724,
        0.39528470752104744,
        0.30618621784789724,
        0.30618621784789724,
        0.46770717334674267,
        0.3535533905932738,
        0.1767766952966369,
        0.33071891388307384,
        0.33071891388307384,
        0.37730771408905905,
        0.5153882032022076,
        0.5,
        0.1767766952966369,
        0.2795084971874737,
        0.39528470752104744,
        0.6859199013814303,
        0.414578098794425,
        0.5153882032022076,
        0.33071891388307384,
        0.3535533905932738,
        0.57282196186948,
        0.3535533905932738,
        0.5448623679425842,
        0.649519052838329,
        0.45069390943299864,
        0.375
    ],
    [
        0.48903799777246976,
        0.7806247497997998,
        0.25,
        0.2795084971874737,
        0.5448623679425842,
        0.46770717334674267,
        0.1767766952966369,
        0.33071891388307384,
        0.6373774391990981,
        0.5590169943749475,
        0.649519052838329,
        0.39528470752104744,
        0.46770717334674267,
        0.30618621784789724,
        0.6123724356957945,
        0.4330127018922193,
        0.9270248108869579,
        0.57282196186948,
        0.6522136559910597,
        0.375,
        0.4330127018922193,
        0.4841229182759271,
        0.33071891388307384,
        0.30618621784789724,
        0.0,
        0.45069390943299864,
        0.1767766952966369,
        0.4330127018922193,
        0.33071891388307384,
        0.39528470752104744,
        0.25,
        0.21650635094610965,
        0.414578098794425,
        0.4166666666666667,
        0.4330127018922193,
        0.5590169943749475,
        0.2795084971874737,
        0.375,
        0.414578098794425,
        0.7511565157216644,
        0.375,
        0.5153882032022076,
        0.45069390943299864,
        0.45069390943299864,
        0.6123724356957945,
        0.39528470752104744,
        0.6373774391990981,
        0.739509972887452,
        0.5448623679425842,
        0.25
    ],
    [
        0.8130394598451579,
        0.6373774391990981,
        0.5590169943749475,
        0.39528470752104744,
        0.4841229182759271,
        0.46770717334674267,
        0.5153882032022076,
        0.375,
        0.4841229182759271,
        0.46770717334674267,
        0.5994789404140899,
        0.414578098794425,
        0.414578098794425,
        0.39528470752104744,
        0.5590169943749475,
        0.414578098794425,
        0.6959705453537527,
        0.46770717334674267,
        0.5621455799534711,
        0.375,
        0.4330127018922193,
        0.5,
        0.375,
        0.39528470752104744,
        0.45069390943299864,
        0.0,
        0.46770717334674267,
        0.414578098794425,
        0.6959705453537527,
        0.45069390943299864,
        0.39528470752104744,
        0.5303300858899106,
        0.414578098794425,
        0.5319643889501544,
        0.57282196186948,
        0.45069390943299864,
        0.3535533905932738,
        0.375,
        0.45069390943299864,
        0.6972166887783964,
        0.4841229182759271,
        0.5153882032022076,
        0.39528470752104744,
        0.375,
        0.5863019699779287,
        0.39528470752104744,
        0.5303300858899106,
        0.6123724356957945,
        0.4330127018922193,
        0.5
    ],
    [
        0.6288148879163932,
        0.7806247497997998,
        0.25,
        0.2795084971874737,
        0.5303300858899106,
        0.4330127018922193,
        0.2795084971874737,
        0.30618621784789724,
        0.6373774391990981,
        0.5448623679425842,
        0.625,
        0.414578098794425,
        0.4841229182759271,
        0.25,
        0.5994789404140899,
        0.4330127018922193,
        0.875,
        0.5448623679425842,
        0.615229756319722,
        0.39528470752104744,
        0.4841229182759271,
        0.5153882032022076,
        0.30618621784789724,
        0.30618621784789724,
        0.1767766952966369,
        0.46770717334674267,
        0.0,
        0.414578098794425,
        0.3535533905932738,
        0.414578098794425,
        0.25,
        0.21650635094610965,
        0.39528470752104744,
        0.4166666666666667,
        0.45069390943299864,
        0.57282196186948,
        0.30618621784789724,
        0.375,
        0.46770717334674267,
        0.7716774657271723,
        0.414578098794425,
        0.5994789404140899,
        0.414578098794425,
        0.414578098794425,
        0.6614378277661477,
        0.414578098794425,
        0.5994789404140899,
        0.7180703308172536,
        0.4841229182759271,
        0.39528470752104744
    ],
    [
        0.7935887872603204,
        0.6614378277661477,
        0.4841229182759271,
        0.3535533905932738,
        0.4841229182759271,
        0.414578098794425,
        0.4841229182759271,
        0.3535533905932738,
        0.46770717334674267,
        0.5,
        0.5448623679425842,
        0.375,
        0.414578098794425,
        0.375,
        0.57282196186948,
        0.4330127018922193,
        0.770551750371122,
        0.5303300858899106,
        0.5892857142857143,
        0.3535533905932738,
        0.45069390943299864,
        0.45069390943299864,
        0.3535533905932738,
        0.30618621784789724,
        0.4330127018922193,
        0.414578098794425,
        0.414578098794425,
        0.0,
        0.5994789404140899,
        0.414578098794425,
        0.3535533905932738,
        0.45069390943299864,
        0.45069390943299864,
        0.4859126579037751,
        0.5153882032022076,
        0.5,
        0.30618621784789724,
        0.414578098794425,
        0.4330127018922193,
        0.6859199013814303,
        0.45069390943299864,
        0.46770717334674267,
        0.414578098794425,
        0.414578098794425,
        0.5448623679425842,
        0.375,
        0.5448623679425842,
        0.649519052838329,
        0.45069390943299864,
        0.45069390943299864
    ],
    [
        0.4559694762429895,
        0.9682458365518543,
        0.21650635094610965,
        0.39528470752104744,
        0.673145600891813,
        0.649519052838329,
        0.30618621784789724,
        0.46770717334674267,
        0.8477912478906585,
        0.75,
        0.8385254915624212,
        0.5448623679425842,
        0.625,
        0.4330127018922193,
        0.7806247497997998,
        0.6373774391990981,
        1.0897247358851685,
        0.6846531968814576,
        0.8122546725388685,
        0.5590169943749475,
        0.625,
        0.673145600891813,
        0.5,
        0.46770717334674267,
        0.33071891388307384,
        0.6959705453537527,
        0.3535533905932738,
        0.5994789404140899,
        0.0,
        0.5590169943749475,
        0.375,
        0.25,
        0.5303300858899106,
        0.5319643889501544,
        0.57282196186948,
        0.7806247497997998,
        0.45069390943299864,
        0.46770717334674267,
        0.6373774391990981,
        0.9446486707295528,
        0.5448623679425842,
        0.7288689868556626,
        0.5994789404140899,
        0.5863019699779287,
        0.8569568250501305,
        0.5303300858899106,
        0.7905694150420949,
        0.9013878188659973,
        0.649519052838329,
        0.45069390943299864
    ],
    [
        0.676689118624872,
        0.673145600891813,
        0.46770717334674267,
        0.33071891388307384,
        0.45069390943299864,
        0.4330127018922193,
        0.4330127018922193,
        0.30618621784789724,
        0.4841229182759271,
        0.414578098794425,
        0.5590169943749475,
        0.2795084971874737,
        0.4330127018922193,
        0.4330127018922193,
        0.5303300858899106,
        0.39528470752104744,
        0.8003905296791061,
        0.5448623679425842,
        0.5480717590436717,
        0.39528470752104744,
        0.414578098794425,
        0.414578098794425,
        0.33071891388307384,
        0.3535533905932738,
        0.39528470752104744,
        0.45069390943299864,
        0.414578098794425,
        0.414578098794425,
        0.5590169943749475,
        0.0,
        0.3535533905932738,
        0.45069390943299864,
        0.375,
        0.4859126579037751,
        0.4330127018922193,
        0.46770717334674267,
        0.30618621784789724,
        0.33071891388307384,
        0.33071891388307384,
        0.6508541396588879,
        0.30618621784789724,
        0.46770717334674267,
        0.3535533905932738,
        0.33071891388307384,
        0.46770717334674267,
        0.3535533905932738,
        0.5448623679425842,
        0.649519052838329,
