[
    [
        0.0,
        1.2827346425762836,
        0.18982403237026163,
        0.8033729913715709,
        0.5047605008965204,
        0.7531820253201122,
        0.401289375968647,
        0.549234160686775,
        1.0597578660684135,
        0.7935887872603204,
        0.5153882032022076,
        0.4203072248549936,
        0.3813242232868326,
        0.3602543036041431,
        0.7213932098830056,
        0.4330127018922193,
        0.4385010413503099,
        1.2876968840942822,
        1.0488696539706013,
        0.4632543489668874,
        0.5047605008965204,
        0.676689118624872,
        0.3378729987218661,
        0.7427369408244794,
        0.3602543036041431,
        1.0575349176461348,
        0.5951488028263763,
        1.2642050014591326,
        0.6691069283998284,
        0.8665775398964951,
        0.7636466323754214,
        0.4559694762429895,
        0.5957438327718672,
        0.641367321288142,
        0.17767632805475359,
        0.9782389946287384,
        0.7605549799659591,
        0.7531820253201122,
        0.6167252684050998,
        1.0848530679950728,
        0.5623661342348419,
        0.5680704900209596,
        0.6614378277661477,
        0.8867649298525098,
        0.3378729987218661,
        1.03136058123533,
        0.3138999255579812,
        0.576981943621554,
        1.002388728620442,
        0.3571428571428571
    ],
    [
        1.2827346425762836,
        0.0,
        1.0752906583803283,
        0.6123724356957945,
        0.7806247497997998,
        0.75,
        0.9100137361600648,
        0.8100925873009825,
        0.8385254915624212,
        0.75,
        0.8033729913715709,
        0.875,
        0.8838834764831844,
        0.8838834764831844,
        0.6959705453537527,
        0.8777289805317505,
        0.9270248108869579,
        0.82915619758885,
        0.739509972887452,
        0.81967981553775,
        0.81967981553775,
        0.7603453162872774,
        0.9437293044088437,
        0.6846531968814576,
        0.9354143466934853,
        0.7454025757937788,
        0.8936504412303007,
        0.7603453162872774,
        0.7806247497997998,
        0.7603453162872774,
        0.7817359599705717,
        0.875,
        0.7288689868556626,
        0.7603453162872774,
        1.0307764064044151,
        0.7180703308172536,
        0.9354143466934853,
        0.6959705453537527,
        0.8111634305804911,
        0.8670271686118671,
        0.7580585582775105,
        0.7905694150420949,
        0.7806247497997998,
        0.8100925873009825,
        0.960143218483576,
        0.6972166887783964,
        0.9682458365518543,
        0.7905694150420949,
        0.6123724356957945,
        1.3693063937629153
    ],
    [
        0.18982403237026163,
        1.0752906583803283,
        0.0,
        0.739509972887452,
        0.4330127018922193,
        0.6123724356957945,
        0.30618621784789724,
        0.4841229182759271,
        1.0458250331675945,
        0.7180703308172536,
        0.48903799777246976,
        0.3535533905932738,
        0.30618621784789724,
        0.30618621784789724,
        0.6614378277661477,
        0.401289375968647,
        0.3535533905932738,
        1.159202311936963,
        0.9682458365518543,
        0.46770717334674267,
        0.375,
        0.5863019699779287,
        0.2795084971874737,
        0.649519052838329,
        0.25,
        0.8888194417315589,
        0.6009252125773316,
        1.224744871391589,
        0.5590169943749475,
        0.770551750371122,
        0.7192781875680029,
        0.39528470752104744,
        0.5448623679425842,
        0.5303300858899106,
        0.1767766952966369,
        0.9519716382329886,
        0.81967981553775,
        0.6846531968814576,
        0.6387379048648288,
        1.0540925533894598,
        0.5965758776365148,
        0.4841229182759271,
        0.5994789404140899,
        0.7905694150420949,
        0.21650635094610965,
        0.9691419458010839,
        0.25,
        0.45069390943299864,
        0.875,
        0.5153882032022076
    ],
    [
        0.8033729913715709,
        0.6123724356957945,
        0.739509972887452,
        0.0,
        0.5,
        0.414578098794425,
        0.57282196186948,
        0.45069390943299864,
        0.6846531968814576,
        0.5,
        0.4385010413503099,
        0.5303300858899106,
        0.5448623679425842,
        0.5303300858899106,
        0.4330127018922193,
        0.5348206832811406,
        0.57282196186948,
        0.7603453162872774,
        0.6123724356957945,
        0.5448623679425842,
        0.57282196186948,
        0.45069390943299864,
        0.5994789404140899,
        0.45069390943299864,
        0.5863019699779287,
        0.6194755846681933,
        0.5743353646704259,
        0.7180703308172536,
        0.4841229182759271,
        0.4841229182759271,
        0.5605676686280713,
        0.5448623679425842,
        0.4330127018922193,
        0.46770717334674267,
        0.7071067811865476,
        0.5303300858899106,
        0.7071067811865476,
        0.33071891388307384,
        0.5743353646704259,
        0.7192781875680029,
        0.5120085719768545,
        0.5,
        0.5153882032022076,
        0.625,
        0.625,
        0.5605676686280713,
        0.6373774391990981,
        0.5,
        0.5994789404140899,
        0.9354143466934853
    ],
    [
        0.5047605008965204,
        0.7806247497997998,
        0.4330127018922193,
        0.5,
        0.0,
        0.3535533905932738,
        0.25,
        0.2795084971874737,
        0.770551750371122,
        0.4841229182759271,
        0.3378729987218661,
        0.21650635094610965,
        0.21650635094610965,
        0.21650635094610965,
        0.5,
        0.22728432252424743,
        0.3535533905932738,
        0.960143218483576,
        0.6959705453537527,
        0.30618621784789724,
        0.2795084971874737,
        0.3535533905932738,
        0.2795084971874737,
        0.39528470752104744,
        0.2795084971874737,
        0.6442049363362563,
        0.452615853800009,
        0.8477912478906585,
        0.30618621784789724,
        0.4841229182759271,
        0.4859126579037751,
        0.1767766952966369,
        0.25,
        0.30618621784789724,
        0.39528470752104744,
        0.625,
        0.6614378277661477,
        0.45069390943299864,
        0.452615853800009,
        0.8395600699837452,
        0.41036907507483766,
        0.25,
        0.33071891388307384,
        0.649519052838329,
        0.30618621784789724,
        0.6744339190099436,
        0.30618621784789724,
        0.25,
        0.6373774391990981,
        0.6959705453537527
    ],
    [
        0.7531820253201122,
        0.75,
        0.6123724356957945,
        0.414578098794425,
        0.3535533905932738,
        0.0,
        0.4330127018922193,
        0.33071891388307384,
        0.75,
        0.45069390943299864,
        0.3602543036041431,
        0.414578098794425,
        0.414578098794425,
        0.414578098794425,
        0.4330127018922193,
        0.4203072248549936,
        0.4841229182759271,
        0.8660254037844386,
        0.5994789404140899,
        0.4330127018922193,
        0.45069390943299864,
        0.3535533905932738,
        0.4841229182759271,
        0.39528470752104744,
        0.46770717334674267,
        0.6680194607943694,
        0.4859126579037751,
        0.82915619758885,
        0.3535533905932738,
        0.46770717334674267,
        0.5319643889501544,
        0.4330127018922193,
        0.39528470752104744,
        0.375,
        0.5863019699779287,
        0.5994789404140899,
        0.6614378277661477,
        0.375,
        0.5170697352496191,
        0.7511565157216644,
        0.42898458920779164,
        0.4330127018922193,
        0.46770717334674267,
        0.5863019699779287,
        0.5,
        0.6508541396588879,
        0.5153882032022076,
        0.3535533905932738,
        0.7071067811865476,
        0.8926785535678563
    ],
    [
        0.401289375968647,
        0.9100137361600648,
        0.30618621784789724,
        0.57282196186948,
        0.25,
        0.4330127018922193,
        0.0,
        0.33071891388307384,
        0.8477912478906585,
        0.5153882032022076,
        0.3813242232868326,
        0.21650635094610965,
        0.125,
        0.125,
        0.5590169943749475,
        0.22728432252424743,
        0.25,
        1.0231690964840563,
        0.75,
        0.3535533905932738,
        0.25,
        0.39528470752104744,
        0.1767766952966369,
        0.46770717334674267,
        0.125,
        0.7558108228915488,
        0.4859126579037751,
        0.9519716382329886,
        0.30618621784789724,
        0.5303300858899106,
        0.5319643889501544,
        0.25,
        0.3535533905932738,
        0.3535533905932738,
        0.2795084971874737,
        0.7180703308172536,
        0.6846531968814576,
        0.5153882032022076,
        0.5170697352496191,
        0.8936504412303007,
        0.4639803635691685,
        0.33071891388307384,
        0.45069390943299864,
        0.6846531968814576,
        0.1767766952966369,
        0.7406828681096325,
        0.21650635094610965,
        0.30618621784789724,
        0.7180703308172536,
        0.625
    ],
    [
        0.549234160686775,
        0.8100925873009825,
        0.4841229182759271,
        0.45069390943299864,
        0.2795084971874737,
        0.33071891388307384,
        0.33071891388307384,
        0.0,
        0.7288689868556626,
        0.375,
        0.2593899829702491,
        0.30618621784789724,
        0.30618621784789724,
        0.30618621784789724,
        0.45069390943299864,
        0.3138999255579812,
        0.39528470752104744,
        0.9519716382329886,
        0.6614378277661477,
        0.375,
        0.3535533905932738,
        0.25,
        0.375,
        0.375,
        0.3535533905932738,
        0.6680194607943694,
        0.3974746672570607,
        0.8385254915624212,
        0.33071891388307384,
        0.414578098794425,
        0.452615853800009,
        0.33071891388307384,
        0.3535533905932738,
        0.2795084971874737,
        0.45069390943299864,
        0.6373774391990981,
        0.673145600891813,
        0.414578098794425,
        0.4350127712046063,
        0.8014743359029727,
        0.3703414340548162,
        0.375,
        0.3535533905932738,
        0.625,
        0.414578098794425,
        0.6744339190099436,
        0.39528470752104744,
        0.2795084971874737,
        0.625,
        0.7288689868556626
    ],
    [
        1.0597578660684135,
        0.8385254915624212,
        1.0458250331675945,
        0.6846531968814576,
        0.770551750371122,
        0.75,
        0.8477912478906585,
        0.7288689868556626,
        0.0,
        0.7288689868556626,
        0.6633634150359539,
        0.8100925873009825,
        0.8100925873009825,
        0.8100925873009825,
        0.770551750371122,
        0.7198444418123705,
        0.82915619758885,
        0.81967981553775,
        0.770551750371122,
        0.649519052838329,
        0.8003905296791061,
        0.7180703308172536,
        0.875,
        0.7288689868556626,
        0.8660254037844386,
        0.7044501401802685,
        0.6095307849303248,
        0.9185586535436918,
        0.7180703308172536,
        0.770551750371122,
        0.5697830971323893,
        0.81967981553775,
        0.75,
        0.7288689868556626,
        0.8926785535678563,
        0.7905694150420949,
        0.625,
        0.739509972887452,
        0.5559026693385972,
        0.7476816018719317,
        0.6508541396588879,
        0.7905694150420949,
        0.8003905296791061,
        0.8660254037844386,
        0.8926785535678563,
        0.6095307849303248,
        0.9013878188659973,
        0.770551750371122,
        0.8003905296791061,
        1.015504800579495
    ],
    [
        0.7935887872603204,
        0.75,
        0.7180703308172536,
        0.5,
        0.4841229182759271,
        0.45069390943299864,
        0.5153882032022076,
        0.375,
        0.7288689868556626,
        0.0,
        0.3813242232868326,
        0.5,
        0.5,
        0.5,
        0.5153882032022076,
        0.5047605008965204,
        0.5153882032022076,
        0.875,
        0.57282196186948,
        0.5448623679425842,
        0.45069390943299864,
        0.375,
        0.5448623679425842,
        0.45069390943299864,
        0.5303300858899106,
        0.6442049363362563,
        0.5170697352496191,
        0.7603453162872774,
        0.4841229182759271,
        0.375,
        0.5877806658194119,
        0.5153882032022076,
        0.45069390943299864,
        0.414578098794425,
        0.6614378277661477,
        0.6614378277661477,
        0.6846531968814576,
        0.45069390943299864,
        0.5877806658194119,
        0.8014743359029727,
        0.4639803635691685,
        0.5448623679425842,
        0.46770717334674267,
        0.5153882032022076,
        0.5590169943749475,
        0.6627489050244528,
        0.57282196186948,
        0.4841229182759271,
        0.6614378277661477,
        0.9270248108869579
    ],
    [
        0.5153882032022076,
        0.8033729913715709,
        0.48903799777246976,
        0.4385010413503099,
        0.3378729987218661,
        0.3602543036041431,
        0.3813242232868326,
        0.2593899829702491,
        0.6633634150359539,
        0.3813242232868326,
        0.0,
        0.3602543036041431,
        0.3602543036041431,
        0.3602543036041431,
        0.4727929391026331,
        0.30618621784789724,
        0.401289375968647,
        0.872627980205044,
        0.6531907556489958,
        0.32439110936758836,
        0.4559694762429895,
        0.3378729987218661,
        0.4203072248549936,
        0.3813242232868326,
        0.401289375968647,
        0.6399338294874314,
        0.3142947329153354,
        0.8506075259867538,
        0.3813242232868326,
        0.4385010413503099,
        0.3816492881407248,
        0.3602543036041431,
        0.3138999255579812,
        0.3378729987218661,
        0.43338075355398564,
        0.6162654973834785,
        0.5327297817920106,
        0.401289375968647,
        0.3387108747727808,
        0.7533466527026731,
        0.2523977981799308,
        0.3813242232868326,
        0.3138999255579812,
        0.5203143672976238,
        0.4203072248549936,
        0.5771968287666885,
        0.4385010413503099,
        0.3378729987218661,
        0.6288148879163932,
        0.6270374952171227
    ],
    [
        0.4203072248549936,
        0.875,
        0.3535533905932738,
        0.5303300858899106,
        0.21650635094610965,
        0.414578098794425,
        0.21650635094610965,
        0.30618621784789724,
        0.8100925873009825,
        0.5,
        0.3602543036041431,
        0.0,
        0.1767766952966369,
        0.1767766952966369,
        0.4841229182759271,
        0.18982403237026163,
        0.30618621784789724,
        0.9921567416492215,
        0.7288689868556626,
        0.33071891388307384,
        0.33071891388307384,
        0.375,
        0.21650635094610965,
        0.45069390943299864,
        0.25,
        0.6796138609534094,
        0.4350127712046063,
        0.8838834764831844,
        0.25,
        0.4841229182759271,
        0.4859126579037751,
        0.0,
        0.33071891388307384,
        0.33071891388307384,
        0.3535533905932738,
        0.6123724356957945,
        0.673145600891813,
        0.5,
        0.46955948623269356,
        0.7716774657271723,
        0.44682522061515034,
        0.25,
        0.30618621784789724,
        0.625,
        0.2795084971874737,
        0.7192781875680029,
        0.25,
        0.21650635094610965,
        0.625,
        0.6373774391990981
    ],
    [
        0.3813242232868326,
        0.8838834764831844,
        0.30618621784789724,
        0.5448623679425842,
        0.21650635094610965,
        0.414578098794425,
        0.125,
        0.30618621784789724,
        0.8100925873009825,
        0.5,
        0.3602543036041431,
        0.1767766952966369,
        0.0,
        0.0,
        0.5448623679425842,
        0.18982403237026163,
        0.25,
        1.0,
        0.739509972887452,
        0.33071891388307384,
        0.2795084971874737,
        0.375,
        0.21650635094610965,
        0.45069390943299864,
        0.1767766952966369,
        0.7454025757937788,
        0.46955948623269356,
        0.9354143466934853,
        0.2795084971874737,
        0.5153882032022076,
        0.5170697352496191,
        0.21650635094610965,
        0.33071891388307384,
        0.33071891388307384,
        0.30618621784789724,
        0.6959705453537527,
        0.673145600891813,
        0.5,
        0.501733107449679,
        0.8670271686118671,
        0.44682522061515034,
        0.2795084971874737,
        0.4330127018922193,
        0.673145600891813,
        0.21650635094610965,
        0.7300589778306347,
        0.25,
        0.2795084971874737,
        0.6959705453537527,
        0.6123724356957945
    ],
    [
        0.3602543036041431,
        0.8838834764831844,
        0.30618621784789724,
        0.5303300858899106,
        0.21650635094610965,
        0.414578098794425,
        0.125,
        0.30618621784789724,
        0.8100925873009825,
        0.5,
        0.3602543036041431,
        0.1767766952966369,
        0.0,
        0.0,
        0.5448623679425842,
        0.18982403237026163,
        0.25,
        1.0,
        0.739509972887452,
        0.33071891388307384,
        0.2795084971874737,
        0.375,
        0.21650635094610965,
        0.45069390943299864,
        0.1767766952966369,
        0.7454025757937788,
        0.46955948623269356,
        0.9354143466934853,
        0.2795084971874737,
        0.5153882032022076,
        0.5170697352496191,
        0.21650635094610965,
        0.33071891388307384,
        0.33071891388307384,
        0.30618621784789724,
        0.6846531968814576,
        0.673145600891813,
        0.5,
        0.501733107449679,
        0.8670271686118671,
        0.44682522061515034,
        0.2795084971874737,
        0.4330127018922193,
        0.673145600891813,
        0.21650635094610965,
        0.7300589778306347,
        0.25,
        0.2795084971874737,
        0.6959705453537527,
        0.5994789404140899
    ],
    [
        0.7213932098830056,
        0.6959705453537527,
        0.6614378277661477,
        0.4330127018922193,
        0.5,
        0.4330127018922193,
        0.5590169943749475,
        0.45069390943299864,
        0.770551750371122,
        0.5153882032022076,
        0.4727929391026331,
        0.4841229182759271,
        0.5448623679425842,
        0.5448623679425842,
        0.0,
        0.549234160686775,
        0.57282196186948,
        0.8477912478906585,
        0.625,
        0.5590169943749475,
        0.5590169943749475,
        0.4330127018922193,
        0.5303300858899106,
        0.46770717334674267,
        0.57282196186948,
        0.4930770730829005,
        0.5319643889501544,
        0.7180703308172536,
        0.5,
        0.45069390943299864,
        0.5605676686280713,
        0.5,
        0.5,
        0.5153882032022076,
        0.6373774391990981,
        0.5153882032022076,
        0.770551750371122,
        0.39528470752104744,
        0.5464532103585001,
        0.5877806658194119,
        0.5120085719768545,
        0.5,
        0.45069390943299864,
        0.5303300858899106,
        0.5863019699779287,
        0.6387379048648288,
        0.5448623679425842,
        0.46770717334674267,
        0.5,
        0.8660254037844386
    ],
    [
        0.4330127018922193,
        0.8777289805317505,
        0.401289375968647,
        0.5348206832811406,
        0.22728432252424743,
        0.4203072248549936,
        0.22728432252424743,
        0.3138999255579812,
        0.7198444418123705,
        0.5047605008965204,
        0.30618621784789724,
        0.18982403237026163,
        0.18982403237026163,
        0.18982403237026163,
        0.549234160686775,
        0.0,
        0.3378729987218661,
        0.966102785337427,
        0.7427369408244794,
        0.20671137326411115,
        0.3378729987218661,
        0.3813242232868326,
        0.2879377767249482,
        0.4559694762429895,
        0.2593899829702491,
        0.7094119438820078,
        0.36059836263954664,
        0.9462600928208408,
        0.2879377767249482,
        0.5200078492343227,
        0.4206021625459408,
        0.22728432252424743,
        0.3378729987218661,
        0.3378729987218661,
        0.331200660553418,
        0.6881374595713462,
        0.5612940587679183,
        0.5047605008965204,
        0.382066822282886,
        0.8131919694256221,
        0.3552529359851613,
        0.3378729987218661,
        0.4206863924782053,
        0.6652834289356128,
        0.2879377767249482,
        0.6652301700451672,
        0.3138999255579812,
        0.2879377767249482,
        0.7427369408244794,
        0.5612940587679183
    ],
    [
        0.4385010413503099,
        0.9270248108869579,
        0.3535533905932738,
        0.57282196186948,
        0.3535533905932738,
        0.4841229182759271,
        0.25,
        0.39528470752104744,
        0.82915619758885,
        0.5153882032022076,
        0.401289375968647,
        0.30618621784789724,
        0.25,
        0.25,
        0.57282196186948,
        0.3378729987218661,
        0.0,
        0.9921567416492215,
        0.75,
        0.414578098794425,
        0.33071891388307384,
        0.45069390943299864,
        0.21650635094610965,
        0.5,
        0.1767766952966369,
        0.7660776723022281,
        0.5464532103585001,
        0.9842509842514764,
        0.414578098794425,
        0.5590169943749475,
        0.5877806658194119,
        0.3535533905932738,
        0.30618621784789724,
        0.375,
        0.30618621784789724,
        0.7603453162872774,
        0.6959705453537527,
        0.5448623679425842,
        0.5464532103585001,
        0.8936504412303007,
        0.5120085719768545,
        0.33071891388307384,
        0.46770717334674267,
        0.6123724356957945,
        0.21650635094610965,
        0.7614861201040444,
        0.25,
        0.375,
        0.770551750371122,
        0.649519052838329
    ],
    [
        1.2876968840942822,
        0.82915619758885,
        1.159202311936963,
        0.7603453162872774,
        0.960143218483576,
        0.8660254037844386,
        1.0231690964840563,
        0.9519716382329886,
        0.81967981553775,
        0.875,
        0.872627980205044,
        0.9921567416492215,
        1.0,
        1.0,
        0.8477912478906585,
        0.966102785337427,
        0.9921567416492215,
        0.0,
        0.8660254037844386,
        0.9354143466934853,
        1.0,
        0.8569568250501305,
        1.0307764064044151,
        0.8477912478906585,
        1.0307764064044151,
        0.8116341540373964,
        0.8789592962387077,
        0.8477912478906585,
        0.9013878188659973,
        0.8385254915624212,
        0.8518770125108697,
        0.9921567416492215,
        0.9013878188659973,
        0.8838834764831844,
        1.0825317547305484,
        0.8477912478906585,
        0.9013878188659973,
        0.7905694150420949,
        0.8878031563609382,
        0.8239049972202162,
        0.8239049972202162,
        0.9354143466934853,
        0.8926785535678563,
        0.9270248108869579,
        1.0532687216470449,
        0.733617369235792,
        1.0458250331675945,
        0.9437293044088437,
        0.8477912478906585,
        1.5
    ],
    [
        1.0488696539706013,
        0.739509972887452,
        0.9682458365518543,
        0.6123724356957945,
        0.6959705453537527,
        0.5994789404140899,
        0.75,
        0.6614378277661477,
        0.770551750371122,
        0.57282196186948,
        0.6531907556489958,
        0.7288689868556626,
        0.739509972887452,
        0.739509972887452,
        0.625,
        0.7427369408244794,
        0.75,
        0.8660254037844386,
        0.0,
        0.7288689868556626,
        0.7180703308172536,
        0.57282196186948,
        0.770551750371122,
        0.625,
        0.770551750371122,
        0.7132671308843553,
        0.7083333333333334,
        0.7288689868556626,
        0.625,
        0.5448623679425842,
        0.6859199013814303,
        0.739509972887452,
        0.6373774391990981,
        0.5994789404140899,
        0.8838834764831844,
        0.7288689868556626,
        0.7806247497997998,
        0.5,
        0.7614861201040444,
        0.7614861201040444,
        0.6705615391429617,
        0.673145600891813,
        0.6846531968814576,
        0.625,
        0.7905694150420949,
        0.6744339190099436,
        0.7905694150420949,
        0.6614378277661477,
        0.6959705453537527,
        1.1858541225631423
    ],
    [
        0.4632543489668874,
        0.81967981553775,
        0.46770717334674267,
        0.5448623679425842,
        0.30618621784789724,
        0.4330127018922193,
        0.3535533905932738,
        0.375,
        0.649519052838329,
        0.5448623679425842,
        0.32439110936758836,
        0.33071891388307384,
        0.33071891388307384,
        0.33071891388307384,
        0.5590169943749475,
        0.20671137326411115,
        0.414578098794425,
        0.9354143466934853,
        0.7288689868556626,
        0.0,
        0.375,
        0.4330127018922193,
        0.39528470752104744,
        0.46770717334674267,
        0.375,
        0.6269968101992226,
        0.31732387941099616,
        0.875,
        0.375,
        0.5303300858899106,
        0.34105636549468543,
        0.3535533905932738,
        0.375,
        0.39528470752104744,
        0.375,
        0.6846531968814576,
        0.5153882032022076,
        0.5153882032022076,
        0.31732387941099616,
        0.7850601533923655,
        0.384147685720537,
        0.3535533905932738,
        0.45069390943299864,
        0.6959705453537527,
        0.39528470752104744,
        0.6052432935972479,
        0.414578098794425,
        0.375,
        0.673145600891813,
        0.5153882032022076
    ],
    [
        0.5047605008965204,
        0.81967981553775,
        0.375,
        0.57282196186948,
        0.2795084971874737,
        0.45069390943299864,
        0.25,
        0.3535533905932738,
        0.8003905296791061,
        0.45069390943299864,
        0.4559694762429895,
        0.33071891388307384,
        0.2795084971874737,
        0.2795084971874737,
        0.5590169943749475,
        0.3378729987218661,
        0.33071891388307384,
        1.0,
        0.7180703308172536,
        0.375,
        0.0,
        0.4330127018922193,
        0.30618621784789724,
        0.39528470752104744,
        0.2795084971874737,
        0.724137417898012,
        0.5464532103585001,
        0.8477912478906585,
        0.30618621784789724,
        0.5303300858899106,
        0.5605676686280713,
        0.3535533905932738,
        0.39528470752104744,
        0.375,
        0.375,
        0.7288689868556626,
        0.7288689868556626,
        0.5448623679425842,
        0.5319643889501544,
        0.9023503261544882,
        0.4639803635691685,
        0.33071891388307384,
        0.45069390943299864,
        0.625,
        0.30618621784789724,
        0.7511565157216644,
        0.33071891388307384,
        0.375,
        0.6959705453537527,
        0.6959705453537527
    ],
    [
        0.676689118624872,
        0.7603453162872774,
        0.5863019699779287,
        0.45069390943299864,
        0.3535533905932738,
        0.3535533905932738,
        0.39528470752104744,
        0.25,
        0.7180703308172536,
        0.375,
        0.3378729987218661,
        0.375,
        0.375,
        0.375,
        0.4330127018922193,
        0.3813242232868326,
        0.45069390943299864,
        0.8569568250501305,
        0.57282196186948,
        0.4330127018922193,
        0.4330127018922193,
        0.0,
        0.4330127018922193,
        0.39528470752104744,
        0.4330127018922193,
        0.6194755846681933,
        0.4350127712046063,
        0.7806247497997998,
        0.375,
        0.375,
        0.46955948623269356,
        0.375,
        0.3535533905932738,
        0.33071891388307384,
        0.5448623679425842,
        0.5863019699779287,
        0.625,
        0.33071891388307384,
        0.4859126579037751,
        0.8014743359029727,
        0.34860834438919813,
        0.414578098794425,
        0.375,
        0.5153882032022076,
        0.45069390943299864,
        0.6387379048648288,
        0.45069390943299864,
        0.3535533905932738,
        0.6123724356957945,
        0.82915619758885
    ],
    [
        0.3378729987218661,
        0.9437293044088437,
        0.2795084971874737,
        0.5994789404140899,
        0.2795084971874737,
        0.4841229182759271,
        0.1767766952966369,
        0.375,
        0.875,
        0.5448623679425842,
        0.4203072248549936,
        0.21650635094610965,
        0.21650635094610965,
        0.21650635094610965,
        0.5303300858899106,
        0.2879377767249482,
        0.21650635094610965,
        1.0307764064044151,
        0.770551750371122,
        0.39528470752104744,
        0.30618621784789724,
        0.4330127018922193,
        0.0,
        0.5,
        0.125,
        0.7132671308843553,
        0.4859126579037751,
        0.9100137361600648,
        0.33071891388307384,
        0.5448623679425842,
        0.5464532103585001,
        0.21650635094610965,
        0.39528470752104744,
        0.39528470752104744,
        0.2795084971874737,
        0.6846531968814576,
        0.7071067811865476,
        0.5590169943749475,
        0.5170697352496191,
        0.8488145328109735,
        0.4965156369922077,
        0.30618621784789724,
        0.375,
        0.6614378277661477,
        0.1767766952966369,
        0.7614861201040444,
        0.125,
        0.30618621784789724,
        0.6614378277661477,
        0.5863019699779287
    ],
    [
        0.7427369408244794,
        0.6846531968814576,
        0.649519052838329,
        0.45069390943299864,
        0.39528470752104744,
        0.39528470752104744,
        0.46770717334674267,
        0.375,
        0.7288689868556626,
        0.45069390943299864,
        0.3813242232868326,
        0.45069390943299864,
        0.45069390943299864,
        0.45069390943299864,
        0.46770717334674267,
        0.4559694762429895,
        0.5,
        0.8477912478906585,
        0.625,
        0.46770717334674267,
        0.39528470752104744,
        0.39528470752104744,
        0.5,
        0.0,
        0.4841229182759271,
        0.6194755846681933,
        0.501733107449679,
        0.8003905296791061,
        0.375,
        0.5,
        0.501733107449679,
        0.46770717334674267,
        0.414578098794425,
        0.4330127018922193,
        0.5994789404140899,
        0.625,
        0.7180703308172536,
        0.45069390943299864,
        0.501733107449679,
        0.7817359599705717,
        0.3908679799852858,
        0.45069390943299864,
        0.4841229182759271,
        0.5994789404140899,
        0.5,
        0.6137883276106765,
        0.5153882032022076,
        0.375,
        0.6123724356957945,
        0.8838834764831844
    ],
    [
        0.3602543036041431,
        0.9354143466934853,
        0.25,
        0.5863019699779287,
        0.2795084971874737,
        0.46770717334674267,
        0.125,
        0.3535533905932738,
        0.8660254037844386,
        0.5303300858899106,
        0.401289375968647,
        0.25,
        0.1767766952966369,
        0.1767766952966369,
        0.57282196186948,
        0.2593899829702491,
        0.1767766952966369,
        1.0307764064044151,
        0.770551750371122,
        0.375,
        0.2795084971874737,
        0.4330127018922193,
        0.125,
        0.4841229182759271,
        0.0,
        0.7660776723022281,
        0.501733107449679,
        0.960143218483576,
        0.33071891388307384,
        0.5590169943749475,
        0.5605676686280713,
        0.2795084971874737,
        0.375,
        0.375,
        0.25,
        0.739509972887452,
        0.6959705453537527,
        0.5448623679425842,
        0.5319643889501544,
        0.9195031871130797,
        0.4805234414446165,
        0.33071891388307384,
        0.46770717334674267,
        0.6959705453537527,
        0.125,
        0.7614861201040444,
        0.1767766952966369,
        0.33071891388307384,
        0.7603453162872774,
        0.5994789404140899
    ],
    [
        1.0575349176461348,
        0.7454025757937788,
        0.8888194417315589,
        0.6194755846681933,
        0.6442049363362563,
        0.6680194607943694,
        0.7558108228915488,
        0.6680194607943694,
        0.7044501401802685,
        0.6442049363362563,
        0.6399338294874314,
        0.6796138609534094,
        0.7454025757937788,
        0.7454025757937788,
        0.4930770730829005,
        0.7094119438820078,
        0.7660776723022281,
        0.8116341540373964,
        0.7132671308843553,
        0.6269968101992226,
        0.724137417898012,
        0.6194755846681933,
        0.7132671308843553,
        0.6194755846681933,
        0.7660776723022281,
        0.0,
        0.6141276559297568,
        0.6910137480542626,
        0.6319612329882269,
        0.5667892024377317,
        0.5609391925848806,
        0.6796138609534094,
        0.6319612329882269,
        0.6680194607943694,
        0.8231038816577164,
        0.5238081709939241,
        0.7474958193863027,
        0.5937171043518958,
        0.5376130372096437,
        0.6141276559297568,
        0.5835118774379071,
        0.6194755846681933,
        0.5667892024377317,
        0.7280109889280518,
        0.7862092596758194,
        0.5468343238840973,
        0.7348469228349535,
        0.580409338312195,
        0.5528336096873995,
        1.1093353866166895
    ],
    [
        0.5951488028263763,
        0.8936504412303007,
        0.6009252125773316,
        0.5743353646704259,
        0.452615853800009,
        0.4859126579037751,
        0.4859126579037751,
        0.3974746672570607,
        0.6095307849303248,
        0.5170697352496191,
        0.3142947329153354,
        0.4350127712046063,
        0.46955948623269356,
        0.46955948623269356,
        0.5319643889501544,
        0.36059836263954664,
        0.5464532103585001,
        0.8789592962387077,
        0.7083333333333334,
        0.31732387941099616,
        0.5464532103585001,
        0.4350127712046063,
        0.4859126579037751,
        0.501733107449679,
        0.501733107449679,
        0.6141276559297568,
        0.0,
        0.8848650242331376,
        0.4859126579037751,
        0.501733107449679,
        0.33071891388307384,
        0.4350127712046063,
        0.46955948623269356,
        0.452615853800009,
        0.4805234414446165,
        0.6508541396588879,
        0.44682522061515034,
        0.5464532103585001,
        0.25,
        0.6614378277661477,
        0.3486083443891982,
        0.501733107449679,
        0.4350127712046063,
        0.5877806658194119,
        0.5170697352496191,
        0.5590169943749475,
        0.501733107449679,
        0.4166666666666667,
        0.6744339190099436,
        0.5965758776365148
    ],
    [
        1.2642050014591326,
        0.7603453162872774,
        1.224744871391589,
        0.7180703308172536,
        0.8477912478906585,
        0.82915619758885,
        0.9519716382329886,
        0.8385254915624212,
        0.9185586535436918,
        0.7603453162872774,
        0.8506075259867538,
        0.8838834764831844,
        0.9354143466934853,
        0.9354143466934853,
        0.7180703308172536,
        0.9462600928208408,
        0.9842509842514764,
        0.8477912478906585,
        0.7288689868556626,
        0.875,
        0.8477912478906585,
        0.7806247497997998,
        0.9100137361600648,
        0.8003905296791061,
        0.960143218483576,
        0.6910137480542626,
        0.8848650242331376,
        0.0,
        0.8003905296791061,
        0.75,
        0.8014743359029727,
        0.8838834764831844,
        0.8003905296791061,
        0.8100925873009825,
        1.0606601717798212,
        0.649519052838329,
        1.0,
        0.7180703308172536,
        0.8579691784155834,
        0.7817359599705717,
        0.8457409637576849,
        0.81967981553775,
        0.7603453162872774,
        0.8100925873009825,
        0.960143218483576,
        0.7916666666666667,
        0.9270248108869579,
        0.8385254915624212,
        0.6614378277661477,
        1.4361406616345072
    ],
    [
        0.6691069283998284,
        0.7806247497997998,
        0.5590169943749475,
        0.4841229182759271,
        0.30618621784789724,
        0.3535533905932738,
        0.30618621784789724,
        0.33071891388307384,
        0.7180703308172536,
        0.4841229182759271,
        0.3813242232868326,
        0.25,
        0.2795084971874737,
        0.2795084971874737,
        0.5,
        0.2879377767249482,
        0.414578098794425,
        0.9013878188659973,
        0.625,
        0.375,
        0.30618621784789724,
        0.375,
        0.33071891388307384,
        0.375,
        0.33071891388307384,
        0.6319612329882269,
        0.4859126579037751,
        0.8003905296791061,
        0.0,
        0.45069390943299864,
        0.4859126579037751,
        0.25,
        0.3535533905932738,
        0.3535533905932738,
        0.4841229182759271,
        0.625,
        0.6846531968814576,
        0.46770717334674267,
        0.501733107449679,
        0.8111634305804911,
        0.42898458920779164,
        0.375,
        0.3535533905932738,
        0.6373774391990981,
        0.375,
        0.6387379048648288,
        0.375,
        0.25,
        0.5448623679425842,
        0.82915619758885
    ],
    [
        0.8665775398964951,
        0.7603453162872774,
        0.770551750371122,
        0.4841229182759271,
        0.4841229182759271,
        0.46770717334674267,
        0.5303300858899106,
        0.414578098794425,
        0.770551750371122,
        0.375,
        0.4385010413503099,
        0.4841229182759271,
        0.5153882032022076,
        0.5153882032022076,
        0.45069390943299864,
        0.5200078492343227,
        0.5590169943749475,
        0.8385254915624212,
        0.5448623679425842,
        0.5303300858899106,
        0.5303300858899106,
        0.375,
        0.5448623679425842,
        0.5,
        0.5590169943749475,
        0.5667892024377317,
        0.501733107449679,
        0.75,
        0.45069390943299864,
        0.0,
        0.5319643889501544,
        0.4841229182759271,
        0.4330127018922193,
        0.375,
        0.6846531968814576,
        0.5448623679425842,
        0.649519052838329,
        0.46770717334674267,
        0.5743353646704259,
        0.7406828681096325,
        0.4805234414446165,
        0.5153882032022076,
        0.45069390943299864,
        0.5153882032022076,
        0.5863019699779287,
        0.6508541396588879,
        0.57282196186948,
        0.4330127018922193,
        0.6123724356957945,
        1.0231690964840563
    ],
    [
        0.7636466323754214,
        0.7817359599705717,
        0.7192781875680029,
        0.5605676686280713,
        0.4859126579037751,
        0.5319643889501544,
        0.5319643889501544,
        0.452615853800009,
        0.5697830971323893,
        0.5877806658194119,
        0.3816492881407248,
        0.4859126579037751,
        0.5170697352496191,
        0.5170697352496191,
        0.5605676686280713,
        0.4206021625459408,
        0.5877806658194119,
        0.8518770125108697,
