[
    [
        0.0,
        0.07493486755176124,
        0.05846339666834283,
        0.09757809372497497,
        0.05846339666834283,
        0.06810779599282303,
        0.08118988160479113,
        0.0625,
        0.12401959270615269,
        0.09757809372497497,
        0.05412658773652741,
        0.04133986423538423,
        0.12789613706050704,
        0.10364452469860624,
        0.07493486755176124,
        0.06987712429686843,
        0.05182226234930312,
        0.06629126073623882,
        0.06987712429686843,
        0.0625,
        0.05633673867912483,
        0.05846339666834283,
        0.05846339666834283,
        0.07328774624724109,
        0.078125,
        0.09110862335695782,
        0.05846339666834283,
        0.0855816496101822,
        0.07493486755176124,
        0.05633673867912483,
        0.07328774624724109,
        0.071602745233685,
        0.071602745233685,
        0.06987712429686843,
        0.06051536478449089,
        0.08267972847076846,
        0.07967217989988726,
        0.06629126073623882,
        0.05182226234930312,
        0.0855816496101822,
        0.038273277230987154,
        0.06987712429686843,
        0.05633673867912483,
        0.071602745233685,
        0.07328774624724109,
        0.07967217989988726,
        0.07493486755176124,
        0.10245997694221876,
        0.14149039278339715
    ],
    [
        0.07493486755176124,
        0.0,
        0.05412658773652741,
        0.11158481919598204,
        0.06987712429686843,
        0.04133986423538423,
        0.046875,
        0.038273277230987154,
        0.16461958988832404,
        0.04941058844013093,
        0.05182226234930312,
        0.071602745233685,
        0.16387638252658618,
        0.140625,
        0.06987712429686843,
        0.071602745233685,
        0.071602745233685,
        0.038273277230987154,
        0.03125,
        0.06442352540027595,
        0.0924387466109315,
        0.038273277230987154,
        0.0625,
        0.05182226234930312,
        0.10004881620988826,
        0.07493486755176124,
        0.05633673867912483,
        0.05182226234930312,
        0.046875,
        0.04419417382415922,
        0.03125,
        0.06051536478449089,
        0.06629126073623882,
        0.04133986423538423,
        0.06442352540027595,
        0.06629126073623882,
        0.05412658773652741,
        0.05182226234930312,
        0.05846339666834283,
        0.11481983169296148,
        0.06442352540027595,
        0.027063293868263706,
        0.08118988160479113,
        0.04419417382415922,
        0.03125,
        0.06051536478449089,
        0.05412658773652741,
        0.08267972847076846,
        0.11796616305110547
    ],
    [
        0.05846339666834283,
        0.05412658773652741,
        0.0,
        0.0924387466109315,
        0.04941058844013093,
        0.034938562148434216,
        0.06051536478449089,
        0.038273277230987154,
        0.12597277731716483,
        0.0855816496101822,
        0.038273277230987154,
        0.05182226234930312,
        0.11048543456039805,
        0.09757809372497497,
        0.06810779599282303,
        0.04419417382415922,
        0.04941058844013093,
        0.05412658773652741,
        0.04941058844013093,
        0.04133986423538423,
        0.05182226234930312,
        0.038273277230987154,
        0.04419417382415922,
        0.04941058844013093,
        0.07328774624724109,
        0.08699631816921909,
        0.04133986423538423,
        0.05633673867912483,
        0.04941058844013093,
        0.03125,
        0.04941058844013093,
        0.046875,
        0.05182226234930312,
        0.04419417382415922,
        0.05633673867912483,
        0.046875,
        0.0625,
        0.04133986423538423,
        0.034938562148434216,
        0.09110862335695782,
        0.04419417382415922,
        0.05846339666834283,
        0.04941058844013093,
        0.05182226234930312,
        0.05182226234930312,
        0.05182226234930312,
        0.04941058844013093,
        0.078125,
        0.12979099785809492
    ],
    [
        0.09757809372497497,
        0.11158481919598204,
        0.0924387466109315,
        0.0,
        0.09110862335695782,
        0.06987712429686843,
        0.0855816496101822,
        0.09882117688026186,
        0.09504316453590968,
        0.14905300022139775,
        0.11481983169296148,
        0.10245997694221876,
        0.07493486755176124,
        0.0897587913521567,
        0.08699631816921909,
        0.07654655446197431,
        0.12303137303143455,
        0.1269381000724369,
        0.10245997694221876,
        0.0897587913521567,
        0.07654655446197431,
        0.125,
        0.11048543456039805,
        0.07493486755176124,
        0.08118988160479113,
        0.12103072956898178,
        0.11692679333668567,
        0.07493486755176124,
        0.12979099785809492,
        0.11048543456039805,
        0.07967217989988726,
        0.07328774624724109,
        0.071602745233685,
        0.078125,
        0.078125,
        0.06051536478449089,
        0.08699631816921909,
        0.11048543456039805,
        0.10825317547305482,
        0.09631896879639025,
        0.09631896879639025,
        0.12597277731716483,
        0.08414320011147662,
        0.09757809372497497,
        0.10126157341262282,
        0.06051536478449089,
        0.12789613706050704,
        0.06987712429686843,
        0.08838834764831845
    ],
    [
        0.05846339666834283,
        0.06987712429686843,
        0.04941058844013093,
        0.09110862335695782,
        0.0,
        0.05412658773652741,
        0.06810779599282303,
        0.06051536478449089,
        0.12103072956898178,
        0.10481568644530265,
        0.0625,
        0.05412658773652741,
        0.11267347735824966,
        0.08699631816921909,
        0.06442352540027595,
        0.05633673867912483,
        0.05846339666834283,
        0.071602745233685,
        0.0625,
        0.05182226234930312,
        0.0625,
        0.0625,
        0.06051536478449089,
        0.05182226234930312,
        0.08838834764831845,
        0.10004881620988826,
        0.06442352540027595,
        0.06987712429686843,
        0.07493486755176124,
        0.06442352540027595,
        0.06051536478449089,
        0.05182226234930312,
        0.04419417382415922,
        0.06051536478449089,
        0.0625,
        0.05633673867912483,
        0.06629126073623882,
        0.06442352540027595,
        0.046875,
        0.09631896879639025,
        0.04941058844013093,
        0.07654655446197431,
        0.05846339666834283,
        0.06629126073623882,
        0.06987712429686843,
        0.05412658773652741,
        0.08267972847076846,
        0.078125,
        0.12103072956898178
    ],
    [
        0.06810779599282303,
        0.04133986423538423,
        0.034938562148434216,
        0.06987712429686843,
        0.05412658773652741,
        0.0,
        0.05182226234930312,
        0.046875,
        0.12303137303143455,
        0.06629126073623882,
        0.05412658773652741,
        0.06442352540027595,
        0.10481568644530265,
        0.09504316453590968,
        0.06051536478449089,
        0.04419417382415922,
        0.071602745233685,
        0.05412658773652741,
        0.038273277230987154,
        0.034938562148434216,
        0.06051536478449089,
        0.05846339666834283,
        0.05412658773652741,
        0.03125,
        0.06442352540027595,
        0.06810779599282303,
        0.05846339666834283,
        0.034938562148434216,
        0.05633673867912483,
        0.038273277230987154,
        0.03125,
        0.03125,
        0.03125,
        0.027063293868263706,
        0.04941058844013093,
        0.04133986423538423,
        0.05412658773652741,
        0.06051536478449089,
        0.06051536478449089,
        0.08699631816921909,
        0.06051536478449089,
        0.05412658773652741,
        0.0625,
        0.046875,
        0.046875,
        0.034938562148434216,
        0.05182226234930312,
        0.06442352540027595,
        0.09757809372497497
    ],
    [
        0.08118988160479113,
        0.046875,
        0.06051536478449089,
        0.0855816496101822,
        0.06810779599282303,
        0.05182226234930312,
        0.0,
        0.05633673867912483,
        0.13975424859373686,
        0.05412658773652741,
        0.06442352540027595,
        0.08267972847076846,
        0.11899645477912357,
        0.109375,
        0.034938562148434216,
        0.07654655446197431,
        0.07493486755176124,
        0.05182226234930312,
        0.046875,
        0.05633673867912483,
        0.06987712429686843,
        0.05633673867912483,
        0.05846339666834283,
        0.05633673867912483,
        0.109375,
        0.0924387466109315,
        0.06051536478449089,
        0.06051536478449089,
        0.05412658773652741,
        0.06051536478449089,
        0.04133986423538423,
        0.05412658773652741,
        0.06810779599282303,
        0.034938562148434216,
        0.08414320011147662,
        0.0625,
        0.015625,
        0.05182226234930312,
        0.05846339666834283,
        0.11267347735824966,
        0.06629126073623882,
        0.05182226234930312,
        0.08267972847076846,
        0.02209708691207961,
        0.02209708691207961,
        0.05182226234930312,
        0.05412658773652741,
        0.06629126073623882,
        0.10126157341262282
    ],
    [
        0.0625,
        0.038273277230987154,
        0.038273277230987154,
        0.09882117688026186,
        0.06051536478449089,
        0.046875,
        0.05633673867912483,
        0.0,
        0.15229366163764005,
        0.06442352540027595,
        0.03125,
        0.05846339666834283,
        0.13441133229754104,
        0.1269381000724369,
        0.06987712429686843,
        0.05182226234930312,
        0.05412658773652741,
        0.027063293868263706,
        0.034938562148434216,
        0.05633673867912483,
        0.06987712429686843,
        0.027063293868263706,
        0.04941058844013093,
        0.05182226234930312,
        0.08699631816921909,
        0.07493486755176124,
        0.034938562148434216,
        0.05182226234930312,
        0.046875,
        0.04133986423538423,
        0.04419417382415922,
        0.0625,
        0.06442352540027595,
        0.046875,
        0.046875,
        0.0625,
        0.05633673867912483,
        0.027063293868263706,
        0.046875,
        0.10126157341262282,
        0.05182226234930312,
        0.04133986423538423,
        0.05633673867912483,
        0.038273277230987154,
        0.04419417382415922,
        0.0625,
        0.046875,
        0.0924387466109315,
        0.12597277731716483
    ],
    [
        0.12401959270615269,
        0.16461958988832404,
        0.12597277731716483,
        0.09504316453590968,
        0.12103072956898178,
        0.12303137303143455,
        0.13975424859373686,
        0.15229366163764005,
        0.0,
        0.19578068884596356,
        0.13710881855300192,
        0.12979099785809492,
        0.10481568644530265,
        0.10711960313126631,
        0.1316585902058806,
        0.12597277731716483,
        0.13887803777055607,
        0.16755945773068137,
        0.14823176532039278,
        0.12979099785809492,
        0.10245997694221876,
        0.15229366163764005,
        0.1269381000724369,
        0.13258252147247765,
        0.10126157341262282,
        0.16828640022295324,
        0.13975424859373686,
        0.140625,
        0.15388840315306412,
        0.13710881855300192,
        0.140625,
        0.11899645477912357,
        0.1137517170200081,
        0.12979099785809492,
        0.12401959270615269,
        0.11899645477912357,
        0.13975424859373686,
        0.15229366163764005,
        0.13621559198564606,
        0.09631896879639025,
        0.12303137303143455,
        0.17258376589355096,
        0.12401959270615269,
        0.14823176532039278,
        0.14986973510352247,
        0.12597277731716483,
        0.15388840315306412,
        0.1307281291459493,
        0.1608692209529219
    ],
    [
        0.09757809372497497,
        0.04941058844013093,
        0.0855816496101822,
        0.14905300022139775,
        0.10481568644530265,
        0.06629126073623882,
        0.05412658773652741,
        0.06442352540027595,
        0.19578068884596356,
        0.0,
        0.0625,
        0.10126157341262282,
        0.20551478809321727,
        0.1781524101717403,
        0.09110862335695782,
        0.11692679333668567,
        0.08414320011147662,
        0.03125,
        0.04941058844013093,
        0.09882117688026186,
        0.12789613706050704,
        0.05182226234930312,
        0.07328774624724109,
        0.07967217989988726,
        0.12979099785809492,
        0.08118988160479113,
        0.05412658773652741,
        0.07493486755176124,
        0.03125,
        0.05412658773652741,
        0.04941058844013093,
        0.09757809372497497,
        0.09757809372497497,
        0.06810779599282303,
        0.0897587913521567,
        0.09110862335695782,
        0.05412658773652741,
        0.04941058844013093,
        0.08838834764831845,
        0.1316585902058806,
        0.0924387466109315,
        0.034938562148434216,
        0.11899645477912357,
        0.05182226234930312,
        0.046875,
        0.09504316453590968,
        0.03125,
        0.11158481919598204,
        0.15068204314051492
    ],
    [
        0.05412658773652741,
        0.05182226234930312,
        0.038273277230987154,
        0.11481983169296148,
        0.0625,
        0.05412658773652741,
        0.06442352540027595,
        0.03125,
        0.13710881855300192,
        0.0625,
        0.0,
        0.046875,
        0.13531646934131855,
        0.120017902310447,
        0.08414320011147662,
        0.05633673867912483,
        0.038273277230987154,
        0.034938562148434216,
        0.04419417382415922,
        0.0625,
        0.0625,
        0.03125,
        0.038273277230987154,
        0.05846339666834283,
        0.078125,
        0.07967217989988726,
        0.02209708691207961,
        0.06442352540027595,
        0.046875,
        0.034938562148434216,
        0.046875,
        0.06629126073623882,
        0.06051536478449089,
        0.06810779599282303,
        0.04133986423538423,
        0.06442352540027595,
        0.06051536478449089,
        0.03125,
        0.04419417382415922,
        0.08699631816921909,
        0.038273277230987154,
        0.046875,
        0.046875,
        0.0625,
        0.06051536478449089,
        0.07493486755176124,
        0.05412658773652741,
        0.0924387466109315,
        0.14490028899212037
    ],
    [
        0.04133986423538423,
        0.071602745233685,
        0.05182226234930312,
        0.10245997694221876,
        0.05412658773652741,
        0.06442352540027595,
        0.08267972847076846,
        0.05846339666834283,
        0.12979099785809492,
        0.10126157341262282,
        0.046875,
        0.0,
        0.11158481919598204,
        0.11267347735824966,
        0.07493486755176124,
        0.0625,
        0.046875,
        0.06810779599282303,
        0.06810779599282303,
        0.05182226234930312,
        0.05182226234930312,
        0.04941058844013093,
        0.04941058844013093,
        0.07328774624724109,
        0.08699631816921909,
        0.10245997694221876,
        0.06051536478449089,
        0.08118988160479113,
        0.05846339666834283,
        0.05633673867912483,
        0.06987712429686843,
        0.06629126073623882,
        0.05846339666834283,
        0.05633673867912483,
        0.0625,
        0.078125,
        0.08267972847076846,
        0.05412658773652741,
        0.04133986423538423,
        0.08267972847076846,
        0.04419417382415922,
        0.06810779599282303,
        0.05633673867912483,
        0.06810779599282303,
        0.06629126073623882,
        0.07654655446197431,
        0.05846339666834283,
        0.10245997694221876,
        0.15309310892394862
    ],
    [
        0.12789613706050704,
        0.16387638252658618,
        0.11048543456039805,
        0.07493486755176124,
        0.11267347735824966,
        0.10481568644530265,
        0.11899645477912357,
        0.13441133229754104,
        0.10481568644530265,
        0.20551478809321727,
        0.13531646934131855,
        0.11158481919598204,
        0.0,
        0.09882117688026186,
        0.11048543456039805,
        0.0924387466109315,
        0.1307281291459493,
        0.16973094517500337,
        0.14574029770451274,
        0.10825317547305482,
        0.09757809372497497,
        0.14320549046737,
        0.1316585902058806,
        0.12303137303143455,
        0.09757809372497497,
        0.15546678704790937,
        0.14574029770451274,
        0.11899645477912357,
        0.1570293065800139,
        0.12303137303143455,
        0.12789613706050704,
        0.10126157341262282,
        0.09631896879639025,
        0.10597390598633231,
        0.109375,
        0.09631896879639025,
        0.11899645477912357,
        0.13887803777055607,
        0.12203515118604147,
        0.1288470508005519,
        0.11048543456039805,
        0.1711632992203644,
        0.10481568644530265,
        0.13799626353637262,
        0.14320549046737,
        0.10126157341262282,
        0.15388840315306412,
        0.10597390598633231,
        0.12203515118604147
    ],
    [
        0.10364452469860624,
        0.140625,
        0.09757809372497497,
        0.0897587913521567,
        0.08699631816921909,
        0.09504316453590968,
        0.109375,
        0.1269381000724369,
        0.10711960313126631,
        0.1781524101717403,
        0.120017902310447,
        0.11267347735824966,
        0.09882117688026186,
        0.0,
        0.09882117688026186,
        0.10004881620988826,
        0.11796616305110547,
        0.14320549046737,
        0.1335000585205864,
        0.09631896879639025,
        0.10126157341262282,
        0.12789613706050704,
        0.11267347735824966,
        0.10126157341262282,
        0.10825317547305482,
        0.14320549046737,
        0.12103072956898178,
        0.109375,
        0.1307281291459493,
        0.11481983169296148,
        0.10711960313126631,
        0.09110862335695782,
        0.09631896879639025,
        0.10126157341262282,
        0.1137517170200081,
        0.08699631816921909,
        0.109375,
        0.1288470508005519,
        0.10597390598633231,
        0.1137517170200081,
        0.10481568644530265,
        0.14986973510352247,
        0.10364452469860624,
        0.11587810136086973,
        0.11796616305110547,
        0.09504316453590968,
        0.1307281291459493,
        0.08838834764831845,
        0.1269381000724369
    ],
    [
        0.07493486755176124,
        0.06987712429686843,
        0.06810779599282303,
        0.08699631816921909,
        0.06442352540027595,
        0.06051536478449089,
        0.034938562148434216,
        0.06987712429686843,
        0.1316585902058806,
        0.09110862335695782,
        0.08414320011147662,
        0.07493486755176124,
        0.11048543456039805,
        0.09882117688026186,
        0.0,
        0.07493486755176124,
        0.08699631816921909,
        0.08414320011147662,
        0.07328774624724109,
        0.05182226234930312,
        0.06987712429686843,
        0.08118988160479113,
        0.06810779599282303,
        0.06442352540027595,
        0.10825317547305482,
        0.1137517170200081,
        0.0855816496101822,
        0.07493486755176124,
        0.0855816496101822,
        0.08414320011147662,
        0.05633673867912483,
        0.04941058844013093,
        0.06810779599282303,
        0.038273277230987154,
        0.0855816496101822,
        0.05412658773652741,
        0.027063293868263706,
        0.0625,
        0.06810779599282303,
        0.10481568644530265,
        0.07328774624724109,
        0.07654655446197431,
        0.06810779599282303,
        0.046875,
        0.04941058844013093,
        0.046875,
        0.0855816496101822,
        0.06051536478449089,
        0.10004881620988826
    ],
    [
        0.06987712429686843,
        0.071602745233685,
        0.04419417382415922,
        0.07654655446197431,
        0.05633673867912483,
        0.04419417382415922,
        0.07654655446197431,
        0.05182226234930312,
        0.12597277731716483,
        0.11692679333668567,
        0.05633673867912483,
        0.0625,
        0.0924387466109315,
        0.10004881620988826,
        0.07493486755176124,
        0.0,
        0.07493486755176124,
        0.07654655446197431,
        0.05846339666834283,
        0.05633673867912483,
        0.06442352540027595,
        0.06442352540027595,
        0.06051536478449089,
        0.04419417382415922,
        0.0625,
        0.08699631816921909,
        0.071602745233685,
        0.04419417382415922,
        0.07654655446197431,
        0.06442352540027595,
        0.046875,
        0.05412658773652741,
        0.04941058844013093,
        0.05182226234930312,
        0.04941058844013093,
        0.05846339666834283,
        0.078125,
        0.06442352540027595,
        0.0625,
        0.08838834764831845,
        0.0625,
        0.08414320011147662,
        0.05846339666834283,
        0.0625,
        0.06987712429686843,
        0.05182226234930312,
        0.07328774624724109,
        0.07654655446197431,
        0.12303137303143455
    ],
    [
        0.05182226234930312,
        0.071602745233685,
        0.04941058844013093,
        0.12303137303143455,
        0.05846339666834283,
        0.071602745233685,
        0.07493486755176124,
        0.05412658773652741,
        0.13887803777055607,
        0.08414320011147662,
        0.038273277230987154,
        0.046875,
        0.1307281291459493,
        0.11796616305110547,
        0.08699631816921909,
        0.07493486755176124,
        0.0,
        0.05846339666834283,
        0.07328774624724109,
        0.06629126073623882,
        0.06987712429686843,
        0.04133986423538423,
        0.04133986423538423,
        0.07967217989988726,
        0.0855816496101822,
        0.09631896879639025,
        0.04133986423538423,
        0.09757809372497497,
        0.05633673867912483,
        0.04419417382415922,
        0.07328774624724109,
        0.07654655446197431,
        0.06629126073623882,
        0.078125,
        0.05846339666834283,
        0.078125,
        0.071602745233685,
        0.046875,
        0.046875,
        0.08118988160479113,
        0.038273277230987154,
        0.05846339666834283,
        0.06442352540027595,
        0.07328774624724109,
        0.071602745233685,
        0.0855816496101822,
        0.05633673867912483,
        0.10126157341262282,
        0.15934435979977452
    ],
    [
        0.06629126073623882,
        0.038273277230987154,
        0.05412658773652741,
        0.1269381000724369,
        0.071602745233685,
        0.05412658773652741,
        0.05182226234930312,
        0.027063293868263706,
        0.16755945773068137,
        0.03125,
        0.034938562148434216,
        0.06810779599282303,
        0.16973094517500337,
        0.14320549046737,
        0.08414320011147662,
        0.07654655446197431,
        0.05846339666834283,
        0.0,
        0.027063293868263706,
        0.07328774624724109,
        0.09757809372497497,
        0.03125,
        0.05633673867912483,
        0.05633673867912483,
        0.10004881620988826,
        0.0625,
        0.034938562148434216,
        0.06051536478449089,
        0.03125,
        0.034938562148434216,
        0.038273277230987154,
        0.07654655446197431,
        0.071602745233685,
        0.06051536478449089,
        0.06051536478449089,
        0.07493486755176124,
        0.04941058844013093,
        0.03125,
        0.05412658773652741,
        0.11481983169296148,
        0.0625,
        0.02209708691207961,
        0.07967217989988726,
        0.046875,
        0.038273277230987154,
        0.08118988160479113,
        0.03125,
        0.0897587913521567,
        0.140625
    ],
    [
        0.06987712429686843,
        0.03125,
        0.04941058844013093,
        0.10245997694221876,
        0.0625,
        0.038273277230987154,
        0.046875,
        0.034938562148434216,
        0.14823176532039278,
        0.04941058844013093,
        0.04419417382415922,
        0.06810779599282303,
        0.14574029770451274,
        0.1335000585205864,
        0.07328774624724109,
        0.05846339666834283,
        0.07328774624724109,
        0.027063293868263706,
        0.0,
        0.0625,
        0.078125,
        0.04941058844013093,
        0.046875,
        0.03125,
        0.08267972847076846,
        0.05182226234930312,
        0.04133986423538423,
        0.03125,
        0.04941058844013093,
        0.04419417382415922,
        0.027063293868263706,
        0.05633673867912483,
        0.05412658773652741,
        0.05182226234930312,
        0.05182226234930312,
        0.05846339666834283,
        0.04941058844013093,
        0.04419417382415922,
        0.06051536478449089,
        0.10245997694221876,
        0.06051536478449089,
        0.038273277230987154,
        0.06987712429686843,
        0.04133986423538423,
        0.034938562148434216,
        0.05846339666834283,
        0.04941058844013093,
        0.07654655446197431,
        0.1137517170200081
    ],
    [
        0.0625,
        0.06442352540027595,
        0.04133986423538423,
        0.0897587913521567,
        0.05182226234930312,
        0.034938562148434216,
        0.05633673867912483,
        0.05633673867912483,
        0.12979099785809492,
        0.09882117688026186,
        0.0625,
        0.05182226234930312,
        0.10825317547305482,
        0.09631896879639025,
        0.05182226234930312,
        0.05633673867912483,
        0.06629126073623882,
        0.07328774624724109,
        0.0625,
        0.0,
        0.05182226234930312,
        0.06051536478449089,
        0.05633673867912483,
        0.05633673867912483,
        0.0924387466109315,
        0.10597390598633231,
        0.071602745233685,
        0.05846339666834283,
        0.06629126073623882,
        0.05846339666834283,
        0.04941058844013093,
        0.034938562148434216,
        0.046875,
        0.03125,
        0.06810779599282303,
        0.05633673867912483,
        0.05633673867912483,
        0.04941058844013093,
        0.05412658773652741,
        0.08699631816921909,
        0.05633673867912483,
        0.06810779599282303,
        0.06442352540027595,
        0.04941058844013093,
        0.05182226234930312,
        0.04941058844013093,
        0.0625,
        0.08118988160479113,
        0.125
    ],
    [
        0.05633673867912483,
        0.0924387466109315,
        0.05182226234930312,
        0.07654655446197431,
        0.0625,
        0.06051536478449089,
        0.06987712429686843,
        0.06987712429686843,
        0.10245997694221876,
        0.12789613706050704,
        0.0625,
        0.05182226234930312,
        0.09757809372497497,
        0.10126157341262282,
        0.06987712429686843,
        0.06442352540027595,
        0.06987712429686843,
        0.09757809372497497,
        0.078125,
        0.05182226234930312,
        0.0,
        0.06629126073623882,
        0.06629126073623882,
        0.07967217989988726,
        0.07654655446197431,
        0.12303137303143455,
        0.07654655446197431,
        0.078125,
        0.07493486755176124,
        0.06629126073623882,
        0.07493486755176124,
        0.06051536478449089,
        0.06051536478449089,
        0.05846339666834283,
        0.06987712429686843,
        0.06810779599282303,
        0.071602745233685,
        0.07493486755176124,
        0.04941058844013093,
        0.08267972847076846,
        0.04941058844013093,
        0.0924387466109315,
        0.046875,
        0.06987712429686843,
        0.06810779599282303,
        0.0625,
        0.071602745233685,
        0.09882117688026186,
        0.13621559198564606
    ],
    [
        0.05846339666834283,
        0.038273277230987154,
        0.038273277230987154,
        0.125,
        0.0625,
        0.05846339666834283,
        0.05633673867912483,
        0.027063293868263706,
        0.15229366163764005,
        0.05182226234930312,
        0.03125,
        0.04941058844013093,
        0.14320549046737,
        0.12789613706050704,
        0.08118988160479113,
        0.06442352540027595,
        0.04133986423538423,
        0.03125,
        0.04941058844013093,
        0.06051536478449089,
        0.06629126073623882,
        0.0,
        0.046875,
        0.06810779599282303,
        0.09375,
        0.08267972847076846,
        0.034938562148434216,
        0.07493486755176124,
        0.027063293868263706,
        0.034938562148434216,
        0.04941058844013093,
        0.06810779599282303,
        0.06987712429686843,
        0.06051536478449089,
        0.06051536478449089,
        0.06629126073623882,
        0.05633673867912483,
        0.038273277230987154,
        0.038273277230987154,
        0.10245997694221876,
        0.04419417382415922,
        0.02209708691207961,
        0.05412658773652741,
        0.05412658773652741,
        0.046875,
        0.07654655446197431,
        0.027063293868263706,
        0.0924387466109315,
        0.14740595518838442
    ],
    [
        0.05846339666834283,
        0.0625,
        0.04419417382415922,
        0.11048543456039805,
        0.06051536478449089,
        0.05412658773652741,
        0.05846339666834283,
        0.04941058844013093,
        0.1269381000724369,
        0.07328774624724109,
        0.038273277230987154,
        0.04941058844013093,
        0.1316585902058806,
        0.11267347735824966,
        0.06810779599282303,
        0.06051536478449089,
        0.04133986423538423,
        0.05633673867912483,
        0.046875,
        0.05633673867912483,
        0.06629126073623882,
        0.046875,
        0.0,
        0.0625,
        0.07967217989988726,
        0.08414320011147662,
        0.03125,
        0.0625,
        0.04941058844013093,
        0.034938562148434216,
        0.04941058844013093,
        0.06442352540027595,
        0.05412658773652741,
        0.0625,
        0.06051536478449089,
        0.06629126073623882,
        0.06051536478449089,
        0.04133986423538423,
        0.04941058844013093,
        0.06987712429686843,
        0.05182226234930312,
        0.05412658773652741,
        0.07654655446197431,
        0.05412658773652741,
        0.05412658773652741,
        0.06629126073623882,
        0.04941058844013093,
        0.08414320011147662,
        0.1335000585205864
    ],
    [
        0.07328774624724109,
        0.05182226234930312,
        0.04941058844013093,
        0.07493486755176124,
        0.05182226234930312,
        0.03125,
        0.05633673867912483,
        0.05182226234930312,
        0.13258252147247765,
        0.07967217989988726,
        0.05846339666834283,
        0.07328774624724109,
        0.12303137303143455,
        0.10126157341262282,
        0.06442352540027595,
        0.04419417382415922,
        0.07967217989988726,
        0.05633673867912483,
        0.03125,
        0.05633673867912483,
        0.07967217989988726,
        0.06810779599282303,
        0.0625,
        0.0,
        0.07967217989988726,
        0.06051536478449089,
        0.0625,
        0.03125,
        0.07328774624724109,
        0.05633673867912483,
        0.03125,
        0.04941058844013093,
        0.038273277230987154,
        0.046875,
        0.05633673867912483,
        0.05633673867912483,
        0.05846339666834283,
        0.06810779599282303,
        0.071602745233685,
        0.08838834764831845,
        0.071602745233685,
        0.06987712429686843,
        0.071602745233685,
        0.05412658773652741,
        0.0625,
        0.046875,
        0.07328774624724109,
        0.05412658773652741,
        0.0924387466109315
    ],
    [
        0.078125,
        0.10004881620988826,
        0.07328774624724109,
        0.08118988160479113,
        0.08838834764831845,
        0.06442352540027595,
        0.109375,
        0.08699631816921909,
        0.10126157341262282,
        0.12979099785809492,
        0.078125,
        0.08699631816921909,
        0.09757809372497497,
        0.10825317547305482,
        0.10825317547305482,
        0.0625,
        0.0855816496101822,
        0.10004881620988826,
        0.08267972847076846,
        0.0924387466109315,
        0.07654655446197431,
        0.09375,
        0.07967217989988726,
        0.07967217989988726,
        0.0,
        0.0897587913521567,
        0.078125,
        0.07967217989988726,
        0.09504316453590968,
        0.07328774624724109,
        0.08414320011147662,
        0.08699631816921909,
        0.06442352540027595,
        0.08267972847076846,
        0.04941058844013093,
        0.071602745233685,
        0.11048543456039805,
        0.09504316453590968,
        0.0897587913521567,
        0.07328774624724109,
        0.0855816496101822,
        0.10825317547305482,
        0.08699631816921909,
        0.10126157341262282,
        0.10004881620988826,
        0.07654655446197431,
        0.09504316453590968,
        0.09504316453590968,
        0.13441133229754104
    ],
    [
        0.09110862335695782,
        0.07493486755176124,
        0.08699631816921909,
        0.12103072956898178,
        0.10004881620988826,
        0.06810779599282303,
        0.0924387466109315,
        0.07493486755176124,
        0.16828640022295324,
        0.08118988160479113,
        0.07967217989988726,
        0.10245997694221876,
        0.15546678704790937,
        0.14320549046737,
        0.1137517170200081,
        0.08699631816921909,
        0.09631896879639025,
        0.0625,
        0.05182226234930312,
        0.10597390598633231,
        0.12303137303143455,
        0.08267972847076846,
        0.08414320011147662,
        0.06051536478449089,
        0.0897587913521567,
        0.0,
        0.071602745233685,
        0.05846339666834283,
        0.08118988160479113,
        0.071602745233685,
        0.05846339666834283,
        0.10126157341262282,
        0.08267972847076846,
        0.0897587913521567,
        0.06629126073623882,
        0.0897587913521567,
        0.0924387466109315,
        0.08267972847076846,
        0.09375,
        0.08699631816921909,
        0.09882117688026186,
        0.07967217989988726,
        0.10481568644530265,
        0.09110862335695782,
        0.0855816496101822,
        0.09504316453590968,
        0.08118988160479113,
        0.0897587913521567,
        0.1269381000724369
    ],
    [
        0.05846339666834283,
        0.05633673867912483,
        0.04133986423538423,
        0.11692679333668567,
        0.06442352540027595,
        0.05846339666834283,
        0.06051536478449089,
        0.034938562148434216,
        0.13975424859373686,
        0.05412658773652741,
        0.02209708691207961,
        0.06051536478449089,
        0.14574029770451274,
        0.12103072956898178,
        0.0855816496101822,
        0.071602745233685,
        0.04133986423538423,
        0.034938562148434216,
        0.04133986423538423,
        0.071602745233685,
        0.07654655446197431,
        0.034938562148434216,
        0.03125,
        0.0625,
        0.078125,
        0.071602745233685,
        0.0,
        0.05182226234930312,
        0.038273277230987154,
        0.038273277230987154,
        0.038273277230987154,
        0.071602745233685,
        0.0625,
        0.0625,
        0.04133986423538423,
        0.05846339666834283,
        0.06051536478449089,
        0.034938562148434216,
        0.046875,
        0.0855816496101822,
        0.04419417382415922,
        0.04419417382415922,
        0.05633673867912483,
        0.05846339666834283,
        0.05846339666834283,
        0.07493486755176124,
        0.05182226234930312,
        0.09110862335695782,
        0.14657549249448218
    ],
    [
        0.0855816496101822,
        0.05182226234930312,
        0.05633673867912483,
        0.07493486755176124,
        0.06987712429686843,
        0.034938562148434216,
        0.06051536478449089,
        0.05182226234930312,
        0.140625,
        0.07493486755176124,
        0.06442352540027595,
        0.08118988160479113,
        0.11899645477912357,
        0.109375,
        0.07493486755176124,
        0.04419417382415922,
        0.09757809372497497,
        0.06051536478449089,
        0.03125,
        0.05846339666834283,
        0.078125,
        0.07493486755176124,
        0.0625,
        0.03125,
        0.07967217989988726,
        0.05846339666834283,
        0.05182226234930312,
        0.0,
        0.08118988160479113,
        0.06442352540027595,
        0.027063293868263706,
        0.05846339666834283,
        0.05412658773652741,
        0.05182226234930312,
        0.05846339666834283,
        0.046875,
        0.0625,
        0.07654655446197431,
        0.08699631816921909,
        0.08838834764831845,
        0.08414320011147662,
        0.07328774624724109,
        0.08267972847076846,
        0.05846339666834283,
        0.06810779599282303,
        0.04941058844013093,
        0.078125,
        0.06051536478449089,
        0.0924387466109315
    ],
    [
        0.07493486755176124,
        0.046875,
        0.04941058844013093,
        0.12979099785809492,
        0.07493486755176124,
        0.05633673867912483,
        0.05412658773652741,
        0.046875,
        0.15388840315306412,
        0.03125,
        0.046875,
        0.05846339666834283,
        0.1570293065800139,
        0.1307281291459493,
        0.0855816496101822,
        0.07654655446197431,
        0.05633673867912483,
        0.03125,
        0.04941058844013093,
        0.06629126073623882,
        0.07493486755176124,
        0.027063293868263706,
        0.04941058844013093,
        0.07328774624724109,
        0.09504316453590968,
        0.08118988160479113,
        0.038273277230987154,
        0.08118988160479113,
        0.0,
        0.03125,
        0.04941058844013093,
        0.078125,
        0.08118988160479113,
        0.0625,
        0.071602745233685,
        0.06810779599282303,
        0.05412658773652741,
        0.038273277230987154,
        0.05412658773652741,
        0.10481568644530265,
        0.06051536478449089,
        0.034938562148434216,
        0.06810779599282303,
        0.05182226234930312,
        0.046875,
        0.07967217989988726,
        0.0,
        0.09757809372497497,
        0.14986973510352247
    ],
    [
        0.05633673867912483,
        0.04419417382415922,
        0.03125,
        0.11048543456039805,
        0.06442352540027595,
        0.038273277230987154,
        0.06051536478449089,
        0.04133986423538423,
        0.13710881855300192,
        0.05412658773652741,
        0.034938562148434216,
        0.05633673867912483,
        0.12303137303143455,
        0.11481983169296148,
        0.08414320011147662,
        0.06442352540027595,
        0.04419417382415922,
        0.034938562148434216,
        0.04419417382415922,
        0.05846339666834283,
        0.06629126073623882,
        0.034938562148434216,
        0.034938562148434216,
        0.05633673867912483,
        0.07328774624724109,
        0.071602745233685,
        0.038273277230987154,
        0.06442352540027595,
        0.03125,
        0.0,
        0.046875,
        0.06629126073623882,
        0.05633673867912483,
        0.05182226234930312,
        0.04941058844013093,
        0.0625,
        0.06051536478449089,
        0.04419417382415922,
        0.05182226234930312,
        0.08838834764831845,
        0.05182226234930312,
        0.034938562148434216,
