[
    [
        0.0,
        0.8865851133790292,
        0.3138999255579812,
        0.7290877022354858,
        0.8005897061235677,
        0.6993984295559336,
        0.48903799777246976,
        0.532496952606442,
        0.7531820253201122,
        1.0473849846749042,
        0.48903799777246976,
        0.4203072248549936,
        0.549234160686775,
        0.48321309787627204,
        0.7104809380027772,
        0.5156974670783446,
        0.7707586376752585,
        0.676689118624872,
        0.7427369408244794,
        0.6341171751630251,
        0.5348206832811406,
        0.6865136709550388,
        0.47016274260637386,
        0.5200078492343227,
        0.48903799777246976,
        0.6993984295559336,
        0.590366973386305,
        0.6768723506971769,
        0.4385010413503099,
        0.3757550976687293,
        0.4203072248549936,
        0.4203072248549936,
        0.5595238095238095,
        0.5200078492343227,
        0.6650437303405741,
        0.5333997620194904,
        0.5632789391281252,
        0.5200078492343227,
        0.5632789391281252,
        0.6413120762455062,
        0.47016274260637386,
        0.590366973386305,
        0.6034551874541357,
        0.7533466527026731,
        0.6531907556489958,
        0.549234160686775,
        0.4559694762429895,
        0.3378729987218661,
        0.6288148879163932,
        0.6016028759972506
    ],
    [
        0.8865851133790292,
        0.0,
        0.739509972887452,
        0.5,
        0.5448623679425842,
        0.5,
        0.673145600891813,
        0.6095307849303248,
        0.5863019699779287,
        0.7660776723022281,
        0.7905694150420949,
        0.625,
        0.5153882032022076,
        0.5937171043518958,
        0.4841229182759271,
        0.5632789391281252,
        0.5303300858899106,
        0.46770717334674267,
        0.75,
        0.5863019699779287,
        0.5303300858899106,
        0.739509972887452,
        0.6588078458684123,
        0.5863019699779287,
        0.5863019699779287,
        0.4330127018922193,
        0.5448623679425842,
        0.5877806658194119,
        0.5994789404140899,
        0.6095307849303248,
        0.5994789404140899,
        0.5994789404140899,
        0.5697830971323893,
        0.5994789404140899,
        0.46770717334674267,
        0.5937171043518958,
        0.5863019699779287,
        0.5590169943749475,
        0.5863019699779287,
        0.5877806658194119,
        0.6934715407122183,
        0.5448623679425842,
        0.5303300858899106,
        0.5605676686280713,
        0.5,
        0.6614378277661477,
        0.5863019699779287,
        0.6846531968814576,
        0.5448623679425842,
        0.7905694150420949
    ],
    [
        0.3138999255579812,
        0.739509972887452,
        0.0,
        0.5590169943749475,
        0.7806247497997998,
        0.46770717334674267,
        0.1767766952966369,
        0.3254270698294439,
        0.673145600891813,
        1.019803902718557,
        0.1767766952966369,
        0.3535533905932738,
        0.414578098794425,
        0.5667892024377317,
        0.625,
        0.4385010413503099,
        0.7180703308172536,
        0.4330127018922193,
        0.6614378277661477,
        0.46770717334674267,
        0.4330127018922193,
        0.6123724356957945,
        0.27322660517925,
        0.30618621784789724,
        0.2795084971874737,
        0.5,
        0.33071891388307384,
        0.6744339190099436,
        0.30618621784789724,
        0.3254270698294439,
        0.2795084971874737,
        0.21650635094610965,
        0.42898458920779164,
        0.25,
        0.5590169943749475,
        0.425,
        0.2795084971874737,
        0.414578098794425,
        0.2795084971874737,
        0.6009252125773316,
        0.24295632895188748,
        0.375,
        0.5,
        0.6387379048648288,
        0.414578098794425,
        0.25,
        0.25,
        0.125,
        0.45069390943299864,
        0.7071067811865476
    ],
    [
        0.7290877022354858,
        0.5,
        0.5590169943749475,
        0.0,
        0.5303300858899106,
        0.3535533905932738,
        0.5,
        0.4166666666666667,
        0.5,
        0.7219764539096826,
        0.5994789404140899,
        0.4841229182759271,
        0.414578098794425,
        0.361420807370024,
        0.5448623679425842,
        0.354004064314268,
        0.5448623679425842,
        0.33071891388307384,
        0.649519052838329,
        0.4330127018922193,
        0.4330127018922193,
        0.5153882032022076,
        0.45261585380000896,
        0.4330127018922193,
        0.4330127018922193,
        0.30618621784789724,
        0.414578098794425,
        0.44682522061515034,
        0.45069390943299864,
        0.4166666666666667,
        0.4841229182759271,
        0.45069390943299864,
        0.377307714089059,
        0.45069390943299864,
        0.30618621784789724,
        0.40233692348577704,
        0.4330127018922193,
        0.414578098794425,
        0.4330127018922193,
        0.3004626062886658,
        0.485912657903775,
        0.45069390943299864,
        0.375,
        0.3486083443891982,
        0.3535533905932738,
        0.45069390943299864,
        0.46770717334674267,
        0.5153882032022076,
        0.4330127018922193,
        0.6373774391990981
    ],
    [
        0.8005897061235677,
        0.5448623679425842,
        0.7806247497997998,
        0.5303300858899106,
        0.0,
        0.5303300858899106,
        0.770551750371122,
        0.6627489050244527,
        0.57282196186948,
        0.6887488656977956,
        0.8926785535678563,
        0.649519052838329,
        0.57282196186948,
        0.5356071321407138,
        0.57282196186948,
        0.5451549115169195,
        0.5590169943749475,
        0.5590169943749475,
        0.7806247497997998,
        0.649519052838329,
        0.5590169943749475,
        0.7288689868556626,
        0.7192781875680029,
        0.649519052838329,
        0.673145600891813,
        0.5303300858899106,
        0.6373774391990981,
        0.5270462766947299,
        0.673145600891813,
        0.6508541396588878,
        0.6846531968814576,
        0.6959705453537527,
        0.6263873490988712,
        0.6959705453537527,
        0.5303300858899106,
        0.6169481339626532,
        0.673145600891813,
        0.5863019699779287,
        0.673145600891813,
        0.5965758776365148,
        0.7614861201040444,
        0.625,
        0.5448623679425842,
        0.5833333333333334,
        0.5994789404140899,
        0.7288689868556626,
        0.6959705453537527,
        0.739509972887452,
        0.5863019699779287,
        0.7071067811865476
    ],
    [
        0.6993984295559336,
        0.5,
        0.46770717334674267,
        0.3535533905932738,
        0.5303300858899106,
        0.0,
        0.414578098794425,
        0.3908679799852858,
        0.5,
        0.7660776723022281,
        0.5,
        0.375,
        0.2795084971874737,
        0.4602988159880492,
        0.5153882032022076,
        0.2593899829702491,
        0.5590169943749475,
        0.21650635094610965,
        0.6373774391990981,
        0.39528470752104744,
        0.33071891388307384,
        0.57282196186948,
        0.42898458920779164,
        0.3535533905932738,
        0.3535533905932738,
        0.25,
        0.33071891388307384,
        0.5170697352496191,
        0.33071891388307384,
        0.3908679799852858,
        0.33071891388307384,
        0.375,
        0.3254270698294439,
        0.375,
        0.2795084971874737,
        0.3657184709581948,
        0.3535533905932738,
        0.375,
        0.3535533905932738,
        0.4350127712046063,
        0.44682522061515034,
        0.2795084971874737,
        0.25,
        0.4350127712046063,
        0.21650635094610965,
        0.39528470752104744,
        0.3535533905932738,
        0.4330127018922193,
        0.33071891388307384,
        0.6846531968814576
    ],
    [
        0.48903799777246976,
        0.673145600891813,
        0.1767766952966369,
        0.5,
        0.770551750371122,
        0.414578098794425,
        0.0,
        0.27322660517925,
        0.673145600891813,
        1.0121141239998581,
        0.1767766952966369,
        0.39528470752104744,
        0.39528470752104744,
        0.5667892024377317,
        0.649519052838329,
        0.4203072248549936,
        0.739509972887452,
        0.39528470752104744,
        0.6959705453537527,
        0.39528470752104744,
        0.4330127018922193,
        0.5863019699779287,
        0.2083333333333333,
        0.25,
        0.21650635094610965,
        0.45069390943299864,
        0.2795084971874737,
        0.6744339190099436,
        0.25,
        0.3254270698294439,
        0.25,
        0.1767766952966369,
        0.3703414340548162,
        0.1767766952966369,
        0.5153882032022076,
        0.38649062084350766,
        0.21650635094610965,
        0.414578098794425,
        0.21650635094610965,
        0.5605676686280713,
        0.16666666666666663,
        0.30618621784789724,
        0.46770717334674267,
        0.5877806658194119,
        0.375,
        0.1767766952966369,
        0.21650635094610965,
        0.125,
        0.4330127018922193,
        0.7288689868556626
    ],
    [
        0.532496952606442,
        0.6095307849303248,
        0.3254270698294439,
        0.4166666666666667,
        0.6627489050244527,
        0.3908679799852858,
        0.27322660517925,
        0.0,
        0.6095307849303248,
        0.9191632668417027,
        0.3254270698294439,
        0.3703414340548162,
        0.3703414340548162,
        0.40748210594658835,
        0.6222160217945033,
        0.33157486850489176,
        0.6508541396588878,
        0.3703414340548162,
        0.6588078458684123,
        0.23199018178458425,
        0.39308254716902513,
        0.3974746672570607,
        0.1767766952966369,
        0.2083333333333333,
        0.16666666666666663,
        0.4124789556921527,
        0.24295632895188748,
        0.5137011669140814,
        0.2083333333333333,
        0.1767766952966369,
        0.27322660517925,
        0.2083333333333333,
        0.21650635094610965,
        0.2083333333333333,
        0.44682522061515034,
        0.2229848026709942,
        0.16666666666666663,
        0.3908679799852858,
        0.16666666666666663,
        0.3930825471690252,
        0.21650635094610965,
        0.27322660517925,
        0.42898458920779164,
        0.4289845892077917,
        0.34860834438919813,
        0.27322660517925,
        0.24295632895188748,
        0.3004626062886657,
        0.41036907507483766,
        0.5636562191028618
    ],
    [
        0.7531820253201122,
        0.5863019699779287,
        0.673145600891813,
        0.5,
        0.57282196186948,
        0.5,
        0.673145600891813,
        0.6095307849303248,
        0.0,
        0.6562202374203343,
        0.7603453162872774,
        0.5,
        0.45069390943299864,
        0.5385164807134504,
        0.5,
        0.48903799777246976,
        0.4841229182759271,
        0.5,
        0.5590169943749475,
        0.625,
        0.46770717334674267,
        0.739509972887452,
        0.6588078458684123,
        0.5863019699779287,
        0.5863019699779287,
        0.4841229182759271,
        0.5590169943749475,
        0.5605676686280713,
        0.5863019699779287,
        0.5416666666666666,
        0.5994789404140899,
        0.5994789404140899,
        0.5697830971323893,
        0.5994789404140899,
        0.46770717334674267,
        0.6067330549755798,
        0.5863019699779287,
        0.4841229182759271,
        0.5863019699779287,
        0.5877806658194119,
        0.6934715407122183,
        0.5590169943749475,
        0.375,
        0.6009252125773316,
        0.5303300858899106,
        0.5994789404140899,
        0.5994789404140899,
        0.625,
        0.5303300858899106,
        0.739509972887452
    ],
    [
        1.0473849846749042,
        0.7660776723022281,
        1.019803902718557,
        0.7219764539096826,
        0.6887488656977956,
        0.7660776723022281,
        1.0121141239998581,
        0.9191632668417027,
        0.6562202374203343,
        0.0,
        1.1008519428152,
        0.8344159634139319,
        0.7454025757937788,
        0.7656696415556777,
        0.6796138609534094,
        0.7311055369250387,
        0.6041522986797286,
        0.8154753215150046,
        0.7454025757937788,
        0.8400148808205722,
        0.7558108228915488,
        0.925,
        0.9688194419555747,
        0.9062284480195929,
        0.9483538369195329,
        0.7762087348130012,
        0.8710625695092173,
        0.7015360131723658,
        0.8888194417315589,
        0.8666666666666666,
        0.8799857953399021,
        0.9646890690787369,
        0.8845117925223558,
        0.9646890690787369,
        0.7762087348130012,
        0.8325412902673356,
        0.9400797838481583,
        0.7454025757937788,
        0.9483538369195329,
        0.843150507191793,
        0.9927165310959172,
        0.8250000000000001,
        0.7132671308843553,
        0.7919297808377822,
        0.8250000000000001,
        0.9646890690787369,
        0.9062284480195929,
        0.9807522622966516,
        0.8058380730643099,
        0.8050621094052309
    ],
    [
        0.48903799777246976,
        0.7905694150420949,
        0.1767766952966369,
        0.5994789404140899,
        0.8926785535678563,
        0.5,
        0.1767766952966369,
        0.3254270698294439,
        0.7603453162872774,
        1.1008519428152,
        0.0,
        0.4330127018922193,
        0.4841229182759271,
        0.6194755846681933,
        0.7288689868556626,
        0.5047605008965204,
        0.8003905296791061,
        0.46770717334674267,
        0.7905694150420949,
        0.5,
        0.5153882032022076,
        0.6123724356957945,
        0.27322660517925,
        0.30618621784789724,
        0.2795084971874737,
        0.5303300858899106,
        0.33071891388307384,
        0.7300589778306347,
        0.30618621784789724,
        0.3703414340548162,
        0.3535533905932738,
        0.25,
        0.44682522061515034,
        0.25,
        0.6123724356957945,
        0.44300112866673375,
        0.2795084971874737,
        0.45069390943299864,
        0.2795084971874737,
        0.6137883276106765,
        0.24295632895188748,
        0.414578098794425,
        0.5590169943749475,
        0.6627489050244528,
        0.4330127018922193,
        0.25,
        0.30618621784789724,
        0.21650635094610965,
        0.5303300858899106,
        0.7806247497997998
    ],
    [
        0.4203072248549936,
        0.625,
        0.3535533905932738,
        0.4841229182759271,
        0.649519052838329,
        0.375,
        0.39528470752104744,
        0.3703414340548162,
        0.5,
        0.8344159634139319,
        0.4330127018922193,
        0.0,
        0.25,
        0.4930770730829005,
        0.5,
        0.3138999255579812,
        0.5153882032022076,
        0.375,
        0.45069390943299864,
        0.4330127018922193,
        0.30618621784789724,
        0.5863019699779287,
        0.41036907507483766,
        0.3535533905932738,
        0.33071891388307384,
        0.4330127018922193,
        0.33071891388307384,
        0.5877806658194119,
        0.30618621784789724,
        0.27322660517925,
        0.3535533905932738,
        0.3535533905932738,
        0.3703414340548162,
        0.3535533905932738,
        0.46770717334674267,
        0.38649062084350766,
        0.33071891388307384,
        0.33071891388307384,
        0.33071891388307384,
        0.5464532103585001,
        0.42898458920779164,
        0.3535533905932738,
        0.33071891388307384,
        0.5319643889501544,
        0.375,
        0.39528470752104744,
        0.375,
        0.33071891388307384,
        0.4330127018922193,
        0.6959705453537527
    ],
    [
        0.549234160686775,
        0.5153882032022076,
        0.414578098794425,
        0.414578098794425,
        0.57282196186948,
        0.2795084971874737,
        0.39528470752104744,
        0.3703414340548162,
        0.45069390943299864,
        0.7454025757937788,
        0.4841229182759271,
        0.25,
        0.0,
        0.47696960070847283,
        0.45069390943299864,
        0.2593899829702491,
        0.5153882032022076,
        0.2795084971874737,
        0.5153882032022076,
        0.375,
        0.1767766952966369,
        0.5590169943749475,
        0.41036907507483766,
        0.33071891388307384,
        0.33071891388307384,
        0.33071891388307384,
        0.30618621784789724,
        0.5170697352496191,
        0.30618621784789724,
        0.3254270698294439,
        0.30618621784789724,
        0.3535533905932738,
        0.3004626062886657,
        0.3535533905932738,
        0.375,
        0.34369317712168795,
        0.33071891388307384,
        0.25,
        0.33071891388307384,
        0.4859126579037751,
        0.42898458920779164,
        0.25,
        0.2795084971874737,
        0.4859126579037751,
        0.25,
        0.375,
        0.33071891388307384,
        0.375,
        0.33071891388307384,
        0.625
    ],
    [
        0.48321309787627204,
        0.5937171043518958,
        0.5667892024377317,
        0.361420807370024,
        0.5356071321407138,
        0.4602988159880492,
        0.5667892024377317,
        0.40748210594658835,
        0.5385164807134504,
        0.7656696415556777,
        0.6194755846681933,
        0.4930770730829005,
        0.47696960070847283,
        0.0,
        0.5086747487343951,
        0.35275880642473556,
        0.4898979485566356,
        0.44300112866673375,
        0.702228595259407,
        0.43588989435406733,
        0.44300112866673375,
        0.5267826876426369,
        0.44417526570788096,
        0.5385164807134504,
        0.5238081709939241,
        0.3657184709581948,
        0.5238081709939241,
        0.29533408577782255,
        0.5238081709939241,
        0.3671398461985115,
        0.5528336096873995,
        0.5385164807134504,
        0.3452052529534663,
        0.5385164807134504,
        0.4697073557013984,
        0.3783186487605389,
        0.5238081709939241,
        0.5238081709939241,
        0.5238081709939241,
        0.23658449277630655,
        0.46142893999690426,
        0.5385164807134504,
        0.4602988159880492,
        0.29533408577782255,
        0.4602988159880492,
        0.5667892024377317,
        0.5528336096873995,
        0.5528336096873995,
        0.5667892024377317,
        0.5695392874947259
    ],
    [
        0.7104809380027772,
        0.4841229182759271,
        0.625,
        0.5448623679425842,
        0.57282196186948,
        0.5153882032022076,
        0.649519052838329,
        0.6222160217945033,
        0.5,
        0.6796138609534094,
        0.7288689868556626,
        0.5,
        0.45069390943299864,
        0.5086747487343951,
        0.0,
        0.48903799777246976,
        0.414578098794425,
        0.5153882032022076,
        0.6123724356957945,
        0.6373774391990981,
        0.45069390943299864,
        0.75,
        0.6468406123441677,
        0.5863019699779287,
        0.5994789404140899,
        0.46770717334674267,
        0.5863019699779287,
        0.5170697352496191,
        0.5863019699779287,
        0.5416666666666666,
        0.5994789404140899,
        0.6123724356957945,
        0.5833333333333334,
        0.6123724356957945,
        0.5448623679425842,
        0.6067330549755798,
        0.5994789404140899,
        0.4841229182759271,
        0.5994789404140899,
        0.6009252125773316,
        0.6705615391429617,
        0.57282196186948,
        0.45069390943299864,
        0.5877806658194119,
        0.5303300858899106,
        0.649519052838329,
        0.5863019699779287,
        0.5863019699779287,
        0.5863019699779287,
        0.7603453162872774
    ],
    [
        0.5156974670783446,
        0.5632789391281252,
        0.4385010413503099,
        0.354004064314268,
        0.5451549115169195,
        0.2593899829702491,
        0.4203072248549936,
        0.33157486850489176,
        0.48903799777246976,
        0.7311055369250387,
        0.5047605008965204,
        0.3138999255579812,
        0.2593899829702491,
        0.35275880642473556,
        0.48903799777246976,
        0.0,
        0.500318775932925,
        0.3138999255579812,
        0.5348206832811406,
        0.32439110936758836,
        0.2593899829702491,
        0.4359484148476322,
        0.3757550976687293,
        0.3602543036041431,
        0.3602543036041431,
        0.338344559312436,
        0.3602543036041431,
        0.42098106452587913,
        0.3602543036041431,
        0.28052075399876614,
        0.401289375968647,
        0.3813242232868326,
        0.28052075399876614,
        0.3813242232868326,
        0.3602543036041431,
        0.25706844161325865,
        0.3602543036041431,
        0.3602543036041431,
        0.3602543036041431,
        0.382066822282886,
        0.39600112805904514,
        0.3378729987218661,
        0.2593899829702491,
        0.4206021625459408,
        0.2879377767249482,
        0.3813242232868326,
        0.3602543036041431,
        0.401289375968647,
        0.3813242232868326,
        0.5333280186810028
    ],
    [
        0.7707586376752585,
        0.5303300858899106,
        0.7180703308172536,
        0.5448623679425842,
        0.5590169943749475,
        0.5590169943749475,
        0.739509972887452,
        0.6508541396588878,
        0.4841229182759271,
        0.6041522986797286,
        0.8003905296791061,
        0.5153882032022076,
        0.5153882032022076,
        0.4898979485566356,
        0.414578098794425,
        0.500318775932925,
        0.0,
        0.5863019699779287,
        0.5448623679425842,
        0.649519052838329,
        0.5303300858899106,
        0.7180703308172536,
        0.6972166887783963,
        0.673145600891813,
        0.673145600891813,
        0.5303300858899106,
        0.649519052838329,
        0.4805234414446165,
        0.649519052838329,
        0.5743353646704259,
        0.6614378277661477,
        0.6846531968814576,
        0.6137883276106765,
        0.6846531968814576,
        0.57282196186948,
        0.6169481339626532,
        0.6614378277661477,
        0.57282196186948,
        0.673145600891813,
        0.5833333333333334,
        0.7300589778306347,
        0.6373774391990981,
        0.5,
        0.5697830971323893,
        0.5994789404140899,
        0.6959705453537527,
        0.673145600891813,
        0.6846531968814576,
        0.649519052838329,
        0.7180703308172536
    ],
    [
        0.676689118624872,
        0.46770717334674267,
        0.4330127018922193,
        0.33071891388307384,
        0.5590169943749475,
        0.21650635094610965,
        0.39528470752104744,
        0.3703414340548162,
        0.5,
        0.8154753215150046,
        0.46770717334674267,
        0.375,
        0.2795084971874737,
        0.44300112866673375,
        0.5153882032022076,
        0.3138999255579812,
        0.5863019699779287,
        0.0,
        0.6373774391990981,
        0.39528470752104744,
        0.33071891388307384,
        0.5590169943749475,
        0.41036907507483766,
        0.3535533905932738,
        0.33071891388307384,
        0.25,
        0.2795084971874737,
        0.501733107449679,
        0.33071891388307384,
        0.3703414340548162,
        0.375,
        0.3535533905932738,
        0.3004626062886657,
        0.3535533905932738,
        0.30618621784789724,
        0.3657184709581948,
        0.33071891388307384,
        0.375,
        0.33071891388307384,
        0.4166666666666667,
        0.42898458920779164,
        0.33071891388307384,
        0.2795084971874737,
        0.4350127712046063,
        0.21650635094610965,
        0.39528470752104744,
        0.3535533905932738,
        0.414578098794425,
        0.39528470752104744,
        0.6959705453537527
    ],
    [
        0.7427369408244794,
        0.75,
        0.6614378277661477,
        0.649519052838329,
        0.7806247497997998,
        0.6373774391990981,
        0.6959705453537527,
        0.6588078458684123,
        0.5590169943749475,
        0.7454025757937788,
        0.7905694150420949,
        0.45069390943299864,
        0.5153882032022076,
        0.702228595259407,
        0.6123724356957945,
        0.5348206832811406,
        0.5448623679425842,
        0.6373774391990981,
        0.0,
        0.6373774391990981,
        0.5303300858899106,
        0.8003905296791061,
        0.6821127309893709,
        0.625,
        0.6373774391990981,
        0.649519052838329,
        0.5994789404140899,
        0.7083333333333334,
        0.625,
        0.5559026693385972,
        0.625,
        0.649519052838329,
        0.6588078458684123,
        0.649519052838329,
        0.6614378277661477,
        0.6442049363362563,
        0.6373774391990981,
        0.4841229182759271,
        0.6373774391990981,
        0.7817359599705717,
        0.7156485015549029,
        0.6123724356957945,
        0.5590169943749475,
        0.7716774657271723,
        0.649519052838329,
        0.673145600891813,
        0.6373774391990981,
        0.6123724356957945,
        0.649519052838329,
        0.770551750371122
    ],
    [
        0.6341171751630251,
        0.5863019699779287,
        0.46770717334674267,
        0.4330127018922193,
        0.649519052838329,
        0.39528470752104744,
        0.39528470752104744,
        0.23199018178458425,
        0.625,
        0.8400148808205722,
        0.5,
        0.4330127018922193,
        0.375,
        0.43588989435406733,
        0.6373774391990981,
        0.32439110936758836,
        0.649519052838329,
        0.39528470752104744,
        0.6373774391990981,
        0.0,
        0.39528470752104744,
        0.3535533905932738,
        0.2916666666666667,
        0.3535533905932738,
        0.33071891388307384,
        0.4330127018922193,
        0.2795084971874737,
        0.5068968775248517,
        0.3535533905932738,
        0.23199018178458425,
        0.375,
        0.375,
        0.26352313834736496,
        0.3535533905932738,
        0.5,
        0.22220486043288973,
        0.375,
        0.39528470752104744,
        0.33071891388307384,
        0.4039733214513608,
        0.31732387941099616,
        0.30618621784789724,
        0.45069390943299864,
        0.42287048187884246,
        0.39528470752104744,
        0.39528470752104744,
        0.33071891388307384,
        0.414578098794425,
        0.45069390943299864,
        0.5
    ],
    [
        0.5348206832811406,
        0.5303300858899106,
        0.4330127018922193,
        0.4330127018922193,
        0.5590169943749475,
        0.33071891388307384,
        0.4330127018922193,
        0.39308254716902513,
        0.46770717334674267,
        0.7558108228915488,
        0.5153882032022076,
        0.30618621784789724,
        0.1767766952966369,
        0.44300112866673375,
        0.45069390943299864,
        0.2593899829702491,
        0.5303300858899106,
        0.33071891388307384,
        0.5303300858899106,
        0.39528470752104744,
        0.0,
        0.5863019699779287,
        0.43100335136619167,
        0.3535533905932738,
        0.375,
        0.33071891388307384,
        0.33071891388307384,
        0.5464532103585001,
        0.3535533905932738,
        0.3280836614171588,
        0.3535533905932738,
        0.39528470752104744,
        0.3280836614171588,
        0.39528470752104744,
        0.39528470752104744,
        0.34369317712168795,
        0.375,
        0.25,
        0.375,
        0.5170697352496191,
        0.44876373392787533,
        0.30618621784789724,
        0.30618621784789724,
        0.5170697352496191,
        0.30618621784789724,
        0.414578098794425,
        0.375,
        0.39528470752104744,
        0.375,
        0.5863019699779287
    ],
    [
        0.6865136709550388,
        0.739509972887452,
        0.6123724356957945,
        0.5153882032022076,
        0.7288689868556626,
        0.57282196186948,
        0.5863019699779287,
        0.3974746672570607,
        0.739509972887452,
        0.925,
        0.6123724356957945,
        0.5863019699779287,
        0.5590169943749475,
        0.5267826876426369,
        0.75,
        0.4359484148476322,
        0.7180703308172536,
        0.5590169943749475,
        0.8003905296791061,
        0.3535533905932738,
        0.5863019699779287,
        0.0,
        0.4350127712046063,
        0.5590169943749475,
        0.5448623679425842,
        0.5994789404140899,
        0.5448623679425842,
        0.4805234414446165,
        0.5590169943749475,
        0.3974746672570607,
        0.5863019699779287,
        0.5590169943749475,
        0.33333333333333337,
        0.5590169943749475,
        0.6123724356957945,
        0.3699662146737186,
        0.5448623679425842,
        0.57282196186948,
        0.5448623679425842,
        0.34860834438919813,
        0.452615853800009,
        0.5590169943749475,
        0.5994789404140899,
        0.3703414340548162,
        0.5448623679425842,
        0.5863019699779287,
        0.57282196186948,
        0.5994789404140899,
        0.5863019699779287,
        0.46770717334674267
    ],
    [
        0.47016274260637386,
        0.6588078458684123,
        0.27322660517925,
        0.45261585380000896,
        0.7192781875680029,
        0.42898458920779164,
        0.2083333333333333,
        0.1767766952966369,
        0.6588078458684123,
        0.9688194419555747,
        0.27322660517925,
        0.41036907507483766,
        0.41036907507483766,
        0.44417526570788096,
        0.6468406123441677,
        0.3757550976687293,
        0.6972166887783963,
        0.41036907507483766,
        0.6821127309893709,
        0.2916666666666667,
        0.43100335136619167,
        0.4350127712046063,
        0.0,
        0.27322660517925,
        0.24295632895188748,
        0.44876373392787533,
        0.3004626062886657,
        0.5713045500334204,
        0.27322660517925,
        0.25,
        0.27322660517925,
        0.2083333333333333,
        0.2795084971874737,
        0.2083333333333333,
        0.5120085719768545,
        0.28455618464939786,
        0.24295632895188748,
        0.42898458920779164,
        0.24295632895188748,
        0.43100335136619167,
        0.125,
        0.3254270698294439,
        0.4639803635691685,
        0.4805234414446165,
        0.3908679799852858,
        0.2083333333333333,
        0.24295632895188748,
        0.24295632895188748,
        0.44682522061515034,
        0.5907269532815761
    ],
    [
        0.5200078492343227,
        0.5863019699779287,
        0.30618621784789724,
        0.4330127018922193,
        0.649519052838329,
        0.3535533905932738,
        0.25,
        0.2083333333333333,
        0.5863019699779287,
        0.9062284480195929,
        0.30618621784789724,
        0.3535533905932738,
        0.33071891388307384,
        0.5385164807134504,
        0.5863019699779287,
        0.3602543036041431,
        0.673145600891813,
        0.3535533905932738,
        0.625,
        0.3535533905932738,
        0.3535533905932738,
        0.5590169943749475,
        0.27322660517925,
        0.0,
        0.125,
        0.375,
        0.21650635094610965,
        0.6009252125773316,
        0.1767766952966369,
        0.27322660517925,
        0.25,
        0.1767766952966369,
        0.3004626062886657,
        0.1767766952966369,
        0.414578098794425,
        0.34369317712168795,
        0.125,
        0.2795084971874737,
        0.125,
        0.5170697352496191,
        0.3004626062886657,
        0.21650635094610965,
        0.375,
        0.5319643889501544,
        0.33071891388307384,
        0.25,
        0.21650635094610965,
        0.2795084971874737,
        0.33071891388307384,
        0.673145600891813
    ],
    [
        0.48903799777246976,
        0.5863019699779287,
        0.2795084971874737,
        0.4330127018922193,
        0.673145600891813,
        0.3535533905932738,
        0.21650635094610965,
        0.16666666666666663,
        0.5863019699779287,
        0.9483538369195329,
        0.2795084971874737,
        0.33071891388307384,
        0.33071891388307384,
        0.5238081709939241,
        0.5994789404140899,
        0.3602543036041431,
        0.673145600891813,
        0.33071891388307384,
        0.6373774391990981,
        0.33071891388307384,
        0.375,
        0.5448623679425842,
        0.24295632895188748,
        0.125,
        0.0,
        0.39528470752104744,
        0.1767766952966369,
        0.6009252125773316,
        0.125,
        0.24295632895188748,
        0.21650635094610965,
        0.125,
        0.27322660517925,
        0.125,
        0.414578098794425,
        0.3201562118716424,
        0.0,
        0.3535533905932738,
        0.0,
        0.501733107449679,
        0.27322660517925,
        0.21650635094610965,
        0.39528470752104744,
        0.5170697352496191,
        0.30618621784789724,
        0.21650635094610965,
        0.1767766952966369,
        0.25,
        0.375,
        0.6959705453537527
    ],
    [
        0.6993984295559336,
        0.4330127018922193,
        0.5,
        0.30618621784789724,
        0.5303300858899106,
        0.25,
        0.45069390943299864,
        0.4124789556921527,
        0.4841229182759271,
        0.7762087348130012,
        0.5303300858899106,
        0.4330127018922193,
        0.33071891388307384,
        0.3657184709581948,
        0.46770717334674267,
        0.338344559312436,
        0.5303300858899106,
        0.25,
        0.649519052838329,
        0.4330127018922193,
        0.33071891388307384,
        0.5994789404140899,
        0.44876373392787533,
        0.375,
        0.39528470752104744,
        0.0,
        0.375,
        0.5170697352496191,
        0.39528470752104744,
        0.4124789556921527,
        0.39528470752104744,
        0.414578098794425,
        0.35108957388234824,
        0.414578098794425,
        0.33071891388307384,
        0.3657184709581948,
        0.39528470752104744,
        0.3535533905932738,
        0.39528470752104744,
        0.4166666666666667,
        0.4658474953124562,
        0.33071891388307384,
        0.30618621784789724,
        0.4350127712046063,
        0.2795084971874737,
        0.414578098794425,
        0.39528470752104744,
        0.46770717334674267,
        0.414578098794425,
        0.673145600891813
    ],
    [
        0.590366973386305,
        0.5448623679425842,
        0.33071891388307384,
        0.414578098794425,
        0.6373774391990981,
        0.33071891388307384,
        0.2795084971874737,
        0.24295632895188748,
        0.5590169943749475,
        0.8710625695092173,
        0.33071891388307384,
        0.33071891388307384,
        0.30618621784789724,
        0.5238081709939241,
        0.5863019699779287,
        0.3602543036041431,
        0.649519052838329,
        0.2795084971874737,
        0.5994789404140899,
        0.2795084971874737,
        0.33071891388307384,
        0.5448623679425842,
        0.3004626062886657,
        0.21650635094610965,
        0.1767766952966369,
        0.375,
        0.0,
        0.5877806658194119,
        0.21650635094610965,
        0.24295632895188748,
        0.25,
        0.21650635094610965,
        0.27322660517925,
        0.21650635094610965,
        0.39528470752104744,
        0.3201562118716424,
        0.1767766952966369,
        0.30618621784789724,
        0.1767766952966369,
        0.501733107449679,
        0.3254270698294439,
        0.21650635094610965,
        0.39528470752104744,
        0.4859126579037751,
        0.30618621784789724,
        0.2795084971874737,
        0.21650635094610965,
        0.30618621784789724,
        0.3535533905932738,
        0.6614378277661477
    ],
    [
        0.6768723506971769,
        0.5877806658194119,
        0.6744339190099436,
        0.44682522061515034,
        0.5270462766947299,
        0.5170697352496191,
        0.6744339190099436,
        0.5137011669140814,
        0.5605676686280713,
        0.7015360131723658,
        0.7300589778306347,
        0.5877806658194119,
        0.5170697352496191,
        0.29533408577782255,
        0.5170697352496191,
        0.42098106452587913,
        0.4805234414446165,
        0.501733107449679,
        0.7083333333333334,
        0.5068968775248517,
        0.5464532103585001,
        0.4805234414446165,
        0.5713045500334204,
        0.6009252125773316,
        0.6009252125773316,
        0.5170697352496191,
        0.5877806658194119,
        0.0,
        0.6137883276106765,
        0.4658474953124562,
        0.6387379048648288,
        0.6263873490988712,
        0.4658474953124562,
        0.6263873490988712,
        0.5319643889501544,
        0.4863412153804958,
        0.6009252125773316,
        0.5464532103585001,
        0.6009252125773316,
        0.33071891388307384,
        0.5980291706003051,
        0.6009252125773316,
        0.501733107449679,
        0.375,
        0.5464532103585001,
        0.6387379048648288,
        0.6263873490988712,
        0.6508541396588879,
        0.5877806658194119,
        0.4805234414446165
    ],
    [
        0.4385010413503099,
        0.5994789404140899,
        0.30618621784789724,
        0.45069390943299864,
        0.673145600891813,
        0.33071891388307384,
        0.25,
        0.2083333333333333,
        0.5863019699779287,
        0.8888194417315589,
        0.30618621784789724,
        0.30618621784789724,
        0.30618621784789724,
        0.5238081709939241,
        0.5863019699779287,
        0.3602543036041431,
        0.649519052838329,
        0.33071891388307384,
        0.625,
        0.3535533905932738,
        0.3535533905932738,
        0.5590169943749475,
        0.27322660517925,
        0.1767766952966369,
        0.125,
        0.39528470752104744,
        0.21650635094610965,
        0.6137883276106765,
        0.0,
        0.27322660517925,
        0.1767766952966369,
        0.1767766952966369,
        0.3254270698294439,
        0.1767766952966369,
        0.45069390943299864,
        0.29474565306378986,
        0.125,
        0.30618621784789724,
        0.125,
        0.5170697352496191,
        0.3004626062886657,
        0.1767766952966369,
        0.375,
        0.501733107449679,
        0.33071891388307384,
        0.25,
        0.21650635094610965,
        0.2795084971874737,
        0.39528470752104744,
        0.7071067811865476
    ],
    [
        0.3757550976687293,
        0.6095307849303248,
        0.3254270698294439,
        0.4166666666666667,
        0.6508541396588878,
        0.3908679799852858,
        0.3254270698294439,
        0.1767766952966369,
        0.5416666666666666,
        0.8666666666666666,
        0.3703414340548162,
        0.27322660517925,
        0.3254270698294439,
        0.3671398461985115,
        0.5416666666666666,
        0.28052075399876614,
        0.5743353646704259,
        0.3703414340548162,
        0.5559026693385972,
        0.23199018178458425,
        0.3280836614171588,
        0.3974746672570607,
        0.25,
        0.27322660517925,
        0.24295632895188748,
        0.4124789556921527,
        0.24295632895188748,
        0.4658474953124562,
        0.27322660517925,
        0.0,
        0.3254270698294439,
        0.27322660517925,
        0.21650635094610965,
        0.27322660517925,
        0.42898458920779164,
        0.2229848026709942,
        0.24295632895188748,
        0.34860834438919813,
        0.24295632895188748,
        0.3930825471690252,
        0.2795084971874737,
        0.27322660517925,
