[
    [
        0.0,
        1.1726039399558574,
        1.125,
        1.2808688457449497,
        1.3169567191065923,
        1.2054563451241194,
        1.2054563451241194,
        1.1726039399558574,
        1.0680004681646913,
        1.2808688457449497,
        1.4197270864500684,
        1.3110110602126894,
        1.2686114456365274,
        1.1524430571616109,
        1.243734296383275,
        1.1524430571616109,
        1.118033988749895,
        1.286953767623375,
        1.1524430571616109,
        1.1726039399558574,
        1.1110243021644486,
        1.103970108290981,
        1.1524430571616109,
        1.103970108290981,
        1.165922381636102,
        1.505199322349037,
        1.3050383136138188,
        1.159202311936963,
        1.6345871038277526,
        1.1319231422671772,
        1.2119199643540823,
        1.2374368670764582,
        1.1726039399558574,
        1.3228756555322954,
        1.0606601717798212,
        1.1989578808281798,
        1.2562344526401112,
        1.243734296383275,
        1.2054563451241194,
        1.192424001771182,
        1.2747548783981961,
        1.2562344526401112,
        1.1858541225631423,
        1.1989578808281798,
        1.2624381172952597,
        1.340475661845451,
        1.125,
        1.125,
        1.103970108290981,
        1.2930100540985752
    ],
    [
        1.1726039399558574,
        0.0,
        1.1792476415070754,
        0.9270248108869579,
        1.118033988749895,
        1.0968705484240153,
        0.9013878188659973,
        0.8385254915624212,
        0.9100137361600648,
        1.0897247358851685,
        1.5,
        1.1524430571616109,
        1.0680004681646913,
        0.9921567416492215,
        1.1388041973930374,
        0.9100137361600648,
        1.125,
        0.9013878188659973,
        1.0532687216470449,
        1.0,
        1.1319231422671772,
        0.9842509842514764,
        0.9013878188659973,
        1.0383279828647594,
        1.0606601717798212,
        1.4086784586980805,
        0.9437293044088437,
        0.9270248108869579,
        1.6345871038277526,
        1.0968705484240153,
        0.9682458365518543,
        1.015504800579495,
        1.0307764064044151,
        1.015504800579495,
        1.0825317547305484,
        0.8569568250501305,
        0.81967981553775,
        0.9185586535436918,
        0.9437293044088437,
        0.9682458365518543,
        0.8926785535678563,
        1.1989578808281798,
        0.9185586535436918,
        0.9185586535436918,
        1.0,
        0.9185586535436918,
        1.0680004681646913,
        1.0680004681646913,
        0.9682458365518543,
        1.0606601717798212
    ],
    [
        1.125,
        1.1792476415070754,
        0.0,
        1.2747548783981961,
        1.2808688457449497,
        1.1726039399558574,
        1.1524430571616109,
        1.165922381636102,
        1.1388041973930374,
        1.2562344526401112,
        1.3635890143294642,
        1.2808688457449497,
        1.299038105676658,
        1.1319231422671772,
        1.3169567191065923,
        1.1524430571616109,
        1.118033988749895,
        1.3228756555322954,
        1.1726039399558574,
        1.1858541225631423,
        1.243734296383275,
        1.103970108290981,
        1.1792476415070754,
        1.14564392373896,
        1.159202311936963,
        1.5562374497485916,
        1.3863170633011772,
        1.224744871391589,
        1.6153559979150107,
        1.1989578808281798,
        1.1726039399558574,
        1.192424001771182,
        1.1524430571616109,
        1.3110110602126894,
        1.1858541225631423,
        1.1989578808281798,
        1.1319231422671772,
        1.1858541225631423,
        1.2054563451241194,
        1.14564392373896,
        1.299038105676658,
        1.2808688457449497,
        1.103970108290981,
        1.1726039399558574,
        1.25,
        1.334634781503914,
        1.1388041973930374,
        1.1858541225631423,
        1.165922381636102,
        1.3050383136138188
    ],
    [
        1.2808688457449497,
        0.9270248108869579,
        1.2747548783981961,
        0.0,
        1.1319231422671772,
        1.118033988749895,
        0.9185586535436918,
        0.8569568250501305,
        0.9437293044088437,
        1.14564392373896,
        1.590990257669732,
        1.125,
        1.125,
        0.9842509842514764,
        1.243734296383275,
        0.9185586535436918,
        1.1388041973930374,
        0.649519052838329,
        1.0680004681646913,
        0.9185586535436918,
        1.2686114456365274,
        1.0307764064044151,
        0.8477912478906585,
        1.125,
        1.0897247358851685,
        1.4469796128487782,
        0.6123724356957945,
        0.75,
        1.7275343701356567,
        1.0231690964840563,
        0.9185586535436918,
        1.0231690964840563,
        1.0231690964840563,
        0.9762812094883317,
        1.0752906583803283,
        0.8569568250501305,
        0.770551750371122,
        0.82915619758885,
        0.875,
        1.0307764064044151,
        0.649519052838329,
        1.2054563451241194,
        0.9270248108869579,
        0.875,
        1.0825317547305484,
        0.6123724356957945,
        1.0307764064044151,
        1.0825317547305484,
        1.0077822185373186,
        0.960143218483576
    ],
    [
        1.3169567191065923,
        1.118033988749895,
        1.2808688457449497,
        1.1319231422671772,
        0.0,
        1.192424001771182,
        1.1524430571616109,
        1.0458250331675945,
        1.1319231422671772,
        1.015504800579495,
        1.5309310892394863,
        0.9842509842514764,
        1.0077822185373186,
        1.159202311936963,
        0.9354143466934853,
        1.0532687216470449,
        1.192424001771182,
        1.159202311936963,
        1.103970108290981,
        1.1726039399558574,
        1.25,
        1.1319231422671772,
        1.0680004681646913,
        1.165922381636102,
        1.1388041973930374,
        1.103970108290981,
        1.1792476415070754,
        1.0825317547305484,
        1.3228756555322954,
        1.125,
        1.1524430571616109,
        1.1989578808281798,
        1.1388041973930374,
        0.9437293044088437,
        1.1858541225631423,
        1.0825317547305484,
        1.0897247358851685,
        1.0897247358851685,
        1.1524430571616109,
        1.224744871391589,
        1.0825317547305484,
        1.0968705484240153,
        1.0897247358851685,
        1.14564392373896,
        1.0,
        1.192424001771182,
        1.1858541225631423,
        1.0968705484240153,
        1.1110243021644486,
        0.9013878188659973
    ],
    [
        1.2054563451241194,
        1.0968705484240153,
        1.1726039399558574,
        1.118033988749895,
        1.192424001771182,
        0.0,
        0.9762812094883317,
        1.0231690964840563,
        1.0752906583803283,
        1.1524430571616109,
        1.4086784586980805,
        1.1524430571616109,
        1.165922381636102,
        1.118033988749895,
        1.25,
        1.0897247358851685,
        1.103970108290981,
        1.1726039399558574,
        1.103970108290981,
        1.125,
        1.1792476415070754,
        1.0897247358851685,
        1.0897247358851685,
        1.1319231422671772,
        1.0680004681646913,
        1.4523687548277813,
        1.192424001771182,
        1.0897247358851685,
        1.6153559979150107,
        1.0532687216470449,
        1.1110243021644486,
        1.0897247358851685,
        1.103970108290981,
        1.231107225224513,
        1.0752906583803283,
        1.103970108290981,
        1.0897247358851685,
        1.0077822185373186,
        1.0680004681646913,
        1.1388041973930374,
        1.159202311936963,
        1.224744871391589,
        1.0680004681646913,
        1.125,
        1.1989578808281798,
        1.14564392373896,
        1.14564392373896,
        1.0307764064044151,
        1.118033988749895,
        1.1792476415070754
    ],
    [
        1.2054563451241194,
        0.9013878188659973,
        1.1524430571616109,
        0.9185586535436918,
        1.1524430571616109,
        0.9762812094883317,
        0.0,
        0.9013878188659973,
        0.9682458365518543,
        1.1110243021644486,
        1.3863170633011772,
        1.0458250331675945,
        1.118033988749895,
        1.0307764064044151,
        1.1989578808281798,
        0.960143218483576,
        1.015504800579495,
        0.960143218483576,
        1.0307764064044151,
        0.9100137361600648,
        1.0680004681646913,
        0.9842509842514764,
        0.9100137361600648,
        1.0532687216470449,
        0.9921567416492215,
        1.4306903927824497,
        0.9682458365518543,
        0.875,
        1.5761900266148114,
        1.0231690964840563,
        0.9682458365518543,
        0.960143218483576,
        1.0231690964840563,
        1.0383279828647594,
        0.9921567416492215,
        0.875,
        0.8838834764831844,
        0.82915619758885,
        0.9354143466934853,
        0.9921567416492215,
        0.9185586535436918,
        1.2183492931011204,
        0.960143218483576,
        0.9354143466934853,
        1.0606601717798212,
        0.960143218483576,
        1.0458250331675945,
        1.0532687216470449,
        0.9270248108869579,
        1.1110243021644486
    ],
    [
        1.1726039399558574,
        0.8385254915624212,
        1.165922381636102,
        0.8569568250501305,
        1.0458250331675945,
        1.0231690964840563,
        0.9013878188659973,
        0.0,
        0.8838834764831844,
        1.0968705484240153,
        1.505199322349037,
        1.103970108290981,
        1.0825317547305484,
        1.0077822185373186,
        1.0897247358851685,
        0.9185586535436918,
        1.125,
        0.8660254037844386,
        1.0383279828647594,
        0.9921567416492215,
        1.14564392373896,
        0.9437293044088437,
        0.9013878188659973,
        1.0680004681646913,
        0.9921567416492215,
        1.340475661845451,
        0.8926785535678563,
        0.9013878188659973,
        1.6630168369562588,
        0.9842509842514764,
        0.9519716382329886,
        1.0,
        1.0231690964840563,
        1.0307764064044151,
        1.0680004681646913,
        0.8660254037844386,
        0.8926785535678563,
        0.8838834764831844,
        0.9354143466934853,
        1.015504800579495,
        0.8569568250501305,
        1.14564392373896,
        0.9354143466934853,
        0.9100137361600648,
        1.0680004681646913,
        0.8100925873009825,
        1.0680004681646913,
        1.0752906583803283,
        0.9921567416492215,
        1.0825317547305484
    ],
    [
        1.0680004681646913,
        0.9100137361600648,
        1.1388041973930374,
        0.9437293044088437,
        1.1319231422671772,
        1.0752906583803283,
        0.9682458365518543,
        0.8838834764831844,
        0.0,
        1.0752906583803283,
        1.403121520040228,
        1.1388041973930374,
        1.1319231422671772,
        1.015504800579495,
        1.1319231422671772,
        0.9270248108869579,
        1.103970108290981,
        1.0,
        1.0606601717798212,
        1.0458250331675945,
        1.2562344526401112,
        1.0825317547305484,
        1.0,
        1.103970108290981,
        1.0680004681646913,
        1.3975424859373686,
        0.9519716382329886,
        0.9437293044088437,
        1.6153559979150107,
        1.0231690964840563,
        1.0077822185373186,
        1.015504800579495,
        1.0,
        1.1319231422671772,
        1.0458250331675945,
        0.9519716382329886,
        0.9519716382329886,
        0.9762812094883317,
        1.0231690964840563,
        0.9762812094883317,
        0.9519716382329886,
        1.1726039399558574,
        0.9100137361600648,
        1.0458250331675945,
        1.0606601717798212,
        0.9762812094883317,
        1.0458250331675945,
        1.0458250331675945,
        1.0231690964840563,
        1.1110243021644486
    ],
    [
        1.2808688457449497,
        1.0897247358851685,
        1.2562344526401112,
        1.14564392373896,
        1.015504800579495,
        1.1524430571616109,
        1.1110243021644486,
        1.0968705484240153,
        1.0752906583803283,
        0.0,
        1.4842927608797396,
        1.0968705484240153,
        1.0077822185373186,
        1.159202311936963,
        1.0,
        1.1388041973930374,
        1.2183492931011204,
        1.224744871391589,
        1.1388041973930374,
        1.103970108290981,
        1.192424001771182,
        1.1319231422671772,
        1.118033988749895,
        1.14564392373896,
        1.103970108290981,
        1.125,
        1.25,
        1.1792476415070754,
        1.3050383136138188,
        1.14564392373896,
        1.1524430571616109,
        1.1989578808281798,
        1.2119199643540823,
        1.015504800579495,
        1.165922381636102,
        1.1110243021644486,
        1.192424001771182,
        1.103970108290981,
        1.1110243021644486,
        1.1858541225631423,
        1.1524430571616109,
        1.103970108290981,
        1.0752906583803283,
        1.1110243021644486,
        0.9762812094883317,
        1.2183492931011204,
        1.14564392373896,
        1.1726039399558574,
        1.1388041973930374,
        1.0383279828647594
    ],
    [
        1.4197270864500684,
        1.5,
        1.3635890143294642,
        1.590990257669732,
        1.5309310892394863,
        1.4086784586980805,
        1.3863170633011772,
        1.505199322349037,
        1.403121520040228,
        1.4842927608797396,
        0.0,
        1.4947825928876748,
        1.541103500742244,
        1.4142135623730951,
        1.4684175155588413,
        1.4361406616345072,
        1.3693063937629153,
        1.713913650100261,
        1.340475661845451,
        1.4737282653189494,
        1.4252192813739224,
        1.3919410907075054,
        1.5309310892394863,
        1.3287682265918312,
        1.375,
        1.7809758560968758,
        1.7365554986812255,
        1.541103500742244,
        1.6583123951777,
        1.479019945774904,
        1.4684175155588413,
        1.4947825928876748,
        1.4197270864500684,
        1.6056540723331412,
        1.3635890143294642,
        1.5206906325745548,
        1.5562374497485916,
        1.5,
        1.4577379737113252,
        1.3693063937629153,
        1.6817030058842137,
        1.505199322349037,
        1.3919410907075054,
        1.6105123408406408,
        1.489546910976623,
        1.6770509831248424,
        1.403121520040228,
        1.375,
        1.4469796128487782,
        1.5360257159305635
    ],
    [
        1.3110110602126894,
        1.1524430571616109,
        1.2808688457449497,
        1.125,
        0.9842509842514764,
        1.1524430571616109,
        1.0458250331675945,
        1.103970108290981,
        1.1388041973930374,
        1.0968705484240153,
        1.4947825928876748,
        0.0,
        1.0458250331675945,
        1.165922381636102,
        1.0968705484240153,
        1.103970108290981,
        1.1792476415070754,
        1.165922381636102,
        1.1388041973930374,
        1.1524430571616109,
        1.2686114456365274,
        1.1792476415070754,
        1.118033988749895,
        1.1858541225631423,
        1.0752906583803283,
        1.1726039399558574,
        1.1726039399558574,
        1.0307764064044151,
        1.3693063937629153,
        1.159202311936963,
        1.1110243021644486,
        1.125,
        1.125,
        0.9519716382329886,
        1.14564392373896,
        1.0532687216470449,
        1.0458250331675945,
        1.0606601717798212,
        1.0968705484240153,
        1.125,
        1.0231690964840563,
        1.118033988749895,
        1.103970108290981,
        1.0752906583803283,
        0.9100137361600648,
        1.1792476415070754,
        1.192424001771182,
        1.1388041973930374,
        1.125,
        0.9842509842514764
    ],
    [
        1.2686114456365274,
        1.0680004681646913,
        1.299038105676658,
        1.125,
        1.0077822185373186,
        1.165922381636102,
        1.118033988749895,
        1.0825317547305484,
        1.1319231422671772,
        1.0077822185373186,
        1.541103500742244,
        1.0458250331675945,
        0.0,
        1.159202311936963,
        1.0307764064044151,
        1.0532687216470449,
        1.224744871391589,
        1.0968705484240153,
        1.1726039399558574,
        1.1524430571616109,
        1.3110110602126894,
        1.125,
        1.103970108290981,
        1.243734296383275,
        1.0825317547305484,
        1.0897247358851685,
        1.165922381636102,
        1.0231690964840563,
        1.352081728298996,
        1.1110243021644486,
        1.14564392373896,
        1.192424001771182,
        1.2119199643540823,
        0.9354143466934853,
        1.192424001771182,
        1.0968705484240153,
        1.0752906583803283,
        1.0307764064044151,
        1.1989578808281798,
        1.2054563451241194,
        1.0752906583803283,
        1.0680004681646913,
        1.0606601717798212,
        1.0897247358851685,
        0.9842509842514764,
        1.125,
        1.224744871391589,
        1.1319231422671772,
        1.159202311936963,
        0.9921567416492215
    ],
    [
        1.1524430571616109,
        0.9921567416492215,
        1.1319231422671772,
        0.9842509842514764,
        1.159202311936963,
        1.118033988749895,
        1.0307764064044151,
        1.0077822185373186,
        1.015504800579495,
        1.159202311936963,
        1.4142135623730951,
        1.165922381636102,
        1.159202311936963,
        0.0,
        1.125,
        1.0307764064044151,
        1.0968705484240153,
        0.9762812094883317,
        1.0606601717798212,
        1.0307764064044151,
        1.2374368670764582,
        1.103970108290981,
        1.015504800579495,
        1.14564392373896,
        1.0825317547305484,
        1.4630874888399532,
        1.0532687216470449,
        0.9762812094883317,
        1.5662455107677085,
        1.0077822185373186,
        0.9762812094883317,
        1.0825317547305484,
        1.0968705484240153,
        1.103970108290981,
        1.125,
        1.0231690964840563,
        0.9354143466934853,
        0.9682458365518543,
        0.9921567416492215,
        1.0968705484240153,
        1.0307764064044151,
        1.2183492931011204,
        0.9437293044088437,
        1.0458250331675945,
        1.103970108290981,
        1.0532687216470449,
        1.0606601717798212,
        1.0532687216470449,
        1.0077822185373186,
        1.165922381636102
    ],
    [
        1.243734296383275,
        1.1388041973930374,
        1.3169567191065923,
        1.243734296383275,
        0.9354143466934853,
        1.25,
        1.1989578808281798,
        1.0897247358851685,
        1.1319231422671772,
        1.0,
        1.4684175155588413,
        1.0968705484240153,
        1.0307764064044151,
        1.125,
        0.0,
        1.118033988749895,
        1.25,
        1.2183492931011204,
        1.1792476415070754,
        1.1792476415070754,
        1.2624381172952597,
        1.14564392373896,
        1.1388041973930374,
        1.1524430571616109,
        1.192424001771182,
        1.1110243021644486,
        1.299038105676658,
        1.1388041973930374,
        1.357847561400027,
        1.224744871391589,
        1.1524430571616109,
        1.231107225224513,
        1.224744871391589,
        1.0680004681646913,
        1.25,
        1.1726039399558574,
        1.165922381636102,
        1.1110243021644486,
        1.192424001771182,
        1.2183492931011204,
        1.2183492931011204,
        1.1524430571616109,
        1.1110243021644486,
        1.2183492931011204,
        1.0383279828647594,
        1.25,
        1.224744871391589,
        1.14564392373896,
        1.1989578808281798,
        1.0897247358851685
    ],
    [
        1.1524430571616109,
        0.9100137361600648,
        1.1524430571616109,
        0.9185586535436918,
        1.0532687216470449,
        1.0897247358851685,
        0.960143218483576,
        0.9185586535436918,
        0.9270248108869579,
        1.1388041973930374,
        1.4361406616345072,
        1.103970108290981,
        1.0532687216470449,
        1.0307764064044151,
        1.118033988749895,
        0.0,
        1.0532687216470449,
        0.960143218483576,
        0.9519716382329886,
        1.0,
        1.1524430571616109,
        0.9682458365518543,
        0.9519716382329886,
        1.0680004681646913,
        1.0231690964840563,
        1.4197270864500684,
        0.9921567416492215,
        0.9682458365518543,
        1.6007810593582121,
        1.0307764064044151,
        0.9762812094883317,
        1.0307764064044151,
        1.0077822185373186,
        1.0680004681646913,
        1.0825317547305484,
        0.9519716382329886,
        0.9270248108869579,
        0.960143218483576,
        0.9921567416492215,
        1.0606601717798212,
        0.9354143466934853,
        1.2054563451241194,
        0.9519716382329886,
        1.015504800579495,
        1.0897247358851685,
        1.0077822185373186,
        0.9921567416492215,
        1.0231690964840563,
        1.0,
        1.0532687216470449
    ],
    [
        1.118033988749895,
        1.125,
        1.118033988749895,
        1.1388041973930374,
        1.192424001771182,
        1.103970108290981,
        1.015504800579495,
        1.125,
        1.103970108290981,
        1.2183492931011204,
        1.3693063937629153,
        1.1792476415070754,
        1.224744871391589,
        1.0968705484240153,
        1.25,
        1.0532687216470449,
        0.0,
        1.2119199643540823,
        1.0897247358851685,
        1.0825317547305484,
        1.165922381636102,
        1.14564392373896,
        1.165922381636102,
        1.14564392373896,
        1.0897247358851685,
        1.4684175155588413,
        1.2686114456365274,
        1.0752906583803283,
        1.5662455107677085,
        1.125,
        1.1388041973930374,
        1.125,
        1.1989578808281798,
        1.2374368670764582,
        1.0752906583803283,
        1.0897247358851685,
        1.1319231422671772,
        1.1524430571616109,
        1.0897247358851685,
        1.0752906583803283,
        1.165922381636102,
        1.224744871391589,
        1.0825317547305484,
        1.103970108290981,
        1.165922381636102,
        1.2808688457449497,
        1.1319231422671772,
        1.14564392373896,
        1.1319231422671772,
        1.2562344526401112
    ],
    [
        1.286953767623375,
        0.9013878188659973,
        1.3228756555322954,
        0.649519052838329,
        1.159202311936963,
        1.1726039399558574,
        0.960143218483576,
        0.8660254037844386,
        1.0,
        1.224744871391589,
        1.713913650100261,
        1.165922381636102,
        1.0968705484240153,
        0.9762812094883317,
        1.2183492931011204,
        0.960143218483576,
        1.2119199643540823,
        0.0,
        1.1524430571616109,
        0.9682458365518543,
        1.299038105676658,
        1.1110243021644486,
        0.875,
        1.2054563451241194,
        1.103970108290981,
        1.4842927608797396,
        0.5994789404140899,
        0.6959705453537527,
        1.8114220932736798,
        1.0606601717798212,
        0.960143218483576,
        1.015504800579495,
        1.0897247358851685,
        0.9100137361600648,
        1.1388041973930374,
        0.8477912478906585,
        0.6959705453537527,
        0.8477912478906585,
        0.8477912478906585,
        1.0752906583803283,
        0.7180703308172536,
        1.286953767623375,
        0.9519716382329886,
        0.9437293044088437,
        1.1110243021644486,
        0.5863019699779287,
        1.0307764064044151,
        1.0968705484240153,
        1.0077822185373186,
        1.0458250331675945
    ],
    [
        1.1524430571616109,
        1.0532687216470449,
        1.1726039399558574,
        1.0680004681646913,
        1.103970108290981,
        1.103970108290981,
        1.0307764064044151,
        1.0383279828647594,
        1.0606601717798212,
        1.1388041973930374,
        1.340475661845451,
        1.1388041973930374,
        1.1726039399558574,
        1.0606601717798212,
        1.1792476415070754,
        0.9519716382329886,
        1.0897247358851685,
        1.1524430571616109,
        0.0,
        1.0,
        1.1388041973930374,
        1.0383279828647594,
        1.0897247358851685,
        1.0532687216470449,
        1.0077822185373186,
        1.4086784586980805,
        1.2054563451241194,
        1.0606601717798212,
        1.6056540723331412,
        1.0752906583803283,
        0.9842509842514764,
        1.0,
        1.0231690964840563,
        1.14564392373896,
        1.0897247358851685,
        1.015504800579495,
        1.0307764064044151,
        1.0307764064044151,
        1.0752906583803283,
        1.0825317547305484,
        1.0968705484240153,
        1.165922381636102,
        0.960143218483576,
        1.1110243021644486,
        1.1388041973930374,
        1.14564392373896,
        1.0383279828647594,
        1.0458250331675945,
        0.9921567416492215,
        1.1524430571616109
    ],
    [
        1.1726039399558574,
        1.0,
        1.1858541225631423,
        0.9185586535436918,
        1.1726039399558574,
        1.125,
        0.9100137361600648,
        0.9921567416492215,
        1.0458250331675945,
        1.103970108290981,
        1.4737282653189494,
        1.1524430571616109,
        1.1524430571616109,
        1.0307764064044151,
        1.1792476415070754,
        1.0,
        1.0825317547305484,
        0.9682458365518543,
        1.0,
        0.0,
        1.0897247358851685,
        0.9921567416492215,
        0.960143218483576,
        1.0458250331675945,
        1.0606601717798212,
        1.5,
        1.0532687216470449,
        0.9921567416492215,
        1.620185174601965,
        0.9519716382329886,
        0.9762812094883317,
        1.0231690964840563,
        1.0307764064044151,
        1.0307764064044151,
        1.0752906583803283,
        0.9100137361600648,
        0.9354143466934853,
        0.9682458365518543,
        0.9921567416492215,
        0.9921567416492215,
        0.9270248108869579,
        1.25,
        1.0,
        0.9437293044088437,
        1.0897247358851685,
        1.015504800579495,
        1.0077822185373186,
        1.0606601717798212,
        0.875,
        1.118033988749895
    ],
    [
        1.1110243021644486,
        1.1319231422671772,
        1.243734296383275,
        1.2686114456365274,
        1.25,
        1.1792476415070754,
        1.0680004681646913,
        1.14564392373896,
        1.2562344526401112,
        1.192424001771182,
        1.4252192813739224,
        1.2686114456365274,
        1.3110110602126894,
        1.2374368670764582,
        1.2624381172952597,
        1.1524430571616109,
        1.165922381636102,
        1.299038105676658,
        1.1388041973930374,
        1.0897247358851685,
        0.0,
        1.0606601717798212,
        1.1388041973930374,
        1.0752906583803283,
        1.0968705484240153,
        1.5461646096066226,
        1.340475661845451,
        1.2119199643540823,
        1.6056540723331412,
        1.1319231422671772,
        1.159202311936963,
        1.1792476415070754,
        1.1726039399558574,
        1.2686114456365274,
        1.0606601717798212,
        1.159202311936963,
        1.2374368670764582,
        1.1319231422671772,
        1.0897247358851685,
        1.1989578808281798,
        1.1858541225631423,
        1.2808688457449497,
        1.14564392373896,
        1.1524430571616109,
        1.231107225224513,
        1.334634781503914,
        1.103970108290981,
        1.1792476415070754,
        1.1110243021644486,
        1.3050383136138188
    ],
    [
        1.103970108290981,
        0.9842509842514764,
        1.103970108290981,
        1.0307764064044151,
        1.1319231422671772,
        1.0897247358851685,
        0.9842509842514764,
        0.9437293044088437,
        1.0825317547305484,
        1.1319231422671772,
        1.3919410907075054,
        1.1792476415070754,
        1.125,
        1.103970108290981,
        1.14564392373896,
        0.9682458365518543,
        1.14564392373896,
        1.1110243021644486,
        1.0383279828647594,
        0.9921567416492215,
        1.0606601717798212,
        0.0,
        1.0,
        0.9921567416492215,
        1.0307764064044151,
        1.4523687548277813,
        1.1319231422671772,
        1.0307764064044151,
        1.5612494995995996,
        0.960143218483576,
        0.9842509842514764,
        1.0307764064044151,
        1.0231690964840563,
        1.0897247358851685,
        1.015504800579495,
        0.9842509842514764,
        1.0458250331675945,
        0.9921567416492215,
        1.015504800579495,
        1.0532687216470449,
        1.0532687216470449,
        1.192424001771182,
        0.9921567416492215,
        0.9842509842514764,
        1.103970108290981,
        1.0532687216470449,
        1.0,
        1.0532687216470449,
        1.015504800579495,
        1.1110243021644486
    ],
    [
        1.1524430571616109,
        0.9013878188659973,
        1.1792476415070754,
        0.8477912478906585,
        1.0680004681646913,
        1.0897247358851685,
        0.9100137361600648,
        0.9013878188659973,
        1.0,
        1.118033988749895,
        1.5309310892394863,
        1.118033988749895,
        1.103970108290981,
        1.015504800579495,
        1.1388041973930374,
        0.9519716382329886,
        1.165922381636102,
        0.875,
        1.0897247358851685,
        0.960143218483576,
        1.1388041973930374,
        1.0,
        0.0,
        1.14564392373896,
        1.125,
        1.4306903927824497,
        0.9354143466934853,
        0.9013878188659973,
        1.6153559979150107,
        1.0383279828647594,
        0.9185586535436918,
        1.0231690964840563,
        1.0532687216470449,
        1.0606601717798212,
        1.0077822185373186,
        0.8660254037844386,
        0.82915619758885,
        0.9519716382329886,
        0.9270248108869579,
        1.0383279828647594,
        0.875,
        1.2183492931011204,
        0.9921567416492215,
        0.9519716382329886,
        0.9842509842514764,
        0.9437293044088437,
        1.0307764064044151,
        1.0825317547305484,
        0.9762812094883317,
        1.0680004681646913
    ],
    [
        1.103970108290981,
        1.0383279828647594,
        1.14564392373896,
        1.125,
        1.165922381636102,
        1.1319231422671772,
        1.0532687216470449,
        1.0680004681646913,
        1.103970108290981,
        1.14564392373896,
        1.3287682265918312,
        1.1858541225631423,
        1.243734296383275,
        1.14564392373896,
        1.1524430571616109,
        1.0680004681646913,
        1.14564392373896,
        1.2054563451241194,
        1.0532687216470449,
        1.0458250331675945,
        1.0752906583803283,
        0.9921567416492215,
        1.14564392373896,
        0.0,
        1.0532687216470449,
        1.5103807466993215,
        1.1858541225631423,
        1.1319231422671772,
        1.5811388300841898,
        1.125,
        1.0825317547305484,
        1.0458250331675945,
        1.0458250331675945,
        1.159202311936963,
        1.0231690964840563,
        1.0968705484240153,
        1.0968705484240153,
        1.0383279828647594,
        1.0968705484240153,
        1.015504800579495,
        1.165922381636102,
        1.1858541225631423,
        1.015504800579495,
        1.1110243021644486,
        1.14564392373896,
        1.1989578808281798,
        1.0458250331675945,
        1.0,
        1.0307764064044151,
        1.231107225224513
    ],
    [
        1.165922381636102,
        1.0606601717798212,
        1.159202311936963,
        1.0897247358851685,
        1.1388041973930374,
        1.0680004681646913,
        0.9921567416492215,
        0.9921567416492215,
        1.0680004681646913,
        1.103970108290981,
        1.375,
        1.0752906583803283,
        1.0825317547305484,
        1.0825317547305484,
        1.192424001771182,
        1.0231690964840563,
        1.0897247358851685,
        1.103970108290981,
        1.0077822185373186,
        1.0606601717798212,
        1.0968705484240153,
        1.0307764064044151,
        1.125,
        1.0532687216470449,
        0.0,
        1.4086784586980805,
        1.14564392373896,
        1.0077822185373186,
        1.571225636247067,
        1.0752906583803283,
        1.0077822185373186,
        1.0532687216470449,
        1.0606601717798212,
        1.1524430571616109,
        1.0458250331675945,
        1.015504800579495,
        1.015504800579495,
        1.0,
        1.0077822185373186,
        1.0680004681646913,
        1.0606601717798212,
        1.2054563451241194,
        0.9519716382329886,
        1.125,
        1.1319231422671772,
        1.118033988749895,
        1.0307764064044151,
        1.0231690964840563,
        1.0077822185373186,
        1.1792476415070754
    ],
    [
        1.505199322349037,
        1.4086784586980805,
        1.5562374497485916,
        1.4469796128487782,
        1.103970108290981,
        1.4523687548277813,
        1.4306903927824497,
        1.340475661845451,
        1.3975424859373686,
        1.125,
        1.7809758560968758,
        1.1726039399558574,
        1.0897247358851685,
        1.4630874888399532,
        1.1110243021644486,
        1.4197270864500684,
        1.4684175155588413,
        1.4842927608797396,
        1.4086784586980805,
        1.5,
        1.5461646096066226,
        1.4523687548277813,
        1.4306903927824497,
        1.5103807466993215,
        1.4086784586980805,
        0.0,
        1.505199322349037,
        1.4361406616345072,
        1.2930100540985752,
        1.4684175155588413,
        1.4577379737113252,
        1.5,
        1.4842927608797396,
        1.0897247358851685,
        1.4086784586980805,
        1.3635890143294642,
        1.4306903927824497,
        1.4252192813739224,
        1.489546910976623,
        1.4947825928876748,
        1.4142135623730951,
        1.2562344526401112,
        1.3919410907075054,
        1.4197270864500684,
        1.0752906583803283,
        1.4842927608797396,
        1.5360257159305635,
        1.4469796128487782,
        1.5103807466993215,
        1.125
    ],
    [
        1.3050383136138188,
        0.9437293044088437,
        1.3863170633011772,
        0.6123724356957945,
        1.1792476415070754,
        1.192424001771182,
        0.9682458365518543,
        0.8926785535678563,
        0.9519716382329886,
        1.25,
        1.7365554986812255,
        1.1726039399558574,
        1.165922381636102,
        1.0532687216470449,
        1.299038105676658,
        0.9921567416492215,
        1.2686114456365274,
        0.5994789404140899,
        1.2054563451241194,
        1.0532687216470449,
        1.340475661845451,
        1.1319231422671772,
        0.9354143466934853,
        1.1858541225631423,
        1.14564392373896,
        1.505199322349037,
        0.0,
        0.770551750371122,
        1.7940875118009154,
        1.0680004681646913,
        1.0077822185373186,
        1.0307764064044151,
        1.0825317547305484,
        1.015504800579495,
        1.1388041973930374,
        0.8569568250501305,
        0.770551750371122,
        0.8569568250501305,
        0.9013878188659973,
        1.1319231422671772,
        0.649519052838329,
        1.3693063937629153,
        0.9682458365518543,
        0.9354143466934853,
        1.0825317547305484,
        0.5153882032022076,
        1.1388041973930374,
        1.103970108290981,
        1.0752906583803283,
        1.0680004681646913
    ],
    [
        1.159202311936963,
        0.9270248108869579,
        1.224744871391589,
        0.75,
        1.0825317547305484,
        1.0897247358851685,
        0.875,
        0.9013878188659973,
        0.9437293044088437,
        1.1792476415070754,
        1.541103500742244,
        1.0307764064044151,
        1.0231690964840563,
        0.9762812094883317,
        1.1388041973930374,
        0.9682458365518543,
        1.0752906583803283,
        0.6959705453537527,
        1.0606601717798212,
        0.9921567416492215,
        1.2119199643540823,
        1.0307764064044151,
        0.9013878188659973,
        1.1319231422671772,
        1.0077822185373186,
        1.4361406616345072,
        0.770551750371122,
        0.0,
        1.6817030058842137,
        1.0458250331675945,
        0.960143218483576,
        0.960143218483576,
        0.9519716382329886,
        1.0231690964840563,
        1.0680004681646913,
        0.82915619758885,
        0.75,
        0.9100137361600648,
        0.8100925873009825,
        0.9762812094883317,
        0.7806247497997998,
        1.231107225224513,
        0.9185586535436918,
        0.8569568250501305,
        1.0532687216470449,
        0.7806247497997998,
        1.0231690964840563,
        0.9842509842514764,
        0.9762812094883317,
        1.0825317547305484
    ],
    [
        1.6345871038277526,
        1.6345871038277526,
        1.6153559979150107,
        1.7275343701356567,
        1.3228756555322954,
        1.6153559979150107,
        1.5761900266148114,
        1.6630168369562588,
        1.6153559979150107,
        1.3050383136138188,
        1.6583123951777,
        1.3693063937629153,
        1.352081728298996,
        1.5662455107677085,
        1.357847561400027,
        1.6007810593582121,
        1.5662455107677085,
        1.8114220932736798,
        1.6056540723331412,
        1.620185174601965,
        1.6056540723331412,
        1.5612494995995996,
        1.6153559979150107,
        1.5811388300841898,
        1.571225636247067,
        1.2930100540985752,
        1.7940875118009154,
        1.6817030058842137,
        0.0,
        1.5761900266148114,
        1.620185174601965,
        1.620185174601965,
        1.6441183047457382,
        1.4252192813739224,
        1.58607219255619,
        1.6583123951777,
        1.653594569415369,
        1.6441183047457382,
        1.653594569415369,
        1.571225636247067,
        1.7230060940112777,
        1.3050383136138188,
        1.595893166850463,
        1.653594569415369,
        1.375,
        1.8200274723201295,
        1.6153559979150107,
        1.541103500742244,
        1.6056540723331412,
        1.4252192813739224
    ],
    [
        1.1319231422671772,
        1.0968705484240153,
        1.1989578808281798,
        1.0231690964840563,
        1.125,
        1.0532687216470449,
        1.0231690964840563,
        0.9842509842514764,
        1.0231690964840563,
        1.14564392373896,
        1.479019945774904,
        1.159202311936963,
        1.1110243021644486,
        1.0077822185373186,
        1.224744871391589,
        1.0307764064044151,
        1.125,
        1.0606601717798212,
        1.0752906583803283,
        0.9519716382329886,
        1.1319231422671772,
        0.960143218483576,
        1.0383279828647594,
        1.125,
        1.0752906583803283,
        1.4684175155588413,
        1.0680004681646913,
        1.0458250331675945,
        1.5761900266148114,
        0.0,
        0.9100137361600648,
        1.0307764064044151,
        1.0458250331675945,
        1.1858541225631423,
        1.0532687216470449,
        1.0383279828647594,
        1.0,
        0.960143218483576,
        0.9842509842514764,
        1.0825317547305484,
        1.015504800579495,
        1.2119199643540823,
        1.0,
        1.0680004681646913,
