[
    [
        0.0,
        0.370744078678271,
        0.18355218944485516,
        0.12303137303143455,
        0.1137517170200081,
        0.18553659510996745,
        0.18814991529362962,
        0.1608692209529219,
        0.18944305707784595,
        0.19578068884596356,
        0.13531646934131855,
        0.14149039278339715,
        0.15780476466190746,
        0.10597390598633231,
        0.125,
        0.10126157341262282,
        0.11267347735824966,
        0.10825317547305482,
        0.120017902310447,
        0.11048543456039805,
        0.12597277731716483,
        0.125,
        0.24256522962906288,
        0.18421603316486868,
        0.16387638252658618,
        0.16828640022295324,
        0.12979099785809492,
        0.20432338797846908,
        0.1269381000724369,
        0.16682934768798924,
        0.16010860571811872,
        0.11481983169296148,
        0.5646659687372704,
        0.1307281291459493,
        0.20191949973937634,
        0.16828640022295324,
        0.12597277731716483,
        0.13887803777055607,
        0.22642776165920997,
        0.14320549046737,
        0.14740595518838442,
        0.1608692209529219,
        0.1137517170200081,
        0.14823176532039278,
        0.11048543456039805,
        0.14320549046737,
        0.11267347735824966,
        0.14574029770451274,
        0.2533949178160446
    ],
    [
        0.370744078678271,
        0.0,
        0.15934435979977452,
        0.3198357732884175,
        0.273772116686488,
        0.25911131174651564,
        0.19390115071860714,
        0.22207297505549836,
        0.20070675904164265,
        0.40745015032516557,
        0.26608416196760004,
        0.3156095293238149,
        0.20372507516258279,
        0.3694247005480278,
        0.27466243486323355,
        0.3620821945705146,
        0.265625,
        0.2728788936964528,
        0.2642427269576213,
        0.20551478809321727,
        0.23541436208311506,
        0.24902152266420668,
        0.20551478809321727,
        0.1767766952966369,
        0.24951124097923924,
        0.171875,
        0.382413695328763,
        0.16387638252658618,
        0.26608416196760004,
        0.225888004606265,
        0.125,
        0.24754655496491967,
        0.3451675317871019,
        0.18684782411095935,
        0.2348952559120767,
        0.18684782411095935,
        0.35251606789620243,
        0.328125,
        0.17258376589355096,
        0.22207297505549836,
        0.2688226645950821,
        0.23747943989954162,
        0.36876324128768584,
        0.2665425329567497,
        0.25048780534189685,
        0.28853414550967793,
        0.31868871959954903,
        0.22696623509896796,
        0.0625
    ],
    [
        0.18355218944485516,
        0.15934435979977452,
        0.0,
        0.1690102160373745,
        0.14986973510352247,
        0.31483502624390447,
        0.1269381000724369,
        0.16010860571811872,
        0.17608480733726006,
        0.34161267357930386,
        0.13621559198564606,
        0.19327057620082783,
        0.10126157341262282,
        0.171875,
        0.18087245160609727,
        0.22534695471649932,
        0.13975424859373686,
        0.184877493221863,
        0.14823176532039278,
        0.13258252147247765,
        0.14574029770451274,
        0.14740595518838442,
        0.16237976320958225,
        0.1608692209529219,
        0.15857643070456592,
        0.1335000585205864,
        0.21986323874172325,
        0.19327057620082783,
        0.17328963291264715,
        0.21986323874172325,
        0.071602745233685,
        0.13531646934131855,
        0.35733114456341475,
        0.12789613706050704,
        0.1988737822087165,
        0.14149039278339715,
        0.22534695471649932,
        0.16237976320958225,
        0.12401959270615269,
        0.10481568644530265,
        0.13441133229754104,
        0.1781524101717403,
        0.23017062285400366,
        0.14320549046737,
        0.120017902310447,
        0.1795175827043134,
        0.19008632907181935,
        0.13710881855300192,
        0.14657549249448218
    ],
    [
        0.12303137303143455,
        0.3198357732884175,
        0.1690102160373745,
        0.0,
        0.13531646934131855,
        0.1137517170200081,
        0.10481568644530265,
        0.20070675904164265,
        0.234375,
        0.14405538214520136,
        0.14574029770451274,
        0.0625,
        0.1514899955442603,
        0.13710881855300192,
        0.07493486755176124,
        0.07493486755176124,
        0.1795175827043134,
        0.09375,
        0.120017902310447,
        0.109375,
        0.13531646934131855,
        0.16755945773068137,
        0.22910747341586218,
        0.20191949973937634,
        0.2170694373351532,
        0.23017062285400366,
        0.10245997694221876,
        0.20551478809321727,
        0.12789613706050704,
        0.20191949973937634,
        0.16312978920172735,
        0.15857643070456592,
        0.5142025834970104,
        0.06629126073623882,
        0.213096589015404,
        0.1514899955442603,
        0.08267972847076846,
        0.16237976320958225,
        0.18288593610499415,
        0.13975424859373686,
        0.13441133229754104,
        0.14574029770451274,
        0.13258252147247765,
        0.19452968121857395,
        0.10481568644530265,
        0.0855816496101822,
        0.11587810136086973,
        0.11267347735824966,
        0.22910747341586218
    ],
    [
        0.1137517170200081,
        0.273772116686488,
        0.14986973510352247,
        0.13531646934131855,
        0.0,
        0.18814991529362962,
        0.12401959270615269,
        0.13710881855300192,
        0.15388840315306412,
        0.20009763241977652,
        0.13441133229754104,
        0.1316585902058806,
        0.140625,
        0.0924387466109315,
        0.0924387466109315,
        0.1137517170200081,
        0.0855816496101822,
        0.08267972847076846,
        0.10004881620988826,
        0.09375,
        0.09631896879639025,
        0.1514899955442603,
        0.20009763241977652,
        0.19640320453088336,
        0.140625,
        0.14149039278339715,
        0.09882117688026186,
        0.1288470508005519,
        0.0924387466109315,
        0.125,
        0.120017902310447,
        0.08699631816921909,
        0.4908836897626565,
        0.11481983169296148,
        0.14490028899212037,
        0.11692679333668567,
        0.11587810136086973,
        0.12303137303143455,
        0.16010860571811872,
        0.14405538214520136,
        0.13531646934131855,
        0.09631896879639025,
        0.13621559198564606,
        0.13621559198564606,
        0.0924387466109315,
        0.109375,
        0.10126157341262282,
        0.10126157341262282,
        0.1788362990978062
    ],
    [
        0.18553659510996745,
        0.25911131174651564,
        0.31483502624390447,
        0.1137517170200081,
        0.18814991529362962,
        0.0,
        0.1887975933374152,
        0.2803806007019744,
        0.33548297739974825,
        0.05182226234930312,
        0.22857404434887177,
        0.13621559198564606,
        0.2665425329567497,
        0.1788362990978062,
        0.11692679333668567,
        0.09757809372497497,
        0.21137108216357317,
        0.11267347735824966,
        0.1608692209529219,
        0.15934435979977452,
        0.18814991529362962,
        0.2460627460628691,
        0.32287466124643477,
        0.27775607554111215,
        0.275106513463422,
        0.318305449804115,
        0.10245997694221876,
        0.22910747341586218,
        0.14405538214520136,
        0.18421603316486868,
        0.2049199538844375,
        0.18355218944485516,
        0.6371858907532401,
        0.12203515118604147,
        0.2939826206597934,
        0.19452968121857395,
        0.06629126073623882,
        0.20372507516258279,
        0.3299798762803574,
        0.203125,
        0.2415566380271923,
        0.1788362990978062,
        0.16461958988832404,
        0.2509746625657658,
        0.1307281291459493,
        0.06629126073623882,
        0.13799626353637262,
        0.18944305707784595,
        0.18944305707784595
    ],
    [
        0.18814991529362962,
        0.19390115071860714,
        0.1269381000724369,
        0.10481568644530265,
        0.12401959270615269,
        0.1887975933374152,
        0.0,
        0.19515618744994995,
        0.21079277442550065,
        0.22207297505549836,
        0.17258376589355096,
        0.11481983169296148,
        0.13258252147247765,
        0.12303137303143455,
        0.09757809372497497,
        0.17044862679118303,
        0.13531646934131855,
        0.10004881620988826,
        0.10481568644530265,
        0.11796616305110547,
        0.1137517170200081,
        0.20372507516258279,
        0.1887975933374152,
        0.16461958988832404,
        0.2096313728906053,
        0.19640320453088336,
        0.20191949973937634,
        0.16237976320958225,
        0.17399263633843817,
        0.1875,
        0.10597390598633231,
        0.1335000585205864,
        0.41221581119602874,
        0.05633673867912483,
        0.20551478809321727,
        0.09110862335695782,
        0.1616262567623219,
        0.18553659510996745,
        0.12597277731716483,
        0.125,
        0.14405538214520136,
        0.13710881855300192,
        0.18553659510996745,
        0.18154609435347266,
        0.109375,
        0.11587810136086973,
        0.15934435979977452,
        0.08414320011147662,
        0.12303137303143455
    ],
    [
        0.1608692209529219,
        0.22207297505549836,
        0.16010860571811872,
        0.20070675904164265,
        0.13710881855300192,
        0.2803806007019744,
        0.19515618744994995,
        0.0,
        0.1335000585205864,
        0.2821167200823092,
        0.13258252147247765,
        0.18619336387207788,
        0.1887975933374152,
        0.15780476466190746,
        0.184877493221863,
        0.18355218944485516,
        0.1288470508005519,
        0.16312978920172735,
        0.14657549249448218,
        0.15388840315306412,
        0.13531646934131855,
        0.1335000585205864,
        0.16387638252658618,
        0.20846350100197397,
        0.1316585902058806,
        0.12303137303143455,
        0.19136638615493579,
        0.13441133229754104,
        0.15780476466190746,
        0.12401959270615269,
        0.140625,
        0.13710881855300192,
        0.4347008669763611,
        0.1781524101717403,
        0.12401959270615269,
        0.15780476466190746,
        0.20904825250405706,
        0.12401959270615269,
        0.14905300022139775,
        0.17399263633843817,
        0.18619336387207788,
        0.14235052467412967,
        0.14905300022139775,
        0.10481568644530265,
        0.14740595518838442,
        0.1926379375927805,
        0.1781524101717403,
        0.14740595518838442,
        0.1753901900050285
    ],
    [
        0.18944305707784595,
        0.20070675904164265,
        0.17608480733726006,
        0.234375,
        0.15388840315306412,
        0.33548297739974825,
        0.21079277442550065,
        0.1335000585205864,
        0.0,
        0.34268300311658295,
        0.17399263633843817,
        0.20669932117692114,
        0.15625,
        0.16535945694153692,
        0.22534695471649932,
        0.23644915547533682,
        0.12979099785809492,
        0.18154609435347266,
        0.184877493221863,
        0.1660960283239789,
        0.14235052467412967,
        0.15934435979977452,
        0.15857643070456592,
        0.20904825250405706,
        0.17258376589355096,
        0.1269381000724369,
        0.1887975933374152,
        0.1801962905417312,
        0.16973094517500337,
        0.17328963291264715,
        0.14905300022139775,
        0.14574029770451274,
        0.4416654382844553,
        0.1767766952966369,
        0.13975424859373686,
        0.17608480733726006,
        0.26238836912104163,
        0.16535945694153692,
        0.17399263633843817,
        0.171875,
        0.1781524101717403,
        0.15625,
        0.16755945773068137,
        0.15467960838455727,
        0.18355218944485516,
        0.24407030237208294,
        0.21079277442550065,
        0.16010860571811872,
        0.17746588580625855
    ],
    [
        0.19578068884596356,
        0.40745015032516557,
        0.34161267357930386,
        0.14405538214520136,
        0.20009763241977652,
        0.05182226234930312,
        0.22207297505549836,
        0.2821167200823092,
        0.34268300311658295,
        0.0,
        0.23070036031614688,
        0.15546678704790937,
        0.2927342811749249,
        0.19200321449132043,
        0.14574029770451274,
        0.11048543456039805,
        0.2348952559120767,
        0.14320549046737,
        0.1753901900050285,
        0.1907274314958391,
        0.2125229766989913,
        0.24803918541230538,
        0.35458767868469426,
        0.3029799910885206,
        0.28168369339562416,
        0.3462268719712553,
        0.11048543456039805,
        0.2628531850196988,
        0.15068204314051492,
        0.18684782411095935,
        0.2614562582918986,
        0.20070675904164265,
        0.6890961584749983,
        0.16312978920172735,
        0.30378472023786846,
        0.22480460265528374,
        0.08414320011147662,
        0.2153757617514097,
        0.3569893643373707,
        0.23017062285400366,
        0.2548360379734389,
        0.19200321449132043,
        0.16535945694153692,
        0.26972932033800107,
        0.1608692209529219,
        0.08414320011147662,
        0.14149039278339715,
        0.21763106683100186,
        0.30935921676911454
    ],
    [
        0.13531646934131855,
        0.26608416196760004,
        0.13621559198564606,
        0.14574029770451274,
        0.13441133229754104,
        0.22857404434887177,
        0.17258376589355096,
        0.13258252147247765,
        0.17399263633843817,
        0.23070036031614688,
        0.0,
        0.15068204314051492,
        0.17044862679118303,
        0.13621559198564606,
        0.15388840315306412,
        0.13531646934131855,
        0.13531646934131855,
        0.14823176532039278,
        0.13710881855300192,
        0.140625,
        0.1335000585205864,
        0.1137517170200081,
        0.184877493221863,
        0.2275034340400162,
        0.14823176532039278,
        0.1570293065800139,
        0.12103072956898178,
        0.18355218944485516,
        0.09375,
        0.17399263633843817,
        0.13975424859373686,
        0.13975424859373686,
        0.43385760552858815,
        0.13441133229754104,
        0.1690102160373745,
        0.1711632992203644,
        0.15388840315306412,
        0.11048543456039805,
        0.15934435979977452,
        0.14235052467412967,
        0.1307281291459493,
        0.14574029770451274,
        0.12401959270615269,
        0.13975424859373686,
        0.12789613706050704,
        0.13887803777055607,
        0.11899645477912357,
        0.1288470508005519,
        0.19640320453088336
    ],
    [
        0.14149039278339715,
        0.3156095293238149,
        0.19327057620082783,
        0.0625,
        0.1316585902058806,
        0.13621559198564606,
        0.11481983169296148,
        0.18619336387207788,
        0.20669932117692114,
        0.15546678704790937,
        0.15068204314051492,
        0.0,
        0.15467960838455727,
        0.1269381000724369,
        0.0625,
        0.08838834764831845,
        0.15934435979977452,
        0.0897587913521567,
        0.12597277731716483,
        0.08118988160479113,
        0.15229366163764005,
        0.16461958988832404,
        0.23333100817293873,
        0.18087245160609727,
        0.21021287573552672,
        0.21137108216357317,
        0.08414320011147662,
        0.20610790559801437,
        0.10711960313126631,
        0.1690102160373745,
        0.1608692209529219,
        0.15229366163764005,
        0.5362813219290785,
        0.06987712429686843,
        0.2049199538844375,
        0.13531646934131855,
        0.06810779599282303,
        0.1788362990978062,
        0.20372507516258279,
        0.1335000585205864,
        0.14149039278339715,
        0.13441133229754104,
        0.13710881855300192,
        0.19390115071860714,
        0.11899645477912357,
        0.06987712429686843,
        0.11796616305110547,
        0.1269381000724369,
        0.22316963839196408
    ],
    [
        0.15780476466190746,
        0.20372507516258279,
        0.10126157341262282,
        0.1514899955442603,
        0.140625,
        0.2665425329567497,
        0.13258252147247765,
        0.1887975933374152,
        0.15625,
        0.2927342811749249,
        0.17044862679118303,
        0.15467960838455727,
        0.0,
        0.14235052467412967,
        0.1616262567623219,
        0.1907274314958391,
        0.13621559198564606,
        0.14149039278339715,
        0.120017902310447,
        0.14986973510352247,
        0.10481568644530265,
        0.17746588580625855,
        0.12103072956898178,
        0.13258252147247765,
        0.1801962905417312,
        0.14740595518838442,
        0.18944305707784595,
        0.1781524101717403,
        0.1690102160373745,
        0.20372507516258279,
        0.0924387466109315,
        0.11048543456039805,
        0.3455210060546247,
        0.09882117688026186,
        0.1907274314958391,
        0.11048543456039805,
        0.2170694373351532,
        0.16828640022295324,
        0.11796616305110547,
        0.09631896879639025,
        0.1608692209529219,
        0.1570293065800139,
        0.2072890493972125,
        0.15068204314051492,
        0.15625,
        0.213668661424646,
        0.1795175827043134,
        0.11587810136086973,
        0.1514899955442603
    ],
    [
        0.10597390598633231,
        0.3694247005480278,
        0.171875,
        0.13710881855300192,
        0.0924387466109315,
        0.1788362990978062,
        0.12303137303143455,
        0.15780476466190746,
        0.16535945694153692,
        0.19200321449132043,
        0.13621559198564606,
        0.1269381000724369,
        0.14235052467412967,
        0.0,
        0.09757809372497497,
        0.12203515118604147,
        0.08838834764831845,
        0.06987712429686843,
        0.10481568644530265,
        0.11587810136086973,
        0.08267972847076846,
        0.14574029770451274,
        0.19390115071860714,
        0.18814991529362962,
        0.16237976320958225,
        0.1711632992203644,
        0.12597277731716483,
        0.16312978920172735,
        0.10825317547305482,
        0.14574029770451274,
        0.13621559198564606,
        0.07328774624724109,
        0.5307902422332197,
        0.109375,
        0.19825902406952375,
        0.13975424859373686,
        0.13531646934131855,
        0.12597277731716483,
        0.16461958988832404,
        0.13531646934131855,
        0.1269381000724369,
        0.1514899955442603,
        0.12597277731716483,
        0.14235052467412967,
        0.09631896879639025,
        0.13887803777055607,
        0.11481983169296148,
        0.0924387466109315,
        0.24556615071096424
    ],
    [
        0.125,
        0.27466243486323355,
        0.18087245160609727,
        0.07493486755176124,
        0.0924387466109315,
        0.11692679333668567,
        0.09757809372497497,
        0.184877493221863,
        0.22534695471649932,
        0.14574029770451274,
        0.15388840315306412,
        0.0625,
        0.1616262567623219,
        0.09757809372497497,
        0.0,
        0.07493486755176124,
        0.1316585902058806,
        0.05412658773652741,
        0.09882117688026186,
        0.07654655446197431,
        0.10245997694221876,
        0.16828640022295324,
        0.21875,
        0.20252314682524564,
        0.19702375332685143,
        0.22207297505549836,
        0.09631896879639025,
        0.171875,
        0.10711960313126631,
        0.16535945694153692,
        0.14657549249448218,
        0.1137517170200081,
        0.5321683239352001,
        0.06987712429686843,
        0.20070675904164265,
        0.13531646934131855,
        0.07493486755176124,
        0.14235052467412967,
        0.1753901900050285,
        0.12789613706050704,
        0.13799626353637262,
        0.10825317547305482,
        0.12979099785809492,
        0.18684782411095935,
        0.07967217989988726,
        0.0897587913521567,
        0.09631896879639025,
        0.08414320011147662,
        0.18288593610499415
    ],
    [
        0.10126157341262282,
        0.3620821945705146,
        0.22534695471649932,
        0.07493486755176124,
        0.1137517170200081,
        0.09757809372497497,
        0.17044862679118303,
        0.18355218944485516,
        0.23644915547533682,
        0.11048543456039805,
        0.13531646934131855,
        0.08838834764831845,
        0.1907274314958391,
        0.12203515118604147,
        0.07493486755176124,
        0.0,
        0.15625,
        0.0855816496101822,
        0.11267347735824966,
        0.08838834764831845,
        0.13441133229754104,
        0.15780476466190746,
        0.25626905416963636,
        0.23333100817293873,
        0.1988737822087165,
        0.2348952559120767,
        0.06987712429686843,
        0.21079277442550065,
        0.10245997694221876,
        0.16312978920172735,
        0.19200321449132043,
        0.13710881855300192,
        0.6091746465505602,
        0.10481568644530265,
        0.20846350100197397,
        0.16010860571811872,
        0.05633673867912483,
        0.140625,
        0.23696485762661096,
        0.14320549046737,
        0.1616262567623219,
        0.13799626353637262,
        0.10711960313126631,
        0.20432338797846908,
        0.109375,
        0.07328774624724109,
        0.07967217989988726,
        0.13531646934131855,
        0.2543565718140579
    ],
    [
        0.11267347735824966,
        0.265625,
        0.13975424859373686,
        0.1795175827043134,
        0.0855816496101822,
        0.21137108216357317,
        0.13531646934131855,
        0.1288470508005519,
        0.12979099785809492,
        0.2348952559120767,
        0.13531646934131855,
        0.15934435979977452,
        0.13621559198564606,
        0.08838834764831845,
        0.1316585902058806,
        0.15625,
        0.0,
        0.0855816496101822,
        0.12401959270615269,
        0.109375,
        0.08699631816921909,
        0.14905300022139775,
        0.1690102160373745,
        0.1781524101717403,
        0.12597277731716483,
        0.11267347735824966,
        0.13531646934131855,
        0.12597277731716483,
        0.10481568644530265,
        0.11587810136086973,
        0.10825317547305482,
        0.08118988160479113,
        0.45981059279881753,
        0.120017902310447,
        0.15309310892394862,
        0.11692679333668567,
        0.16973094517500337,
        0.11692679333668567,
        0.1514899955442603,
        0.109375,
        0.14986973510352247,
        0.1269381000724369,
        0.11267347735824966,
        0.12401959270615269,
        0.10004881620988826,
        0.16461958988832404,
        0.14905300022139775,
        0.09757809372497497,
        0.1690102160373745
    ],
    [
        0.10825317547305482,
        0.2728788936964528,
        0.184877493221863,
        0.09375,
        0.08267972847076846,
        0.11267347735824966,
        0.10004881620988826,
        0.16312978920172735,
        0.18154609435347266,
        0.14320549046737,
        0.14823176532039278,
        0.0897587913521567,
        0.14149039278339715,
        0.06987712429686843,
        0.05412658773652741,
        0.0855816496101822,
        0.0855816496101822,
        0.0,
        0.078125,
        0.07967217989988726,
        0.07967217989988726,
        0.15934435979977452,
        0.19515618744994995,
        0.16535945694153692,
        0.16682934768798924,
        0.1781524101717403,
        0.10481568644530265,
        0.14405538214520136,
        0.09882117688026186,
        0.1269381000724369,
        0.12203515118604147,
        0.08414320011147662,
        0.5254741162750074,
        0.078125,
        0.1795175827043134,
        0.10597390598633231,
        0.08414320011147662,
        0.120017902310447,
        0.16755945773068137,
        0.12303137303143455,
        0.14740595518838442,
        0.10711960313126631,
        0.11587810136086973,
        0.14490028899212037,
        0.07493486755176124,
        0.09110862335695782,
        0.10245997694221876,
        0.08838834764831845,
        0.1801962905417312
    ],
    [
        0.120017902310447,
        0.2642427269576213,
        0.14823176532039278,
        0.120017902310447,
        0.10004881620988826,
        0.1608692209529219,
        0.10481568644530265,
        0.14657549249448218,
        0.184877493221863,
        0.1753901900050285,
        0.13710881855300192,
        0.12597277731716483,
        0.120017902310447,
        0.10481568644530265,
        0.09882117688026186,
        0.11267347735824966,
        0.12401959270615269,
        0.078125,
        0.0,
        0.11048543456039805,
        0.10364452469860624,
        0.14490028899212037,
        0.17399263633843817,
        0.14574029770451274,
        0.16387638252658618,
        0.16755945773068137,
        0.11692679333668567,
        0.16755945773068137,
        0.11796616305110547,
        0.13975424859373686,
        0.09631896879639025,
        0.08118988160479113,
        0.47238176430721796,
        0.08699631816921909,
        0.16755945773068137,
        0.078125,
        0.13258252147247765,
        0.13799626353637262,
        0.16535945694153692,
        0.10364452469860624,
        0.15309310892394862,
        0.12203515118604147,
        0.12303137303143455,
        0.1288470508005519,
        0.1137517170200081,
        0.14235052467412967,
        0.11481983169296148,
        0.09110862335695782,
        0.18087245160609727
    ],
    [
        0.11048543456039805,
        0.20551478809321727,
        0.13258252147247765,
        0.109375,
        0.09375,
        0.15934435979977452,
        0.11796616305110547,
        0.15388840315306412,
        0.1660960283239789,
        0.1907274314958391,
        0.140625,
        0.08118988160479113,
        0.14986973510352247,
        0.11587810136086973,
        0.07654655446197431,
        0.08838834764831845,
        0.109375,
        0.07967217989988726,
        0.11048543456039805,
        0.0,
        0.1288470508005519,
        0.13441133229754104,
        0.22262198201210948,
        0.17258376589355096,
        0.1795175827043134,
        0.15388840315306412,
        0.10364452469860624,
        0.1690102160373745,
        0.09882117688026186,
        0.13621559198564606,
        0.12303137303143455,
        0.12979099785809492,
        0.506307867063114,
        0.08699631816921909,
        0.18355218944485516,
        0.13710881855300192,
        0.07967217989988726,
        0.16387638252658618,
        0.17044862679118303,
        0.1288470508005519,
        0.1269381000724369,
        0.1335000585205864,
        0.12303137303143455,
        0.16387638252658618,
        0.06629126073623882,
        0.07328774624724109,
        0.10711960313126631,
        0.10364452469860624,
        0.12203515118604147
    ],
    [
        0.12597277731716483,
        0.23541436208311506,
        0.14574029770451274,
        0.13531646934131855,
        0.09631896879639025,
        0.18814991529362962,
        0.1137517170200081,
        0.13531646934131855,
        0.14235052467412967,
        0.2125229766989913,
        0.1335000585205864,
        0.15229366163764005,
        0.10481568644530265,
        0.08267972847076846,
        0.10245997694221876,
        0.13441133229754104,
        0.08699631816921909,
        0.07967217989988726,
        0.10364452469860624,
        0.1288470508005519,
        0.0,
        0.14986973510352247,
        0.14823176532039278,
        0.15857643070456592,
        0.13258252147247765,
        0.14235052467412967,
        0.13799626353637262,
        0.12979099785809492,
        0.11796616305110547,
        0.14574029770451274,
        0.11899645477912357,
        0.06629126073623882,
        0.4710879197400417,
        0.10825317547305482,
        0.16828640022295324,
        0.10711960313126631,
        0.1514899955442603,
        0.08838834764831845,
        0.120017902310447,
        0.09375,
        0.13621559198564606,
        0.11048543456039805,
        0.1269381000724369,
        0.1316585902058806,
        0.09504316453590968,
        0.1514899955442603,
        0.14823176532039278,
        0.0897587913521567,
        0.15857643070456592
    ],
    [
        0.125,
        0.24902152266420668,
        0.14740595518838442,
        0.16755945773068137,
        0.1514899955442603,
        0.2460627460628691,
        0.20372507516258279,
        0.1335000585205864,
        0.15934435979977452,
        0.24803918541230538,
        0.1137517170200081,
        0.16461958988832404,
        0.17746588580625855,
        0.14574029770451274,
        0.16828640022295324,
        0.15780476466190746,
        0.14905300022139775,
        0.15934435979977452,
        0.14490028899212037,
        0.13441133229754104,
        0.14986973510352247,
        0.0,
        0.18944305707784595,
        0.21930732574403436,
        0.14574029770451274,
        0.1288470508005519,
        0.15229366163764005,
        0.20252314682524564,
        0.14823176532039278,
        0.16755945773068137,
        0.14235052467412967,
        0.1307281291459493,
        0.47238176430721796,
        0.16461958988832404,
        0.19764235376052372,
        0.18421603316486868,
        0.1788362990978062,
        0.1307281291459493,
        0.18355218944485516,
        0.17328963291264715,
        0.1570293065800139,
        0.15068204314051492,
        0.13887803777055607,
        0.10245997694221876,
        0.140625,
        0.16312978920172735,
        0.15625,
        0.16828640022295324,
        0.1988737822087165
    ],
    [
        0.24256522962906288,
        0.20551478809321727,
        0.16237976320958225,
        0.22910747341586218,
        0.20009763241977652,
        0.32287466124643477,
        0.1887975933374152,
        0.16387638252658618,
        0.15857643070456592,
        0.35458767868469426,
        0.184877493221863,
        0.23333100817293873,
        0.12103072956898178,
        0.19390115071860714,
        0.21875,
        0.25626905416963636,
        0.1690102160373745,
        0.19515618744994995,
        0.17399263633843817,
        0.22262198201210948,
        0.14823176532039278,
        0.18944305707784595,
        0.0,
        0.14905300022139775,
        0.18421603316486868,
        0.15467960838455727,
        0.24705294220065463,
        0.19136638615493579,
        0.23799290955824715,
        0.2445699350390395,
        0.12597277731716483,
        0.16755945773068137,
        0.28598445652692384,
        0.18087245160609727,
        0.20191949973937634,
        0.14490028899212037,
        0.2724311839712921,
        0.15625,
        0.13441133229754104,
        0.12979099785809492,
        0.18288593610499415,
        0.19327057620082783,
        0.2153757617514097,
        0.11899645477912357,
        0.2072890493972125,
        0.25291271962872885,
        0.2572199630180364,
        0.1660960283239789,
        0.18814991529362962
    ],
    [
        0.18421603316486868,
        0.1767766952966369,
        0.1608692209529219,
        0.20191949973937634,
        0.19640320453088336,
        0.27775607554111215,
        0.16461958988832404,
        0.20846350100197397,
        0.20904825250405706,
        0.3029799910885206,
        0.2275034340400162,
        0.18087245160609727,
        0.13258252147247765,
        0.18814991529362962,
        0.20252314682524564,
        0.23333100817293873,
        0.1781524101717403,
        0.16535945694153692,
        0.14574029770451274,
        0.17258376589355096,
        0.15857643070456592,
        0.21930732574403436,
        0.14905300022139775,
        0.0,
        0.21875,
        0.17608480733726006,
        0.23228232417685166,
        0.17469281074217108,
        0.20372507516258279,
        0.19764235376052372,
        0.12401959270615269,
        0.15857643070456592,
        0.265625,
        0.125,
        0.20669932117692114,
        0.10126157341262282,
        0.2609889545076573,
        0.21986323874172325,
        0.15780476466190746,
        0.14986973510352247,
        0.22480460265528374,
        0.19200321449132043,
        0.22371595411369302,
        0.18154609435347266,
        0.2096313728906053,
        0.26052081250832915,
        0.23696485762661096,
        0.17258376589355096,
        0.14986973510352247
    ],
    [
        0.16387638252658618,
        0.24951124097923924,
        0.15857643070456592,
        0.2170694373351532,
        0.140625,
        0.275106513463422,
        0.2096313728906053,
        0.1316585902058806,
        0.17258376589355096,
        0.28168369339562416,
        0.14823176532039278,
        0.21021287573552672,
        0.1801962905417312,
        0.16237976320958225,
        0.19702375332685143,
        0.1988737822087165,
        0.12597277731716483,
        0.16682934768798924,
        0.16387638252658618,
        0.1795175827043134,
        0.13258252147247765,
        0.14574029770451274,
        0.18421603316486868,
        0.21875,
        0.0,
        0.12979099785809492,
        0.1781524101717403,
        0.14320549046737,
        0.16461958988832404,
        0.15934435979977452,
        0.1514899955442603,
        0.120017902310447,
        0.47495887979908324,
        0.1988737822087165,
        0.1269381000724369,
        0.16535945694153692,
        0.2209708691207961,
        0.08414320011147662,
        0.17399263633843817,
        0.16461958988832404,
        0.1926379375927805,
        0.13258252147247765,
        0.15625,
        0.09110862335695782,
        0.171875,
        0.21986323874172325,
        0.19515618744994995,
        0.16828640022295324,
        0.20432338797846908
    ],
    [
        0.16828640022295324,
        0.171875,
        0.1335000585205864,
        0.23017062285400366,
        0.14149039278339715,
        0.318305449804115,
        0.19640320453088336,
        0.12303137303143455,
        0.1269381000724369,
        0.3462268719712553,
        0.1570293065800139,
        0.21137108216357317,
        0.14740595518838442,
        0.1711632992203644,
        0.22207297505549836,
        0.2348952559120767,
        0.11267347735824966,
        0.1781524101717403,
        0.16755945773068137,
        0.15388840315306412,
        0.14235052467412967,
        0.1288470508005519,
        0.15467960838455727,
        0.17608480733726006,
        0.12979099785809492,
        0.0,
        0.22426093897511443,
        0.14490028899212037,
        0.18221724671391565,
        0.15229366163764005,
        0.1137517170200081,
        0.1307281291459493,
        0.3811347161765771,
        0.16535945694153692,
        0.140625,
        0.15309310892394862,
        0.2651650429449553,
        0.14490028899212037,
        0.14149039278339715,
        0.1514899955442603,
        0.17469281074217108,
        0.15309310892394862,
        0.1988737822087165,
        0.09882117688026186,
        0.19008632907181935,
        0.24902152266420668,
        0.2181912506838897,
        0.16237976320958225,
        0.1570293065800139
    ],
    [
        0.12979099785809492,
        0.382413695328763,
        0.21986323874172325,
        0.10245997694221876,
        0.09882117688026186,
        0.10245997694221876,
        0.20191949973937634,
        0.19136638615493579,
        0.1887975933374152,
        0.11048543456039805,
        0.12103072956898178,
        0.08414320011147662,
        0.18944305707784595,
        0.12597277731716483,
        0.09631896879639025,
        0.06987712429686843,
        0.13531646934131855,
        0.10481568644530265,
        0.11692679333668567,
        0.10364452469860624,
        0.13799626353637262,
        0.15229366163764005,
        0.24705294220065463,
        0.23228232417685166,
        0.1781524101717403,
        0.22426093897511443,
        0.0,
        0.21137108216357317,
        0.09882117688026186,
        0.16312978920172735,
        0.2096313728906053,
        0.1307281291459493,
        0.6314124172242734,
        0.11587810136086973,
        0.20009763241977652,
        0.1795175827043134,
        0.05182226234930312,
        0.13799626353637262,
        0.24105075969596113,
        0.12789613706050704,
        0.15309310892394862,
        0.12597277731716483,
        0.0855816496101822,
        0.19640320453088336,
        0.11267347735824966,
        0.06629126073623882,
        0.078125,
        0.14149039278339715,
        0.2755498763835687
    ],
    [
        0.20432338797846908,
        0.16387638252658618,
        0.19327057620082783,
        0.20551478809321727,
        0.1288470508005519,
        0.22910747341586218,
        0.16237976320958225,
        0.13441133229754104,
        0.1801962905417312,
        0.2628531850196988,
        0.18355218944485516,
        0.20610790559801437,
        0.1781524101717403,
        0.16312978920172735,
        0.171875,
        0.21079277442550065,
        0.12597277731716483,
        0.14405538214520136,
        0.16755945773068137,
        0.1690102160373745,
        0.12979099785809492,
        0.20252314682524564,
        0.19136638615493579,
        0.17469281074217108,
        0.14320549046737,
        0.14490028899212037,
        0.21137108216357317,
        0.0,
        0.17746588580625855,
        0.11158481919598204,
        0.12597277731716483,
        0.1307281291459493,
        0.3552755312781898,
        0.171875,
        0.109375,
        0.1288470508005519,
        0.214808235701055,
        0.12789613706050704,
        0.1753901900050285,
        0.16461958988832404,
        0.22041774968227945,
        0.11899645477912357,
        0.19948664585630788,
        0.14235052467412967,
        0.14574029770451274,
        0.19702375332685143,
        0.20846350100197397,
        0.12979099785809492,
        0.13799626353637262
    ],
    [
        0.1269381000724369,
        0.26608416196760004,
        0.17328963291264715,
        0.12789613706050704,
        0.0924387466109315,
        0.14405538214520136,
        0.17399263633843817,
        0.15780476466190746,
        0.16973094517500337,
        0.15068204314051492,
        0.09375,
        0.10711960313126631,
        0.1690102160373745,
        0.10825317547305482,
        0.10711960313126631,
        0.10245997694221876,
        0.10481568644530265,
        0.09882117688026186,
        0.11796616305110547,
        0.09882117688026186,
        0.11796616305110547,
        0.14823176532039278,
        0.23799290955824715,
        0.20372507516258279,
        0.16461958988832404,
        0.18221724671391565,
        0.09882117688026186,
        0.17746588580625855,
        0.0,
        0.13441133229754104,
        0.1660960283239789,
        0.11692679333668567,
        0.5493248697264671,
        0.11692679333668567,
        0.17258376589355096,
        0.15068204314051492,
        0.10126157341262282,
        0.1307281291459493,
        0.21079277442550065,
        0.11267347735824966,
        0.12597277731716483,
        0.1288470508005519,
        0.10126157341262282,
        0.17044862679118303,
        0.08699631816921909,
        0.09110862335695782,
        0.08414320011147662,
        0.14320549046737,
        0.18619336387207788
    ],
    [
        0.16682934768798924,
        0.225888004606265,
        0.21986323874172325,
        0.20191949973937634,
        0.125,
        0.18421603316486868,
