[
    [
        0.0,
        0.5590169943749475,
        1.4842927608797396,
        1.299038105676658,
        0.5153882032022076,
        0.673145600891813,
        0.5303300858899106,
        0.9921567416492215,
        1.0532687216470449,
        1.3169567191065923,
        0.6614378277661477,
        0.9682458365518543,
        0.57282196186948,
        1.0825317547305484,
        0.673145600891813,
        0.57282196186948,
        0.625,
        0.8926785535678563,
        0.46770717334674267,
        0.8385254915624212,
        0.7603453162872774,
        0.82915619758885,
        1.243734296383275,
        1.375,
        1.1858541225631423,
        1.0,
        1.6441183047457382,
        0.625,
        1.2562344526401112,
        0.75,
        0.8477912478906585,
        1.224744871391589,
        1.0231690964840563,
        2.318404623873926,
        0.9100137361600648,
        1.14564392373896,
        0.9519716382329886,
        0.5448623679425842,
        0.8385254915624212,
        1.1726039399558574,
        0.739509972887452,
        0.8838834764831844,
        1.165922381636102,
        0.6846531968814576,
        0.9682458365518543,
        0.5863019699779287,
        0.7071067811865476,
        0.7071067811865476,
        0.7806247497997998,
        0.9100137361600648
    ],
    [
        0.5590169943749475,
        0.0,
        1.3050383136138188,
        1.1524430571616109,
        0.649519052838329,
        0.6373774391990981,
        0.7288689868556626,
        0.8385254915624212,
        0.9762812094883317,
        1.0897247358851685,
        0.8838834764831844,
        0.8926785535678563,
        0.7071067811865476,
        0.9437293044088437,
        0.625,
        0.673145600891813,
        0.625,
        0.7288689868556626,
        0.649519052838329,
        0.7806247497997998,
        0.7180703308172536,
        0.75,
        0.9842509842514764,
        1.1989578808281798,
        0.9185586535436918,
        0.8838834764831844,
        1.479019945774904,
        0.6959705453537527,
        1.0825317547305484,
        0.75,
        0.6959705453537527,
        0.9921567416492215,
        0.9437293044088437,
        1.7809758560968758,
        0.875,
        0.9921567416492215,
        0.82915619758885,
        0.649519052838329,
        0.7806247497997998,
        1.0077822185373186,
        0.7288689868556626,
        0.8385254915624212,
        1.015504800579495,
        0.770551750371122,
        0.7071067811865476,
        0.7071067811865476,
        0.7603453162872774,
        0.6614378277661477,
        0.75,
        0.9185586535436918
    ],
    [
        1.4842927608797396,
        1.3050383136138188,
        0.0,
        1.1319231422671772,
        1.3110110602126894,
        1.2183492931011204,
        1.403121520040228,
        1.2562344526401112,
        1.1792476415070754,
        1.1726039399558574,
        1.4947825928876748,
        1.2183492931011204,
        1.340475661845451,
        1.2054563451241194,
        1.2119199643540823,
        1.25,
        1.3287682265918312,
        1.2374368670764582,
        1.2808688457449497,
        1.25,
        1.224744871391589,
        1.243734296383275,
        1.2686114456365274,
        1.299038105676658,
        1.192424001771182,
        1.2374368670764582,
        1.2054563451241194,
        1.2808688457449497,
        1.0680004681646913,
        1.2624381172952597,
        1.231107225224513,
        1.231107225224513,
        1.0825317547305484,
        1.4684175155588413,
        1.192424001771182,
        1.25,
        1.1989578808281798,
        1.3169567191065923,
        1.2183492931011204,
        1.1524430571616109,
        1.2562344526401112,
        1.2119199643540823,
        1.2930100540985752,
        1.2562344526401112,
        1.25,
        1.2686114456365274,
        1.3287682265918312,
        1.2686114456365274,
        1.1792476415070754,
        1.192424001771182
    ],
    [
        1.299038105676658,
        1.1524430571616109,
        1.1319231422671772,
        0.0,
        1.0752906583803283,
        1.0231690964840563,
        1.2747548783981961,
        1.0307764064044151,
        1.0307764064044151,
        1.231107225224513,
        1.334634781503914,
        0.9682458365518543,
        1.165922381636102,
        1.015504800579495,
        1.1110243021644486,
        1.0680004681646913,
        1.1388041973930374,
        1.118033988749895,
        1.0968705484240153,
        1.0968705484240153,
        1.0897247358851685,
        1.0897247358851685,
        1.0307764064044151,
        1.1388041973930374,
        1.118033988749895,
        1.0458250331675945,
        1.4523687548277813,
        1.192424001771182,
        1.1989578808281798,
        1.0606601717798212,
        1.1726039399558574,
        1.0825317547305484,
        1.2119199643540823,
        1.3975424859373686,
        1.0077822185373186,
        1.1524430571616109,
        1.0231690964840563,
        1.0968705484240153,
        1.0897247358851685,
        1.0231690964840563,
        1.0532687216470449,
        1.0,
        1.1792476415070754,
        1.0968705484240153,
        1.0752906583803283,
        1.0231690964840563,
        1.0752906583803283,
        1.1110243021644486,
        1.0231690964840563,
        1.0383279828647594
    ],
    [
        0.5153882032022076,
        0.649519052838329,
        1.3110110602126894,
        1.0752906583803283,
        0.0,
        0.6846531968814576,
        0.57282196186948,
        0.7905694150420949,
        0.9842509842514764,
        1.103970108290981,
        0.6959705453537527,
        0.7806247497997998,
        0.5590169943749475,
        0.8838834764831844,
        0.5863019699779287,
        0.5994789404140899,
        0.625,
        0.7905694150420949,
        0.5303300858899106,
        0.7288689868556626,
        0.7905694150420949,
        0.8100925873009825,
        0.9519716382329886,
        1.165922381636102,
        1.0,
        0.8926785535678563,
        1.5309310892394863,
        0.57282196186948,
        1.1319231422671772,
        0.6373774391990981,
        0.8385254915624212,
        1.0307764064044151,
        0.8660254037844386,
        1.7940875118009154,
        0.81967981553775,
        1.0077822185373186,
        0.8100925873009825,
        0.45069390943299864,
        0.7180703308172536,
        1.015504800579495,
        0.6959705453537527,
        0.8003905296791061,
        0.9762812094883317,
        0.57282196186948,
        0.8569568250501305,
        0.5994789404140899,
        0.57282196186948,
        0.45069390943299864,
        0.6614378277661477,
        0.8660254037844386
    ],
    [
        0.673145600891813,
        0.6373774391990981,
        1.2183492931011204,
        1.0231690964840563,
        0.6846531968814576,
        0.0,
        0.7180703308172536,
        0.7905694150420949,
        0.8477912478906585,
        1.1319231422671772,
        0.8569568250501305,
        0.8385254915624212,
        0.7180703308172536,
        0.8926785535678563,
        0.7071067811865476,
        0.5994789404140899,
        0.6846531968814576,
        0.8569568250501305,
        0.5994789404140899,
        0.7180703308172536,
        0.75,
        0.75,
        0.9842509842514764,
        1.1524430571616109,
        0.960143218483576,
        0.82915619758885,
        1.4361406616345072,
        0.6959705453537527,
        1.0968705484240153,
        0.6959705453537527,
        0.7603453162872774,
        0.8838834764831844,
        0.8926785535678563,
        1.595893166850463,
        0.8569568250501305,
        0.9100137361600648,
        0.770551750371122,
        0.6373774391990981,
        0.6959705453537527,
        0.9762812094883317,
        0.6614378277661477,
        0.8385254915624212,
        0.9921567416492215,
        0.673145600891813,
        0.7806247497997998,
        0.6846531968814576,
        0.673145600891813,
        0.6959705453537527,
        0.673145600891813,
        0.8003905296791061
    ],
    [
        0.5303300858899106,
        0.7288689868556626,
        1.403121520040228,
        1.2747548783981961,
        0.57282196186948,
        0.7180703308172536,
        0.0,
        0.960143218483576,
        1.103970108290981,
        1.299038105676658,
        0.4330127018922193,
        0.960143218483576,
        0.57282196186948,
        1.1792476415070754,
        0.6959705453537527,
        0.6846531968814576,
        0.6959705453537527,
        0.9762812094883317,
        0.625,
        0.9013878188659973,
        0.8385254915624212,
        0.9762812094883317,
        1.1792476415070754,
        1.3635890143294642,
        1.1858541225631423,
        0.9921567416492215,
        1.695582495781317,
        0.625,
        1.299038105676658,
        0.739509972887452,
        0.8569568250501305,
        1.2374368670764582,
        1.0532687216470449,
        2.2534695471649933,
        1.0,
        1.0968705484240153,
        0.960143218483576,
        0.5153882032022076,
        0.7071067811865476,
        1.2183492931011204,
        0.8003905296791061,
        1.0,
        1.125,
        0.625,
        1.0077822185373186,
        0.6959705453537527,
        0.649519052838329,
        0.6373774391990981,
        0.7905694150420949,
        1.015504800579495
    ],
    [
        0.9921567416492215,
        0.8385254915624212,
        1.2562344526401112,
        1.0307764064044151,
        0.7905694150420949,
        0.7905694150420949,
        0.960143218483576,
        0.0,
        0.9437293044088437,
        1.0968705484240153,
        1.0680004681646913,
        0.8385254915624212,
        0.8569568250501305,
        0.9921567416492215,
        0.770551750371122,
        0.8003905296791061,
        0.8569568250501305,
        0.8926785535678563,
        0.82915619758885,
        0.875,
        0.8385254915624212,
        0.8926785535678563,
        0.9437293044088437,
        1.0,
        0.960143218483576,
        0.9270248108869579,
        1.4577379737113252,
        0.8569568250501305,
        1.0752906583803283,
        0.81967981553775,
        0.875,
        0.9100137361600648,
        1.0,
        1.5206906325745548,
        0.875,
        0.8926785535678563,
        0.8569568250501305,
        0.7806247497997998,
        0.82915619758885,
        1.015504800579495,
        0.8477912478906585,
        0.81967981553775,
        0.9682458365518543,
        0.82915619758885,
        0.8100925873009825,
        0.82915619758885,
        0.770551750371122,
        0.739509972887452,
        0.75,
        0.9437293044088437
    ],
    [
        1.0532687216470449,
        0.9762812094883317,
        1.1792476415070754,
        1.0307764064044151,
        0.9842509842514764,
        0.8477912478906585,
        1.103970108290981,
        0.9437293044088437,
        0.0,
        1.1792476415070754,
        1.224744871391589,
        0.9354143466934853,
        0.9354143466934853,
        0.9762812094883317,
        0.9519716382329886,
        0.9013878188659973,
        1.0,
        0.9921567416492215,
        0.960143218483576,
        0.9519716382329886,
        0.9185586535436918,
        0.9519716382329886,
        1.0383279828647594,
        1.0606601717798212,
        1.0307764064044151,
        0.9013878188659973,
        1.4415703243338496,
        1.0383279828647594,
        1.0968705484240153,
        0.9354143466934853,
        0.9013878188659973,
        0.9354143466934853,
        1.0231690964840563,
        1.4415703243338496,
        0.9270248108869579,
        0.9682458365518543,
        0.8385254915624212,
        0.9921567416492215,
        0.9185586535436918,
        0.9921567416492215,
        0.9270248108869579,
        0.9437293044088437,
        0.9682458365518543,
        0.9013878188659973,
        0.9682458365518543,
        0.9437293044088437,
        0.9842509842514764,
        0.9682458365518543,
        0.9185586535436918,
        0.9100137361600648
    ],
    [
        1.3169567191065923,
        1.0897247358851685,
        1.1726039399558574,
        1.231107225224513,
        1.103970108290981,
        1.1319231422671772,
        1.299038105676658,
        1.0968705484240153,
        1.1792476415070754,
        0.0,
        1.3975424859373686,
        1.1858541225631423,
        1.1792476415070754,
        1.1858541225631423,
        1.1524430571616109,
        1.0606601717798212,
        1.14564392373896,
        1.0752906583803283,
        1.165922381636102,
        1.192424001771182,
        1.0532687216470449,
        1.165922381636102,
        1.2119199643540823,
        1.165922381636102,
        1.1110243021644486,
        1.1524430571616109,
        1.286953767623375,
        1.192424001771182,
        0.9519716382329886,
        1.0752906583803283,
        1.0680004681646913,
        1.1726039399558574,
        1.0231690964840563,
        1.5761900266148114,
        1.1319231422671772,
        1.1388041973930374,
        1.0897247358851685,
        1.1388041973930374,
        1.118033988749895,
        1.1858541225631423,
        1.0897247358851685,
        1.0968705484240153,
        1.25,
        1.103970108290981,
        1.125,
        1.1989578808281798,
        1.1989578808281798,
        1.0752906583803283,
        1.0897247358851685,
        1.1388041973930374
    ],
    [
        0.6614378277661477,
        0.8838834764831844,
        1.4947825928876748,
        1.334634781503914,
        0.6959705453537527,
        0.8569568250501305,
        0.4330127018922193,
        1.0680004681646913,
        1.224744871391589,
        1.3975424859373686,
        0.0,
        1.0606601717798212,
        0.739509972887452,
        1.2808688457449497,
        0.8385254915624212,
        0.8569568250501305,
        0.8385254915624212,
        1.118033988749895,
        0.7806247497997998,
        1.0532687216470449,
        1.015504800579495,
        1.0680004681646913,
        1.2562344526401112,
        1.4469796128487782,
        1.299038105676658,
        1.1388041973930374,
        1.758905909933786,
        0.75,
        1.4086784586980805,
        0.875,
        1.0383279828647594,
        1.340475661845451,
        1.165922381636102,
        2.29128784747792,
        1.14564392373896,
        1.2119199643540823,
        1.0968705484240153,
        0.673145600891813,
        0.8926785535678563,
        1.3287682265918312,
        0.9270248108869579,
        1.118033988749895,
        1.231107225224513,
        0.770551750371122,
        1.14564392373896,
        0.81967981553775,
        0.770551750371122,
        0.770551750371122,
        0.9185586535436918,
        1.118033988749895
    ],
    [
        0.9682458365518543,
        0.8926785535678563,
        1.2183492931011204,
        0.9682458365518543,
        0.7806247497997998,
        0.8385254915624212,
        0.960143218483576,
        0.8385254915624212,
        0.9354143466934853,
        1.1858541225631423,
        1.0606601717798212,
        0.0,
        0.8660254037844386,
        0.8926785535678563,
        0.8385254915624212,
        0.739509972887452,
        0.9100137361600648,
        0.9013878188659973,
        0.770551750371122,
        0.8838834764831844,
        0.8569568250501305,
        0.81967981553775,
        0.9013878188659973,
        1.0077822185373186,
        0.9519716382329886,
        0.8926785535678563,
        1.4415703243338496,
        0.8569568250501305,
        1.1319231422671772,
        0.8477912478906585,
        0.9013878188659973,
        0.9185586535436918,
        0.960143218483576,
        1.4577379737113252,
        0.8838834764831844,
        0.9842509842514764,
        0.8838834764831844,
        0.81967981553775,
        0.8660254037844386,
        0.9354143466934853,
        0.8569568250501305,
        0.9270248108869579,
        0.960143218483576,
        0.8003905296791061,
        0.8926785535678563,
        0.82915619758885,
        0.8003905296791061,
        0.8385254915624212,
        0.770551750371122,
        0.8569568250501305
    ],
    [
        0.57282196186948,
        0.7071067811865476,
        1.340475661845451,
        1.165922381636102,
        0.5590169943749475,
        0.7180703308172536,
        0.57282196186948,
        0.8569568250501305,
        0.9354143466934853,
        1.1792476415070754,
        0.739509972887452,
        0.8660254037844386,
        0.0,
        1.0077822185373186,
        0.6614378277661477,
        0.5994789404140899,
        0.6959705453537527,
        0.8100925873009825,
        0.5863019699779287,
        0.7905694150420949,
        0.75,
        0.770551750371122,
        1.015504800579495,
        1.0968705484240153,
        1.0897247358851685,
        0.8385254915624212,
        1.5512092057488571,
        0.649519052838329,
        1.165922381636102,
        0.5863019699779287,
        0.8477912478906585,
        1.0458250331675945,
        0.9185586535436918,
        1.7721808598447282,
        0.8660254037844386,
        1.0077822185373186,
        0.9100137361600648,
        0.5863019699779287,
        0.7288689868556626,
        1.0606601717798212,
        0.75,
        0.8926785535678563,
        0.9921567416492215,
        0.5448623679425842,
        0.8100925873009825,
        0.6373774391990981,
        0.5863019699779287,
        0.6123724356957945,
        0.6959705453537527,
        0.8838834764831844
    ],
    [
        1.0825317547305484,
        0.9437293044088437,
        1.2054563451241194,
        1.015504800579495,
        0.8838834764831844,
        0.8926785535678563,
        1.1792476415070754,
        0.9921567416492215,
        0.9762812094883317,
        1.1858541225631423,
        1.2808688457449497,
        0.8926785535678563,
        1.0077822185373186,
        0.0,
        0.9185586535436918,
        0.9270248108869579,
        0.9682458365518543,
        0.9519716382329886,
        0.9100137361600648,
        0.8569568250501305,
        0.9013878188659973,
        0.9100137361600648,
        0.9762812094883317,
        1.0825317547305484,
        1.0307764064044151,
        0.9185586535436918,
        1.3693063937629153,
        0.960143218483576,
        1.1319231422671772,
        0.9354143466934853,
        0.9354143466934853,
        0.9270248108869579,
        1.0606601717798212,
        1.4630874888399532,
        0.9437293044088437,
        1.0532687216470449,
        0.9185586535436918,
        0.9270248108869579,
        0.9437293044088437,
        0.9519716382329886,
        0.875,
        0.9013878188659973,
        1.0077822185373186,
        0.9921567416492215,
        0.9270248108869579,
        0.9100137361600648,
        0.960143218483576,
        0.9270248108869579,
        0.9185586535436918,
        0.9270248108869579
    ],
    [
        0.673145600891813,
        0.625,
        1.2119199643540823,
        1.1110243021644486,
        0.5863019699779287,
        0.7071067811865476,
        0.6959705453537527,
        0.770551750371122,
        0.9519716382329886,
        1.1524430571616109,
        0.8385254915624212,
        0.8385254915624212,
        0.6614378277661477,
        0.9185586535436918,
        0.0,
        0.6846531968814576,
        0.673145600891813,
        0.7806247497997998,
        0.625,
        0.739509972887452,
        0.7288689868556626,
        0.7806247497997998,
        0.9185586535436918,
        1.1319231422671772,
        0.9519716382329886,
        0.8569568250501305,
        1.4630874888399532,
        0.625,
        1.0606601717798212,
        0.6959705453537527,
        0.7603453162872774,
        0.9100137361600648,
        0.9013878188659973,
        1.695582495781317,
        0.8477912478906585,
        0.9270248108869579,
        0.8003905296791061,
        0.5994789404140899,
        0.770551750371122,
        0.9682458365518543,
        0.7071067811865476,
        0.8660254037844386,
        0.9100137361600648,
        0.7071067811865476,
        0.81967981553775,
        0.625,
        0.6614378277661477,
        0.6373774391990981,
        0.7288689868556626,
        0.875
    ],
    [
        0.57282196186948,
        0.673145600891813,
        1.25,
        1.0680004681646913,
        0.5994789404140899,
        0.5994789404140899,
        0.6846531968814576,
        0.8003905296791061,
        0.9013878188659973,
        1.0606601717798212,
        0.8569568250501305,
        0.739509972887452,
        0.5994789404140899,
        0.9270248108869579,
        0.6846531968814576,
        0.0,
        0.6614378277661477,
        0.770551750371122,
        0.5590169943749475,
        0.7806247497997998,
        0.6959705453537527,
        0.7806247497997998,
        0.9270248108869579,
        1.14564392373896,
        0.9437293044088437,
        0.82915619758885,
        1.4842927608797396,
        0.5590169943749475,
        1.0897247358851685,
        0.625,
        0.739509972887452,
        0.9270248108869579,
        0.8926785535678563,
        1.6909686573085854,
        0.82915619758885,
        0.8838834764831844,
        0.81967981553775,
        0.5994789404140899,
        0.7288689868556626,
        0.9842509842514764,
        0.6123724356957945,
        0.8477912478906585,
        0.9762812094883317,
        0.6614378277661477,
        0.7603453162872774,
        0.673145600891813,
        0.6373774391990981,
        0.6614378277661477,
        0.649519052838329,
        0.7806247497997998
    ],
    [
        0.625,
        0.625,
        1.3287682265918312,
        1.1388041973930374,
        0.625,
        0.6846531968814576,
        0.6959705453537527,
        0.8569568250501305,
        1.0,
        1.14564392373896,
        0.8385254915624212,
        0.9100137361600648,
        0.6959705453537527,
        0.9682458365518543,
        0.673145600891813,
        0.6614378277661477,
        0.0,
        0.81967981553775,
        0.6846531968814576,
        0.770551750371122,
        0.7071067811865476,
        0.82915619758885,
        0.9437293044088437,
        1.192424001771182,
        0.9842509842514764,
        0.8838834764831844,
        1.5309310892394863,
        0.7180703308172536,
        1.1319231422671772,
        0.7071067811865476,
        0.75,
        1.0077822185373186,
        0.9682458365518543,
        1.8582585934148133,
        0.8926785535678563,
        0.9921567416492215,
        0.8477912478906585,
        0.5994789404140899,
        0.7180703308172536,
        1.0307764064044151,
        0.7806247497997998,
        0.9185586535436918,
        0.9842509842514764,
        0.7806247497997998,
        0.8569568250501305,
        0.6123724356957945,
        0.7288689868556626,
        0.6123724356957945,
        0.6959705453537527,
        0.875
    ],
    [
        0.8926785535678563,
        0.7288689868556626,
        1.2374368670764582,
        1.118033988749895,
        0.7905694150420949,
        0.8569568250501305,
        0.9762812094883317,
        0.8926785535678563,
        0.9921567416492215,
        1.0752906583803283,
        1.118033988749895,
        0.9013878188659973,
        0.8100925873009825,
        0.9519716382329886,
        0.7806247497997998,
        0.770551750371122,
        0.81967981553775,
        0.0,
        0.81967981553775,
        0.8838834764831844,
        0.739509972887452,
        0.8660254037844386,
        0.9270248108869579,
        1.1726039399558574,
        0.9354143466934853,
        0.8477912478906585,
        1.4306903927824497,
        0.8926785535678563,
        1.0606601717798212,
        0.7806247497997998,
        0.8003905296791061,
        0.9842509842514764,
        1.0231690964840563,
        1.6393596310755,
        0.875,
        1.015504800579495,
        0.8926785535678563,
        0.8385254915624212,
        0.82915619758885,
        1.0231690964840563,
        0.8660254037844386,
        0.9270248108869579,
        1.0383279828647594,
        0.8100925873009825,
        0.82915619758885,
        0.8385254915624212,
        0.9013878188659973,
        0.82915619758885,
        0.8838834764831844,
        0.9270248108869579
    ],
    [
        0.46770717334674267,
        0.649519052838329,
        1.2808688457449497,
        1.0968705484240153,
        0.5303300858899106,
        0.5994789404140899,
        0.625,
        0.82915619758885,
        0.960143218483576,
        1.165922381636102,
        0.7806247497997998,
        0.770551750371122,
        0.5863019699779287,
        0.9100137361600648,
        0.625,
        0.5590169943749475,
        0.6846531968814576,
        0.81967981553775,
        0.0,
        0.739509972887452,
        0.6846531968814576,
        0.770551750371122,
        0.960143218483576,
        1.2054563451241194,
        0.9842509842514764,
        0.8569568250501305,
        1.5155444566227676,
        0.5,
        1.1388041973930374,
        0.5863019699779287,
        0.75,
        0.9354143466934853,
        0.8926785535678563,
        1.7677669529663689,
        0.81967981553775,
        0.960143218483576,
        0.8100925873009825,
        0.5,
        0.7071067811865476,
        0.960143218483576,
        0.6614378277661477,
        0.7806247497997998,
        1.0458250331675945,
        0.6373774391990981,
        0.82915619758885,
        0.5863019699779287,
        0.625,
        0.57282196186948,
        0.6959705453537527,
        0.8385254915624212
    ],
    [
        0.8385254915624212,
        0.7806247497997998,
        1.25,
        1.0968705484240153,
        0.7288689868556626,
        0.7180703308172536,
        0.9013878188659973,
        0.875,
        0.9519716382329886,
        1.192424001771182,
        1.0532687216470449,
        0.8838834764831844,
        0.7905694150420949,
        0.8569568250501305,
        0.739509972887452,
        0.7806247497997998,
        0.770551750371122,
        0.8838834764831844,
        0.739509972887452,
        0.0,
        0.875,
        0.8003905296791061,
        0.9682458365518543,
        1.0897247358851685,
        0.8838834764831844,
        0.8838834764831844,
        1.4684175155588413,
        0.7905694150420949,
        1.1319231422671772,
        0.8003905296791061,
        0.9100137361600648,
        0.9682458365518543,
        0.9100137361600648,
        1.571225636247067,
        0.8003905296791061,
        0.9437293044088437,
        0.8569568250501305,
        0.75,
        0.81967981553775,
        1.0077822185373186,
        0.75,
        0.9013878188659973,
        0.9185586535436918,
        0.7806247497997998,
        0.770551750371122,
        0.8100925873009825,
        0.7288689868556626,
        0.6959705453537527,
        0.7288689868556626,
        0.875
    ],
    [
        0.7603453162872774,
        0.7180703308172536,
        1.224744871391589,
        1.0897247358851685,
        0.7905694150420949,
        0.75,
        0.8385254915624212,
        0.8385254915624212,
        0.9185586535436918,
        1.0532687216470449,
        1.015504800579495,
        0.8569568250501305,
        0.75,
        0.9013878188659973,
        0.7288689868556626,
        0.6959705453537527,
        0.7071067811865476,
        0.739509972887452,
        0.6846531968814576,
        0.875,
        0.0,
        0.8100925873009825,
        1.0458250331675945,
        1.118033988749895,
        0.9185586535436918,
        0.8569568250501305,
        1.4630874888399532,
        0.7071067811865476,
        1.0532687216470449,
        0.75,
        0.7806247497997998,
        0.8838834764831844,
        0.9519716382329886,
        1.595893166850463,
        0.8569568250501305,
        0.9682458365518543,
        0.8477912478906585,
        0.7603453162872774,
        0.8477912478906585,
        0.9354143466934853,
        0.7905694150420949,
        0.875,
        0.9842509842514764,
        0.8003905296791061,
        0.7806247497997998,
        0.7905694150420949,
        0.8477912478906585,
        0.8003905296791061,
        0.81967981553775,
        0.875
    ],
    [
        0.82915619758885,
        0.75,
        1.243734296383275,
        1.0897247358851685,
        0.8100925873009825,
        0.75,
        0.9762812094883317,
        0.8926785535678563,
        0.9519716382329886,
        1.165922381636102,
        1.0680004681646913,
        0.81967981553775,
        0.770551750371122,
        0.9100137361600648,
        0.7806247497997998,
        0.7806247497997998,
        0.82915619758885,
        0.8660254037844386,
        0.770551750371122,
        0.8003905296791061,
        0.8100925873009825,
        0.0,
        1.015504800579495,
        1.0606601717798212,
        0.9762812094883317,
        0.8838834764831844,
        1.4469796128487782,
        0.7288689868556626,
        1.125,
        0.8660254037844386,
        0.82915619758885,
        0.9682458365518543,
        0.9437293044088437,
        1.5761900266148114,
        0.8838834764831844,
        0.8926785535678563,
        0.8838834764831844,
        0.8569568250501305,
        0.82915619758885,
        0.9762812094883317,
        0.7905694150420949,
        0.7806247497997998,
        1.0,
        0.770551750371122,
        0.81967981553775,
        0.8477912478906585,
        0.739509972887452,
        0.81967981553775,
        0.770551750371122,
        0.770551750371122
    ],
    [
        1.243734296383275,
        0.9842509842514764,
        1.2686114456365274,
        1.0307764064044151,
        0.9519716382329886,
        0.9842509842514764,
        1.1792476415070754,
        0.9437293044088437,
        1.0383279828647594,
        1.2119199643540823,
        1.2562344526401112,
        0.9013878188659973,
        1.015504800579495,
        0.9762812094883317,
        0.9185586535436918,
        0.9270248108869579,
        0.9437293044088437,
        0.9270248108869579,
        0.960143218483576,
        0.9682458365518543,
        1.0458250331675945,
        1.015504800579495,
        0.0,
        1.1110243021644486,
        1.0307764064044151,
        0.9270248108869579,
        1.4842927608797396,
        1.0077822185373186,
        1.1319231422671772,
        0.9354143466934853,
        0.9921567416492215,
        1.0,
        1.0606601717798212,
        1.5206906325745548,
        0.960143218483576,
        1.125,
        0.9437293044088437,
        0.9762812094883317,
        0.8838834764831844,
        1.0383279828647594,
        0.9682458365518543,
        0.9270248108869579,
        0.9842509842514764,
        0.960143218483576,
        0.9682458365518543,
        0.9437293044088437,
        0.9354143466934853,
        0.9270248108869579,
        0.9682458365518543,
        0.9762812094883317
    ],
    [
        1.375,
        1.1989578808281798,
        1.299038105676658,
        1.1388041973930374,
        1.165922381636102,
        1.1524430571616109,
        1.3635890143294642,
        1.0,
        1.0606601717798212,
        1.165922381636102,
        1.4469796128487782,
        1.0077822185373186,
        1.0968705484240153,
        1.0825317547305484,
        1.1319231422671772,
        1.14564392373896,
        1.192424001771182,
        1.1726039399558574,
        1.2054563451241194,
        1.0897247358851685,
        1.118033988749895,
        1.0606601717798212,
        1.1110243021644486,
        0.0,
        1.0897247358851685,
        1.0307764064044151,
        1.505199322349037,
        1.1858541225631423,
        1.2183492931011204,
        1.118033988749895,
        1.14564392373896,
        1.0825317547305484,
        1.1524430571616109,
        1.4630874888399532,
        1.0383279828647594,
        0.9842509842514764,
        1.0825317547305484,
        1.2054563451241194,
        1.1524430571616109,
        1.192424001771182,
        1.0458250331675945,
        1.0,
        1.125,
        1.118033988749895,
        1.0680004681646913,
        1.1726039399558574,
        1.103970108290981,
        1.125,
        1.0077822185373186,
        1.1319231422671772
    ],
    [
        1.1858541225631423,
        0.9185586535436918,
        1.192424001771182,
        1.118033988749895,
        1.0,
        0.960143218483576,
        1.1858541225631423,
        0.960143218483576,
        1.0307764064044151,
        1.1110243021644486,
        1.299038105676658,
        0.9519716382329886,
        1.0897247358851685,
        1.0307764064044151,
        0.9519716382329886,
        0.9437293044088437,
        0.9842509842514764,
        0.9354143466934853,
        0.9842509842514764,
        0.8838834764831844,
        0.9185586535436918,
        0.9762812094883317,
        1.0307764064044151,
        1.0897247358851685,
        0.0,
        0.9921567416492215,
        1.4523687548277813,
        1.015504800579495,
        1.0825317547305484,
        0.960143218483576,
        0.9762812094883317,
        1.015504800579495,
        1.0752906583803283,
        1.4737282653189494,
        0.960143218483576,
        1.0231690964840563,
        0.9354143466934853,
        0.9762812094883317,
        1.0,
        1.0307764064044151,
        0.9437293044088437,
        0.9437293044088437,
        0.9842509842514764,
        1.0,
        0.9013878188659973,
        0.9921567416492215,
        1.0,
        0.9185586535436918,
        0.8838834764831844,
        0.9682458365518543
    ],
    [
        1.0,
        0.8838834764831844,
        1.2374368670764582,
        1.0458250331675945,
        0.8926785535678563,
        0.82915619758885,
        0.9921567416492215,
        0.9270248108869579,
        0.9013878188659973,
        1.1524430571616109,
        1.1388041973930374,
        0.8926785535678563,
        0.8385254915624212,
        0.9185586535436918,
        0.8569568250501305,
        0.82915619758885,
        0.8838834764831844,
        0.8477912478906585,
        0.8569568250501305,
        0.8838834764831844,
        0.8569568250501305,
        0.8838834764831844,
        0.9270248108869579,
        1.0307764064044151,
        0.9921567416492215,
        0.0,
        1.4630874888399532,
        0.9437293044088437,
        1.0606601717798212,
        0.8569568250501305,
        0.8100925873009825,
        0.9682458365518543,
        1.015504800579495,
        1.5258194519667128,
        0.8926785535678563,
        0.8838834764831844,
        0.9270248108869579,
        0.9354143466934853,
        0.82915619758885,
        1.0077822185373186,
        0.8838834764831844,
        0.875,
        1.0606601717798212,
        0.8477912478906585,
        0.8569568250501305,
        0.82915619758885,
        0.8838834764831844,
        0.8838834764831844,
        0.8477912478906585,
        0.8477912478906585
    ],
    [
        1.6441183047457382,
        1.479019945774904,
        1.2054563451241194,
        1.4523687548277813,
        1.5309310892394863,
        1.4361406616345072,
        1.695582495781317,
        1.4577379737113252,
        1.4415703243338496,
        1.286953767623375,
        1.758905909933786,
        1.4415703243338496,
        1.5512092057488571,
        1.3693063937629153,
        1.4630874888399532,
        1.4842927608797396,
        1.5309310892394863,
        1.4306903927824497,
        1.5155444566227676,
        1.4684175155588413,
        1.4630874888399532,
        1.4469796128487782,
        1.4842927608797396,
        1.505199322349037,
        1.4523687548277813,
        1.4630874888399532,
        0.0,
        1.5258194519667128,
        1.118033988749895,
        1.4630874888399532,
        1.4415703243338496,
        1.4361406616345072,
        1.1388041973930374,
        1.7809758560968758,
        1.4577379737113252,
        1.505199322349037,
        1.4142135623730951,
        1.5761900266148114,
        1.4684175155588413,
        1.3863170633011772,
        1.4306903927824497,
        1.4361406616345072,
        1.489546910976623,
        1.5103807466993215,
        1.4577379737113252,
        1.4947825928876748,
        1.4947825928876748,
        1.5360257159305635,
        1.4737282653189494,
        1.4523687548277813
    ],
    [
        0.625,
        0.6959705453537527,
        1.2808688457449497,
        1.192424001771182,
        0.57282196186948,
        0.6959705453537527,
        0.625,
        0.8569568250501305,
        1.0383279828647594,
        1.192424001771182,
        0.75,
        0.8569568250501305,
        0.649519052838329,
        0.960143218483576,
        0.625,
        0.5590169943749475,
        0.7180703308172536,
        0.8926785535678563,
        0.5,
        0.7905694150420949,
        0.7071067811865476,
        0.7288689868556626,
        1.0077822185373186,
        1.1858541225631423,
        1.015504800579495,
        0.9437293044088437,
        1.5258194519667128,
        0.0,
        1.224744871391589,
        0.6959705453537527,
        0.82915619758885,
        0.9762812094883317,
        0.960143218483576,
        1.7853571071357126,
        0.8569568250501305,
        0.9100137361600648,
        0.8838834764831844,
        0.5448623679425842,
        0.7180703308172536,
        1.0458250331675945,
        0.7288689868556626,
        0.82915619758885,
        1.0383279828647594,
        0.625,
        0.81967981553775,
        0.673145600891813,
        0.57282196186948,
        0.6614378277661477,
        0.6846531968814576,
        0.8926785535678563
    ],
    [
        1.2562344526401112,
        1.0825317547305484,
        1.0680004681646913,
        1.1989578808281798,
        1.1319231422671772,
        1.0968705484240153,
        1.299038105676658,
        1.0752906583803283,
        1.0968705484240153,
        0.9519716382329886,
        1.4086784586980805,
        1.1319231422671772,
        1.165922381636102,
        1.1319231422671772,
        1.0606601717798212,
        1.0897247358851685,
        1.1319231422671772,
        1.0606601717798212,
        1.1388041973930374,
        1.1319231422671772,
        1.0532687216470449,
        1.125,
        1.1319231422671772,
        1.2183492931011204,
        1.0825317547305484,
        1.0606601717798212,
        1.118033988749895,
        1.224744871391589,
        0.0,
        1.0680004681646913,
        1.0532687216470449,
        1.1726039399558574,
        1.0,
        1.595893166850463,
        1.0825317547305484,
        1.159202311936963,
        1.0077822185373186,
        1.165922381636102,
        1.0897247358851685,
        1.0968705484240153,
        1.125,
        1.0752906583803283,
        1.125,
        1.125,
        1.103970108290981,
        1.1792476415070754,
        1.1989578808281798,
        1.118033988749895,
        1.0606601717798212,
        1.0458250331675945
    ],
    [
        0.75,
        0.75,
        1.2624381172952597,
        1.0606601717798212,
        0.6373774391990981,
        0.6959705453537527,
        0.739509972887452,
        0.81967981553775,
        0.9354143466934853,
        1.0752906583803283,
        0.875,
        0.8477912478906585,
        0.5863019699779287,
        0.9354143466934853,
        0.6959705453537527,
        0.625,
        0.7071067811865476,
        0.7806247497997998,
        0.5863019699779287,
        0.8003905296791061,
        0.75,
        0.8660254037844386,
        0.9354143466934853,
        1.118033988749895,
        0.960143218483576,
        0.8569568250501305,
        1.4630874888399532,
        0.6959705453537527,
        1.0680004681646913,
        0.0,
        0.7071067811865476,
        0.960143218483576,
        0.8100925873009825,
        1.6770509831248424,
        0.8385254915624212,
        0.9354143466934853,
        0.8003905296791061,
        0.6123724356957945,
        0.7071067811865476,
        1.015504800579495,
        0.7180703308172536,
        0.82915619758885,
        0.8838834764831844,
        0.625,
        0.8100925873009825,
        0.5994789404140899,
