[
    [
        0.0,
        2.023301757029831,
        0.875,
        1.231107225224513,
        1.357847561400027,
        1.7365554986812255,
        1.0968705484240153,
        1.3863170633011772,
        1.6441183047457382,
        1.5590461827668864,
        0.4559694762429895,
        1.5562374497485916,
        1.5258194519667128,
        1.3806701271484076,
        2.277608394786075,
        1.2643311129863515,
        1.8328597873268975,
        1.5811388300841898,
        1.6056540723331412,
        1.4842927608797396,
        1.2119199643540823,
        1.5562374497485916,
        1.0825317547305484,
        1.357847561400027,
        1.2183492931011204,
        1.4630874888399532,
        1.0680004681646913,
        1.6158932858054431,
        1.3437354650376687,
        1.0968705484240153,
        1.855921454276674,
        1.118033988749895,
        1.3674032567851615,
        1.463680672520858,
        0.5448623679425842,
        1.5258194519667128,
        1.192424001771182,
        1.741048534648015,
        1.6105123408406408,
        1.7325519071909825,
        1.570120306784731,
        1.7275343701356567,
        1.125,
        1.7682579311602453,
        1.5116216457830975,
        1.2254534308210618,
        1.3024016277631105,
        0.8385254915624212,
        1.75,
        0.875
    ],
    [
        2.023301757029831,
        0.0,
        1.5103807466993215,
        1.0680004681646913,
        1.2624381172952597,
        1.2119199643540823,
        1.3169567191065923,
        1.1792476415070754,
        1.1858541225631423,
        1.0805091392487154,
        1.6107103262542395,
        1.0383279828647594,
        1.0825317547305484,
        1.1524430571616109,
        1.4142135623730951,
        1.0255038582400877,
        1.25,
        0.9921567416492215,
        1.2374368670764582,
        1.340475661845451,
        1.346291201783626,
        1.3863170633011772,
        1.1388041973930374,
        1.2119199643540823,
        1.1319231422671772,
        1.3919410907075054,
        1.118033988749895,
        1.0937003957005573,
        1.248248773281993,
        1.0825317547305484,
        1.6556930405254606,
        1.243734296383275,
        1.1851218877773242,
        1.521261355294057,
        1.3693063937629153,
        1.3919410907075054,
        1.103970108290981,
        1.0680004681646913,
        1.0825317547305484,
        1.1733439866940603,
        1.147158324828017,
        1.1858541225631423,
        1.0968705484240153,
        1.3352850299135055,
        1.1335784048754634,
        1.1562030771259673,
        1.2356678356257396,
        1.231107225224513,
        1.3110110602126894,
        1.4086784586980805
    ],
    [
        0.875,
        1.5103807466993215,
        0.0,
        1.0752906583803283,
        1.0606601717798212,
        1.3635890143294642,
        0.8569568250501305,
        0.9762812094883317,
        1.1319231422671772,
        1.1973930014828047,
        1.1227301364012963,
        1.1388041973930374,
        1.2119199643540823,
        1.243734296383275,
        1.709349291397168,
        0.9533105582170813,
        1.5258194519667128,
        1.2374368670764582,
        1.2624381172952597,
        1.1388041973930374,
        1.1524430571616109,
        1.125,
        0.9921567416492215,
        1.2374368670764582,
        1.0968705484240153,
        1.2808688457449497,
        1.0752906583803283,
        1.1777745020918808,
        1.0735455276791945,
        1.0,
        1.1711224435462664,
        1.015504800579495,
        1.0008676791220261,
        1.1909671606630376,
        0.8100925873009825,
        1.3228756555322954,
        0.9921567416492215,
        1.2374368670764582,
        1.2374368670764582,
        1.2733922324946771,
        1.2190615698606495,
        1.352081728298996,
        1.015504800579495,
        1.4349312798102136,
        0.9572094859538324,
        1.006058038970803,
        0.9823441352194251,
        1.1989578808281798,
        1.3693063937629153,
        0.6959705453537527
    ],
    [
        1.231107225224513,
        1.0680004681646913,
        1.0752906583803283,
        0.0,
        1.1319231422671772,
        1.0,
        1.0532687216470449,
        0.9842509842514764,
        1.14564392373896,
        0.9062284480195929,
        0.8599285091310362,
        0.8003905296791061,
        0.9100137361600648,
        1.1388041973930374,
        1.5811388300841898,
        0.8502325612226723,
        1.3635890143294642,
        0.81967981553775,
        1.25,
        1.165922381636102,
        0.9519716382329886,
        1.352081728298996,
        0.81967981553775,
        1.1858541225631423,
        0.9762812094883317,
        1.3287682265918312,
        0.6373774391990981,
        0.9930312739844155,
        1.1960873713905686,
        0.75,
        1.6883999657795674,
        0.8926785535678563,
        0.9583333333333334,
        1.4695993407123664,
        0.739509972887452,
        1.5258194519667128,
        0.81967981553775,
        0.960143218483576,
        0.9185586535436918,
        1.1539485353438526,
        1.2032940898494708,
        1.286953767623375,
        0.770551750371122,
        1.387568817112226,
        1.0479145957567344,
        0.7626252174051302,
        1.0720890821195783,
        0.5994789404140899,
        1.4197270864500684,
        0.8926785535678563
    ],
    [
        1.357847561400027,
        1.2624381172952597,
        1.0606601717798212,
        1.1319231422671772,
        0.0,
        1.192424001771182,
        1.1388041973930374,
        1.159202311936963,
        1.0458250331675945,
        1.0894379284750464,
        1.6665603707600132,
        1.1110243021644486,
        1.14564392373896,
        1.0383279828647594,
        1.4842927608797396,
        1.1888083555066598,
        1.2930100540985752,
        1.299038105676658,
        1.1319231422671772,
        1.0383279828647594,
        0.9185586535436918,
        0.9921567416492215,
        1.159202311936963,
        1.0,
        1.015504800579495,
        1.0897247358851685,
        1.3287682265918312,
        1.1188101318414627,
        1.110742994576153,
        1.0897247358851685,
        1.2018504251546631,
        1.231107225224513,
        0.8609990966571595,
        1.1464013743498005,
        1.2562344526401112,
        1.1989578808281798,
        1.0077822185373186,
        1.1792476415070754,
        1.1524430571616109,
        1.104756131963571,
        1.1777745020918808,
        1.0231690964840563,
        1.015504800579495,
        1.2126360175712707,
        1.031079531365064,
        1.2692955176439846,
        1.0603655030224248,
        1.5206906325745548,
        1.1989578808281798,
        1.159202311936963
    ],
    [
        1.7365554986812255,
        1.2119199643540823,
        1.3635890143294642,
        1.0,
        1.192424001771182,
        0.0,
        1.224744871391589,
        1.0383279828647594,
        1.1524430571616109,
        1.0647769719523428,
        1.4922204725761905,
        1.015504800579495,
        1.0307764064044151,
        1.1388041973930374,
        1.571225636247067,
        1.0961435180873433,
        1.2686114456365274,
        1.1388041973930374,
        1.1388041973930374,
        1.1792476415070754,
        1.1388041973930374,
        1.2183492931011204,
        1.0231690964840563,
        1.1319231422671772,
        1.0825317547305484,
        1.165922381636102,
        1.1388041973930374,
        1.068812944865055,
        1.0720890821195783,
        0.9437293044088437,
        1.683766445931396,
        1.0383279828647594,
        1.1063265039459793,
        1.4367449707972224,
        1.1726039399558574,
        1.2808688457449497,
        1.015504800579495,
        1.0077822185373186,
        0.9013878188659973,
        1.076097630845413,
        1.0809268142560706,
        1.224744871391589,
        0.9762812094883317,
        1.2631255326020099,
        1.1127106542133944,
        1.104756131963571,
        1.114955156048888,
        1.231107225224513,
        1.2747548783981961,
        1.1989578808281798
    ],
    [
        1.0968705484240153,
        1.3169567191065923,
        0.8569568250501305,
        1.0532687216470449,
        1.1388041973930374,
        1.224744871391589,
        0.0,
        1.1319231422671772,
        1.2747548783981961,
        1.05,
        1.4971273513373702,
        1.1388041973930374,
        1.0606601717798212,
        1.0752906583803283,
        1.648863244784115,
        0.9379675704763497,
        1.3110110602126894,
        1.1989578808281798,
        1.0458250331675945,
        1.1319231422671772,
        1.14564392373896,
        1.192424001771182,
        0.8569568250501305,
        1.0606601717798212,
        0.9437293044088437,
        1.0231690964840563,
        1.118033988749895,
        1.2126360175712707,
        0.9317322576792112,
        0.960143218483576,
        1.289648961711847,
        0.8003905296791061,
        1.0214708893442719,
        1.2083333333333335,
        0.960143218483576,
        1.1524430571616109,
        0.8926785535678563,
        1.103970108290981,
        1.1858541225631423,
        1.2936812246883354,
        1.0663736576724772,
        1.3975424859373686,
        0.8838834764831844,
        1.319590635176093,
        1.119988839230106,
        1.0458250331675945,
        0.9062284480195929,
        1.159202311936963,
        1.192424001771182,
        1.103970108290981
    ],
    [
        1.3863170633011772,
        1.1792476415070754,
        0.9762812094883317,
        0.9842509842514764,
        1.159202311936963,
        1.0383279828647594,
        1.1319231422671772,
        0.0,
        1.0383279828647594,
        1.062720565341614,
        1.2305890824300036,
        0.9437293044088437,
        1.0532687216470449,
        1.1319231422671772,
        1.4142135623730951,
        0.9695622828927305,
        1.3110110602126894,
        1.0077822185373186,
        1.2054563451241194,
        1.0458250331675945,
        1.224744871391589,
        1.0680004681646913,
        0.9762812094883317,
        1.1792476415070754,
        1.0383279828647594,
        1.2808688457449497,
        1.0606601717798212,
        0.9904053603337261,
        0.9624188277460078,
        0.9682458365518543,
        1.315637783653912,
        0.9437293044088437,
        1.0466547239233726,
        1.3333333333333333,
        1.1319231422671772,
        1.340475661845451,
        1.0,
        1.0752906583803283,
        1.0680004681646913,
        1.0290907529357056,
        1.1226827987756234,
        1.103970108290981,
        1.0,
        1.0290907529357056,
        0.981389321319526,
        0.8640183897219884,
        1.021334910790775,
        1.125,
        1.2624381172952597,
        0.8385254915624212
    ],
    [
        1.6441183047457382,
        1.1858541225631423,
        1.1319231422671772,
        1.14564392373896,
        1.0458250331675945,
        1.1524430571616109,
        1.2747548783981961,
        1.0383279828647594,
        0.0,
        1.1073617295175051,
        1.4096967397136106,
        1.1319231422671772,
        1.0825317547305484,
        1.118033988749895,
        1.3050383136138188,
        1.0161326243183426,
        1.3287682265918312,
        1.0752906583803283,
        1.2374368670764582,
        1.1319231422671772,
        1.0968705484240153,
        1.1110243021644486,
        1.0752906583803283,
        1.1110243021644486,
        1.125,
        1.2624381172952597,
        1.1858541225631423,
        1.0290907529357056,
        1.1757976016304847,
        1.0825317547305484,
        1.2040152730666573,
        1.14564392373896,
        1.0466547239233726,
        1.3037073205968346,
        1.25,
        1.3863170633011772,
        1.103970108290981,
        1.125,
        1.1524430571616109,
        1.0736748938937604,
        1.1118053386771944,
        1.0606601717798212,
        1.0383279828647594,
        1.2296962136144756,
        0.8806957476904269,
        1.0290907529357056,
        1.1776565713313878,
        1.286953767623375,
        1.1388041973930374,
        1.1110243021644486
    ],
    [
        1.5590461827668864,
        1.0805091392487154,
        1.1973930014828047,
        0.9062284480195929,
        1.0894379284750464,
        1.0647769719523428,
        1.05,
        1.062720565341614,
        1.1073617295175051,
        0.0,
        1.3501039264608106,
        0.9965565713997374,
        0.9360822613424528,
        1.017656621852381,
        1.3098186897429736,
        1.0426002619040766,
        1.2283118496538248,
        0.9562295749452638,
        1.0606601717798212,
        1.1635076278220096,
        1.2472469683266423,
        1.2072696467649635,
        0.9565563234854496,
        0.9807522622966516,
        0.9672771061076553,
        1.1895377253370318,
        1.0819542504191202,
        1.0088497300281039,
        1.0752906583803283,
        1.0720890821195783,
        1.5342841255053699,
        0.9886859966642595,
        1.0371903821810577,
        1.2360330811826103,
        1.1696687565289585,
        1.3320566804757221,
        0.972753822917186,
        1.0793516572461452,
        1.05,
        1.0861182153788684,
        1.1324138426878714,
        1.144006118864755,
        0.9062284480195929,
        1.1954194986605238,
        1.0799305533227588,
        0.9932410471671909,
        1.0286520305720492,
        1.1219402836158439,
        1.2257650672131262,
        1.2232129822725069
    ],
    [
        0.4559694762429895,
        1.6107103262542395,
        1.1227301364012963,
        0.8599285091310362,
        1.6665603707600132,
        1.4922204725761905,
        1.4971273513373702,
        1.2305890824300036,
        1.4096967397136106,
        1.3501039264608106,
        0.0,
        1.1653752570721234,
        1.3184087115201584,
        1.61318309372419,
        2.1222972007151273,
        1.145783084859879,
        1.9673677120166713,
        1.1795180181336955,
        1.764426686097284,
        1.8084269858817377,
        1.7507287112537349,
        1.9572927471278236,
        0.9955257046261681,
        1.592893177042763,
        1.5060464868018395,
        1.981901529710643,
        0.8867649298525098,
        1.4159912355443172,
        1.6613132560398947,
        1.0990487538163656,
        2.3221457988487955,
        1.111885005432721,
        1.4435352209905936,
        1.793445565236049,
        0.5632789391281252,
        2.2168763646912137,
        1.0817950879186398,
        1.399024806128635,
        1.3525533298927923,
        1.5752568807539966,
        1.5121508048767294,
        1.749088683997982,
        0.99151373656441,
        1.984938326177959,
        1.3919823260079012,
        0.8415201596743372,
        1.5925167797789606,
        0.641118681107723,
        1.9415896600886768,
        0.8212344491119228
    ],
    [
        1.5562374497485916,
        1.0383279828647594,
        1.1388041973930374,
        0.8003905296791061,
        1.1110243021644486,
        1.015504800579495,
        1.1388041973930374,
        0.9437293044088437,
        1.1319231422671772,
        0.9965565713997374,
        1.1653752570721234,
        0.0,
        1.0077822185373186,
        1.165922381636102,
        1.5309310892394863,
        0.9787278290031944,
        1.299038105676658,
        0.9519716382329886,
        1.243734296383275,
        1.2119199643540823,
        1.118033988749895,
        1.2119199643540823,
        0.9185586535436918,
        1.1388041973930374,
        1.118033988749895,
        1.243734296383275,
        0.9270248108869579,
        1.0008676791220261,
        1.0776131031126153,
        0.9437293044088437,
        1.486630231242606,
        0.8569568250501305,
        1.0290907529357056,
        1.4678262461507114,
        1.0606601717798212,
        1.3919410907075054,
        0.9762812094883317,
        0.9519716382329886,
        0.9842509842514764,
        1.1102427162061856,
        1.0671873729054748,
        1.2747548783981961,
        0.8569568250501305,
        1.375631168268265,
        1.0816653826391966,
        0.8740073734751264,
        1.0776131031126153,
        0.960143218483576,
        1.3635890143294642,
        1.0077822185373186
    ],
    [
        1.5258194519667128,
        1.0825317547305484,
        1.2119199643540823,
        0.9100137361600648,
        1.14564392373896,
        1.0307764064044151,
        1.0606601717798212,
        1.0532687216470449,
        1.0825317547305484,
        0.9360822613424528,
        1.3184087115201584,
        1.0077822185373186,
        0.0,
        1.0,
        1.4252192813739224,
        0.9685751158800441,
        1.1319231422671772,
        0.9682458365518543,
        1.118033988749895,
        1.0458250331675945,
        1.103970108290981,
        1.2054563451241194,
        0.8660254037844386,
        1.0383279828647594,
        0.9437293044088437,
        1.1989578808281798,
        1.0077822185373186,
        1.016359243137539,
        1.0161200716450787,
        0.9842509842514764,
        1.4493772609105073,
        0.9100137361600648,
        1.0137937550497031,
        1.3352850299135055,
        1.0606601717798212,
        1.25,
        0.9437293044088437,
        1.0077822185373186,
        0.960143218483576,
        1.0540925533894598,
        1.0736748938937604,
        1.192424001771182,
        0.8569568250501305,
        1.2254534308210618,
        1.0914439976471537,
        1.0391636594449938,
        1.0585957679870064,
        1.0077822185373186,
        1.14564392373896,
        1.1858541225631423
    ],
    [
        1.3806701271484076,
        1.1524430571616109,
        1.243734296383275,
        1.1388041973930374,
        1.0383279828647594,
        1.1388041973930374,
        1.0752906583803283,
        1.1319231422671772,
        1.118033988749895,
        1.017656621852381,
        1.61318309372419,
        1.165922381636102,
        1.0,
        0.0,
        1.4086784586980805,
        1.1409023460688064,
        1.118033988749895,
        1.118033988749895,
        1.0231690964840563,
        1.0897247358851685,
        1.0231690964840563,
        1.1726039399558574,
        1.0307764064044151,
        1.0,
        0.9354143466934853,
        1.1110243021644486,
        1.2119199643540823,
        1.1464013743498005,
        1.0773230713207622,
        1.0077822185373186,
        1.4493772609105073,
        1.103970108290981,
        0.9982623792259117,
        1.375631168268265,
        1.2562344526401112,
        1.14564392373896,
        1.0383279828647594,
        1.1110243021644486,
        1.118033988749895,
        1.1188101318414627,
        1.0663736576724772,
        1.118033988749895,
        0.9437293044088437,
        1.0976616560266244,
        1.0697546447667334,
        1.1799835215421914,
        1.0793516572461452,
        1.334634781503914,
        1.1726039399558574,
        1.3693063937629153
    ],
    [
        2.277608394786075,
        1.4142135623730951,
        1.709349291397168,
        1.5811388300841898,
        1.4842927608797396,
        1.571225636247067,
        1.648863244784115,
        1.4142135623730951,
        1.3050383136138188,
        1.3098186897429736,
        2.1222972007151273,
        1.5309310892394863,
        1.4252192813739224,
        1.4086784586980805,
        0.0,
        1.5436877724382967,
        1.4306903927824497,
        1.3863170633011772,
        1.5562374497485916,
        1.4197270864500684,
        1.5155444566227676,
        1.3863170633011772,
        1.4577379737113252,
        1.340475661845451,
        1.4142135623730951,
        1.5,
        1.7721808598447282,
        1.355287997274216,
        1.5196627915429133,
        1.695582495781317,
        1.534895038032822,
        1.541103500742244,
        1.445779297741456,
        1.62553410026093,
        1.899835519196333,
        1.5155444566227676,
        1.489546910976623,
        1.4842927608797396,
        1.5662455107677085,
        1.2692955176439846,
        1.5155444566227676,
        1.25,
        1.595893166850463,
        1.4172792793079123,
        1.354852390483923,
        1.5126779050559458,
        1.4450346016618427,
        1.9525624189766635,
        1.4197270864500684,
        1.79843682124227
    ],
    [
        1.2643311129863515,
        1.0255038582400877,
        0.9533105582170813,
        0.8502325612226723,
        1.1888083555066598,
        1.0961435180873433,
        0.9379675704763497,
        0.9695622828927305,
        1.0161326243183426,
        1.0426002619040766,
        1.145783084859879,
        0.9787278290031944,
        0.9685751158800441,
        1.1409023460688064,
        1.5436877724382967,
        0.0,
        1.4441119013682662,
        0.9569829290695901,
        1.0744006397493802,
        1.2132348393902164,
        1.2330483215451478,
        1.2753800954049352,
        0.7935887872603204,
        1.2074386788840692,
        1.0330939760086233,
        1.3480664535790905,
        0.8225923433057872,
        0.9380997703540503,
        1.0275044068627877,
        0.8033729913715709,
        1.557102354941438,
        0.9379675704763497,
        1.0820570713548034,
        1.3493405628856365,
        0.8130394598451579,
        1.3767382333854559,
        0.8130394598451579,
        1.0178571428571428,
        0.9866778416815217,
        1.0703532964112,
        1.1466485967963975,
        1.306015321659039,
        0.8777289805317505,
        1.3978593530734975,
        0.9373486272351349,
        0.8131919694256221,
        1.02476353668661,
        0.8413727849564104,
        1.3320040142122513,
        0.9367769320431429
    ],
    [
        1.8328597873268975,
        1.25,
        1.5258194519667128,
        1.3635890143294642,
        1.2930100540985752,
        1.2686114456365274,
        1.3110110602126894,
        1.3110110602126894,
        1.3287682265918312,
        1.2283118496538248,
        1.9673677120166713,
        1.299038105676658,
        1.1319231422671772,
        1.118033988749895,
        1.4306903927824497,
        1.4441119013682662,
        0.0,
        1.3169567191065923,
        1.2183492931011204,
        1.231107225224513,
        1.3050383136138188,
        1.2808688457449497,
        1.243734296383275,
        1.14564392373896,
        1.1319231422671772,
        1.286953767623375,
        1.5155444566227676,
        1.2815463749358083,
        1.2346558224865747,
        1.3806701271484076,
        1.481365736219265,
        1.2624381172952597,
        1.2360330811826103,
        1.5098059109994533,
        1.6105123408406408,
        1.286953767623375,
        1.3228756555322954,
        1.3110110602126894,
        1.299038105676658,
        1.3339842161318434,
        1.2617503274772268,
        1.2686114456365274,
        1.2183492931011204,
        1.3043729868748772,
        1.255487952948972,
        1.402502723308903,
        1.2203995247458925,
        1.6298006013006623,
        1.286953767623375,
        1.5761900266148114
    ],
    [
        1.5811388300841898,
        0.9921567416492215,
        1.2374368670764582,
        0.81967981553775,
        1.299038105676658,
        1.1388041973930374,
        1.1989578808281798,
        1.0077822185373186,
        1.0752906583803283,
        0.9562295749452638,
        1.1795180181336955,
        0.9519716382329886,
        0.9682458365518543,
        1.118033988749895,
        1.3863170633011772,
        0.9569829290695901,
        1.3169567191065923,
        0.0,
        1.2686114456365274,
        1.286953767623375,
        1.357847561400027,
        1.3806701271484076,
        0.9354143466934853,
        1.1989578808281798,
        1.1110243021644486,
        1.3975424859373686,
        0.9185586535436918,
        0.9307628293203615,
        1.2023414656411047,
        1.0458250331675945,
        1.6541194367732672,
        1.015504800579495,
        1.092906420717,
        1.454757520841341,
        1.0968705484240153,
        1.5103807466993215,
        1.0680004681646913,
        0.9762812094883317,
        1.0,
        1.07124667768187,
        1.0857345183996152,
        1.231107225224513,
        0.875,
        1.2896489617118467,
        1.0712142642814275,
        0.8239049972202162,
        1.133026919362466,
        0.960143218483576,
        1.2183492931011204,
        1.14564392373896
    ],
    [
        1.6056540723331412,
        1.2374368670764582,
        1.2624381172952597,
        1.25,
        1.1319231422671772,
        1.1388041973930374,
        1.0458250331675945,
        1.2054563451241194,
        1.2374368670764582,
        1.0606601717798212,
        1.764426686097284,
        1.243734296383275,
        1.118033988749895,
        1.0231690964840563,
        1.5562374497485916,
        1.0744006397493802,
        1.2183492931011204,
        1.2686114456365274,
        0.0,
        1.0680004681646913,
        1.165922381636102,
        1.1726039399558574,
        1.0968705484240153,
        1.0383279828647594,
        1.015504800579495,
        1.0752906583803283,
        1.3169567191065923,
        1.1599509089229212,
        1.0461237976453839,
        1.0897247358851685,
        1.481365736219265,
        1.159202311936963,
        1.0290907529357056,
        1.2692955176439846,
        1.2930100540985752,
        1.0897247358851685,
        1.0532687216470449,
        1.192424001771182,
        1.0752906583803283,
        1.1188101318414627,
        1.1509356097444277,
        1.1989578808281798,
        1.0458250331675945,
        1.1188101318414627,
        1.1675294428835619,
        1.3116730198914328,
        1.0574142991278301,
        1.3635890143294642,
        1.0680004681646913,
        1.3693063937629153
    ],
    [
        1.4842927608797396,
        1.340475661845451,
        1.1388041973930374,
        1.165922381636102,
        1.0383279828647594,
        1.1792476415070754,
        1.1319231422671772,
        1.0458250331675945,
        1.1319231422671772,
        1.1635076278220096,
        1.8084269858817377,
        1.2119199643540823,
        1.0458250331675945,
        1.0897247358851685,
        1.4197270864500684,
        1.2132348393902164,
        1.231107225224513,
        1.286953767623375,
        1.0680004681646913,
        0.0,
        1.0231690964840563,
        1.0383279828647594,
        1.192424001771182,
        1.0231690964840563,
        1.0077822185373186,
        1.1319231422671772,
        1.375,
        1.0663736576724772,
        1.0920164833920778,
        1.159202311936963,
        1.3469358229370512,
        1.224744871391589,
        0.8878031563609382,
        1.2402396721781015,
        1.2930100540985752,
        1.2374368670764582,
        1.0606601717798212,
        1.2374368670764582,
        1.231107225224513,
        1.1203608049790628,
        1.1577036657874837,
        1.0968705484240153,
        1.0897247358851685,
        1.011221758292633,
        1.1141139977578596,
        1.3737367934862112,
        1.004987562112089,
        1.5811388300841898,
        1.1319231422671772,
        1.25
    ],
    [
        1.2119199643540823,
        1.346291201783626,
        1.1524430571616109,
        0.9519716382329886,
        0.9185586535436918,
        1.1388041973930374,
        1.14564392373896,
        1.224744871391589,
        1.0968705484240153,
        1.2472469683266423,
        1.7507287112537349,
        1.118033988749895,
        1.103970108290981,
        1.0231690964840563,
        1.5155444566227676,
        1.2330483215451478,
        1.3050383136138188,
        1.357847561400027,
        1.165922381636102,
        1.0231690964840563,
        0.0,
        1.1110243021644486,
        1.1989578808281798,
        0.9682458365518543,
        0.8569568250501305,
        1.103970108290981,
        1.1524430571616109,
        1.2126360175712707,
        1.149456393257265,
        1.015504800579495,
        1.3944333775567928,
        1.1726039399558574,
        0.8457409637576849,
        1.1666666666666667,
        1.103970108290981,
        1.2054563451241194,
        0.9437293044088437,
        1.118033988749895,
        1.103970108290981,
        1.1078946500256943,
        1.2169234888758527,
        1.118033988749895,
        0.9013878188659973,
        1.1946059322359543,
        1.0338036564067667,
        1.3378828631668602,
        1.1876973520219705,
        1.505199322349037,
        1.2374368670764582,
        1.0752906583803283
    ],
    [
        1.5562374497485916,
        1.3863170633011772,
        1.125,
        1.352081728298996,
        0.9921567416492215,
        1.2183492931011204,
        1.192424001771182,
        1.0680004681646913,
        1.1110243021644486,
        1.2072696467649635,
        1.9572927471278236,
        1.2119199643540823,
        1.2054563451241194,
        1.1726039399558574,
        1.3863170633011772,
        1.2753800954049352,
        1.2808688457449497,
        1.3806701271484076,
        1.1726039399558574,
        1.0383279828647594,
        1.1110243021644486,
        0.0,
        1.25,
        1.125,
        1.0897247358851685,
        1.118033988749895,
        1.4523687548277813,
        1.2068956964966866,
        1.0514870422406546,
        1.2054563451241194,
        1.116480083914522,
        1.2374368670764582,
        0.950146187582615,
        1.16443238437351,
        1.3975424859373686,
        1.192424001771182,
        1.1110243021644486,
        1.224744871391589,
        1.2562344526401112,
        1.0984521938720055,
        1.0720566941890506,
        1.0897247358851685,
        1.192424001771182,
        1.1777745020918808,
        1.0204165815979276,
        1.411756195508118,
        1.1067971810589328,
        1.7001838135919305,
        1.1319231422671772,
        1.2624381172952597
    ],
    [
        1.0825317547305484,
        1.1388041973930374,
        0.9921567416492215,
        0.81967981553775,
        1.159202311936963,
        1.0231690964840563,
        0.8569568250501305,
        0.9762812094883317,
        1.0752906583803283,
        0.9565563234854496,
        0.9955257046261681,
        0.9185586535436918,
        0.8660254037844386,
        1.0307764064044151,
        1.4577379737113252,
        0.7935887872603204,
        1.243734296383275,
        0.9354143466934853,
        1.0968705484240153,
        1.192424001771182,
        1.1989578808281798,
        1.25,
        0.0,
        1.0532687216470449,
        0.9354143466934853,
        1.1388041973930374,
        0.8660254037844386,
        0.9930312739844155,
        1.016427567512806,
        0.739509972887452,
        1.5229722402080887,
        0.8003905296791061,
        0.9982623792259117,
        1.256925260749863,
        0.7603453162872774,
        1.2119199643540823,
        0.770551750371122,
        0.9842509842514764,
        0.9682458365518543,
        1.0905210273585335,
        1.0809268142560706,
        1.2808688457449497,
        0.7071067811865476,
        1.2444320435890066,
        1.001873245475694,
        0.7716774657271723,
        0.9161741100904347,
        0.8100925873009825,
        1.1319231422671772,
        0.9519716382329886
    ],
    [
        1.357847561400027,
        1.2119199643540823,
        1.2374368670764582,
        1.1858541225631423,
        1.0,
        1.1319231422671772,
        1.0606601717798212,
        1.1792476415070754,
        1.1110243021644486,
        0.9807522622966516,
        1.592893177042763,
        1.1388041973930374,
        1.0383279828647594,
        1.0,
        1.340475661845451,
        1.2074386788840692,
        1.14564392373896,
        1.1989578808281798,
        1.0383279828647594,
        1.0231690964840563,
        0.9682458365518543,
        1.125,
        1.0532687216470449,
        0.0,
        0.960143218483576,
        1.0231690964840563,
        1.299038105676658,
        1.1996816707406641,
        1.0720890821195783,
        1.1319231422671772,
        1.2956926504555177,
        1.0458250331675945,
        0.9664511253952668,
        1.1516895800904376,
        1.2808688457449497,
        1.0897247358851685,
        1.0231690964840563,
        1.0968705484240153,
        1.1319231422671772,
        1.0889278621143317,
        1.1777745020918808,
        1.159202311936963,
        0.9921567416492215,
        1.1242281302693367,
        1.1241663577958558,
        1.210486587194496,
        1.0425329730996522,
        1.403121520040228,
        1.192424001771182,
        1.346291201783626
    ],
    [
        1.2183492931011204,
        1.1319231422671772,
        1.0968705484240153,
        0.9762812094883317,
        1.015504800579495,
        1.0825317547305484,
        0.9437293044088437,
        1.0383279828647594,
        1.125,
        0.9672771061076553,
        1.5060464868018395,
        1.118033988749895,
        0.9437293044088437,
        0.9354143466934853,
        1.4142135623730951,
        1.0330939760086233,
        1.1319231422671772,
        1.1110243021644486,
        1.015504800579495,
        1.0077822185373186,
        0.8569568250501305,
        1.0897247358851685,
        0.9354143466934853,
        0.960143218483576,
        0.0,
        1.0680004681646913,
        1.0825317547305484,
        1.1118053386771944,
        0.9565563234854496,
        0.9921567416492215,
        1.3775229379013783,
        0.875,
        0.8014743359029727,
        1.1996816707406641,
        1.0532687216470449,
        1.103970108290981,
        0.875,
        1.0383279828647594,
        0.9921567416492215,
        1.1395661942647786,
        1.0516191220103301,
        1.1989578808281798,
        0.8569568250501305,
        1.191695803839591,
        1.0362190888031353,
        1.0598414451647422,
        0.9483538369195329,
        1.2119199643540823,
        1.192424001771182,
        1.1110243021644486
    ],
    [
        1.4630874888399532,
        1.3919410907075054,
        1.2808688457449497,
        1.3287682265918312,
        1.0897247358851685,
        1.165922381636102,
        1.0231690964840563,
        1.2808688457449497,
        1.2624381172952597,
        1.1895377253370318,
        1.981901529710643,
        1.243734296383275,
        1.1989578808281798,
        1.1110243021644486,
        1.5,
        1.3480664535790905,
        1.286953767623375,
        1.3975424859373686,
        1.0752906583803283,
        1.1319231422671772,
        1.103970108290981,
        1.118033988749895,
        1.1388041973930374,
        1.0231690964840563,
        1.0680004681646913,
        0.0,
        1.4684175155588413,
        1.3235316811890492,
        1.1219402836158439,
        1.159202311936963,
        1.3661330258962503,
        1.14564392373896,
        1.0248644896874035,
        1.0639287779003088,
        1.2747548783981961,
        1.0532687216470449,
        1.0680004681646913,
        1.2374368670764582,
        1.2183492931011204,
        1.1953323573150876,
        1.2360330811826103,
        1.2562344526401112,
        1.0606601717798212,
        1.1395661942647786,
        1.1548809462451097,
        1.4439769542636214,
        1.0720890821195783,
        1.58607219255619,
        1.1726039399558574,
        1.375
    ],
    [
        1.0680004681646913,
        1.118033988749895,
        1.0752906583803283,
        0.6373774391990981,
        1.3287682265918312,
        1.1388041973930374,
        1.118033988749895,
        1.0606601717798212,
        1.1858541225631423,
        1.0819542504191202,
        0.8867649298525098,
        0.9270248108869579,
        1.0077822185373186,
        1.2119199643540823,
        1.7721808598447282,
        0.8225923433057872,
        1.5155444566227676,
        0.9185586535436918,
        1.3169567191065923,
        1.375,
        1.1524430571616109,
        1.4523687548277813,
        0.8660254037844386,
        1.299038105676658,
        1.0825317547305484,
        1.4684175155588413,
        0.0,
        1.0833333333333333,
        1.1450982490598787,
        0.8100925873009825,
        1.7113793981594043,
        0.8385254915624212,
        1.1094605796411956,
        1.4583333333333333,
        0.7071067811865476,
        1.5309310892394863,
        0.9354143466934853,
        1.0383279828647594,
        1.015504800579495,
        1.2506942516503028,
        1.2233265213252664,
        1.4306903927824497,
        0.81967981553775,
        1.536590742882148,
        1.126665433924375,
        0.7511565157216644,
        1.1008519428152,
        0.6123724356957945,
        1.4523687548277813,
        0.8569568250501305
    ],
    [
        1.6158932858054431,
        1.0937003957005573,
        1.1777745020918808,
        0.9930312739844155,
        1.1188101318414627,
        1.068812944865055,
        1.2126360175712707,
        0.9904053603337261,
        1.0290907529357056,
        1.0088497300281039,
        1.4159912355443172,
        1.0008676791220261,
        1.016359243137539,
        1.1464013743498005,
        1.355287997274216,
        0.9380997703540503,
        1.2815463749358083,
        0.9307628293203615,
        1.1599509089229212,
        1.0663736576724772,
        1.2126360175712707,
        1.2068956964966866,
        0.9930312739844155,
        1.1996816707406641,
        1.1118053386771944,
        1.3235316811890492,
        1.0833333333333333,
        0.0,
        1.0616745159312142,
        0.9851325347947408,
        1.4842927608797398,
        1.068812944865055,
        1.0680004681646915,
        1.4074454795045446,
        1.1464013743498005,
        1.3981634779635432,
        1.0391636594449938,
        1.0466547239233726,
        1.0614782669047498,
        1.0606601717798212,
        1.1094605796411956,
        1.16443238437351,
        1.016359243137539,
        1.1851218877773242,
        1.0099848733740742,
        0.9519716382329886,
        1.0542901772177231,
        1.0976616560266244,
        1.2233265213252664,
        1.1234557302260635
    ],
    [
        1.3437354650376687,
        1.248248773281993,
        1.0735455276791945,
        1.1960873713905686,
        1.110742994576153,
        1.0720890821195783,
        0.9317322576792112,
        0.9624188277460078,
        1.1757976016304847,
        1.0752906583803283,
        1.6613132560398947,
        1.0776131031126153,
        1.0161200716450787,
        1.0773230713207622,
        1.5196627915429133,
        1.0275044068627877,
        1.2346558224865747,
        1.2023414656411047,
        1.0461237976453839,
        1.0920164833920778,
        1.149456393257265,
        1.0514870422406546,
        1.016427567512806,
        1.0720890821195783,
        0.9565563234854496,
        1.1219402836158439,
        1.1450982490598787,
        1.0616745159312142,
        0.0,
        0.9646890690787369,
        1.2603185223497184,
        0.8620469824783334,
        1.043664750344243,
        1.2133230310917937,
        1.1895377253370318,
        1.0793516572461452,
        0.9483538369195329,
        1.1357816691600546,
        1.149456393257265,
        1.208678111731067,
        1.1044732278833702,
        1.2234684303242156,
        1.019803902718557,
        1.1896544783161949,
        1.1294356998076518,
        1.1328736812980422,
        0.8634958019585272,
        1.378178145233772,
        1.1521718621802912,
        1.137156541554416
    ],
    [
        1.0968705484240153,
        1.0825317547305484,
        1.0,
        0.75,
        1.0897247358851685,
        0.9437293044088437,
        0.960143218483576,
        0.9682458365518543,
        1.0825317547305484,
        1.0720890821195783,
        1.0990487538163656,
        0.9437293044088437,
        0.9842509842514764,
        1.0077822185373186,
        1.695582495781317,
        0.8033729913715709,
        1.3806701271484076,
