[
    [
        0.0,
        1.2624381172952597,
        2.003902442735175,
        1.0825317547305484,
        1.3919410907075054,
        1.25,
        1.7677669529663689,
        1.340475661845451,
        1.1319231422671772,
        1.2374368670764582,
        1.4361406616345072,
        1.1524430571616109,
        1.231107225224513,
        1.489546910976623,
        1.3806701271484076,
        1.2054563451241194,
        1.6298006013006623,
        1.0968705484240153,
        1.5309310892394863,
        1.6007810593582121,
        1.4197270864500684,
        1.6817030058842137,
        1.2747548783981961,
        1.5155444566227676,
        1.4252192813739224,
        1.824314939915803,
        1.103970108290981,
        1.192424001771182,
        1.7677669529663689,
        1.192424001771182,
        2.161452058223823,
        1.489546910976623,
        1.4523687548277813,
        1.7721808598447282,
        0.9921567416492215,
        1.948557158514987,
        1.2686114456365274,
        1.2183492931011204,
        1.0752906583803283,
        1.2747548783981961,
        1.6630168369562588,
        1.3975424859373686,
        0.9921567416492215,
        1.6007810593582121,
        1.299038105676658,
        1.1110243021644486,
        1.5,
        1.0680004681646913,
        1.6583123951777,
        1.103970108290981
    ],
    [
        1.2624381172952597,
        0.0,
        1.996089927833914,
        1.0680004681646913,
        1.4684175155588413,
        1.165922381636102,
        1.6817030058842137,
        1.3169567191065923,
        1.2686114456365274,
        1.165922381636102,
        1.590990257669732,
        1.103970108290981,
        1.0897247358851685,
        1.3975424859373686,
        1.4361406616345072,
        1.015504800579495,
        1.4197270864500684,
        0.9921567416492215,
        1.3806701271484076,
        1.5512092057488571,
        1.5811388300841898,
        1.541103500742244,
        1.1388041973930374,
        1.75,
        1.3863170633011772,
        1.7365554986812255,
        1.0458250331675945,
        1.103970108290981,
        1.9324531042175384,
        1.1524430571616109,
        1.948557158514987,
        1.3863170633011772,
        1.4577379737113252,
        1.899835519196333,
        1.1110243021644486,
        1.7721808598447282,
        1.231107225224513,
        1.192424001771182,
        1.0458250331675945,
        1.224744871391589,
        1.3228756555322954,
        1.299038105676658,
        1.243734296383275,
        1.5761900266148114,
        1.2054563451241194,
        1.0077822185373186,
        1.403121520040228,
        1.125,
        1.625,
        1.1388041973930374
    ],
    [
        2.003902442735175,
        1.996089927833914,
        0.0,
        2.2878756522153907,
        1.875,
        2.0,
        1.648863244784115,
        1.704772712123232,
        1.776583800443987,
        2.011684617428885,
        3.2379584617471546,
        2.1360009363293826,
        1.9685019685029528,
        1.571225636247067,
        1.7275343701356567,
        2.2741756748325317,
        1.8413649828320293,
        2.2395591083961146,
        1.845602882529175,
        1.7633419974582356,
        1.875,
        1.8328597873268975,
        2.0077973005261263,
        1.6677080080157918,
        1.7940875118009154,
        1.8582585934148133,
        2.381569860407206,
        2.057759704144291,
        1.6056540723331412,
        1.9882467150733583,
        1.9324531042175384,
        1.8874586088176875,
        1.8413649828320293,
        1.7230060940112777,
        2.4238399287081647,
        1.9324531042175384,
        1.956559480312316,
        1.8540496217739157,
        2.1139418156609704,
        1.9445436482630056,
        1.928406077567689,
        1.8582585934148133,
        1.7809758560968758,
        1.595893166850463,
        1.940521837032503,
        2.29128784747792,
        1.8582585934148133,
        2.555631037532609,
        1.6583123951777,
        2.099106952968333
    ],
    [
        1.0825317547305484,
        1.0680004681646913,
        2.2878756522153907,
        0.0,
        1.4361406616345072,
        1.192424001771182,
        1.9525624189766635,
        1.3169567191065923,
        1.352081728298996,
        1.1110243021644486,
        1.1989578808281798,
        0.9354143466934853,
        1.159202311936963,
        1.5258194519667128,
        1.5461646096066226,
        0.9842509842514764,
        1.5103807466993215,
        0.9185586535436918,
        1.489546910976623,
        1.5461646096066226,
        1.4415703243338496,
        1.625,
        1.14564392373896,
        1.7809758560968758,
        1.4630874888399532,
        1.8328597873268975,
        0.8926785535678563,
        1.1110243021644486,
        2.1360009363293826,
        1.1110243021644486,
        2.1396553460779613,
        1.334634781503914,
        1.403121520040228,
        2.027159342528357,
        0.8838834764831844,
        1.9685019685029528,
        1.1388041973930374,
        1.3228756555322954,
        1.0752906583803283,
        1.243734296383275,
        1.5258194519667128,
        1.3693063937629153,
        1.1792476415070754,
        1.7001838135919305,
        1.231107225224513,
        0.8926785535678563,
        1.5103807466993215,
        0.8569568250501305,
        1.7809758560968758,
        0.9921567416492215
    ],
    [
        1.3919410907075054,
        1.4684175155588413,
        1.875,
        1.4361406616345072,
        0.0,
        1.3806701271484076,
        1.6007810593582121,
        1.5103807466993215,
        1.4086784586980805,
        1.357847561400027,
        2.2325713874364688,
        1.4086784586980805,
        1.3635890143294642,
        1.3169567191065923,
        1.5,
        1.5,
        1.3919410907075054,
        1.5,
        1.3635890143294642,
        1.357847561400027,
        1.224744871391589,
        1.2562344526401112,
        1.3806701271484076,
        1.571225636247067,
        1.2747548783981961,
        1.4523687548277813,
        1.6153559979150107,
        1.4523687548277813,
        1.7940875118009154,
        1.334634781503914,
        1.5512092057488571,
        1.4630874888399532,
        1.3169567191065923,
        1.6298006013006623,
        1.5512092057488571,
        1.479019945774904,
        1.2747548783981961,
        1.479019945774904,
        1.357847561400027,
        1.3050383136138188,
        1.5562374497485916,
        1.2930100540985752,
        1.299038105676658,
        1.489546910976623,
        1.2930100540985752,
        1.5811388300841898,
        1.357847561400027,
        1.8200274723201295,
        1.5155444566227676,
        1.3806701271484076
    ],
    [
        1.25,
        1.165922381636102,
        2.0,
        1.192424001771182,
        1.3806701271484076,
        0.0,
        1.75,
        1.352081728298996,
        1.3806701271484076,
        1.1792476415070754,
        1.6817030058842137,
        1.1524430571616109,
        1.192424001771182,
        1.479019945774904,
        1.5562374497485916,
        1.1989578808281798,
        1.375,
        1.192424001771182,
        1.3919410907075054,
        1.4361406616345072,
        1.4142135623730951,
        1.4142135623730951,
        1.1388041973930374,
        1.6909686573085854,
        1.3169567191065923,
        1.6723860200324565,
        1.3169567191065923,
        1.1388041973930374,
        1.845602882529175,
        1.0680004681646913,
        1.8498310733685928,
        1.299038105676658,
        1.334634781503914,
        1.8413649828320293,
        1.224744871391589,
        1.6723860200324565,
        1.0752906583803283,
        1.340475661845451,
        1.0532687216470449,
        1.14564392373896,
        1.479019945774904,
        1.3169567191065923,
        1.2747548783981961,
        1.5103807466993215,
        1.1858541225631423,
        1.159202311936963,
        1.375,
        1.375,
        1.6153559979150107,
        1.224744871391589
    ],
    [
        1.7677669529663689,
        1.6817030058842137,
        1.648863244784115,
        1.9525624189766635,
        1.6007810593582121,
        1.75,
        0.0,
        1.5512092057488571,
        1.6345871038277526,
        1.590990257669732,
        3.0129926982984876,
        1.7633419974582356,
        1.620185174601965,
        1.3635890143294642,
        1.4737282653189494,
        1.8371173070873836,
        1.5309310892394863,
        1.8114220932736798,
        1.4630874888399532,
        1.6441183047457382,
        1.648863244784115,
        1.5512092057488571,
        1.6007810593582121,
        1.6007810593582121,
        1.5662455107677085,
        1.590990257669732,
        1.996089927833914,
        1.7320508075688772,
        1.5258194519667128,
        1.6677080080157918,
        1.6105123408406408,
        1.648863244784115,
        1.6909686573085854,
        1.625,
        2.0,
        1.5811388300841898,
        1.6583123951777,
        1.590990257669732,
        1.7677669529663689,
        1.6677080080157918,
        1.709349291397168,
        1.6153559979150107,
        1.4842927608797396,
        1.4577379737113252,
        1.6583123951777,
        1.8413649828320293,
        1.4737282653189494,
        2.091650066335189,
        1.403121520040228,
        1.7897276329095442
    ],
    [
        1.340475661845451,
        1.3169567191065923,
        1.704772712123232,
        1.3169567191065923,
        1.5103807466993215,
        1.352081728298996,
        1.5512092057488571,
        0.0,
        1.299038105676658,
        1.299038105676658,
        1.9121323175972944,
        1.2624381172952597,
        1.2930100540985752,
        1.357847561400027,
        1.2686114456365274,
        1.3919410907075054,
        1.4306903927824497,
        1.3635890143294642,
        1.4577379737113252,
        1.479019945774904,
        1.5103807466993215,
        1.5,
        1.3287682265918312,
        1.4577379737113252,
        1.334634781503914,
        1.6441183047457382,
        1.5,
        1.352081728298996,
        1.5103807466993215,
        1.3110110602126894,
        1.824314939915803,
        1.3169567191065923,
        1.4469796128487782,
        1.709349291397168,
        1.4842927608797396,
        1.7230060940112777,
        1.3050383136138188,
        1.165922381636102,
        1.352081728298996,
        1.3050383136138188,
        1.5206906325745548,
        1.3806701271484076,
        1.2119199643540823,
        1.3806701271484076,
        1.3287682265918312,
        1.357847561400027,
        1.4415703243338496,
        1.571225636247067,
        1.4469796128487782,
        1.3693063937629153
    ],
    [
        1.1319231422671772,
        1.2686114456365274,
        1.776583800443987,
        1.352081728298996,
        1.4086784586980805,
        1.3806701271484076,
        1.6345871038277526,
        1.299038105676658,
        0.0,
        1.3806701271484076,
        1.7940875118009154,
        1.340475661845451,
        1.2930100540985752,
        1.3169567191065923,
        1.357847561400027,
        1.2686114456365274,
        1.5206906325745548,
        1.3919410907075054,
        1.4684175155588413,
        1.5512092057488571,
        1.4197270864500684,
        1.5309310892394863,
        1.2624381172952597,
        1.4577379737113252,
        1.4684175155588413,
        1.7001838135919305,
        1.4142135623730951,
        1.3287682265918312,
        1.6007810593582121,
        1.3635890143294642,
        1.8157298807917437,
        1.4630874888399532,
        1.4947825928876748,
        1.6105123408406408,
        1.4306903927824497,
        1.7897276329095442,
        1.2808688457449497,
        1.1989578808281798,
        1.3635890143294642,
        1.3169567191065923,
        1.5206906325745548,
        1.346291201783626,
        1.125,
        1.505199322349037,
        1.243734296383275,
        1.3693063937629153,
        1.648863244784115,
        1.5,
        1.4361406616345072,
        1.299038105676658
    ],
    [
        1.2374368670764582,
        1.165922381636102,
        2.011684617428885,
        1.1110243021644486,
        1.357847561400027,
        1.1792476415070754,
        1.590990257669732,
        1.299038105676658,
        1.3806701271484076,
        0.0,
        1.625,
        1.125,
        1.0968705484240153,
        1.357847561400027,
        1.3919410907075054,
        1.1858541225631423,
        1.3693063937629153,
        1.1388041973930374,
        1.286953767623375,
        1.4842927608797396,
        1.4684175155588413,
        1.4415703243338496,
        1.103970108290981,
        1.6298006013006623,
        1.2930100540985752,
        1.5811388300841898,
        1.3169567191065923,
        1.1524430571616109,
        1.845602882529175,
        1.0825317547305484,
        1.8666480653835098,
        1.224744871391589,
        1.3050383136138188,
        1.7853571071357126,
        1.2183492931011204,
        1.6393596310755,
        1.0968705484240153,
        1.2930100540985752,
        1.159202311936963,
        1.1858541225631423,
        1.4415703243338496,
        1.2930100540985752,
        1.2374368670764582,
        1.5155444566227676,
        1.192424001771182,
        1.1388041973930374,
        1.3110110602126894,
        1.3169567191065923,
        1.505199322349037,
        1.1858541225631423
    ],
    [
        1.4361406616345072,
        1.590990257669732,
        3.2379584617471546,
        1.1989578808281798,
        2.2325713874364688,
        1.6817030058842137,
        3.0129926982984876,
        1.9121323175972944,
        1.7940875118009154,
        1.625,
        0.0,
        1.352081728298996,
        1.6677080080157918,
        2.361805453461398,
        2.2569337606584736,
        1.403121520040228,
        2.277608394786075,
        1.3287682265918312,
        2.23606797749979,
        2.4558603380485624,
        2.3284920012746446,
        2.5124689052802225,
        1.5512092057488571,
        2.38812164681785,
        2.229069312515876,
        2.8449516691852605,
        1.1319231422671772,
        1.5258194519667128,
        3.087272258807117,
        1.625,
        3.340097303971847,
        2.0463381929681126,
        2.172268399622846,
        2.766992952647332,
        0.8838834764831844,
        3.0078023538789913,
        1.6441183047457382,
        1.80710403685012,
        1.505199322349037,
        1.7230060940112777,
        2.161452058223823,
        2.011684617428885,
        1.620185174601965,
        2.564785566085399,
        1.7365554986812255,
        1.165922381636102,
        2.452677108793573,
        0.7806247497997998,
        2.6487025125521364,
        1.505199322349037
    ],
    [
        1.1524430571616109,
        1.103970108290981,
        2.1360009363293826,
        0.9354143466934853,
        1.4086784586980805,
        1.1524430571616109,
        1.7633419974582356,
        1.2624381172952597,
        1.340475661845451,
        1.125,
        1.352081728298996,
        0.0,
        1.2054563451241194,
        1.5,
        1.4577379737113252,
        1.0897247358851685,
        1.4577379737113252,
        1.015504800579495,
        1.4630874888399532,
        1.5155444566227676,
        1.4415703243338496,
        1.5103807466993215,
        1.14564392373896,
        1.7544586059522749,
        1.375,
        1.7365554986812255,
        1.0680004681646913,
        1.0752906583803283,
        1.920286436967152,
        1.0968705484240153,
        1.920286436967152,
        1.352081728298996,
        1.4469796128487782,
        1.875,
        1.0825317547305484,
        1.8285923547909742,
        1.1524430571616109,
        1.25,
        1.0825317547305484,
        1.1858541225631423,
        1.4252192813739224,
        1.3975424859373686,
        1.224744871391589,
        1.6441183047457382,
        1.25,
        0.9354143466934853,
        1.3919410907075054,
        1.0752906583803283,
        1.6583123951777,
        1.0383279828647594
    ],
    [
        1.231107225224513,
        1.0897247358851685,
        1.9685019685029528,
        1.159202311936963,
        1.3635890143294642,
        1.192424001771182,
        1.620185174601965,
        1.2930100540985752,
        1.2930100540985752,
        1.0968705484240153,
        1.6677080080157918,
        1.2054563451241194,
        0.0,
        1.3863170633011772,
        1.505199322349037,
        1.1524430571616109,
        1.3110110602126894,
        1.1524430571616109,
        1.3806701271484076,
        1.3863170633011772,
        1.4086784586980805,
        1.3975424859373686,
        1.159202311936963,
        1.6393596310755,
        1.2930100540985752,
        1.6105123408406408,
        1.2808688457449497,
        1.192424001771182,
        1.824314939915803,
        1.243734296383275,
        1.824314939915803,
        1.2930100540985752,
        1.340475661845451,
        1.79843682124227,
        1.2119199643540823,
        1.648863244784115,
        1.1726039399558574,
        1.346291201783626,
        1.125,
        1.165922381636102,
        1.3863170633011772,
        1.2808688457449497,
        1.1726039399558574,
        1.5461646096066226,
        1.2119199643540823,
        1.1792476415070754,
        1.3806701271484076,
        1.2930100540985752,
        1.479019945774904,
        1.159202311936963
    ],
    [
        1.489546910976623,
        1.3975424859373686,
        1.571225636247067,
        1.5258194519667128,
        1.3169567191065923,
        1.479019945774904,
        1.3635890143294642,
        1.357847561400027,
        1.3169567191065923,
        1.357847561400027,
        2.361805453461398,
        1.5,
        1.3863170633011772,
        0.0,
        1.286953767623375,
        1.5461646096066226,
        1.3806701271484076,
        1.5155444566227676,
        1.3806701271484076,
        1.4523687548277813,
        1.4197270864500684,
        1.3806701271484076,
        1.3228756555322954,
        1.3169567191065923,
        1.352081728298996,
        1.571225636247067,
        1.704772712123232,
        1.4947825928876748,
        1.4842927608797396,
        1.4469796128487782,
        1.6153559979150107,
        1.3693063937629153,
        1.4415703243338496,
        1.6007810593582121,
        1.6105123408406408,
        1.4947825928876748,
        1.357847561400027,
        1.3169567191065923,
        1.489546910976623,
        1.4197270864500684,
        1.5761900266148114,
        1.3806701271484076,
        1.2119199643540823,
        1.3050383136138188,
        1.3863170633011772,
        1.5512092057488571,
        1.3919410907075054,
        1.7677669529663689,
        1.3693063937629153,
        1.541103500742244
    ],
    [
        1.3806701271484076,
        1.4361406616345072,
        1.7275343701356567,
        1.5461646096066226,
        1.5,
        1.5562374497485916,
        1.4737282653189494,
        1.2686114456365274,
        1.357847561400027,
        1.3919410907075054,
        2.2569337606584736,
        1.4577379737113252,
        1.505199322349037,
        1.286953767623375,
        0.0,
        1.5662455107677085,
        1.4684175155588413,
        1.5309310892394863,
        1.5662455107677085,
        1.58607219255619,
        1.5309310892394863,
        1.5103807466993215,
        1.357847561400027,
        1.4737282653189494,
        1.4086784586980805,
        1.653594569415369,
        1.7455300054711176,
        1.5206906325745548,
        1.4947825928876748,
        1.4469796128487782,
        1.7275343701356567,
        1.4737282653189494,
        1.5360257159305635,
        1.620185174601965,
        1.6863421954040052,
        1.6909686573085854,
        1.3863170633011772,
        1.231107225224513,
        1.4947825928876748,
        1.3693063937629153,
        1.5562374497485916,
        1.3693063937629153,
        1.2624381172952597,
        1.4469796128487782,
        1.4415703243338496,
        1.5155444566227676,
        1.5,
        1.71846588560844,
        1.3863170633011772,
        1.479019945774904
    ],
    [
        1.2054563451241194,
        1.015504800579495,
        2.2741756748325317,
        0.9842509842514764,
        1.5,
        1.1989578808281798,
        1.8371173070873836,
        1.3919410907075054,
        1.2686114456365274,
        1.1858541225631423,
        1.403121520040228,
        1.0897247358851685,
        1.1524430571616109,
        1.5461646096066226,
        1.5662455107677085,
        0.0,
        1.5512092057488571,
        0.9921567416492215,
        1.3635890143294642,
        1.653594569415369,
        1.6441183047457382,
        1.58607219255619,
        1.103970108290981,
        1.776583800443987,
        1.5103807466993215,
        1.8413649828320293,
        0.9921567416492215,
        1.0307764064044151,
        2.027159342528357,
        1.118033988749895,
        2.038688303787511,
        1.479019945774904,
        1.5309310892394863,
        1.976423537605237,
        0.960143218483576,
        1.8582585934148133,
        1.1524430571616109,
        1.3287682265918312,
        1.103970108290981,
        1.231107225224513,
        1.5103807466993215,
        1.4630874888399532,
        1.2624381172952597,
        1.741048534648015,
        1.1319231422671772,
        0.9185586535436918,
        1.5562374497485916,
        1.0231690964840563,
        1.71846588560844,
        1.103970108290981
    ],
    [
        1.6298006013006623,
        1.4197270864500684,
        1.8413649828320293,
        1.5103807466993215,
        1.3919410907075054,
        1.375,
        1.5309310892394863,
        1.4306903927824497,
        1.5206906325745548,
        1.3693063937629153,
        2.277608394786075,
        1.4577379737113252,
        1.3110110602126894,
        1.3806701271484076,
        1.4684175155588413,
        1.5512092057488571,
        0.0,
        1.4737282653189494,
        1.3863170633011772,
        1.4197270864500684,
        1.4523687548277813,
        1.3806701271484076,
        1.346291201783626,
        1.7001838135919305,
        1.3228756555322954,
        1.6105123408406408,
        1.7230060940112777,
        1.4086784586980805,
        1.6583123951777,
        1.4306903927824497,
        1.6441183047457382,
        1.3110110602126894,
        1.4684175155588413,
        1.75,
        1.6441183047457382,
        1.5461646096066226,
        1.3228756555322954,
        1.489546910976623,
        1.4086784586980805,
        1.4306903927824497,
        1.4469796128487782,
        1.3975424859373686,
        1.4523687548277813,
        1.5206906325745548,
        1.403121520040228,
        1.5206906325745548,
        1.2930100540985752,
        1.7853571071357126,
        1.4523687548277813,
        1.4842927608797396
    ],
    [
        1.0968705484240153,
        0.9921567416492215,
        2.2395591083961146,
        0.9185586535436918,
        1.5,
        1.192424001771182,
        1.8114220932736798,
        1.3635890143294642,
        1.3919410907075054,
        1.1388041973930374,
        1.3287682265918312,
        1.015504800579495,
        1.1524430571616109,
        1.5155444566227676,
        1.5309310892394863,
        0.9921567416492215,
        1.4737282653189494,
        0.0,
        1.4577379737113252,
        1.6583123951777,
        1.5811388300841898,
        1.695582495781317,
        1.0968705484240153,
        1.7365554986812255,
        1.3693063937629153,
        1.7677669529663689,
        1.015504800579495,
        1.015504800579495,
        2.0348525745124633,
        1.0606601717798212,
        2.091650066335189,
        1.3287682265918312,
        1.505199322349037,
        1.9724667297574374,
        1.0307764064044151,
        1.9039432764659772,
        1.224744871391589,
        1.2808688457449497,
        1.0752906583803283,
        1.2119199643540823,
        1.4947825928876748,
        1.4142135623730951,
        1.1858541225631423,
        1.648863244784115,
        1.1989578808281798,
        0.9100137361600648,
        1.4842927608797396,
        1.0077822185373186,
        1.6298006013006623,
        1.103970108290981
    ],
    [
        1.5309310892394863,
        1.3806701271484076,
        1.845602882529175,
        1.489546910976623,
        1.3635890143294642,
        1.3919410907075054,
        1.4630874888399532,
        1.4577379737113252,
        1.4684175155588413,
        1.286953767623375,
        2.23606797749979,
        1.4630874888399532,
        1.3806701271484076,
        1.3806701271484076,
        1.5662455107677085,
        1.3635890143294642,
        1.3863170633011772,
        1.4577379737113252,
        0.0,
        1.3806701271484076,
        1.4086784586980805,
        1.357847561400027,
        1.3050383136138188,
        1.625,
        1.340475661845451,
        1.4947825928876748,
        1.6441183047457382,
        1.3975424859373686,
        1.695582495781317,
        1.3806701271484076,
        1.6298006013006623,
        1.352081728298996,
        1.4197270864500684,
        1.648863244784115,
        1.5662455107677085,
        1.4361406616345072,
        1.3110110602126894,
        1.4737282653189494,
        1.3863170633011772,
        1.3287682265918312,
        1.4737282653189494,
        1.3693063937629153,
        1.4086784586980805,
        1.4306903927824497,
        1.375,
        1.5258194519667128,
        1.346291201783626,
        1.713913650100261,
        1.4415703243338496,
        1.4523687548277813
    ],
    [
        1.6007810593582121,
        1.5512092057488571,
        1.7633419974582356,
        1.5461646096066226,
        1.357847561400027,
        1.4361406616345072,
        1.6441183047457382,
        1.479019945774904,
        1.5512092057488571,
        1.4842927608797396,
        2.4558603380485624,
        1.5155444566227676,
        1.3863170633011772,
        1.4523687548277813,
        1.58607219255619,
        1.653594569415369,
        1.4197270864500684,
        1.6583123951777,
        1.3806701271484076,
        0.0,
        1.3693063937629153,
        1.352081728298996,
        1.5103807466993215,
        1.648863244784115,
        1.3693063937629153,
        1.4737282653189494,
        1.8498310733685928,
        1.5258194519667128,
        1.8200274723201295,
        1.479019945774904,
        1.6677080080157918,
        1.4684175155588413,
        1.346291201783626,
        1.6817030058842137,
        1.6630168369562588,
        1.5155444566227676,
        1.375,
        1.5512092057488571,
        1.4469796128487782,
        1.4577379737113252,
        1.5461646096066226,
        1.375,
        1.4842927608797396,
        1.4415703243338496,
        1.4306903927824497,
        1.7721808598447282,
        1.4361406616345072,
        1.9685019685029528,
        1.5309310892394863,
        1.5206906325745548
    ],
    [
        1.4197270864500684,
        1.5811388300841898,
        1.875,
        1.4415703243338496,
        1.224744871391589,
        1.4142135623730951,
        1.648863244784115,
        1.5103807466993215,
        1.4197270864500684,
        1.4684175155588413,
        2.3284920012746446,
        1.4415703243338496,
        1.4086784586980805,
        1.4197270864500684,
        1.5309310892394863,
        1.6441183047457382,
        1.4523687548277813,
        1.5811388300841898,
        1.4086784586980805,
        1.3693063937629153,
        0.0,
        1.2808688457449497,
        1.4361406616345072,
        1.625,
        1.2562344526401112,
        1.541103500742244,
        1.713913650100261,
        1.5512092057488571,
        1.7721808598447282,
        1.286953767623375,
        1.6105123408406408,
        1.5206906325745548,
        1.340475661845451,
        1.5662455107677085,
        1.5512092057488571,
        1.620185174601965,
        1.3110110602126894,
        1.4469796128487782,
        1.3228756555322954,
        1.340475661845451,
        1.6105123408406408,
        1.243734296383275,
        1.4306903927824497,
        1.479019945774904,
        1.3050383136138188,
        1.6770509831248424,
        1.4142135623730951,
        1.928406077567689,
        1.5206906325745548,
        1.340475661845451
    ],
    [
        1.6817030058842137,
        1.541103500742244,
        1.8328597873268975,
        1.625,
        1.2562344526401112,
        1.4142135623730951,
        1.5512092057488571,
        1.5,
        1.5309310892394863,
        1.4415703243338496,
        2.5124689052802225,
        1.5103807466993215,
        1.3975424859373686,
        1.3806701271484076,
        1.5103807466993215,
        1.58607219255619,
        1.3806701271484076,
        1.695582495781317,
        1.357847561400027,
        1.352081728298996,
        1.2808688457449497,
        0.0,
        1.4737282653189494,
        1.6298006013006623,
        1.2747548783981961,
        1.357847561400027,
        1.8157298807917437,
        1.5258194519667128,
        1.758905909933786,
        1.4142135623730951,
        1.5662455107677085,
        1.5155444566227676,
        1.375,
        1.5662455107677085,
        1.7001838135919305,
        1.4306903927824497,
        1.352081728298996,
        1.479019945774904,
        1.4842927608797396,
        1.4361406616345072,
        1.4361406616345072,
        1.340475661845451,
        1.4842927608797396,
        1.4947825928876748,
        1.3169567191065923,
        1.7721808598447282,
        1.334634781503914,
        1.9882467150733583,
        1.4737282653189494,
        1.5360257159305635
    ],
    [
        1.2747548783981961,
        1.1388041973930374,
        2.0077973005261263,
        1.14564392373896,
        1.3806701271484076,
        1.1388041973930374,
        1.6007810593582121,
        1.3287682265918312,
        1.2624381172952597,
        1.103970108290981,
        1.5512092057488571,
        1.14564392373896,
        1.159202311936963,
        1.3228756555322954,
        1.357847561400027,
        1.103970108290981,
        1.346291201783626,
        1.0968705484240153,
        1.3050383136138188,
        1.5103807466993215,
        1.4361406616345072,
        1.4737282653189494,
        0.0,
        1.6393596310755,
        1.3635890143294642,
        1.5811388300841898,
        1.2624381172952597,
        1.1989578808281798,
        1.8833148966649205,
        1.1319231422671772,
        1.8540496217739157,
        1.3110110602126894,
        1.352081728298996,
        1.7320508075688772,
        1.1110243021644486,
        1.58607219255619,
        1.1524430571616109,
        1.3169567191065923,
        1.125,
        1.1319231422671772,
        1.4415703243338496,
        1.403121520040228,
        1.2054563451241194,
        1.5103807466993215,
        1.2119199643540823,
        1.0606601717798212,
        1.3169567191065923,
        1.231107225224513,
        1.5103807466993215,
        1.1524430571616109
    ],
    [
        1.5155444566227676,
        1.75,
        1.6677080080157918,
        1.7809758560968758,
        1.571225636247067,
        1.6909686573085854,
        1.6007810593582121,
        1.4577379737113252,
        1.4577379737113252,
        1.6298006013006623,
        2.38812164681785,
        1.7544586059522749,
        1.6393596310755,
        1.3169567191065923,
        1.4737282653189494,
        1.776583800443987,
        1.7001838135919305,
        1.7365554986812255,
        1.625,
        1.648863244784115,
        1.625,
        1.6298006013006623,
        1.6393596310755,
        0.0,
        1.6105123408406408,
        1.6770509831248424,
        1.9445436482630056,
        1.7320508075688772,
        1.4142135623730951,
        1.6817030058842137,
        1.8371173070873836,
        1.6817030058842137,
        1.709349291397168,
        1.653594569415369,
        1.8582585934148133,
        1.741048534648015,
        1.5811388300841898,
        1.4842927608797396,
        1.704772712123232,
        1.6441183047457382,
        1.824314939915803,
        1.595893166850463,
        1.4306903927824497,
        1.4684175155588413,
        1.6441183047457382,
        1.7677669529663689,
        1.6345871038277526,
        2.0,
        1.505199322349037,
        1.704772712123232
    ],
    [
        1.4252192813739224,
        1.3863170633011772,
        1.7940875118009154,
        1.4630874888399532,
        1.2747548783981961,
        1.3169567191065923,
        1.5662455107677085,
        1.334634781503914,
        1.4684175155588413,
        1.2930100540985752,
        2.229069312515876,
        1.375,
        1.2930100540985752,
        1.352081728298996,
        1.4086784586980805,
        1.5103807466993215,
        1.3228756555322954,
        1.3693063937629153,
        1.340475661845451,
        1.3693063937629153,
        1.2562344526401112,
        1.2747548783981961,
        1.3635890143294642,
        1.6105123408406408,
        0.0,
        1.4684175155588413,
        1.6441183047457382,
        1.4684175155588413,
        1.695582495781317,
        1.4361406616345072,
        1.6345871038277526,
        1.3169567191065923,
        1.334634781503914,
        1.6153559979150107,
        1.58607219255619,
        1.4842927608797396,
        1.299038105676658,
        1.4086784586980805,
        1.3287682265918312,
        1.3693063937629153,
        1.5512092057488571,
        1.3287682265918312,
        1.3693063937629153,
        1.5360257159305635,
        1.3287682265918312,
        1.4737282653189494,
        1.299038105676658,
        1.7544586059522749,
        1.4737282653189494,
        1.4197270864500684
    ],
    [
        1.824314939915803,
        1.7365554986812255,
        1.8582585934148133,
        1.8328597873268975,
        1.4523687548277813,
        1.6723860200324565,
        1.590990257669732,
        1.6441183047457382,
        1.7001838135919305,
        1.5811388300841898,
        2.8449516691852605,
        1.7365554986812255,
        1.6105123408406408,
        1.571225636247067,
        1.653594569415369,
        1.8413649828320293,
        1.6105123408406408,
        1.7677669529663689,
        1.4947825928876748,
        1.4737282653189494,
        1.541103500742244,
        1.357847561400027,
        1.5811388300841898,
        1.6770509831248424,
        1.4684175155588413,
        0.0,
        2.011684617428885,
        1.7455300054711176,
        1.8413649828320293,
        1.648863244784115,
        1.620185174601965,
        1.6153559979150107,
        1.479019945774904,
        1.5155444566227676,
        1.8498310733685928,
        1.479019945774904,
        1.5206906325745548,
        1.7455300054711176,
        1.7001838135919305,
        1.595893166850463,
        1.6153559979150107,
        1.5461646096066226,
        1.6630168369562588,
        1.5206906325745548,
        1.541103500742244,
        1.8957188610128877,
        1.4523687548277813,
        2.1286732957408003,
        1.5155444566227676,
        1.7365554986812255
    ],
    [
        1.103970108290981,
        1.0458250331675945,
        2.381569860407206,
        0.8926785535678563,
        1.6153559979150107,
        1.3169567191065923,
        1.996089927833914,
        1.5,
        1.4142135623730951,
        1.3169567191065923,
        1.1319231422671772,
        1.0680004681646913,
        1.2808688457449497,
        1.704772712123232,
        1.7455300054711176,
        0.9921567416492215,
        1.7230060940112777,
        1.015504800579495,
        1.6441183047457382,
        1.8498310733685928,
        1.713913650100261,
        1.8157298807917437,
        1.2624381172952597,
        1.9445436482630056,
        1.6441183047457382,
        2.011684617428885,
        0.0,
        1.1524430571616109,
        2.179449471770337,
        1.243734296383275,
        2.1578345627040085,
        1.58607219255619,
        1.6393596310755,
        2.1102428770167667,
        0.82915619758885,
        2.042516829796024,
        1.3863170633011772,
        1.357847561400027,
        1.14564392373896,
        1.352081728298996,
        1.6677080080157918,
        1.571225636247067,
        1.3050383136138188,
        1.928406077567689,
        1.334634781503914,
        0.8569568250501305,
        1.6909686573085854,
        0.7905694150420949,
        1.9080421903092184,
        1.0680004681646913
    ],
    [
        1.192424001771182,
        1.103970108290981,
        2.057759704144291,
        1.1110243021644486,
        1.4523687548277813,
        1.1388041973930374,
        1.7320508075688772,
        1.352081728298996,
        1.3287682265918312,
        1.1524430571616109,
        1.5258194519667128,
        1.0752906583803283,
        1.192424001771182,
        1.4947825928876748,
        1.5206906325745548,
        1.0307764064044151,
        1.4086784586980805,
        1.015504800579495,
        1.3975424859373686,
        1.5258194519667128,
        1.5512092057488571,
        1.5258194519667128,
        1.1989578808281798,
        1.7320508075688772,
        1.4684175155588413,
        1.7455300054711176,
        1.1524430571616109,
        0.0,
        1.9525624189766635,
        1.1319231422671772,
        1.928406077567689,
        1.375,
        1.4523687548277813,
        1.948557158514987,
        1.103970108290981,
        1.8624580532189174,
        1.2374368670764582,
        1.2624381172952597,
        1.118033988749895,
        1.1858541225631423,
        1.3919410907075054,
        1.346291201783626,
        1.243734296383275,
        1.590990257669732,
        1.231107225224513,
        0.9921567416492215,
        1.4252192813739224,
        1.125,
        1.58607219255619,
        1.0968705484240153
    ],
    [
        1.7677669529663689,
        1.9324531042175384,
        1.6056540723331412,
        2.1360009363293826,
        1.7940875118009154,
        1.845602882529175,
        1.5258194519667128,
        1.5103807466993215,
        1.6007810593582121,
        1.845602882529175,
        3.087272258807117,
        1.920286436967152,
        1.824314939915803,
        1.4842927608797396,
        1.4947825928876748,
        2.027159342528357,
        1.6583123951777,
        2.0348525745124633,
        1.695582495781317,
        1.8200274723201295,
        1.7721808598447282,
        1.758905909933786,
        1.8833148966649205,
        1.4142135623730951,
        1.695582495781317,
        1.8413649828320293,
        2.179449471770337,
        1.9525624189766635,
        0.0,
        1.8328597873268975,
        1.8708286933869707,
        1.79843682124227,
        1.8413649828320293,
        1.6393596310755,
        2.1360009363293826,
        1.7809758560968758,
        1.7897276329095442,
        1.590990257669732,
        1.9324531042175384,
        1.8371173070873836,
        1.9364916731037085,
        1.75,
        1.6298006013006623,
        1.5461646096066226,
        1.9162137145944864,
        2.053959590644373,
        1.6677080080157918,
        2.2980970388562794,
        1.479019945774904,
        1.9803724397193574
    ],
    [
        1.192424001771182,
        1.1524430571616109,
        1.9882467150733583,
        1.1110243021644486,
        1.334634781503914,
        1.0680004681646913,
        1.6677080080157918,
        1.3110110602126894,
        1.3635890143294642,
        1.0825317547305484,
        1.625,
        1.0968705484240153,
        1.243734296383275,
        1.4469796128487782,
        1.4469796128487782,
        1.118033988749895,
        1.4306903927824497,
        1.0606601717798212,
        1.3806701271484076,
        1.479019945774904,
        1.286953767623375,
        1.4142135623730951,
        1.1319231422671772,
        1.6817030058842137,
        1.4361406616345072,
        1.648863244784115,
        1.243734296383275,
        1.1319231422671772,
