[
    [
        0.0,
        1.2138917428112386,
        0.2879377767249482,
        0.48903799777246976,
        0.9187322121004686,
        0.8597430798007659,
        0.3813242232868326,
        0.48903799777246976,
        1.0702374331265498,
        0.9379675704763497,
        0.18982403237026163,
        0.8506075259867538,
        1.0233249129924573,
        0.773649250801231,
        1.0847387534633885,
        0.7427369408244794,
        0.8130394598451579,
        1.1535493142506579,
        0.8838834764831844,
        0.7678571428571428,
        0.8598873060688371,
        0.7213932098830056,
        0.6288148879163932,
        0.9945643082603086,
        0.576981943621554,
        1.1545164196603295,
        0.48903799777246976,
        0.9626308551388253,
        0.590366973386305,
        0.8777289805317505,
        0.8598873060688371,
        0.6034551874541357,
        0.9240963594954008,
        1.0178571428571428,
        0.4203072248549936,
        1.055536907580832,
        1.0908945963786616,
        0.8865851133790292,
        1.0060052113487141,
        1.0847387534633885,
        0.9126380242271884,
        0.773649250801231,
        0.9538121686481174,
        1.1545164196603295,
        0.9544805724923405,
        0.6993984295559336,
        0.676689118624872,
        0.48903799777246976,
        0.8777289805317505,
        0.2879377767249482
    ],
    [
        1.2138917428112386,
        0.0,
        1.015504800579495,
        0.81967981553775,
        0.7603453162872774,
        0.673145600891813,
        0.9682458365518543,
        0.8100925873009825,
        0.7603453162872774,
        0.6846531968814576,
        1.286953767623375,
        0.8003905296791061,
        1.2374368670764582,
        0.7180703308172536,
        0.5590169943749475,
        0.649519052838329,
        0.6614378277661477,
        0.8838834764831844,
        0.676689118624872,
        0.7603453162872774,
        0.7817359599705717,
        0.7603453162872774,
        0.7905694150420949,
        0.7288689868556626,
        0.8660254037844386,
        0.8660254037844386,
        0.8477912478906585,
        0.649519052838329,
        0.8569568250501305,
        0.75,
        0.8014743359029727,
        0.8385254915624212,
        0.7180703308172536,
        0.7905694150420949,
        0.8660254037844386,
        0.75,
        0.9519716382329886,
        0.625,
        0.8111634305804911,
        0.649519052838329,
        0.7180703308172536,
        0.673145600891813,
        0.7905694150420949,
        0.75,
        0.7071067811865476,
        0.75,
        0.7603453162872774,
        0.8660254037844386,
        0.7288689868556626,
        1.0077822185373186
    ],
    [
        0.2879377767249482,
        1.015504800579495,
        0.0,
        0.414578098794425,
        0.8003905296791061,
        0.6959705453537527,
        0.21650635094610965,
        0.39528470752104744,
        0.9519716382329886,
        0.7603453162872774,
        0.25,
        0.6846531968814576,
        1.1110243021644486,
        0.6373774391990981,
        0.9519716382329886,
        0.6373774391990981,
        0.739509972887452,
        1.0458250331675945,
        0.7427369408244794,
        0.7071067811865476,
        0.7817359599705717,
        0.5448623679425842,
        0.5153882032022076,
        0.82915619758885,
        0.414578098794425,
        1.015504800579495,
        0.375,
        0.739509972887452,
        0.45069390943299864,
        0.6959705453537527,
        0.7716774657271723,
        0.5,
        0.82915619758885,
        0.82915619758885,
        0.33071891388307384,
        0.8926785535678563,
        1.0231690964840563,
        0.7288689868556626,
        0.9109671295448103,
        0.9100137361600648,
        0.7905694150420949,
        0.6959705453537527,
        0.8100925873009825,
        1.0383279828647594,
        0.7806247497997998,
        0.5303300858899106,
        0.5590169943749475,
        0.3535533905932738,
        0.7288689868556626,
        0.1767766952966369
    ],
    [
        0.48903799777246976,
        0.81967981553775,
        0.414578098794425,
        0.0,
        0.57282196186948,
        0.5590169943749475,
        0.33071891388307384,
        0.1767766952966369,
        0.75,
        0.5153882032022076,
        0.4841229182759271,
        0.4841229182759271,
        1.0532687216470449,
        0.4330127018922193,
        0.739509972887452,
        0.46770717334674267,
        0.4330127018922193,
        0.8100925873009825,
        0.549234160686775,
        0.4841229182759271,
        0.5464532103585001,
        0.3535533905932738,
        0.30618621784789724,
        0.6614378277661477,
        0.25,
        0.9437293044088437,
        0.21650635094610965,
        0.5863019699779287,
        0.30618621784789724,
        0.45069390943299864,
        0.5877806658194119,
        0.375,
        0.625,
        0.625,
        0.21650635094610965,
        0.770551750371122,
        0.9519716382329886,
        0.5303300858899106,
        0.6972166887783964,
        0.673145600891813,
        0.57282196186948,
        0.4330127018922193,
        0.7180703308172536,
        0.8477912478906585,
        0.57282196186948,
        0.30618621784789724,
        0.33071891388307384,
        0.25,
        0.4330127018922193,
        0.3535533905932738
    ],
    [
        0.9187322121004686,
        0.7603453162872774,
        0.8003905296791061,
        0.57282196186948,
        0.0,
        0.5863019699779287,
        0.75,
        0.57282196186948,
        0.6846531968814576,
        0.45069390943299864,
        1.015504800579495,
        0.6123724356957945,
        1.0231690964840563,
        0.5448623679425842,
        0.7071067811865476,
        0.5863019699779287,
        0.5863019699779287,
        0.770551750371122,
        0.5451549115169195,
        0.5448623679425842,
        0.4639803635691685,
        0.5153882032022076,
        0.57282196186948,
        0.6373774391990981,
        0.649519052838329,
        0.8477912478906585,
        0.5994789404140899,
        0.649519052838329,
        0.6373774391990981,
        0.46770717334674267,
        0.5697830971323893,
        0.5303300858899106,
        0.5863019699779287,
        0.6123724356957945,
        0.6373774391990981,
        0.6373774391990981,
        0.7180703308172536,
        0.5,
        0.6095307849303248,
        0.6373774391990981,
        0.5994789404140899,
        0.5863019699779287,
        0.5153882032022076,
        0.7180703308172536,
        0.5,
        0.57282196186948,
        0.5,
        0.6373774391990981,
        0.5590169943749475,
        0.7905694150420949
    ],
    [
        0.8597430798007659,
        0.673145600891813,
        0.6959705453537527,
        0.5590169943749475,
        0.5863019699779287,
        0.0,
        0.673145600891813,
        0.5303300858899106,
        0.7071067811865476,
        0.46770717334674267,
        0.9013878188659973,
        0.625,
        1.103970108290981,
        0.5,
        0.57282196186948,
        0.45069390943299864,
        0.45069390943299864,
        0.8003905296791061,
        0.5200078492343227,
        0.46770717334674267,
        0.6263873490988712,
        0.5303300858899106,
        0.5448623679425842,
        0.5590169943749475,
        0.57282196186948,
        0.739509972887452,
        0.5590169943749475,
        0.5303300858899106,
        0.5863019699779287,
        0.57282196186948,
        0.6009252125773316,
        0.5590169943749475,
        0.57282196186948,
        0.5863019699779287,
        0.57282196186948,
        0.6373774391990981,
        0.8477912478906585,
        0.414578098794425,
        0.6871842709362769,
        0.625,
        0.5153882032022076,
        0.45069390943299864,
        0.7071067811865476,
        0.770551750371122,
        0.4330127018922193,
        0.4841229182759271,
        0.5153882032022076,
        0.57282196186948,
        0.5448623679425842,
        0.7071067811865476
    ],
    [
        0.3813242232868326,
        0.9682458365518543,
        0.21650635094610965,
        0.33071891388307384,
        0.75,
        0.673145600891813,
        0.0,
        0.33071891388307384,
        0.8838834764831844,
        0.6846531968814576,
        0.33071891388307384,
        0.5994789404140899,
        1.0897247358851685,
        0.57282196186948,
        0.8926785535678563,
        0.57282196186948,
        0.6373774391990981,
        0.9762812094883317,
        0.6993984295559336,
        0.6123724356957945,
        0.6972166887783964,
        0.4841229182759271,
        0.414578098794425,
        0.7905694150420949,
        0.30618621784789724,
        1.0307764064044151,
        0.30618621784789724,
        0.7071067811865476,
        0.375,
        0.625,
        0.7192781875680029,
        0.45069390943299864,
        0.770551750371122,
        0.7603453162872774,
        0.25,
        0.9013878188659973,
        1.0532687216470449,
        0.6959705453537527,
        0.8579691784155834,
        0.82915619758885,
        0.7288689868556626,
        0.5863019699779287,
        0.8477912478906585,
        0.9921567416492215,
        0.7806247497997998,
        0.4330127018922193,
        0.5,
        0.2795084971874737,
        0.6123724356957945,
        0.125
    ],
    [
        0.48903799777246976,
        0.8100925873009825,
        0.39528470752104744,
        0.1767766952966369,
        0.57282196186948,
        0.5303300858899106,
        0.33071891388307384,
        0.0,
        0.739509972887452,
        0.5153882032022076,
        0.46770717334674267,
        0.45069390943299864,
        1.0383279828647594,
        0.4330127018922193,
        0.7180703308172536,
        0.46770717334674267,
        0.4330127018922193,
        0.8385254915624212,
        0.5348206832811406,
        0.46770717334674267,
        0.5743353646704259,
        0.30618621784789724,
        0.25,
        0.6614378277661477,
        0.25,
        0.9185586535436918,
        0.21650635094610965,
        0.6123724356957945,
        0.30618621784789724,
        0.4841229182759271,
        0.6009252125773316,
        0.3535533905932738,
        0.6373774391990981,
        0.625,
        0.21650635094610965,
        0.75,
        0.9354143466934853,
        0.5303300858899106,
        0.7511565157216644,
        0.6846531968814576,
        0.5590169943749475,
        0.414578098794425,
        0.7180703308172536,
        0.8569568250501305,
        0.5303300858899106,
        0.25,
        0.33071891388307384,
        0.25,
        0.45069390943299864,
        0.3535533905932738
    ],
    [
        1.0702374331265498,
        0.7603453162872774,
        0.9519716382329886,
        0.75,
        0.6846531968814576,
        0.7071067811865476,
        0.8838834764831844,
        0.739509972887452,
        0.0,
        0.6373774391990981,
        1.2624381172952597,
        0.5994789404140899,
        1.2054563451241194,
        0.5863019699779287,
        0.770551750371122,
        0.6123724356957945,
        0.673145600891813,
        0.7806247497997998,
        0.6288148879163932,
        0.6846531968814576,
        0.7300589778306347,
        0.6123724356957945,
        0.6373774391990981,
        0.5863019699779287,
        0.7603453162872774,
        0.7905694150420949,
        0.75,
        0.6846531968814576,
        0.739509972887452,
        0.6959705453537527,
        0.6744339190099436,
        0.75,
        0.5994789404140899,
        0.5863019699779287,
        0.8003905296791061,
        0.6373774391990981,
        0.9762812094883317,
        0.649519052838329,
        0.7916666666666667,
        0.5994789404140899,
        0.6614378277661477,
        0.625,
        0.7180703308172536,
        0.75,
        0.673145600891813,
        0.6846531968814576,
        0.649519052838329,
        0.7603453162872774,
        0.6614378277661477,
        0.9100137361600648
    ],
    [
        0.9379675704763497,
        0.6846531968814576,
        0.7603453162872774,
        0.5153882032022076,
        0.45069390943299864,
        0.46770717334674267,
        0.6846531968814576,
        0.5153882032022076,
        0.6373774391990981,
        0.0,
        0.9519716382329886,
        0.5153882032022076,
        1.0825317547305484,
        0.45069390943299864,
        0.625,
        0.4330127018922193,
        0.39528470752104744,
        0.7603453162872774,
        0.48903799777246976,
        0.5448623679425842,
        0.5170697352496191,
        0.5,
        0.5153882032022076,
        0.5863019699779287,
        0.57282196186948,
        0.8003905296791061,
        0.5448623679425842,
        0.5448623679425842,
        0.57282196186948,
        0.5,
        0.5743353646704259,
        0.57282196186948,
        0.4841229182759271,
        0.57282196186948,
        0.5590169943749475,
        0.57282196186948,
        0.7905694150420949,
        0.45069390943299864,
        0.6508541396588879,
        0.6373774391990981,
        0.5,
        0.46770717334674267,
        0.5590169943749475,
        0.7288689868556626,
        0.4841229182759271,
        0.4330127018922193,
        0.375,
        0.5590169943749475,
        0.46770717334674267,
        0.739509972887452
    ],
    [
        0.18982403237026163,
        1.286953767623375,
        0.25,
        0.4841229182759271,
        1.015504800579495,
        0.9013878188659973,
        0.33071891388307384,
        0.46770717334674267,
        1.2624381172952597,
        0.9519716382329886,
        0.0,
        0.82915619758885,
        1.14564392373896,
        0.75,
        1.0680004681646913,
        0.739509972887452,
        0.8385254915624212,
        1.1989578808281798,
        0.9866778416815217,
        0.7905694150420949,
        0.9195031871130797,
        0.7071067811865476,
        0.5994789404140899,
        1.0077822185373186,
        0.5448623679425842,
        1.3287682265918312,
        0.45069390943299864,
        0.9437293044088437,
        0.5590169943749475,
        0.8569568250501305,
        0.927960727138337,
        0.75,
        1.1989578808281798,
        1.0532687216470449,
        0.375,
        1.2374368670764582,
        1.3110110602126894,
        0.875,
        1.0905210273585335,
        1.0968705484240153,
        0.9354143466934853,
        0.7806247497997998,
        1.286953767623375,
        1.352081728298996,
        0.960143218483576,
        0.673145600891813,
        0.6846531968814576,
        0.45069390943299864,
        0.8569568250501305,
        0.21650635094610965
    ],
    [
        0.8506075259867538,
        0.8003905296791061,
        0.6846531968814576,
        0.4841229182759271,
        0.6123724356957945,
        0.625,
        0.5994789404140899,
        0.45069390943299864,
        0.5994789404140899,
        0.5153882032022076,
        0.82915619758885,
        0.0,
        1.103970108290981,
        0.4330127018922193,
        0.7905694150420949,
        0.5448623679425842,
        0.57282196186948,
        0.81967981553775,
        0.576981943621554,
        0.5303300858899106,
        0.5877806658194119,
        0.30618621784789724,
        0.30618621784789724,
        0.5448623679425842,
        0.5,
        0.8660254037844386,
        0.4330127018922193,
        0.5994789404140899,
        0.414578098794425,
        0.5303300858899106,
        0.5605676686280713,
        0.5153882032022076,
        0.625,
        0.5153882032022076,
        0.5,
        0.625,
        0.9519716382329886,
        0.5590169943749475,
        0.7614861201040444,
        0.673145600891813,
        0.5303300858899106,
        0.5,
        0.75,
        0.7806247497997998,
        0.625,
        0.4841229182759271,
        0.4330127018922193,
        0.4330127018922193,
        0.5,
        0.625
    ],
    [
        1.0233249129924573,
        1.2374368670764582,
        1.1110243021644486,
        1.0532687216470449,
        1.0231690964840563,
        1.103970108290981,
        1.0897247358851685,
        1.0383279828647594,
        1.2054563451241194,
        1.0825317547305484,
        1.14564392373896,
        1.103970108290981,
        0.0,
        1.0606601717798212,
        1.1858541225631423,
        1.0680004681646913,
        1.0680004681646913,
        0.75,
        0.9603092614106251,
        0.8100925873009825,
        0.775044801572428,
        1.0532687216470449,
        1.0532687216470449,
        1.165922381636102,
        1.0680004681646913,
        1.352081728298996,
        1.0606601717798212,
        1.1319231422671772,
        1.0825317547305484,
        1.0825317547305484,
        0.7850601533923655,
        1.103970108290981,
        1.14564392373896,
        1.165922381636102,
        1.0606601717798212,
        1.2054563451241194,
        0.9100137361600648,
        1.0968705484240153,
        0.9052317076000179,
        1.1792476415070754,
        1.103970108290981,
        1.0606601717798212,
        1.2054563451241194,
        1.2808688457449497,
        1.118033988749895,
        1.0077822185373186,
        1.0307764064044151,
        1.0680004681646913,
        1.0752906583803283,
        1.0968705484240153
    ],
    [
        0.773649250801231,
        0.7180703308172536,
        0.6373774391990981,
        0.4330127018922193,
        0.5448623679425842,
        0.5,
        0.57282196186948,
        0.4330127018922193,
        0.5863019699779287,
        0.45069390943299864,
        0.75,
        0.4330127018922193,
        1.0606601717798212,
        0.0,
        0.6614378277661477,
        0.39528470752104744,
        0.414578098794425,
        0.673145600891813,
        0.4727929391026331,
        0.46770717334674267,
        0.5605676686280713,
        0.375,
        0.375,
        0.5,
        0.4330127018922193,
        0.8100925873009825,
        0.4330127018922193,
        0.4841229182759271,
        0.414578098794425,
        0.39528470752104744,
        0.5170697352496191,
        0.5153882032022076,
        0.5448623679425842,
        0.5590169943749475,
        0.4841229182759271,
        0.625,
        0.8477912478906585,
        0.46770717334674267,
        0.6744339190099436,
        0.5994789404140899,
        0.4841229182759271,
        0.3535533905932738,
        0.6614378277661477,
        0.7603453162872774,
        0.46770717334674267,
        0.39528470752104744,
        0.375,
        0.45069390943299864,
        0.4330127018922193,
        0.5994789404140899
    ],
    [
        1.0847387534633885,
        0.5590169943749475,
        0.9519716382329886,
        0.739509972887452,
        0.7071067811865476,
        0.57282196186948,
        0.8926785535678563,
        0.7180703308172536,
        0.770551750371122,
        0.625,
        1.0680004681646913,
        0.7905694150420949,
        1.1858541225631423,
        0.6614378277661477,
        0.0,
        0.5590169943749475,
        0.5994789404140899,
        0.7806247497997998,
        0.641118681107723,
        0.673145600891813,
        0.7406828681096325,
        0.739509972887452,
        0.75,
        0.739509972887452,
        0.7905694150420949,
        0.9100137361600648,
        0.770551750371122,
        0.5994789404140899,
        0.7905694150420949,
        0.673145600891813,
        0.7192781875680029,
        0.770551750371122,
        0.6373774391990981,
        0.8100925873009825,
        0.7806247497997998,
        0.75,
        0.9185586535436918,
        0.57282196186948,
        0.7817359599705717,
        0.57282196186948,
        0.6123724356957945,
        0.625,
        0.75,
        0.6846531968814576,
        0.625,
        0.649519052838329,
        0.6846531968814576,
        0.7905694150420949,
        0.625,
        0.9270248108869579
    ],
    [
        0.7427369408244794,
        0.649519052838329,
        0.6373774391990981,
        0.46770717334674267,
        0.5863019699779287,
        0.45069390943299864,
        0.57282196186948,
        0.46770717334674267,
        0.6123724356957945,
        0.4330127018922193,
        0.739509972887452,
        0.5448623679425842,
        1.0680004681646913,
        0.39528470752104744,
        0.5590169943749475,
        0.0,
        0.3535533905932738,
        0.6959705453537527,
        0.4559694762429895,
        0.5,
        0.5877806658194119,
        0.46770717334674267,
        0.4841229182759271,
        0.5448623679425842,
        0.5,
        0.8660254037844386,
        0.5,
        0.4330127018922193,
        0.5153882032022076,
        0.4841229182759271,
        0.5743353646704259,
        0.5448623679425842,
        0.5,
        0.6123724356957945,
        0.5153882032022076,
        0.6373774391990981,
        0.8926785535678563,
        0.39528470752104744,
        0.6744339190099436,
        0.5303300858899106,
        0.46770717334674267,
        0.375,
        0.6846531968814576,
        0.6959705453537527,
        0.46770717334674267,
        0.39528470752104744,
        0.414578098794425,
        0.5153882032022076,
        0.4330127018922193,
        0.5994789404140899
    ],
    [
        0.8130394598451579,
        0.6614378277661477,
        0.739509972887452,
        0.4330127018922193,
        0.5863019699779287,
        0.45069390943299864,
        0.6373774391990981,
        0.4330127018922193,
        0.673145600891813,
        0.39528470752104744,
        0.8385254915624212,
        0.57282196186948,
        1.0680004681646913,
        0.414578098794425,
        0.5994789404140899,
        0.3535533905932738,
        0.0,
        0.739509972887452,
        0.401289375968647,
        0.45069390943299864,
        0.5464532103585001,
        0.46770717334674267,
        0.46770717334674267,
        0.5590169943749475,
        0.5153882032022076,
        0.8838834764831844,
        0.5,
        0.45069390943299864,
        0.5448623679425842,
        0.4330127018922193,
        0.5319643889501544,
        0.5153882032022076,
        0.5448623679425842,
        0.6614378277661477,
        0.5,
        0.6959705453537527,
        0.9185586535436918,
        0.414578098794425,
        0.6263873490988712,
        0.5863019699779287,
        0.414578098794425,
        0.33071891388307384,
        0.7288689868556626,
        0.6846531968814576,
        0.4841229182759271,
        0.3535533905932738,
        0.45069390943299864,
        0.5303300858899106,
        0.414578098794425,
        0.6846531968814576
    ],
    [
        1.1535493142506579,
        0.8838834764831844,
        1.0458250331675945,
        0.8100925873009825,
        0.770551750371122,
        0.8003905296791061,
        0.9762812094883317,
        0.8385254915624212,
        0.7806247497997998,
        0.7603453162872774,
        1.1989578808281798,
        0.81967981553775,
        0.75,
        0.673145600891813,
        0.7806247497997998,
        0.6959705453537527,
        0.739509972887452,
        0.0,
        0.6016028759972506,
        0.6123724356957945,
        0.6095307849303248,
        0.8100925873009825,
        0.81967981553775,
        0.75,
        0.8838834764831844,
        0.9437293044088437,
        0.8385254915624212,
        0.75,
        0.875,
        0.770551750371122,
        0.5120085719768545,
        0.82915619758885,
        0.7603453162872774,
        0.81967981553775,
        0.875,
        0.81967981553775,
        0.7180703308172536,
        0.7288689868556626,
        0.5833333333333334,
        0.7180703308172536,
        0.7288689868556626,
        0.7288689868556626,
        0.8926785535678563,
        0.8838834764831844,
        0.7806247497997998,
        0.770551750371122,
        0.770551750371122,
        0.8569568250501305,
        0.739509972887452,
        1.0077822185373186
    ],
    [
        0.8838834764831844,
        0.676689118624872,
        0.7427369408244794,
        0.549234160686775,
        0.5451549115169195,
        0.5200078492343227,
        0.6993984295559336,
        0.5348206832811406,
        0.6288148879163932,
        0.48903799777246976,
        0.9866778416815217,
        0.576981943621554,
        0.9603092614106251,
        0.4727929391026331,
        0.641118681107723,
        0.4559694762429895,
        0.401289375968647,
        0.6016028759972506,
        0.0,
        0.4798224586623001,
        0.4892915073229066,
        0.5632789391281252,
        0.5632789391281252,
        0.5348206832811406,
        0.6162654973834785,
        0.8320355540872675,
        0.576981943621554,
        0.5632789391281252,
        0.6162654973834785,
        0.576981943621554,
        0.5494598976616236,
        0.590366973386305,
        0.5348206832811406,
        0.6531907556489958,
        0.6034551874541357,
        0.6881374595713462,
        0.7620210104768524,
        0.5047605008965204,
        0.5350525012915293,
        0.576981943621554,
        0.576981943621554,
        0.401289375968647,
        0.6531907556489958,
        0.7634842259439982,
        0.48903799777246976,
        0.4727929391026331,
        0.4559694762429895,
        0.6034551874541357,
        0.5047605008965204,
        0.7213932098830056
    ],
    [
        0.7678571428571428,
        0.7603453162872774,
        0.7071067811865476,
        0.4841229182759271,
        0.5448623679425842,
        0.46770717334674267,
        0.6123724356957945,
        0.46770717334674267,
        0.6846531968814576,
        0.5448623679425842,
        0.7905694150420949,
        0.5303300858899106,
        0.8100925873009825,
        0.46770717334674267,
        0.673145600891813,
        0.5,
        0.45069390943299864,
        0.6123724356957945,
        0.4798224586623001,
        0.0,
        0.4583333333333333,
        0.45069390943299864,
        0.45069390943299864,
        0.5863019699779287,
        0.5,
        0.8926785535678563,
        0.5,
        0.5863019699779287,
        0.5,
        0.46770717334674267,
        0.384147685720537,
        0.57282196186948,
        0.5303300858899106,
        0.5994789404140899,
        0.5153882032022076,
        0.6959705453537527,
        0.82915619758885,
        0.5153882032022076,
        0.4912427551063165,
        0.6123724356957945,
        0.5153882032022076,
        0.45069390943299864,
        0.7071067811865476,
        0.7806247497997998,
        0.57282196186948,
        0.414578098794425,
        0.46770717334674267,
        0.5,
        0.414578098794425,
        0.649519052838329
    ],
    [
        0.8598873060688371,
        0.7817359599705717,
        0.7817359599705717,
        0.5464532103585001,
        0.4639803635691685,
        0.6263873490988712,
        0.6972166887783964,
        0.5743353646704259,
        0.7300589778306347,
        0.5170697352496191,
        0.9195031871130797,
        0.5877806658194119,
        0.775044801572428,
        0.5605676686280713,
        0.7406828681096325,
        0.5877806658194119,
        0.5464532103585001,
        0.6095307849303248,
        0.4892915073229066,
        0.4583333333333333,
        0.0,
        0.5464532103585001,
        0.5605676686280713,
        0.6387379048648288,
        0.5877806658194119,
        0.8579691784155834,
        0.5605676686280713,
        0.6972166887783964,
        0.6137883276106765,
        0.5464532103585001,
        0.4841229182759271,
        0.6009252125773316,
        0.6009252125773316,
        0.6508541396588879,
        0.6137883276106765,
        0.6972166887783964,
        0.5965758776365148,
        0.5605676686280713,
        0.45261585380000896,
        0.7300589778306347,
        0.6627489050244528,
        0.5464532103585001,
        0.6744339190099436,
        0.8579691784155834,
        0.5877806658194119,
        0.5319643889501544,
        0.4859126579037751,
        0.5743353646704259,
        0.5319643889501544,
        0.7406828681096325
    ],
    [
        0.7213932098830056,
        0.7603453162872774,
        0.5448623679425842,
        0.3535533905932738,
        0.5153882032022076,
        0.5303300858899106,
        0.4841229182759271,
        0.30618621784789724,
        0.6123724356957945,
        0.5,
        0.7071067811865476,
        0.30618621784789724,
        1.0532687216470449,
        0.375,
        0.739509972887452,
        0.46770717334674267,
        0.46770717334674267,
        0.8100925873009825,
        0.5632789391281252,
        0.45069390943299864,
        0.5464532103585001,
        0.0,
        0.2795084971874737,
        0.57282196186948,
        0.3535533905932738,
        0.7905694150420949,
        0.3535533905932738,
        0.57282196186948,
        0.3535533905932738,
        0.414578098794425,
        0.5743353646704259,
        0.4330127018922193,
        0.57282196186948,
        0.5153882032022076,
        0.375,
        0.625,
        0.8926785535678563,
        0.5303300858899106,
        0.7083333333333334,
        0.6123724356957945,
        0.5590169943749475,
        0.39528470752104744,
        0.6846531968814576,
        0.8003905296791061,
        0.5153882032022076,
        0.30618621784789724,
        0.3535533905932738,
        0.3535533905932738,
        0.414578098794425,
        0.5153882032022076
    ],
    [
        0.6288148879163932,
        0.7905694150420949,
        0.5153882032022076,
        0.30618621784789724,
        0.57282196186948,
        0.5448623679425842,
        0.414578098794425,
        0.25,
        0.6373774391990981,
        0.5153882032022076,
        0.5994789404140899,
        0.30618621784789724,
        1.0532687216470449,
        0.375,
        0.75,
        0.4841229182759271,
        0.46770717334674267,
        0.81967981553775,
        0.5632789391281252,
        0.45069390943299864,
        0.5605676686280713,
        0.2795084971874737,
        0.0,
        0.5863019699779287,
        0.33071891388307384,
        0.8660254037844386,
        0.2795084971874737,
        0.5863019699779287,
        0.30618621784789724,
        0.4330127018922193,
        0.5170697352496191,
        0.414578098794425,
        0.5863019699779287,
        0.5448623679425842,
        0.33071891388307384,
        0.6846531968814576,
        0.9354143466934853,
        0.5303300858899106,
        0.7192781875680029,
        0.625,
        0.5,
        0.414578098794425,
        0.7071067811865476,
        0.8385254915624212,
        0.57282196186948,
        0.33071891388307384,
        0.3535533905932738,
        0.30618621784789724,
        0.414578098794425,
        0.45069390943299864
    ],
    [
        0.9945643082603086,
        0.7288689868556626,
        0.82915619758885,
        0.6614378277661477,
        0.6373774391990981,
        0.5590169943749475,
        0.7905694150420949,
        0.6614378277661477,
        0.5863019699779287,
        0.5863019699779287,
        1.0077822185373186,
        0.5448623679425842,
        1.165922381636102,
        0.5,
        0.739509972887452,
        0.5448623679425842,
        0.5590169943749475,
        0.75,
        0.5348206832811406,
        0.5863019699779287,
        0.6387379048648288,
        0.57282196186948,
        0.5863019699779287,
        0.0,
        0.673145600891813,
        0.7603453162872774,
        0.625,
        0.5590169943749475,
        0.649519052838329,
        0.57282196186948,
        0.6508541396588879,
        0.6373774391990981,
        0.5863019699779287,
        0.5863019699779287,
        0.7071067811865476,
        0.6614378277661477,
        0.8569568250501305,
        0.5448623679425842,
        0.6972166887783964,
        0.625,
        0.5153882032022076,
        0.5303300858899106,
        0.739509972887452,
        0.7180703308172536,
        0.5303300858899106,
        0.6123724356957945,
        0.5153882032022076,
        0.649519052838329,
        0.5994789404140899,
        0.81967981553775
    ],
    [
        0.576981943621554,
        0.8660254037844386,
        0.414578098794425,
        0.25,
        0.649519052838329,
        0.57282196186948,
        0.30618621784789724,
        0.25,
        0.7603453162872774,
        0.57282196186948,
        0.5448623679425842,
        0.5,
        1.0680004681646913,
        0.4330127018922193,
        0.7905694150420949,
        0.5,
        0.5153882032022076,
        0.8838834764831844,
        0.6162654973834785,
        0.5,
        0.5877806658194119,
        0.3535533905932738,
        0.33071891388307384,
        0.673145600891813,
        0.0,
        0.9519716382329886,
        0.21650635094610965,
        0.6123724356957945,
        0.30618621784789724,
        0.5448623679425842,
        0.6137883276106765,
        0.375,
        0.673145600891813,
        0.5863019699779287,
        0.125,
        0.8003905296791061,
        0.9762812094883317,
        0.5863019699779287,
        0.7716774657271723,
        0.7180703308172536,
        0.5863019699779287,
        0.4841229182759271,
        0.7905694150420949,
        0.9100137361600648,
        0.649519052838329,
        0.3535533905932738,
        0.4330127018922193,
        0.1767766952966369,
        0.5153882032022076,
        0.3535533905932738
    ],
    [
        1.1545164196603295,
        0.8660254037844386,
        1.015504800579495,
        0.9437293044088437,
        0.8477912478906585,
        0.739509972887452,
        1.0307764064044151,
        0.9185586535436918,
        0.7905694150420949,
        0.8003905296791061,
        1.3287682265918312,
        0.8660254037844386,
        1.352081728298996,
        0.8100925873009825,
        0.9100137361600648,
        0.8660254037844386,
        0.8838834764831844,
        0.9437293044088437,
        0.8320355540872675,
        0.8926785535678563,
        0.8579691784155834,
        0.7905694150420949,
        0.8660254037844386,
        0.7603453162872774,
        0.9519716382329886,
        0.0,
        0.9354143466934853,
        0.8660254037844386,
        0.9270248108869579,
        0.8477912478906585,
        0.8670271686118671,
        0.81967981553775,
        0.7603453162872774,
        0.7603453162872774,
        0.9682458365518543,
        0.649519052838329,
        0.9437293044088437,
        0.770551750371122,
        0.9023503261544882,
        0.8569568250501305,
        0.8569568250501305,
        0.82915619758885,
        0.8385254915624212,
        0.9842509842514764,
        0.7288689868556626,
        0.9354143466934853,
        0.8569568250501305,
        0.9354143466934853,
        0.9100137361600648,
        1.0606601717798212
    ],
    [
        0.48903799777246976,
        0.8477912478906585,
        0.375,
        0.21650635094610965,
        0.5994789404140899,
        0.5590169943749475,
        0.30618621784789724,
        0.21650635094610965,
        0.75,
        0.5448623679425842,
        0.45069390943299864,
        0.4330127018922193,
        1.0606601717798212,
        0.4330127018922193,
        0.770551750371122,
        0.5,
        0.5,
        0.8385254915624212,
        0.576981943621554,
        0.5,
        0.5605676686280713,
        0.3535533905932738,
        0.2795084971874737,
        0.625,
        0.21650635094610965,
        0.9354143466934853,
        0.0,
        0.6373774391990981,
        0.2795084971874737,
        0.5,
        0.6263873490988712,
        0.3535533905932738,
        0.6373774391990981,
        0.6123724356957945,
        0.1767766952966369,
        0.7603453162872774,
        0.9842509842514764,
        0.5448623679425842,
        0.7614861201040444,
        0.6846531968814576,
        0.5863019699779287,
        0.45069390943299864,
        0.770551750371122,
        0.8660254037844386,
        0.625,
        0.33071891388307384,
        0.3535533905932738,
        0.125,
        0.4330127018922193,
        0.33071891388307384
    ],
    [
        0.9626308551388253,
        0.649519052838329,
        0.739509972887452,
        0.5863019699779287,
        0.649519052838329,
        0.5303300858899106,
        0.7071067811865476,
        0.6123724356957945,
        0.6846531968814576,
        0.5448623679425842,
        0.9437293044088437,
        0.5994789404140899,
        1.1319231422671772,
        0.4841229182759271,
        0.5994789404140899,
        0.4330127018922193,
        0.45069390943299864,
        0.75,
        0.5632789391281252,
        0.5863019699779287,
        0.6972166887783964,
        0.57282196186948,
        0.5863019699779287,
        0.5590169943749475,
        0.6123724356957945,
        0.8660254037844386,
        0.6373774391990981,
        0.0,
        0.649519052838329,
        0.5448623679425842,
        0.6009252125773316,
        0.649519052838329,
        0.5590169943749475,
        0.625,
        0.649519052838329,
        0.7071067811865476,
        0.9185586535436918,
        0.39528470752104744,
        0.6972166887783964,
        0.5448623679425842,
        0.5153882032022076,
        0.5,
        0.6959705453537527,
        0.7071067811865476,
        0.4841229182759271,
        0.57282196186948,
        0.5590169943749475,
        0.625,
        0.57282196186948,
        0.7180703308172536
    ],
    [
        0.590366973386305,
        0.8569568250501305,
        0.45069390943299864,
        0.30618621784789724,
        0.6373774391990981,
        0.5863019699779287,
        0.375,
        0.30618621784789724,
        0.739509972887452,
        0.57282196186948,
        0.5590169943749475,
        0.414578098794425,
        1.0825317547305484,
        0.414578098794425,
        0.7905694150420949,
        0.5153882032022076,
        0.5448623679425842,
        0.875,
        0.6162654973834785,
        0.5,
        0.6137883276106765,
        0.3535533905932738,
        0.30618621784789724,
        0.649519052838329,
        0.30618621784789724,
        0.9270248108869579,
        0.2795084971874737,
        0.649519052838329,
        0.0,
        0.5153882032022076,
        0.5743353646704259,
        0.4330127018922193,
        0.6614378277661477,
        0.5448623679425842,
        0.2795084971874737,
        0.770551750371122,
        0.9437293044088437,
        0.57282196186948,
        0.7716774657271723,
        0.7180703308172536,
        0.5590169943749475,
        0.46770717334674267,
        0.75,
        0.9013878188659973,
        0.5994789404140899,
        0.39528470752104744,
        0.39528470752104744,
        0.25,
        0.5153882032022076,
        0.39528470752104744
    ],
    [
        0.8777289805317505,
        0.75,
        0.6959705453537527,
        0.45069390943299864,
        0.46770717334674267,
        0.57282196186948,
        0.625,
        0.4841229182759271,
        0.6959705453537527,
        0.5,
        0.8569568250501305,
        0.5303300858899106,
        1.0825317547305484,
        0.39528470752104744,
        0.673145600891813,
        0.4841229182759271,
        0.4330127018922193,
        0.770551750371122,
        0.576981943621554,
        0.46770717334674267,
        0.5464532103585001,
        0.414578098794425,
        0.4330127018922193,
        0.57282196186948,
        0.5448623679425842,
        0.8477912478906585,
        0.5,
        0.5448623679425842,
        0.5153882032022076,
        0.0,
        0.5319643889501544,
        0.46770717334674267,
        0.5303300858899106,
        0.5590169943749475,
        0.5303300858899106,
        0.7071067811865476,
        0.8660254037844386,
        0.5303300858899106,
        0.7192781875680029,
        0.5994789404140899,
        0.57282196186948,
        0.4841229182759271,
        0.625,
        0.75,
        0.5303300858899106,
        0.4330127018922193,
        0.45069390943299864,
        0.5153882032022076,
        0.414578098794425,
        0.6614378277661477
    ],
    [
        0.8598873060688371,
        0.8014743359029727,
        0.7716774657271723,
