[
    [
        0.0,
        1.5258194519667128,
        0.625,
        0.8569568250501305,
        1.1524430571616109,
        0.9354143466934853,
        0.9762812094883317,
        1.334634781503914,
        1.243734296383275,
        1.346291201783626,
        0.6650437303405741,
        1.3287682265918312,
        1.1792476415070754,
        1.1771257366993553,
        1.7633419974582356,
        1.14564392373896,
        1.489546910976623,
        1.5512092057488571,
        1.0680004681646913,
        0.8926785535678563,
        1.3352850299135055,
        1.25,
        0.8457409637576849,
        1.5811388300841898,
        1.5816877413418589,
        1.015504800579495,
        0.770551750371122,
        1.1141451630934116,
        1.3418736900319643,
        0.8819171036881969,
        1.0086432030758503,
        0.82915619758885,
        0.9270248108869579,
        1.015504800579495,
        0.8660254037844386,
        1.1087718430768343,
        0.7905694150420949,
        1.3110110602126894,
        1.0231690964840563,
        1.1388041973930374,
        0.9745012969605417,
        0.9762812094883317,
        0.7806247497997998,
        0.9921567416492215,
        1.1110243021644486,
        1.0540925533894598,
        0.7660776723022281,
        1.0,
        0.9270248108869579,
        0.7603453162872774
    ],
    [
        1.5258194519667128,
        0.0,
        1.352081728298996,
        1.2686114456365274,
        1.1319231422671772,
        1.231107225224513,
        1.357847561400027,
        1.125,
        1.1858541225631423,
        1.192424001771182,
        1.3179248917932171,
        1.1792476415070754,
        1.118033988749895,
        0.972111104761179,
        1.1989578808281798,
        1.159202311936963,
        1.2119199643540823,
        1.1792476415070754,
        1.1524430571616109,
        1.1858541225631423,
        1.1118053386771942,
        1.103970108290981,
        1.162193806748446,
        1.165922381636102,
        1.16443238437351,
        1.1858541225631423,
        1.3169567191065923,
        1.2104865871944959,
        1.2288205727444508,
        1.1740835669671141,
        1.044163673845139,
        1.243734296383275,
        1.165922381636102,
        1.2119199643540823,
        1.2686114456365274,
        1.0931605554537724,
        1.3287682265918312,
        1.243734296383275,
        1.224744871391589,
        1.2119199643540823,
        1.1486707293408518,
        1.1792476415070754,
        1.192424001771182,
        1.2930100540985752,
        1.1110243021644486,
        1.0516191220103301,
        1.1742018565817378,
        1.1110243021644486,
        1.1319231422671772,
        1.299038105676658
    ],
    [
        0.625,
        1.352081728298996,
        0.0,
        0.8569568250501305,
        0.960143218483576,
        0.9354143466934853,
        0.739509972887452,
        1.0231690964840563,
        1.0458250331675945,
        1.0752906583803283,
        0.8225923433057872,
        1.1524430571616109,
        1.0,
        0.8888194417315589,
        1.4630874888399532,
        0.9100137361600648,
        1.14564392373896,
        1.1989578808281798,
        0.8003905296791061,
        0.8100925873009825,
        1.0466547239233726,
        0.9921567416492215,
        0.7371585838730889,
        1.14564392373896,
        1.125771340508858,
        0.875,
        0.7071067811865476,
        1.1000315652036738,
        0.9209370228196931,
        0.8549285220284663,
        0.8670271686118671,
        0.625,
        0.770551750371122,
        0.7603453162872774,
        0.5994789404140899,
        0.9400797838481583,
        0.649519052838329,
        1.243734296383275,
        0.8926785535678563,
        1.0,
        0.7783975705112252,
        0.9100137361600648,
        0.6959705453537527,
        0.8838834764831844,
        0.9100137361600648,
        0.8670271686118671,
        0.7132671308843553,
        0.9354143466934853,
        0.8838834764831844,
        0.5448623679425842
    ],
    [
        0.8569568250501305,
        1.2686114456365274,
        0.8569568250501305,
        0.0,
        0.9437293044088437,
        0.5590169943749475,
        0.9519716382329886,
        1.231107225224513,
        0.9682458365518543,
        1.0307764064044151,
        0.576981943621554,
        1.0458250331675945,
        0.875,
        0.9055385138137417,
        1.375,
        0.875,
        1.2686114456365274,
        1.1726039399558574,
        0.7071067811865476,
        0.7071067811865476,
        0.952883052169106,
        1.0307764064044151,
        0.5833333333333334,
        1.3110110602126894,
        1.2692955176439846,
        0.7603453162872774,
        0.6123724356957945,
        0.8609990966571595,
        1.16081867662439,
        0.6705615391429617,
        0.8759915017345267,
        0.770551750371122,
        0.6373774391990981,
        0.649519052838329,
        0.6614378277661477,
        0.7854139036202504,
        0.6373774391990981,
        1.1388041973930374,
        0.5863019699779287,
        0.8660254037844386,
        0.7783975705112252,
        0.6123724356957945,
        0.649519052838329,
        0.8003905296791061,
        0.7806247497997998,
        0.8207381501496754,
        0.6319612329882269,
        0.649519052838329,
        0.7071067811865476,
        0.8003905296791061
    ],
    [
        1.1524430571616109,
        1.1319231422671772,
        0.960143218483576,
        0.9437293044088437,
        0.0,
        1.0231690964840563,
        0.9682458365518543,
        0.9437293044088437,
        0.9842509842514764,
        0.9354143466934853,
        1.028608630279619,
        1.0458250331675945,
        0.960143218483576,
        0.94505290857179,
        1.1858541225631423,
        0.8569568250501305,
        1.0606601717798212,
        1.0458250331675945,
        0.9013878188659973,
        0.9682458365518543,
        0.8333333333333334,
        0.8569568250501305,
        0.7949493345141213,
        0.9842509842514764,
        1.0416666666666667,
        1.0383279828647594,
        0.9354143466934853,
        1.0976616560266244,
        0.9390819985496474,
        0.9223309842157773,
        0.8239049972202162,
        0.875,
        0.875,
        0.8569568250501305,
        0.8569568250501305,
        0.9283722313813572,
        0.9270248108869579,
        1.2183492931011204,
        0.9842509842514764,
        1.0,
        0.8426561840065285,
        0.9270248108869579,
        0.875,
        0.9013878188659973,
        0.9100137361600648,
        0.9052317076000179,
        0.8492643875731515,
        0.8926785535678563,
        0.9185586535436918,
        0.9185586535436918
    ],
    [
        0.9354143466934853,
        1.231107225224513,
        0.9354143466934853,
        0.5590169943749475,
        1.0231690964840563,
        0.0,
        1.0825317547305484,
        1.3050383136138188,
        1.0077822185373186,
        1.1319231422671772,
        0.5772582098301647,
        1.1319231422671772,
        0.9354143466934853,
        0.9483538369195329,
        1.4842927608797396,
        0.9762812094883317,
        1.3806701271484076,
        1.3050383136138188,
        0.82915619758885,
        0.7071067811865476,
        1.0905210273585335,
        1.0752906583803283,
        0.6109532624422992,
        1.4306903927824497,
        1.4475793971700175,
        0.81967981553775,
        0.6123724356957945,
        0.8333333333333334,
        1.2389511693363868,
        0.7264831572567789,
        0.9446486707295528,
        0.9100137361600648,
        0.7288689868556626,
        0.8660254037844386,
        0.770551750371122,
        0.8058380730643099,
        0.7288689868556626,
        1.14564392373896,
        0.5448623679425842,
        0.82915619758885,
        0.8364524958285304,
        0.5994789404140899,
        0.649519052838329,
        0.8477912478906585,
        0.9013878188659973,
        0.8579691784155834,
        0.6796138609534094,
        0.649519052838329,
        0.6846531968814576,
        0.8926785535678563
    ],
    [
        0.9762812094883317,
        1.357847561400027,
        0.739509972887452,
        0.9519716382329886,
        0.9682458365518543,
        1.0825317547305484,
        0.0,
        0.9842509842514764,
        0.960143218483576,
        1.2183492931011204,
        0.9945643082603086,
        0.9921567416492215,
        0.9682458365518543,
        1.0292594425119452,
        1.479019945774904,
        0.9921567416492215,
        1.2624381172952597,
        1.192424001771182,
        1.0077822185373186,
        0.9354143466934853,
        0.9930312739844155,
        1.1388041973930374,
        0.9081039465709737,
        1.159202311936963,
        1.0316182002616623,
        1.0458250331675945,
        1.0307764064044151,
        1.2465229418042993,
        0.8314144574157946,
        0.8640183897219884,
        0.8302024518821365,
        0.7806247497997998,
        0.9185586535436918,
        0.9270248108869579,
        0.875,
        1.0139649895336624,
        0.9842509842514764,
        1.4361406616345072,
        1.0,
        1.0897247358851685,
        0.9664511253952668,
        1.015504800579495,
        0.9354143466934853,
        0.9921567416492215,
        0.8569568250501305,
        0.9930312739844155,
        0.9400797838481583,
        1.0680004681646913,
        0.9842509842514764,
        0.6614378277661477
    ],
    [
        1.334634781503914,
        1.125,
        1.0231690964840563,
        1.231107225224513,
        0.9437293044088437,
        1.3050383136138188,
        0.9842509842514764,
        0.0,
        1.0231690964840563,
        1.0968705484240153,
        1.2638265913728925,
        1.165922381636102,
        1.0606601717798212,
        0.9759610647971569,
        1.14564392373896,
        1.0606601717798212,
        1.0606601717798212,
        1.0680004681646913,
        1.0752906583803283,
        1.103970108290981,
        0.8868248605746984,
        0.8385254915624212,
        1.1133657679906157,
        0.9013878188659973,
        1.0180659769058846,
        1.1792476415070754,
        1.192424001771182,
        1.2943520472507555,
        0.8070006195784486,
        1.0483121354507603,
        0.7839536550927825,
        1.0752906583803283,
        1.0752906583803283,
        1.015504800579495,
        1.1388041973930374,
        0.9598176910226235,
        1.2686114456365274,
        1.231107225224513,
        1.25,
        1.231107225224513,
        1.0777097630314636,
        1.2183492931011204,
        1.0532687216470449,
        1.3169567191065923,
        1.0383279828647594,
        0.8740073734751264,
        1.0562315087138805,
        1.2054563451241194,
        1.1319231422671772,
        0.9270248108869579
    ],
    [
        1.243734296383275,
        1.1858541225631423,
        1.0458250331675945,
        0.9682458365518543,
        0.9842509842514764,
        1.0077822185373186,
        0.960143218483576,
        1.0231690964840563,
        0.0,
        1.0077822185373186,
        1.1183191651322268,
        0.9437293044088437,
        0.8838834764831844,
        0.9637167633698192,
        1.224744871391589,
        0.9354143466934853,
        1.159202311936963,
        1.0897247358851685,
        0.9100137361600648,
        0.8660254037844386,
        1.0197698542100349,
        0.9842509842514764,
        0.93355652093367,
        1.1388041973930374,
        1.0573814617041266,
        0.9437293044088437,
        1.0307764064044151,
        1.1953323573150878,
        1.001873245475694,
        0.8498365855987975,
        0.8799463367476198,
        0.9682458365518543,
        0.875,
        0.875,
        1.015504800579495,
        0.9137833441248533,
        1.0680004681646913,
        1.4577379737113252,
        0.9519716382329886,
        1.0307764064044151,
        0.9251501379656049,
        0.9270248108869579,
        0.9100137361600648,
        1.1110243021644486,
        0.9270248108869579,
        0.9195031871130797,
        0.9659839543180828,
        0.9762812094883317,
        0.8660254037844386,
        0.9013878188659973
    ],
    [
        1.346291201783626,
        1.192424001771182,
        1.0752906583803283,
        1.0307764064044151,
        0.9354143466934853,
        1.1319231422671772,
        1.2183492931011204,
        1.0968705484240153,
        1.0077822185373186,
        0.0,
        1.2104719521487377,
        1.0231690964840563,
        0.9921567416492215,
        0.9733961166965894,
        1.1858541225631423,
        0.8569568250501305,
        0.9519716382329886,
        1.0,
        0.960143218483576,
        0.9100137361600648,
        1.016359243137539,
        1.0752906583803283,
        0.9973924336321519,
        1.1858541225631423,
        1.1858541225631423,
        1.0458250331675945,
        1.1110243021644486,
        1.289648961711847,
        1.1197097838279346,
        1.0399986645290569,
        0.9762812094883317,
        0.9437293044088437,
        0.9519716382329886,
        0.8926785535678563,
        0.9921567416492215,
        1.0350120772242226,
        0.9519716382329886,
        1.4361406616345072,
        1.0680004681646913,
        1.0897247358851685,
        0.9664511253952668,
        1.0307764064044151,
        0.9519716382329886,
        1.118033988749895,
        1.0077822185373186,
        1.0614782669047498,
        1.037725879025863,
        1.0825317547305484,
        0.9100137361600648,
        1.103970108290981
    ],
    [
        0.6650437303405741,
        1.3179248917932171,
        0.8225923433057872,
        0.576981943621554,
        1.028608630279619,
        0.5772582098301647,
        0.9945643082603086,
        1.2638265913728925,
        1.1183191651322268,
        1.2104719521487377,
        0.0,
        1.336425517290547,
        1.0276781835670112,
        0.9429247811236815,
        1.5756841727468416,
        1.0596074070819141,
        1.4016435323707432,
        1.4674399824322684,
        0.8190960672271225,
        0.7634842259439982,
        1.145334616267209,
        1.0941052630028851,
        0.5733165734775476,
        1.4649388787138344,
        1.5320531294257453,
        0.8498574310207709,
        0.5351187165632749,
        0.7862101609834103,
        1.2858829254481854,
        0.6735665471384666,
        0.9192141472617124,
        0.8033729913715709,
        0.7107053122190142,
        0.9059750638547016,
        0.7104809380027772,
        0.8761362884382585,
        0.549234160686775,
        0.9923174278178432,
        0.6993984295559336,
        1.0104681679139362,
        0.8390534970876748,
        0.6652834289356128,
        0.5997448437052381,
        0.8507949463979712,
        1.0020705604712998,
        0.8176890379672405,
        0.4711850020134862,
        0.6089783180349976,
        0.7427369408244794,
        0.7427369408244794
    ],
    [
        1.3287682265918312,
        1.1792476415070754,
        1.1524430571616109,
        1.0458250331675945,
        1.0458250331675945,
        1.1319231422671772,
        0.9921567416492215,
        1.165922381636102,
        0.9437293044088437,
        1.0231690964840563,
        1.336425517290547,
        0.0,
        0.9185586535436918,
        0.9591663046625439,
        1.3287682265918312,
        0.9921567416492215,
        1.1110243021644486,
        1.0752906583803283,
        0.9682458365518543,
        0.9682458365518543,
        1.016359243137539,
        1.0606601717798212,
        1.0366546087187274,
        1.243734296383275,
        1.1531960419248373,
        1.0231690964840563,
        1.192424001771182,
        1.3488678380198873,
        1.0697546447667334,
        0.9982623792259117,
        0.9930312739844155,
        1.0,
        0.9519716382329886,
        1.0,
        1.0231690964840563,
        1.0440306508910553,
        1.165922381636102,
        1.479019945774904,
        1.0752906583803283,
        1.0383279828647594,
        1.0366546087187274,
        1.015504800579495,
        1.0231690964840563,
        1.165922381636102,
        0.9100137361600648,
        1.0976616560266244,
        1.107925990308017,
        1.0231690964840563,
        0.9762812094883317,
        1.0752906583803283
    ],
    [
        1.1792476415070754,
        1.118033988749895,
        1.0,
        0.875,
        0.960143218483576,
        0.9354143466934853,
        0.9682458365518543,
        1.0606601717798212,
        0.8838834764831844,
        0.9921567416492215,
        1.0276781835670112,
        0.9185586535436918,
        0.0,
        0.8958236433584459,
        1.2930100540985752,
        0.82915619758885,
        1.118033988749895,
        1.0968705484240153,
        0.8569568250501305,
        0.7603453162872774,
        0.9109671295448103,
        1.0458250331675945,
        0.8057949835755716,
        1.165922381636102,
        1.1531960419248373,
        0.8926785535678563,
        0.9682458365518543,
        1.1486707293408518,
        1.077032961426901,
        0.8549285220284663,
        0.7916666666666667,
        0.960143218483576,
        0.8569568250501305,
        0.9013878188659973,
        0.9921567416492215,
        0.9300537618869137,
        0.9437293044088437,
        1.3863170633011772,
        0.8003905296791061,
        0.9519716382329886,
        0.9081039465709737,
        0.82915619758885,
        0.82915619758885,
        1.0,
        0.8477912478906585,
        0.9363418772601764,
        0.9310612224768037,
        0.8926785535678563,
        0.81967981553775,
        0.8838834764831844
    ],
    [
        1.1771257366993553,
        0.972111104761179,
        0.8888194417315589,
        0.9055385138137417,
        0.94505290857179,
        0.9483538369195329,
        1.0292594425119452,
        0.9759610647971569,
        0.9637167633698192,
        0.9733961166965894,
        0.9429247811236815,
        0.9591663046625439,
        0.8958236433584459,
        0.0,
        1.179512611208545,
        0.8336666000266534,
        1.0594810050208547,
        0.9940447676035522,
        0.7972609359550987,
        0.8261355820929154,
        0.874245706626893,
        0.8993052874302475,
        0.8676676911250195,
        1.1034038245356956,
        1.0815048672002257,
        0.9148087231765993,
        0.9483538369195329,
        1.0286182749472983,
        0.9858372076565177,
        0.8433152171967228,
        0.8470127245535073,
        0.8302860952707808,
        0.8344159634139319,
        0.8609587678861282,
        0.8388980867781259,
        0.7905694150420949,
        0.9493418773023763,
        1.1879604370516723,
        0.9886859966642595,
        1.0274361294017258,
        0.9534658998738351,
        0.8344159634139319,
        0.813557004763649,
        0.9965565713997374,
        0.865303414993839,
        0.8188745664358831,
        0.8291561975888501,
        0.7619875327064085,
        0.8366600265340757,
        0.8951256894984079
    ],
    [
        1.7633419974582356,
        1.1989578808281798,
        1.4630874888399532,
        1.375,
        1.1858541225631423,
        1.4842927608797396,
        1.479019945774904,
        1.14564392373896,
        1.224744871391589,
        1.1858541225631423,
        1.5756841727468416,
        1.3287682265918312,
        1.2930100540985752,
        1.179512611208545,
        0.0,
        1.231107225224513,
        1.1319231422671772,
        1.0680004681646913,
        1.2686114456365274,
        1.2747548783981961,
        1.1696390706348498,
        1.125,
        1.3116730198914328,
        1.1524430571616109,
        1.2090515107122424,
        1.4252192813739224,
        1.5206906325745548,
        1.4403655014536336,
        1.222446317839765,
        1.2936812246883354,
        1.153196041924837,
        1.4142135623730951,
        1.357847561400027,
        1.243734296383275,
        1.4361406616345072,
        1.2502499750049987,
        1.5155444566227676,
        1.4523687548277813,
        1.5103807466993215,
        1.375,
        1.2603736218545145,
        1.4252192813739224,
        1.299038105676658,
        1.4684175155588413,
        1.243734296383275,
        1.2610621625351297,
        1.3860916275629114,
        1.352081728298996,
        1.340475661845451,
        1.4086784586980805
    ],
    [
        1.14564392373896,
        1.159202311936963,
        0.9100137361600648,
        0.875,
        0.8569568250501305,
        0.9762812094883317,
        0.9921567416492215,
        1.0606601717798212,
        0.9354143466934853,
        0.8569568250501305,
        1.0596074070819141,
        0.9921567416492215,
        0.82915619758885,
        0.8336666000266534,
        1.231107225224513,
        0.0,
        1.015504800579495,
        0.9354143466934853,
        0.8003905296791061,
        0.82915619758885,
        0.9363418772601764,
        0.9519716382329886,
        0.8994597143717876,
        1.159202311936963,
        1.016359243137539,
        0.9270248108869579,
        0.9013878188659973,
        1.1953323573150878,
        1.0325938214031691,
        0.8819171036881969,
        0.9195031871130797,
        0.8477912478906585,
        0.770551750371122,
        0.7905694150420949,
        0.8660254037844386,
        0.8429857650043683,
        0.9185586535436918,
        1.340475661845451,
        0.9013878188659973,
        0.9762812094883317,
        0.8640183897219884,
        0.9185586535436918,
        0.7806247497997998,
        0.9762812094883317,
        0.81967981553775,
        1.016359243137539,
        0.9457140159688869,
        0.960143218483576,
        0.8477912478906585,
        0.8660254037844386
    ],
    [
        1.489546910976623,
        1.2119199643540823,
        1.14564392373896,
        1.2686114456365274,
        1.0606601717798212,
        1.3806701271484076,
        1.2624381172952597,
        1.0606601717798212,
        1.159202311936963,
        0.9519716382329886,
        1.4016435323707432,
        1.1110243021644486,
        1.118033988749895,
        1.0594810050208547,
        1.1319231422671772,
        1.015504800579495,
        0.0,
        1.0968705484240153,
        1.1110243021644486,
        1.0680004681646913,
        1.107110854632202,
        1.1110243021644486,
        1.2147816447594375,
        1.1989578808281798,
        1.2465229418042993,
        1.25,
        1.346291201783626,
        1.4148272371958037,
        1.1554220008291343,
        1.2835768167291135,
        1.1141451630934114,
        1.0307764064044151,
        1.14564392373896,
        1.0897247358851685,
        1.1388041973930374,
        1.2364263018878239,
        1.14564392373896,
        1.403121520040228,
        1.2747548783981961,
        1.2562344526401112,
        1.1688966782587948,
        1.1989578808281798,
        1.118033988749895,
        1.25,
        1.118033988749895,
        1.1349865393230196,
        1.2,
        1.2374368670764582,
        1.0532687216470449,
        1.2183492931011204
    ],
    [
        1.5512092057488571,
        1.1792476415070754,
        1.1989578808281798,
        1.1726039399558574,
        1.0458250331675945,
        1.3050383136138188,
        1.192424001771182,
        1.0680004681646913,
        1.0897247358851685,
        1.0,
        1.4674399824322684,
        1.0752906583803283,
        1.0968705484240153,
        0.9940447676035522,
        1.0680004681646913,
        0.9354143466934853,
        1.0968705484240153,
        0.0,
        1.0825317547305484,
        1.103970108290981,
        0.9956502621123767,
        1.0752906583803283,
        1.1349865393230196,
        1.0606601717798212,
        1.0416666666666667,
        1.192424001771182,
        1.3228756555322954,
        1.3527235900623273,
        1.0565273304557719,
        1.1456439237389602,
        1.011221758292633,
        1.1110243021644486,
        1.125,
        1.0606601717798212,
        1.1726039399558574,
        1.0304731922762473,
        1.2686114456365274,
        1.4361406616345072,
        1.2686114456365274,
        1.165922381636102,
        1.0752906583803286,
        1.1524430571616109,
        1.103970108290981,
        1.243734296383275,
        1.0231690964840563,
        1.107110854632202,
        1.2351619327035626,
        1.2374368670764582,
        1.0897247358851685,
        1.1792476415070754
    ],
    [
        1.0680004681646913,
        1.1524430571616109,
        0.8003905296791061,
        0.7071067811865476,
        0.9013878188659973,
        0.82915619758885,
        1.0077822185373186,
        1.0752906583803283,
        0.9100137361600648,
        0.960143218483576,
        0.8190960672271225,
        0.9682458365518543,
        0.8569568250501305,
        0.7972609359550987,
        1.2686114456365274,
        0.8003905296791061,
        1.1110243021644486,
        1.0825317547305484,
        0.0,
        0.75,
        0.93355652093367,
        0.82915619758885,
        0.7476816018719317,
        1.1524430571616109,
        1.0696248044161196,
        0.7180703308172536,
        0.8100925873009825,
        1.0639287779003088,
        1.0440306508910548,
        0.8270597183866336,
        0.7982185025278341,
        0.75,
        0.6846531968814576,
        0.739509972887452,
        0.6959705453537527,
        0.6910137480542626,
        0.770551750371122,
        1.224744871391589,
        0.7180703308172536,
        0.8569568250501305,
        0.8175590362645243,
        0.7071067811865476,
        0.7180703308172536,
        0.9013878188659973,
        0.8003905296791061,
        0.7728015412913086,
        0.725,
        0.75,
        0.7806247497997998,
        0.8569568250501305
    ],
    [
        0.8926785535678563,
        1.1858541225631423,
        0.8100925873009825,
        0.7071067811865476,
        0.9682458365518543,
        0.7071067811865476,
        0.9354143466934853,
        1.103970108290981,
        0.8660254037844386,
        0.9100137361600648,
        0.7634842259439982,
        0.9682458365518543,
        0.7603453162872774,
        0.8261355820929154,
        1.2747548783981961,
        0.82915619758885,
        1.0680004681646913,
        1.103970108290981,
        0.75,
        0.0,
        0.952883052169106,
        1.0,
        0.6468406123441677,
        1.231107225224513,
        1.1531960419248373,
        0.8003905296791061,
        0.739509972887452,
        1.0112217582926333,
        1.0550473923004597,
        0.7156485015549029,
        0.8111634305804911,
        0.7905694150420949,
        0.649519052838329,
        0.7806247497997998,
        0.7180703308172536,
        0.8261355820929154,
        0.7288689868556626,
        1.2183492931011204,
        0.7071067811865476,
        0.9013878188659973,
        0.8270597183866336,
        0.6959705453537527,
        0.6959705453537527,
        0.9185586535436918,
        0.7905694150420949,
        0.8207381501496754,
        0.7454025757937788,
        0.7603453162872774,
        0.6959705453537527,
        0.75
    ],
    [
        1.3352850299135055,
        1.1118053386771942,
        1.0466547239233726,
        0.952883052169106,
        0.8333333333333334,
        1.0905210273585335,
        0.9930312739844155,
        0.8868248605746984,
        1.0197698542100349,
        1.016359243137539,
        1.145334616267209,
        1.016359243137539,
        0.9109671295448103,
        0.874245706626893,
        1.1696390706348498,
        0.9363418772601764,
        1.107110854632202,
        0.9956502621123767,
        0.93355652093367,
        0.952883052169106,
        0.0,
        0.8829008375173788,
        0.9418878796214429,
        1.044163673845139,
        1.015504800579495,
        1.033299730636437,
        1.076097630845413,
        1.1531960419248373,
        0.8685876147196923,
        0.8640183897219884,
        0.75,
        0.9363418772601764,
        0.9195031871130797,
        0.9023503261544882,
        0.9363418772601764,
        0.9508037535568409,
        1.0833333333333333,
        1.2527746981977423,
        1.0905210273585335,
        1.0391636594449938,
        0.9418878796214429,
        0.9771699499632145,
        0.9166666666666666,
        1.076097630845413,
        0.8759915017345267,
        0.8569568250501305,
        0.9318813109928635,
        0.9223309842157773,
        0.9195031871130797,
        0.9930312739844155
    ],
    [
        1.25,
        1.103970108290981,
        0.9921567416492215,
        1.0307764064044151,
        0.8569568250501305,
        1.0752906583803283,
        1.1388041973930374,
        0.8385254915624212,
        0.9842509842514764,
        1.0752906583803283,
        1.0941052630028851,
        1.0606601717798212,
        1.0458250331675945,
        0.8993052874302475,
        1.125,
        0.9519716382329886,
        1.1110243021644486,
        1.0752906583803283,
        0.82915619758885,
        1.0,
        0.8829008375173788,
        0.0,
        0.855943274340589,
        0.9437293044088437,
        0.9592387027684449,
        0.9682458365518543,
        0.960143218483576,
        0.9288957004003314,
        0.8986100377805715,
        0.9753916592266355,
        0.7894706383956841,
        0.9842509842514764,
        0.9354143466934853,
        0.9437293044088437,
        0.9921567416492215,
        0.854766049863938,
        1.0825317547305484,
        1.118033988749895,
        1.0968705484240153,
        1.015504800579495,
        0.9176131477310517,
        1.015504800579495,
        0.875,
        1.0825317547305484,
        1.0077822185373186,
        0.8730136183232068,
        0.9496709956611289,
        0.9519716382329886,
        1.015504800579495,
        0.9682458365518543
    ],
    [
        0.8457409637576849,
        1.162193806748446,
        0.7371585838730889,
        0.5833333333333334,
        0.7949493345141213,
        0.6109532624422992,
        0.9081039465709737,
        1.1133657679906157,
        0.93355652093367,
        0.9973924336321519,
        0.5733165734775476,
        1.0366546087187274,
        0.8057949835755716,
        0.8676676911250195,
        1.3116730198914328,
        0.8994597143717876,
        1.2147816447594375,
        1.1349865393230196,
        0.7476816018719317,
        0.6468406123441677,
        0.9418878796214429,
        0.855943274340589,
        0.0,
        1.1777745020918808,
        1.2169234888758529,
        0.8239049972202163,
        0.6222160217945033,
        0.8003905296791061,
        1.056855924165846,
        0.6123724356957945,
        0.7839536550927825,
        0.7883703303510209,
        0.6947221666888778,
        0.7728015412913087,
        0.6934715407122183,
        0.7472635263264077,
        0.6934715407122183,
        1.0639287779003088,
        0.7156485015549029,
        0.8100925873009825,
        0.6508541396588878,
        0.6346477588219923,
        0.6627489050244527,
        0.7694243880258078,
        0.8079466429027216,
        0.7671646933134153,
        0.6146927868636676,
        0.6305310812675649,
        0.7156485015549029,
        0.7580585582775105
    ],
    [
        1.5811388300841898,
        1.165922381636102,
        1.14564392373896,
        1.3110110602126894,
        0.9842509842514764,
        1.4306903927824497,
        1.159202311936963,
        0.9013878188659973,
        1.1388041973930374,
        1.1858541225631423,
        1.4649388787138344,
        1.243734296383275,
        1.165922381636102,
        1.1034038245356956,
        1.1524430571616109,
        1.159202311936963,
        1.1989578808281798,
        1.0606601717798212,
        1.1524430571616109,
        1.231107225224513,
        1.044163673845139,
        0.9437293044088437,
        1.1777745020918808,
        0.0,
        0.9583333333333334,
        1.2119199643540823,
        1.334634781503914,
        1.299038105676658,
        0.9041570660012562,
        1.2119199643540823,
        0.9816015824491455,
        1.2054563451241194,
        1.2686114456365274,
        1.159202311936963,
        1.2930100540985752,
        1.0674151020104596,
        1.3975424859373686,
        1.3635890143294642,
        1.403121520040228,
        1.2562344526401112,
        1.1388041973930374,
        1.334634781503914,
        1.2183492931011204,
        1.4361406616345072,
        1.165922381636102,
        1.0944937947136413,
        1.2323757543866238,
        1.224744871391589,
        1.299038105676658,
        1.103970108290981
    ],
    [
        1.5816877413418589,
        1.16443238437351,
        1.125771340508858,
        1.2692955176439846,
        1.0416666666666667,
        1.4475793971700175,
        1.0316182002616623,
        1.0180659769058846,
        1.0573814617041266,
        1.1858541225631423,
        1.5320531294257453,
        1.1531960419248373,
        1.1531960419248373,
        1.0815048672002257,
        1.2090515107122424,
        1.016359243137539,
        1.2465229418042993,
        1.0416666666666667,
        1.0696248044161196,
        1.1531960419248373,
        1.015504800579495,
        0.9592387027684449,
        1.2169234888758529,
        0.9583333333333334,
        0.0,
        1.1666666666666667,
        1.2754356554178305,
        1.4690085469836829,
        0.9543031197918429,
        1.1777745020918808,
        1.0274023338281626,
        1.076097630845413,
        1.1666666666666667,
        1.042499666933067,
        1.1395661942647786,
        1.066959595194578,
        1.3527235900623273,
        1.486630231242606,
        1.3176156917368247,
        1.2254534308210618,
        1.0809268142560706,
        1.2381381631753021,
        1.2233265213252664,
        1.3057033013326997,
        1.1118053386771944,
        1.0889278621143317,
        1.281708928648692,
        1.3017082793177757,
        1.2444320435890066,
        1.0614782669047498
    ],
    [
        1.015504800579495,
        1.1858541225631423,
        0.875,
        0.7603453162872774,
        1.0383279828647594,
        0.81967981553775,
        1.0458250331675945,
        1.1792476415070754,
        0.9437293044088437,
        1.0458250331675945,
        0.8498574310207709,
        1.0231690964840563,
        0.8926785535678563,
        0.9148087231765993,
        1.4252192813739224,
        0.9270248108869579,
        1.25,
        1.192424001771182,
        0.7180703308172536,
        0.8003905296791061,
        1.033299730636437,
        0.9682458365518543,
        0.8239049972202163,
        1.2119199643540823,
        1.1666666666666667,
        0.0,
        0.8100925873009825,
        0.9718253158075502,
        1.0776131031126155,
        0.7264831572567789,
        0.8955910525085283,
        0.8660254037844386,
        0.739509972887452,
        0.8100925873009825,
        0.8003905296791061,
        0.6910137480542626,
        0.739509972887452,
        1.2808688457449497,
        0.770551750371122,
        0.8100925873009825,
        0.7938566201357354,
        0.8003905296791061,
        0.7071067811865476,
        0.9270248108869579,
        0.9185586535436918,
        0.8498365855987975,
        0.8242420760917268,
        0.875,
        0.739509972887452,
        0.8926785535678563
    ],
    [
        0.770551750371122,
        1.3169567191065923,
        0.7071067811865476,
        0.6123724356957945,
        0.9354143466934853,
        0.6123724356957945,
        1.0307764064044151,
        1.192424001771182,
        1.0307764064044151,
        1.1110243021644486,
        0.5351187165632749,
        1.192424001771182,
        0.9682458365518543,
        0.9483538369195329,
        1.5206906325745548,
        0.9013878188659973,
        1.346291201783626,
        1.3228756555322954,
        0.8100925873009825,
        0.739509972887452,
        1.076097630845413,
        0.960143218483576,
        0.6222160217945033,
        1.334634781503914,
        1.2754356554178305,
        0.8100925873009825,
        0.0,
        0.9138213416442212,
        1.1742018565817378,
        0.6821127309893709,
        0.8759915017345267,
        0.770551750371122,
        0.673145600891813,
        0.75,
        0.5994789404140899,
        0.7762087348130012,
        0.7071067811865476,
        1.165922381636102,
        0.6614378277661477,
        0.8569568250501305,
        0.7476816018719317,
        0.649519052838329,
        0.6123724356957945,
        0.7905694150420949,
        0.9270248108869579,
        0.8111634305804911,
        0.6067330549755798,
        0.7180703308172536,
        0.7288689868556626,
        0.6846531968814576
    ],
    [
        1.1141451630934116,
        1.2104865871944959,
        1.1000315652036738,
        0.8609990966571595,
        1.0976616560266244,
        0.8333333333333334,
        1.2465229418042993,
        1.2943520472507555,
        1.1953323573150878,
        1.289648961711847,
        0.7862101609834103,
        1.3488678380198873,
        1.1486707293408518,
        1.0286182749472983,
        1.4403655014536336,
        1.1953323573150878,
        1.4148272371958037,
        1.3527235900623273,
        1.0639287779003088,
        1.0112217582926333,
        1.1531960419248373,
        0.9288957004003314,
        0.8003905296791061,
        1.299038105676658,
        1.4690085469836829,
        0.9718253158075502,
        0.9138213416442212,
        0.0,
        1.2218781081233558,
        0.82915619758885,
        0.9109671295448103,
        1.0929064207170003,
        0.9877724659274749,
        1.0265570828962434,
        1.0416666666666667,
        0.8264717512144959,
        0.9718253158075502,
        0.6508541396588878,
        0.8609990966571595,
        1.003466214899358,
        0.875,
        0.9223309842157773,
        0.8270597183866337,
        1.0491398593345145,
        1.1141451630934116,
        0.927960727138337,
        0.8654639089978148,
        0.7716774657271723,
        0.9877724659274749,
        1.0857345183996154
    ],
    [
        1.3418736900319643,
        1.2288205727444508,
        0.9209370228196931,
        1.16081867662439,
        0.9390819985496474,
        1.2389511693363868,
        0.8314144574157946,
        0.8070006195784486,
        1.001873245475694,
        1.1197097838279346,
        1.2858829254481854,
        1.0697546447667334,
        1.077032961426901,
        0.9858372076565177,
        1.222446317839765,
        1.0325938214031691,
        1.1554220008291343,
        1.0565273304557719,
        1.0440306508910548,
        1.0550473923004597,
        0.8685876147196923,
        0.8986100377805715,
        1.056855924165846,
        0.9041570660012562,
        0.9543031197918429,
        1.0776131031126155,
        1.1742018565817378,
        1.2218781081233558,
        0.0,
        1.0037775871399224,
        0.8775360074916838,
        0.9034655499796326,
        1.077032961426901,
        0.9620940702446928,
        1.0173494974687902,
        1.0096410253154338,
        1.1472793905583767,
        1.2313610356024751,
        1.2134661099511597,
        1.1335784048754634,
        0.9394516722239865,
        1.1808365678619543,
        0.998749217771909,
        1.2452409405412272,
        1.0697546447667334,
        0.9377869931090133,
        1.019803902718557,
        1.1280514172678477,
        1.0476163419878481,
        0.9701803955966127
    ],
    [
        0.8819171036881969,
        1.1740835669671141,
        0.8549285220284663,
        0.6705615391429617,
        0.9223309842157773,
        0.7264831572567789,
        0.8640183897219884,
        1.0483121354507603,
        0.8498365855987975,
        1.0399986645290569,
        0.6735665471384666,
        0.9982623792259117,
        0.8549285220284663,
        0.8433152171967228,
        1.2936812246883354,
        0.8819171036881969,
        1.2835768167291135,
        1.1456439237389602,
