[
    [
        0.0,
        1.0290907529357056,
        0.649519052838329,
        0.625,
        0.8660254037844386,
        0.75,
        0.6123724356957945,
        0.75,
        0.8385254915624212,
        1.2747548783981961,
        0.6993984295559336,
        0.8838834764831844,
        0.9682458365518543,
        0.9807522622966516,
        1.25,
        0.6373774391990981,
        0.9519716382329886,
        0.9519716382329886,
        0.9682458365518543,
        0.875,
        0.8838834764831844,
        1.0077822185373186,
        0.8100925873009825,
        0.9519716382329886,
        0.8569568250501305,
        0.8569568250501305,
        0.7806247497997998,
        0.7288689868556626,
        0.649519052838329,
        0.4841229182759271,
        0.7180703308172536,
        0.81967981553775,
        1.0680004681646913,
        0.6846531968814576,
        0.4330127018922193,
        0.9100137361600648,
        0.8385254915624212,
        0.960143218483576,
        0.6373774391990981,
        0.6373774391990981,
        0.7180703308172536,
        0.770551750371122,
        0.770551750371122,
        0.8385254915624212,
        0.9062284480195929,
        0.57282196186948,
        0.739509972887452,
        0.6959705453537527,
        0.8003905296791061,
        0.21650635094610965
    ],
    [
        1.0290907529357056,
        0.0,
        0.8769818824937162,
        0.6468406123441677,
        0.6627489050244527,
        0.5559026693385972,
        0.7580585582775105,
        0.5965758776365148,
        0.5697830971323893,
        0.8270597183866336,
        0.5867852191594777,
        0.5697830971323893,
        0.4965156369922077,
        0.5737909995034003,
        0.6884463184107628,
        0.6222160217945033,
        0.5743353646704259,
        0.5833333333333334,
        0.6468406123441677,
        0.6052432935972479,
        0.6222160217945033,
        0.6627489050244528,
        0.6346477588219923,
        0.6508541396588879,
        0.7156485015549029,
        0.5833333333333334,
        0.6468406123441677,
        0.5697830971323893,
        0.7264831572567789,
        0.7046472718869902,
        0.6095307849303248,
        0.7614861201040444,
        0.7264831572567789,
        0.6222160217945033,
        0.8014743359029727,
        0.6222160217945033,
        0.6588078458684123,
        0.6222160217945033,
        0.6821127309893709,
        0.5559026693385972,
        0.6095307849303248,
        0.5833333333333334,
        0.5697830971323893,
        0.5416666666666666,
        0.6018490028422596,
        0.6346477588219923,
        0.6588078458684123,
        0.6095307849303248,
        0.5416666666666666,
        0.9418878796214429
    ],
    [
        0.649519052838329,
        0.8769818824937162,
        0.0,
        0.6846531968814576,
        0.673145600891813,
        0.7905694150420949,
        0.6373774391990981,
        0.739509972887452,
        0.8477912478906585,
        1.1110243021644486,
        0.6514798695340964,
        0.8660254037844386,
        0.875,
        0.8077747210701757,
        1.165922381636102,
        0.7071067811865476,
        0.75,
        0.875,
        0.9437293044088437,
        0.625,
        0.7603453162872774,
        0.6123724356957945,
        0.7180703308172536,
        0.5863019699779287,
        0.8569568250501305,
        0.8477912478906585,
        0.81967981553775,
        0.8100925873009825,
        0.6614378277661477,
        0.625,
        0.7288689868556626,
        0.5590169943749475,
        1.0458250331675945,
        0.770551750371122,
        0.414578098794425,
        0.8569568250501305,
        0.8100925873009825,
        0.82915619758885,
        0.7071067811865476,
        0.739509972887452,
        0.7806247497997998,
        0.82915619758885,
        0.7806247497997998,
        0.82915619758885,
        0.7782191208136691,
        0.7288689868556626,
        0.770551750371122,
        0.7180703308172536,
        0.7806247497997998,
        0.625
    ],
    [
        0.625,
        0.6468406123441677,
        0.6846531968814576,
        0.0,
        0.4841229182759271,
        0.414578098794425,
        0.39528470752104744,
        0.375,
        0.4841229182759271,
        0.7905694150420949,
        0.401289375968647,
        0.5303300858899106,
        0.5448623679425842,
        0.6067330549755798,
        0.9437293044088437,
        0.30618621784789724,
        0.5,
        0.6123724356957945,
        0.6123724356957945,
        0.4841229182759271,
        0.5153882032022076,
        0.7180703308172536,
        0.39528470752104744,
        0.673145600891813,
        0.5994789404140899,
        0.5303300858899106,
        0.4330127018922193,
        0.375,
        0.5,
        0.3535533905932738,
        0.45069390943299864,
        0.6373774391990981,
        0.8477912478906585,
        0.2795084971874737,
        0.46770717334674267,
        0.5863019699779287,
        0.5303300858899106,
        0.5448623679425842,
        0.375,
        0.4330127018922193,
        0.414578098794425,
        0.6959705453537527,
        0.5153882032022076,
        0.414578098794425,
        0.6194755846681933,
        0.125,
        0.30618621784789724,
        0.30618621784789724,
        0.45069390943299864,
        0.5153882032022076
    ],
    [
        0.8660254037844386,
        0.6627489050244527,
        0.673145600891813,
        0.4841229182759271,
        0.0,
        0.57282196186948,
        0.5448623679425842,
        0.45069390943299864,
        0.5863019699779287,
        0.7180703308172536,
        0.5593021344059224,
        0.625,
        0.625,
        0.55,
        0.8569568250501305,
        0.46770717334674267,
        0.5448623679425842,
        0.5994789404140899,
        0.673145600891813,
        0.5448623679425842,
        0.5303300858899106,
        0.5863019699779287,
        0.5153882032022076,
        0.649519052838329,
        0.5448623679425842,
        0.5863019699779287,
        0.5448623679425842,
        0.5863019699779287,
        0.5,
        0.5448623679425842,
        0.45069390943299864,
        0.6123724356957945,
        0.5994789404140899,
        0.5153882032022076,
        0.5863019699779287,
        0.5863019699779287,
        0.4841229182759271,
        0.5448623679425842,
        0.45069390943299864,
        0.5303300858899106,
        0.4841229182759271,
        0.57282196186948,
        0.5448623679425842,
        0.5863019699779287,
        0.6169481339626532,
        0.5153882032022076,
        0.5590169943749475,
        0.5153882032022076,
        0.4841229182759271,
        0.7071067811865476
    ],
    [
        0.75,
        0.5559026693385972,
        0.7905694150420949,
        0.414578098794425,
        0.57282196186948,
        0.0,
        0.5153882032022076,
        0.375,
        0.39528470752104744,
        0.7603453162872774,
        0.401289375968647,
        0.39528470752104744,
        0.46770717334674267,
        0.5667892024377317,
        0.8003905296791061,
        0.39528470752104744,
        0.4330127018922193,
        0.4841229182759271,
        0.6123724356957945,
        0.46770717334674267,
        0.39528470752104744,
        0.6846531968814576,
        0.45069390943299864,
        0.5863019699779287,
        0.4841229182759271,
        0.4330127018922193,
        0.5,
        0.25,
        0.5303300858899106,
        0.46770717334674267,
        0.39528470752104744,
        0.739509972887452,
        0.673145600891813,
        0.39528470752104744,
        0.5994789404140899,
        0.5,
        0.45069390943299864,
        0.4841229182759271,
        0.45069390943299864,
        0.25,
        0.46770717334674267,
        0.414578098794425,
        0.4841229182759271,
        0.39528470752104744,
        0.4930770730829005,
        0.39528470752104744,
        0.45069390943299864,
        0.375,
        0.3535533905932738,
        0.673145600891813
    ],
    [
        0.6123724356957945,
        0.7580585582775105,
        0.6373774391990981,
        0.39528470752104744,
        0.5448623679425842,
        0.5153882032022076,
        0.0,
        0.4330127018922193,
        0.5448623679425842,
        0.81967981553775,
        0.48903799777246976,
        0.5863019699779287,
        0.6123724356957945,
        0.6562202374203343,
        1.0,
        0.375,
        0.6123724356957945,
        0.6123724356957945,
        0.7180703308172536,
        0.57282196186948,
        0.57282196186948,
        0.75,
        0.414578098794425,
        0.7180703308172536,
        0.649519052838329,
        0.6123724356957945,
        0.46770717334674267,
        0.4841229182759271,
        0.375,
        0.2795084971874737,
        0.414578098794425,
        0.649519052838329,
        0.7806247497997998,
        0.46770717334674267,
        0.33071891388307384,
        0.625,
        0.5590169943749475,
        0.57282196186948,
        0.4330127018922193,
        0.5,
        0.4330127018922193,
        0.625,
        0.5448623679425842,
        0.5303300858899106,
        0.6910137480542626,
        0.375,
        0.4330127018922193,
        0.4330127018922193,
        0.5448623679425842,
        0.4330127018922193
    ],
    [
        0.75,
        0.5965758776365148,
        0.739509972887452,
        0.375,
        0.45069390943299864,
        0.375,
        0.4330127018922193,
        0.0,
        0.46770717334674267,
        0.7288689868556626,
        0.4559694762429895,
        0.4841229182759271,
        0.57282196186948,
        0.5385164807134504,
        0.8385254915624212,
        0.30618621784789724,
        0.4841229182759271,
        0.5,
        0.6123724356957945,
        0.5,
        0.4841229182759271,
        0.6373774391990981,
        0.39528470752104744,
        0.649519052838329,
        0.4841229182759271,
        0.45069390943299864,
        0.4841229182759271,
        0.414578098794425,
        0.46770717334674267,
        0.414578098794425,
        0.39528470752104744,
        0.6373774391990981,
        0.6846531968814576,
        0.375,
        0.5448623679425842,
        0.46770717334674267,
        0.46770717334674267,
        0.4330127018922193,
        0.375,
        0.414578098794425,
        0.414578098794425,
        0.5153882032022076,
        0.4841229182759271,
        0.4330127018922193,
        0.580409338312195,
        0.33071891388307384,
        0.414578098794425,
        0.39528470752104744,
        0.39528470752104744,
        0.673145600891813
    ],
    [
        0.8385254915624212,
        0.5697830971323893,
        0.8477912478906585,
        0.4841229182759271,
        0.5863019699779287,
        0.39528470752104744,
        0.5448623679425842,
        0.46770717334674267,
        0.0,
        0.7288689868556626,
        0.401289375968647,
        0.5,
        0.4330127018922193,
        0.6319612329882269,
        0.81967981553775,
        0.45069390943299864,
        0.5303300858899106,
        0.5153882032022076,
        0.5590169943749475,
        0.57282196186948,
        0.5,
        0.7180703308172536,
        0.46770717334674267,
        0.6373774391990981,
        0.5863019699779287,
        0.46770717334674267,
        0.45069390943299864,
        0.414578098794425,
        0.5448623679425842,
        0.4841229182759271,
        0.4330127018922193,
        0.6959705453537527,
        0.6123724356957945,
        0.45069390943299864,
        0.649519052838329,
        0.4841229182759271,
        0.46770717334674267,
        0.5153882032022076,
        0.46770717334674267,
        0.414578098794425,
        0.414578098794425,
        0.5,
        0.414578098794425,
        0.3535533905932738,
        0.5238081709939241,
        0.46770717334674267,
        0.46770717334674267,
        0.414578098794425,
        0.414578098794425,
        0.7288689868556626
    ],
    [
        1.2747548783981961,
        0.8270597183866336,
        1.1110243021644486,
        0.7905694150420949,
        0.7180703308172536,
        0.7603453162872774,
        0.81967981553775,
        0.7288689868556626,
        0.7288689868556626,
        0.0,
        0.820068750228931,
        0.649519052838329,
        0.75,
        0.6910137480542626,
        0.8926785535678563,
        0.7806247497997998,
        0.739509972887452,
        0.6959705453537527,
        0.81967981553775,
        0.7071067811865476,
        0.7603453162872774,
        0.8660254037844386,
        0.7806247497997998,
        0.9100137361600648,
        0.7806247497997998,
        0.75,
        0.8569568250501305,
        0.7905694150420949,
        0.8100925873009825,
        0.8838834764831844,
        0.7288689868556626,
        0.8926785535678563,
        0.7806247497997998,
        0.7905694150420949,
        0.9437293044088437,
        0.673145600891813,
        0.739509972887452,
        0.7905694150420949,
        0.8100925873009825,
        0.8569568250501305,
        0.7288689868556626,
        0.7806247497997998,
        0.81967981553775,
        0.673145600891813,
        0.7750000000000001,
        0.8569568250501305,
        0.7806247497997998,
        0.81967981553775,
        0.75,
        1.1524430571616109
    ],
    [
        0.6993984295559336,
        0.5867852191594777,
        0.6514798695340964,
        0.401289375968647,
        0.5593021344059224,
        0.401289375968647,
        0.48903799777246976,
        0.4559694762429895,
        0.401289375968647,
        0.820068750228931,
        0.0,
        0.5200078492343227,
        0.5200078492343227,
        0.5619299832919125,
        0.8687825753692958,
        0.401289375968647,
        0.43338075355398564,
        0.6034551874541357,
        0.5632789391281252,
        0.39000588692574206,
        0.48903799777246976,
        0.614451804788759,
        0.4385010413503099,
        0.5178571428571428,
        0.5348206832811406,
        0.4727929391026331,
        0.4385010413503099,
        0.3378729987218661,
        0.5047605008965204,
        0.4385010413503099,
        0.4385010413503099,
        0.614451804788759,
        0.7321428571428572,
        0.3602543036041431,
        0.5451549115169195,
        0.43374849291039713,
        0.5200078492343227,
        0.4559694762429895,
        0.48903799777246976,
        0.3813242232868326,
        0.4385010413503099,
        0.5348206832811406,
        0.4385010413503099,
        0.401289375968647,
        0.5032547129659581,
        0.3813242232868326,
        0.4385010413503099,
        0.3378729987218661,
        0.4203072248549936,
        0.6162654973834785
    ],
    [
        0.8838834764831844,
        0.5697830971323893,
        0.8660254037844386,
        0.5303300858899106,
        0.625,
        0.39528470752104744,
        0.5863019699779287,
        0.4841229182759271,
        0.5,
        0.649519052838329,
        0.5200078492343227,
        0.0,
        0.5303300858899106,
        0.5385164807134504,
        0.7603453162872774,
        0.5,
        0.5153882032022076,
        0.5448623679425842,
        0.6123724356957945,
        0.5590169943749475,
        0.5,
        0.7288689868556626,
        0.5448623679425842,
        0.6846531968814576,
        0.5448623679425842,
        0.4330127018922193,
        0.5153882032022076,
        0.45069390943299864,
        0.5590169943749475,
        0.57282196186948,
        0.5,
        0.7603453162872774,
        0.7288689868556626,
        0.46770717334674267,
        0.6959705453537527,
        0.45069390943299864,
        0.5153882032022076,
        0.5303300858899106,
        0.5303300858899106,
        0.46770717334674267,
        0.5153882032022076,
        0.5153882032022076,
        0.5303300858899106,
        0.39528470752104744,
        0.47696960070847283,
        0.5303300858899106,
        0.5153882032022076,
        0.45069390943299864,
        0.4330127018922193,
        0.8100925873009825
    ],
    [
        0.9682458365518543,
        0.4965156369922077,
        0.875,
        0.5448623679425842,
        0.625,
        0.46770717334674267,
        0.6123724356957945,
        0.57282196186948,
        0.4330127018922193,
        0.75,
        0.5200078492343227,
        0.5303300858899106,
        0.0,
        0.5667892024377317,
        0.770551750371122,
        0.5590169943749475,
        0.5303300858899106,
        0.5,
        0.5448623679425842,
        0.57282196186948,
        0.5448623679425842,
        0.739509972887452,
        0.5590169943749475,
        0.7180703308172536,
        0.625,
        0.57282196186948,
        0.5448623679425842,
        0.4841229182759271,
        0.649519052838329,
        0.5590169943749475,
        0.5,
        0.7603453162872774,
        0.673145600891813,
        0.4841229182759271,
        0.6959705453537527,
        0.5590169943749475,
        0.5994789404140899,
        0.5863019699779287,
        0.5863019699779287,
        0.46770717334674267,
        0.5,
        0.6123724356957945,
        0.5153882032022076,
        0.45069390943299864,
        0.6319612329882269,
        0.5448623679425842,
        0.5153882032022076,
        0.4841229182759271,
        0.5,
        0.82915619758885
    ],
    [
        0.9807522622966516,
        0.5737909995034003,
        0.8077747210701757,
        0.6067330549755798,
        0.55,
        0.5667892024377317,
        0.6562202374203343,
        0.5385164807134504,
        0.6319612329882269,
        0.6910137480542626,
        0.5619299832919125,
        0.5385164807134504,
        0.5667892024377317,
        0.0,
        0.7558108228915488,
        0.5937171043518958,
        0.5640257086339239,
        0.5667892024377317,
        0.6194755846681933,
        0.532681893816563,
        0.6442049363362563,
        0.6219927652312365,
        0.5937171043518958,
        0.6703543838895961,
        0.6319612329882269,
        0.6067330549755798,
        0.5667892024377317,
        0.6067330549755798,
        0.6562202374203343,
        0.6796138609534094,
        0.6319612329882269,
        0.6819090848492928,
        0.7454025757937788,
        0.5385164807134504,
        0.7327175444876423,
        0.5937171043518958,
        0.6067330549755798,
        0.6067330549755798,
        0.6067330549755798,
        0.6067330549755798,
        0.5937171043518958,
        0.6194755846681933,
        0.6647367900154165,
        0.580409338312195,
        0.5208166663999915,
        0.6442049363362563,
        0.6067330549755798,
        0.6067330549755798,
        0.529150262212918,
        0.8888194417315589
    ],
    [
        1.25,
        0.6884463184107628,
        1.165922381636102,
        0.9437293044088437,
        0.8569568250501305,
        0.8003905296791061,
        1.0,
        0.8385254915624212,
        0.81967981553775,
        0.8926785535678563,
        0.8687825753692958,
        0.7603453162872774,
        0.770551750371122,
        0.7558108228915488,
        0.0,
        0.9185586535436918,
        0.81967981553775,
        0.8569568250501305,
        0.8477912478906585,
        0.8385254915624212,
        0.8003905296791061,
        0.960143218483576,
        0.9185586535436918,
        0.9682458365518543,
        0.7806247497997998,
        0.8100925873009825,
        0.9185586535436918,
        0.8660254037844386,
        0.9270248108869579,
        0.9842509842514764,
        0.8569568250501305,
        1.0606601717798212,
        0.8660254037844386,
        0.8569568250501305,
        1.0458250331675945,
        0.82915619758885,
        0.7603453162872774,
        0.8385254915624212,
        0.8660254037844386,
        0.8477912478906585,
        0.9270248108869579,
        0.770551750371122,
        0.9100137361600648,
        0.8385254915624212,
        0.7132671308843553,
        0.9519716382329886,
        0.9013878188659973,
        0.9013878188659973,
        0.8003905296791061,
        1.1989578808281798
    ],
    [
        0.6373774391990981,
        0.6222160217945033,
        0.7071067811865476,
        0.30618621784789724,
        0.46770717334674267,
        0.39528470752104744,
        0.375,
        0.30618621784789724,
        0.45069390943299864,
        0.7806247497997998,
        0.401289375968647,
        0.5,
        0.5590169943749475,
        0.5937171043518958,
        0.9185586535436918,
        0.0,
        0.5,
        0.5303300858899106,
        0.625,
        0.4841229182759271,
        0.4841229182759271,
        0.673145600891813,
        0.30618621784789724,
        0.649519052838329,
        0.5448623679425842,
        0.4841229182759271,
        0.414578098794425,
        0.39528470752104744,
        0.45069390943299864,
        0.3535533905932738,
        0.375,
        0.6373774391990981,
        0.75,
        0.33071891388307384,
        0.4841229182759271,
        0.5153882032022076,
        0.5303300858899106,
        0.46770717334674267,
        0.414578098794425,
        0.414578098794425,
        0.33071891388307384,
        0.6614378277661477,
        0.4841229182759271,
        0.414578098794425,
        0.6319612329882269,
        0.2795084971874737,
        0.33071891388307384,
        0.3535533905932738,
        0.39528470752104744,
        0.5153882032022076
    ],
    [
        0.9519716382329886,
        0.5743353646704259,
        0.75,
        0.5,
        0.5448623679425842,
        0.4330127018922193,
        0.6123724356957945,
        0.4841229182759271,
        0.5303300858899106,
        0.739509972887452,
        0.43338075355398564,
        0.5153882032022076,
        0.5303300858899106,
        0.5640257086339239,
        0.81967981553775,
        0.5,
        0.0,
        0.5994789404140899,
        0.6373774391990981,
        0.375,
        0.4841229182759271,
        0.6373774391990981,
        0.5153882032022076,
        0.5590169943749475,
        0.57282196186948,
        0.5,
        0.57282196186948,
        0.45069390943299864,
        0.5863019699779287,
        0.5590169943749475,
        0.45069390943299864,
        0.649519052838329,
        0.7288689868556626,
        0.5303300858899106,
        0.6373774391990981,
        0.5303300858899106,
        0.5303300858899106,
        0.57282196186948,
        0.5153882032022076,
        0.375,
        0.5448623679425842,
        0.5448623679425842,
        0.5153882032022076,
        0.4841229182759271,
        0.5356071321407138,
        0.5,
        0.5448623679425842,
        0.4841229182759271,
        0.46770717334674267,
        0.770551750371122
    ],
    [
        0.9519716382329886,
        0.5833333333333334,
        0.875,
        0.6123724356957945,
        0.5994789404140899,
        0.4841229182759271,
        0.6123724356957945,
        0.5,
        0.5153882032022076,
        0.6959705453537527,
        0.6034551874541357,
        0.5448623679425842,
        0.5,
        0.5667892024377317,
        0.8569568250501305,
        0.5303300858899106,
        0.5994789404140899,
        0.0,
        0.673145600891813,
        0.625,
        0.57282196186948,
        0.7288689868556626,
        0.46770717334674267,
        0.7180703308172536,
        0.6614378277661477,
        0.6373774391990981,
        0.5994789404140899,
        0.45069390943299864,
        0.7180703308172536,
        0.6123724356957945,
        0.46770717334674267,
        0.770551750371122,
        0.7071067811865476,
        0.57282196186948,
        0.739509972887452,
        0.5863019699779287,
        0.6373774391990981,
        0.5448623679425842,
        0.649519052838329,
        0.46770717334674267,
        0.5448623679425842,
        0.770551750371122,
        0.5863019699779287,
        0.414578098794425,
        0.702228595259407,
        0.5994789404140899,
        0.57282196186948,
        0.5863019699779287,
        0.5590169943749475,
        0.81967981553775
    ],
    [
        0.9682458365518543,
        0.6468406123441677,
        0.9437293044088437,
        0.6123724356957945,
        0.673145600891813,
        0.6123724356957945,
        0.7180703308172536,
        0.6123724356957945,
        0.5590169943749475,
        0.81967981553775,
        0.5632789391281252,
        0.6123724356957945,
        0.5448623679425842,
        0.6194755846681933,
        0.8477912478906585,
        0.625,
        0.6373774391990981,
        0.673145600891813,
        0.0,
        0.673145600891813,
        0.625,
        0.8100925873009825,
        0.6373774391990981,
        0.7905694150420949,
        0.673145600891813,
        0.5303300858899106,
        0.57282196186948,
        0.5994789404140899,
        0.673145600891813,
        0.6846531968814576,
        0.6123724356957945,
        0.8385254915624212,
        0.739509972887452,
        0.5448623679425842,
        0.81967981553775,
        0.5863019699779287,
        0.5994789404140899,
        0.5863019699779287,
        0.6846531968814576,
        0.57282196186948,
        0.625,
        0.6123724356957945,
        0.5303300858899106,
        0.57282196186948,
        0.6796138609534094,
        0.625,
        0.5994789404140899,
        0.5448623679425842,
        0.5863019699779287,
        0.8926785535678563
    ],
    [
        0.875,
        0.6052432935972479,
        0.625,
        0.4841229182759271,
        0.5448623679425842,
        0.46770717334674267,
        0.57282196186948,
        0.5,
        0.57282196186948,
        0.7071067811865476,
        0.39000588692574206,
        0.5590169943749475,
        0.57282196186948,
        0.532681893816563,
        0.8385254915624212,
        0.4841229182759271,
        0.375,
        0.625,
        0.673145600891813,
        0.0,
        0.46770717334674267,
        0.5590169943749475,
        0.5153882032022076,
        0.5303300858899106,
        0.5994789404140899,
        0.5448623679425842,
        0.5994789404140899,
        0.46770717334674267,
        0.5863019699779287,
        0.5590169943749475,
        0.4841229182759271,
        0.5303300858899106,
        0.7288689868556626,
        0.5,
        0.5448623679425842,
        0.5590169943749475,
        0.5590169943749475,
        0.5448623679425842,
        0.5303300858899106,
        0.46770717334674267,
        0.5303300858899106,
        0.57282196186948,
        0.5590169943749475,
        0.46770717334674267,
        0.532681893816563,
        0.5153882032022076,
        0.5,
        0.4841229182759271,
        0.5153882032022076,
        0.7288689868556626
    ],
    [
        0.8838834764831844,
        0.6222160217945033,
        0.7603453162872774,
        0.5153882032022076,
        0.5303300858899106,
        0.39528470752104744,
        0.57282196186948,
        0.4841229182759271,
        0.5,
        0.7603453162872774,
        0.48903799777246976,
        0.5,
        0.5448623679425842,
        0.6442049363362563,
        0.8003905296791061,
        0.4841229182759271,
        0.4841229182759271,
        0.57282196186948,
        0.625,
        0.46770717334674267,
        0.0,
        0.7071067811865476,
        0.5153882032022076,
        0.7071067811865476,
        0.4841229182759271,
        0.5153882032022076,
        0.5,
        0.46770717334674267,
        0.4841229182759271,
        0.5448623679425842,
        0.45069390943299864,
        0.739509972887452,
        0.625,
        0.5,
        0.5863019699779287,
        0.45069390943299864,
        0.4330127018922193,
        0.5,
        0.46770717334674267,
        0.414578098794425,
        0.5,
        0.45069390943299864,
        0.5303300858899106,
        0.5,
        0.5385164807134504,
        0.5153882032022076,
        0.5,
        0.45069390943299864,
        0.45069390943299864,
        0.770551750371122
    ],
    [
        1.0077822185373186,
        0.6627489050244528,
        0.6123724356957945,
        0.7180703308172536,
        0.5863019699779287,
        0.6846531968814576,
        0.75,
        0.6373774391990981,
        0.7180703308172536,
        0.8660254037844386,
        0.614451804788759,
        0.7288689868556626,
        0.739509972887452,
        0.6219927652312365,
        0.960143218483576,
        0.673145600891813,
        0.6373774391990981,
        0.7288689868556626,
        0.8100925873009825,
        0.5590169943749475,
        0.7071067811865476,
        0.0,
        0.7071067811865476,
        0.45069390943299864,
        0.7603453162872774,
        0.7288689868556626,
        0.7180703308172536,
        0.7071067811865476,
        0.7288689868556626,
        0.7180703308172536,
        0.649519052838329,
        0.5,
        0.7806247497997998,
        0.6846531968814576,
        0.7180703308172536,
        0.7180703308172536,
        0.7180703308172536,
        0.6959705453537527,
        0.6959705453537527,
        0.673145600891813,
        0.6959705453537527,
        0.7603453162872774,
        0.6959705453537527,
        0.7180703308172536,
        0.6932712311931024,
        0.7071067811865476,
        0.739509972887452,
        0.7071067811865476,
        0.6614378277661477,
        0.8838834764831844
    ],
    [
        0.8100925873009825,
        0.6346477588219923,
        0.7180703308172536,
        0.39528470752104744,
        0.5153882032022076,
        0.45069390943299864,
        0.414578098794425,
        0.39528470752104744,
        0.46770717334674267,
        0.7806247497997998,
        0.4385010413503099,
        0.5448623679425842,
        0.5590169943749475,
        0.5937171043518958,
        0.9185586535436918,
        0.30618621784789724,
        0.5153882032022076,
        0.46770717334674267,
        0.6373774391990981,
        0.5153882032022076,
        0.5153882032022076,
        0.7071067811865476,
        0.0,
        0.673145600891813,
        0.57282196186948,
        0.5303300858899106,
        0.46770717334674267,
        0.39528470752104744,
        0.46770717334674267,
        0.3535533905932738,
        0.375,
        0.6959705453537527,
        0.7288689868556626,
        0.414578098794425,
        0.5303300858899106,
        0.5448623679425842,
        0.5153882032022076,
        0.46770717334674267,
        0.414578098794425,
        0.45069390943299864,
        0.375,
        0.7071067811865476,
        0.5,
        0.45069390943299864,
        0.6442049363362563,
        0.33071891388307384,
        0.375,
        0.3535533905932738,
        0.45069390943299864,
        0.6373774391990981
    ],
    [
        0.9519716382329886,
        0.6508541396588879,
        0.5863019699779287,
        0.673145600891813,
        0.649519052838329,
        0.5863019699779287,
        0.7180703308172536,
        0.649519052838329,
        0.6373774391990981,
        0.9100137361600648,
        0.5178571428571428,
        0.6846531968814576,
        0.7180703308172536,
        0.6703543838895961,
        0.9682458365518543,
        0.649519052838329,
        0.5590169943749475,
        0.7180703308172536,
        0.7905694150420949,
        0.5303300858899106,
        0.7071067811865476,
        0.45069390943299864,
        0.673145600891813,
        0.0,
        0.6373774391990981,
        0.649519052838329,
        0.7180703308172536,
        0.5994789404140899,
        0.6959705453537527,
        0.6846531968814576,
        0.6614378277661477,
        0.5448623679425842,
        0.8003905296791061,
        0.6614378277661477,
        0.6959705453537527,
        0.649519052838329,
        0.6846531968814576,
        0.6846531968814576,
        0.6614378277661477,
        0.5590169943749475,
        0.6846531968814576,
        0.649519052838329,
        0.7180703308172536,
        0.649519052838329,
        0.5695392874947259,
        0.6614378277661477,
        0.6846531968814576,
        0.649519052838329,
        0.625,
        0.8569568250501305
    ],
    [
        0.8569568250501305,
        0.7156485015549029,
        0.8569568250501305,
        0.5994789404140899,
        0.5448623679425842,
        0.4841229182759271,
        0.649519052838329,
        0.4841229182759271,
        0.5863019699779287,
        0.7806247497997998,
        0.5348206832811406,
        0.5448623679425842,
        0.625,
        0.6319612329882269,
        0.7806247497997998,
        0.5448623679425842,
        0.57282196186948,
        0.6614378277661477,
        0.673145600891813,
        0.5994789404140899,
        0.4841229182759271,
        0.7603453162872774,
        0.57282196186948,
        0.6373774391990981,
        0.0,
        0.5448623679425842,
        0.625,
        0.5448623679425842,
        0.5590169943749475,
        0.625,
        0.5303300858899106,
        0.7603453162872774,
        0.6959705453537527,
        0.5448623679425842,
        0.6846531968814576,
        0.5448623679425842,
        0.46770717334674267,
        0.5994789404140899,
        0.45069390943299864,
        0.414578098794425,
        0.5863019699779287,
        0.46770717334674267,
        0.5994789404140899,
        0.57282196186948,
        0.5385164807134504,
        0.5863019699779287,
        0.5863019699779287,
        0.5448623679425842,
        0.4841229182759271,
        0.7905694150420949
    ],
    [
        0.8569568250501305,
        0.5833333333333334,
        0.8477912478906585,
        0.5303300858899106,
        0.5863019699779287,
        0.4330127018922193,
        0.6123724356957945,
        0.45069390943299864,
        0.46770717334674267,
        0.75,
        0.4727929391026331,
        0.4330127018922193,
        0.57282196186948,
        0.6067330549755798,
        0.8100925873009825,
        0.4841229182759271,
        0.5,
        0.6373774391990981,
        0.5303300858899106,
        0.5448623679425842,
        0.5153882032022076,
        0.7288689868556626,
        0.5303300858899106,
        0.649519052838329,
        0.5448623679425842,
        0.0,
        0.4841229182759271,
        0.46770717334674267,
        0.5153882032022076,
        0.5590169943749475,
        0.5153882032022076,
        0.739509972887452,
        0.7071067811865476,
        0.4841229182759271,
        0.6846531968814576,
        0.45069390943299864,
        0.5448623679425842,
        0.5448623679425842,
        0.5,
        0.39528470752104744,
        0.4841229182759271,
        0.4841229182759271,
        0.46770717334674267,
        0.4841229182759271,
        0.5385164807134504,
        0.5153882032022076,
        0.5448623679425842,
        0.4330127018922193,
        0.3535533905932738,
        0.8003905296791061
    ],
    [
        0.7806247497997998,
        0.6468406123441677,
        0.81967981553775,
        0.4330127018922193,
        0.5448623679425842,
        0.5,
        0.46770717334674267,
        0.4841229182759271,
        0.45069390943299864,
        0.8569568250501305,
        0.4385010413503099,
        0.5153882032022076,
        0.5448623679425842,
        0.5667892024377317,
        0.9185586535436918,
        0.414578098794425,
        0.57282196186948,
        0.5994789404140899,
        0.57282196186948,
        0.5994789404140899,
        0.5,
        0.7180703308172536,
        0.46770717334674267,
        0.7180703308172536,
        0.625,
        0.4841229182759271,
        0.0,
        0.46770717334674267,
        0.46770717334674267,
        0.46770717334674267,
        0.5153882032022076,
        0.6614378277661477,
        0.7180703308172536,
        0.39528470752104744,
        0.5863019699779287,
        0.5303300858899106,
        0.57282196186948,
        0.5994789404140899,
        0.46770717334674267,
        0.4841229182759271,
        0.3535533905932738,
        0.5994789404140899,
        0.4330127018922193,
        0.5,
        0.6319612329882269,
        0.4330127018922193,
        0.45069390943299864,
        0.39528470752104744,
        0.4841229182759271,
        0.6846531968814576
    ],
    [
        0.7288689868556626,
        0.5697830971323893,
        0.8100925873009825,
        0.375,
        0.5863019699779287,
        0.25,
        0.4841229182759271,
        0.414578098794425,
        0.414578098794425,
        0.7905694150420949,
        0.3378729987218661,
        0.45069390943299864,
        0.4841229182759271,
        0.6067330549755798,
        0.8660254037844386,
        0.39528470752104744,
        0.45069390943299864,
        0.45069390943299864,
        0.5994789404140899,
        0.46770717334674267,
        0.46770717334674267,
        0.7071067811865476,
        0.39528470752104744,
        0.5994789404140899,
        0.5448623679425842,
        0.46770717334674267,
        0.46770717334674267,
        0.0,
        0.5590169943749475,
        0.414578098794425,
        0.39528470752104744,
        0.7071067811865476,
        0.7071067811865476,
        0.39528470752104744,
        0.6123724356957945,
        0.46770717334674267,
        0.5,
        0.45069390943299864,
        0.4841229182759271,
        0.2795084971874737,
        0.45069390943299864,
        0.6123724356957945,
        0.45069390943299864,
        0.375,
        0.5385164807134504,
        0.3535533905932738,
        0.4330127018922193,
        0.33071891388307384,
        0.375,
        0.6373774391990981
    ],
    [
        0.649519052838329,
        0.7264831572567789,
        0.6614378277661477,
        0.5,
        0.5,
        0.5303300858899106,
        0.375,
        0.46770717334674267,
        0.5448623679425842,
        0.8100925873009825,
        0.5047605008965204,
        0.5590169943749475,
        0.649519052838329,
        0.6562202374203343,
        0.9270248108869579,
        0.45069390943299864,
        0.5863019699779287,
        0.7180703308172536,
        0.673145600891813,
        0.5863019699779287,
        0.4841229182759271,
        0.7288689868556626,
        0.46770717334674267,
        0.6959705453537527,
        0.5590169943749475,
        0.5153882032022076,
        0.46770717334674267,
        0.5590169943749475,
        0.0,
        0.30618621784789724,
        0.45069390943299864,
        0.6614378277661477,
        0.7288689868556626,
        0.45069390943299864,
        0.39528470752104744,
        0.57282196186948,
        0.5303300858899106,
        0.5448623679425842,
        0.3535533905932738,
        0.5,
        0.414578098794425,
        0.5303300858899106,
        0.4841229182759271,
        0.57282196186948,
        0.6442049363362563,
        0.46770717334674267,
        0.45069390943299864,
        0.4841229182759271,
        0.5448623679425842,
        0.6123724356957945
    ],
    [
        0.4841229182759271,
        0.7046472718869902,
        0.625,
        0.3535533905932738,
        0.5448623679425842,
        0.46770717334674267,
        0.2795084971874737,
        0.414578098794425,
        0.4841229182759271,
        0.8838834764831844,
        0.4385010413503099,
        0.57282196186948,
        0.5590169943749475,
        0.6796138609534094,
        0.9842509842514764,
        0.3535533905932738,
        0.5590169943749475,
        0.6123724356957945,
        0.6846531968814576,
        0.5590169943749475,
        0.5448623679425842,
        0.7180703308172536,
        0.3535533905932738,
        0.6846531968814576,
        0.625,
        0.5590169943749475,
        0.46770717334674267,
        0.414578098794425,
        0.30618621784789724,
        0.0,
        0.4330127018922193,
        0.649519052838329,
        0.8100925873009825,
        0.39528470752104744,
        0.3535533905932738,
        0.57282196186948,
        0.5590169943749475,
        0.57282196186948,
        0.375,
        0.4330127018922193,
        0.3535533905932738,
        0.5863019699779287,
        0.5153882032022076,
        0.4841229182759271,
        0.6680194607943694,
        0.2795084971874737,
        0.414578098794425,
        0.3535533905932738,
        0.5,
        0.39528470752104744
    ],
    [
        0.7180703308172536,
