[
    [
        0.0,
        0.11158481919598204,
        0.1335000585205864,
        0.1288470508005519,
        0.078125,
        0.10711960313126631,
        0.0924387466109315,
        0.07967217989988726,
        0.1875,
        0.09882117688026186,
        0.08267972847076846,
        0.08838834764831845,
        0.10481568644530265,
        0.10481568644530265,
        0.11692679333668567,
        0.0924387466109315,
        0.11692679333668567,
        0.15309310892394862,
        0.071602745233685,
        0.10126157341262282,
        0.13531646934131855,
        0.09757809372497497,
        0.07328774624724109,
        0.08838834764831845,
        0.10364452469860624,
        0.08267972847076846,
        0.11481983169296148,
        0.0924387466109315,
        0.12203515118604147,
        0.11048543456039805,
        0.0897587913521567,
        0.09882117688026186,
        0.09757809372497497,
        0.125,
        0.12401959270615269,
        0.12203515118604147,
        0.09757809372497497,
        0.11267347735824966,
        0.11692679333668567,
        0.10597390598633231,
        0.125,
        0.109375,
        0.09882117688026186,
        0.09631896879639025,
        0.10245997694221876,
        0.07967217989988726,
        0.125,
        0.078125,
        0.1801962905417312
    ],
    [
        0.11158481919598204,
        0.0,
        0.06810779599282303,
        0.1316585902058806,
        0.04941058844013093,
        0.06629126073623882,
        0.0625,
        0.0855816496101822,
        0.2348952559120767,
        0.06442352540027595,
        0.0855816496101822,
        0.08699631816921909,
        0.1316585902058806,
        0.13975424859373686,
        0.06987712429686843,
        0.13887803777055607,
        0.10825317547305482,
        0.15780476466190746,
        0.0924387466109315,
        0.11481983169296148,
        0.15780476466190746,
        0.0924387466109315,
        0.07967217989988726,
        0.08699631816921909,
        0.1137517170200081,
        0.07493486755176124,
        0.0855816496101822,
        0.06051536478449089,
        0.05182226234930312,
        0.08699631816921909,
        0.07493486755176124,
        0.1570293065800139,
        0.078125,
        0.06051536478449089,
        0.1690102160373745,
        0.12597277731716483,
        0.11692679333668567,
        0.08699631816921909,
        0.07654655446197431,
        0.09757809372497497,
        0.16010860571811872,
        0.13258252147247765,
        0.10004881620988826,
        0.05633673867912483,
        0.05846339666834283,
        0.09110862335695782,
        0.08699631816921909,
        0.08118988160479113,
        0.05633673867912483
    ],
    [
        0.1335000585205864,
        0.06810779599282303,
        0.0,
        0.1690102160373745,
        0.0924387466109315,
        0.11587810136086973,
        0.08414320011147662,
        0.09882117688026186,
        0.26005182776708186,
        0.07967217989988726,
        0.11899645477912357,
        0.12303137303143455,
        0.14740595518838442,
        0.16682934768798924,
        0.04941058844013093,
        0.14740595518838442,
        0.09757809372497497,
        0.19825902406952375,
        0.10711960313126631,
        0.13887803777055607,
        0.1988737822087165,
        0.09504316453590968,
        0.10711960313126631,
        0.13887803777055607,
        0.16312978920172735,
        0.109375,
        0.06629126073623882,
        0.12789613706050704,
        0.046875,
        0.09375,
        0.12789613706050704,
        0.17399263633843817,
        0.06987712429686843,
        0.04941058844013093,
        0.1711632992203644,
        0.18288593610499415,
        0.15388840315306412,
        0.05412658773652741,
        0.09631896879639025,
        0.109375,
        0.20432338797846908,
        0.184877493221863,
        0.09375,
        0.08699631816921909,
        0.04941058844013093,
        0.13441133229754104,
        0.05182226234930312,
        0.12203515118604147,
        0.06442352540027595
    ],
    [
        0.1288470508005519,
        0.1316585902058806,
        0.1690102160373745,
        0.0,
        0.11692679333668567,
        0.10004881620988826,
        0.11048543456039805,
        0.15934435979977452,
        0.15309310892394862,
        0.12103072956898178,
        0.09757809372497497,
        0.12979099785809492,
        0.12303137303143455,
        0.140625,
        0.140625,
        0.14235052467412967,
        0.13887803777055607,
        0.11587810136086973,
        0.140625,
        0.10825317547305482,
        0.06987712429686843,
        0.13887803777055607,
        0.12979099785809492,
        0.14235052467412967,
        0.10481568644530265,
        0.15780476466190746,
        0.1316585902058806,
        0.11899645477912357,
        0.15068204314051492,
        0.14740595518838442,
        0.10004881620988826,
        0.18421603316486868,
        0.1288470508005519,
        0.15546678704790937,
        0.1335000585205864,
        0.12103072956898178,
        0.11692679333668567,
        0.1753901900050285,
        0.09757809372497497,
        0.18154609435347266,
        0.16387638252658618,
        0.14574029770451274,
        0.13621559198564606,
        0.09882117688026186,
        0.1316585902058806,
        0.13531646934131855,
        0.15068204314051492,
        0.10825317547305482,
        0.17469281074217108
    ],
    [
        0.078125,
        0.04941058844013093,
        0.0924387466109315,
        0.11692679333668567,
        0.0,
        0.06442352540027595,
        0.05633673867912483,
        0.07654655446197431,
        0.21021287573552672,
        0.05633673867912483,
        0.05846339666834283,
        0.06629126073623882,
        0.11048543456039805,
        0.09375,
        0.06810779599282303,
        0.10364452469860624,
        0.0924387466109315,
        0.13441133229754104,
        0.07328774624724109,
        0.0897587913521567,
        0.13531646934131855,
        0.071602745233685,
        0.05633673867912483,
        0.078125,
        0.08838834764831845,
        0.07967217989988726,
        0.071602745233685,
        0.06051536478449089,
        0.07967217989988726,
        0.078125,
        0.05846339666834283,
        0.125,
        0.06629126073623882,
        0.08267972847076846,
        0.14235052467412967,
        0.10825317547305482,
        0.07493486755176124,
        0.10364452469860624,
        0.07328774624724109,
        0.078125,
        0.1307281291459493,
        0.109375,
        0.07654655446197431,
        0.038273277230987154,
        0.06051536478449089,
        0.06810779599282303,
        0.08699631816921909,
        0.05633673867912483,
        0.11158481919598204
    ],
    [
        0.10711960313126631,
        0.06629126073623882,
        0.11587810136086973,
        0.10004881620988826,
        0.06442352540027595,
        0.0,
        0.05633673867912483,
        0.10004881620988826,
        0.19764235376052372,
        0.07654655446197431,
        0.06629126073623882,
        0.05633673867912483,
        0.11899645477912357,
        0.1137517170200081,
        0.09631896879639025,
        0.0924387466109315,
        0.0897587913521567,
        0.11267347735824966,
        0.09757809372497497,
        0.0897587913521567,
        0.11692679333668567,
        0.05412658773652741,
        0.0625,
        0.0924387466109315,
        0.10364452469860624,
        0.11899645477912357,
        0.09757809372497497,
        0.0625,
        0.10597390598633231,
        0.08267972847076846,
        0.0625,
        0.12303137303143455,
        0.08838834764831845,
        0.07493486755176124,
        0.13621559198564606,
        0.0897587913521567,
        0.078125,
        0.14657549249448218,
        0.05846339666834283,
        0.10126157341262282,
        0.15309310892394862,
        0.12103072956898178,
        0.0855816496101822,
        0.05633673867912483,
        0.07967217989988726,
        0.10004881620988826,
        0.10597390598633231,
        0.078125,
        0.11587810136086973
    ],
    [
        0.0924387466109315,
        0.0625,
        0.08414320011147662,
        0.11048543456039805,
        0.05633673867912483,
        0.05633673867912483,
        0.0,
        0.078125,
        0.19136638615493579,
        0.05633673867912483,
        0.06629126073623882,
        0.05846339666834283,
        0.07967217989988726,
        0.10364452469860624,
        0.06629126073623882,
        0.10245997694221876,
        0.071602745233685,
        0.12979099785809492,
        0.05412658773652741,
        0.07493486755176124,
        0.1307281291459493,
        0.071602745233685,
        0.06629126073623882,
        0.09882117688026186,
        0.1137517170200081,
        0.09375,
        0.06987712429686843,
        0.08267972847076846,
        0.07328774624724109,
        0.07967217989988726,
        0.078125,
        0.1316585902058806,
        0.05633673867912483,
        0.071602745233685,
        0.109375,
        0.11899645477912357,
        0.09504316453590968,
        0.0897587913521567,
        0.06987712429686843,
        0.09631896879639025,
        0.16828640022295324,
        0.13710881855300192,
        0.07493486755176124,
        0.05412658773652741,
        0.0625,
        0.10711960313126631,
        0.071602745233685,
        0.09110862335695782,
        0.12103072956898178
    ],
    [
        0.07967217989988726,
        0.0855816496101822,
        0.09882117688026186,
        0.15934435979977452,
        0.07654655446197431,
        0.10004881620988826,
        0.078125,
        0.0,
        0.21650635094610965,
        0.06987712429686843,
        0.0897587913521567,
        0.08267972847076846,
        0.11158481919598204,
        0.09375,
        0.0855816496101822,
        0.09631896879639025,
        0.10597390598633231,
        0.14149039278339715,
        0.06987712429686843,
        0.10364452469860624,
        0.16387638252658618,
        0.078125,
        0.06442352540027595,
        0.05633673867912483,
        0.10825317547305482,
        0.05412658773652741,
        0.09375,
        0.07967217989988726,
        0.0897587913521567,
        0.08414320011147662,
        0.08414320011147662,
        0.08267972847076846,
        0.0855816496101822,
        0.10004881620988826,
        0.11692679333668567,
        0.11796616305110547,
        0.0897587913521567,
        0.08699631816921909,
        0.11899645477912357,
        0.06629126073623882,
        0.1288470508005519,
        0.109375,
        0.09882117688026186,
        0.07493486755176124,
        0.09110862335695782,
        0.07654655446197431,
        0.10126157341262282,
        0.08118988160479113,
        0.14235052467412967
    ],
    [
        0.1875,
        0.2348952559120767,
        0.26005182776708186,
        0.15309310892394862,
        0.21021287573552672,
        0.19764235376052372,
        0.19136638615493579,
        0.21650635094610965,
        0.0,
        0.20669932117692114,
        0.16973094517500337,
        0.1801962905417312,
        0.14149039278339715,
        0.18154609435347266,
        0.2312288841710741,
        0.20551478809321727,
        0.2153757617514097,
        0.1570293065800139,
        0.19200321449132043,
        0.14574029770451274,
        0.1307281291459493,
        0.20191949973937634,
        0.20191949973937634,
        0.19136638615493579,
        0.171875,
        0.225888004606265,
        0.22152260748059102,
        0.19764235376052372,
        0.2509746625657658,
        0.23333100817293873,
        0.18355218944485516,
        0.21930732574403436,
        0.20669932117692114,
        0.24951124097923924,
        0.15388840315306412,
        0.17469281074217108,
        0.19136638615493579,
        0.26005182776708186,
        0.21763106683100186,
        0.24356964481437338,
        0.2181912506838897,
        0.1988737822087165,
        0.20846350100197397,
        0.19200321449132043,
        0.22910747341586218,
        0.19764235376052372,
        0.23696485762661096,
        0.19764235376052372,
        0.301768873684812
    ],
    [
        0.09882117688026186,
        0.06442352540027595,
        0.07967217989988726,
        0.12103072956898178,
        0.05633673867912483,
        0.07654655446197431,
        0.05633673867912483,
        0.06987712429686843,
        0.20669932117692114,
        0.0,
        0.06442352540027595,
        0.08699631816921909,
        0.10711960313126631,
        0.109375,
        0.07328774624724109,
        0.11692679333668567,
        0.10597390598633231,
        0.14986973510352247,
        0.07967217989988726,
        0.09882117688026186,
        0.14149039278339715,
        0.0924387466109315,
        0.071602745233685,
        0.09375,
        0.09375,
        0.078125,
        0.078125,
        0.0855816496101822,
        0.06987712429686843,
        0.09504316453590968,
        0.07328774624724109,
        0.12203515118604147,
        0.06629126073623882,
        0.08414320011147662,
        0.11692679333668567,
        0.13887803777055607,
        0.09631896879639025,
        0.09110862335695782,
        0.0924387466109315,
        0.0924387466109315,
        0.14823176532039278,
        0.12789613706050704,
        0.07328774624724109,
        0.038273277230987154,
        0.06051536478449089,
        0.078125,
        0.09110862335695782,
        0.06629126073623882,
        0.120017902310447
    ],
    [
        0.08267972847076846,
        0.0855816496101822,
        0.11899645477912357,
        0.09757809372497497,
        0.05846339666834283,
        0.06629126073623882,
        0.06629126073623882,
        0.0897587913521567,
        0.16973094517500337,
        0.06442352540027595,
        0.0,
        0.06810779599282303,
        0.08118988160479113,
        0.071602745233685,
        0.10481568644530265,
        0.09631896879639025,
        0.120017902310447,
        0.10004881620988826,
        0.078125,
        0.06051536478449089,
        0.1137517170200081,
        0.10004881620988826,
        0.06051536478449089,
        0.06987712429686843,
        0.06987712429686843,
        0.08118988160479113,
        0.1137517170200081,
        0.06810779599282303,
        0.109375,
        0.10364452469860624,
        0.06810779599282303,
        0.1137517170200081,
        0.0855816496101822,
        0.1269381000724369,
        0.08838834764831845,
        0.09110862335695782,
        0.071602745233685,
        0.1316585902058806,
        0.10481568644530265,
        0.09882117688026186,
        0.12979099785809492,
        0.10711960313126631,
        0.07493486755176124,
        0.0625,
        0.08118988160479113,
        0.078125,
        0.12979099785809492,
        0.05633673867912483,
        0.16535945694153692
    ],
    [
        0.08838834764831845,
        0.08699631816921909,
        0.12303137303143455,
        0.12979099785809492,
        0.06629126073623882,
        0.05633673867912483,
        0.05846339666834283,
        0.08267972847076846,
        0.1801962905417312,
        0.08699631816921909,
        0.06810779599282303,
        0.0,
        0.09504316453590968,
        0.0924387466109315,
        0.10364452469860624,
        0.08118988160479113,
        0.0924387466109315,
        0.10004881620988826,
        0.07967217989988726,
        0.07967217989988726,
        0.12401959270615269,
        0.06629126073623882,
        0.06051536478449089,
        0.07654655446197431,
        0.10126157341262282,
        0.10364452469860624,
        0.10711960313126631,
        0.07328774624724109,
        0.13887803777055607,
        0.10126157341262282,
        0.06810779599282303,
        0.11481983169296148,
        0.0897587913521567,
        0.09882117688026186,
        0.0924387466109315,
        0.07493486755176124,
        0.0924387466109315,
        0.13710881855300192,
        0.08414320011147662,
        0.09110862335695782,
        0.15780476466190746,
        0.11692679333668567,
        0.07493486755176124,
        0.06051536478449089,
        0.08699631816921909,
        0.11048543456039805,
        0.11587810136086973,
        0.08118988160479113,
        0.17258376589355096
    ],
    [
        0.10481568644530265,
        0.1316585902058806,
        0.14740595518838442,
        0.12303137303143455,
        0.11048543456039805,
        0.11899645477912357,
        0.07967217989988726,
        0.11158481919598204,
        0.14149039278339715,
        0.10711960313126631,
        0.08118988160479113,
        0.09504316453590968,
        0.0,
        0.109375,
        0.1269381000724369,
        0.10245997694221876,
        0.12103072956898178,
        0.11158481919598204,
        0.08838834764831845,
        0.07654655446197431,
        0.10711960313126631,
        0.12103072956898178,
        0.11048543456039805,
        0.11267347735824966,
        0.10597390598633231,
        0.12103072956898178,
        0.12103072956898178,
        0.10126157341262282,
        0.14490028899212037,
        0.12401959270615269,
        0.08414320011147662,
        0.11899645477912357,
        0.08838834764831845,
        0.14657549249448218,
        0.09631896879639025,
        0.11267347735824966,
        0.10481568644530265,
        0.13975424859373686,
        0.13441133229754104,
        0.11899645477912357,
        0.14235052467412967,
        0.12789613706050704,
        0.10481568644530265,
        0.10245997694221876,
        0.1137517170200081,
        0.09504316453590968,
        0.13975424859373686,
        0.0924387466109315,
        0.19200321449132043
    ],
    [
        0.10481568644530265,
        0.13975424859373686,
        0.16682934768798924,
        0.140625,
        0.09375,
        0.1137517170200081,
        0.10364452469860624,
        0.09375,
        0.18154609435347266,
        0.109375,
        0.071602745233685,
        0.0924387466109315,
        0.109375,
        0.0,
        0.15546678704790937,
        0.11587810136086973,
        0.18087245160609727,
        0.10126157341262282,
        0.11267347735824966,
        0.09757809372497497,
        0.12979099785809492,
        0.125,
        0.10004881620988826,
        0.071602745233685,
        0.07967217989988726,
        0.10711960313126631,
        0.16387638252658618,
        0.06442352540027595,
        0.184877493221863,
        0.15388840315306412,
        0.0625,
        0.11267347735824966,
        0.11692679333668567,
        0.16461958988832404,
        0.12103072956898178,
        0.08414320011147662,
        0.07493486755176124,
        0.19764235376052372,
        0.1660960283239789,
        0.13258252147247765,
        0.12597277731716483,
        0.10364452469860624,
        0.1269381000724369,
        0.078125,
        0.125,
        0.09631896879639025,
        0.18684782411095935,
        0.0924387466109315,
        0.2609889545076573
    ],
    [
        0.11692679333668567,
        0.06987712429686843,
        0.04941058844013093,
        0.140625,
        0.06810779599282303,
        0.09631896879639025,
        0.06629126073623882,
        0.0855816496101822,
        0.2312288841710741,
        0.07328774624724109,
        0.10481568644530265,
        0.10364452469860624,
        0.1269381000724369,
        0.15546678704790937,
        0.0,
        0.13258252147247765,
        0.08118988160479113,
        0.18087245160609727,
        0.08414320011147662,
        0.11481983169296148,
        0.16535945694153692,
        0.06810779599282303,
        0.07967217989988726,
        0.12789613706050704,
        0.15388840315306412,
        0.11587810136086973,
        0.04133986423538423,
        0.11158481919598204,
        0.06810779599282303,
        0.08267972847076846,
        0.10825317547305482,
        0.15546678704790937,
        0.05412658773652741,
        0.046875,
        0.13710881855300192,
        0.17044862679118303,
        0.1288470508005519,
        0.06810779599282303,
        0.06442352540027595,
        0.10481568644530265,
        0.18684782411095935,
        0.1608692209529219,
        0.07654655446197431,
        0.07493486755176124,
        0.038273277230987154,
        0.12979099785809492,
        0.038273277230987154,
        0.10364452469860624,
        0.08118988160479113
    ],
    [
        0.0924387466109315,
        0.13887803777055607,
        0.14740595518838442,
        0.14235052467412967,
        0.10364452469860624,
        0.0924387466109315,
        0.10245997694221876,
        0.09631896879639025,
        0.20551478809321727,
        0.11692679333668567,
        0.09631896879639025,
        0.08118988160479113,
        0.10245997694221876,
        0.11587810136086973,
        0.13258252147247765,
        0.0,
        0.10004881620988826,
        0.11267347735824966,
        0.09631896879639025,
        0.10004881620988826,
        0.14657549249448218,
        0.09375,
        0.08414320011147662,
        0.09375,
        0.10126157341262282,
        0.11158481919598204,
        0.1335000585205864,
        0.11692679333668567,
        0.16010860571811872,
        0.071602745233685,
        0.09375,
        0.09504316453590968,
        0.11692679333668567,
        0.140625,
        0.11481983169296148,
        0.09757809372497497,
        0.09882117688026186,
        0.1316585902058806,
        0.11796616305110547,
        0.09757809372497497,
        0.13531646934131855,
        0.11158481919598204,
        0.10597390598633231,
        0.10481568644530265,
        0.120017902310447,
        0.11587810136086973,
        0.140625,
        0.10126157341262282,
        0.1907274314958391
    ],
    [
        0.11692679333668567,
        0.10825317547305482,
        0.09757809372497497,
        0.13887803777055607,
        0.0924387466109315,
        0.0897587913521567,
        0.071602745233685,
        0.10597390598633231,
        0.2153757617514097,
        0.10597390598633231,
        0.120017902310447,
        0.0924387466109315,
        0.12103072956898178,
        0.18087245160609727,
        0.08118988160479113,
        0.10004881620988826,
        0.0,
        0.15068204314051492,
        0.09757809372497497,
        0.09631896879639025,
        0.1608692209529219,
        0.07967217989988726,
        0.0855816496101822,
        0.12789613706050704,
        0.16237976320958225,
        0.140625,
        0.0897587913521567,
        0.1269381000724369,
        0.11587810136086973,
        0.07493486755176124,
        0.12103072956898178,
        0.1570293065800139,
        0.09110862335695782,
        0.078125,
        0.12303137303143455,
        0.1316585902058806,
        0.13799626353637262,
        0.10825317547305482,
        0.071602745233685,
        0.11267347735824966,
        0.19948664585630788,
        0.17044862679118303,
        0.06810779599282303,
        0.09882117688026186,
        0.07328774624724109,
        0.140625,
        0.07654655446197431,
        0.11796616305110547,
        0.13975424859373686
    ],
    [
        0.15309310892394862,
        0.15780476466190746,
        0.19825902406952375,
        0.11587810136086973,
        0.13441133229754104,
        0.11267347735824966,
        0.12979099785809492,
        0.14149039278339715,
        0.1570293065800139,
        0.14986973510352247,
        0.10004881620988826,
        0.10004881620988826,
        0.11158481919598204,
        0.10126157341262282,
        0.18087245160609727,
        0.11267347735824966,
        0.15068204314051492,
        0.0,
        0.14986973510352247,
        0.09757809372497497,
        0.11796616305110547,
        0.1269381000724369,
        0.12203515118604147,
        0.11587810136086973,
        0.09110862335695782,
        0.17328963291264715,
        0.17469281074217108,
        0.11158481919598204,
        0.21079277442550065,
        0.1316585902058806,
        0.09504316453590968,
        0.10481568644530265,
        0.15467960838455727,
        0.16755945773068137,
        0.09504316453590968,
        0.05633673867912483,
        0.12303137303143455,
        0.23017062285400366,
        0.16755945773068137,
        0.14320549046737,
        0.171875,
        0.13887803777055607,
        0.14905300022139775,
        0.120017902310447,
        0.16387638252658618,
        0.14235052467412967,
        0.19640320453088336,
        0.13887803777055607,
        0.24356964481437338
    ],
    [
        0.071602745233685,
        0.0924387466109315,
        0.10711960313126631,
        0.140625,
        0.07328774624724109,
        0.09757809372497497,
        0.05412658773652741,
        0.06987712429686843,
        0.19200321449132043,
        0.07967217989988726,
        0.078125,
        0.07967217989988726,
        0.08838834764831845,
        0.11267347735824966,
        0.08414320011147662,
        0.09631896879639025,
        0.09757809372497497,
        0.14986973510352247,
        0.0,
        0.07967217989988726,
        0.14320549046737,
        0.078125,
        0.071602745233685,
        0.08414320011147662,
        0.11048543456039805,
        0.06810779599282303,
        0.08699631816921909,
        0.08838834764831845,
        0.10126157341262282,
        0.0924387466109315,
        0.08118988160479113,
        0.10126157341262282,
        0.06629126073623882,
        0.08414320011147662,
        0.11692679333668567,
        0.1137517170200081,
        0.10364452469860624,
        0.09882117688026186,
        0.11267347735824966,
        0.0625,
        0.14740595518838442,
        0.11796616305110547,
        0.078125,
        0.08118988160479113,
        0.08414320011147662,
        0.07654655446197431,
        0.09631896879639025,
        0.07967217989988726,
        0.15309310892394862
    ],
    [
        0.10126157341262282,
        0.11481983169296148,
        0.13887803777055607,
        0.10825317547305482,
        0.0897587913521567,
        0.0897587913521567,
        0.07493486755176124,
        0.10364452469860624,
        0.14574029770451274,
        0.09882117688026186,
        0.06051536478449089,
        0.07967217989988726,
        0.07654655446197431,
        0.09757809372497497,
        0.11481983169296148,
        0.10004881620988826,
        0.09631896879639025,
        0.09757809372497497,
        0.07967217989988726,
        0.0,
        0.109375,
        0.09882117688026186,
        0.08118988160479113,
        0.08699631816921909,
        0.09631896879639025,
        0.11481983169296148,
        0.11692679333668567,
        0.08267972847076846,
        0.13975424859373686,
        0.125,
        0.08118988160479113,
        0.12789613706050704,
        0.07328774624724109,
        0.13531646934131855,
        0.09375,
        0.10245997694221876,
        0.0924387466109315,
        0.14490028899212037,
        0.11267347735824966,
        0.120017902310447,
        0.14235052467412967,
        0.12789613706050704,
        0.08414320011147662,
        0.08414320011147662,
        0.10245997694221876,
        0.08838834764831845,
        0.1288470508005519,
        0.071602745233685,
        0.1788362990978062
    ],
    [
        0.13531646934131855,
        0.15780476466190746,
        0.1988737822087165,
        0.06987712429686843,
        0.13531646934131855,
        0.11692679333668567,
        0.1307281291459493,
        0.16387638252658618,
        0.1307281291459493,
        0.14149039278339715,
        0.1137517170200081,
        0.12401959270615269,
        0.10711960313126631,
        0.12979099785809492,
        0.16535945694153692,
        0.14657549249448218,
        0.1608692209529219,
        0.11796616305110547,
        0.14320549046737,
        0.109375,
        0.0,
        0.14490028899212037,
        0.13531646934131855,
        0.13710881855300192,
        0.10481568644530265,
        0.16755945773068137,
        0.1608692209529219,
        0.12401959270615269,
        0.18221724671391565,
        0.1690102160373745,
        0.10711960313126631,
        0.15625,
        0.14657549249448218,
        0.18288593610499415,
        0.11048543456039805,
        0.11267347735824966,
        0.120017902310447,
        0.19452968121857395,
        0.13258252147247765,
        0.1795175827043134,
        0.14905300022139775,
        0.12597277731716483,
        0.1514899955442603,
        0.12597277731716483,
        0.16010860571811872,
        0.14235052467412967,
        0.17328963291264715,
        0.12203515118604147,
        0.21137108216357317
    ],
    [
        0.09757809372497497,
        0.0924387466109315,
        0.09504316453590968,
        0.13887803777055607,
        0.071602745233685,
        0.05412658773652741,
        0.071602745233685,
        0.078125,
        0.20191949973937634,
        0.0924387466109315,
        0.10004881620988826,
        0.06629126073623882,
        0.12103072956898178,
        0.125,
        0.06810779599282303,
        0.09375,
        0.07967217989988726,
        0.1269381000724369,
        0.078125,
        0.09882117688026186,
        0.14490028899212037,
        0.0,
        0.0625,
        0.09631896879639025,
        0.13531646934131855,
        0.11267347735824966,
        0.07493486755176124,
        0.09504316453590968,
        0.11587810136086973,
        0.08414320011147662,
        0.09375,
        0.13621559198564606,
        0.09110862335695782,
        0.06442352540027595,
        0.109375,
        0.10245997694221876,
        0.109375,
        0.10126157341262282,
        0.06629126073623882,
        0.09375,
        0.1788362990978062,
        0.13975424859373686,
        0.08699631816921909,
        0.078125,
        0.06629126073623882,
        0.120017902310447,
        0.06810779599282303,
        0.0924387466109315,
        0.14823176532039278
    ],
    [
        0.07328774624724109,
        0.07967217989988726,
        0.10711960313126631,
        0.12979099785809492,
        0.05633673867912483,
        0.0625,
        0.06629126073623882,
        0.06442352540027595,
        0.20191949973937634,
        0.071602745233685,
        0.06051536478449089,
        0.06051536478449089,
        0.11048543456039805,
        0.10004881620988826,
        0.07967217989988726,
        0.08414320011147662,
        0.0855816496101822,
        0.12203515118604147,
        0.071602745233685,
        0.08118988160479113,
        0.13531646934131855,
        0.0625,
        0.0,
        0.0625,
        0.09631896879639025,
        0.07328774624724109,
        0.08118988160479113,
        0.06810779599282303,
        0.11048543456039805,
        0.09375,
        0.0625,
        0.09757809372497497,
        0.08118988160479113,
        0.07654655446197431,
        0.11587810136086973,
        0.08838834764831845,
        0.06987712429686843,
        0.10126157341262282,
        0.078125,
        0.07328774624724109,
        0.13531646934131855,
        0.109375,
        0.078125,
        0.05182226234930312,
        0.06987712429686843,
        0.078125,
        0.0924387466109315,
        0.05182226234930312,
        0.14235052467412967
    ],
    [
        0.08838834764831845,
        0.08699631816921909,
        0.13887803777055607,
        0.14235052467412967,
        0.078125,
        0.0924387466109315,
        0.09882117688026186,
        0.05633673867912483,
        0.19136638615493579,
        0.09375,
        0.06987712429686843,
        0.07654655446197431,
        0.11267347735824966,
        0.071602745233685,
        0.12789613706050704,
        0.09375,
        0.12789613706050704,
        0.11587810136086973,
        0.08414320011147662,
        0.08699631816921909,
        0.13710881855300192,
        0.09631896879639025,
        0.0625,
        0.0,
        0.06442352540027595,
        0.06987712429686843,
        0.13441133229754104,
        0.05182226234930312,
        0.12597277731716483,
        0.09882117688026186,
        0.05633673867912483,
        0.06810779599282303,
        0.10481568644530265,
        0.12597277731716483,
        0.10481568644530265,
        0.08267972847076846,
        0.0924387466109315,
        0.13975424859373686,
        0.14235052467412967,
        0.09504316453590968,
        0.120017902310447,
        0.08267972847076846,
        0.11587810136086973,
        0.078125,
        0.1137517170200081,
        0.07493486755176124,
        0.13799626353637262,
        0.08267972847076846,
        0.16828640022295324
    ],
    [
        0.10364452469860624,
        0.1137517170200081,
        0.16312978920172735,
        0.10481568644530265,
        0.08838834764831845,
        0.10364452469860624,
        0.1137517170200081,
        0.10825317547305482,
        0.171875,
        0.09375,
        0.06987712429686843,
        0.10126157341262282,
        0.10597390598633231,
        0.07967217989988726,
        0.15388840315306412,
        0.10126157341262282,
        0.16237976320958225,
        0.09110862335695782,
        0.11048543456039805,
        0.09631896879639025,
        0.10481568644530265,
        0.13531646934131855,
        0.09631896879639025,
        0.06442352540027595,
        0.0,
        0.0924387466109315,
        0.15780476466190746,
        0.05412658773652741,
        0.13975424859373686,
        0.1288470508005519,
        0.038273277230987154,
        0.0855816496101822,
        0.12401959270615269,
        0.16682934768798924,
        0.10364452469860624,
        0.071602745233685,
        0.07654655446197431,
        0.17044862679118303,
        0.14657549249448218,
        0.11899645477912357,
        0.10126157341262282,
        0.078125,
        0.13258252147247765,
        0.08267972847076846,
        0.12789613706050704,
        0.07967217989988726,
        0.17044862679118303,
        0.078125,
        0.19327057620082783
    ],
    [
        0.08267972847076846,
        0.07493486755176124,
        0.109375,
        0.15780476466190746,
        0.07967217989988726,
        0.11899645477912357,
        0.09375,
        0.05412658773652741,
        0.225888004606265,
        0.078125,
        0.08118988160479113,
        0.10364452469860624,
        0.12103072956898178,
        0.10711960313126631,
        0.11587810136086973,
        0.11158481919598204,
        0.140625,
        0.17328963291264715,
        0.06810779599282303,
        0.11481983169296148,
        0.16755945773068137,
        0.11267347735824966,
        0.07328774624724109,
        0.06987712429686843,
        0.0924387466109315,
        0.0,
        0.125,
        0.078125,
        0.08699631816921909,
        0.09375,
        0.08118988160479113,
        0.08838834764831845,
        0.09882117688026186,
        0.11796616305110547,
        0.1335000585205864,
        0.13441133229754104,
        0.10481568644530265,
        0.109375,
        0.1316585902058806,
        0.06051536478449089,
        0.11796616305110547,
        0.09757809372497497,
        0.11158481919598204,
        0.08267972847076846,
        0.09375,
        0.06051536478449089,
        0.13258252147247765,
        0.07654655446197431,
        0.14149039278339715
    ],
    [
        0.11481983169296148,
        0.0855816496101822,
        0.06629126073623882,
        0.1316585902058806,
        0.071602745233685,
        0.09757809372497497,
        0.06987712429686843,
        0.09375,
        0.22152260748059102,
        0.078125,
        0.1137517170200081,
        0.10711960313126631,
        0.12103072956898178,
        0.16387638252658618,
        0.04133986423538423,
        0.1335000585205864,
        0.0897587913521567,
        0.17469281074217108,
        0.08699631816921909,
        0.11692679333668567,
        0.1608692209529219,
        0.07493486755176124,
        0.08118988160479113,
        0.13441133229754104,
        0.15780476466190746,
        0.125,
        0.0,
        0.11692679333668567,
        0.06987712429686843,
        0.10481568644530265,
        0.11267347735824966,
        0.16312978920172735,
        0.06442352540027595,
        0.06987712429686843,
        0.13441133229754104,
        0.16828640022295324,
        0.12597277731716483,
        0.07493486755176124,
        0.05846339666834283,
        0.11587810136086973,
        0.18553659510996745,
        0.16312978920172735,
        0.06987712429686843,
        0.07493486755176124,
        0.04419417382415922,
        0.1307281291459493,
        0.05412658773652741,
        0.10245997694221876,
        0.10597390598633231
    ],
    [
        0.0924387466109315,
        0.06051536478449089,
        0.12789613706050704,
        0.11899645477912357,
        0.06051536478449089,
        0.0625,
        0.08267972847076846,
        0.07967217989988726,
        0.19764235376052372,
        0.0855816496101822,
        0.06810779599282303,
        0.07328774624724109,
        0.10126157341262282,
        0.06442352540027595,
        0.11158481919598204,
        0.11692679333668567,
        0.1269381000724369,
        0.11158481919598204,
        0.08838834764831845,
        0.08267972847076846,
        0.12401959270615269,
        0.09504316453590968,
        0.06810779599282303,
        0.05182226234930312,
        0.05412658773652741,
        0.078125,
        0.11692679333668567,
        0.0,
        0.11158481919598204,
        0.10004881620988826,
        0.027063293868263706,
        0.10597390598633231,
        0.10126157341262282,
        0.10825317547305482,
        0.10245997694221876,
        0.08699631816921909,
        0.078125,
        0.13531646934131855,
        0.12203515118604147,
        0.10004881620988826,
        0.11899645477912357,
        0.08267972847076846,
        0.11692679333668567,
        0.06442352540027595,
        0.10597390598633231,
        0.05412658773652741,
        0.125,
        0.078125,
        0.13258252147247765
    ],
    [
        0.12203515118604147,
        0.05182226234930312,
        0.046875,
        0.15068204314051492,
        0.07967217989988726,
        0.10597390598633231,
        0.07328774624724109,
        0.0897587913521567,
        0.2509746625657658,
        0.06987712429686843,
        0.109375,
        0.13887803777055607,
        0.14490028899212037,
        0.184877493221863,
        0.06810779599282303,
        0.16010860571811872,
        0.11587810136086973,
        0.21079277442550065,
        0.10126157341262282,
        0.13975424859373686,
        0.18221724671391565,
        0.11587810136086973,
        0.11048543456039805,
        0.12597277731716483,
        0.13975424859373686,
        0.08699631816921909,
        0.06987712429686843,
        0.11158481919598204,
        0.0,
        0.08838834764831845,
        0.10597390598633231,
        0.17258376589355096,
        0.07967217989988726,
        0.05182226234930312,
        0.1788362990978062,
        0.19136638615493579,
        0.14823176532039278,
        0.0625,
        0.08267972847076846,
        0.10481568644530265,
        0.17399263633843817,
        0.15857643070456592,
        0.10825317547305482,
        0.07328774624724109,
        0.0625,
        0.10711960313126631,
        0.06987712429686843,
        0.10481568644530265,
        0.05412658773652741
    ],
    [
        0.11048543456039805,
        0.08699631816921909,
        0.09375,
        0.14740595518838442,
        0.078125,
        0.08267972847076846,
        0.07967217989988726,
        0.08414320011147662,
        0.23333100817293873,
        0.09504316453590968,
        0.10364452469860624,
        0.10126157341262282,
        0.12401959270615269,
        0.15388840315306412,
        0.08267972847076846,
        0.071602745233685,
        0.07493486755176124,
        0.1316585902058806,
        0.0924387466109315,
        0.125,
        0.1690102160373745,
        0.08414320011147662,
        0.09375,
        0.09882117688026186,
        0.1288470508005519,
        0.09375,
