[
    [
        0.0,
        1.6817030058842137,
        2.057759704144291,
        0.8926785535678563,
        1.8200274723201295,
        1.8957188610128877,
        1.403121520040228,
        0.82915619758885,
        2.099106952968333,
        1.5562374497485916,
        0.75,
        1.4630874888399532,
        1.5761900266148114,
        1.704772712123232,
        1.7809758560968758,
        1.7544586059522749,
        1.8708286933869707,
        1.299038105676658,
        1.7633419974582356,
        1.6105123408406408,
        1.9724667297574374,
        2.1972994789058684,
        1.334634781503914,
        1.704772712123232,
        1.5811388300841898,
        1.6153559979150107,
        0.5303300858899106,
        0.9682458365518543,
        1.3287682265918312,
        2.03100960115899,
        1.845602882529175,
        2.0766559657295187,
        2.179449471770337,
        2.042516829796024,
        0.7180703308172536,
        1.9685019685029528,
        1.824314939915803,
        1.1726039399558574,
        1.4842927608797396,
        1.704772712123232,
        1.5,
        1.7320508075688772,
        2.2707377655731187,
        1.6441183047457382,
        1.8371173070873836,
        1.3110110602126894,
        1.709349291397168,
        1.1319231422671772,
        2.038688303787511,
        1.0897247358851685
    ],
    [
        1.6817030058842137,
        0.0,
        1.3635890143294642,
        1.14564392373896,
        1.1726039399558574,
        1.2808688457449497,
        1.1388041973930374,
        1.2374368670764582,
        1.286953767623375,
        1.165922381636102,
        1.375,
        1.125,
        1.1524430571616109,
        1.224744871391589,
        1.2054563451241194,
        1.2562344526401112,
        1.2054563451241194,
        1.14564392373896,
        1.2183492931011204,
        1.2119199643540823,
        1.3287682265918312,
        1.505199322349037,
        1.14564392373896,
        1.2054563451241194,
        1.286953767623375,
        1.2686114456365274,
        1.352081728298996,
        1.2054563451241194,
        1.2183492931011204,
        1.3975424859373686,
        1.2624381172952597,
        1.3110110602126894,
        1.4142135623730951,
        1.4142135623730951,
        1.3169567191065923,
        1.3050383136138188,
        1.3169567191065923,
        1.14564392373896,
        1.103970108290981,
        1.224744871391589,
        1.118033988749895,
        1.2747548783981961,
        1.352081728298996,
        1.2686114456365274,
        1.25,
        1.2054563451241194,
        1.2686114456365274,
        1.2624381172952597,
        1.5761900266148114,
        1.25
    ],
    [
        2.057759704144291,
        1.3635890143294642,
        0.0,
        1.4947825928876748,
        1.352081728298996,
        1.2374368670764582,
        1.4252192813739224,
        1.5155444566227676,
        1.286953767623375,
        1.334634781503914,
        1.653594569415369,
        1.346291201783626,
        1.352081728298996,
        1.352081728298996,
        1.3806701271484076,
        1.2374368670764582,
        1.3693063937629153,
        1.3228756555322954,
        1.286953767623375,
        1.346291201783626,
        1.2686114456365274,
        1.3228756555322954,
        1.4469796128487782,
        1.3050383136138188,
        1.3110110602126894,
        1.2119199643540823,
        1.695582495781317,
        1.4469796128487782,
        1.4086784586980805,
        1.4523687548277813,
        1.357847561400027,
        1.4361406616345072,
        1.3975424859373686,
        1.2930100540985752,
        1.6863421954040052,
        1.3287682265918312,
        1.334634781503914,
        1.4252192813739224,
        1.352081728298996,
        1.1858541225631423,
        1.340475661845451,
        1.403121520040228,
        1.403121520040228,
        1.25,
        1.340475661845451,
        1.3635890143294642,
        1.3287682265918312,
        1.5309310892394863,
        1.2686114456365274,
        1.5155444566227676
    ],
    [
        0.8926785535678563,
        1.14564392373896,
        1.4947825928876748,
        0.0,
        1.224744871391589,
        1.3919410907075054,
        1.0,
        0.75,
        1.4577379737113252,
        1.1388041973930374,
        0.770551750371122,
        0.9842509842514764,
        1.14564392373896,
        1.2747548783981961,
        1.2930100540985752,
        1.3863170633011772,
        1.334634781503914,
        0.9519716382329886,
        1.3228756555322954,
        1.14564392373896,
        1.4684175155588413,
        1.6630168369562588,
        0.9921567416492215,
        1.2747548783981961,
        1.1726039399558574,
        1.192424001771182,
        0.7806247497997998,
        0.82915619758885,
        0.9682458365518543,
        1.5360257159305635,
        1.357847561400027,
        1.2374368670764582,
        1.5612494995995996,
        1.5360257159305635,
        0.6123724356957945,
        1.4523687548277813,
        1.243734296383275,
        0.9682458365518543,
        1.118033988749895,
        1.2374368670764582,
        1.0897247358851685,
        1.2747548783981961,
        1.5360257159305635,
        1.3169567191065923,
        1.4197270864500684,
        0.9354143466934853,
        1.2686114456365274,
        0.8838834764831844,
        1.6056540723331412,
        0.8569568250501305
    ],
    [
        1.8200274723201295,
        1.1726039399558574,
        1.352081728298996,
        1.224744871391589,
        0.0,
        1.2930100540985752,
        1.14564392373896,
        1.2562344526401112,
        1.2808688457449497,
        1.192424001771182,
        1.334634781503914,
        1.2054563451241194,
        1.103970108290981,
        1.2686114456365274,
        1.2183492931011204,
        1.25,
        1.224744871391589,
        1.1110243021644486,
        1.14564392373896,
        1.159202311936963,
        1.346291201783626,
        1.4252192813739224,
        1.224744871391589,
        1.1792476415070754,
        1.299038105676658,
        1.224744871391589,
        1.4306903927824497,
        1.159202311936963,
        1.159202311936963,
        1.3635890143294642,
        1.231107225224513,
        1.2183492931011204,
        1.334634781503914,
        1.357847561400027,
        1.4142135623730951,
        1.224744871391589,
        1.2374368670764582,
        1.2183492931011204,
        1.125,
        1.2686114456365274,
        1.1726039399558574,
        1.25,
        1.3050383136138188,
        1.2374368670764582,
        1.224744871391589,
        1.125,
        1.0897247358851685,
        1.3228756555322954,
        1.5155444566227676,
        1.2119199643540823
    ],
    [
        1.8957188610128877,
        1.2808688457449497,
        1.2374368670764582,
        1.3919410907075054,
        1.2930100540985752,
        0.0,
        1.299038105676658,
        1.3919410907075054,
        1.3287682265918312,
        1.2930100540985752,
        1.571225636247067,
        1.2747548783981961,
        1.1989578808281798,
        1.2562344526401112,
        1.3169567191065923,
        1.1726039399558574,
        1.3287682265918312,
        1.2624381172952597,
        1.286953767623375,
        1.2747548783981961,
        1.1989578808281798,
        1.2930100540985752,
        1.346291201783626,
        1.3050383136138188,
        1.243734296383275,
        1.1524430571616109,
        1.5360257159305635,
        1.3693063937629153,
        1.3228756555322954,
        1.5461646096066226,
        1.3287682265918312,
        1.3228756555322954,
        1.3863170633011772,
        1.224744871391589,
        1.5662455107677085,
        1.346291201783626,
        1.352081728298996,
        1.2686114456365274,
        1.243734296383275,
        1.1792476415070754,
        1.2686114456365274,
        1.299038105676658,
        1.340475661845451,
        1.2054563451241194,
        1.3169567191065923,
        1.2930100540985752,
        1.2686114456365274,
        1.4361406616345072,
        1.3169567191065923,
        1.3863170633011772
    ],
    [
        1.403121520040228,
        1.1388041973930374,
        1.4252192813739224,
        1.0,
        1.14564392373896,
        1.299038105676658,
        0.0,
        1.015504800579495,
        1.3110110602126894,
        1.1388041973930374,
        1.0532687216470449,
        1.0752906583803283,
        1.0606601717798212,
        1.165922381636102,
        1.224744871391589,
        1.2562344526401112,
        1.2119199643540823,
        1.0383279828647594,
        1.2374368670764582,
        1.159202311936963,
        1.334634781503914,
        1.4577379737113252,
        1.0532687216470449,
        1.2183492931011204,
        1.2054563451241194,
        1.2119199643540823,
        1.1524430571616109,
        1.0077822185373186,
        0.9921567416492215,
        1.357847561400027,
        1.2930100540985752,
        1.2747548783981961,
        1.3693063937629153,
        1.4361406616345072,
        1.0680004681646913,
        1.3635890143294642,
        1.165922381636102,
        0.9519716382329886,
        1.0680004681646913,
        1.243734296383275,
        1.0231690964840563,
        1.243734296383275,
        1.4737282653189494,
        1.2374368670764582,
        1.299038105676658,
        1.0,
        1.2183492931011204,
        0.9842509842514764,
        1.5562374497485916,
        0.9842509842514764
    ],
    [
        0.82915619758885,
        1.2374368670764582,
        1.5155444566227676,
        0.75,
        1.2562344526401112,
        1.3919410907075054,
        1.015504800579495,
        0.0,
        1.4684175155588413,
        1.1858541225631423,
        0.673145600891813,
        1.0752906583803283,
        1.224744871391589,
        1.2930100540985752,
        1.286953767623375,
        1.3635890143294642,
        1.3806701271484076,
        0.9100137361600648,
        1.352081728298996,
        1.165922381636102,
        1.4577379737113252,
        1.6909686573085854,
        1.0606601717798212,
        1.3287682265918312,
        1.14564392373896,
        1.2183492931011204,
        0.7071067811865476,
        0.7806247497997998,
        0.9437293044088437,
        1.6153559979150107,
        1.403121520040228,
        1.4415703243338496,
        1.6153559979150107,
        1.541103500742244,
        0.6846531968814576,
        1.4197270864500684,
        1.352081728298996,
        0.9185586535436918,
        1.1388041973930374,
        1.340475661845451,
        1.125,
        1.25,
        1.6105123408406408,
        1.3050383136138188,
        1.4306903927824497,
        0.9762812094883317,
        1.2562344526401112,
        0.8660254037844386,
        1.6105123408406408,
        0.8926785535678563
    ],
    [
        2.099106952968333,
        1.286953767623375,
        1.286953767623375,
        1.4577379737113252,
        1.2808688457449497,
        1.3287682265918312,
        1.3110110602126894,
        1.4684175155588413,
        0.0,
        1.2562344526401112,
        1.6345871038277526,
        1.2930100540985752,
        1.1524430571616109,
        1.286953767623375,
        1.2747548783981961,
        1.334634781503914,
        1.286953767623375,
        1.2808688457449497,
        1.224744871391589,
        1.2808688457449497,
        1.375,
        1.4361406616345072,
        1.3169567191065923,
        1.2374368670764582,
        1.3919410907075054,
        1.334634781503914,
        1.595893166850463,
        1.3919410907075054,
        1.334634781503914,
        1.4469796128487782,
        1.2374368670764582,
        1.3050383136138188,
        1.286953767623375,
        1.4361406616345072,
        1.58607219255619,
        1.2562344526401112,
        1.2747548783981961,
        1.3287682265918312,
        1.2930100540985752,
        1.2930100540985752,
        1.299038105676658,
        1.2119199643540823,
        1.2624381172952597,
        1.3228756555322954,
        1.3287682265918312,
        1.334634781503914,
        1.192424001771182,
        1.4684175155588413,
        1.5811388300841898,
        1.4523687548277813
    ],
    [
        1.5562374497485916,
        1.165922381636102,
        1.334634781503914,
        1.1388041973930374,
        1.192424001771182,
        1.2930100540985752,
        1.1388041973930374,
        1.1858541225631423,
        1.2562344526401112,
        0.0,
        1.2686114456365274,
        1.0968705484240153,
        1.0897247358851685,
        1.224744871391589,
        1.125,
        1.2562344526401112,
        1.224744871391589,
        1.125,
        1.1858541225631423,
        1.1726039399558574,
        1.346291201783626,
        1.3975424859373686,
        1.1858541225631423,
        1.125,
        1.25,
        1.1792476415070754,
        1.299038105676658,
        1.118033988749895,
        1.14564392373896,
        1.2930100540985752,
        1.2374368670764582,
        1.243734296383275,
        1.3635890143294642,
        1.334634781503914,
        1.2747548783981961,
        1.25,
        1.2183492931011204,
        1.0825317547305484,
        1.1858541225631423,
        1.2808688457449497,
        1.1989578808281798,
        1.25,
        1.3169567191065923,
        1.2374368670764582,
        1.1792476415070754,
        1.103970108290981,
        1.2183492931011204,
        1.1388041973930374,
        1.5461646096066226,
        1.1319231422671772
    ],
    [
        0.75,
        1.375,
        1.653594569415369,
        0.770551750371122,
        1.334634781503914,
        1.571225636247067,
        1.0532687216470449,
        0.673145600891813,
        1.6345871038277526,
        1.2686114456365274,
        0.0,
        1.192424001771182,
        1.2930100540985752,
        1.4306903927824497,
        1.4415703243338496,
        1.4737282653189494,
        1.489546910976623,
        0.9682458365518543,
        1.4684175155588413,
        1.2686114456365274,
        1.6393596310755,
        1.8498310733685928,
        1.1110243021644486,
        1.4142135623730951,
        1.2624381172952597,
        1.352081728298996,
        0.6123724356957945,
        0.770551750371122,
        0.9921567416492215,
        1.6298006013006623,
        1.5309310892394863,
        1.4630874888399532,
        1.709349291397168,
        1.695582495781317,
        0.6373774391990981,
        1.5761900266148114,
        1.3693063937629153,
        1.0077822185373186,
        1.1989578808281798,
        1.4523687548277813,
        1.231107225224513,
        1.3975424859373686,
        1.6909686573085854,
        1.4415703243338496,
        1.479019945774904,
        0.9921567416492215,
        1.4086784586980805,
        0.8569568250501305,
        1.7320508075688772,
        0.875
    ],
    [
        1.4630874888399532,
        1.125,
        1.346291201783626,
        0.9842509842514764,
        1.2054563451241194,
        1.2747548783981961,
        1.0752906583803283,
        1.0752906583803283,
        1.2930100540985752,
        1.0968705484240153,
        1.192424001771182,
        0.0,
        1.0825317547305484,
        1.1858541225631423,
        1.1726039399558574,
        1.3050383136138188,
        1.2183492931011204,
        1.015504800579495,
        1.2183492931011204,
        1.14564392373896,
        1.3110110602126894,
        1.4577379737113252,
        1.0825317547305484,
        1.231107225224513,
        1.1792476415070754,
        1.1524430571616109,
        1.2119199643540823,
        1.103970108290981,
        1.0606601717798212,
        1.340475661845451,
        1.3050383136138188,
        1.2119199643540823,
        1.4197270864500684,
        1.375,
        1.125,
        1.2624381172952597,
        1.1989578808281798,
        1.1319231422671772,
        1.1388041973930374,
        1.25,
        1.159202311936963,
        1.231107225224513,
        1.3287682265918312,
        1.224744871391589,
        1.2686114456365274,
        1.0458250331675945,
        1.2054563451241194,
        1.1110243021644486,
        1.5360257159305635,
        1.118033988749895
    ],
    [
        1.5761900266148114,
        1.1524430571616109,
        1.352081728298996,
        1.14564392373896,
        1.103970108290981,
        1.1989578808281798,
        1.0606601717798212,
        1.224744871391589,
        1.1524430571616109,
        1.0897247358851685,
        1.2930100540985752,
        1.0825317547305484,
        0.0,
        1.1110243021644486,
        1.224744871391589,
        1.1989578808281798,
        1.192424001771182,
        1.0752906583803283,
        1.103970108290981,
        1.118033988749895,
        1.2686114456365274,
        1.3919410907075054,
        1.1989578808281798,
        1.1388041973930374,
        1.2747548783981961,
        1.1524430571616109,
        1.3228756555322954,
        1.1524430571616109,
        1.118033988749895,
        1.2930100540985752,
        1.1989578808281798,
        1.25,
        1.2808688457449497,
        1.3287682265918312,
        1.334634781503914,
        1.159202311936963,
        1.2183492931011204,
        1.1110243021644486,
        1.0897247358851685,
        1.2183492931011204,
        1.118033988749895,
        1.192424001771182,
        1.243734296383275,
        1.1792476415070754,
        1.192424001771182,
        1.1110243021644486,
        1.103970108290981,
        1.243734296383275,
        1.5309310892394863,
        1.192424001771182
    ],
    [
        1.704772712123232,
        1.224744871391589,
        1.352081728298996,
        1.2747548783981961,
        1.2686114456365274,
        1.2562344526401112,
        1.165922381636102,
        1.2930100540985752,
        1.286953767623375,
        1.224744871391589,
        1.4306903927824497,
        1.1858541225631423,
        1.1110243021644486,
        0.0,
        1.243734296383275,
        1.2562344526401112,
        1.118033988749895,
        1.1858541225631423,
        1.159202311936963,
        1.2054563451241194,
        1.2808688457449497,
        1.403121520040228,
        1.2183492931011204,
        1.192424001771182,
        1.346291201783626,
        1.2624381172952597,
        1.4361406616345072,
        1.2747548783981961,
        1.243734296383275,
        1.4252192813739224,
        1.2054563451241194,
        1.357847561400027,
        1.352081728298996,
        1.2562344526401112,
        1.4142135623730951,
        1.1989578808281798,
        1.2747548783981961,
        1.159202311936963,
        1.2119199643540823,
        1.2808688457449497,
        1.1388041973930374,
        1.231107225224513,
        1.3050383136138188,
        1.2808688457449497,
        1.2624381172952597,
        1.1792476415070754,
        1.159202311936963,
        1.243734296383275,
        1.5512092057488571,
        1.2930100540985752
    ],
    [
        1.7809758560968758,
        1.2054563451241194,
        1.3806701271484076,
        1.2930100540985752,
        1.2183492931011204,
        1.3169567191065923,
        1.224744871391589,
        1.286953767623375,
        1.2747548783981961,
        1.125,
        1.4415703243338496,
        1.1726039399558574,
        1.224744871391589,
        1.243734296383275,
        0.0,
        1.231107225224513,
        1.1524430571616109,
        1.2054563451241194,
        1.2054563451241194,
        1.1989578808281798,
        1.3050383136138188,
        1.4252192813739224,
        1.1989578808281798,
        1.1858541225631423,
        1.2808688457449497,
        1.2183492931011204,
        1.3635890143294642,
        1.231107225224513,
        1.2054563451241194,
        1.4469796128487782,
        1.286953767623375,
        1.1989578808281798,
        1.4306903927824497,
        1.3169567191065923,
        1.3228756555322954,
        1.3228756555322954,
        1.2562344526401112,
        1.2054563451241194,
        1.2119199643540823,
        1.286953767623375,
        1.2183492931011204,
        1.1524430571616109,
        1.25,
        1.2686114456365274,
        1.2930100540985752,
        1.1726039399558574,
        1.192424001771182,
        1.286953767623375,
        1.5461646096066226,
        1.299038105676658
    ],
    [
        1.7544586059522749,
        1.2562344526401112,
        1.2374368670764582,
        1.3863170633011772,
        1.25,
        1.1726039399558574,
        1.2562344526401112,
        1.3635890143294642,
        1.334634781503914,
        1.2562344526401112,
        1.4737282653189494,
        1.3050383136138188,
        1.1989578808281798,
        1.2562344526401112,
        1.231107225224513,
        0.0,
        1.2747548783981961,
        1.25,
        1.2808688457449497,
        1.2119199643540823,
        1.243734296383275,
        1.2686114456365274,
        1.3110110602126894,
        1.25,
        1.25,
        1.0897247358851685,
        1.505199322349037,
        1.286953767623375,
        1.2930100540985752,
        1.3919410907075054,
        1.3287682265918312,
        1.340475661845451,
        1.4252192813739224,
        1.2562344526401112,
        1.5,
        1.25,
        1.286953767623375,
        1.2686114456365274,
        1.2686114456365274,
        1.1726039399558574,
        1.2624381172952597,
        1.346291201783626,
        1.4086784586980805,
        1.1319231422671772,
        1.2624381172952597,
        1.25,
        1.3050383136138188,
        1.352081728298996,
        1.224744871391589,
        1.334634781503914
    ],
    [
        1.8708286933869707,
        1.2054563451241194,
        1.3693063937629153,
        1.334634781503914,
        1.224744871391589,
        1.3287682265918312,
        1.2119199643540823,
        1.3806701271484076,
        1.286953767623375,
        1.224744871391589,
        1.489546910976623,
        1.2183492931011204,
        1.192424001771182,
        1.118033988749895,
        1.1524430571616109,
        1.2747548783981961,
        0.0,
        1.224744871391589,
        1.1524430571616109,
        1.1726039399558574,
        1.3169567191065923,
        1.3806701271484076,
        1.2624381172952597,
        1.224744871391589,
        1.3228756555322954,
        1.3228756555322954,
        1.5360257159305635,
        1.2747548783981961,
        1.2562344526401112,
        1.3919410907075054,
        1.2562344526401112,
        1.340475661845451,
        1.375,
        1.3287682265918312,
        1.4523687548277813,
        1.2747548783981961,
        1.2119199643540823,
        1.231107225224513,
        1.2183492931011204,
        1.2808688457449497,
        1.2054563451241194,
        1.224744871391589,
        1.2054563451241194,
        1.25,
        1.299038105676658,
        1.1989578808281798,
        1.2374368670764582,
        1.3635890143294642,
        1.5309310892394863,
        1.346291201783626
    ],
    [
        1.299038105676658,
        1.14564392373896,
        1.3228756555322954,
        0.9519716382329886,
        1.1110243021644486,
        1.2624381172952597,
        1.0383279828647594,
        0.9100137361600648,
        1.2808688457449497,
        1.125,
        0.9682458365518543,
        1.015504800579495,
        1.0752906583803283,
        1.1858541225631423,
        1.2054563451241194,
        1.25,
        1.224744871391589,
        0.0,
        1.1792476415070754,
        1.0383279828647594,
        1.352081728298996,
        1.5103807466993215,
        1.0606601717798212,
        1.1792476415070754,
        1.0968705484240153,
        1.1388041973930374,
        1.0532687216470449,
        0.9682458365518543,
        1.015504800579495,
        1.3975424859373686,
        1.1726039399558574,
        1.2119199643540823,
        1.357847561400027,
        1.4252192813739224,
        1.0307764064044151,
        1.224744871391589,
        1.2374368670764582,
        1.0307764064044151,
        1.0825317547305484,
        1.1989578808281798,
        1.0532687216470449,
        1.1858541225631423,
        1.2930100540985752,
        1.2374368670764582,
        1.2686114456365274,
        0.9682458365518543,
        1.1792476415070754,
        1.0383279828647594,
        1.489546910976623,
        1.0307764064044151
    ],
    [
        1.7633419974582356,
        1.2183492931011204,
        1.286953767623375,
        1.3228756555322954,
        1.14564392373896,
        1.286953767623375,
        1.2374368670764582,
        1.352081728298996,
        1.224744871391589,
        1.1858541225631423,
        1.4684175155588413,
        1.2183492931011204,
        1.103970108290981,
        1.159202311936963,
        1.2054563451241194,
        1.2808688457449497,
        1.1524430571616109,
        1.1792476415070754,
        0.0,
        1.165922381636102,
        1.2624381172952597,
        1.375,
        1.2624381172952597,
        1.1858541225631423,
        1.3228756555322954,
        1.25,
        1.4577379737113252,
        1.2686114456365274,
        1.2624381172952597,
        1.3863170633011772,
        1.2183492931011204,
        1.2562344526401112,
        1.3110110602126894,
        1.3287682265918312,
        1.5155444566227676,
        1.224744871391589,
        1.118033988749895,
        1.243734296383275,
        1.2119199643540823,
        1.25,
        1.2119199643540823,
        1.224744871391589,
        1.25,
        1.2374368670764582,
        1.1989578808281798,
        1.2183492931011204,
        1.1388041973930374,
        1.3863170633011772,
        1.5258194519667128,
        1.3169567191065923
    ],
    [
        1.6105123408406408,
        1.2119199643540823,
        1.346291201783626,
        1.14564392373896,
        1.159202311936963,
        1.2747548783981961,
        1.159202311936963,
        1.165922381636102,
        1.2808688457449497,
        1.1726039399558574,
        1.2686114456365274,
        1.14564392373896,
        1.118033988749895,
        1.2054563451241194,
        1.1989578808281798,
        1.2119199643540823,
        1.1726039399558574,
        1.0383279828647594,
        1.165922381636102,
        0.0,
        1.357847561400027,
        1.4252192813739224,
        1.125,
        1.14564392373896,
        1.25,
        1.1792476415070754,
        1.2624381172952597,
        1.165922381636102,
        1.125,
        1.299038105676658,
        1.192424001771182,
        1.2119199643540823,
        1.3287682265918312,
        1.375,
        1.231107225224513,
        1.1989578808281798,
        1.118033988749895,
        1.103970108290981,
        1.1524430571616109,
        1.2747548783981961,
        1.118033988749895,
        1.1989578808281798,
        1.3228756555322954,
        1.2183492931011204,
        1.192424001771182,
        1.0752906583803283,
        1.14564392373896,
        1.1858541225631423,
        1.4469796128487782,
        1.1792476415070754
    ],
    [
        1.9724667297574374,
        1.3287682265918312,
        1.2686114456365274,
        1.4684175155588413,
        1.346291201783626,
        1.1989578808281798,
        1.334634781503914,
        1.4577379737113252,
        1.375,
        1.346291201783626,
        1.6393596310755,
        1.3110110602126894,
        1.2686114456365274,
        1.2808688457449497,
        1.3050383136138188,
        1.243734296383275,
        1.3169567191065923,
        1.352081728298996,
        1.2624381172952597,
        1.357847561400027,
        0.0,
        1.2562344526401112,
        1.4306903927824497,
        1.346291201783626,
        1.2624381172952597,
        1.224744871391589,
        1.6056540723331412,
        1.4197270864500684,
        1.4306903927824497,
        1.5360257159305635,
        1.346291201783626,
        1.4306903927824497,
        1.4252192813739224,
        1.2624381172952597,
        1.653594569415369,
        1.3635890143294642,
        1.3863170633011772,
        1.3863170633011772,
        1.334634781503914,
        1.1989578808281798,
        1.334634781503914,
        1.334634781503914,
        1.3169567191065923,
        1.2119199643540823,
        1.352081728298996,
        1.3287682265918312,
        1.299038105676658,
        1.4737282653189494,
        1.2930100540985752,
        1.4947825928876748
    ],
    [
        2.1972994789058684,
        1.505199322349037,
        1.3228756555322954,
        1.6630168369562588,
        1.4252192813739224,
        1.2930100540985752,
        1.4577379737113252,
        1.6909686573085854,
        1.4361406616345072,
        1.3975424859373686,
        1.8498310733685928,
        1.4577379737113252,
        1.3919410907075054,
        1.403121520040228,
        1.4252192813739224,
        1.2686114456365274,
        1.3806701271484076,
        1.5103807466993215,
        1.375,
        1.4252192813739224,
        1.2562344526401112,
        0.0,
        1.6007810593582121,
        1.334634781503914,
        1.299038105676658,
        1.352081728298996,
        1.845602882529175,
        1.620185174601965,
        1.541103500742244,
        1.5103807466993215,
        1.4577379737113252,
        1.5761900266148114,
        1.4684175155588413,
        1.3228756555322954,
        1.9243505397925815,
        1.4252192813739224,
        1.4469796128487782,
        1.5258194519667128,
        1.5103807466993215,
        1.2808688457449497,
        1.3110110602126894,
        1.4630874888399532,
        1.334634781503914,
        1.25,
        1.489546910976623,
        1.505199322349037,
        1.340475661845451,
        1.7365554986812255,
        1.357847561400027,
        1.6441183047457382
    ],
    [
        1.334634781503914,
        1.14564392373896,
        1.4469796128487782,
        0.9921567416492215,
        1.224744871391589,
        1.346291201783626,
        1.0532687216470449,
        1.0606601717798212,
        1.3169567191065923,
        1.1858541225631423,
        1.1110243021644486,
        1.0825317547305484,
        1.1989578808281798,
        1.2183492931011204,
        1.1989578808281798,
        1.3110110602126894,
        1.2624381172952597,
        1.0606601717798212,
        1.2624381172952597,
        1.125,
        1.4306903927824497,
        1.6007810593582121,
        0.0,
        1.165922381636102,
        1.2183492931011204,
        1.2930100540985752,
        1.0458250331675945,
        0.9921567416492215,
        1.0680004681646913,
        1.3806701271484076,
        1.2930100540985752,
        1.2374368670764582,
        1.5103807466993215,
        1.4361406616345072,
        1.0307764064044151,
        1.4361406616345072,
        1.2562344526401112,
        1.0897247358851685,
        1.1319231422671772,
        1.243734296383275,
        1.0532687216470449,
        1.2562344526401112,
        1.3693063937629153,
        1.1858541225631423,
        1.3806701271484076,
        1.0231690964840563,
        1.1858541225631423,
        1.1110243021644486,
        1.620185174601965,
        1.0532687216470449
    ],
    [
        1.704772712123232,
        1.2054563451241194,
        1.3050383136138188,
        1.2747548783981961,
        1.1792476415070754,
        1.3050383136138188,
        1.2183492931011204,
        1.3287682265918312,
        1.2374368670764582,
        1.125,
        1.4142135623730951,
        1.231107225224513,
        1.1388041973930374,
        1.192424001771182,
        1.1858541225631423,
        1.25,
        1.224744871391589,
        1.1792476415070754,
        1.1858541225631423,
        1.14564392373896,
        1.346291201783626,
        1.334634781503914,
        1.165922381636102,
        0.0,
        1.3287682265918312,
        1.224744871391589,
        1.3919410907075054,
        1.2562344526401112,
        1.286953767623375,
        1.3693063937629153,
        1.2808688457449497,
        1.286953767623375,
        1.3863170633011772,
        1.346291201783626,
        1.3806701271484076,
        1.2562344526401112,
        1.3110110602126894,
        1.2054563451241194,
        1.2562344526401112,
        1.243734296383275,
        1.1989578808281798,
        1.2119199643540823,
        1.2686114456365274,
        1.2374368670764582,
        1.286953767623375,
        1.165922381636102,
        1.165922381636102,
        1.2686114456365274,
        1.5103807466993215,
        1.3228756555322954
    ],
    [
        1.5811388300841898,
        1.286953767623375,
        1.3110110602126894,
        1.1726039399558574,
        1.299038105676658,
        1.243734296383275,
        1.2054563451241194,
        1.14564392373896,
        1.3919410907075054,
        1.25,
        1.2624381172952597,
        1.1792476415070754,
        1.2747548783981961,
        1.346291201783626,
        1.2808688457449497,
        1.25,
        1.3228756555322954,
        1.0968705484240153,
        1.3228756555322954,
        1.25,
        1.2624381172952597,
        1.299038105676658,
        1.2183492931011204,
        1.3287682265918312,
        0.0,
        1.0968705484240153,
        1.2686114456365274,
        1.1319231422671772,
        1.25,
        1.5612494995995996,
        1.357847561400027,
        1.3050383136138188,
        1.58607219255619,
        1.3050383136138188,
        1.2119199643540823,
        1.352081728298996,
        1.3975424859373686,
        1.125,
        1.2808688457449497,
        1.165922381636102,
        1.25,
        1.286953767623375,
        1.4947825928876748,
        1.1388041973930374,
        1.4306903927824497,
        1.192424001771182,
        1.3169567191065923,
        1.2119199643540823,
        1.2686114456365274,
        1.2119199643540823
    ],
    [
        1.6153559979150107,
        1.2686114456365274,
        1.2119199643540823,
        1.192424001771182,
        1.224744871391589,
        1.1524430571616109,
        1.2119199643540823,
        1.2183492931011204,
        1.334634781503914,
        1.1792476415070754,
        1.352081728298996,
        1.1524430571616109,
        1.1524430571616109,
        1.2624381172952597,
        1.2183492931011204,
        1.0897247358851685,
        1.3228756555322954,
        1.1388041973930374,
        1.25,
        1.1792476415070754,
        1.224744871391589,
        1.352081728298996,
        1.2930100540985752,
        1.224744871391589,
        1.0968705484240153,
        0.0,
        1.334634781503914,
        1.125,
        1.1524430571616109,
        1.479019945774904,
        1.3287682265918312,
        1.340475661845451,
        1.4684175155588413,
        1.1989578808281798,
        1.375,
        1.243734296383275,
        1.286953767623375,
        1.159202311936963,
        1.1524430571616109,
        1.159202311936963,
        1.2119199643540823,
        1.2747548783981961,
        1.3693063937629153,
        1.0606601717798212,
        1.334634781503914,
        1.2119199643540823,
        1.2183492931011204,
        1.3635890143294642,
        1.2562344526401112,
        1.224744871391589
    ],
    [
        0.5303300858899106,
        1.352081728298996,
        1.695582495781317,
        0.7806247497997998,
        1.4306903927824497,
        1.5360257159305635,
        1.1524430571616109,
        0.7071067811865476,
        1.595893166850463,
        1.299038105676658,
        0.6123724356957945,
        1.2119199643540823,
        1.3228756555322954,
        1.4361406616345072,
        1.3635890143294642,
        1.505199322349037,
        1.5360257159305635,
        1.0532687216470449,
        1.4577379737113252,
        1.2624381172952597,
        1.6056540723331412,
        1.845602882529175,
        1.0458250331675945,
        1.3919410907075054,
        1.2686114456365274,
        1.334634781503914,
        0.0,
        0.82915619758885,
        1.0231690964840563,
        1.6630168369562588,
        1.5206906325745548,
        1.5612494995995996,
        1.71846588560844,
        1.648863244784115,
        0.6123724356957945,
        1.5258194519667128,
        1.4577379737113252,
        0.9762812094883317,
        1.2747548783981961,
        1.4737282653189494,
        1.243734296383275,
        1.334634781503914,
        1.6056540723331412,
        1.4523687548277813,
        1.4842927608797396,
        1.0897247358851685,
        1.375,
        0.9762812094883317,
        1.71846588560844,
        0.9354143466934853
    ],
    [
        0.9682458365518543,
        1.2054563451241194,
        1.4469796128487782,
        0.82915619758885,
        1.159202311936963,
        1.3693063937629153,
        1.0077822185373186,
        0.7806247497997998,
        1.3919410907075054,
        1.118033988749895,
        0.770551750371122,
        1.103970108290981,
        1.1524430571616109,
        1.2747548783981961,
        1.231107225224513,
        1.286953767623375,
        1.2747548783981961,
        0.9682458365518543,
        1.2686114456365274,
        1.165922381636102,
        1.4197270864500684,
        1.620185174601965,
        0.9921567416492215,
        1.2562344526401112,
        1.1319231422671772,
        1.125,
        0.82915619758885,
        0.0,
        0.9682458365518543,
        1.4947825928876748,
        1.3228756555322954,
        1.2930100540985752,
        1.4737282653189494,
        1.4842927608797396,
        0.7905694150420949,
        1.299038105676658,
        1.224744871391589,
        0.9682458365518543,
        1.0680004681646913,
        1.2562344526401112,
        1.125,
        1.2374368670764582,
        1.5,
        1.243734296383275,
        1.299038105676658,
        1.0,
        1.243734296383275,
        0.9100137361600648,
        1.6056540723331412,
        0.82915619758885
    ],
    [
        1.3287682265918312,
        1.2183492931011204,
        1.4086784586980805,
        0.9682458365518543,
        1.159202311936963,
        1.3228756555322954,
        0.9921567416492215,
        0.9437293044088437,
        1.334634781503914,
        1.14564392373896,
        0.9921567416492215,
        1.0606601717798212,
        1.118033988749895,
        1.243734296383275,
        1.2054563451241194,
        1.2930100540985752,
        1.2562344526401112,
        1.015504800579495,
        1.2624381172952597,
        1.125,
        1.4306903927824497,
        1.541103500742244,
        1.0680004681646913,
        1.286953767623375,
        1.25,
        1.1524430571616109,
        1.0231690964840563,
        0.9682458365518543,
        0.0,
        1.4361406616345072,
        1.2930100540985752,
        1.3050383136138188,
        1.4523687548277813,
        1.4197270864500684,
        1.015504800579495,
        1.2808688457449497,
        1.165922381636102,
        1.015504800579495,
        1.0897247358851685,
        1.2808688457449497,
        1.14564392373896,
        1.1989578808281798,
        1.479019945774904,
        1.231107225224513,
        1.2930100540985752,
        0.9762812094883317,
        1.1792476415070754,
        1.0606601717798212,
        1.5562374497485916,
        0.9519716382329886
    ],
    [
        2.03100960115899,
        1.3975424859373686,
        1.4523687548277813,
        1.5360257159305635,
        1.3635890143294642,
        1.5461646096066226,
        1.357847561400027,
        1.6153559979150107,
        1.4469796128487782,
        1.2930100540985752,
        1.6298006013006623,
        1.340475661845451,
        1.2930100540985752,
        1.4252192813739224,
        1.4469796128487782,
        1.3919410907075054,
        1.3919410907075054,
        1.3975424859373686,
        1.3863170633011772,
        1.299038105676658,
        1.5360257159305635,
        1.5103807466993215,
        1.3806701271484076,
        1.3693063937629153,
        1.5612494995995996,
        1.479019945774904,
        1.6630168369562588,
        1.4947825928876748,
        1.4361406616345072,
        0.0,
        1.4415703243338496,
        1.5,
        1.4086784586980805,
        1.5155444566227676,
        1.5811388300841898,
