[
    [
        0.0,
        0.09375,
        0.301768873684812,
        0.14149039278339715,
        0.07967217989988726,
        0.109375,
        0.0625,
        0.08699631816921909,
        0.2415566380271923,
        0.17746588580625855,
        0.0855816496101822,
        0.06442352540027595,
        0.17608480733726006,
        0.14657549249448218,
        0.08118988160479113,
        0.10364452469860624,
        0.05846339666834283,
        0.11158481919598204,
        0.08699631816921909,
        0.15857643070456592,
        0.13799626353637262,
        0.08300717422140223,
        0.10825317547305482,
        0.1316585902058806,
        0.12203515118604147,
        0.078125,
        0.06442352540027595,
        0.0855816496101822,
        0.09375,
        0.10245997694221876,
        0.08838834764831845,
        0.14986973510352247,
        0.09110862335695782,
        0.09882117688026186,
        0.10004881620988826,
        0.10245997694221876,
        0.10825317547305482,
        0.08838834764831845,
        0.06987712429686843,
        0.09882117688026186,
        0.08699631816921909,
        0.08118988160479113,
        0.10072437294694642,
        0.08118988160479113,
        0.08267972847076846,
        0.11796616305110547,
        0.10245997694221876,
        0.12597277731716483,
        0.09757809372497497
    ],
    [
        0.09375,
        0.0,
        0.34053897996411514,
        0.17469281074217108,
        0.08267972847076846,
        0.10126157341262282,
        0.046875,
        0.08414320011147662,
        0.27332587007087344,
        0.05633673867912483,
        0.071602745233685,
        0.07493486755176124,
        0.22152260748059102,
        0.17746588580625855,
        0.08118988160479113,
        0.09882117688026186,
        0.071602745233685,
        0.14574029770451274,
        0.0855816496101822,
        0.17469281074217108,
        0.18814991529362962,
        0.04629267925685204,
        0.14490028899212037,
        0.1137517170200081,
        0.14405538214520136,
        0.07493486755176124,
        0.06629126073623882,
        0.06810779599282303,
        0.05412658773652741,
        0.09882117688026186,
        0.0625,
        0.2072890493972125,
        0.09882117688026186,
        0.05182226234930312,
        0.12203515118604147,
        0.10004881620988826,
        0.10825317547305482,
        0.06987712429686843,
        0.10825317547305482,
        0.11692679333668567,
        0.05846339666834283,
        0.1137517170200081,
        0.13631512841981666,
        0.07967217989988726,
        0.04941058844013093,
        0.09504316453590968,
        0.05846339666834283,
        0.13441133229754104,
        0.04941058844013093
    ],
    [
        0.301768873684812,
        0.34053897996411514,
        0.0,
        0.18087245160609727,
        0.2773162398327945,
        0.18553659510996745,
        0.2960514893983815,
        0.24506854908372067,
        0.16010860571811872,
        0.427337322849292,
        0.2543565718140579,
        0.32700702400713044,
        0.13621559198564606,
        0.2385052737886523,
        0.24556615071096424,
        0.2460627460628691,
        0.32211762700137975,
        0.18619336387207788,
        0.25626905416963636,
        0.14657549249448218,
        0.125,
        0.3253020097838998,
        0.1801962905417312,
        0.21875,
        0.15467960838455727,
        0.24506854908372067,
        0.3101473943949876,
        0.23070036031614688,
        0.31638213642682167,
        0.2415566380271923,
        0.28598445652692384,
        0.14574029770451274,
        0.2159417962669571,
        0.328125,
        0.19640320453088336,
        0.20551478809321727,
        0.2881107642904027,
        0.37173053916782245,
        0.258167369404036,
        0.20551478809321727,
        0.3462268719712553,
        0.21763106683100186,
        0.1972989263007897,
        0.3097535562749845,
        0.33874192794810626,
        0.22642776165920997,
        0.42331928700450205,
        0.22371595411369302,
        0.26608416196760004
    ],
    [
        0.14149039278339715,
        0.17469281074217108,
        0.18087245160609727,
        0.0,
        0.13799626353637262,
        0.09504316453590968,
        0.14574029770451274,
        0.120017902310447,
        0.16682934768798924,
        0.23799290955824715,
        0.13710881855300192,
        0.15388840315306412,
        0.15388840315306412,
        0.14490028899212037,
        0.13258252147247765,
        0.12303137303143455,
        0.14740595518838442,
        0.1335000585205864,
        0.1307281291459493,
        0.13887803777055607,
        0.11587810136086973,
        0.15651020001371582,
        0.11587810136086973,
        0.1616262567623219,
        0.09631896879639025,
        0.11899645477912357,
        0.14320549046737,
        0.11899645477912357,
        0.1616262567623219,
        0.1335000585205864,
        0.14905300022139775,
        0.14657549249448218,
        0.1137517170200081,
        0.15857643070456592,
        0.10597390598633231,
        0.12789613706050704,
        0.15857643070456592,
        0.16755945773068137,
        0.12303137303143455,
        0.10245997694221876,
        0.1608692209529219,
        0.10711960313126631,
        0.11279379076931102,
        0.14657549249448218,
        0.1690102160373745,
        0.13441133229754104,
        0.203125,
        0.1269381000724369,
        0.14490028899212037
    ],
    [
        0.07967217989988726,
        0.08267972847076846,
        0.2773162398327945,
        0.13799626353637262,
        0.0,
        0.11481983169296148,
        0.04133986423538423,
        0.071602745233685,
        0.2181912506838897,
        0.16312978920172735,
        0.06051536478449089,
        0.07328774624724109,
        0.16010860571811872,
        0.11267347735824966,
        0.04941058844013093,
        0.07328774624724109,
        0.07967217989988726,
        0.10364452469860624,
        0.06987712429686843,
        0.12303137303143455,
        0.13621559198564606,
        0.0968806001965535,
        0.09882117688026186,
        0.10126157341262282,
        0.11692679333668567,
        0.06987712429686843,
        0.06810779599282303,
        0.0625,
        0.10481568644530265,
        0.07493486755176124,
        0.06810779599282303,
        0.15229366163764005,
        0.07654655446197431,
        0.11048543456039805,
        0.09504316453590968,
        0.07493486755176124,
        0.07654655446197431,
        0.10126157341262282,
        0.06629126073623882,
        0.10004881620988826,
        0.09631896879639025,
        0.09504316453590968,
        0.07235647911171773,
        0.05412658773652741,
        0.10126157341262282,
        0.0855816496101822,
        0.13258252147247765,
        0.10004881620988826,
        0.0625
    ],
    [
        0.109375,
        0.10126157341262282,
        0.18553659510996745,
        0.09504316453590968,
        0.11481983169296148,
        0.0,
        0.08267972847076846,
        0.071602745233685,
        0.19702375332685143,
        0.14320549046737,
        0.11158481919598204,
        0.10004881620988826,
        0.17044862679118303,
        0.140625,
        0.10711960313126631,
        0.09631896879639025,
        0.09631896879639025,
        0.08699631816921909,
        0.08267972847076846,
        0.1335000585205864,
        0.09882117688026186,
        0.0818553835703214,
        0.09757809372497497,
        0.11481983169296148,
        0.07654655446197431,
        0.06629126073623882,
        0.09631896879639025,
        0.06810779599282303,
        0.0924387466109315,
        0.0924387466109315,
        0.08414320011147662,
        0.13441133229754104,
        0.07493486755176124,
        0.08267972847076846,
        0.08838834764831845,
        0.08414320011147662,
        0.10126157341262282,
        0.08838834764831845,
        0.10597390598633231,
        0.078125,
        0.09110862335695782,
        0.08118988160479113,
        0.11097539454511728,
        0.10126157341262282,
        0.09882117688026186,
        0.10245997694221876,
        0.12103072956898178,
        0.09631896879639025,
        0.07967217989988726
    ],
    [
        0.0625,
        0.046875,
        0.2960514893983815,
        0.14574029770451274,
        0.04133986423538423,
        0.08267972847076846,
        0.0,
        0.06810779599282303,
        0.22963966338592295,
        0.10245997694221876,
        0.05412658773652741,
        0.06051536478449089,
        0.17608480733726006,
        0.12597277731716483,
        0.04419417382415922,
        0.07654655446197431,
        0.0625,
        0.11481983169296148,
        0.06987712429686843,
        0.14905300022139775,
        0.13975424859373686,
        0.06271663843120988,
        0.11587810136086973,
        0.10364452469860624,
        0.11692679333668567,
        0.05633673867912483,
        0.05633673867912483,
        0.0625,
        0.05846339666834283,
        0.07493486755176124,
        0.05182226234930312,
        0.15780476466190746,
        0.06629126073623882,
        0.071602745233685,
        0.08699631816921909,
        0.06987712429686843,
        0.08414320011147662,
        0.07328774624724109,
        0.06051536478449089,
        0.09882117688026186,
        0.06810779599282303,
        0.08414320011147662,
        0.07457198470456433,
        0.04941058844013093,
        0.0625,
        0.08838834764831845,
        0.0855816496101822,
        0.1137517170200081,
        0.05182226234930312
    ],
    [
        0.08699631816921909,
        0.08414320011147662,
        0.24506854908372067,
        0.120017902310447,
        0.071602745233685,
        0.071602745233685,
        0.06810779599282303,
        0.0,
        0.20551478809321727,
        0.16828640022295324,
        0.08838834764831845,
        0.09375,
        0.15934435979977452,
        0.10004881620988826,
        0.078125,
        0.06987712429686843,
        0.0924387466109315,
        0.11048543456039805,
        0.04419417382415922,
        0.12303137303143455,
        0.09504316453590968,
        0.06730649991312541,
        0.10126157341262282,
        0.078125,
        0.07328774624724109,
        0.06051536478449089,
        0.09504316453590968,
        0.05182226234930312,
        0.10364452469860624,
        0.0924387466109315,
        0.05182226234930312,
        0.125,
        0.06051536478449089,
        0.06810779599282303,
        0.06051536478449089,
        0.06987712429686843,
        0.07493486755176124,
        0.109375,
        0.071602745233685,
        0.10825317547305482,
        0.09757809372497497,
        0.06629126073623882,
        0.06669921080659219,
        0.06987712429686843,
        0.09375,
        0.05633673867912483,
        0.140625,
        0.06987712429686843,
        0.046875
    ],
    [
        0.2415566380271923,
        0.27332587007087344,
        0.16010860571811872,
        0.16682934768798924,
        0.2181912506838897,
        0.19702375332685143,
        0.22963966338592295,
        0.20551478809321727,
        0.0,
        0.3412551510600243,
        0.225888004606265,
        0.25146057717861064,
        0.16828640022295324,
        0.16682934768798924,
        0.2181912506838897,
        0.20252314682524564,
        0.25146057717861064,
        0.20191949973937634,
        0.21194781197266463,
        0.18421603316486868,
        0.15625,
        0.2575888128932966,
        0.20070675904164265,
        0.21650635094610965,
        0.1690102160373745,
        0.20432338797846908,
        0.25146057717861064,
        0.20787710461953235,
        0.2567449488305466,
        0.21930732574403436,
        0.2275034340400162,
        0.1788362990978062,
        0.18944305707784595,
        0.25146057717861064,
        0.1795175827043134,
        0.1887975933374152,
        0.2181912506838897,
        0.26378035962709584,
        0.21875,
        0.20252314682524564,
        0.26608416196760004,
        0.2153757617514097,
        0.1768534046494755,
        0.2275034340400162,
        0.2715335499528557,
        0.1926379375927805,
        0.30378472023786846,
        0.1767766952966369,
        0.22041774968227945
    ],
    [
        0.17746588580625855,
        0.05633673867912483,
        0.427337322849292,
        0.23799290955824715,
        0.16312978920172735,
        0.14320549046737,
        0.10245997694221876,
        0.16828640022295324,
        0.3412551510600243,
        0.0,
        0.14149039278339715,
        0.11481983169296148,
        0.3101473943949876,
        0.2688226645950821,
        0.14823176532039278,
        0.17469281074217108,
        0.14405538214520136,
        0.21650635094610965,
        0.1616262567623219,
        0.2647042866577721,
        0.26972932033800107,
        0.08478552393801932,
        0.22262198201210948,
        0.1570293065800139,
        0.2153757617514097,
        0.14490028899212037,
        0.11267347735824966,
        0.1288470508005519,
        0.06987712429686843,
        0.16461958988832404,
        0.09757809372497497,
        0.293567097313374,
        0.15388840315306412,
        0.06987712429686843,
        0.19136638615493579,
        0.15857643070456592,
        0.15309310892394862,
        0.08267972847076846,
        0.1926379375927805,
        0.1690102160373745,
        0.09757809372497497,
        0.18087245160609727,
        0.23146339628426013,
        0.12979099785809492,
        0.07493486755176124,
        0.18221724671391565,
        0.034938562148434216,
        0.20191949973937634,
        0.09375
    ],
    [
        0.0855816496101822,
        0.071602745233685,
        0.2543565718140579,
        0.13710881855300192,
        0.06051536478449089,
        0.11158481919598204,
        0.05412658773652741,
        0.08838834764831845,
        0.225888004606265,
        0.14149039278339715,
        0.0,
        0.06442352540027595,
        0.13258252147247765,
        0.14320549046737,
        0.04419417382415922,
        0.06629126073623882,
        0.071602745233685,
        0.08414320011147662,
        0.0897587913521567,
        0.09375,
        0.1288470508005519,
        0.09674049802607662,
        0.07328774624724109,
        0.125,
        0.13621559198564606,
        0.06442352540027595,
        0.08118988160479113,
        0.05633673867912483,
        0.09882117688026186,
        0.071602745233685,
        0.08118988160479113,
        0.1307281291459493,
        0.09375,
        0.09882117688026186,
        0.109375,
        0.08699631816921909,
        0.11267347735824966,
        0.10597390598633231,
        0.07328774624724109,
        0.07967217989988726,
        0.09375,
        0.10245997694221876,
        0.090210979560879,
        0.071602745233685,
        0.08699631816921909,
        0.0924387466109315,
        0.11899645477912357,
        0.125,
        0.071602745233685
    ],
    [
        0.06442352540027595,
        0.07493486755176124,
        0.32700702400713044,
        0.15388840315306412,
        0.07328774624724109,
        0.10004881620988826,
        0.06051536478449089,
        0.09375,
        0.25146057717861064,
        0.11481983169296148,
        0.06442352540027595,
        0.0,
        0.19825902406952375,
        0.14823176532039278,
        0.0625,
        0.08699631816921909,
        0.05846339666834283,
        0.1288470508005519,
        0.10245997694221876,
        0.16828640022295324,
        0.16237976320958225,
        0.07950175792955079,
        0.12103072956898178,
        0.13710881855300192,
        0.13531646934131855,
        0.0625,
        0.0625,
        0.0855816496101822,
        0.07654655446197431,
        0.07493486755176124,
        0.078125,
        0.17469281074217108,
        0.10245997694221876,
        0.08699631816921909,
        0.11158481919598204,
        0.11048543456039805,
        0.109375,
        0.07328774624724109,
        0.078125,
        0.11158481919598204,
        0.07493486755176124,
        0.10245997694221876,
        0.10584584079636235,
        0.078125,
        0.05846339666834283,
        0.12401959270615269,
        0.07967217989988726,
        0.12789613706050704,
        0.09110862335695782
    ],
    [
        0.17608480733726006,
        0.22152260748059102,
        0.13621559198564606,
        0.15388840315306412,
        0.16010860571811872,
        0.17044862679118303,
        0.17608480733726006,
        0.15934435979977452,
        0.16828640022295324,
        0.3101473943949876,
        0.13258252147247765,
        0.19825902406952375,
        0.0,
        0.171875,
        0.1335000585205864,
        0.1316585902058806,
        0.2013140426050801,
        0.09631896879639025,
        0.1608692209529219,
        0.08414320011147662,
        0.11899645477912357,
        0.21562751608837968,
        0.0855816496101822,
        0.18553659510996745,
        0.120017902310447,
        0.14405538214520136,
        0.18087245160609727,
        0.1307281291459493,
        0.19640320453088336,
        0.12401959270615269,
        0.1907274314958391,
        0.09757809372497497,
        0.14405538214520136,
        0.22480460265528374,
        0.1316585902058806,
        0.12401959270615269,
        0.20252314682524564,
        0.24506854908372067,
        0.15546678704790937,
        0.11267347735824966,
        0.22041774968227945,
        0.1335000585205864,
        0.12640271978657913,
        0.18944305707784595,
        0.213668661424646,
        0.1316585902058806,
        0.28512949360772905,
        0.16535945694153692,
        0.1711632992203644
    ],
    [
        0.14657549249448218,
        0.17746588580625855,
        0.2385052737886523,
        0.14490028899212037,
        0.11267347735824966,
        0.140625,
        0.12597277731716483,
        0.10004881620988826,
        0.16682934768798924,
        0.2688226645950821,
        0.14320549046737,
        0.14823176532039278,
        0.171875,
        0.0,
        0.1288470508005519,
        0.09504316453590968,
        0.15388840315306412,
        0.14405538214520136,
        0.09757809372497497,
        0.1514899955442603,
        0.1335000585205864,
        0.1505920030708433,
        0.14657549249448218,
        0.10245997694221876,
        0.10597390598633231,
        0.125,
        0.15229366163764005,
        0.1137517170200081,
        0.171875,
        0.140625,
        0.10364452469860624,
        0.14823176532039278,
        0.11267347735824966,
        0.13441133229754104,
        0.10004881620988826,
        0.10711960313126631,
        0.09757809372497497,
        0.1608692209529219,
        0.12789613706050704,
        0.16973094517500337,
        0.16755945773068137,
        0.13710881855300192,
        0.10699290929257366,
        0.10245997694221876,
        0.1711632992203644,
        0.109375,
        0.20432338797846908,
        0.06987712429686843,
        0.10597390598633231
    ],
    [
        0.08118988160479113,
        0.08118988160479113,
        0.24556615071096424,
        0.13258252147247765,
        0.04941058844013093,
        0.10711960313126631,
        0.04419417382415922,
        0.078125,
        0.2181912506838897,
        0.14823176532039278,
        0.04419417382415922,
        0.0625,
        0.1335000585205864,
        0.1288470508005519,
        0.0,
        0.06987712429686843,
        0.078125,
        0.08267972847076846,
        0.08118988160479113,
        0.0924387466109315,
        0.12103072956898178,
        0.09575404328567831,
        0.07493486755176124,
        0.11587810136086973,
        0.125,
        0.06442352540027595,
        0.08267972847076846,
        0.06442352540027595,
        0.09757809372497497,
        0.07654655446197431,
        0.07328774624724109,
        0.12979099785809492,
        0.08118988160479113,
        0.09631896879639025,
        0.09882117688026186,
        0.07654655446197431,
        0.0924387466109315,
        0.10481568644530265,
        0.06629126073623882,
        0.08838834764831845,
        0.10364452469860624,
        0.10364452469860624,
        0.08589803386703458,
        0.05633673867912483,
        0.09110862335695782,
        0.0855816496101822,
        0.1269381000724369,
        0.10825317547305482,
        0.06987712429686843
    ],
    [
        0.10364452469860624,
        0.09882117688026186,
        0.2460627460628691,
        0.12303137303143455,
        0.07328774624724109,
        0.09631896879639025,
        0.07654655446197431,
        0.06987712429686843,
        0.20252314682524564,
        0.17469281074217108,
        0.06629126073623882,
        0.08699631816921909,
        0.1316585902058806,
        0.09504316453590968,
        0.06987712429686843,
        0.0,
        0.0855816496101822,
        0.08699631816921909,
        0.078125,
        0.10245997694221876,
        0.1137517170200081,
        0.10875319280115156,
        0.08118988160479113,
        0.10364452469860624,
        0.109375,
        0.0625,
        0.10481568644530265,
        0.04941058844013093,
        0.13531646934131855,
        0.06051536478449089,
        0.06810779599282303,
        0.12979099785809492,
        0.09504316453590968,
        0.09110862335695782,
        0.08118988160479113,
        0.09375,
        0.0855816496101822,
        0.11587810136086973,
        0.09882117688026186,
        0.11267347735824966,
        0.10825317547305482,
        0.08699631816921909,
        0.07565541169965599,
        0.06629126073623882,
        0.11481983169296148,
        0.0855816496101822,
        0.14574029770451274,
        0.08267972847076846,
        0.05182226234930312
    ],
    [
        0.05846339666834283,
        0.071602745233685,
        0.32211762700137975,
        0.14740595518838442,
        0.07967217989988726,
        0.09631896879639025,
        0.0625,
        0.0924387466109315,
        0.25146057717861064,
        0.14405538214520136,
        0.071602745233685,
        0.05846339666834283,
        0.2013140426050801,
        0.15388840315306412,
        0.078125,
        0.0855816496101822,
        0.0,
        0.1269381000724369,
        0.09504316453590968,
        0.1753901900050285,
        0.16682934768798924,
        0.0791598132998472,
        0.12401959270615269,
        0.13710881855300192,
        0.13531646934131855,
        0.06442352540027595,
        0.05633673867912483,
        0.08414320011147662,
        0.071602745233685,
        0.071602745233685,
        0.07654655446197431,
        0.17469281074217108,
        0.09882117688026186,
        0.08267972847076846,
        0.109375,
        0.11587810136086973,
        0.12597277731716483,
        0.0625,
        0.06987712429686843,
        0.10245997694221876,
        0.05633673867912483,
        0.0855816496101822,
        0.102988124652527,
        0.08414320011147662,
        0.06629126073623882,
        0.120017902310447,
        0.0855816496101822,
        0.12979099785809492,
        0.09375
    ],
    [
        0.11158481919598204,
        0.14574029770451274,
        0.18619336387207788,
        0.1335000585205864,
        0.10364452469860624,
        0.08699631816921909,
        0.11481983169296148,
        0.11048543456039805,
        0.20191949973937634,
        0.21650635094610965,
        0.08414320011147662,
        0.1288470508005519,
        0.09631896879639025,
        0.14405538214520136,
        0.08267972847076846,
        0.08699631816921909,
        0.1269381000724369,
        0.0,
        0.1137517170200081,
        0.0897587913521567,
        0.09882117688026186,
        0.14959798558692783,
        0.04941058844013093,
        0.1616262567623219,
        0.1269381000724369,
        0.0855816496101822,
        0.10597390598633231,
        0.07328774624724109,
        0.1288470508005519,
        0.08118988160479113,
        0.14149039278339715,
        0.09631896879639025,
        0.08838834764831845,
        0.16755945773068137,
        0.10004881620988826,
        0.08414320011147662,
        0.1570293065800139,
        0.1753901900050285,
        0.08838834764831845,
        0.06810779599282303,
        0.15546678704790937,
        0.08699631816921909,
        0.09258535851370403,
        0.1316585902058806,
        0.14149039278339715,
        0.10364452469860624,
        0.19948664585630788,
        0.13710881855300192,
        0.1269381000724369
    ],
    [
        0.08699631816921909,
        0.0855816496101822,
        0.25626905416963636,
        0.1307281291459493,
        0.06987712429686843,
        0.08267972847076846,
        0.06987712429686843,
        0.04419417382415922,
        0.21194781197266463,
        0.1616262567623219,
        0.0897587913521567,
        0.10245997694221876,
        0.1608692209529219,
        0.09757809372497497,
        0.08118988160479113,
        0.078125,
        0.09504316453590968,
        0.1137517170200081,
        0.0,
        0.12103072956898178,
        0.11158481919598204,
        0.06968275083468564,
        0.109375,
        0.06051536478449089,
        0.08267972847076846,
        0.06987712429686843,
        0.09631896879639025,
        0.046875,
        0.11048543456039805,
        0.10364452469860624,
        0.05182226234930312,
        0.120017902310447,
        0.06051536478449089,
        0.06987712429686843,
        0.06442352540027595,
        0.06051536478449089,
        0.07493486755176124,
        0.120017902310447,
        0.06810779599282303,
        0.12203515118604147,
        0.11158481919598204,
        0.07654655446197431,
        0.07103219633846801,
        0.06629126073623882,
        0.10126157341262282,
        0.046875,
        0.14320549046737,
        0.06629126073623882,
        0.04941058844013093
    ],
    [
        0.15857643070456592,
        0.17469281074217108,
        0.14657549249448218,
        0.13887803777055607,
        0.12303137303143455,
        0.1335000585205864,
        0.14905300022139775,
        0.12303137303143455,
        0.18421603316486868,
        0.2647042866577721,
        0.09375,
        0.16828640022295324,
        0.08414320011147662,
        0.1514899955442603,
        0.0924387466109315,
        0.10245997694221876,
        0.1753901900050285,
        0.0897587913521567,
        0.12103072956898178,
        0.0,
        0.09110862335695782,
        0.18451030816581615,
        0.08838834764831845,
        0.16828640022295324,
        0.12979099785809492,
        0.12597277731716483,
        0.1616262567623219,
        0.0897587913521567,
        0.1781524101717403,
        0.10364452469860624,
        0.15780476466190746,
        0.08267972847076846,
        0.11796616305110547,
        0.19327057620082783,
        0.12401959270615269,
        0.10126157341262282,
        0.17608480733726006,
        0.23175620272173947,
        0.12979099785809492,
        0.1316585902058806,
        0.20787710461953235,
        0.1288470508005519,
        0.10533202300081607,
        0.1570293065800139,
        0.18288593610499415,
        0.09504316453590968,
        0.2614562582918986,
        0.15068204314051492,
        0.12979099785809492
    ],
    [
        0.13799626353637262,
        0.18814991529362962,
        0.125,
        0.11587810136086973,
        0.13621559198564606,
        0.09882117688026186,
        0.13975424859373686,
        0.09504316453590968,
        0.15625,
        0.26972932033800107,
        0.1288470508005519,
        0.16237976320958225,
        0.11899645477912357,
        0.1335000585205864,
        0.12103072956898178,
        0.1137517170200081,
        0.16682934768798924,
        0.09882117688026186,
        0.11158481919598204,
        0.09110862335695782,
        0.0,
        0.16478429187037888,
        0.09882117688026186,
        0.15229366163764005,
        0.08267972847076846,
        0.109375,
        0.15934435979977452,
        0.09631896879639025,
        0.16312978920172735,
        0.11899645477912357,
        0.1316585902058806,
        0.08414320011147662,
        0.0855816496101822,
        0.16682934768798924,
        0.07967217989988726,
        0.08118988160479113,
        0.13975424859373686,
        0.18684782411095935,
        0.120017902310447,
        0.1335000585205864,
        0.1711632992203644,
        0.09757809372497497,
        0.08637043724883856,
        0.14490028899212037,
        0.1788362990978062,
        0.09110862335695782,
        0.24206145913796356,
        0.10126157341262282,
        0.12303137303143455
    ],
    [
        0.08300717422140223,
        0.04629267925685204,
        0.3253020097838998,
        0.15651020001371582,
        0.0968806001965535,
        0.0818553835703214,
        0.06271663843120988,
        0.06730649991312541,
        0.2575888128932966,
        0.08478552393801932,
        0.09674049802607662,
        0.07950175792955079,
        0.21562751608837968,
        0.1505920030708433,
        0.09575404328567831,
        0.10875319280115156,
        0.0791598132998472,
        0.14959798558692783,
        0.06968275083468564,
        0.18451030816581615,
        0.16478429187037888,
        0.0,
        0.1480486500369989,
        0.09840856056089156,
        0.1161119625500414,
        0.08218611373989324,
        0.06400107149710682,
        0.07690012010538229,
        0.04629267925685204,
        0.11194888156356603,
        0.05462546084219537,
        0.19291936643179305,
        0.08300717422140222,
        0.05049666518142008,
        0.0957540432856783,
        0.09771699499632143,
        0.08915230608658169,
        0.05585315257689381,
        0.08900003901372427,
        0.12247891683650884,
        0.06140534438828958,
        0.08990977344600036,
        0.11669456511670873,
        0.07291666666666666,
        0.04599875451212424,
        0.10724614730194791,
        0.052858810234855336,
        0.11808108384119406,
        0.06006543018057704
    ],
    [
        0.10825317547305482,
        0.14490028899212037,
        0.1801962905417312,
        0.11587810136086973,
        0.09882117688026186,
        0.09757809372497497,
        0.11587810136086973,
        0.10126157341262282,
        0.20070675904164265,
        0.22262198201210948,
        0.07328774624724109,
        0.12103072956898178,
        0.0855816496101822,
        0.14657549249448218,
        0.07493486755176124,
        0.08118988160479113,
        0.12401959270615269,
        0.04941058844013093,
        0.109375,
        0.08838834764831845,
        0.09882117688026186,
        0.1480486500369989,
        0.0,
        0.1608692209529219,
        0.11796616305110547,
        0.0924387466109315,
        0.10825317547305482,
        0.071602745233685,
        0.1307281291459493,
        0.07328774624724109,
        0.13887803777055607,
        0.08838834764831845,
        0.10364452469860624,
        0.16237976320958225,
        0.10245997694221876,
        0.10364452469860624,
        0.15309310892394862,
        0.17258376589355096,
        0.09631896879639025,
        0.08267972847076846,
        0.15388840315306412,
        0.07967217989988726,
        0.08051887934239742,
        0.12789613706050704,
        0.14235052467412967,
        0.10004881620988826,
        0.19764235376052372,
        0.13975424859373686,
        0.12303137303143455
    ],
    [
        0.1316585902058806,
        0.1137517170200081,
        0.21875,
        0.1616262567623219,
        0.10126157341262282,
        0.11481983169296148,
        0.10364452469860624,
        0.078125,
        0.21650635094610965,
        0.1570293065800139,
        0.125,
        0.13710881855300192,
        0.18553659510996745,
        0.10245997694221876,
        0.11587810136086973,
        0.10364452469860624,
        0.13710881855300192,
        0.1616262567623219,
        0.06051536478449089,
        0.16828640022295324,
        0.15229366163764005,
        0.09840856056089156,
        0.1608692209529219,
        0.0,
        0.11587810136086973,
        0.11158481919598204,
        0.12597277731716483,
        0.0897587913521567,
        0.12597277731716483,
        0.14823176532039278,
        0.06987712429686843,
        0.13258252147247765,
        0.078125,
        0.0924387466109315,
        0.09504316453590968,
        0.08118988160479113,
        0.06051536478449089,
        0.13258252147247765,
        0.109375,
        0.16312978920172735,
        0.13887803777055607,
        0.1137517170200081,
        0.11819589289489811,
        0.07493486755176124,
        0.13258252147247765,
        0.08414320011147662,
        0.15546678704790937,
        0.07328774624724109,
        0.06987712429686843
    ],
    [
        0.12203515118604147,
        0.14405538214520136,
        0.15467960838455727,
        0.09631896879639025,
        0.11692679333668567,
        0.07654655446197431,
        0.11692679333668567,
        0.07328774624724109,
        0.1690102160373745,
        0.2153757617514097,
        0.13621559198564606,
        0.13531646934131855,
        0.120017902310447,
        0.10597390598633231,
        0.125,
        0.109375,
        0.13531646934131855,
        0.1269381000724369,
        0.08267972847076846,
        0.12979099785809492,
        0.08267972847076846,
        0.1161119625500414,
        0.11796616305110547,
        0.11587810136086973,
        0.0,
        0.09757809372497497,
        0.13258252147247765,
        0.08699631816921909,
        0.13710881855300192,
        0.120017902310447,
        0.09631896879639025,
        0.0924387466109315,
        0.07967217989988726,
        0.11048543456039805,
        0.06442352540027595,
        0.08838834764831845,
        0.11158481919598204,
        0.13531646934131855,
        0.10825317547305482,
        0.11587810136086973,
        0.13887803777055607,
        0.08118988160479113,
        0.07583447801333876,
        0.11158481919598204,
        0.13887803777055607,
        0.0855816496101822,
        0.1711632992203644,
        0.08118988160479113,
        0.09757809372497497
    ],
    [
        0.078125,
        0.07493486755176124,
        0.24506854908372067,
        0.11899645477912357,
        0.06987712429686843,
        0.06629126073623882,
        0.05633673867912483,
        0.06051536478449089,
        0.20432338797846908,
        0.14490028899212037,
        0.06442352540027595,
        0.0625,
        0.14405538214520136,
        0.125,
        0.06442352540027595,
        0.0625,
        0.06442352540027595,
        0.0855816496101822,
        0.06987712429686843,
        0.12597277731716483,
        0.109375,
        0.08218611373989324,
        0.0924387466109315,
        0.11158481919598204,
        0.09757809372497497,
        0.0,
        0.07328774624724109,
        0.05633673867912483,
        0.09882117688026186,
        0.06810779599282303,
        0.06629126073623882,
        0.11267347735824966,
        0.071602745233685,
        0.07967217989988726,
        0.07967217989988726,
        0.07967217989988726,
        0.10597390598633231,
        0.0897587913521567,
        0.07493486755176124,
        0.078125,
        0.08414320011147662,
        0.06810779599282303,
        0.08235098073355153,
        0.06629126073623882,
        0.08838834764831845,
        0.07328774624724109,
        0.11481983169296148,
        0.09110862335695782,
        0.06810779599282303
    ],
    [
        0.06442352540027595,
        0.06629126073623882,
        0.3101473943949876,
        0.14320549046737,
        0.06810779599282303,
        0.09631896879639025,
        0.05633673867912483,
        0.09504316453590968,
        0.25146057717861064,
        0.11267347735824966,
        0.08118988160479113,
        0.0625,
        0.18087245160609727,
        0.15229366163764005,
        0.08267972847076846,
        0.10481568644530265,
        0.05633673867912483,
        0.10597390598633231,
        0.09631896879639025,
        0.1616262567623219,
        0.15934435979977452,
        0.06400107149710682,
        0.10825317547305482,
        0.12597277731716483,
        0.13258252147247765,
        0.07328774624724109,
        0.0,
        0.0855816496101822,
        0.0625,
        0.0897587913521567,
        0.07654655446197431,
        0.17328963291264715,
        0.09375,
        0.08838834764831845,
        0.109375,
        0.10245997694221876,
        0.11158481919598204,
        0.04941058844013093,
        0.06987712429686843,
        0.09757809372497497,
        0.05182226234930312,
        0.08699631816921909,
        0.09389456446520804,
        0.08118988160479113,
        0.05412658773652741,
        0.12597277731716483,
        0.078125,
        0.14235052467412967,
        0.08118988160479113
    ],
    [
        0.0855816496101822,
        0.06810779599282303,
        0.23070036031614688,
        0.11899645477912357,
        0.0625,
        0.06810779599282303,
        0.0625,
        0.05182226234930312,
        0.20787710461953235,
        0.1288470508005519,
        0.05633673867912483,
        0.0855816496101822,
        0.1307281291459493,
        0.1137517170200081,
        0.06442352540027595,
        0.04941058844013093,
        0.08414320011147662,
        0.07328774624724109,
        0.046875,
        0.0897587913521567,
        0.09631896879639025,
        0.07690012010538229,
        0.071602745233685,
        0.0897587913521567,
        0.08699631816921909,
        0.05633673867912483,
        0.0855816496101822,
        0.0,
        0.08699631816921909,
        0.071602745233685,
        0.06442352540027595,
        0.11587810136086973,
        0.05633673867912483,
        0.07654655446197431,
        0.06987712429686843,
        0.05412658773652741,
        0.071602745233685,
        0.109375,
        0.06051536478449089,
        0.09757809372497497,
        0.09504316453590968,
        0.06810779599282303,
        0.06162583107395433,
        0.05846339666834283,
        0.08838834764831845,
        0.05412658773652741,
        0.12979099785809492,
        0.0897587913521567,
        0.034938562148434216
    ],
    [
        0.09375,
        0.05412658773652741,
        0.31638213642682167,
        0.1616262567623219,
        0.10481568644530265,
        0.0924387466109315,
        0.05846339666834283,
        0.10364452469860624,
        0.2567449488305466,
        0.06987712429686843,
        0.09882117688026186,
        0.07654655446197431,
        0.19640320453088336,
        0.171875,
        0.09757809372497497,
        0.13531646934131855,
        0.071602745233685,
        0.1288470508005519,
        0.11048543456039805,
        0.1781524101717403,
        0.16312978920172735,
        0.04629267925685204,
        0.1307281291459493,
        0.12597277731716483,
        0.13710881855300192,
        0.09882117688026186,
        0.0625,
        0.08699631816921909,
        0.0,
        0.09631896879639025,
        0.07328774624724109,
        0.18221724671391565,
        0.0897587913521567,
        0.06629126073623882,
        0.11267347735824966,
        0.09375,
        0.11587810136086973,
        0.038273277230987154,
        0.09110862335695782,
        0.10481568644530265,
        0.04419417382415922,
        0.09375,
        0.10259226876870942,
        0.0924387466109315,
        0.04133986423538423,
        0.13975424859373686,
        0.046875,
        0.15546678704790937,
        0.07967217989988726
    ],
    [
        0.10245997694221876,
        0.09882117688026186,
        0.2415566380271923,
        0.1335000585205864,
        0.07493486755176124,
        0.0924387466109315,
        0.07493486755176124,
        0.0924387466109315,
        0.21930732574403436,
        0.16461958988832404,
        0.071602745233685,
        0.07493486755176124,
        0.12401959270615269,
        0.140625,
        0.07654655446197431,
        0.06051536478449089,
