[
    [
        0.0,
        0.875,
        0.125,
        1.231107225224513,
        0.8100925873009825,
        0.8003905296791061,
        0.3535533905932738,
        0.5120085719768545,
        0.8569568250501305,
        1.3667936932836646,
        0.125,
        0.739509972887452,
        0.5303300858899106,
        0.9921567416492215,
        1.1858541225631423,
        0.7288689868556626,
        0.8100925873009825,
        0.8385254915624212,
        0.7603453162872774,
        0.7180703308172536,
        1.0086432030758503,
        0.9682458365518543,
        0.44682522061515034,
        0.8477912478906585,
        0.5994789404140899,
        0.8003905296791061,
        0.7288689868556626,
        0.5590169943749475,
        0.5863019699779287,
        0.2795084971874737,
        0.625,
        0.4841229182759271,
        1.0077822185373186,
        0.6846531968814576,
        0.375,
        0.81967981553775,
        0.81967981553775,
        0.6614378277661477,
        0.5319643889501544,
        0.8660254037844386,
        0.7806247497997998,
        0.5448623679425842,
        0.739509972887452,
        0.952883052169106,
        0.6959705453537527,
        0.39528470752104744,
        0.8003905296791061,
        0.125,
        0.8569568250501305,
        0.625
    ],
    [
        0.875,
        0.0,
        0.82915619758885,
        0.9762812094883317,
        0.5994789404140899,
        0.5448623679425842,
        0.6959705453537527,
        0.6705615391429617,
        0.5590169943749475,
        0.852936105461599,
        0.9437293044088437,
        0.649519052838329,
        0.7180703308172536,
        0.5863019699779287,
        0.7905694150420949,
        0.6846531968814576,
        0.6373774391990981,
        0.5590169943749475,
        0.625,
        0.4841229182759271,
        0.7916666666666667,
        0.7603453162872774,
        0.6821127309893709,
        0.5153882032022076,
        0.649519052838329,
        0.5590169943749475,
        0.5,
        0.5590169943749475,
        0.6614378277661477,
        0.7288689868556626,
        0.673145600891813,
        0.6846531968814576,
        0.649519052838329,
        0.5863019699779287,
        0.7071067811865476,
        0.57282196186948,
        0.8003905296791061,
        0.5448623679425842,
        0.7614861201040444,
        0.46770717334674267,
        0.8477912478906585,
        0.5863019699779287,
        0.673145600891813,
        0.6009252125773316,
        0.6373774391990981,
        0.6614378277661477,
        0.625,
        0.82915619758885,
        0.5994789404140899,
        0.8838834764831844
    ],
    [
        0.125,
        0.82915619758885,
        0.0,
        1.1989578808281798,
        0.739509972887452,
        0.7603453162872774,
        0.30618621784789724,
        0.4805234414446165,
        0.8100925873009825,
        1.2842799539041323,
        0.21650635094610965,
        0.6959705453537527,
        0.5,
        0.9519716382329886,
        1.1319231422671772,
        0.673145600891813,
        0.7806247497997998,
        0.7905694150420949,
        0.7288689868556626,
        0.6614378277661477,
        1.024017143953709,
        0.9354143466934853,
        0.41036907507483766,
        0.8100925873009825,
        0.57282196186948,
        0.7288689868556626,
        0.6959705453537527,
        0.5153882032022076,
        0.5303300858899106,
        0.25,
        0.5590169943749475,
        0.414578098794425,
        0.9762812094883317,
        0.6123724356957945,
        0.33071891388307384,
        0.75,
        0.7806247497997998,
        0.6123724356957945,
        0.501733107449679,
        0.81967981553775,
        0.75,
        0.5,
        0.6614378277661477,
        0.8936504412303007,
        0.6614378277661477,
        0.375,
        0.739509972887452,
        0.0,
        0.8100925873009825,
        0.5994789404140899
    ],
    [
        1.231107225224513,
        0.9762812094883317,
        1.1989578808281798,
        0.0,
        0.8003905296791061,
        0.9100137361600648,
        1.0606601717798212,
        0.9501461875826152,
        0.875,
        0.8396427811873333,
        1.709349291397168,
        0.8477912478906585,
        1.0,
        0.9100137361600648,
        0.9519716382329886,
        0.9437293044088437,
        0.9682458365518543,
        0.9354143466934853,
        0.8660254037844386,
        0.9270248108869579,
        0.7021791477646966,
        0.7806247497997998,
        0.9583333333333335,
        0.8569568250501305,
        1.0532687216470449,
        0.8838834764831844,
        0.9519716382329886,
        0.9921567416492215,
        1.0458250331675945,
        1.0897247358851685,
        0.960143218483576,
        1.0383279828647594,
        0.9270248108869579,
        0.9100137361600648,
        1.0532687216470449,
        0.8477912478906585,
        0.9100137361600648,
        0.9762812094883317,
        0.9565200236040831,
        0.9100137361600648,
        0.9437293044088437,
        1.0606601717798212,
        0.9270248108869579,
        0.8759915017345267,
        0.9519716382329886,
        1.0897247358851685,
        0.8926785535678563,
        1.1989578808281798,
        0.9270248108869579,
        0.9842509842514764
    ],
    [
        0.8100925873009825,
        0.5994789404140899,
        0.739509972887452,
        0.8003905296791061,
        0.0,
        0.4841229182759271,
        0.5448623679425842,
        0.5605676686280713,
        0.6123724356957945,
        0.8870597499605086,
        0.9354143466934853,
        0.5994789404140899,
        0.57282196186948,
        0.6846531968814576,
        0.82915619758885,
        0.6373774391990981,
        0.6123724356957945,
        0.6614378277661477,
        0.5590169943749475,
        0.375,
        0.6705615391429617,
        0.6373774391990981,
        0.5017331074496789,
        0.5590169943749475,
        0.5448623679425842,
        0.5153882032022076,
        0.46770717334674267,
        0.45069390943299864,
        0.5448623679425842,
        0.5863019699779287,
        0.5994789404140899,
        0.57282196186948,
        0.739509972887452,
        0.5153882032022076,
        0.5590169943749475,
        0.57282196186948,
        0.6373774391990981,
        0.4841229182759271,
        0.5697830971323893,
        0.5863019699779287,
        0.5994789404140899,
        0.5,
        0.5863019699779287,
        0.5559026693385972,
        0.5863019699779287,
        0.5303300858899106,
        0.57282196186948,
        0.739509972887452,
        0.5448623679425842,
        0.6959705453537527
    ],
    [
        0.8003905296791061,
        0.5448623679425842,
        0.7603453162872774,
        0.9100137361600648,
        0.4841229182759271,
        0.0,
        0.57282196186948,
        0.4965156369922077,
        0.46770717334674267,
        0.8710625695092173,
        0.8569568250501305,
        0.4841229182759271,
        0.5,
        0.5590169943749475,
        0.739509972887452,
        0.45069390943299864,
        0.4841229182759271,
        0.45069390943299864,
        0.4841229182759271,
        0.414578098794425,
        0.6859199013814303,
        0.6614378277661477,
        0.5416666666666666,
        0.46770717334674267,
        0.5153882032022076,
        0.4330127018922193,
        0.45069390943299864,
        0.414578098794425,
        0.5,
        0.625,
        0.45069390943299864,
        0.5863019699779287,
        0.6373774391990981,
        0.4841229182759271,
        0.57282196186948,
        0.45069390943299864,
        0.6959705453537527,
        0.4330127018922193,
        0.6387379048648288,
        0.4841229182759271,
        0.75,
        0.4330127018922193,
        0.4841229182759271,
        0.5877806658194119,
        0.4841229182759271,
        0.5,
        0.4841229182759271,
        0.7603453162872774,
        0.414578098794425,
        0.7603453162872774
    ],
    [
        0.3535533905932738,
        0.6959705453537527,
        0.30618621784789724,
        1.0606601717798212,
        0.5448623679425842,
        0.57282196186948,
        0.0,
        0.3703414340548162,
        0.649519052838329,
        1.019803902718557,
        0.5153882032022076,
        0.5590169943749475,
        0.39528470752104744,
        0.75,
        0.9842509842514764,
        0.57282196186948,
        0.649519052838329,
        0.6373774391990981,
        0.5994789404140899,
        0.5153882032022076,
        0.8670271686118671,
        0.8003905296791061,
        0.3254270698294439,
        0.649519052838329,
        0.46770717334674267,
        0.5153882032022076,
        0.5448623679425842,
        0.4330127018922193,
        0.375,
        0.21650635094610965,
        0.414578098794425,
        0.2795084971874737,
        0.8100925873009825,
        0.39528470752104744,
        0.21650635094610965,
        0.57282196186948,
        0.6846531968814576,
        0.4330127018922193,
        0.4350127712046063,
        0.6614378277661477,
        0.6846531968814576,
        0.414578098794425,
        0.5303300858899106,
        0.7406828681096325,
        0.5,
        0.2795084971874737,
        0.5303300858899106,
        0.30618621784789724,
        0.6123724356957945,
        0.5590169943749475
    ],
    [
        0.5120085719768545,
        0.6705615391429617,
        0.4805234414446165,
        0.9501461875826152,
        0.5605676686280713,
        0.4965156369922077,
        0.3703414340548162,
        0.0,
        0.5303300858899106,
        0.9525550436122372,
        0.5697830971323893,
        0.4658474953124562,
        0.3004626062886657,
        0.6360140634364062,
        0.8579691784155834,
        0.4658474953124562,
        0.5416666666666666,
        0.5697830971323893,
        0.5270462766947299,
        0.49826086429589156,
        0.6574889099191459,
        0.6508541396588879,
        0.2795084971874737,
        0.5574620066774855,
        0.4545296714431547,
        0.5416666666666666,
        0.4965156369922077,
        0.42898458920779164,
        0.3908679799852858,
        0.3908679799852858,
        0.3254270698294439,
        0.42898458920779164,
        0.7418539089485358,
        0.42898458920779164,
        0.3090082702956526,
        0.5270462766947299,
        0.44292274219727706,
        0.39308254716902513,
        0.3486083443891982,
        0.5965758776365148,
        0.5743353646704259,
        0.41036907507483766,
        0.4965156369922077,
        0.5980291706003051,
        0.3254270698294439,
        0.27322660517925,
        0.5120085719768545,
        0.4805234414446165,
        0.5120085719768545,
        0.46955948623269356
    ],
    [
        0.8569568250501305,
        0.5590169943749475,
        0.8100925873009825,
        0.875,
        0.6123724356957945,
        0.46770717334674267,
        0.649519052838329,
        0.5303300858899106,
        0.0,
        0.8595056718835542,
        0.9185586535436918,
        0.45069390943299864,
        0.5303300858899106,
        0.5303300858899106,
        0.7180703308172536,
        0.45069390943299864,
        0.4330127018922193,
        0.5590169943749475,
        0.5153882032022076,
        0.4841229182759271,
        0.6387379048648288,
        0.673145600891813,
        0.5863019699779287,
        0.46770717334674267,
        0.5448623679425842,
        0.4841229182759271,
        0.45069390943299864,
        0.5,
        0.57282196186948,
        0.6959705453537527,
        0.5153882032022076,
        0.673145600891813,
        0.6959705453537527,
        0.5303300858899106,
        0.6123724356957945,
        0.4841229182759271,
        0.6614378277661477,
        0.4841229182759271,
        0.6627489050244528,
        0.46770717334674267,
        0.8100925873009825,
        0.5303300858899106,
        0.5590169943749475,
        0.6627489050244528,
        0.4841229182759271,
        0.5590169943749475,
        0.5994789404140899,
        0.8100925873009825,
        0.5153882032022076,
        0.81967981553775
    ],
    [
        1.3667936932836646,
        0.852936105461599,
        1.2842799539041323,
        0.8396427811873333,
        0.8870597499605086,
        0.8710625695092173,
        1.019803902718557,
        0.9525550436122372,
        0.8595056718835542,
        0.0,
        1.5184284639060215,
        0.852936105461599,
        0.9646890690787369,
        0.852936105461599,
        0.8799857953399021,
        0.837779804005802,
        0.8437268515343103,
        0.8154753215150046,
        0.8250000000000001,
        0.9430668056930007,
        0.7303442871535163,
        0.7980444849756184,
        0.9688194419555747,
        0.7491662031885848,
        1.0274361294017258,
        0.8154753215150046,
        0.8154753215150046,
        0.9483538369195329,
        0.9565563234854496,
        1.0865656906050365,
        0.9317322576792112,
        0.9965565713997374,
        0.8100925873009825,
        0.7762087348130012,
        1.1135528725660044,
        0.7132671308843553,
        0.917877987534291,
        0.9233092656309694,
        1.0088497300281039,
        0.852936105461599,
        0.9500000000000001,
        1.0121141239998581,
        0.7862092596758194,
        0.905691877946235,
        0.8888194417315589,
        1.107925990308017,
        0.8799857953399021,
        1.2842799539041323,
        0.8888194417315589,
        1.021334910790775
    ],
    [
        0.125,
        0.9437293044088437,
        0.21650635094610965,
        1.709349291397168,
        0.9354143466934853,
        0.8569568250501305,
        0.5153882032022076,
        0.5697830971323893,
        0.9185586535436918,
        1.5184284639060215,
        0.0,
        0.7806247497997998,
        0.5863019699779287,
        1.2686114456365274,
        1.299038105676658,
        0.7806247497997998,
        0.8660254037844386,
        0.9100137361600648,
        0.9519716382329886,
        0.770551750371122,
        1.2381381631753021,
        1.1726039399558574,
        0.5120085719768545,
        1.015504800579495,
        0.739509972887452,
        0.9354143466934853,
        0.7905694150420949,
        0.6373774391990981,
        0.6614378277661477,
        0.39528470752104744,
        0.6959705453537527,
        0.57282196186948,
        1.2686114456365274,
        0.7603453162872774,
        0.414578098794425,
        0.9354143466934853,
        0.875,
        0.75,
        0.5877806658194119,
        0.9354143466934853,
        0.9100137361600648,
        0.5994789404140899,
        0.8660254037844386,
        1.0466547239233726,
        0.739509972887452,
        0.414578098794425,
        0.8838834764831844,
        0.21650635094610965,
        0.9519716382329886,
        0.673145600891813
    ],
    [
        0.739509972887452,
        0.649519052838329,
        0.6959705453537527,
        0.8477912478906585,
        0.5994789404140899,
        0.4841229182759271,
        0.5590169943749475,
        0.4658474953124562,
        0.45069390943299864,
        0.852936105461599,
        0.7806247497997998,
        0.0,
        0.39528470752104744,
        0.649519052838329,
        0.7180703308172536,
        0.2795084971874737,
        0.39528470752104744,
        0.6123724356957945,
        0.4330127018922193,
        0.5153882032022076,
        0.6859199013814303,
        0.6373774391990981,
        0.5286907308520633,
        0.5153882032022076,
        0.5590169943749475,
        0.45069390943299864,
        0.5303300858899106,
        0.4841229182759271,
        0.5448623679425842,
        0.6123724356957945,
        0.3535533905932738,
        0.6123724356957945,
        0.7603453162872774,
        0.5448623679425842,
        0.5590169943749475,
        0.3535533905932738,
        0.649519052838329,
        0.5153882032022076,
        0.6137883276106765,
        0.57282196186948,
        0.7603453162872774,
        0.4841229182759271,
        0.5303300858899106,
        0.7083333333333334,
        0.3535533905932738,
        0.5153882032022076,
        0.5863019699779287,
        0.6959705453537527,
        0.5303300858899106,
        0.7180703308172536
    ],
    [
        0.5303300858899106,
        0.7180703308172536,
        0.5,
        1.0,
        0.57282196186948,
        0.5,
        0.39528470752104744,
        0.3004626062886657,
        0.5303300858899106,
        0.9646890690787369,
        0.5863019699779287,
        0.39528470752104744,
        0.0,
        0.75,
        0.82915619758885,
        0.39528470752104744,
        0.46770717334674267,
        0.6123724356957945,
        0.45069390943299864,
        0.5153882032022076,
        0.8488145328109735,
        0.7603453162872774,
        0.3703414340548162,
        0.6123724356957945,
        0.5,
        0.4841229182759271,
        0.5448623679425842,
        0.4330127018922193,
        0.3535533905932738,
        0.39528470752104744,
        0.2795084971874737,
        0.4330127018922193,
        0.81967981553775,
        0.5,
        0.375,
        0.5,
        0.673145600891813,
        0.45069390943299864,
        0.501733107449679,
        0.6123724356957945,
        0.6846531968814576,
        0.46770717334674267,
        0.45069390943299864,
        0.7300589778306347,
        0.30618621784789724,
        0.33071891388307384,
        0.5303300858899106,
        0.5,
        0.5153882032022076,
        0.5994789404140899
    ],
    [
        0.9921567416492215,
        0.5863019699779287,
        0.9519716382329886,
        0.9100137361600648,
        0.6846531968814576,
        0.5590169943749475,
        0.75,
        0.6360140634364062,
        0.5303300858899106,
        0.852936105461599,
        1.2686114456365274,
        0.649519052838329,
        0.75,
        0.0,
        0.82915619758885,
        0.625,
        0.57282196186948,
        0.5863019699779287,
        0.7071067811865476,
        0.5590169943749475,
        0.7511565157216644,
        0.7905694150420949,
        0.7383352144445563,
        0.5994789404140899,
        0.5448623679425842,
        0.57282196186948,
        0.5303300858899106,
        0.6846531968814576,
        0.7180703308172536,
        0.81967981553775,
        0.625,
        0.7180703308172536,
        0.6846531968814576,
        0.6123724356957945,
        0.770551750371122,
        0.5863019699779287,
        0.770551750371122,
        0.5863019699779287,
        0.7300589778306347,
        0.4841229182759271,
        0.9100137361600648,
        0.5994789404140899,
        0.673145600891813,
        0.6508541396588879,
        0.625,
        0.739509972887452,
        0.5863019699779287,
        0.9519716382329886,
        0.5303300858899106,
        0.875
    ],
    [
        1.1858541225631423,
        0.7905694150420949,
        1.1319231422671772,
        0.9519716382329886,
        0.82915619758885,
        0.739509972887452,
        0.9842509842514764,
        0.8579691784155834,
        0.7180703308172536,
        0.8799857953399021,
        1.299038105676658,
        0.7180703308172536,
        0.82915619758885,
        0.82915619758885,
        0.0,
        0.6959705453537527,
        0.625,
        0.875,
        0.7905694150420949,
        0.770551750371122,
        0.7192781875680029,
        0.8660254037844386,
        0.905231707600018,
        0.75,
        0.8569568250501305,
        0.770551750371122,
        0.8569568250501305,
        0.8477912478906585,
        0.8838834764831844,
        1.0383279828647594,
        0.7905694150420949,
        1.0077822185373186,
        0.960143218483576,
        0.8838834764831844,
        0.960143218483576,
        0.739509972887452,
        0.9185586535436918,
        0.8569568250501305,
        0.9574271077563381,
        0.6959705453537527,
        1.0606601717798212,
        0.8569568250501305,
        0.770551750371122,
        0.816496580927726,
        0.8100925873009825,
        0.9185586535436918,
        0.8477912478906585,
        1.1319231422671772,
        0.770551750371122,
        1.0752906583803283
    ],
    [
        0.7288689868556626,
        0.6846531968814576,
        0.673145600891813,
        0.9437293044088437,
        0.6373774391990981,
        0.45069390943299864,
        0.57282196186948,
        0.4658474953124562,
        0.45069390943299864,
        0.837779804005802,
        0.7806247497997998,
        0.2795084971874737,
        0.39528470752104744,
        0.625,
        0.6959705453537527,
        0.0,
        0.45069390943299864,
        0.5863019699779287,
        0.46770717334674267,
        0.5448623679425842,
        0.7083333333333334,
        0.6846531968814576,
        0.5137011669140814,
        0.5590169943749475,
        0.5,
        0.5153882032022076,
        0.57282196186948,
        0.4841229182759271,
        0.5,
        0.6123724356957945,
        0.3535533905932738,
        0.5863019699779287,
        0.7905694150420949,
        0.5448623679425842,
        0.5590169943749475,
        0.4330127018922193,
        0.6373774391990981,
        0.4841229182759271,
        0.6137883276106765,
        0.5590169943749475,
        0.8003905296791061,
        0.45069390943299864,
        0.46770717334674267,
        0.7083333333333334,
        0.39528470752104744,
        0.5,
        0.5590169943749475,
        0.673145600891813,
        0.5,
        0.7180703308172536
    ],
    [
        0.8100925873009825,
        0.6373774391990981,
        0.7806247497997998,
        0.9682458365518543,
        0.6123724356957945,
        0.4841229182759271,
        0.649519052838329,
        0.5416666666666666,
        0.4330127018922193,
        0.8437268515343103,
        0.8660254037844386,
        0.39528470752104744,
        0.46770717334674267,
        0.57282196186948,
        0.625,
        0.45069390943299864,
        0.0,
        0.649519052838329,
        0.45069390943299864,
        0.4841229182759271,
        0.7083333333333334,
        0.6846531968814576,
        0.6222160217945033,
        0.5303300858899106,
        0.6123724356957945,
        0.5303300858899106,
        0.5448623679425842,
        0.5448623679425842,
        0.6123724356957945,
        0.6846531968814576,
        0.45069390943299864,
        0.6846531968814576,
        0.7806247497997998,
        0.5863019699779287,
        0.649519052838329,
        0.5153882032022076,
        0.7288689868556626,
        0.5590169943749475,
        0.7300589778306347,
        0.46770717334674267,
        0.8100925873009825,
        0.57282196186948,
        0.6123724356957945,
        0.6744339190099436,
        0.4330127018922193,
        0.5994789404140899,
        0.6373774391990981,
        0.7806247497997998,
        0.5303300858899106,
        0.770551750371122
    ],
    [
        0.8385254915624212,
        0.5590169943749475,
        0.7905694150420949,
        0.9354143466934853,
        0.6614378277661477,
        0.45069390943299864,
        0.6373774391990981,
        0.5697830971323893,
        0.5590169943749475,
        0.8154753215150046,
        0.9100137361600648,
        0.6123724356957945,
        0.6123724356957945,
        0.5863019699779287,
        0.875,
        0.5863019699779287,
        0.649519052838329,
        0.0,
        0.5994789404140899,
        0.5303300858899106,
        0.8670271686118671,
        0.75,
        0.5965758776365148,
        0.5590169943749475,
        0.5448623679425842,
        0.5153882032022076,
        0.4330127018922193,
        0.5303300858899106,
        0.5303300858899106,
        0.649519052838329,
        0.57282196186948,
        0.57282196186948,
        0.5303300858899106,
        0.4330127018922193,
        0.6373774391990981,
        0.46770717334674267,
        0.739509972887452,
        0.414578098794425,
        0.6744339190099436,
        0.5,
        0.81967981553775,
        0.4330127018922193,
        0.5448623679425842,
        0.6263873490988712,
        0.5303300858899106,
        0.5863019699779287,
        0.414578098794425,
        0.7905694150420949,
        0.4841229182759271,
        0.8003905296791061
    ],
    [
        0.7603453162872774,
        0.625,
        0.7288689868556626,
        0.8660254037844386,
        0.5590169943749475,
        0.4841229182759271,
        0.5994789404140899,
        0.5270462766947299,
        0.5153882032022076,
        0.8250000000000001,
        0.9519716382329886,
        0.4330127018922193,
        0.45069390943299864,
        0.7071067811865476,
        0.7905694150420949,
        0.46770717334674267,
        0.45069390943299864,
        0.5994789404140899,
        0.0,
        0.5448623679425842,
        0.8488145328109735,
        0.6959705453537527,
        0.5559026693385972,
        0.5303300858899106,
        0.5863019699779287,
        0.5,
        0.45069390943299864,
        0.45069390943299864,
        0.5,
        0.625,
        0.4330127018922193,
        0.6123724356957945,
        0.770551750371122,
        0.5303300858899106,
        0.6123724356957945,
        0.45069390943299864,
        0.739509972887452,
        0.5153882032022076,
        0.6972166887783964,
        0.5590169943749475,
        0.739509972887452,
        0.57282196186948,
        0.5448623679425842,
        0.6972166887783964,
        0.4330127018922193,
        0.5590169943749475,
        0.5590169943749475,
        0.7288689868556626,
        0.5590169943749475,
        0.739509972887452
    ],
    [
        0.7180703308172536,
        0.4841229182759271,
        0.6614378277661477,
        0.9270248108869579,
        0.375,
        0.414578098794425,
        0.5153882032022076,
        0.49826086429589156,
        0.4841229182759271,
        0.9430668056930007,
        0.770551750371122,
        0.5153882032022076,
        0.5153882032022076,
        0.5590169943749475,
        0.770551750371122,
        0.5448623679425842,
        0.4841229182759271,
        0.5303300858899106,
        0.5448623679425842,
        0.0,
        0.6627489050244528,
        0.7071067811865476,
        0.4658474953124562,
        0.46770717334674267,
        0.5,
        0.39528470752104744,
        0.375,
        0.375,
        0.4841229182759271,
        0.5303300858899106,
        0.5,
        0.57282196186948,
        0.6959705453537527,
        0.46770717334674267,
        0.5,
        0.5,
        0.6614378277661477,
        0.414578098794425,
        0.5605676686280713,
        0.46770717334674267,
        0.7288689868556626,
        0.414578098794425,
        0.5590169943749475,
        0.5319643889501544,
        0.5303300858899106,
        0.45069390943299864,
        0.5303300858899106,
        0.6614378277661477,
        0.5,
        0.7288689868556626
    ],
    [
        1.0086432030758503,
        0.7916666666666667,
        1.024017143953709,
        0.7021791477646966,
        0.6705615391429617,
        0.6859199013814303,
        0.8670271686118671,
        0.6574889099191459,
        0.6387379048648288,
        0.7303442871535163,
        1.2381381631753021,
        0.6859199013814303,
        0.8488145328109735,
        0.7511565157216644,
        0.7192781875680029,
        0.7083333333333334,
        0.7083333333333334,
        0.8670271686118671,
        0.8488145328109735,
        0.6627489050244528,
        0.0,
        0.6346477588219923,
        0.6922186552431729,
        0.6263873490988712,
        0.7300589778306347,
        0.6508541396588879,
        0.7614861201040444,
        0.8111634305804911,
        0.7716774657271723,
        0.8936504412303007,
        0.8014743359029727,
        0.8579691784155834,
        0.8207381501496754,
        0.7614861201040444,
        0.7783975705112252,
        0.6744339190099436,
        0.5833333333333334,
        0.7083333333333334,
        0.7216878364870323,
        0.7300589778306347,
        0.8364524958285304,
        0.7300589778306347,
        0.7817359599705717,
        0.6291528696058959,
        0.7300589778306347,
        0.9109671295448103,
        0.7916666666666667,
        1.024017143953709,
        0.6972166887783964,
        0.7783975705112252
    ],
    [
        0.9682458365518543,
        0.7603453162872774,
        0.9354143466934853,
        0.7806247497997998,
        0.6373774391990981,
        0.6614378277661477,
        0.8003905296791061,
        0.6508541396588879,
        0.673145600891813,
        0.7980444849756184,
        1.1726039399558574,
        0.6373774391990981,
        0.7603453162872774,
        0.7905694150420949,
        0.8660254037844386,
        0.6846531968814576,
        0.6846531968814576,
        0.75,
        0.6959705453537527,
        0.7071067811865476,
        0.6346477588219923,
        0.0,
        0.6744339190099436,
        0.6846531968814576,
        0.7806247497997998,
        0.6846531968814576,
        0.7288689868556626,
        0.7071067811865476,
        0.770551750371122,
        0.8385254915624212,
        0.7071067811865476,
        0.8100925873009825,
        0.8569568250501305,
        0.75,
        0.770551750371122,
        0.673145600891813,
        0.5303300858899106,
        0.7288689868556626,
        0.6346477588219923,
        0.739509972887452,
        0.625,
        0.7806247497997998,
        0.75,
        0.5965758776365148,
        0.6959705453537527,
        0.8100925873009825,
        0.75,
        0.9354143466934853,
        0.673145600891813,
        0.5863019699779287
    ],
    [
        0.44682522061515034,
        0.6821127309893709,
        0.41036907507483766,
        0.9583333333333335,
        0.5017331074496789,
        0.5416666666666666,
        0.3254270698294439,
        0.2795084971874737,
        0.5863019699779287,
        0.9688194419555747,
        0.5120085719768545,
        0.5286907308520633,
        0.3703414340548162,
        0.7383352144445563,
        0.905231707600018,
        0.5137011669140814,
        0.6222160217945033,
        0.5965758776365148,
        0.5559026693385972,
        0.4658474953124562,
        0.6922186552431729,
        0.6744339190099436,
        0.0,
        0.5980291706003051,
        0.4370036867375631,
        0.5120085719768545,
        0.5120085719768545,
        0.3908679799852858,
        0.27322660517925,
        0.3703414340548162,
        0.42898458920779164,
        0.41036907507483766,
        0.8025566785107594,
        0.42898458920779164,
        0.2204792759220492,
        0.5559026693385972,
        0.5086064839889043,
        0.3726779962499649,
        0.27322660517925007,
        0.6468406123441677,
        0.5605676686280713,
        0.3908679799852858,
        0.4639803635691685,
        0.5980291706003051,
        0.4370036867375631,
        0.24295632895188748,
        0.4805234414446165,
        0.41036907507483766,
        0.5559026693385972,
        0.46955948623269356
    ],
    [
        0.8477912478906585,
        0.5153882032022076,
        0.8100925873009825,
        0.8569568250501305,
        0.5590169943749475,
        0.46770717334674267,
        0.649519052838329,
        0.5574620066774855,
        0.46770717334674267,
        0.7491662031885848,
        1.015504800579495,
        0.5153882032022076,
        0.6123724356957945,
        0.5994789404140899,
        0.75,
        0.5590169943749475,
        0.5303300858899106,
        0.5590169943749475,
        0.5303300858899106,
        0.46770717334674267,
        0.6263873490988712,
        0.6846531968814576,
        0.5980291706003051,
        0.0,
        0.5590169943749475,
        0.45069390943299864,
        0.5,
        0.5153882032022076,
        0.57282196186948,
        0.6846531968814576,
        0.57282196186948,
        0.6373774391990981,
        0.673145600891813,
        0.5,
        0.6373774391990981,
        0.5153882032022076,
        0.7288689868556626,
        0.5153882032022076,
        0.6859199013814303,
        0.5,
        0.7905694150420949,
        0.5590169943749475,
        0.57282196186948,
        0.6508541396588879,
        0.5303300858899106,
        0.5994789404140899,
        0.5303300858899106,
        0.8100925873009825,
        0.5448623679425842,
        0.82915619758885
    ],
    [
        0.5994789404140899,
        0.649519052838329,
        0.57282196186948,
        1.0532687216470449,
        0.5448623679425842,
        0.5153882032022076,
        0.46770717334674267,
        0.4545296714431547,
        0.5448623679425842,
        1.0274361294017258,
        0.739509972887452,
        0.5590169943749475,
        0.5,
        0.5448623679425842,
        0.8569568250501305,
        0.5,
        0.6123724356957945,
        0.5448623679425842,
        0.5863019699779287,
        0.5,
        0.7300589778306347,
        0.7806247497997998,
        0.4370036867375631,
        0.5590169943749475,
        0.0,
        0.5,
        0.4841229182759271,
        0.33071891388307384,
        0.375,
        0.5,
        0.4841229182759271,
        0.5,
        0.673145600891813,
        0.3535533905932738,
        0.45069390943299864,
        0.5153882032022076,
        0.6614378277661477,
        0.414578098794425,
        0.5464532103585001,
        0.5994789404140899,
        0.7180703308172536,
        0.3535533905932738,
        0.45069390943299864,
        0.6627489050244528,
        0.46770717334674267,
        0.375,
        0.39528470752104744,
        0.5590169943749475,
        0.45069390943299864,
        0.7180703308172536
    ],
    [
        0.8003905296791061,
        0.5590169943749475,
        0.7288689868556626,
        0.8838834764831844,
        0.5153882032022076,
        0.4330127018922193,
        0.5153882032022076,
        0.5416666666666666,
        0.4841229182759271,
        0.8154753215150046,
        0.9354143466934853,
        0.45069390943299864,
        0.4841229182759271,
        0.57282196186948,
        0.770551750371122,
        0.5153882032022076,
        0.5303300858899106,
        0.5153882032022076,
        0.5,
        0.39528470752104744,
        0.6508541396588879,
        0.6846531968814576,
        0.5120085719768545,
        0.45069390943299864,
        0.5,
        0.0,
        0.5303300858899106,
        0.4330127018922193,
        0.5303300858899106,
        0.5863019699779287,
        0.4841229182759271,
        0.5863019699779287,
        0.6959705453537527,
        0.5153882032022076,
        0.5863019699779287,
        0.4330127018922193,
        0.7288689868556626,
        0.45069390943299864,
        0.6508541396588879,
        0.4841229182759271,
        0.739509972887452,
        0.46770717334674267,
        0.46770717334674267,
        0.6137883276106765,
        0.5,
        0.5303300858899106,
        0.46770717334674267,
        0.7288689868556626,
        0.46770717334674267,
        0.75
    ],
    [
        0.7288689868556626,
        0.5,
        0.6959705453537527,
        0.9519716382329886,
        0.46770717334674267,
        0.45069390943299864,
        0.5448623679425842,
        0.4965156369922077,
        0.45069390943299864,
        0.8154753215150046,
        0.7905694150420949,
        0.5303300858899106,
        0.5448623679425842,
        0.5303300858899106,
        0.8569568250501305,
        0.57282196186948,
        0.5448623679425842,
        0.4330127018922193,
        0.45069390943299864,
        0.375,
        0.7614861201040444,
        0.7288689868556626,
        0.5120085719768545,
        0.5,
        0.4841229182759271,
        0.5303300858899106,
        0.0,
        0.39528470752104744,
        0.45069390943299864,
        0.57282196186948,
        0.46770717334674267,
        0.5,
        0.673145600891813,
        0.33071891388307384,
        0.5303300858899106,
        0.5,
        0.7071067811865476,
        0.3535533905932738,
        0.5743353646704259,
        0.4841229182759271,
        0.739509972887452,
        0.4330127018922193,
        0.5,
        0.6263873490988712,
        0.46770717334674267,
        0.46770717334674267,
        0.46770717334674267,
        0.6959705453537527,
        0.5303300858899106,
        0.7180703308172536
    ],
    [
        0.5590169943749475,
        0.5590169943749475,
        0.5153882032022076,
        0.9921567416492215,
        0.45069390943299864,
        0.414578098794425,
        0.4330127018922193,
        0.42898458920779164,
        0.5,
        0.9483538369195329,
        0.6373774391990981,
        0.4841229182759271,
        0.4330127018922193,
        0.6846531968814576,
        0.8477912478906585,
        0.4841229182759271,
        0.5448623679425842,
        0.5303300858899106,
        0.45069390943299864,
        0.375,
        0.8111634305804911,
        0.7071067811865476,
        0.3908679799852858,
        0.5153882032022076,
        0.33071891388307384,
        0.4330127018922193,
        0.39528470752104744,
        0.0,
        0.30618621784789724,
        0.45069390943299864,
        0.45069390943299864,
        0.46770717334674267,
        0.7071067811865476,
        0.375,
        0.414578098794425,
        0.5153882032022076,
        0.6373774391990981,
        0.30618621784789724,
        0.5319643889501544,
        0.5448623679425842,
        0.649519052838329,
        0.2795084971874737,
        0.4841229182759271,
        0.6137883276106765,
        0.414578098794425,
        0.33071891388307384,
        0.4330127018922193,
        0.5303300858899106,
        0.45069390943299864,
        0.673145600891813
    ],
    [
        0.5863019699779287,
        0.6614378277661477,
        0.5303300858899106,
        1.0458250331675945,
        0.5448623679425842,
        0.5,
        0.375,
        0.3908679799852858,
        0.57282196186948,
        0.9565563234854496,
        0.6614378277661477,
        0.5448623679425842,
        0.3535533905932738,
        0.7180703308172536,
        0.8838834764831844,
        0.5,
        0.6123724356957945,
        0.5303300858899106,
        0.5,
        0.4841229182759271,
        0.7716774657271723,
        0.770551750371122,
        0.27322660517925,
        0.57282196186948,
        0.375,
        0.5303300858899106,
        0.45069390943299864,
        0.30618621784789724,
        0.0,
        0.375,
        0.4330127018922193,
        0.3535533905932738,
        0.8003905296791061,
        0.414578098794425,
        0.33071891388307384,
        0.5590169943749475,
        0.6846531968814576,
        0.39528470752104744,
        0.46955948623269356,
        0.625,
        0.6846531968814576,
        0.39528470752104744,
        0.3535533905932738,
        0.6972166887783964,
        0.4330127018922193,
        0.2795084971874737,
        0.4330127018922193,
        0.5303300858899106,
        0.5590169943749475,
        0.625
    ],
    [
        0.2795084971874737,
        0.7288689868556626,
        0.25,
        1.0897247358851685,
        0.5863019699779287,
        0.625,
        0.21650635094610965,
        0.3908679799852858,
        0.6959705453537527,
        1.0865656906050365,
        0.39528470752104744,
        0.6123724356957945,
        0.39528470752104744,
        0.81967981553775,
        1.0383279828647594,
        0.6123724356957945,
        0.6846531968814576,
        0.649519052838329,
        0.625,
        0.5303300858899106,
        0.8936504412303007,
        0.8385254915624212,
        0.3703414340548162,
        0.6846531968814576,
        0.5,
        0.5863019699779287,
        0.57282196186948,
        0.45069390943299864,
        0.375,
        0.0,
        0.45069390943299864,
        0.25,
        0.8569568250501305,
        0.46770717334674267,
        0.2795084971874737,
        0.625,
        0.7180703308172536,
        0.4841229182759271,
        0.46955948623269356,
        0.7071067811865476,
        0.6846531968814576,
        0.45069390943299864,
        0.5448623679425842,
        0.8014743359029727,
        0.5590169943749475,
