[
    [
        0.0,
        1.1524430571616109,
        0.8385254915624212,
        1.9685019685029528,
        0.9354143466934853,
        1.3919410907075054,
        1.3863170633011772,
        1.0383279828647594,
        1.1989578808281798,
        1.243734296383275,
        0.5863019699779287,
        1.14564392373896,
        1.125,
        1.125,
        1.0680004681646913,
        1.1524430571616109,
        1.6909686573085854,
        1.231107225224513,
        1.125,
        1.125,
        1.2054563451241194,
        1.7275343701356567,
        1.2747548783981961,
        1.4842927608797396,
        1.159202311936963,
        1.299038105676658,
        2.858649156507318,
        1.595893166850463,
        1.4306903927824497,
        1.595893166850463,
        1.0458250331675945,
        0.8569568250501305,
        1.1110243021644486,
        1.7544586059522749,
        0.7071067811865476,
        1.352081728298996,
        1.5309310892394863,
        1.8371173070873836,
        1.1524430571616109,
        1.541103500742244,
        1.976423537605237,
        1.0752906583803283,
        1.5811388300841898,
        2.042516829796024,
        1.192424001771182,
        1.0231690964840563,
        1.2562344526401112,
        0.5448623679425842,
        1.0307764064044151,
        0.7180703308172536
    ],
    [
        1.1524430571616109,
        0.0,
        0.9013878188659973,
        1.375,
        0.82915619758885,
        1.0077822185373186,
        1.0752906583803283,
        0.7905694150420949,
        1.0606601717798212,
        0.9100137361600648,
        1.0383279828647594,
        0.875,
        0.9682458365518543,
        1.0,
        1.0825317547305484,
        0.81967981553775,
        1.159202311936963,
        0.875,
        0.8100925873009825,
        0.875,
        0.9100137361600648,
        1.224744871391589,
        0.875,
        1.159202311936963,
        0.8660254037844386,
        0.9437293044088437,
        1.956559480312316,
        1.125,
        1.0383279828647594,
        1.118033988749895,
        0.8100925873009825,
        0.9519716382329886,
        0.7905694150420949,
        1.2374368670764582,
        1.231107225224513,
        1.1858541225631423,
        1.0752906583803283,
        1.346291201783626,
        0.81967981553775,
        1.0825317547305484,
        1.4086784586980805,
        0.81967981553775,
        1.0897247358851685,
        1.7455300054711176,
        0.8926785535678563,
        0.739509972887452,
        0.9100137361600648,
        0.9842509842514764,
        0.7603453162872774,
        1.590990257669732
    ],
    [
        0.8385254915624212,
        0.9013878188659973,
        0.0,
        1.4361406616345072,
        0.82915619758885,
        1.0825317547305484,
        1.1524430571616109,
        0.9185586535436918,
        0.9437293044088437,
        0.9921567416492215,
        1.0231690964840563,
        0.9354143466934853,
        1.015504800579495,
        0.9270248108869579,
        0.8660254037844386,
        0.9682458365518543,
        1.2930100540985752,
        0.9842509842514764,
        0.9013878188659973,
        0.9185586535436918,
        1.0,
        1.375,
        1.1110243021644486,
        1.25,
        1.0606601717798212,
        1.0968705484240153,
        1.964529205687714,
        1.3169567191065923,
        1.159202311936963,
        1.25,
        0.8926785535678563,
        0.7288689868556626,
        0.960143218483576,
        1.375,
        1.286953767623375,
        1.0752906583803283,
        1.1858541225631423,
        1.4361406616345072,
        0.9921567416492215,
        1.243734296383275,
        1.4842927608797396,
        0.9100137361600648,
        1.2686114456365274,
        1.5512092057488571,
        0.9762812094883317,
        0.8838834764831844,
        0.960143218483576,
        0.9762812094883317,
        0.8477912478906585,
        1.4684175155588413
    ],
    [
        1.9685019685029528,
        1.375,
        1.4361406616345072,
        0.0,
        1.352081728298996,
        1.2686114456365274,
        1.2747548783981961,
        1.3919410907075054,
        1.3693063937629153,
        1.3287682265918312,
        1.7320508075688772,
        1.3050383136138188,
        1.340475661845451,
        1.4252192813739224,
        1.4086784586980805,
        1.286953767623375,
        1.3863170633011772,
        1.3110110602126894,
        1.3287682265918312,
        1.3169567191065923,
        1.3228756555322954,
        1.3693063937629153,
        1.3169567191065923,
        1.192424001771182,
        1.231107225224513,
        1.286953767623375,
        1.6105123408406408,
        1.25,
        1.2686114456365274,
        1.286953767623375,
        1.375,
        1.4086784586980805,
        1.334634781503914,
        1.2747548783981961,
        1.948557158514987,
        1.3635890143294642,
        1.2747548783981961,
        1.2183492931011204,
        1.299038105676658,
        1.3169567191065923,
        1.2183492931011204,
        1.243734296383275,
        1.2624381172952597,
        1.6298006013006623,
        1.299038105676658,
        1.3975424859373686,
        1.352081728298996,
        1.7320508075688772,
        1.3169567191065923,
        3.0669610365963242
    ],
    [
        0.9354143466934853,
        0.82915619758885,
        0.82915619758885,
        1.352081728298996,
        0.0,
        0.9842509842514764,
        1.015504800579495,
        0.7806247497997998,
        1.0606601717798212,
        0.8569568250501305,
        0.8660254037844386,
        0.8477912478906585,
        0.81967981553775,
        1.0968705484240153,
        1.125,
        0.7603453162872774,
        1.25,
        0.8838834764831844,
        0.8569568250501305,
        0.81967981553775,
        0.82915619758885,
        1.375,
        0.9354143466934853,
        1.103970108290981,
        0.82915619758885,
        0.9270248108869579,
        2.091650066335189,
        1.243734296383275,
        1.0458250331675945,
        1.159202311936963,
        0.6959705453537527,
        0.9437293044088437,
        0.81967981553775,
        1.3110110602126894,
        1.1524430571616109,
        1.1726039399558574,
        1.1792476415070754,
        1.3635890143294642,
        0.81967981553775,
        1.2119199643540823,
        1.4523687548277813,
        0.75,
        1.1792476415070754,
        1.80710403685012,
        0.770551750371122,
        0.7180703308172536,
        0.9013878188659973,
        0.8003905296791061,
        0.6959705453537527,
        1.3693063937629153
    ],
    [
        1.3919410907075054,
        1.0077822185373186,
        1.0825317547305484,
        1.2686114456365274,
        0.9842509842514764,
        0.0,
        1.0231690964840563,
        0.875,
        1.14564392373896,
        1.0077822185373186,
        1.286953767623375,
        0.875,
        0.9519716382329886,
        1.0231690964840563,
        1.1858541225631423,
        0.9437293044088437,
        1.0458250331675945,
        0.9921567416492215,
        0.9100137361600648,
        0.9519716382329886,
        0.9682458365518543,
        1.103970108290981,
        0.9921567416492215,
        1.1524430571616109,
        0.9437293044088437,
        0.9921567416492215,
        1.8027756377319946,
        1.0532687216470449,
        1.0307764064044151,
        1.0532687216470449,
        0.9270248108869579,
        1.0458250331675945,
        0.8926785535678563,
        1.0077822185373186,
        1.4415703243338496,
        1.1726039399558574,
        1.0458250331675945,
        1.231107225224513,
        0.9519716382329886,
        1.0,
        1.2686114456365274,
        0.9519716382329886,
        1.0307764064044151,
        1.653594569415369,
        0.9762812094883317,
        1.0825317547305484,
        0.9762812094883317,
        1.243734296383275,
        0.9762812094883317,
        2.050152433357091
    ],
    [
        1.3863170633011772,
        1.0752906583803283,
        1.1524430571616109,
        1.2747548783981961,
        1.015504800579495,
        1.0231690964840563,
        0.0,
        1.0,
        1.0825317547305484,
        1.0383279828647594,
        1.3110110602126894,
        1.015504800579495,
        1.0383279828647594,
        1.1726039399558574,
        1.118033988749895,
        0.9921567416492215,
        1.14564392373896,
        1.0458250331675945,
        1.0532687216470449,
        0.9762812094883317,
        1.015504800579495,
        1.2808688457449497,
        1.0897247358851685,
        1.1110243021644486,
        1.0458250331675945,
        1.015504800579495,
        1.7001838135919305,
        1.1726039399558574,
        1.0680004681646913,
        1.0680004681646913,
        1.0458250331675945,
        1.0897247358851685,
        1.0606601717798212,
        1.1792476415070754,
        1.4684175155588413,
        1.1319231422671772,
        1.159202311936963,
        1.231107225224513,
        1.0077822185373186,
        1.14564392373896,
        1.243734296383275,
        1.015504800579495,
        1.165922381636102,
        1.6007810593582121,
        1.0231690964840563,
        1.118033988749895,
        1.0231690964840563,
        1.286953767623375,
        1.0897247358851685,
        2.1758618981911515
    ],
    [
        1.0383279828647594,
        0.7905694150420949,
        0.9185586535436918,
        1.3919410907075054,
        0.7806247497997998,
        0.875,
        1.0,
        0.0,
        1.015504800579495,
        0.875,
        0.9519716382329886,
        0.8100925873009825,
        0.8660254037844386,
        0.9921567416492215,
        1.015504800579495,
        0.81967981553775,
        1.224744871391589,
        0.8660254037844386,
        0.770551750371122,
        0.8003905296791061,
        0.8926785535678563,
        1.1989578808281798,
        0.8926785535678563,
        1.14564392373896,
        0.8477912478906585,
        0.9013878188659973,
        1.928406077567689,
        1.1858541225631423,
        1.015504800579495,
        1.14564392373896,
        0.739509972887452,
        0.9270248108869579,
        0.7905694150420949,
        1.224744871391589,
        1.192424001771182,
        1.1726039399558574,
        1.0606601717798212,
        1.340475661845451,
        0.8100925873009825,
        1.0968705484240153,
        1.3806701271484076,
        0.8003905296791061,
        1.0752906583803283,
        1.7320508075688772,
        0.8660254037844386,
        0.770551750371122,
        0.8926785535678563,
        0.9185586535436918,
        0.75,
        1.620185174601965
    ],
    [
        1.1989578808281798,
        1.0606601717798212,
        0.9437293044088437,
        1.3693063937629153,
        1.0606601717798212,
        1.14564392373896,
        1.0825317547305484,
        1.015504800579495,
        0.0,
        1.1726039399558574,
        1.3050383136138188,
        1.0825317547305484,
        1.1524430571616109,
        0.9921567416492215,
        0.9100137361600648,
        1.0077822185373186,
        1.3169567191065923,
        1.0897247358851685,
        1.0752906583803283,
        1.0532687216470449,
        1.0968705484240153,
        1.352081728298996,
        1.14564392373896,
        1.2054563451241194,
        1.0532687216470449,
        1.0968705484240153,
        1.7230060940112777,
        1.224744871391589,
        1.1989578808281798,
        1.192424001771182,
        1.0752906583803283,
        0.9762812094883317,
        1.103970108290981,
        1.299038105676658,
        1.4842927608797396,
        1.0307764064044151,
        1.2624381172952597,
        1.340475661845451,
        1.0825317547305484,
        1.25,
        1.4086784586980805,
        0.9682458365518543,
        1.243734296383275,
        1.4469796128487782,
        1.0606601717798212,
        1.1388041973930374,
        1.1388041973930374,
        1.2624381172952597,
        1.0532687216470449,
        2.0615528128088303
    ],
    [
        1.243734296383275,
        0.9100137361600648,
        0.9921567416492215,
        1.3287682265918312,
        0.8569568250501305,
        1.0077822185373186,
        1.0383279828647594,
        0.875,
        1.1726039399558574,
        0.0,
        1.159202311936963,
        0.8660254037844386,
        0.9185586535436918,
        1.0532687216470449,
        1.1792476415070754,
        0.7806247497997998,
        1.125,
        0.8477912478906585,
        0.9437293044088437,
        0.875,
        0.8660254037844386,
        1.1989578808281798,
        1.0077822185373186,
        1.0897247358851685,
        0.8926785535678563,
        0.8926785535678563,
        1.9080421903092184,
        1.118033988749895,
        1.0458250331675945,
        1.1319231422671772,
        0.81967981553775,
        1.0077822185373186,
        0.9270248108869579,
        1.2183492931011204,
        1.346291201783626,
        1.1388041973930374,
        0.9842509842514764,
        1.2747548783981961,
        0.9013878188659973,
        1.0968705484240153,
        1.4523687548277813,
        0.8660254037844386,
        1.0968705484240153,
        1.6817030058842137,
        0.8385254915624212,
        0.9013878188659973,
        0.9437293044088437,
        1.0968705484240153,
        0.8569568250501305,
        1.741048534648015
    ],
    [
        0.5863019699779287,
        1.0383279828647594,
        1.0231690964840563,
        1.7320508075688772,
        0.8660254037844386,
        1.286953767623375,
        1.3110110602126894,
        0.9519716382329886,
        1.3050383136138188,
        1.159202311936963,
        0.0,
        1.0532687216470449,
        1.0606601717798212,
        1.2624381172952597,
        1.286953767623375,
        1.0752906583803283,
        1.58607219255619,
        1.118033988749895,
        1.0532687216470449,
        1.0458250331675945,
        1.1726039399558574,
        1.6153559979150107,
        1.192424001771182,
        1.3806701271484076,
        1.0897247358851685,
        1.192424001771182,
        2.29128784747792,
        1.5,
        1.340475661845451,
        1.4684175155588413,
        0.9682458365518543,
        1.015504800579495,
        1.0077822185373186,
        1.648863244784115,
        0.4330127018922193,
        1.4523687548277813,
        1.4252192813739224,
        1.7275343701356567,
        1.0752906583803283,
        1.4630874888399532,
        1.7721808598447282,
        0.960143218483576,
        1.4842927608797396,
        2.0879116360612584,
        1.0825317547305484,
        0.9519716382329886,
        1.1388041973930374,
        0.33071891388307384,
        0.9842509842514764,
        0.5448623679425842
    ],
    [
        1.14564392373896,
        0.875,
        0.9354143466934853,
        1.3050383136138188,
        0.8477912478906585,
        0.875,
        1.015504800579495,
        0.8100925873009825,
        1.0825317547305484,
        0.8660254037844386,
        1.0532687216470449,
        0.0,
        0.9013878188659973,
        0.960143218483576,
        1.0,
        0.8569568250501305,
        1.1388041973930374,
        0.7905694150420949,
        0.8100925873009825,
        0.8477912478906585,
        0.9354143466934853,
        1.1989578808281798,
        0.9682458365518543,
        1.159202311936963,
        0.8926785535678563,
        0.875,
        2.0,
        1.125,
        1.0231690964840563,
        1.1388041973930374,
        0.7905694150420949,
        0.9354143466934853,
        0.8477912478906585,
        1.165922381636102,
        1.2054563451241194,
        1.1726039399558574,
        1.0231690964840563,
        1.2374368670764582,
        0.8926785535678563,
        1.103970108290981,
        1.4252192813739224,
        0.7905694150420949,
        1.0606601717798212,
        1.695582495781317,
        0.8660254037844386,
        0.8477912478906585,
        0.8838834764831844,
        0.9519716382329886,
        0.81967981553775,
        1.7320508075688772
    ],
    [
        1.125,
        0.9682458365518543,
        1.015504800579495,
        1.340475661845451,
        0.81967981553775,
        0.9519716382329886,
        1.0383279828647594,
        0.8660254037844386,
        1.1524430571616109,
        0.9185586535436918,
        1.0606601717798212,
        0.9013878188659973,
        0.0,
        1.0532687216470449,
        1.0606601717798212,
        0.8100925873009825,
        1.0897247358851685,
        0.8660254037844386,
        0.960143218483576,
        0.8660254037844386,
        0.9185586535436918,
        1.231107225224513,
        0.9682458365518543,
        1.2054563451241194,
        0.8385254915624212,
        0.9682458365518543,
        2.0155644370746373,
        1.0752906583803283,
        1.0231690964840563,
        1.165922381636102,
        0.770551750371122,
        0.960143218483576,
        0.8385254915624212,
        1.2119199643540823,
        1.231107225224513,
        1.2374368670764582,
        1.125,
        1.2183492931011204,
        1.0077822185373186,
        1.0606601717798212,
        1.340475661845451,
        0.7806247497997998,
        1.0897247358851685,
        1.741048534648015,
        0.8477912478906585,
        0.8926785535678563,
        0.9519716382329886,
        0.9437293044088437,
        0.8838834764831844,
        1.709349291397168
    ],
    [
        1.125,
        1.0,
        0.9270248108869579,
        1.4252192813739224,
        1.0968705484240153,
        1.0231690964840563,
        1.1726039399558574,
        0.9921567416492215,
        0.9921567416492215,
        1.0532687216470449,
        1.2624381172952597,
        0.960143218483576,
        1.0532687216470449,
        0.0,
        0.8926785535678563,
        1.0077822185373186,
        1.2183492931011204,
        1.0383279828647594,
        1.0307764064044151,
        1.015504800579495,
        1.0680004681646913,
        1.2119199643540823,
        1.0825317547305484,
        1.2808688457449497,
        1.0606601717798212,
        1.0458250331675945,
        1.8328597873268975,
        1.2686114456365274,
        1.103970108290981,
        1.2183492931011204,
        0.960143218483576,
        0.875,
        1.0,
        1.243734296383275,
        1.3863170633011772,
        1.159202311936963,
        1.103970108290981,
        1.334634781503914,
        1.103970108290981,
        1.1524430571616109,
        1.4737282653189494,
        1.0077822185373186,
        1.14564392373896,
        1.4842927608797396,
        1.0077822185373186,
        1.0897247358851685,
        1.0077822185373186,
        1.159202311936963,
        1.0,
        1.8157298807917437
    ],
    [
        1.0680004681646913,
        1.0825317547305484,
        0.8660254037844386,
        1.4086784586980805,
        1.125,
        1.1858541225631423,
        1.118033988749895,
        1.015504800579495,
        0.9100137361600648,
        1.1792476415070754,
        1.286953767623375,
        1.0,
        1.0606601717798212,
        0.8926785535678563,
        0.0,
        1.1110243021644486,
        1.2624381172952597,
        1.1858541225631423,
        1.125,
        1.103970108290981,
        1.0680004681646913,
        1.2686114456365274,
        1.159202311936963,
        1.299038105676658,
        1.159202311936963,
        1.0752906583803283,
        1.8666480653835098,
        1.340475661845451,
        1.1524430571616109,
        1.243734296383275,
        1.0825317547305484,
        0.875,
        1.0606601717798212,
        1.25,
        1.4737282653189494,
        1.0458250331675945,
        1.2686114456365274,
        1.3863170633011772,
        1.1726039399558574,
        1.2183492931011204,
        1.4361406616345072,
        1.0458250331675945,
        1.2183492931011204,
        1.5512092057488571,
        1.015504800579495,
        1.125,
        1.1524430571616109,
        1.192424001771182,
        1.015504800579495,
        1.8874586088176875
    ],
    [
        1.1524430571616109,
        0.81967981553775,
        0.9682458365518543,
        1.286953767623375,
        0.7603453162872774,
        0.9437293044088437,
        0.9921567416492215,
        0.81967981553775,
        1.0077822185373186,
        0.7806247497997998,
        1.0752906583803283,
        0.8569568250501305,
        0.8100925873009825,
        1.0077822185373186,
        1.1110243021644486,
        0.0,
        1.1110243021644486,
        0.8100925873009825,
        0.875,
        0.8660254037844386,
        0.8660254037844386,
        1.1792476415070754,
        0.9682458365518543,
        1.0825317547305484,
        0.8477912478906585,
        0.8838834764831844,
        1.928406077567689,
        1.14564392373896,
        1.0458250331675945,
        1.0968705484240153,
        0.7288689868556626,
        0.9921567416492215,
        0.8385254915624212,
        1.1792476415070754,
        1.25,
        1.1524430571616109,
        1.0532687216470449,
        1.3050383136138188,
        0.8569568250501305,
        1.0606601717798212,
        1.3975424859373686,
        0.7603453162872774,
        1.0825317547305484,
        1.7275343701356567,
        0.8477912478906585,
        0.8003905296791061,
        0.9100137361600648,
        1.0,
        0.75,
        1.6909686573085854
    ],
    [
        1.6909686573085854,
        1.159202311936963,
        1.2930100540985752,
        1.3863170633011772,
        1.25,
        1.0458250331675945,
        1.14564392373896,
        1.224744871391589,
        1.3169567191065923,
        1.125,
        1.58607219255619,
        1.1388041973930374,
        1.0897247358851685,
        1.2183492931011204,
        1.2624381172952597,
        1.1110243021644486,
        0.0,
        1.165922381636102,
        1.0752906583803283,
        1.1726039399558574,
        1.159202311936963,
        1.1726039399558574,
        1.25,
        1.286953767623375,
        1.0383279828647594,
        1.125,
        1.8915932438026946,
        1.1792476415070754,
        1.159202311936963,
        1.1792476415070754,
        1.14564392373896,
        1.192424001771182,
        1.0968705484240153,
        1.125,
        1.6909686573085854,
        1.4197270864500684,
        1.14564392373896,
        1.357847561400027,
        1.2183492931011204,
        1.0680004681646913,
        1.375,
        1.0897247358851685,
        1.192424001771182,
        1.7275343701356567,
        1.118033988749895,
        1.2374368670764582,
        1.1989578808281798,
        1.5155444566227676,
        1.1524430571616109,
        2.436698586202241
    ],
    [
        1.231107225224513,
        0.875,
        0.9842509842514764,
        1.3110110602126894,
        0.8838834764831844,
        0.9921567416492215,
        1.0458250331675945,
        0.8660254037844386,
        1.0897247358851685,
        0.8477912478906585,
        1.118033988749895,
        0.7905694150420949,
        0.8660254037844386,
        1.0383279828647594,
        1.1858541225631423,
        0.8100925873009825,
        1.165922381636102,
        0.0,
        0.8477912478906585,
        0.8838834764831844,
        0.9100137361600648,
        1.1524430571616109,
        0.9762812094883317,
        1.14564392373896,
        0.875,
        0.9100137361600648,
        1.9324531042175384,
        1.1319231422671772,
        1.0458250331675945,
        1.0825317547305484,
        0.739509972887452,
        1.0077822185373186,
        0.8477912478906585,
        1.1858541225631423,
        1.2624381172952597,
        1.1726039399558574,
        1.0532687216470449,
        1.2747548783981961,
        0.960143218483576,
        1.0825317547305484,
        1.3635890143294642,
        0.7905694150420949,
        1.103970108290981,
        1.6723860200324565,
        0.82915619758885,
        0.9270248108869579,
        0.9519716382329886,
        1.0458250331675945,
        0.8385254915624212,
        1.8666480653835098
    ],
    [
        1.125,
        0.8100925873009825,
        0.9013878188659973,
        1.3287682265918312,
        0.8569568250501305,
        0.9100137361600648,
        1.0532687216470449,
        0.770551750371122,
        1.0752906583803283,
        0.9437293044088437,
        1.0532687216470449,
        0.8100925873009825,
        0.960143218483576,
        1.0307764064044151,
        1.125,
        0.875,
        1.0752906583803283,
        0.8477912478906585,
        0.0,
        0.81967981553775,
        0.875,
        1.1989578808281798,
        0.8838834764831844,
        1.125,
        0.9100137361600648,
        0.9100137361600648,
        1.9080421903092184,
        1.224744871391589,
        1.0606601717798212,
        1.0680004681646913,
        0.8003905296791061,
        0.960143218483576,
        0.8100925873009825,
        1.1726039399558574,
        1.299038105676658,
        1.2183492931011204,
        1.0077822185373186,
        1.2808688457449497,
        0.9270248108869579,
        1.1110243021644486,
        1.3693063937629153,
        0.8100925873009825,
        1.125,
        1.741048534648015,
        0.8385254915624212,
        0.7905694150420949,
        0.9185586535436918,
        0.9842509842514764,
        0.75,
        1.648863244784115
    ],
    [
        1.125,
        0.875,
        0.9185586535436918,
        1.3169567191065923,
        0.81967981553775,
        0.9519716382329886,
        0.9762812094883317,
        0.8003905296791061,
        1.0532687216470449,
        0.875,
        1.0458250331675945,
        0.8477912478906585,
        0.8660254037844386,
        1.015504800579495,
        1.103970108290981,
        0.8660254037844386,
        1.1726039399558574,
        0.8838834764831844,
        0.81967981553775,
        0.0,
        0.9013878188659973,
        1.231107225224513,
        0.8838834764831844,
        1.0825317547305484,
        0.8477912478906585,
        0.9185586535436918,
        1.8874586088176875,
        1.14564392373896,
        0.9921567416492215,
        1.0825317547305484,
        0.82915619758885,
        1.0,
        0.7905694150420949,
        1.1792476415070754,
        1.25,
        1.2054563451241194,
        1.0231690964840563,
        1.224744871391589,
        0.8926785535678563,
        1.0825317547305484,
        1.403121520040228,
        0.770551750371122,
        1.0968705484240153,
        1.6723860200324565,
        0.8926785535678563,
        0.9013878188659973,
        0.8569568250501305,
        0.9762812094883317,
        0.8003905296791061,
        1.7275343701356567
    ],
    [
        1.2054563451241194,
        0.9100137361600648,
        1.0,
        1.3228756555322954,
        0.82915619758885,
        0.9682458365518543,
        1.015504800579495,
        0.8926785535678563,
        1.0968705484240153,
        0.8660254037844386,
        1.1726039399558574,
        0.9354143466934853,
        0.9185586535436918,
        1.0680004681646913,
        1.0680004681646913,
        0.8660254037844386,
        1.159202311936963,
        0.9100137361600648,
        0.875,
        0.9013878188659973,
        0.0,
        1.231107225224513,
        0.9762812094883317,
        1.0968705484240153,
        0.8385254915624212,
        0.9519716382329886,
        1.948557158514987,
        1.1792476415070754,
        1.0,
        1.159202311936963,
        0.82915619758885,
        1.0458250331675945,
        0.9185586535436918,
        1.2183492931011204,
        1.3635890143294642,
        1.1388041973930374,
        1.0680004681646913,
        1.2930100540985752,
        0.9013878188659973,
        1.1388041973930374,
        1.4086784586980805,
        0.82915619758885,
        1.103970108290981,
        1.7230060940112777,
        0.8660254037844386,
        0.960143218483576,
        0.9921567416492215,
        1.0752906583803283,
        0.8100925873009825,
        1.8285923547909742
    ],
    [
        1.7275343701356567,
        1.224744871391589,
        1.375,
        1.3693063937629153,
        1.375,
        1.103970108290981,
        1.2808688457449497,
        1.1989578808281798,
        1.352081728298996,
        1.1989578808281798,
        1.6153559979150107,
        1.1989578808281798,
        1.231107225224513,
        1.2119199643540823,
        1.2686114456365274,
        1.1792476415070754,
        1.1726039399558574,
        1.1524430571616109,
        1.1989578808281798,
        1.231107225224513,
        1.231107225224513,
        0.0,
        1.2374368670764582,
        1.3110110602126894,
        1.14564392373896,
        1.224744871391589,
        1.9080421903092184,
        1.231107225224513,
        1.2183492931011204,
        1.2119199643540823,
        1.2054563451241194,
        1.334634781503914,
        1.1319231422671772,
        1.0897247358851685,
        1.695582495781317,
        1.4469796128487782,
        1.243734296383275,
        1.352081728298996,
        1.25,
        1.1792476415070754,
        1.4577379737113252,
        1.165922381636102,
        1.1858541225631423,
        1.709349291397168,
        1.224744871391589,
        1.3228756555322954,
        1.25,
        1.5309310892394863,
        1.243734296383275,
        2.4937421679075005
    ],
    [
        1.2747548783981961,
        0.875,
        1.1110243021644486,
        1.3169567191065923,
        0.9354143466934853,
        0.9921567416492215,
        1.0897247358851685,
        0.8926785535678563,
        1.14564392373896,
        1.0077822185373186,
        1.192424001771182,
        0.9682458365518543,
        0.9682458365518543,
        1.0825317547305484,
        1.159202311936963,
        0.9682458365518543,
        1.25,
        0.9762812094883317,
        0.8838834764831844,
        0.8838834764831844,
        0.9762812094883317,
        1.2374368670764582,
        0.0,
        1.103970108290981,
        0.9185586535436918,
        1.0077822185373186,
        1.8285923547909742,
        1.1319231422671772,
        1.0606601717798212,
        1.1110243021644486,
        0.9921567416492215,
        1.0825317547305484,
        0.9682458365518543,
        1.165922381636102,
        1.375,
        1.1110243021644486,
        1.1388041973930374,
        1.2624381172952597,
        0.9270248108869579,
        1.0680004681646913,
        1.2183492931011204,
        0.9270248108869579,
        1.0680004681646913,
        1.7001838135919305,
        0.9519716382329886,
        0.9682458365518543,
        1.0077822185373186,
        1.159202311936963,
        0.9185586535436918,
        1.948557158514987
    ],
    [
        1.4842927608797396,
        1.159202311936963,
        1.25,
        1.192424001771182,
        1.103970108290981,
        1.1524430571616109,
        1.1110243021644486,
        1.14564392373896,
        1.2054563451241194,
        1.0897247358851685,
        1.3806701271484076,
        1.159202311936963,
        1.2054563451241194,
        1.2808688457449497,
        1.299038105676658,
        1.0825317547305484,
        1.286953767623375,
        1.14564392373896,
        1.125,
        1.0825317547305484,
        1.0968705484240153,
        1.3110110602126894,
        1.103970108290981,
        0.0,
        1.0458250331675945,
        1.1110243021644486,
        1.6723860200324565,
        1.1319231422671772,
        1.0968705484240153,
        1.1792476415070754,
        1.14564392373896,
        1.2054563451241194,
        1.1792476415070754,
        1.1726039399558574,
        1.5309310892394863,
        1.1726039399558574,
        1.1524430571616109,
        1.2374368670764582,
        1.0825317547305484,
        1.231107225224513,
        1.224744871391589,
        1.0897247358851685,
        1.1726039399558574,
        1.6770509831248424,
        1.14564392373896,
        1.1319231422671772,
        1.103970108290981,
        1.357847561400027,
        1.103970108290981,
        2.3518609652783473
    ],
    [
        1.159202311936963,
        0.8660254037844386,
        1.0606601717798212,
        1.231107225224513,
        0.82915619758885,
        0.9437293044088437,
        1.0458250331675945,
        0.8477912478906585,
        1.0532687216470449,
        0.8926785535678563,
        1.0897247358851685,
        0.8926785535678563,
        0.8385254915624212,
        1.0606601717798212,
        1.159202311936963,
        0.8477912478906585,
        1.0383279828647594,
        0.875,
        0.9100137361600648,
        0.8477912478906585,
        0.8385254915624212,
        1.14564392373896,
        0.9185586535436918,
        1.0458250331675945,
        0.0,
        0.9100137361600648,
        1.940521837032503,
        1.118033988749895,
        1.0077822185373186,
        1.0968705484240153,
        0.8569568250501305,
        1.015504800579495,
        0.8838834764831844,
        1.1319231422671772,
        1.2562344526401112,
        1.1858541225631423,
        0.9921567416492215,
        1.192424001771182,
        0.9100137361600648,
        1.0825317547305484,
        1.3110110602126894,
        0.7905694150420949,
        1.0383279828647594,
        1.6677080080157918,
        0.8660254037844386,
        0.875,
        0.9842509842514764,
        1.0077822185373186,
        0.8100925873009825,
        1.8328597873268975
    ],
    [
        1.299038105676658,
        0.9437293044088437,
        1.0968705484240153,
        1.286953767623375,
        0.9270248108869579,
        0.9921567416492215,
        1.015504800579495,
        0.9013878188659973,
        1.0968705484240153,
        0.8926785535678563,
        1.192424001771182,
        0.875,
        0.9682458365518543,
        1.0458250331675945,
        1.0752906583803283,
        0.8838834764831844,
        1.125,
        0.9100137361600648,
        0.9100137361600648,
        0.9185586535436918,
        0.9519716382329886,
        1.224744871391589,
        1.0077822185373186,
        1.1110243021644486,
        0.9100137361600648,
        0.0,
        1.8666480653835098,
        1.1110243021644486,
        0.9682458365518543,
        1.0968705484240153,
        0.9013878188659973,
        1.0077822185373186,
        0.8838834764831844,
        1.14564392373896,
        1.340475661845451,
        1.0897247358851685,
        1.0752906583803283,
        1.192424001771182,
        0.9682458365518543,
        1.015504800579495,
        1.2686114456365274,
        0.8003905296791061,
        1.0680004681646913,
        1.620185174601965,
        0.8926785535678563,
        0.9682458365518543,
        0.9921567416492215,
        1.1524430571616109,
        0.8569568250501305,
        2.019436802675439
    ],
    [
        2.858649156507318,
        1.956559480312316,
        1.964529205687714,
        1.6105123408406408,
        2.091650066335189,
        1.8027756377319946,
        1.7001838135919305,
        1.928406077567689,
        1.7230060940112777,
        1.9080421903092184,
        2.29128784747792,
        2.0,
        2.0155644370746373,
        1.8328597873268975,
        1.8666480653835098,
        1.928406077567689,
        1.8915932438026946,
        1.9324531042175384,
        1.9080421903092184,
        1.8874586088176875,
        1.948557158514987,
        1.9080421903092184,
        1.8285923547909742,
        1.6723860200324565,
        1.940521837032503,
        1.8666480653835098,
        0.0,
        1.6863421954040052,
        1.7230060940112777,
        1.625,
        2.027159342528357,
        1.824314939915803,
        2.023301757029831,
        1.6817030058842137,
        2.947456530637899,
        1.6909686573085854,
        1.8114220932736798,
        1.7320508075688772,
        1.875,
        1.7940875118009154,
        1.5206906325745548,
        1.956559480312316,
        1.7633419974582356,
        1.620185174601965,
        1.9243505397925815,
        1.9921721813136535,
        1.9039432764659772,
        2.2980970388562794,
        2.042516829796024,
        4.115519408288582
    ],
    [
        1.595893166850463,
        1.125,
        1.3169567191065923,
        1.25,
        1.243734296383275,
        1.0532687216470449,
        1.1726039399558574,
        1.1858541225631423,
        1.224744871391589,
        1.118033988749895,
        1.5,
        1.125,
        1.0752906583803283,
        1.2686114456365274,
        1.340475661845451,
        1.14564392373896,
        1.1792476415070754,
        1.1319231422671772,
        1.224744871391589,
        1.14564392373896,
        1.1792476415070754,
        1.231107225224513,
        1.1319231422671772,
        1.1319231422671772,
        1.118033988749895,
        1.1110243021644486,
        1.6863421954040052,
        0.0,
        1.0968705484240153,
        1.118033988749895,
        1.165922381636102,
        1.1524430571616109,
        1.1524430571616109,
        1.165922381636102,
        1.6105123408406408,
        1.2183492931011204,
        1.1388041973930374,
        1.224744871391589,
        1.1524430571616109,
        1.1110243021644486,
        1.2562344526401112,
        1.103970108290981,
        1.0897247358851685,
        1.6441183047457382,
        1.1388041973930374,
        1.224744871391589,
        1.1319231422671772,
        1.4684175155588413,
        1.1726039399558574,
        2.404423007708918
    ],
    [
        1.4306903927824497,
        1.0383279828647594,
        1.159202311936963,
        1.2686114456365274,
        1.0458250331675945,
        1.0307764064044151,
        1.0680004681646913,
        1.015504800579495,
        1.1989578808281798,
        1.0458250331675945,
        1.340475661845451,
        1.0231690964840563,
        1.0231690964840563,
        1.103970108290981,
        1.1524430571616109,
        1.0458250331675945,
        1.159202311936963,
        1.0458250331675945,
        1.0606601717798212,
        0.9921567416492215,
        1.0,
        1.2183492931011204,
        1.0606601717798212,
        1.0968705484240153,
        1.0077822185373186,
        0.9682458365518543,
        1.7230060940112777,
        1.0968705484240153,
        0.0,
        1.0968705484240153,
        1.0458250331675945,
        1.1388041973930374,
        1.0532687216470449,
        1.165922381636102,
        1.4947825928876748,
        1.224744871391589,
        1.0680004681646913,
        1.224744871391589,
        0.9842509842514764,
        1.0532687216470449,
        1.2686114456365274,
        0.9762812094883317,
        1.0825317547305484,
        1.6583123951777,
        1.0231690964840563,
        1.015504800579495,
        1.0680004681646913,
        1.3050383136138188,
        1.0,
        2.2150056433336687
    ],
    [
        1.595893166850463,
        1.118033988749895,
        1.25,
        1.286953767623375,
        1.159202311936963,
        1.0532687216470449,
        1.0680004681646913,
        1.14564392373896,
        1.192424001771182,
        1.1319231422671772,
        1.4684175155588413,
        1.1388041973930374,
        1.165922381636102,
        1.2183492931011204,
        1.243734296383275,
        1.0968705484240153,
        1.1792476415070754,
        1.0825317547305484,
        1.0680004681646913,
        1.0825317547305484,
        1.159202311936963,
        1.2119199643540823,
        1.1110243021644486,
        1.1792476415070754,
        1.0968705484240153,
        1.0968705484240153,
        1.625,
        1.118033988749895,
        1.0968705484240153,
        0.0,
        1.0752906583803283,
        1.2374368670764582,
        1.1319231422671772,
        1.1110243021644486,
        1.6298006013006623,
        1.224744871391589,
        1.1388041973930374,
        1.243734296383275,
        1.0968705484240153,
        1.118033988749895,
        1.243734296383275,
        1.0383279828647594,
        1.159202311936963,
        1.653594569415369,
        1.0897247358851685,
        1.165922381636102,
        1.0897247358851685,
