[
    [
        0.0,
        1.3753478224264082,
        0.5200078492343227,
        1.3529069232054147,
        0.9924780879707326,
        1.3258853414890408,
        0.8621505503266652,
        0.8778702518814055,
        1.1242911599069423,
        1.349012299304002,
        0.4385010413503099,
        1.244503220287566,
        1.1579637740623911,
        1.1601976872367001,
        1.4432283822269107,
        1.065160235143339,
        1.601378551531811,
        1.3073575155516524,
        1.1231560852511708,
        1.029073538158851,
        1.096983598725622,
        1.424435978604464,
        0.9162607326294904,
        1.2263060509563855,
        0.9777136780679605,
        1.1400635499651692,
        2.1614520582238232,
        1.468308932905122,
        0.912854627763135,
        1.1557586518060285,
        0.9015253828223674,
        0.6750377918369929,
        1.1320639900425333,
        1.2828589325472721,
        0.18982403237026163,
        1.202309639563684,
        1.126699396739097,
        1.4555488480224876,
        1.236921375753495,
        1.4571910006052382,
        1.2880682815593214,
        1.1867949034509475,
        1.0908945963786618,
        1.6597325994229615,
        1.1626686842724177,
        0.9594787594292635,
        1.0848857270774315,
        0.5047605008965204,
        1.0650105393748892,
        0.1428571428571429
    ],
    [
        1.3753478224264082,
        0.0,
        1.118033988749895,
        1.1319231422671772,
        0.82915619758885,
        0.9270248108869579,
        0.9842509842514764,
        0.8799463367476198,
        0.9100137361600648,
        0.9354143466934853,
        1.1110243021644486,
        0.960143218483576,
        0.9921567416492215,
        0.879630604287959,
        1.0077822185373186,
        0.8477912478906585,
        1.1110243021644486,
        0.8569568250501305,
        0.7603453162872774,
        0.875,
        1.024017143953709,
        0.9842509842514764,
        0.9316949906249123,
        1.0231690964840563,
        0.8640183897219884,
        0.9270248108869579,
        1.653594569415369,
        1.0897247358851685,
        1.0040542814011602,
        0.9682458365518543,
        0.8858454843945541,
        1.165922381636102,
        0.82915619758885,
        0.9762812094883317,
        1.3693063937629153,
        1.0043654713300334,
        1.0968705484240153,
        1.1319231422671772,
        0.81967981553775,
        1.015504800579495,
        1.1792476415070754,
        0.8385254915624212,
        0.9185586535436918,
        1.2576156893988808,
        0.9058835465996719,
        0.8569568250501305,
        0.9185586535436918,
        1.015504800579495,
        0.81967981553775,
        1.5612494995995996
    ],
    [
        0.5200078492343227,
        1.118033988749895,
        0.0,
        1.1989578808281798,
        0.6846531968814576,
        1.1110243021644486,
        0.625,
        0.6821127309893709,
        0.9270248108869579,
        1.0231690964840563,
        0.1767766952966369,
        1.015504800579495,
        0.9100137361600648,
        0.9148087231765993,
        1.3975424859373686,
        0.8477912478906585,
        1.4737282653189494,
        1.0231690964840563,
        0.8385254915624212,
        0.82915619758885,
        0.9363418772601764,
        1.2562344526401112,
        0.7783975705112252,
        1.0825317547305484,
        0.7883703303510209,
        1.0077822185373186,
        1.7544586059522749,
        1.2747548783981961,
        0.7558108228915488,
        0.960143218483576,
        0.7192781875680029,
        0.7180703308172536,
        0.8477912478906585,
        1.165922381636102,
        0.3535533905932738,
        1.0720890821195783,
        0.9921567416492215,
        1.2562344526401112,
        1.0383279828647594,
        1.3287682265918312,
        1.0383279828647594,
        0.8926785535678563,
        1.0231690964840563,
        1.5667996397469306,
        0.9565563234854496,
        0.7071067811865476,
        0.7288689868556626,
        0.3535533905932738,
        0.8477912478906585,
        0.5
    ],
    [
        1.3529069232054147,
        1.1319231422671772,
        1.1989578808281798,
        0.0,
        0.9842509842514764,
        1.0532687216470449,
        0.9354143466934853,
        1.015504800579495,
        0.9921567416492215,
        1.0752906583803283,
        1.3863170633011772,
        1.0383279828647594,
        1.0532687216470449,
        0.9974968671630002,
        1.125,
        0.9354143466934853,
        1.1792476415070754,
        1.0532687216470449,
        1.0231690964840563,
        0.9519716382329886,
        1.0265570828962431,
        1.118033988749895,
        1.0,
        0.9437293044088437,
        0.8838834764831844,
        0.9270248108869579,
        1.2183492931011204,
        0.9842509842514764,
        0.8986100377805715,
        0.9519716382329886,
        0.9798313346920706,
        1.0383279828647594,
        1.0307764064044151,
        1.0077822185373186,
        1.6723860200324565,
        0.9493418773023763,
        0.9519716382329886,
        0.9519716382329886,
        1.0307764064044151,
        1.159202311936963,
        0.8838834764831844,
        0.9921567416492215,
        0.9185586535436918,
        1.0416666666666667,
        0.9410765112359356,
        1.0752906583803283,
        1.0077822185373186,
        1.3110110602126894,
        0.9921567416492215,
        2.2603926650031405
    ],
    [
        0.9924780879707326,
        0.82915619758885,
        0.6846531968814576,
        0.9842509842514764,
        0.0,
        0.8477912478906585,
        0.6959705453537527,
        0.5833333333333334,
        0.7071067811865476,
        0.7288689868556626,
        0.649519052838329,
        0.8926785535678563,
        0.739509972887452,
        0.8250000000000001,
        1.1792476415070754,
        0.6123724356957945,
        1.1858541225631423,
        0.82915619758885,
        0.649519052838329,
        0.7071067811865476,
        0.7716774657271723,
        1.118033988749895,
        0.7046472718869902,
        0.81967981553775,
        0.6468406123441677,
        0.7288689868556626,
        1.695582495781317,
        1.0532687216470449,
        0.7132671308843553,
        0.81967981553775,
        0.6009252125773316,
        0.81967981553775,
        0.7071067811865476,
        0.9354143466934853,
        0.9185586535436918,
        0.8344159634139319,
        0.9921567416492215,
        1.0680004681646913,
        0.75,
        1.0752906583803283,
        0.9921567416492215,
        0.649519052838329,
        0.81967981553775,
        1.3527235900623273,
        0.702228595259407,
        0.5590169943749475,
        0.625,
        0.5994789404140899,
        0.5994789404140899,
        1.0077822185373186
    ],
    [
        1.3258853414890408,
        0.9270248108869579,
        1.1110243021644486,
        1.0532687216470449,
        0.8477912478906585,
        0.0,
        0.875,
        0.7750448015724282,
        0.8569568250501305,
        0.8477912478906585,
        1.0897247358851685,
        0.9270248108869579,
        0.82915619758885,
        0.8046738469715541,
        1.0606601717798212,
        0.75,
        0.960143218483576,
        0.82915619758885,
        0.7905694150420949,
        0.81967981553775,
        0.9592387027684449,
        0.9270248108869579,
        0.8955910525085283,
        1.0532687216470449,
        0.8364524958285304,
        0.82915619758885,
        1.5,
        0.8477912478906585,
        0.8877640452282352,
        0.81967981553775,
        0.9023503261544882,
        1.0752906583803283,
        0.81967981553775,
        0.7905694150420949,
        1.2747548783981961,
        0.9222933372848359,
        1.0,
        1.0231690964840563,
        0.8385254915624212,
        0.9270248108869579,
        1.0383279828647594,
        0.8003905296791061,
        0.8569568250501305,
        1.1865859054915118,
        0.839270516579726,
        0.9519716382329886,
        0.8569568250501305,
        1.0383279828647594,
        0.875,
        1.7001838135919305
    ],
    [
        0.8621505503266652,
        0.9842509842514764,
        0.625,
        0.9354143466934853,
        0.6959705453537527,
        0.875,
        0.0,
        0.6346477588219923,
        0.7071067811865476,
        0.8003905296791061,
        0.6959705453537527,
        0.8660254037844386,
        0.75,
        0.7762087348130012,
        1.243734296383275,
        0.7180703308172536,
        1.1792476415070754,
        0.8569568250501305,
        0.7603453162872774,
        0.6614378277661477,
        0.8759915017345267,
        1.0,
        0.6468406123441677,
        0.8477912478906585,
        0.6934715407122183,
        0.770551750371122,
        1.4737282653189494,
        0.9437293044088437,
        0.6194755846681933,
        0.7603453162872774,
        0.7406828681096325,
        0.8385254915624212,
        0.6959705453537527,
        0.875,
        0.8100925873009825,
        0.7132671308843553,
        0.9270248108869579,
        0.9921567416492215,
        0.8838834764831844,
        1.0825317547305484,
        0.8003905296791061,
        0.7905694150420949,
        0.81967981553775,
        1.2190615698606495,
        0.7762087348130012,
        0.673145600891813,
        0.57282196186948,
        0.649519052838329,
        0.7905694150420949,
        1.192424001771182
    ],
    [
        0.8778702518814055,
        0.8799463367476198,
        0.6821127309893709,
        1.015504800579495,
        0.5833333333333334,
        0.7750448015724282,
        0.6346477588219923,
        0.0,
        0.6770032003863301,
        0.7476816018719317,
        0.6468406123441677,
        0.7511565157216644,
        0.7156485015549029,
        0.673970408186525,
        0.962851667357612,
        0.6023680122833733,
        1.1008204011352423,
        0.768295371441074,
        0.6795627679291705,
        0.6180165405913053,
        0.6319062870042959,
        0.9664511253952668,
        0.57282196186948,
        0.9081039465709737,
        0.5994789404140899,
        0.8270597183866336,
        1.5343293866268308,
        0.9833686434338289,
        0.673970408186525,
        0.8457409637576849,
        0.5432668671002208,
        0.6744339190099436,
        0.6481812160876685,
        0.9166666666666666,
        0.8907315969346646,
        0.7912718313646145,
        0.788370330351021,
        1.1577036657874837,
        0.7204840194079409,
        1.044163673845139,
        0.9583333333333334,
        0.7156485015549029,
        0.7252872993970505,
        1.20761472884912,
        0.6980130530457308,
        0.5697830971323893,
        0.6095307849303248,
        0.6468406123441677,
        0.5651941652604391,
        1.1234557302260635
    ],
    [
        1.1242911599069423,
        0.9100137361600648,
        0.9270248108869579,
        0.9921567416492215,
        0.7071067811865476,
        0.8569568250501305,
        0.7071067811865476,
        0.6770032003863301,
        0.0,
        0.7905694150420949,
        0.9270248108869579,
        0.8926785535678563,
        0.9185586535436918,
        0.852936105461599,
        1.0231690964840563,
        0.6959705453537527,
        1.1110243021644486,
        0.8385254915624212,
        0.7806247497997998,
        0.75,
        0.8395600699837452,
        1.0458250331675945,
        0.768295371441074,
        0.8660254037844386,
        0.7216878364870323,
        0.81967981553775,
        1.3975424859373686,
        0.960143218483576,
        0.7611668673819164,
        0.8569568250501305,
        0.8436856971381911,
        1.0532687216470449,
        0.81967981553775,
        0.9013878188659973,
        1.118033988749895,
        0.7713624310270756,
        0.9682458365518543,
        1.0383279828647594,
        0.770551750371122,
        1.0,
        0.9354143466934853,
        0.770551750371122,
        0.9185586535436918,
        1.2534674130409436,
        0.8359126748650244,
        0.82915619758885,
        0.7905694150420949,
        0.8926785535678563,
        0.8003905296791061,
        1.5612494995995996
    ],
    [
        1.349012299304002,
        0.9354143466934853,
        1.0231690964840563,
        1.0752906583803283,
        0.7288689868556626,
        0.8477912478906585,
        0.8003905296791061,
        0.7476816018719317,
        0.7905694150420949,
        0.0,
        1.0307764064044151,
        0.9185586535436918,
        0.8003905296791061,
        0.7660776723022281,
        1.2183492931011204,
        0.5994789404140899,
        1.0532687216470449,
        0.82915619758885,
        0.8569568250501305,
        0.8660254037844386,
        0.9195031871130797,
        0.9270248108869579,
        0.768295371441074,
        0.8003905296791061,
        0.7783975705112252,
        0.739509972887452,
        1.58607219255619,
        0.875,
        0.796084166404533,
        0.770551750371122,
        0.8302024518821365,
        1.0458250331675945,
        0.8003905296791061,
        0.8660254037844386,
        1.2054563451241194,
        0.796084166404533,
        1.0,
        1.015504800579495,
        0.875,
        0.9354143466934853,
        0.9682458365518543,
        0.7603453162872774,
        0.8100925873009825,
        1.206176235510844,
        0.7660776723022281,
        0.770551750371122,
        0.6959705453537527,
        0.960143218483576,
        0.8100925873009825,
        1.4737282653189494
    ],
    [
        0.4385010413503099,
        1.1110243021644486,
        0.1767766952966369,
        1.3863170633011772,
        0.649519052838329,
        1.0897247358851685,
        0.6959705453537527,
        0.6468406123441677,
        0.9270248108869579,
        1.0307764064044151,
        0.0,
        1.0231690964840563,
        0.9013878188659973,
        0.9317322576792112,
        1.4086784586980805,
        0.82915619758885,
        1.4684175155588413,
        1.0307764064044151,
        0.8003905296791061,
        0.81967981553775,
        0.9109671295448103,
        1.2747548783981961,
        0.7783975705112252,
        1.0968705484240153,
        0.7580585582775105,
        1.015504800579495,
        1.8114220932736798,
        1.2624381172952597,
        0.8058380730643099,
        0.9842509842514764,
        0.6859199013814303,
        0.7603453162872774,
        0.8385254915624212,
        1.159202311936963,
        0.4330127018922193,
        1.0647769719523428,
        1.0383279828647594,
        1.357847561400027,
        1.0077822185373186,
        1.3228756555322954,
        1.118033988749895,
        0.8838834764831844,
        1.0,
        1.5915357712320233,
        0.9565563234854496,
        0.7071067811865476,
        0.7288689868556626,
        0.30618621784789724,
        0.8477912478906585,
        0.414578098794425
    ],
    [
        1.244503220287566,
        0.960143218483576,
        1.015504800579495,
        1.0383279828647594,
        0.8926785535678563,
        0.9270248108869579,
        0.8660254037844386,
        0.7511565157216644,
        0.8926785535678563,
        0.9185586535436918,
        1.0231690964840563,
        0.0,
        0.9270248108869579,
        0.6703543838895961,
        0.9185586535436918,
        0.81967981553775,
        1.103970108290981,
        0.875,
        0.82915619758885,
        0.75,
        0.7580585582775105,
        1.0383279828647594,
        0.7406828681096325,
        1.0383279828647594,
        0.7511565157216644,
        0.9100137361600648,
        1.5155444566227676,
        1.0383279828647594,
        0.8173891362135908,
        0.9519716382329886,
        0.6468406123441677,
        0.8477912478906585,
        0.8477912478906585,
        1.0077822185373186,
        1.1388041973930374,
        0.8993052874302475,
        0.8100925873009825,
        1.1110243021644486,
        0.9185586535436918,
        1.103970108290981,
        1.1110243021644486,
        0.8477912478906585,
        0.7180703308172536,
        1.1975089885999928,
        0.7881941385217224,
        0.875,
        0.8385254915624212,
        0.9100137361600648,
        0.7071067811865476,
        1.4630874888399532
    ],
    [
        1.1579637740623911,
        0.9921567416492215,
        0.9100137361600648,
        1.0532687216470449,
        0.739509972887452,
        0.82915619758885,
        0.75,
        0.7156485015549029,
        0.9185586535436918,
        0.8003905296791061,
        0.9013878188659973,
        0.9270248108869579,
        0.0,
        0.7762087348130012,
        1.1319231422671772,
        0.7071067811865476,
        0.9921567416492215,
        0.8385254915624212,
        0.8569568250501305,
        0.81967981553775,
        0.8926785535678563,
        0.9762812094883317,
        0.7580585582775105,
        1.0077822185373186,
        0.7046472718869902,
        0.8100925873009825,
        1.6441183047457382,
        0.8838834764831844,
        0.7132671308843553,
        0.9013878188659973,
        0.7083333333333334,
        0.8660254037844386,
        0.7071067811865476,
        0.8926785535678563,
        1.0897247358851685,
        0.9886859966642595,
        0.9185586535436918,
        1.0231690964840563,
        0.960143218483576,
        0.9354143466934853,
        0.9185586535436918,
        0.7288689868556626,
        0.7905694150420949,
        1.2444320435890066,
        0.7660776723022281,
        0.75,
        0.7806247497997998,
        0.7806247497997998,
        0.8003905296791061,
        1.3975424859373686
    ],
    [
        1.1601976872367001,
        0.879630604287959,
        0.9148087231765993,
        0.9974968671630002,
        0.8250000000000001,
        0.8046738469715541,
        0.7762087348130012,
        0.673970408186525,
        0.852936105461599,
        0.7660776723022281,
        0.9317322576792112,
        0.6703543838895961,
        0.7762087348130012,
        0.0,
        0.9463746615373851,
        0.7132671308843553,
        0.9832980219648568,
        0.8058380730643099,
        0.7237057413065063,
        0.7057797106746552,
        0.7715424666068471,
        0.8888194417315589,
        0.7610756277211294,
        0.9965565713997374,
        0.7047950844827957,
        0.7762087348130012,
        1.4956186011146024,
        1.019803902718557,
        0.6959705453537527,
        0.8250000000000001,
        0.6186903731090195,
        0.8362864341838866,
        0.6796138609534094,
        0.8975661535508122,
        1.0647769719523428,
        0.9185586535436918,
        0.7322909257938405,
        1.052675163571365,
        0.8170067319184096,
        0.9807522622966516,
        0.9965565713997374,
        0.7132671308843553,
        0.73824115301167,
        1.2068669262921152,
        0.7219764539096826,
        0.7862092596758194,
        0.6796138609534094,
        0.8058380730643099,
        0.6633249580710799,
        1.35531361684298
    ],
    [
        1.4432283822269107,
        1.0077822185373186,
        1.3975424859373686,
        1.125,
        1.1792476415070754,
        1.0606601717798212,
        1.243734296383275,
        0.962851667357612,
        1.0231690964840563,
        1.2183492931011204,
        1.4086784586980805,
        0.9185586535436918,
        1.1319231422671772,
        0.9463746615373851,
        0.0,
        1.0458250331675945,
        1.125,
        1.1110243021644486,
        1.0825317547305484,
        0.960143218483576,
        1.006058038970803,
        1.2686114456365274,
        1.0433320021290764,
        1.159202311936963,
        0.9982623792259117,
        1.0897247358851685,
        1.5206906325745548,
        1.14564392373896,
        1.0755812382149479,
        1.1726039399558574,
        0.9270248108869579,
        1.0077822185373186,
        1.0825317547305484,
        1.2054563451241194,
        1.5761900266148114,
        1.0043654713300334,
        0.9354143466934853,
        1.2747548783981961,
        1.0680004681646913,
        1.1726039399558574,
        1.25,
        1.0383279828647594,
        0.9270248108869579,
        1.1659223816361017,
        0.8721381771256205,
        1.1792476415070754,
        1.1792476415070754,
        1.334634781503914,
        0.8838834764831844,
        1.8874586088176875
    ],
    [
        1.065160235143339,
        0.8477912478906585,
        0.8477912478906585,
        0.9354143466934853,
        0.6123724356957945,
        0.75,
        0.7180703308172536,
        0.6023680122833733,
        0.6959705453537527,
        0.5994789404140899,
        0.82915619758885,
        0.81967981553775,
        0.7071067811865476,
        0.7132671308843553,
        1.0458250331675945,
        0.0,
        1.0231690964840563,
        0.7905694150420949,
        0.6614378277661477,
        0.7071067811865476,
        0.7083333333333334,
        0.9100137361600648,
        0.7418539089485356,
        0.8477912478906585,
        0.6640573937712179,
        0.739509972887452,
        1.5562374497485916,
        0.9013878188659973,
        0.7150174823037546,
        0.7288689868556626,
        0.6744339190099436,
        0.8926785535678563,
        0.7071067811865476,
        0.82915619758885,
        0.9921567416492215,
        0.7558108228915488,
        0.8838834764831844,
        1.015504800579495,
        0.7288689868556626,
        0.9013878188659973,
        0.9842509842514764,
        0.625,
        0.8003905296791061,
        1.256925260749863,
        0.6796138609534094,
        0.7071067811865476,
        0.6959705453537527,
        0.739509972887452,
        0.673145600891813,
        1.2624381172952597
    ],
    [
        1.601378551531811,
        1.1110243021644486,
        1.4737282653189494,
        1.1792476415070754,
        1.1858541225631423,
        0.960143218483576,
        1.1792476415070754,
        1.1008204011352423,
        1.1110243021644486,
        1.0532687216470449,
        1.4684175155588413,
        1.103970108290981,
        0.9921567416492215,
        0.9832980219648568,
        1.125,
        1.0231690964840563,
        0.0,
        1.0968705484240153,
        1.0968705484240153,
        1.1388041973930374,
        1.1234557302260635,
        0.9762812094883317,
        1.087332362558324,
        1.231107225224513,
        1.0582020916000245,
        1.0458250331675945,
        1.4842927608797396,
        0.9921567416492215,
        1.0888640870191284,
        1.015504800579495,
        1.1195857368787003,
        1.2624381172952597,
        1.0077822185373186,
        0.9185586535436918,
        1.590990257669732,
        1.185063289449133,
        1.0752906583803283,
        1.2119199643540823,
        1.14564392373896,
        0.9762812094883317,
        1.1319231422671772,
        0.9921567416492215,
        0.9013878188659973,
        1.2040152730666573,
        1.0422331792837916,
        1.192424001771182,
        1.14564392373896,
        1.3975424859373686,
        1.0606601717798212,
        2.1578345627040085
    ],
    [
        1.3073575155516524,
        0.8569568250501305,
        1.0231690964840563,
        1.0532687216470449,
        0.82915619758885,
        0.82915619758885,
        0.8569568250501305,
        0.768295371441074,
        0.8385254915624212,
        0.82915619758885,
        1.0307764064044151,
        0.875,
        0.8385254915624212,
        0.8058380730643099,
        1.1110243021644486,
        0.7905694150420949,
        1.0968705484240153,
        0.0,
        0.8569568250501305,
        0.82915619758885,
        0.952883052169106,
        0.8838834764831844,
        0.8079466429027216,
        1.015504800579495,
        0.7580585582775105,
        0.8477912478906585,
        1.6007810593582121,
        0.9100137361600648,
        0.8888194417315589,
        0.8660254037844386,
        0.8302024518821365,
        1.0458250331675945,
        0.7806247497997998,
        0.8660254037844386,
        1.2119199643540823,
        0.9483538369195329,
        1.0,
        1.015504800579495,
        0.8926785535678563,
        0.960143218483576,
        0.9762812094883317,
        0.673145600891813,
        0.875,
        1.1733439866940603,
        0.796084166404533,
        0.8100925873009825,
        0.770551750371122,
        0.9762812094883317,
        0.7905694150420949,
        1.6583123951777
    ],
    [
        1.1231560852511708,
        0.7603453162872774,
        0.8385254915624212,
        1.0231690964840563,
        0.649519052838329,
        0.7905694150420949,
        0.7603453162872774,
        0.6795627679291705,
        0.7806247497997998,
        0.8569568250501305,
        0.8003905296791061,
        0.82915619758885,
        0.8569568250501305,
        0.7237057413065063,
        1.0825317547305484,
        0.6614378277661477,
        1.0968705484240153,
        0.8569568250501305,
        0.0,
        0.7071067811865476,
        0.7614861201040444,
        0.9682458365518543,
        0.7557648811340439,
        0.9519716382329886,
        0.7453559924999299,
        0.82915619758885,
        1.5761900266148114,
        1.0,
        0.7762087348130012,
        0.770551750371122,
        0.6871842709362768,
        0.9185586535436918,
        0.6373774391990981,
        0.9100137361600648,
        1.0231690964840563,
        0.8799857953399021,
        0.8569568250501305,
        1.0968705484240153,
        0.7180703308172536,
        1.0680004681646913,
        1.0307764064044151,
        0.7603453162872774,
        0.8100925873009825,
        1.2631255326020099,
        0.7862092596758194,
        0.6614378277661477,
        0.7071067811865476,
        0.7288689868556626,
        0.6959705453537527,
        1.25
    ],
    [
        1.029073538158851,
        0.875,
        0.82915619758885,
        0.9519716382329886,
        0.7071067811865476,
        0.81967981553775,
        0.6614378277661477,
        0.6180165405913053,
        0.75,
        0.8660254037844386,
        0.81967981553775,
        0.75,
        0.81967981553775,
        0.7057797106746552,
        0.960143218483576,
        0.7071067811865476,
        1.1388041973930374,
        0.82915619758885,
        0.7071067811865476,
        0.0,
        0.7120003121097942,
        1.0231690964840563,
        0.5951190357119042,
        0.9354143466934853,
        0.6180165405913053,
        0.82915619758885,
        1.4469796128487782,
        0.9762812094883317,
        0.6600189391222042,
        0.81967981553775,
        0.6180165405913053,
        0.7905694150420949,
        0.6959705453537527,
        0.9270248108869579,
        1.0077822185373186,
        0.8558621384311845,
        0.7603453162872774,
        1.0231690964840563,
        0.7603453162872774,
        1.0077822185373186,
        1.0,
        0.7071067811865476,
        0.7603453162872774,
        1.1887785514739255,
        0.7411983540186797,
        0.770551750371122,
        0.7071067811865476,
        0.739509972887452,
        0.6846531968814576,
        1.2808688457449497
    ],
    [
        1.096983598725622,
        1.024017143953709,
        0.9363418772601764,
        1.0265570828962431,
        0.7716774657271723,
        0.9592387027684449,
        0.8759915017345267,
        0.6319062870042959,
        0.8395600699837452,
        0.9195031871130797,
        0.9109671295448103,
        0.7580585582775105,
        0.8926785535678563,
        0.7715424666068471,
        1.006058038970803,
        0.7083333333333334,
        1.1234557302260635,
        0.952883052169106,
        0.7614861201040444,
        0.7120003121097942,
        0.0,
        1.125771340508858,
        0.7240894665409486,
        0.9655525188547057,
        0.6319062870042959,
        0.927960727138337,
        1.5212613552940568,
        1.0540925533894598,
        0.708186259241012,
        0.9195031871130797,
        0.5743353646704259,
        0.6468406123441677,
        0.7817359599705717,
        1.0549157417643469,
        1.0833333333333333,
        0.8847472959991332,
        0.8270597183866336,
        1.2047360245667467,
        0.9446486707295528,
        1.1531960419248373,
        1.1118053386771944,
        0.8111634305804911,
        0.733617369235792,
        1.2936812246883354,
        0.6970672691912724,
        0.8579691784155834,
        0.8488145328109735,
        0.8111634305804911,
        0.6180165405913053,
        1.3411230782859234
    ],
    [
        1.424435978604464,
        0.9842509842514764,
        1.2562344526401112,
        1.118033988749895,
        1.118033988749895,
        0.9270248108869579,
        1.0,
        0.9664511253952668,
        1.0458250331675945,
        0.9270248108869579,
        1.2747548783981961,
        1.0383279828647594,
        0.9762812094883317,
        0.8888194417315589,
        1.2686114456365274,
        0.9100137361600648,
        0.9762812094883317,
        0.8838834764831844,
        0.9682458365518543,
        1.0231690964840563,
        1.125771340508858,
        0.0,
        1.0590220855949029,
        1.1524430571616109,
        0.93355652093367,
        0.9842509842514764,
        1.595893166850463,
        1.0,
        1.0274361294017258,
        0.9270248108869579,
        0.9930312739844155,
        1.1989578808281798,
        0.8477912478906585,
        0.8477912478906585,
        1.340475661845451,
        1.1288821904875637,
        1.1319231422671772,
        1.125,
        1.0,
        0.9842509842514764,
        1.118033988749895,
        0.9013878188659973,
        0.9437293044088437,
        1.1599509089229212,
        0.9965565713997374,
        1.0680004681646913,
        1.0,
        1.1726039399558574,
        1.0307764064044151,
        1.8498310733685928
    ],
    [
        0.9162607326294904,
        0.9316949906249123,
        0.7783975705112252,
        1.0,
        0.7046472718869902,
        0.8955910525085283,
        0.6468406123441677,
        0.57282196186948,
        0.768295371441074,
        0.768295371441074,
        0.7783975705112252,
        0.7406828681096325,
        0.7580585582775105,
        0.7610756277211294,
        1.0433320021290764,
        0.7418539089485356,
        1.087332362558324,
        0.8079466429027216,
        0.7557648811340439,
        0.5951190357119042,
        0.7240894665409486,
        1.0590220855949029,
        0.0,
        0.8819171036881969,
        0.6123724356957945,
        0.768295371441074,
        1.4678262461507114,
        0.9583333333333334,
        0.7296308046615844,
        0.8447139555297206,
        0.6588078458684123,
        0.7300589778306347,
        0.7156485015549029,
        0.9251501379656049,
        0.9418878796214429,
        0.7402608399146284,
        0.7982185025278341,
        1.1509356097444277,
        0.8122328620674136,
        1.0214708893442719,
        0.8730136183232068,
        0.7580585582775105,
        0.7648983229452424,
        1.20761472884912,
        0.673970408186525,
        0.6346477588219923,
        0.6934715407122183,
        0.7264831572567789,
        0.6548430685625714,
        1.2795127110653406
    ],
    [
        1.2263060509563855,
        1.0231690964840563,
        1.0825317547305484,
        0.9437293044088437,
        0.81967981553775,
        1.0532687216470449,
        0.8477912478906585,
        0.9081039465709737,
        0.8660254037844386,
        0.8003905296791061,
        1.0968705484240153,
        1.0383279828647594,
        1.0077822185373186,
        0.9965565713997374,
        1.159202311936963,
        0.8477912478906585,
        1.231107225224513,
        1.015504800579495,
        0.9519716382329886,
        0.9354143466934853,
        0.9655525188547057,
        1.1524430571616109,
        0.8819171036881969,
        0.0,
        0.8498365855987975,
        0.9013878188659973,
        1.357847561400027,
        0.960143218483576,
        0.9330728803260762,
        0.8569568250501305,
        0.9930312739844155,
        1.118033988749895,
        1.0077822185373186,
        0.9762812094883317,
        1.243734296383275,
        0.8452070752188483,
        1.0383279828647594,
        1.0383279828647594,
        0.9682458365518543,
        1.0680004681646913,
        0.9013878188659973,
        0.875,
        0.9270248108869579,
        1.1931517552730295,
        0.9539392014169457,
        0.8838834764831844,
        0.8926785535678563,
        1.0606601717798212,
        0.8926785535678563,
        1.7853571071357126
    ],
    [
        0.9777136780679605,
        0.8640183897219884,
        0.7883703303510209,
        0.8838834764831844,
        0.6468406123441677,
        0.8364524958285304,
        0.6934715407122183,
        0.5994789404140899,
        0.7216878364870323,
        0.7783975705112252,
        0.7580585582775105,
        0.7511565157216644,
        0.7046472718869902,
        0.7047950844827957,
        0.9982623792259117,
        0.6640573937712179,
        1.0582020916000245,
        0.7580585582775105,
        0.7453559924999299,
        0.6180165405913053,
        0.6319062870042959,
        0.93355652093367,
        0.6123724356957945,
        0.8498365855987975,
        0.0,
        0.7312470322826768,
        1.529229108625214,
        0.927960727138337,
        0.6707168635952961,
        0.8186201126828542,
        0.5980291706003051,
        0.6884463184107628,
        0.6947221666888778,
        0.8457409637576849,
        0.9251501379656049,
        0.819298480408697,
        0.737158583873089,
        0.9982623792259117,
        0.7883703303510209,
        0.9753916592266355,
        0.9185586535436918,
        0.6871842709362768,
        0.7144345083117604,
        1.2140668570277888,
        0.6980130530457308,
        0.6821127309893709,
        0.7046472718869902,
        0.6588078458684123,
        0.6180165405913053,
        1.2610621625351297
    ],
    [
        1.1400635499651692,
        0.9270248108869579,
        1.0077822185373186,
        0.9270248108869579,
        0.7288689868556626,
        0.82915619758885,
        0.770551750371122,
        0.8270597183866336,
        0.81967981553775,
        0.739509972887452,
        1.015504800579495,
        0.9100137361600648,
        0.8100925873009825,
        0.7762087348130012,
        1.0897247358851685,
        0.739509972887452,
        1.0458250331675945,
        0.8477912478906585,
        0.82915619758885,
        0.82915619758885,
        0.927960727138337,
        0.9842509842514764,
        0.768295371441074,
        0.9013878188659973,
        0.7312470322826768,
        0.0,
        1.5811388300841898,
        0.8926785535678563,
        0.724137417898012,
        0.8477912478906585,
        0.8488145328109735,
        0.9270248108869579,
        0.75,
        0.8838834764831844,
        1.103970108290981,
        0.724137417898012,
        0.9682458365518543,
        0.9921567416492215,
        0.875,
        0.9519716382329886,
        0.8926785535678563,
        0.7071067811865476,
        0.7806247497997998,
        1.1733439866940603,
        0.7454025757937788,
        0.7905694150420949,
        0.7806247497997998,
        0.9354143466934853,
        0.770551750371122,
        1.5612494995995996
    ],
    [
        2.1614520582238232,
        1.653594569415369,
        1.7544586059522749,
        1.2183492931011204,
        1.695582495781317,
        1.5,
        1.4737282653189494,
        1.5343293866268308,
        1.3975424859373686,
        1.58607219255619,
        1.8114220932736798,
        1.5155444566227676,
        1.6441183047457382,
        1.4956186011146024,
        1.5206906325745548,
        1.5562374497485916,
        1.4842927608797396,
        1.6007810593582121,
        1.5761900266148114,
        1.4469796128487782,
        1.5212613552940568,
        1.595893166850463,
        1.4678262461507114,
        1.357847561400027,
        1.529229108625214,
        1.5811388300841898,
        0.0,
        1.4142135623730951,
        1.3560051622320617,
        1.2930100540985752,
        1.5783914104063175,
        1.5206906325745548,
        1.6630168369562588,
        1.3693063937629153,
        2.341874249399399,
        1.32688545097156,
        1.3693063937629153,
        1.4947825928876748,
        1.5,
        1.4737282653189494,
        1.2686114456365274,
        1.6153559979150107,
        1.3975424859373686,
        1.267242193812129,
        1.4506464076404006,
        1.595893166850463,
        1.5461646096066226,
        1.8285923547909742,
        1.5761900266148114,
        3.149900792088538
    ],
    [
        1.468308932905122,
        1.0897247358851685,
        1.2747548783981961,
        0.9842509842514764,
        1.0532687216470449,
        0.8477912478906585,
        0.9437293044088437,
        0.9833686434338289,
        0.960143218483576,
        0.875,
        1.2624381172952597,
        1.0383279828647594,
        0.8838834764831844,
        1.019803902718557,
        1.14564392373896,
        0.9013878188659973,
        0.9921567416492215,
        0.9100137361600648,
        1.0,
        0.9762812094883317,
        1.0540925533894598,
        1.0,
        0.9583333333333334,
        0.960143218483576,
        0.927960727138337,
        0.8926785535678563,
        1.4142135623730951,
        0.0,
        0.991526600752597,
        0.875,
        1.0833333333333333,
        1.125,
        0.9270248108869579,
        0.82915619758885,
        1.4361406616345072,
        0.9483538369195329,
        1.0680004681646913,
        1.0,
        0.9842509842514764,
        0.9437293044088437,
        0.9682458365518543,
        0.8838834764831844,
        0.9270248108869579,
        1.0976616560266244,
        0.9483538369195329,
        1.0077822185373186,
        0.9437293044088437,
        1.231107225224513,
        1.0458250331675945,
        1.9724667297574374
    ],
    [
        0.912854627763135,
        1.0040542814011602,
        0.7558108228915488,
        0.8986100377805715,
        0.7132671308843553,
        0.8877640452282352,
        0.6194755846681933,
        0.673970408186525,
        0.7611668673819164,
        0.796084166404533,
        0.8058380730643099,
        0.8173891362135908,
        0.7132671308843553,
        0.6959705453537527,
        1.0755812382149479,
        0.7150174823037546,
        1.0888640870191284,
        0.8888194417315589,
        0.7762087348130012,
        0.6600189391222042,
        0.708186259241012,
        1.0274361294017258,
        0.7296308046615844,
        0.9330728803260762,
        0.6707168635952961,
        0.724137417898012,
        1.3560051622320617,
        0.991526600752597,
        0.0,
        0.8058380730643099,
        0.63119155394997,
        0.6703543838895961,
        0.7798236980241111,
        0.901041064547005,
        0.9233092656309694,
        0.75,
        0.6919176251549024,
        1.0148891565092222,
        0.9161741100904347,
        1.0700467279516348,
        0.9038113741262609,
        0.7905694150420949,
        0.7794228634059948,
        1.2097118573353647,
        0.7327175444876423,
        0.724137417898012,
        0.724137417898012,
        0.724137417898012,
        0.7411983540186797,
        1.3083864108129524
    ],
    [
        1.1557586518060285,
        0.9682458365518543,
        0.960143218483576,
        0.9519716382329886,
        0.81967981553775,
        0.81967981553775,
        0.7603453162872774,
        0.8457409637576849,
        0.8569568250501305,
        0.770551750371122,
        0.9842509842514764,
        0.9519716382329886,
        0.9013878188659973,
        0.8250000000000001,
        1.1726039399558574,
        0.7288689868556626,
        1.015504800579495,
        0.8660254037844386,
        0.770551750371122,
        0.81967981553775,
        0.9195031871130797,
        0.9270248108869579,
        0.8447139555297206,
