[
    [
        0.0,
        0.14986973510352247,
        0.4490658707249973,
        0.11481983169296148,
        0.1988737822087165,
        0.18288593610499415,
        0.10825317547305482,
        0.14235052467412967,
        0.15229366163764005,
        0.24105075969596113,
        0.13975424859373686,
        0.12203515118604147,
        0.13531646934131855,
        0.11048543456039805,
        0.08414320011147662,
        0.23333100817293873,
        0.109375,
        0.13621559198564606,
        0.10825317547305482,
        0.1288470508005519,
        0.2533949178160446,
        0.10724614730194795,
        0.21194781197266463,
        0.15388840315306412,
        0.171875,
        0.7177302548659907,
        0.23747943989954162,
        0.16387638252658618,
        0.17746588580625855,
        0.13186446772054336,
        0.16755945773068137,
        0.18944305707784595,
        0.23070036031614688,
        0.3190715290103459,
        0.1926379375927805,
        0.1316585902058806,
        0.3194538796915761,
        0.11899645477912357,
        0.2125229766989913,
        0.4509646778019316,
        0.13887803777055607,
        0.171875,
        0.3967574191527838,
        0.14986973510352247,
        0.10825317547305482,
        0.14574029770451274,
        0.2385052737886523,
        0.10245997694221876,
        0.3590351654086268
    ],
    [
        0.14986973510352247,
        0.0,
        0.3909373750999001,
        0.071602745233685,
        0.18221724671391565,
        0.1307281291459493,
        0.10481568644530265,
        0.18421603316486868,
        0.15229366163764005,
        0.17469281074217108,
        0.11481983169296148,
        0.15780476466190746,
        0.13710881855300192,
        0.19640320453088336,
        0.07654655446197431,
        0.29481191037676885,
        0.17399263633843817,
        0.12789613706050704,
        0.12303137303143455,
        0.10004881620988826,
        0.225888004606265,
        0.1488708950828797,
        0.25048780534189685,
        0.14740595518838442,
        0.2072890493972125,
        0.6801812143649661,
        0.2633171804117612,
        0.140625,
        0.225888004606265,
        0.05437659640057575,
        0.15546678704790937,
        0.14574029770451274,
        0.2181912506838897,
        0.16010860571811872,
        0.213096589015404,
        0.1795175827043134,
        0.3444594950788844,
        0.16755945773068137,
        0.24853083938416978,
        0.38305158350410196,
        0.1616262567623219,
        0.15857643070456592,
        0.3793512028047947,
        0.15388840315306412,
        0.120017902310447,
        0.1335000585205864,
        0.18154609435347266,
        0.0897587913521567,
        0.14320549046737
    ],
    [
        0.4490658707249973,
        0.3909373750999001,
        0.0,
        0.4330127018922193,
        0.25958199571618984,
        0.22803936748947537,
        0.3871722404176208,
        0.2312288841710741,
        0.36643873123620546,
        0.6200979635307634,
        0.36073113689422487,
        0.31444705933590794,
        0.36073113689422487,
        0.4014135180832853,
        0.3603925810834624,
        0.24951124097923924,
        0.3053878169639385,
        0.40110930165604486,
        0.3318243840874266,
        0.3476343040826092,
        0.24754655496491967,
        0.3187312766832133,
        0.22910747341586218,
        0.3236299246438747,
        0.22426093897511443,
        0.2628531850196988,
        0.2619227283475033,
        0.234375,
        0.24105075969596113,
        0.38731234255371266,
        0.3255104164999947,
        0.35733114456341475,
        0.16237976320958225,
        0.6398623509201022,
        0.2445699350390395,
        0.2927342811749249,
        0.2013140426050801,
        0.3325593227155119,
        0.19948664585630788,
        0.1307281291459493,
        0.38305158350410196,
        0.2312288841710741,
        0.1415862210319603,
        0.31483502624390447,
        0.3801726581436387,
        0.3376591060152236,
        0.6371858907532401,
        0.41339864235384227,
        0.6632807898997226
    ],
    [
        0.11481983169296148,
        0.071602745233685,
        0.4330127018922193,
        0.0,
        0.17258376589355096,
        0.14149039278339715,
        0.10597390598633231,
        0.18087245160609727,
        0.13621559198564606,
        0.1711632992203644,
        0.11048543456039805,
        0.140625,
        0.10364452469860624,
        0.1781524101717403,
        0.09504316453590968,
        0.3053878169639385,
        0.16387638252658618,
        0.10004881620988826,
        0.11267347735824966,
        0.0924387466109315,
        0.21137108216357317,
        0.15113143883903032,
        0.25,
        0.13975424859373686,
        0.21986323874172325,
        0.7464106820310117,
        0.26052081250832915,
        0.14986973510352247,
        0.2125229766989913,
        0.08135676745736097,
        0.1514899955442603,
        0.1307281291459493,
        0.2415566380271923,
        0.20252314682524564,
        0.24206145913796356,
        0.16682934768798924,
        0.3610693752591045,
        0.15780476466190746,
        0.2567449488305466,
        0.4523160883165665,
        0.13621559198564606,
        0.17608480733726006,
        0.43566704324454525,
        0.14490028899212037,
        0.11267347735824966,
        0.11692679333668567,
        0.171875,
        0.08267972847076846,
        0.23017062285400366
    ],
    [
        0.1988737822087165,
        0.18221724671391565,
        0.25958199571618984,
        0.17258376589355096,
        0.0,
        0.171875,
        0.18221724671391565,
        0.13258252147247765,
        0.22534695471649932,
        0.3175375223890871,
        0.19008632907181935,
        0.1753901900050285,
        0.17328963291264715,
        0.2049199538844375,
        0.16010860571811872,
        0.20787710461953235,
        0.17044862679118303,
        0.1795175827043134,
        0.11587810136086973,
        0.1288470508005519,
        0.19390115071860714,
        0.17845668436470635,
        0.18355218944485516,
        0.1307281291459493,
        0.13258252147247765,
        0.5014627042462879,
        0.14740595518838442,
        0.1269381000724369,
        0.17746588580625855,
        0.1348143656827582,
        0.2125229766989913,
        0.184877493221863,
        0.15068204314051492,
        0.3915613776919271,
        0.17608480733726006,
        0.16755945773068137,
        0.2509746625657658,
        0.18553659510996745,
        0.16535945694153692,
        0.2799448885495143,
        0.20252314682524564,
        0.15857643070456592,
        0.21918359804688348,
        0.14905300022139775,
        0.22152260748059102,
        0.16535945694153692,
        0.318305449804115,
        0.1690102160373745,
        0.4341388746703064
    ],
    [
        0.18288593610499415,
        0.1307281291459493,
        0.22803936748947537,
        0.14149039278339715,
        0.171875,
        0.0,
        0.14405538214520136,
        0.1795175827043134,
        0.14740595518838442,
        0.3081731706768128,
        0.12103072956898178,
        0.1316585902058806,
        0.13710881855300192,
        0.21650635094610965,
        0.11481983169296148,
        0.19200321449132043,
        0.13887803777055607,
        0.13975424859373686,
        0.12103072956898178,
        0.09375,
        0.1137517170200081,
        0.13720770700332804,
        0.1887975933374152,
        0.1616262567623219,
        0.19136638615493579,
        0.4509646778019316,
        0.1875,
        0.10825317547305482,
        0.14574029770451274,
        0.11669456511670874,
        0.213096589015404,
        0.08838834764831845,
        0.10481568644530265,
        0.3217384419058438,
        0.22642776165920997,
        0.14905300022139775,
        0.20610790559801437,
        0.16237976320958225,
        0.1711632992203644,
        0.18288593610499415,
        0.16973094517500337,
        0.10597390598633231,
        0.13720770700332802,
        0.1514899955442603,
        0.15546678704790937,
        0.12303137303143455,
        0.3175375223890871,
        0.14905300022139775,
        0.3194538796915761
    ],
    [
        0.10825317547305482,
        0.10481568644530265,
        0.3871722404176208,
        0.10597390598633231,
        0.18221724671391565,
        0.14405538214520136,
        0.0,
        0.16535945694153692,
        0.14657549249448218,
        0.18355218944485516,
        0.13621559198564606,
        0.12203515118604147,
        0.13258252147247765,
        0.1753901900050285,
        0.09504316453590968,
        0.240035804620894,
        0.14149039278339715,
        0.06442352540027595,
        0.12979099785809492,
        0.1307281291459493,
        0.22910747341586218,
        0.07529600153542171,
        0.22316963839196408,
        0.15625,
        0.2153757617514097,
        0.6369942847074846,
        0.23070036031614688,
        0.15934435979977452,
        0.1753901900050285,
        0.10558924444121506,
        0.15546678704790937,
        0.15780476466190746,
        0.22041774968227945,
        0.2572199630180364,
        0.213668661424646,
        0.1307281291459493,
        0.3455210060546247,
        0.14235052467412967,
        0.225888004606265,
        0.35561895864815757,
        0.14235052467412967,
        0.13258252147247765,
        0.3129770664077836,
        0.1801962905417312,
        0.09375,
        0.15068204314051492,
        0.184877493221863,
        0.09631896879639025,
        0.2799448885495143
    ],
    [
        0.14235052467412967,
        0.18421603316486868,
        0.2312288841710741,
        0.18087245160609727,
        0.13258252147247765,
        0.1795175827043134,
        0.16535945694153692,
        0.0,
        0.24951124097923924,
        0.31366968593569894,
        0.2125229766989913,
        0.16755945773068137,
        0.1907274314958391,
        0.14149039278339715,
        0.14823176532039278,
        0.19008632907181935,
        0.16828640022295324,
        0.17258376589355096,
        0.13710881855300192,
        0.13621559198564606,
        0.21423920626253262,
        0.1375039456504592,
        0.1711632992203644,
        0.1316585902058806,
        0.10825317547305482,
        0.4803258171543562,
        0.19008632907181935,
        0.13887803777055607,
        0.13887803777055607,
        0.1415862210319603,
        0.12203515118604147,
        0.21137108216357317,
        0.11899645477912357,
        0.38305158350410196,
        0.10004881620988826,
        0.12979099785809492,
        0.2927342811749249,
        0.15388840315306412,
        0.17258376589355096,
        0.2460627460628691,
        0.1887975933374152,
        0.1288470508005519,
        0.183404342308948,
        0.17044862679118303,
        0.1514899955442603,
        0.19515618744994995,
        0.3081731706768128,
        0.15068204314051492,
        0.4095419506900361
    ],
    [
        0.15229366163764005,
        0.15229366163764005,
        0.36643873123620546,
        0.13621559198564606,
        0.22534695471649932,
        0.14740595518838442,
        0.14657549249448218,
        0.24951124097923924,
        0.0,
        0.23385358667337133,
        0.109375,
        0.12789613706050704,
        0.12401959270615269,
        0.20372507516258279,
        0.13887803777055607,
        0.2395267143243108,
        0.14740595518838442,
        0.18087245160609727,
        0.14986973510352247,
        0.14490028899212037,
        0.140625,
        0.15273831561057483,
        0.2405438174740727,
        0.18087245160609727,
        0.2619227283475033,
        0.6362272834844479,
        0.213096589015404,
        0.18355218944485516,
        0.2170694373351532,
        0.1531816788526327,
        0.23747943989954162,
        0.13621559198564606,
        0.213096589015404,
        0.30055287596361474,
        0.30338262248355624,
        0.19452968121857395,
        0.2872621298570349,
        0.1788362990978062,
        0.23696485762661096,
        0.3657718722099883,
        0.19640320453088336,
        0.18221724671391565,
        0.3171100924976827,
        0.20432338797846908,
        0.16535945694153692,
        0.125,
        0.23747943989954162,
        0.13975424859373686,
        0.34481369516740484
    ],
    [
        0.24105075969596113,
        0.17469281074217108,
        0.6200979635307634,
        0.1711632992203644,
        0.3175375223890871,
        0.3081731706768128,
        0.18355218944485516,
        0.31366968593569894,
        0.23385358667337133,
        0.0,
        0.2275034340400162,
        0.28641098093474,
        0.2445699350390395,
        0.31715286140913185,
        0.24754655496491967,
        0.4716058835245803,
        0.33620991861484395,
        0.1988737822087165,
        0.26378035962709584,
        0.23696485762661096,
        0.39187300637451417,
        0.2709334750758324,
        0.41692700200394794,
        0.273772116686488,
        0.3528621809573817,
        0.9075959832161004,
        0.45150572739999656,
        0.29973947020704494,
        0.3542432515235823,
        0.19291936643179303,
        0.2209708691207961,
        0.27018150727797785,
        0.4250459533979826,
        0.05412658773652741,
        0.3538984891533164,
        0.2773162398327945,
        0.560543472332878,
        0.3081731706768128,
        0.45069390943299864,
        0.6187184335382291,
        0.22371595411369302,
        0.338020432074749,
        0.62005421609951,
        0.2628531850196988,
        0.213096589015404,
        0.23280725665236468,
        0.038273277230987154,
        0.21194781197266463,
        0.071602745233685
    ],
    [
        0.13975424859373686,
        0.11481983169296148,
        0.36073113689422487,
        0.11048543456039805,
        0.19008632907181935,
        0.12103072956898178,
        0.13621559198564606,
        0.2125229766989913,
        0.109375,
        0.2275034340400162,
        0.0,
        0.12979099785809492,
        0.09631896879639025,
        0.19702375332685143,
        0.09882117688026186,
        0.24256522962906288,
        0.1316585902058806,
        0.1514899955442603,
        0.13799626353637262,
        0.12103072956898178,
        0.16010860571811872,
        0.14339479060350216,
        0.22262198201210948,
        0.1690102160373745,
        0.24105075969596113,
        0.6350750447781742,
        0.21875,
        0.16973094517500337,
        0.19327057620082783,
        0.11599509089229211,
        0.22910747341586218,
        0.11796616305110547,
        0.19452968121857395,
        0.30055287596361474,
        0.26972932033800107,
        0.18421603316486868,
        0.28853414550967793,
        0.16010860571811872,
        0.21194781197266463,
        0.35147568372506227,
        0.14405538214520136,
        0.14905300022139775,
        0.3086569247922719,
        0.19702375332685143,
        0.16010860571811872,
        0.13975424859373686,
        0.2348952559120767,
        0.11692679333668567,
        0.3458741190809165
    ],
    [
        0.12203515118604147,
        0.15780476466190746,
        0.31444705933590794,
        0.140625,
        0.1753901900050285,
        0.1316585902058806,
        0.12203515118604147,
        0.16755945773068137,
        0.12789613706050704,
        0.28641098093474,
        0.12979099785809492,
        0.0,
        0.12401959270615269,
        0.1616262567623219,
        0.10004881620988826,
        0.184877493221863,
        0.11267347735824966,
        0.15229366163764005,
        0.10481568644530265,
        0.12979099785809492,
        0.14490028899212037,
        0.1175053559654008,
        0.18355218944485516,
        0.1335000585205864,
        0.18087245160609727,
        0.5717554519853746,
        0.16387638252658618,
        0.109375,
        0.15546678704790937,
        0.11146320082829533,
        0.16387638252658618,
        0.1288470508005519,
        0.15467960838455727,
        0.338020432074749,
        0.22316963839196408,
        0.13710881855300192,
        0.22371595411369302,
        0.1288470508005519,
        0.1781524101717403,
        0.3156095293238149,
        0.16973094517500337,
        0.13710881855300192,
        0.2618709393745111,
        0.14405538214520136,
        0.11481983169296148,
        0.10481568644530265,
        0.28895690638917076,
        0.11692679333668567,
        0.35561895864815757
    ],
    [
        0.13531646934131855,
        0.13710881855300192,
        0.36073113689422487,
        0.10364452469860624,
        0.17328963291264715,
        0.13710881855300192,
        0.13258252147247765,
        0.1907274314958391,
        0.12401959270615269,
        0.2445699350390395,
        0.09631896879639025,
        0.12401959270615269,
        0.0,
        0.1801962905417312,
        0.09375,
        0.2096313728906053,
        0.14986973510352247,
        0.12303137303143455,
        0.09757809372497497,
        0.1137517170200081,
        0.17044862679118303,
        0.1185396528827192,
        0.1767766952966369,
        0.14490028899212037,
        0.2209708691207961,
        0.6210814660734935,
        0.18619336387207788,
        0.13887803777055607,
        0.16755945773068137,
        0.11493789838913496,
        0.20009763241977652,
        0.10597390598633231,
        0.184877493221863,
        0.3089643739575811,
        0.24407030237208294,
        0.13531646934131855,
        0.296875,
        0.11481983169296148,
        0.19825902406952375,
        0.34375,
        0.09504316453590968,
        0.15229366163764005,
        0.2931509849889643,
        0.19136638615493579,
        0.14405538214520136,
        0.11899645477912357,
        0.24951124097923924,
        0.10711960313126631,
        0.338381372307933
    ],
    [
        0.11048543456039805,
        0.19640320453088336,
        0.4014135180832853,
        0.1781524101717403,
        0.2049199538844375,
        0.21650635094610965,
        0.1753901900050285,
        0.14149039278339715,
        0.20372507516258279,
        0.31715286140913185,
        0.19702375332685143,
        0.1616262567623219,
        0.1801962905417312,
        0.0,
        0.14490028899212037,
        0.21079277442550065,
        0.14490028899212037,
        0.21021287573552672,
        0.14823176532039278,
        0.16535945694153692,
        0.2786336640644845,
        0.14043196627825794,
        0.19390115071860714,
        0.12103072956898178,
        0.14149039278339715,
        0.6292822051750708,
        0.1875,
        0.1570293065800139,
        0.1988737822087165,
        0.14959798558692786,
        0.14320549046737,
        0.23747943989954162,
        0.22534695471649932,
        0.40864677595693816,
        0.15780476466190746,
        0.15068204314051492,
        0.3029799910885206,
        0.12789613706050704,
        0.19825902406952375,
        0.3912495007984036,
        0.18619336387207788,
        0.18288593610499415,
        0.3226645521194487,
        0.1616262567623219,
        0.18355218944485516,
        0.19702375332685143,
        0.31171777098843756,
        0.14905300022139775,
        0.4479772245884828
    ],
    [
        0.08414320011147662,
        0.07654655446197431,
        0.3603925810834624,
        0.09504316453590968,
        0.16010860571811872,
        0.11481983169296148,
        0.09504316453590968,
        0.14823176532039278,
        0.13887803777055607,
        0.24754655496491967,
        0.09882117688026186,
        0.10004881620988826,
        0.09375,
        0.14490028899212037,
        0.0,
        0.2159417962669571,
        0.11158481919598204,
        0.13799626353637262,
        0.07654655446197431,
        0.07967217989988726,
        0.19640320453088336,
        0.10533202300081607,
        0.18944305707784595,
        0.10597390598633231,
        0.15780476466190746,
        0.639289767046212,
        0.19008632907181935,
        0.1137517170200081,
        0.1711632992203644,
        0.06850492936440578,
        0.14905300022139775,
        0.13799626353637262,
        0.16755945773068137,
        0.271083618326523,
        0.1875,
        0.125,
        0.28470104934825935,
        0.10481568644530265,
        0.18288593610499415,
        0.358013726168425,
        0.1307281291459493,
        0.12401959270615269,
        0.3186035883786901,
        0.14986973510352247,
        0.09631896879639025,
        0.09757809372497497,
        0.25242960033442985,
        0.06051536478449089,
        0.29481191037676885
    ],
    [
        0.23333100817293873,
        0.29481191037676885,
        0.24951124097923924,
        0.3053878169639385,
        0.20787710461953235,
        0.19200321449132043,
        0.240035804620894,
        0.19008632907181935,
        0.2395267143243108,
        0.4716058835245803,
        0.24256522962906288,
        0.184877493221863,
        0.2096313728906053,
        0.21079277442550065,
        0.2159417962669571,
        0.0,
        0.18355218944485516,
        0.3029799910885206,
        0.1887975933374152,
        0.2538762001448738,
        0.19578068884596356,
        0.18972922500090608,
        0.15857643070456592,
        0.19008632907181935,
        0.19390115071860714,
        0.4038389994787527,
        0.13975424859373686,
        0.1660960283239789,
        0.1711632992203644,
        0.25837743239192634,
        0.213096589015404,
        0.2543565718140579,
        0.1660960283239789,
        0.5362813219290785,
        0.23070036031614688,
        0.184877493221863,
        0.18944305707784595,
        0.17469281074217108,
        0.13258252147247765,
        0.20610790559801437,
        0.240035804620894,
        0.16682934768798924,
        0.18273754992550867,
        0.19825902406952375,
        0.22857404434887177,
        0.2348952559120767,
        0.47828837078168646,
        0.2576941016011038,
        0.5659615711335886
    ],
    [
        0.109375,
        0.17399263633843817,
        0.3053878169639385,
        0.16387638252658618,
        0.17044862679118303,
        0.13887803777055607,
        0.14149039278339715,
        0.16828640022295324,
        0.14740595518838442,
        0.33620991861484395,
        0.1316585902058806,
        0.11267347735824966,
        0.14986973510352247,
        0.14490028899212037,
        0.11158481919598204,
        0.18355218944485516,
        0.0,
        0.184877493221863,
        0.125,
        0.14574029770451274,
        0.1660960283239789,
        0.12489144591960206,
        0.19136638615493579,
        0.13975424859373686,
        0.17469281074217108,
        0.5321683239352001,
        0.16387638252658618,
        0.12401959270615269,
        0.15857643070456592,
        0.13309304519979837,
        0.17469281074217108,
        0.16682934768798924,
        0.16010860571811872,
        0.4035366115670299,
        0.21079277442550065,
        0.16312978920172735,
        0.26238836912104163,
        0.11267347735824966,
        0.16387638252658618,
        0.2821167200823092,
        0.18355218944485516,
        0.12203515118604147,
        0.23181471962779043,
        0.18288593610499415,
        0.14905300022139775,
        0.14490028899212037,
        0.34161267357930386,
        0.13621559198564606,
        0.4318835925339142
    ],
    [
        0.13621559198564606,
        0.12789613706050704,
        0.40110930165604486,
        0.10004881620988826,
        0.1795175827043134,
        0.13975424859373686,
        0.06442352540027595,
        0.17258376589355096,
        0.18087245160609727,
        0.1988737822087165,
        0.1514899955442603,
        0.15229366163764005,
        0.12303137303143455,
        0.21021287573552672,
        0.13799626353637262,
        0.3029799910885206,
        0.184877493221863,
        0.0,
        0.13258252147247765,
        0.10364452469860624,
        0.21021287573552672,
        0.12303137303143462,
        0.25291271962872885,
        0.1767766952966369,
        0.2395267143243108,
        0.6805400543869552,
        0.29851520585223124,
        0.19452968121857395,
        0.16387638252658618,
        0.13083184049042154,
        0.213096589015404,
        0.13531646934131855,
        0.22371595411369302,
        0.2688226645950821,
        0.23541436208311506,
        0.1335000585205864,
        0.3924955214712647,
        0.16973094517500337,
        0.2786336640644845,
        0.3700849775727191,
        0.12103072956898178,
        0.15625,
        0.3326816546389856,
        0.16755945773068137,
        0.10481568644530265,
        0.1514899955442603,
        0.19515618744994995,
        0.125,
        0.2976962325509008
    ],
    [
        0.10825317547305482,
        0.12303137303143455,
        0.3318243840874266,
        0.11267347735824966,
        0.11587810136086973,
        0.12103072956898178,
        0.12979099785809492,
        0.13710881855300192,
        0.14986973510352247,
        0.26378035962709584,
        0.13799626353637262,
        0.10481568644530265,
        0.09757809372497497,
        0.14823176532039278,
        0.07654655446197431,
        0.1887975933374152,
        0.125,
        0.13258252147247765,
        0.0,
        0.10004881620988826,
        0.1801962905417312,
        0.1106081280291422,
        0.15229366163764005,
        0.10126157341262282,
        0.12789613706050704,
        0.6244137875840027,
        0.171875,
        0.08699631816921909,
        0.15546678704790937,
        0.09950506861741042,
        0.14740595518838442,
        0.13887803777055607,
        0.14986973510352247,
        0.29646353064078557,
        0.17469281074217108,
        0.10126157341262282,
        0.2670001170411728,
        0.10126157341262282,
        0.1711632992203644,
        0.32700702400713044,
        0.14320549046737,
        0.13531646934131855,
        0.2798479715002018,
        0.1335000585205864,
        0.11481983169296148,
        0.10126157341262282,
        0.2665425329567497,
        0.0924387466109315,
        0.31792171795899693
    ],
    [
        0.1288470508005519,
        0.10004881620988826,
        0.3476343040826092,
        0.0924387466109315,
        0.1288470508005519,
        0.09375,
        0.1307281291459493,
        0.13621559198564606,
        0.14490028899212037,
        0.23696485762661096,
        0.12103072956898178,
        0.12979099785809492,
        0.1137517170200081,
        0.16535945694153692,
        0.07967217989988726,
        0.2538762001448738,
        0.14574029770451274,
        0.10364452469860624,
        0.10004881620988826,
        0.0,
        0.1608692209529219,
        0.13471372037893298,
        0.203125,
        0.109375,
        0.18154609435347266,
        0.6586637158861872,
        0.2170694373351532,
        0.1288470508005519,
        0.15546678704790937,
        0.07636915780528739,
        0.15780476466190746,
        0.10364452469860624,
        0.16237976320958225,
        0.265625,
        0.1988737822087165,
        0.1288470508005519,
        0.31444705933590794,
        0.13710881855300192,
        0.21137108216357317,
        0.3325593227155119,
        0.1335000585205864,
        0.1269381000724369,
        0.29439755752213703,
        0.13887803777055607,
        0.15068204314051492,
        0.0897587913521567,
        0.240035804620894,
        0.08699631816921909,
        0.296875
    ],
    [
        0.2533949178160446,
        0.225888004606265,
        0.24754655496491967,
        0.21137108216357317,
        0.19390115071860714,
        0.1137517170200081,
        0.22910747341586218,
        0.21423920626253262,
        0.140625,
        0.39187300637451417,
        0.16010860571811872,
        0.14490028899212037,
        0.17044862679118303,
        0.2786336640644845,
        0.19640320453088336,
        0.19578068884596356,
        0.1660960283239789,
        0.21021287573552672,
        0.1801962905417312,
        0.1608692209529219,
        0.0,
        0.22029464565163126,
        0.171875,
        0.23747943989954162,
        0.23747943989954162,
        0.4710879197400417,
        0.21650635094610965,
        0.16387638252658618,
        0.16312978920172735,
        0.1995546256319585,
        0.3194538796915761,
        0.11587810136086973,
        0.1288470508005519,
        0.45285552331841994,
        0.2706329386826371,
        0.19702375332685143,
        0.2181912506838897,
        0.1926379375927805,
        0.15309310892394862,
        0.1988737822087165,
        0.20787710461953235,
        0.120017902310447,
        0.18369991758904577,
        0.20252314682524564,
        0.265625,
        0.15934435979977452,
        0.39805435008928114,
        0.23541436208311506,
        0.4803258171543562
    ],
    [
        0.10724614730194795,
        0.1488708950828797,
        0.3187312766832133,
        0.15113143883903032,
        0.17845668436470635,
        0.13720770700332804,
        0.07529600153542171,
        0.1375039456504592,
        0.15273831561057483,
        0.2709334750758324,
        0.14339479060350216,
        0.1175053559654008,
        0.1185396528827192,
        0.14043196627825794,
        0.10533202300081607,
        0.18972922500090608,
        0.12489144591960206,
        0.12303137303143462,
        0.1106081280291422,
        0.13471372037893298,
        0.22029464565163126,
        0.0,
        0.19935061676046498,
        0.1156437672457006,
        0.16642234696531724,
        0.5088997442058483,
        0.1717170991857764,
        0.14043196627825794,
        0.13858473641302158,
        0.12989545743062425,
        0.1264027197865791,
        0.16221261981664,
        0.16884963622340965,
        0.3327224219517591,
        0.18771688844729265,
        0.12905741347254027,
        0.29485791363996167,
        0.11646187382811403,
        0.1907985321251479,
        0.26244005598633585,
        0.13400708677363135,
        0.11529137302697216,
        0.20898336091394662,
        0.1578906915752512,
        0.08001193487363134,
        0.14896197547994888,
        0.2787310033387429,
        0.12091861214837395,
        0.34567798970927327
    ],
    [
        0.21194781197266463,
        0.25048780534189685,
        0.22910747341586218,
        0.25,
        0.18355218944485516,
        0.1887975933374152,
        0.22316963839196408,
        0.1711632992203644,
        0.2405438174740727,
        0.41692700200394794,
        0.22262198201210948,
        0.18355218944485516,
        0.1767766952966369,
        0.19390115071860714,
        0.18944305707784595,
        0.15857643070456592,
        0.19136638615493579,
        0.25291271962872885,
        0.15229366163764005,
        0.203125,
        0.171875,
        0.19935061676046498,
        0.0,
        0.18288593610499415,
        0.18355218944485516,
        0.42647950199863066,
        0.17608480733726006,
        0.14235052467412967,
        0.11796616305110547,
        0.2137321305071166,
        0.23593232610221093,
        0.18944305707784595,
        0.15625,
        0.45874744549697494,
        0.19948664585630788,
        0.1616262567623219,
        0.2665425329567497,
        0.13710881855300192,
        0.13531646934131855,
        0.19948664585630788,
        0.1926379375927805,
        0.14235052467412967,
        0.15467960838455727,
        0.1875,
        0.2348952559120767,
        0.213668661424646,
        0.41751216299648086,
        0.22262198201210948,
        0.4803258171543562
    ],
    [
        0.15388840315306412,
        0.14740595518838442,
        0.3236299246438747,
        0.13975424859373686,
        0.1307281291459493,
        0.1616262567623219,
        0.15625,
        0.1316585902058806,
        0.18087245160609727,
        0.273772116686488,
        0.1690102160373745,
        0.1335000585205864,
        0.14490028899212037,
        0.12103072956898178,
        0.10597390598633231,
        0.19008632907181935,
        0.13975424859373686,
        0.1767766952966369,
        0.10126157341262282,
        0.109375,
        0.23747943989954162,
        0.1156437672457006,
        0.18288593610499415,
        0.0,
        0.109375,
        0.5574863367159772,
        0.1288470508005519,
        0.09757809372497497,
        0.1801962905417312,
        0.10403637685124056,
        0.10004881620988826,
        0.19948664585630788,
        0.16755945773068137,
        0.30338262248355624,
        0.1570293065800139,
        0.120017902310447,
        0.26745691825974516,
        0.1269381000724369,
        0.18154609435347266,
        0.3021731188408393,
        0.15467960838455727,
        0.14574029770451274,
        0.24776562275554784,
        0.15229366163764005,
        0.13975424859373686,
        0.13531646934131855,
        0.271083618326523,
        0.11267347735824966,
        0.3236299246438747
    ],
    [
        0.171875,
        0.2072890493972125,
        0.22426093897511443,
        0.21986323874172325,
        0.13258252147247765,
        0.19136638615493579,
        0.2153757617514097,
        0.10825317547305482,
        0.2619227283475033,
        0.3528621809573817,
        0.24105075969596113,
        0.18087245160609727,
        0.2209708691207961,
        0.14149039278339715,
        0.15780476466190746,
        0.19390115071860714,
        0.17469281074217108,
        0.2395267143243108,
        0.12789613706050704,
        0.18154609435347266,
        0.23747943989954162,
        0.16642234696531724,
        0.18355218944485516,
        0.109375,
        0.0,
        0.3779183319514945,
        0.15467960838455727,
        0.10126157341262282,
        0.1781524101717403,
        0.16601434844280452,
        0.11267347735824966,
        0.24803918541230538,
        0.13887803777055607,
        0.39805435008928114,
        0.11267347735824966,
        0.13621559198564606,
        0.23017062285400366,
        0.16461958988832404,
        0.14986973510352247,
        0.21650635094610965,
        0.23541436208311506,
        0.17469281074217108,
        0.1899435680084424,
        0.13887803777055607,
        0.20009763241977652,
        0.21021287573552672,
        0.34798527267687634,
        0.17469281074217108,
        0.41692700200394794
    ],
    [
        0.7177302548659907,
        0.6801812143649661,
        0.2628531850196988,
        0.7464106820310117,
        0.5014627042462879,
        0.4509646778019316,
        0.6369942847074846,
        0.4803258171543562,
        0.6362272834844479,
        0.9075959832161004,
        0.6350750447781742,
        0.5717554519853746,
        0.6210814660734935,
        0.6292822051750708,
        0.639289767046212,
        0.4038389994787527,
        0.5321683239352001,
        0.6805400543869552,
        0.6244137875840027,
        0.6586637158861872,
        0.4710879197400417,
        0.5088997442058483,
        0.42647950199863066,
        0.5574863367159772,
        0.3779183319514945,
        0.0,
        0.48487877028696563,
        0.5007318862175646,
        0.4050462936504913,
        0.6938235071167436,
        0.5077524002897476,
        0.6041442165369126,
        0.4358226775306673,
        0.9328007222874563,
        0.36073113689422487,
        0.5462049466546417,
        0.3266335150057324,
        0.6039421278152403,
        0.4198446513295126,
        0.21423920626253262,
        0.6625442202223184,
        0.4563463083284448,
        0.3297742941307652,
        0.5747366924296725,
        0.5833798344560772,
        0.5751613224783113,
        0.9304421831849629,
        0.7034721365306518,
        0.951843400657377
    ],
    [
        0.23747943989954162,
        0.2633171804117612,
        0.2619227283475033,
        0.26052081250832915,
        0.14740595518838442,
        0.1875,
        0.23070036031614688,
        0.19008632907181935,
        0.213096589015404,
        0.45150572739999656,
        0.21875,
        0.16387638252658618,
        0.18619336387207788,
        0.1875,
        0.19008632907181935,
        0.13975424859373686,
        0.16387638252658618,
        0.29851520585223124,
        0.171875,
        0.2170694373351532,
        0.21650635094610965,
        0.1717170991857764,
        0.17608480733726006,
        0.1288470508005519,
        0.15467960838455727,
        0.48487877028696563,
        0.0,
        0.12401959270615269,
        0.20610790559801437,
        0.2161301450129837,
        0.18619336387207788,
        0.26052081250832915,
        0.16461958988832404,
        0.4975526040028331,
        0.24206145913796356,
        0.1616262567623219,
        0.2072890493972125,
        0.1711632992203644,
        0.16682934768798924,
        0.258639771206982,
        0.21650635094610965,
        0.184877493221863,
        0.21373213050711656,
        0.17044862679118303,
        0.23593232610221093,
        0.21875,
        0.44551804466822664,
        0.21650635094610965,
        0.5219779090153146
    ],
    [
        0.16387638252658618,
        0.140625,
        0.234375,
        0.14986973510352247,
        0.1269381000724369,
        0.10825317547305482,
        0.15934435979977452,
        0.13887803777055607,
        0.18355218944485516,
        0.29973947020704494,
        0.16973094517500337,
        0.109375,
        0.13887803777055607,
        0.1570293065800139,
        0.1137517170200081,
        0.1660960283239789,
        0.12401959270615269,
        0.19452968121857395,
        0.08699631816921909,
        0.1288470508005519,
        0.16387638252658618,
        0.14043196627825794,
        0.14235052467412967,
        0.09757809372497497,
        0.10126157341262282,
        0.5007318862175646,
        0.12401959270615269,
        0.0,
        0.14905300022139775,
        0.1036445246986063,
        0.12401959270615269,
        0.17399263633843817,
        0.10245997694221876,
        0.30777680630612825,
        0.16237976320958225,
        0.1137517170200081,
        0.20669932117692114,
        0.14905300022139775,
        0.125,
        0.22480460265528374,
        0.1887975933374152,
        0.1137517170200081,
        0.17461515223166885,
        0.125,
        0.1288470508005519,
        0.125,
        0.297285899850632,
        0.12203515118604147,
        0.3159960690024482
    ],
    [
        0.17746588580625855,
        0.225888004606265,
        0.24105075969596113,
        0.2125229766989913,
        0.17746588580625855,
        0.14574029770451274,
        0.1753901900050285,
        0.13887803777055607,
        0.2170694373351532,
        0.3542432515235823,
        0.19327057620082783,
        0.15546678704790937,
        0.16755945773068137,
        0.1988737822087165,
        0.1711632992203644,
        0.1711632992203644,
        0.15857643070456592,
        0.16387638252658618,
        0.15546678704790937,
        0.15546678704790937,
        0.16312978920172735,
        0.13858473641302158,
        0.11796616305110547,
        0.1801962905417312,
        0.1781524101717403,
        0.4050462936504913,
        0.20610790559801437,
        0.14905300022139775,
        0.0,
        0.1925675161180849,
        0.225888004606265,
        0.15388840315306412,
        0.14490028899212037,
        0.4244711783501914,
        0.19452968121857395,
        0.14905300022139775,
        0.28895690638917076,
        0.14740595518838442,
        0.14657549249448218,
        0.1788362990978062,
        0.1660960283239789,
        0.1288470508005519,
        0.19334074159656855,
        0.18619336387207788,
        0.14823176532039278,
        0.17328963291264715,
        0.35561895864815757,
        0.19702375332685143,
        0.4477046494342001
    ],
    [
        0.13186446772054336,
        0.05437659640057575,
        0.38731234255371266,
        0.08135676745736097,
        0.1348143656827582,
        0.11669456511670874,
