[
    [
        0.0,
        1.9193821343801702,
        0.9013878188659973,
        1.2054563451241194,
        1.9605483926697653,
        2.0,
        1.4086784586980805,
        1.6094339929856638,
        1.5103807466993215,
        1.4415703243338496,
        0.39528470752104744,
        1.7544586059522749,
        1.7853571071357126,
        1.8980252896102308,
        2.1102428770167667,
        1.3819398152818467,
        2.2430448056157952,
        1.479019945774904,
        1.4469796128487782,
        1.776583800443987,
        2.1180441711898057,
        1.403121520040228,
        1.286953767623375,
        1.4197270864500684,
        1.3642254619787417,
        1.8309833423600554,
        0.8660254037844386,
        1.5567951410224503,
        1.4842927608797396,
        1.7455300054711176,
        1.4252192813739224,
        1.3050383136138188,
        1.7098570440569325,
        1.4086784586980805,
        1.3287682265918312,
        1.7746478523921303,
        1.6056540723331412,
        2.0155644370746373,
        1.7365554986812255,
        1.7052818274734272,
        2.1180441711898057,
        1.7897276329095442,
        1.1524430571616109,
        2.312030733167514,
        1.7776388834631178,
        2.168668946612184,
        1.7644049988593888,
        0.9354143466934853,
        1.6677080080157918,
        1.165922381636102
    ],
    [
        1.9193821343801702,
        0.0,
        1.454757520841341,
        1.1464013743498005,
        1.3215626272628087,
        1.1909671606630376,
        1.3507970897872772,
        1.2486103386476415,
        1.116480083914522,
        1.116480083914522,
        1.8018123592033044,
        1.3642254619787417,
        1.1777745020918808,
        1.3216414457450671,
        1.1843892002959913,
        1.1173841486261147,
        1.0785149254620654,
        1.1234557302260635,
        1.2169234888758527,
        1.3096861371251425,
        1.3037073205968346,
        1.2233265213252664,
        1.1094605796411956,
        1.1975089885999928,
        1.366768288904727,
        1.2074709566325441,
        1.315637783653912,
        1.2548516955312998,
        1.2486103386476415,
        1.2916666666666665,
        1.267242193812129,
        1.3850641782162219,
        1.1577036657874837,
        1.2296962136144756,
        1.360402309776209,
        1.1348947577247466,
        1.1843892002959913,
        1.2486103386476415,
        1.147158324828017,
        1.1509356097444279,
        1.4227809232469892,
        1.2162099599438687,
        1.1909671606630376,
        1.355287997274216,
        1.3714347718113806,
        1.3623152270226513,
        1.3374675489313543,
        1.4055939827860833,
        1.1843892002959913,
        1.4690085469836829
    ],
    [
        0.9013878188659973,
        1.454757520841341,
        0.0,
        1.015504800579495,
        1.0968705484240153,
        1.357847561400027,
        0.9270248108869579,
        1.11725730648266,
        1.243734296383275,
        1.192424001771182,
        0.960143218483576,
        1.192424001771182,
        1.299038105676658,
        1.2129509470708204,
        1.5662455107677085,
        0.9107142857142857,
        1.5103807466993215,
        1.125,
        1.1388041973930374,
        1.2119199643540823,
        1.3313787757225382,
        1.0606601717798212,
        1.0458250331675945,
        1.14564392373896,
        0.9307628293203615,
        1.0920164833920778,
        0.9842509842514764,
        1.2774758097296577,
        0.9762812094883317,
        1.159202311936963,
        1.0307764064044151,
        0.9682458365518543,
        1.182188413259259,
        1.0968705484240153,
        0.9437293044088437,
        1.0319883720275147,
        1.0307764064044151,
        1.3806701271484076,
        1.3050383136138188,
        1.3195906351760929,
        1.2465229418042993,
        1.2747548783981961,
        0.82915619758885,
        1.481365736219265,
        1.307669683062202,
        1.3635890143294642,
        0.9137833441248533,
        0.9013878188659973,
        1.1989578808281798,
        0.625
    ],
    [
        1.2054563451241194,
        1.1464013743498005,
        1.015504800579495,
        0.0,
        1.2054563451241194,
        1.2119199643540823,
        1.0897247358851685,
        1.0008676791220261,
        0.9762812094883317,
        0.9519716382329886,
        1.192424001771182,
        1.1726039399558574,
        1.14564392373896,
        1.1816302298096473,
        1.3169567191065923,
        0.9814932916900926,
        1.3228756555322954,
        1.0307764064044151,
        0.9100137361600648,
        1.103970108290981,
        1.3693063937629153,
        0.9437293044088437,
        0.8003905296791061,
        0.9921567416492215,
        0.9418878796214429,
        1.1135528725660044,
        0.8477912478906585,
        1.0680004681646913,
        0.9921567416492215,
        1.0606601717798212,
        1.0307764064044151,
        1.015504800579495,
        1.0458250331675945,
        0.9270248108869579,
        0.9921567416492215,
        0.979157801378307,
        0.9921567416492215,
        1.2119199643540823,
        1.0458250331675945,
        1.0516191220103301,
        1.3215626272628087,
        1.192424001771182,
        0.875,
        1.4074454795045446,
        1.1238883396494512,
        1.3693063937629153,
        1.142092378050042,
        0.8003905296791061,
        1.0825317547305484,
        1.0077822185373186
    ],
    [
        1.9605483926697653,
        1.3215626272628087,
        1.0968705484240153,
        1.2054563451241194,
        0.0,
        1.1726039399558574,
        1.0752906583803283,
        1.1188101318414627,
        1.286953767623375,
        1.2624381172952597,
        1.6393596310755,
        1.159202311936963,
        1.118033988749895,
        1.181365735071066,
        1.4415703243338496,
        1.057046327639196,
        1.1388041973930374,
        1.2119199643540823,
        1.1524430571616109,
        1.231107225224513,
        1.076097630845413,
        1.2183492931011204,
        1.103970108290981,
        1.3228756555322954,
        1.1464013743498005,
        1.0440306508910548,
        1.4086784586980805,
        1.2318121249245402,
        1.015504800579495,
        1.1726039399558574,
        1.192424001771182,
        1.14564392373896,
        1.125771340508858,
        1.1792476415070754,
        1.103970108290981,
        1.1341296222213755,
        1.0897247358851685,
        1.2808688457449497,
        1.2562344526401112,
        1.1996816707406641,
        0.9930312739844155,
        1.25,
        1.1110243021644486,
        1.375631168268265,
        1.1183134623172521,
        1.3110110602126894,
        1.068293030961075,
        1.2808688457449497,
        1.2686114456365274,
        1.159202311936963
    ],
    [
        2.0,
        1.1909671606630376,
        1.357847561400027,
        1.2119199643540823,
        1.1726039399558574,
        0.0,
        1.1989578808281798,
        1.12808219755674,
        1.1110243021644486,
        1.125,
        1.653594569415369,
        1.2747548783981961,
        1.0752906583803283,
        1.1396271320041482,
        1.2183492931011204,
        1.2069103749082715,
        1.224744871391589,
        0.9842509842514764,
        1.224744871391589,
        1.1319231422671772,
        1.2254534308210618,
        1.0968705484240153,
        1.0752906583803283,
        1.125,
        1.2936812246883354,
        1.1338540470448566,
        1.3287682265918312,
        1.2444320435890066,
        1.1726039399558574,
        1.2183492931011204,
        1.0532687216470449,
        1.1858541225631423,
        1.1118053386771944,
        1.125,
        1.2562344526401112,
        1.1357816691600546,
        1.0897247358851685,
        1.1726039399558574,
        1.165922381636102,
        1.1996816707406641,
        1.3116730198914328,
        1.4361406616345072,
        1.2562344526401112,
        1.3123346456686351,
        1.306474263045392,
        1.165922381636102,
        1.2389511693363868,
        1.4142135623730951,
        1.0897247358851685,
        1.346291201783626
    ],
    [
        1.4086784586980805,
        1.3507970897872772,
        0.9270248108869579,
        1.0897247358851685,
        1.0752906583803283,
        1.1989578808281798,
        0.0,
        0.9232716585900141,
        1.118033988749895,
        1.0383279828647594,
        1.1792476415070754,
        1.14564392373896,
        1.1388041973930374,
        1.1048189896992178,
        1.4142135623730951,
        0.9538121686481172,
        1.2624381172952597,
        1.0383279828647594,
        0.9270248108869579,
        1.0,
        1.2126360175712707,
        0.9921567416492215,
        0.9519716382329886,
        1.118033988749895,
        1.039998664529057,
        1.0087120500916007,
        1.0680004681646913,
        1.0833333333333333,
        0.81967981553775,
        0.9270248108869579,
        0.8926785535678563,
        0.875,
        1.0466547239233726,
        0.9921567416492215,
        0.8003905296791061,
        1.0188841936157418,
        0.875,
        1.2624381172952597,
        1.1388041973930374,
        1.1865859054915118,
        1.1799835215421914,
        1.340475661845451,
        0.9270248108869579,
        1.4343262065048754,
        1.232629303562105,
        1.1388041973930374,
        0.9781998773256926,
        1.14564392373896,
        1.0752906583803283,
        0.9354143466934853
    ],
    [
        1.6094339929856638,
        1.2486103386476415,
        1.11725730648266,
        1.0008676791220261,
        1.1188101318414627,
        1.12808219755674,
        0.9232716585900141,
        0.0,
        1.0366546087187274,
        1.1195857368787,
        1.570120306784731,
        1.084134319271474,
        1.1479147761629926,
        1.0117709995624284,
        1.272710362441772,
        0.9852763865145299,
        1.0793194872490515,
        1.1086778913041724,
        1.0809268142560706,
        0.9492321458245432,
        1.0483121354507605,
        0.9166666666666667,
        0.9991315673568166,
        1.044163673845139,
        1.0137937550497034,
        0.9768500965404626,
        1.1509356097444277,
        1.1380416903123052,
        0.9982623792259117,
        1.1242281302693367,
        0.9232716585900141,
        0.9176131477310517,
        1.0598414451647422,
        0.9185586535436918,
        0.9298297335175583,
        1.0092626571468455,
        0.9583333333333334,
        1.1777745020918808,
        1.1234557302260635,
        1.0540925533894598,
        1.1094605796411956,
        1.2381381631753021,
        1.0663736576724772,
        1.1234557302260637,
        1.182452723978614,
        0.9664511253952668,
        1.004088862822631,
        1.1953323573150876,
        1.0017346066809423,
        1.0223203455321082
    ],
    [
        1.5103807466993215,
        1.116480083914522,
        1.243734296383275,
        0.9762812094883317,
        1.286953767623375,
        1.1110243021644486,
        1.118033988749895,
        1.0366546087187274,
        0.0,
        1.015504800579495,
        1.4197270864500684,
        1.25,
        1.0458250331675945,
        1.149456393257265,
        1.1989578808281798,
        0.9586475379621107,
        1.1726039399558574,
        0.9762812094883317,
        1.0077822185373186,
        1.0968705484240153,
        1.1931517552730295,
        0.9437293044088437,
        0.9013878188659973,
        0.9682458365518543,
        1.1380416903123052,
        1.096300597464035,
        1.0458250331675945,
        1.076097630845413,
        1.0825317547305484,
        1.0968705484240153,
        1.0383279828647594,
        1.0752906583803283,
        1.0316182002616623,
        1.0752906583803283,
        1.1110243021644486,
        1.0647769719523428,
        1.0532687216470449,
        1.125,
        1.015504800579495,
        1.0614782669047498,
        1.2430361575146915,
        1.2808688457449497,
        1.103970108290981,
        1.2876280950302037,
        1.1808365678619543,
        1.2374368670764582,
        1.232629303562105,
        1.1858541225631423,
        1.0458250331675945,
        1.243734296383275
    ],
    [
        1.4415703243338496,
        1.116480083914522,
        1.192424001771182,
        0.9519716382329886,
        1.2624381172952597,
        1.125,
        1.0383279828647594,
        1.1195857368787,
        1.015504800579495,
        0.0,
        1.3228756555322954,
        1.2930100540985752,
        0.9762812094883317,
        1.2720554233208552,
        1.1524430571616109,
        0.9538121686481172,
        1.2747548783981961,
        0.9013878188659973,
        1.0307764064044151,
        1.14564392373896,
        1.272710362441772,
        0.9185586535436918,
        0.8477912478906585,
        1.0383279828647594,
        1.0197698542100349,
        1.0805091392487154,
        0.9762812094883317,
        1.0358169078880044,
        0.9762812094883317,
        1.1524430571616109,
        1.0383279828647594,
        1.14564392373896,
        0.9851325347947408,
        1.0606601717798212,
        1.1792476415070754,
        1.0434318377354603,
        0.960143218483576,
        1.14564392373896,
        0.960143218483576,
        1.104756131963571,
        1.3495112283918038,
        1.14564392373896,
        1.0231690964840563,
        1.411756195508118,
        1.1540688887583792,
        1.3169567191065923,
        1.16081867662439,
        1.1110243021644486,
        1.0307764064044151,
        1.14564392373896
    ],
    [
        0.39528470752104744,
        1.8018123592033044,
        0.960143218483576,
        1.192424001771182,
        1.6393596310755,
        1.653594569415369,
        1.1792476415070754,
        1.570120306784731,
        1.4197270864500684,
        1.3228756555322954,
        0.0,
        1.7677669529663689,
        1.5103807466993215,
        1.660948524187309,
        1.8285923547909742,
        1.2638265913728925,
        1.7809758560968758,
        1.375,
        1.357847561400027,
        1.713913650100261,
        1.8961767088304589,
        1.2747548783981961,
        1.224744871391589,
        1.2930100540985752,
        1.369940185231133,
        1.5716233645501714,
        0.7905694150420949,
        1.4258282193557228,
        1.192424001771182,
        1.489546910976623,
        1.3806701271484076,
        1.340475661845451,
        1.4953632037438633,
        1.4577379737113252,
        1.192424001771182,
        1.466074691139575,
        1.375,
        1.6909686573085854,
        1.648863244784115,
        1.7370552988063193,
        1.663538731473094,
        1.7275343701356567,
        1.0307764064044151,
        2.1509849165233845,
        1.7104458483097325,
        1.7897276329095442,
        1.506444489518283,
        0.739509972887452,
        1.4842927608797396,
        1.1388041973930374
    ],
    [
        1.7544586059522749,
        1.3642254619787417,
        1.192424001771182,
        1.1726039399558574,
        1.159202311936963,
        1.2747548783981961,
        1.14564392373896,
        1.084134319271474,
        1.25,
        1.2930100540985752,
        1.7677669529663689,
        0.0,
        1.2747548783981961,
        1.1508149286483904,
        1.3635890143294642,
        1.1788419602927862,
        1.299038105676658,
        1.1726039399558574,
        1.2562344526401112,
        1.1792476415070754,
        1.1577036657874837,
        1.125,
        1.1319231422671772,
        1.1524430571616109,
        1.2423376263229644,
        1.2168093523637957,
        1.25,
        1.0952866190079096,
        1.1989578808281798,
        1.299038105676658,
        1.1319231422671772,
        1.165922381636102,
        1.0952866190079096,
        1.0532687216470449,
        1.0680004681646913,
        1.1508149286483904,
        1.2054563451241194,
        1.231107225224513,
        1.2119199643540823,
        1.1909671606630376,
        1.2040152730666573,
        1.14564392373896,
        1.0825317547305484,
        1.1975089885999928,
        1.1900630235411904,
        1.2808688457449497,
        1.1224972160321824,
        1.3806701271484076,
        1.2624381172952597,
        1.0897247358851685
    ],
    [
        1.7853571071357126,
        1.1777745020918808,
        1.299038105676658,
        1.14564392373896,
        1.118033988749895,
        1.0752906583803283,
        1.1388041973930374,
        1.1479147761629926,
        1.0458250331675945,
        0.9762812094883317,
        1.5103807466993215,
        1.2747548783981961,
        0.0,
        1.1586630226256467,
        1.2374368670764582,
        1.0841506597614672,
        1.2624381172952597,
        1.0383279828647594,
        1.125,
        1.1388041973930374,
        1.2126360175712707,
        1.1388041973930374,
        1.015504800579495,
        1.192424001771182,
        1.2011279421166312,
        1.0538619454178997,
        1.2374368670764582,
        1.125771340508858,
        1.1726039399558574,
        1.125,
        1.118033988749895,
        1.2183492931011204,
        1.0391636594449938,
        1.14564392373896,
        1.2119199643540823,
        1.093732142711368,
        1.0231690964840563,
        1.1858541225631423,
        1.0968705484240153,
        1.1799835215421914,
        1.2767961205037135,
        1.3806701271484076,
        1.1858541225631423,
        1.312995938049061,
        1.1335784048754634,
        1.25,
        1.1197097838279346,
        1.346291201783626,
        1.0532687216470449,
        1.340475661845451
    ],
    [
        1.8980252896102308,
        1.3216414457450671,
        1.2129509470708204,
        1.1816302298096473,
        1.181365735071066,
        1.1396271320041482,
        1.1048189896992178,
        1.0117709995624284,
        1.149456393257265,
        1.2720554233208552,
        1.660948524187309,
        1.1508149286483904,
        1.1586630226256467,
        0.0,
        1.2776932339180638,
        1.0605880155722627,
        1.2939764294607534,
        1.1470069746954463,
        1.2409673645990857,
        1.1174748319313506,
        1.0493384159131462,
        1.0494045930907678,
        1.0473180032826706,
        1.0350120772242226,
        1.1080826784235112,
        1.0908712114635715,
        1.3202745926510895,
        1.2099414586389432,
        1.1562331079847177,
        1.2409673645990857,
        1.016427567512806,
        1.1174748319313506,
        1.1397489977086086,
        0.9886859966642595,
        1.0764525070805493,
        1.1858541225631423,
        1.0479145957567344,
        1.3202745926510895,
        1.182951816432098,
        1.2227871169313707,
        1.2027457013941985,
        1.3448977656312766,
        1.110742994576153,
        1.1962325117727834,
        1.2720554233208552,
        1.0425329730996522,
        1.1426394882026438,
        1.3238202294873727,
        1.0574142991278301,
        1.285496013218244
    ],
    [
        2.1102428770167667,
        1.1843892002959913,
        1.5662455107677085,
        1.3169567191065923,
        1.4415703243338496,
        1.2183492931011204,
        1.4142135623730951,
        1.272710362441772,
        1.1989578808281798,
        1.1524430571616109,
        1.8285923547909742,
        1.3635890143294642,
        1.2374368670764582,
        1.2776932339180638,
        0.0,
        1.2261760285787782,
        1.299038105676658,
        1.14564392373896,
        1.299038105676658,
        1.2119199643540823,
        1.3116730198914328,
        1.192424001771182,
        1.1858541225631423,
        1.224744871391589,
        1.4707802162268993,
        1.2150102880222866,
        1.3806701271484076,
        1.2815463749358083,
        1.3806701271484076,
        1.3110110602126894,
        1.2747548783981961,
        1.403121520040228,
        1.2997061633735185,
        1.3110110602126894,
        1.4577379737113252,
        1.2018215341721916,
        1.2183492931011204,
        1.231107225224513,
        1.14564392373896,
        1.2876280950302037,
        1.521261355294057,
        1.4142135623730951,
        1.3635890143294642,
        1.3116730198914328,
        1.448274835796024,
        1.2624381172952597,
        1.501249479600243,
        1.6153559979150107,
        1.2119199643540823,
        1.5562374497485916
    ],
    [
        1.3819398152818467,
        1.1173841486261147,
        0.9107142857142857,
        0.9814932916900926,
        1.057046327639196,
        1.2069103749082715,
        0.9538121686481172,
        0.9852763865145299,
        0.9586475379621107,
        0.9538121686481172,
        1.2638265913728925,
        1.1788419602927862,
        1.0841506597614672,
        1.0605880155722627,
        1.2261760285787782,
        0.0,
        1.2059852860645033,
        1.001752291268268,
        1.0244149649473906,
        1.0475006697187474,
        1.176525400550532,
        0.8946410749910964,
        0.8406144497099871,
        1.0764762052215382,
        0.8402561090513927,
        0.9426541989380359,
        1.032476466105269,
        0.9967883517279832,
        0.9821428571428571,
        1.0769204488081858,
        1.0549325348387093,
        1.0549325348387093,
        0.87132773291144,
        1.0248817751629817,
        1.0084148502496786,
        0.8211101867444529,
        0.8946410749910964,
        1.2001541142533252,
        1.0248817751629817,
        0.9809877767539154,
        1.1049966396764042,
        1.1448086017731862,
        0.8149981219460019,
        1.3467779850603008,
        1.1877295696463253,
        1.3417833852978,
        0.8999645684635568,
        1.0685974500269415,
        1.119601559958374,
        0.9731733281027651
    ],
    [
        2.2430448056157952,
        1.0785149254620654,
        1.5103807466993215,
        1.3228756555322954,
        1.1388041973930374,
        1.224744871391589,
        1.2624381172952597,
        1.0793194872490515,
        1.1726039399558574,
        1.2747548783981961,
        1.7809758560968758,
        1.299038105676658,
        1.2624381172952597,
        1.2939764294607534,
        1.299038105676658,
        1.2059852860645033,
        0.0,
        1.2747548783981961,
        1.3169567191065923,
        1.224744871391589,
        1.2011279421166312,
        1.2374368670764582,
        1.2054563451241194,
        1.286953767623375,
        1.3648616128466,
        1.1694015563526499,
        1.5662455107677085,
        1.2835768167291135,
        1.1792476415070754,
        1.1858541225631423,
        1.3050383136138188,
        1.3635890143294642,
        1.1554520519885039,
        1.346291201783626,
        1.375,
        1.1352312539742728,
        1.165922381636102,
        1.2183492931011204,
        1.2686114456365274,
        1.1953323573150876,
        1.3003738778606029,
        1.2562344526401112,
        1.2808688457449497,
        1.2896489617118467,
        1.2275483697190916,
        1.340475661845451,
        1.214753061325634,
        1.625,
        1.165922381636102,
        1.334634781503914
    ],
    [
        1.479019945774904,
        1.1234557302260635,
        1.125,
        1.0307764064044151,
        1.2119199643540823,
        0.9842509842514764,
        1.0383279828647594,
        1.1086778913041724,
        0.9762812094883317,
        0.9013878188659973,
        1.375,
        1.1726039399558574,
        1.0383279828647594,
        1.1470069746954463,
        1.14564392373896,
        1.001752291268268,
        1.2747548783981961,
        0.0,
        0.9842509842514764,
        1.0231690964840563,
        1.2126360175712707,
        0.9842509842514764,
        0.8100925873009825,
        1.0458250331675945,
        1.2583057392117918,
        1.0905847055593618,
        0.9437293044088437,
        1.0540925533894598,
        1.0752906583803283,
        1.103970108290981,
        0.9682458365518543,
        1.103970108290981,
        1.076097630845413,
        1.0307764064044151,
        1.1524430571616109,
        1.0274361294017258,
        0.9519716382329886,
        1.1319231422671772,
        0.9842509842514764,
        1.076097630845413,
        1.381298704520898,
        1.2930100540985752,
        1.0606601717798212,
        1.4037400439935848,
        1.2577261228105268,
        1.2624381172952597,
        1.1939953936259553,
        1.159202311936963,
        1.015504800579495,
        1.243734296383275
    ],
    [
        1.4469796128487782,
        1.2169234888758527,
        1.1388041973930374,
        0.9100137361600648,
        1.1524430571616109,
        1.224744871391589,
        0.9270248108869579,
        1.0809268142560706,
        1.0077822185373186,
        1.0307764064044151,
        1.357847561400027,
        1.2562344526401112,
        1.125,
        1.2409673645990857,
        1.299038105676658,
        1.0244149649473906,
        1.3169567191065923,
        0.9842509842514764,
        0.0,
        1.1319231422671772,
        1.2631255326020099,
        0.9762812094883317,
        0.8926785535678563,
        1.0532687216470449,
        1.0614782669047498,
        1.0865656906050365,
        1.015504800579495,
        1.068812944865055,
        0.9519716382329886,
        1.0458250331675945,
        1.0077822185373186,
        1.0897247358851685,
        1.0984521938720055,
        1.015504800579495,
        0.9354143466934853,
        1.0793516572461452,
        1.0532687216470449,
        1.14564392373896,
        1.0752906583803283,
        1.1516895800904376,
        1.2233265213252664,
        1.1524430571616109,
        0.9842509842514764,
        1.3925645805890337,
        1.0697546447667334,
        1.3287682265918312,
        1.185063289449133,
        1.0680004681646913,
        1.0897247358851685,
        1.0752906583803283
    ],
    [
        1.776583800443987,
        1.3096861371251425,
        1.2119199643540823,
        1.103970108290981,
        1.231107225224513,
        1.1319231422671772,
        1.0,
        0.9492321458245432,
        1.0968705484240153,
        1.14564392373896,
        1.713913650100261,
        1.1792476415070754,
        1.1388041973930374,
        1.1174748319313506,
        1.2119199643540823,
        1.0475006697187474,
        1.224744871391589,
        1.0231690964840563,
        1.1319231422671772,
        0.0,
        1.1188101318414627,
        0.8838834764831844,
        0.9842509842514764,
        0.9921567416492215,
        1.2119199643540823,
        1.0859903314486736,
        1.2119199643540823,
        1.2318121249245402,
        1.0680004681646913,
        1.1989578808281798,
        0.9354143466934853,
        0.9682458365518543,
        1.125771340508858,
        1.0307764064044151,
        1.0307764064044151,
        1.0767427733679016,
        0.9921567416492215,
        1.165922381636102,
        0.9762812094883317,
        1.1666666666666667,
        1.3981634779635432,
        1.403121520040228,
        1.1319231422671772,
        1.1799835215421914,
        1.3301785594423028,
        1.103970108290981,
        1.200520720354297,
        1.3919410907075054,
        1.0680004681646913,
        1.165922381636102
    ],
    [
        2.1180441711898057,
        1.3037073205968346,
        1.3313787757225382,
        1.3693063937629153,
        1.076097630845413,
        1.2254534308210618,
        1.2126360175712707,
        1.0483121354507605,
        1.1931517552730295,
        1.272710362441772,
        1.8961767088304589,
        1.1577036657874837,
        1.2126360175712707,
        1.0493384159131462,
        1.3116730198914328,
        1.176525400550532,
        1.2011279421166312,
        1.2126360175712707,
        1.2631255326020099,
        1.1188101318414627,
        0.0,
        1.1865859054915118,
        1.1733439866940603,
        1.1118053386771944,
        1.3385315336840844,
        0.9847094890259653,
        1.505775916632721,
        1.2119199643540823,
        1.0921118685067632,
        1.2692955176439846,
        1.0833333333333333,
        1.1931517552730295,
        1.1311559967081857,
        1.1733439866940603,
        1.07124667768187,
        1.1740539927012634,
        1.0316182002616623,
        1.1799835215421914,
        1.215496012151235,
        1.1858541225631423,
        1.2190615698606495,
        1.2747548783981961,
        1.2318121249245402,
        1.1711224435462664,
        1.1670832589551328,
        1.1118053386771944,
        1.2036980056845192,
        1.636709945116863,
        1.1799835215421914,
        1.1975089885999928
    ],
    [
        1.403121520040228,
        1.2233265213252664,
        1.0606601717798212,
        0.9437293044088437,
        1.2183492931011204,
        1.0968705484240153,
        0.9921567416492215,
        0.9166666666666667,
        0.9437293044088437,
        0.9185586535436918,
        1.2747548783981961,
        1.125,
        1.1388041973930374,
        1.0494045930907678,
        1.192424001771182,
        0.8946410749910964,
        1.2374368670764582,
        0.9842509842514764,
        0.9762812094883317,
        0.8838834764831844,
        1.1865859054915118,
        0.0,
        0.8385254915624212,
        0.9762812094883317,
        0.9904053603337262,
        1.044629120788809,
        0.9762812094883317,
        1.024017143953709,
        0.9682458365518543,
        1.0897247358851685,
        0.8477912478906585,
        0.9270248108869579,
        1.0316182002616623,
        0.9100137361600648,
        0.9100137361600648,
        0.9317322576792112,
        0.8926785535678563,
        1.1110243021644486,
        1.0,
        1.076097630845413,
        1.3584866989084254,
        1.299038105676658,
        1.015504800579495,
        1.3037073205968346,
        1.2700885795880539,
        1.165922381636102,
        1.0325938214031691,
        1.1110243021644486,
        1.0,
        1.0825317547305484
    ],
    [
        1.286953767623375,
        1.1094605796411956,
        1.0458250331675945,
        0.8003905296791061,
        1.103970108290981,
        1.0752906583803283,
        0.9519716382329886,
        0.9991315673568166,
        0.9013878188659973,
        0.8477912478906585,
        1.224744871391589,
        1.1319231422671772,
        1.015504800579495,
        1.0473180032826706,
        1.1858541225631423,
        0.8406144497099871,
        1.2054563451241194,
        0.8100925873009825,
        0.8926785535678563,
        0.9842509842514764,
        1.1733439866940603,
        0.8385254915624212,
        0.0,
        0.9682458365518543,
        1.034978529031185,
        0.9778803607803973,
        0.82915619758885,
        0.952883052169106,
        0.8477912478906585,
        0.9682458365518543,
        0.9270248108869579,
        0.9921567416492215,
        0.8759915017345267,
        0.9270248108869579,
        0.9682458365518543,
        0.9317322576792112,
        0.875,
        1.1319231422671772,
        0.9013878188659973,
        1.068812944865055,
        1.2754356554178305,
        1.2808688457449497,
        0.9013878188659973,
        1.3116730198914328,
        1.1472793905583767,
        1.1858541225631423,
        1.0914439976471537,
        1.015504800579495,
        0.9682458365518543,
        1.0458250331675945
    ],
    [
        1.4197270864500684,
        1.1975089885999928,
        1.14564392373896,
        0.9921567416492215,
        1.3228756555322954,
        1.125,
        1.118033988749895,
        1.044163673845139,
        0.9682458365518543,
        1.0383279828647594,
        1.2930100540985752,
        1.1524430571616109,
        1.192424001771182,
        1.0350120772242226,
        1.224744871391589,
        1.0764762052215382,
        1.286953767623375,
        1.0458250331675945,
        1.0532687216470449,
        0.9921567416492215,
        1.1118053386771944,
        0.9762812094883317,
        0.9682458365518543,
        0.0,
        1.068812944865055,
        1.019803902718557,
        1.0231690964840563,
        1.1234557302260635,
        1.015504800579495,
        1.1319231422671772,
        0.9013878188659973,
        0.9185586535436918,
        1.1031835245728105,
        0.9519716382329886,
        1.015504800579495,
        1.0920164833920778,
        1.0307764064044151,
        1.0968705484240153,
        1.0752906583803283,
        1.1441275181454984,
        1.2997061633735185,
        1.159202311936963,
        1.0680004681646913,
        1.206176235510844,
        1.1335784048754634,
        1.165922381636102,
        1.2046783803156758,
        1.0752906583803283,
        1.0077822185373186,
        1.0825317547305484
    ],
    [
        1.3642254619787417,
        1.366768288904727,
        0.9307628293203615,
        0.9418878796214429,
        1.1464013743498005,
        1.2936812246883354,
        1.039998664529057,
        1.0137937550497034,
        1.1380416903123052,
        1.0197698542100349,
        1.369940185231133,
        1.2423376263229644,
        1.2011279421166312,
        1.1080826784235112,
        1.4707802162268993,
        0.8402561090513927,
        1.3648616128466,
        1.2583057392117918,
        1.0614782669047498,
        1.2119199643540823,
        1.3385315336840844,
        0.9904053603337262,
        1.034978529031185,
        1.068812944865055,
        0.0,
        0.9121479533983996,
        1.0391636594449938,
        1.0223203455321082,
        0.9930312739844155,
        1.1448859720028406,
        1.1125858269015574,
        1.11725730648266,
        0.99128143778086,
        1.068812944865055,
        0.9798313346920706,
        0.9993400600173875,
        0.9886508764753894,
        1.2444320435890066,
        1.1688966782587948,
        1.1486707293408518,
        1.14564392373896,
        1.1711224435462664,
        0.7916666666666667,
        1.386317063301177,
        1.1884572165440184,
        1.299038105676658,
        0.8746824820724629,
        0.97182531580755,
        1.1273124382057236,
        0.8907315969346646
    ],
    [
        1.8309833423600554,
        1.2074709566325441,
        1.0920164833920778,
        1.1135528725660044,
        1.0440306508910548,
        1.1338540470448566,
        1.0087120500916007,
        0.9768500965404626,
        1.096300597464035,
        1.0805091392487154,
        1.5716233645501714,
        1.2168093523637957,
        1.0538619454178997,
        1.0908712114635715,
        1.2150102880222866,
        0.9426541989380359,
        1.1694015563526499,
        1.0905847055593618,
        1.0865656906050365,
        1.0859903314486736,
        0.9847094890259653,
        1.044629120788809,
        0.9778803607803973,
        1.019803902718557,
        0.9121479533983996,
        0.0,
        1.2705805759573063,
        1.1563832505801104,
        1.0274361294017258,
        1.0793516572461452,
        1.024084957413202,
        1.1357816691600546,
        0.9967307671694611,
        1.1059498180297331,
        1.0980095627998874,
        0.9354143466934853,
        0.8979142498033986,
        1.1357816691600546,
        1.1014195385955345,
        1.07951249285139,
        1.1465830880393177,
        1.2168093523637957,
        1.0074720839804943,
        1.1541290607591896,
        1.1357816691600546,
        1.1840080236214618,
        0.9539392014169457,
        1.3297086146972201,
        1.0437312872574052,
        1.0556396165358708
    ],
    [
        0.8660254037844386,
        1.315637783653912,
        0.9842509842514764,
        0.8477912478906585,
        1.4086784586980805,
        1.3287682265918312,
        1.0680004681646913,
        1.1509356097444277,
        1.0458250331675945,
        0.9762812094883317,
        0.7905694150420949,
        1.25,
        1.2374368670764582,
        1.3202745926510895,
        1.3806701271484076,
        1.032476466105269,
        1.5662455107677085,
        0.9437293044088437,
        1.015504800579495,
        1.2119199643540823,
        1.505775916632721,
        0.9762812094883317,
        0.82915619758885,
        1.0231690964840563,
        1.0391636594449938,
        1.2705805759573063,
        0.0,
        1.076097630845413,
        1.0968705484240153,
        1.2930100540985752,
        1.0307764064044151,
        1.0231690964840563,
        1.2254534308210618,
        0.9185586535436918,
        1.0,
        1.1895377253370318,
        1.0532687216470449,
        1.3863170633011772,
        1.0897247358851685,
        1.206176235510844,
        1.5717780094883345,
        1.3806701271484076,
        0.8385254915624212,
        1.5467259327725489,
        1.3242922638149028,
        1.4947825928876748,
        1.2577261228105268,
        0.6614378277661477,
        1.0825317547305484,
        1.015504800579495
    ],
    [
        1.5567951410224503,
        1.2548516955312998,
        1.2774758097296577,
        1.0680004681646913,
        1.2318121249245402,
        1.2444320435890066,
        1.0833333333333333,
        1.1380416903123052,
        1.076097630845413,
        1.0358169078880044,
        1.4258282193557228,
        1.0952866190079096,
        1.125771340508858,
        1.2099414586389432,
        1.2815463749358083,
        0.9967883517279832,
        1.2835768167291135,
        1.0540925533894598,
        1.068812944865055,
        1.2318121249245402,
        1.2119199643540823,
        1.024017143953709,
        0.952883052169106,
        1.1234557302260635,
        1.0223203455321082,
        1.1563832505801104,
        1.076097630845413,
        0.0,
        1.0976616560266244,
        1.1395661942647786,
        1.1118053386771944,
        1.2190615698606495,
        0.9682458365518543,
        1.1494261853444767,
        1.1000315652036738,
        1.128266861656014,
        1.076097630845413,
        1.2822235461190932,
        1.1118053386771944,
        1.1388041973930374,
        1.2754356554178305,
        1.1726039399558572,
        1.0197698542100349,
        1.3391798899990164,
        1.105196061037739,
        1.375631168268265,
        1.164104329039665,
        1.107110854632202,
        1.1785113019775793,
        1.1975089885999928
    ],
    [
        1.4842927608797396,
        1.2486103386476415,
        0.9762812094883317,
        0.9921567416492215,
        1.015504800579495,
        1.1726039399558574,
        0.81967981553775,
        0.9982623792259117,
        1.0825317547305484,
        0.9762812094883317,
        1.192424001771182,
        1.1989578808281798,
        1.1726039399558574,
        1.1562331079847177,
        1.3806701271484076,
        0.9821428571428571,
        1.1792476415070754,
        1.0752906583803283,
        0.9519716382329886,
        1.0680004681646913,
        1.0921118685067632,
        0.9682458365518543,
        0.8477912478906585,
        1.015504800579495,
        0.9930312739844155,
        1.0274361294017258,
        1.0968705484240153,
        1.0976616560266244,
        0.0,
        0.9437293044088437,
        0.960143218483576,
        0.9437293044088437,
        1.0540925533894598,
        0.9682458365518543,
        1.0077822185373186,
        0.9646890690787369,
        0.8477912478906585,
        1.1524430571616109,
        1.0968705484240153,
        1.1273124382057236,
        1.1118053386771944,
        1.2054563451241194,
        0.9519716382329886,
        1.2699792211773475,
        1.1675294428835619,
        1.2054563451241194,
        1.0700467279516348,
        1.125,
        1.015504800579495,
        0.9354143466934853
    ],
    [
        1.7455300054711176,
        1.2916666666666665,
        1.159202311936963,
        1.0606601717798212,
        1.1726039399558574,
        1.2183492931011204,
        0.9270248108869579,
        1.1242281302693367,
        1.0968705484240153,
        1.1524430571616109,
        1.489546910976623,
