[
    [
        0.0,
        1.7638342073763937,
        0.8385254915624212,
        1.6770509831248424,
        1.2183492931011204,
        1.6345871038277526,
        1.0231690964840563,
        0.8569568250501305,
        1.6007810593582121,
        1.479019945774904,
        1.7907073052459535,
        1.541103500742244,
        1.1524430571616109,
        1.5761900266148114,
        1.899835519196333,
        1.1989578808281798,
        2.038688303787511,
        1.3228756555322954,
        1.3767382333854559,
        1.6056540723331412,
        1.2774758097296577,
        1.2183492931011204,
        1.0077822185373186,
        1.4415703243338496,
        1.570120306784731,
        1.0383279828647594,
        2.75,
        1.224744871391589,
        0.9565563234854496,
        1.4982628830304336,
        1.233924407913404,
        1.1792476415070754,
        1.541103500742244,
        1.3831827227248195,
        0.9682458365518543,
        1.1960873713905686,
        1.2624381172952597,
        1.5761900266148114,
        1.3919410907075054,
        1.7809758560968758,
        0.9437293044088437,
        1.4842927608797396,
        1.3050383136138188,
        1.1726039399558574,
        1.8582585934148133,
        1.3287682265918312,
        1.192424001771182,
        2.3651109910530628,
        1.505199322349037,
        0.9842509842514764
    ],
    [
        1.7638342073763937,
        0.0,
        1.5833333333333335,
        1.2774758097296577,
        1.2233265213252664,
        1.3176156917368247,
        1.4148272371958037,
        1.4953632037438633,
        1.3642254619787417,
        1.3176156917368247,
        1.7777102364579151,
        1.256925260749863,
        1.3294213444619847,
        1.393810723639811,
        1.267242193812129,
        1.2444320435890066,
        1.4439769542636214,
        1.271345525199363,
        1.2767267441149348,
        1.2527746981977423,
        1.2936812246883354,
        1.2576156893988808,
        1.3527235900623273,
        1.2815463749358083,
        1.442172358323065,
        1.2876280950302037,
        2.308649196199178,
        1.2631255326020099,
        1.3586400471713536,
        1.3888194427082465,
        1.3925645805890337,
        1.5005785921140922,
        1.313656897536204,
        1.4092945437739803,
        1.337233877990101,
        1.2197449642354659,
        1.4367449707972224,
        1.1599509089229212,
        1.3176156917368247,
        1.381298704520898,
        1.4529663145135578,
        1.147158324828017,
        1.2651855375574148,
        1.3235316811890492,
        1.5618054011659426,
        1.3584866989084254,
        1.3176156917368247,
        2.0982797186690285,
        1.2896489617118467,
        1.4766704288891124
    ],
    [
        0.8385254915624212,
        1.5833333333333335,
        0.0,
        1.340475661845451,
        1.0680004681646913,
        1.4142135623730951,
        1.0231690964840563,
        1.3287682265918312,
        1.5,
        1.2686114456365274,
        1.55162028544489,
        1.346291201783626,
        1.192424001771182,
        1.1319231422671772,
        1.6863421954040052,
        1.118033988749895,
        1.595893166850463,
        1.340475661845451,
        1.1300905237354815,
        1.3050383136138188,
        1.1265421528829813,
        1.0680004681646913,
        1.0532687216470449,
        1.0968705484240153,
        1.1141451630934114,
        1.2808688457449497,
        2.3284920012746446,
        1.403121520040228,
        0.9695359714832659,
        1.1000315652036738,
        0.927960727138337,
        0.9270248108869579,
        1.2183492931011204,
        1.193879065157867,
        0.8926785535678563,
        1.1191514642799696,
        1.0458250331675945,
        1.299038105676658,
        1.2183492931011204,
        1.5461646096066226,
        1.2054563451241194,
        1.3693063937629153,
        1.1388041973930374,
        1.3693063937629153,
        1.571225636247067,
        1.357847561400027,
        0.9437293044088437,
        1.8157298807917437,
        1.224744871391589,
        0.9013878188659973
    ],
    [
        1.6770509831248424,
        1.2774758097296577,
        1.340475661845451,
        0.0,
        1.0897247358851685,
        1.0458250331675945,
        1.0,
        1.2808688457449497,
        1.1319231422671772,
        1.1319231422671772,
        1.620578757791204,
        1.0383279828647594,
        1.0897247358851685,
        1.0968705484240153,
        1.357847561400027,
        1.0897247358851685,
        1.334634781503914,
        1.1726039399558574,
        1.0587042041272599,
        1.103970108290981,
        1.1188101318414627,
        1.0968705484240153,
        1.192424001771182,
        1.2183492931011204,
        1.1349865393230196,
        1.1524430571616109,
        2.1323402636539974,
        1.1524430571616109,
        1.1736694594305501,
        1.224744871391589,
        1.1996816707406641,
        1.352081728298996,
        1.103970108290981,
        1.2692955176439846,
        1.1792476415070754,
        0.9962429422585638,
        1.2054563451241194,
        1.159202311936963,
        1.1524430571616109,
        1.4142135623730951,
        1.231107225224513,
        1.1319231422671772,
        0.9762812094883317,
        1.1726039399558574,
        1.4737282653189494,
        1.192424001771182,
        1.118033988749895,
        1.845602882529175,
        1.243734296383275,
        1.3287682265918312
    ],
    [
        1.2183492931011204,
        1.2233265213252664,
        1.0680004681646913,
        1.0897247358851685,
        0.0,
        1.1792476415070754,
        0.960143218483576,
        1.0383279828647594,
        1.1319231422671772,
        0.960143218483576,
        1.6660819552568995,
        1.0458250331675945,
        0.9013878188659973,
        1.0680004681646913,
        1.2808688457449497,
        0.9013878188659973,
        1.5155444566227676,
        0.8838834764831844,
        0.990226473786555,
        1.0307764064044151,
        1.0137937550497034,
        0.9762812094883317,
        0.960143218483576,
        1.015504800579495,
        1.1569536147429018,
        0.875,
        2.378287198805056,
        0.9682458365518543,
        0.8884677821958431,
        1.1372786719963484,
        1.0366546087187274,
        1.1792476415070754,
        1.1110243021644486,
        1.1509356097444279,
        0.8477912478906585,
        0.8231038816577164,
        1.0680004681646913,
        1.0825317547305484,
        1.0307764064044151,
        1.231107225224513,
        1.0383279828647594,
        1.0680004681646913,
        0.8385254915624212,
        0.8569568250501305,
        1.3806701271484076,
        0.8838834764831844,
        0.9762812094883317,
        2.0879116360612584,
        1.0383279828647594,
        1.0458250331675945
    ],
    [
        1.6345871038277526,
        1.3176156917368247,
        1.4142135623730951,
        1.0458250331675945,
        1.1792476415070754,
        0.0,
        1.159202311936963,
        1.2808688457449497,
        1.159202311936963,
        1.1110243021644486,
        1.7103750036355256,
        1.015504800579495,
        1.159202311936963,
        1.1989578808281798,
        1.3169567191065923,
        1.103970108290981,
        1.340475661845451,
        1.125,
        1.075587167598257,
        1.103970108290981,
        1.3254978100489057,
        1.2119199643540823,
        1.165922381636102,
        1.1792476415070754,
        1.267242193812129,
        1.1524430571616109,
        2.1505813167606567,
        1.0968705484240153,
        1.2036403117210723,
        1.4092945437739803,
        1.3661330258962503,
        1.340475661845451,
        1.1989578808281798,
        1.3313787757225382,
        1.3169567191065923,
        1.149456393257265,
        1.165922381636102,
        1.0606601717798212,
        1.0897247358851685,
        1.2747548783981961,
        1.2686114456365274,
        1.1524430571616109,
        1.0825317547305484,
        1.2374368670764582,
        1.5,
        1.2183492931011204,
        1.1388041973930374,
        1.964529205687714,
        1.1989578808281798,
        1.5103807466993215
    ],
    [
        1.0231690964840563,
        1.4148272371958037,
        1.0231690964840563,
        1.0,
        0.960143218483576,
        1.159202311936963,
        0.0,
        0.9270248108869579,
        1.1858541225631423,
        1.0231690964840563,
        1.4918998981575302,
        1.0680004681646913,
        0.8926785535678563,
        1.1388041973930374,
        1.5155444566227676,
        0.8926785535678563,
        1.6105123408406408,
        1.015504800579495,
        0.9866778416815217,
        1.165922381636102,
        1.1000315652036738,
        1.1319231422671772,
        0.9842509842514764,
        1.0077822185373186,
        1.215496012151235,
        0.9842509842514764,
        2.2946949688357274,
        0.9842509842514764,
        0.9233092656309694,
        1.0833333333333333,
        1.1280821975567403,
        1.159202311936963,
        1.165922381636102,
        1.1755613316388238,
        0.8100925873009825,
        0.9931012033020603,
        1.0231690964840563,
        1.159202311936963,
        1.1110243021644486,
        1.3169567191065923,
        0.8838834764831844,
        1.1858541225631423,
        1.0077822185373186,
        0.9682458365518543,
        1.5258194519667128,
        0.9921567416492215,
        0.9185586535436918,
        1.845602882529175,
        1.1524430571616109,
        1.0458250331675945
    ],
    [
        0.8569568250501305,
        1.4953632037438633,
        1.3287682265918312,
        1.2808688457449497,
        1.0383279828647594,
        1.2808688457449497,
        0.9270248108869579,
        0.0,
        1.334634781503914,
        1.159202311936963,
        1.9534604303802072,
        1.103970108290981,
        0.82915619758885,
        1.224744871391589,
        1.5155444566227676,
        0.960143218483576,
        1.5512092057488571,
        0.9921567416492215,
        1.055536907580832,
        1.243734296383275,
        1.07124667768187,
        1.0680004681646913,
        0.75,
        1.0307764064044151,
        1.3411230782859234,
        0.770551750371122,
        2.5433737436719754,
        0.8385254915624212,
        0.724137417898012,
        1.1395661942647786,
        1.0785149254620654,
        1.2562344526401112,
        1.3110110602126894,
        1.2956926504555177,
        1.0752906583803283,
        0.8710625695092173,
        1.14564392373896,
        1.2119199643540823,
        1.0307764064044151,
        1.4684175155588413,
        0.6846531968814576,
        1.25,
        1.0383279828647594,
        0.739509972887452,
        1.6723860200324565,
        0.9354143466934853,
        0.9437293044088437,
        2.23606797749979,
        1.2183492931011204,
        1.0077822185373186
    ],
    [
        1.6007810593582121,
        1.3642254619787417,
        1.5,
        1.1319231422671772,
        1.1319231422671772,
        1.159202311936963,
        1.1858541225631423,
        1.334634781503914,
        0.0,
        1.0680004681646913,
        1.6012789849851594,
        1.1110243021644486,
        1.1792476415070754,
        1.1989578808281798,
        1.3863170633011772,
        1.1388041973930374,
        1.4842927608797396,
        1.243734296383275,
        1.0847387534633885,
        1.0307764064044151,
        1.3831827227248195,
        1.2747548783981961,
        1.2562344526401112,
        1.243734296383275,
        1.3333333333333333,
        1.1524430571616109,
        2.053959590644373,
        1.1726039399558574,
        1.241974234837422,
        1.4148272371958037,
        1.4385563751360058,
        1.3228756555322954,
        1.1726039399558574,
        1.3254978100489057,
        1.2747548783981961,
        1.2020815280171309,
        1.2183492931011204,
        1.0968705484240153,
        1.25,
        1.224744871391589,
        1.334634781503914,
        1.1726039399558574,
        1.0458250331675945,
        1.2054563451241194,
        1.4306903927824497,
        1.1792476415070754,
        1.1726039399558574,
        1.8328597873268975,
        1.2119199643540823,
        1.3975424859373686
    ],
    [
        1.479019945774904,
        1.3176156917368247,
        1.2686114456365274,
        1.1319231422671772,
        0.960143218483576,
        1.1110243021644486,
        1.0231690964840563,
        1.159202311936963,
        1.0680004681646913,
        0.0,
        1.80807429412102,
        1.0532687216470449,
        0.9270248108869579,
        1.0,
        1.3693063937629153,
        0.8569568250501305,
        1.4737282653189494,
        0.9519716382329886,
        1.0702374331265498,
        1.0458250331675945,
        1.182188413259259,
        1.1110243021644486,
        0.8838834764831844,
        0.9921567416492215,
        1.1094605796411956,
        0.9682458365518543,
        2.2980970388562794,
        0.960143218483576,
        1.0043654713300334,
        1.3057033013326997,
        1.2211959074794039,
        1.346291201783626,
        1.125,
        1.182188413259259,
        1.1110243021644486,
        0.9233092656309694,
        1.0825317547305484,
        1.0307764064044151,
        0.9100137361600648,
        1.2930100540985752,
        1.0825317547305484,
        1.0532687216470449,
        0.9354143466934853,
        1.0077822185373186,
        1.4469796128487782,
        1.0307764064044151,
        0.9519716382329886,
        2.057759704144291,
        1.0825317547305484,
        1.2624381172952597
    ],
    [
        1.7907073052459535,
        1.7777102364579151,
        1.55162028544489,
        1.620578757791204,
        1.6660819552568995,
        1.7103750036355256,
        1.4918998981575302,
        1.9534604303802072,
        1.6012789849851594,
        1.80807429412102,
        0.0,
        1.7395826968510792,
        1.8365965084072977,
        1.6593696553394077,
        1.7674963556813743,
        1.7643363208473675,
        1.750364393548978,
        1.8836535005685313,
        1.595693343001079,
        1.62539241729623,
        1.6983176616341813,
        1.7272574699062497,
        2.0737363991262785,
        1.5833557105472065,
        1.5856141824545171,
        1.9414254178466976,
        1.8265858360138816,
        2.0086706183596217,
        1.7696671830532176,
        1.6342185751832352,
        1.7675063785417977,
        1.358434535689925,
        1.5924927514011817,
        1.5272932647508428,
        1.6301918630038863,
        1.8004782527916048,
        1.4742691028964496,
        1.8065745859758677,
        1.8601452379108598,
        1.5723414556200013,
        1.996968365563467,
        1.649926559899326,
        1.6397486118927138,
        1.9654217494118722,
        1.4475304445002537,
        1.9574556580063889,
        1.7194861596015318,
        1.2804953601426827,
        1.6060512165569572,
        1.7452559604100881
    ],
    [
        1.541103500742244,
        1.256925260749863,
        1.346291201783626,
        1.0383279828647594,
        1.0458250331675945,
        1.015504800579495,
        1.0680004681646913,
        1.103970108290981,
        1.1110243021644486,
        1.0532687216470449,
        1.7395826968510792,
        0.0,
        1.125,
        1.0897247358851685,
        1.340475661845451,
        1.0077822185373186,
        1.2930100540985752,
        1.0606601717798212,
        1.0702374331265498,
        1.0077822185373186,
        1.2018504251546631,
        1.0897247358851685,
        1.0968705484240153,
        1.1319231422671772,
        1.1946059322359541,
        1.0307764064044151,
        2.1139418156609704,
        1.015504800579495,
        1.0720890821195783,
        1.3176156917368247,
        1.2402396721781015,
        1.3228756555322954,
        1.103970108290981,
        1.2774758097296577,
        1.1989578808281798,
        1.0283481900601568,
        1.0825317547305484,
        1.0606601717798212,
        1.015504800579495,
        1.2624381172952597,
        1.159202311936963,
        0.9682458365518543,
        1.0307764064044151,
        1.0,
        1.3693063937629153,
        1.159202311936963,
        0.9842509842514764,
        1.899835519196333,
        1.14564392373896,
        1.357847561400027
    ],
    [
        1.1524430571616109,
        1.3294213444619847,
        1.192424001771182,
        1.0897247358851685,
        0.9013878188659973,
        1.159202311936963,
        0.8926785535678563,
        0.82915619758885,
        1.1792476415070754,
        0.9270248108869579,
        1.8365965084072977,
        1.125,
        0.0,
        1.1726039399558574,
        1.3169567191065923,
        0.9100137361600648,
        1.58607219255619,
        0.9519716382329886,
        0.9211585983234951,
        1.0231690964840563,
        1.1349865393230198,
        1.0307764064044151,
        0.75,
        0.9842509842514764,
        1.191695803839591,
        0.8569568250501305,
        2.5310570914145734,
        0.8003905296791061,
        0.8888194417315589,
        1.2190615698606495,
        1.1280821975567403,
        1.3050383136138188,
        1.2686114456365274,
        1.2083333333333335,
        0.82915619758885,
        0.8975661535508122,
        1.1726039399558574,
        1.0383279828647594,
        0.9682458365518543,
        1.3863170633011772,
        0.81967981553775,
        1.192424001771182,
        0.9437293044088437,
        0.875,
        1.6441183047457382,
        0.9842509842514764,
        0.9100137361600648,
        2.2878756522153907,
        1.159202311936963,
        1.0680004681646913
    ],
    [
        1.5761900266148114,
        1.393810723639811,
        1.1319231422671772,
        1.0968705484240153,
        1.0680004681646913,
        1.1989578808281798,
        1.1388041973930374,
        1.224744871391589,
        1.1989578808281798,
        1.0,
        1.6593696553394077,
        1.0897247358851685,
        1.1726039399558574,
        0.0,
        1.3693063937629153,
        1.0532687216470449,
        1.4415703243338496,
        1.0968705484240153,
        1.0629125849595094,
        1.192424001771182,
        1.2068956964966866,
        1.1726039399558574,
        1.0458250331675945,
        1.1319231422671772,
        0.950146187582615,
        1.1524430571616109,
        2.222048604328897,
        1.165922381636102,
        1.0787724505195708,
        1.2679270045585782,
        1.3003738778606029,
        1.2562344526401112,
        1.1792476415070754,
        1.2822235461190932,
        1.1524430571616109,
        1.0647769719523428,
        1.0606601717798212,
        1.0968705484240153,
        0.9842509842514764,
        1.3287682265918312,
        1.299038105676658,
        1.1319231422671772,
        1.0680004681646913,
        1.118033988749895,
        1.5155444566227676,
        1.2374368670764582,
        0.9921567416492215,
        1.9724667297574374,
        1.1858541225631423,
        1.2930100540985752
    ],
    [
        1.899835519196333,
        1.267242193812129,
        1.6863421954040052,
        1.357847561400027,
        1.2808688457449497,
        1.3169567191065923,
        1.5155444566227676,
        1.5155444566227676,
        1.3863170633011772,
        1.3693063937629153,
        1.7674963556813743,
        1.340475661845451,
        1.3169567191065923,
        1.3693063937629153,
        0.0,
        1.3287682265918312,
        1.5258194519667128,
        1.231107225224513,
        1.3530247671081868,
        1.2686114456365274,
        1.3274610268394993,
        1.2562344526401112,
        1.357847561400027,
        1.3110110602126894,
        1.4379528272281166,
        1.3110110602126894,
        2.378287198805056,
        1.346291201783626,
        1.3448977656312766,
        1.4403655014536336,
        1.315637783653912,
        1.6817030058842137,
        1.489546910976623,
        1.2548516955312996,
        1.4577379737113252,
        1.2959070182694437,
        1.4142135623730951,
        1.3169567191065923,
        1.334634781503914,
        1.4252192813739224,
        1.5103807466993215,
        1.346291201783626,
        1.2119199643540823,
        1.334634781503914,
        1.7275343701356567,
        1.4684175155588413,
        1.4306903927824497,
        2.1542109924517607,
        1.2054563451241194,
        1.5662455107677085
    ],
    [
        1.1989578808281798,
        1.2444320435890066,
        1.118033988749895,
        1.0897247358851685,
        0.9013878188659973,
        1.103970108290981,
        0.8926785535678563,
        0.960143218483576,
        1.1388041973930374,
        0.8569568250501305,
        1.7643363208473675,
        1.0077822185373186,
        0.9100137361600648,
        1.0532687216470449,
        1.3287682265918312,
        0.0,
        1.4630874888399532,
        0.9762812094883317,
        0.9462600928208408,
        1.0680004681646913,
        1.0857345183996154,
        0.9842509842514764,
        0.8926785535678563,
        1.0077822185373186,
        1.1441275181454984,
        0.8838834764831844,
        2.368411915187052,
        0.9013878188659973,
        0.9148087231765993,
        1.1996816707406641,
        1.0785149254620654,
        1.286953767623375,
        1.0968705484240153,
        1.2083333333333335,
        0.9270248108869579,
        0.8344159634139319,
        1.1319231422671772,
        0.9185586535436918,
        0.9921567416492215,
        1.1726039399558574,
        1.0,
        1.015504800579495,
        0.8838834764831844,
        0.9013878188659973,
        1.489546910976623,
        0.9762812094883317,
        0.8926785535678563,
        2.117634293262177,
        1.1110243021644486,
        1.159202311936963
    ],
    [
        2.038688303787511,
        1.4439769542636214,
        1.595893166850463,
        1.334634781503914,
        1.5155444566227676,
        1.340475661845451,
        1.6105123408406408,
        1.5512092057488571,
        1.4842927608797396,
        1.4737282653189494,
        1.750364393548978,
        1.2930100540985752,
        1.58607219255619,
        1.4415703243338496,
        1.5258194519667128,
        1.4630874888399532,
        0.0,
        1.4086784586980805,
        1.4346966898396103,
        1.352081728298996,
        1.521261355294057,
        1.4142135623730951,
        1.5562374497485916,
        1.4142135623730951,
        1.507504376260462,
        1.5155444566227676,
        2.003902442735175,
        1.4630874888399532,
        1.5520148195168757,
        1.5382845784978945,
        1.5109553637057287,
        1.541103500742244,
        1.3287682265918312,
        1.4092945437739803,
        1.590990257669732,
        1.4150971698084907,
        1.4630874888399532,
        1.3287682265918312,
        1.4142135623730951,
        1.3635890143294642,
        1.6056540723331412,
        1.4577379737113252,
        1.4197270864500684,
        1.6056540723331412,
        1.4737282653189494,
        1.4415703243338496,
        1.4306903927824497,
        1.875,
        1.2930100540985752,
        1.6863421954040052
    ],
    [
        1.3228756555322954,
        1.271345525199363,
        1.340475661845451,
        1.1726039399558574,
        0.8838834764831844,
        1.125,
        1.015504800579495,
        0.9921567416492215,
        1.243734296383275,
        0.9519716382329886,
        1.8836535005685313,
        1.0606601717798212,
        0.9519716382329886,
        1.0968705484240153,
        1.231107225224513,
        0.9762812094883317,
        1.4086784586980805,
        0.0,
        1.1020910088721052,
        1.0825317547305484,
        1.024017143953709,
        0.9921567416492215,
        0.8838834764831844,
        1.0532687216470449,
        1.233924407913404,
        0.9185586535436918,
        2.4206145913796355,
        0.9354143466934853,
        0.9775607398008577,
        1.0189182717197902,
        1.0316182002616623,
        1.4415703243338496,
        1.1989578808281798,
        1.1666666666666667,
        1.0307764064044151,
        0.8306623862918076,
        1.1524430571616109,
        1.0532687216470449,
        0.8477912478906585,
        1.334634781503914,
        0.9013878188659973,
        1.0752906583803283,
        0.9013878188659973,
        0.9354143466934853,
        1.58607219255619,
        0.9682458365518543,
        0.9682458365518543,
        2.091650066335189,
        1.103970108290981,
        1.103970108290981
    ],
    [
        1.3767382333854559,
        1.2767267441149348,
        1.1300905237354815,
        1.0587042041272599,
        0.990226473786555,
        1.075587167598257,
        0.9866778416815217,
        1.055536907580832,
        1.0847387534633885,
        1.0702374331265498,
        1.595693343001079,
        1.0702374331265498,
        0.9211585983234951,
        1.0629125849595094,
        1.3530247671081868,
        0.9462600928208408,
        1.4346966898396103,
        1.1020910088721052,
        0.0,
        0.9162994007619641,
        1.1562337208512645,
        0.9992024881098415,
        1.0255038582400877,
        1.1271238455756787,
        1.1050126716627042,
        1.0178571428571428,
        2.2991374824627835,
        1.0847387534633885,
        1.0016313224547488,
        1.1813789312233065,
        1.0900823264589008,
        1.147729568872958,
        1.1131748125363357,
        1.1079266298963844,
        0.9741558354989897,
        0.8800655124037352,
        1.0506921916682606,
        1.0330939760086233,
        0.9462600928208408,
        1.2643311129863515,
        1.0847387534633885,
        1.0255038582400877,
        0.9881310951612087,
        0.9945643082603086,
        1.453027276174168,
        1.0310857166608607,
        0.9707127089233488,
        1.8756801487482249,
        1.1091571538049667,
        1.1467567398573086
    ],
    [
        1.6056540723331412,
        1.2527746981977423,
        1.3050383136138188,
        1.103970108290981,
        1.0307764064044151,
        1.103970108290981,
        1.165922381636102,
        1.243734296383275,
        1.0307764064044151,
        1.0458250331675945,
        1.62539241729623,
        1.0077822185373186,
        1.0231690964840563,
        1.192424001771182,
        1.2686114456365274,
        1.0680004681646913,
        1.352081728298996,
        1.0825317547305484,
        0.9162994007619641,
        0.0,
        1.1996816707406641,
        1.0532687216470449,
        1.1110243021644486,
        1.1792476415070754,
        1.1000315652036738,
        1.103970108290981,
        2.069118169655856,
        1.0825317547305484,
        1.0874281585465773,
        1.2465229418042993,
        1.1865859054915118,
        1.243734296383275,
        1.159202311936963,
        1.2381381631753021,
        1.1319231422671772,
        1.054454835448157,
        1.1524430571616109,
        1.1110243021644486,
        1.0532687216470449,
        1.2808688457449497,
        1.224744871391589,
        1.1524430571616109,
        0.9354143466934853,
        1.1388041973930374,
        1.489546910976623,
        1.0680004681646913,
        1.0680004681646913,
        1.8540496217739157,
        1.0383279828647594,
        1.2562344526401112
    ],
    [
        1.2774758097296577,
        1.2936812246883354,
        1.1265421528829813,
        1.1188101318414627,
        1.0137937550497034,
        1.3254978100489057,
        1.1000315652036738,
        1.07124667768187,
        1.3831827227248195,
        1.182188413259259,
        1.6983176616341813,
        1.2018504251546631,
        1.1349865393230198,
        1.2068956964966866,
        1.3274610268394993,
        1.0857345183996154,
        1.521261355294057,
        1.024017143953709,
        1.1562337208512645,
        1.1996816707406641,
        0.0,
        0.8730136183232068,
        1.1349865393230198,
        1.182188413259259,
        1.226161580796847,
        1.0341394704992382,
        2.4091117542456275,
        1.2211959074794039,
        0.8921338340057381,
        1.0905210273585335,
        0.7806247497997998,
        1.2956926504555177,
        1.2774758097296577,
        0.9100137361600648,
        0.961046882889233,
        0.9008483655853396,
        1.2465229418042993,
        1.2147816447594377,
        1.1486707293408518,
        1.4221706804896677,
        1.2211959074794039,
        1.2527746981977423,
        1.0008676791220261,
        1.0639287779003088,
        1.5178338000072487,
        1.2018504251546631,
        1.1000315652036738,
        1.9476659820867073,
        1.2381381631753021,
        0.8436856971381911
    ],
    [
        1.2183492931011204,
        1.2576156893988808,
        1.0680004681646913,
        1.0968705484240153,
        0.9762812094883317,
        1.2119199643540823,
        1.1319231422671772,
        1.0680004681646913,
        1.2747548783981961,
        1.1110243021644486,
        1.7272574699062497,
        1.0897247358851685,
        1.0307764064044151,
        1.1726039399558574,
        1.2562344526401112,
        0.9842509842514764,
        1.4142135623730951,
        0.9921567416492215,
        0.9992024881098415,
        1.0532687216470449,
        0.8730136183232068,
        0.0,
        0.9519716382329886,
        1.1524430571616109,
        1.1931517552730295,
        0.960143218483576,
        2.433490291741473,
        1.0897247358851685,
        0.8470537173048708,
        1.0516191220103301,
        0.8640183897219884,
        1.1989578808281798,
        1.165922381636102,
        1.0214708893442719,
        0.9270248108869579,
        0.8638576271585499,
        1.1858541225631423,
        1.2183492931011204,
        1.0968705484240153,
        1.352081728298996,
        1.015504800579495,
        1.1858541225631423,
        0.9100137361600648,
        1.015504800579495,
        1.5309310892394863,
        1.0752906583803283,
        0.9842509842514764,
        2.0155644370746373,
        1.0825317547305484,
        0.9013878188659973
    ],
    [
        1.0077822185373186,
        1.3527235900623273,
        1.0532687216470449,
        1.192424001771182,
        0.960143218483576,
        1.165922381636102,
        0.9842509842514764,
        0.75,
        1.2562344526401112,
        0.8838834764831844,
        2.0737363991262785,
        1.0968705484240153,
        0.75,
        1.0458250331675945,
        1.357847561400027,
        0.8926785535678563,
        1.5562374497485916,
        0.8838834764831844,
        1.0255038582400877,
        1.1110243021644486,
        1.1349865393230198,
        0.9519716382329886,
        0.0,
        1.0458250331675945,
        1.0809268142560706,
        0.8003905296791061,
        2.6545950726994127,
        0.7905694150420949,
        0.7348469228349535,
        1.256925260749863,
        1.0785149254620654,
        1.2930100540985752,
        1.2183492931011204,
        1.2402396721781015,
        0.9013878188659973,
        0.852936105461599,
        1.0752906583803283,
        1.0680004681646913,
        0.8569568250501305,
        1.4086784586980805,
        0.770551750371122,
        1.165922381636102,
        0.9354143466934853,
        0.8569568250501305,
        1.75,
        0.9921567416492215,
        0.8003905296791061,
        2.436698586202241,
        1.0307764064044151,
        0.9842509842514764
    ],
    [
        1.4415703243338496,
        1.2815463749358083,
        1.0968705484240153,
        1.2183492931011204,
        1.015504800579495,
        1.1792476415070754,
        1.0077822185373186,
        1.0307764064044151,
        1.243734296383275,
        0.9921567416492215,
        1.5833557105472065,
        1.1319231422671772,
        0.9842509842514764,
        1.1319231422671772,
        1.3110110602126894,
        1.0077822185373186,
        1.4142135623730951,
        1.0532687216470449,
        1.1271238455756787,
        1.1792476415070754,
        1.182188413259259,
        1.1524430571616109,
        1.0458250331675945,
        0.0,
        1.2090515107122424,
        1.015504800579495,
        2.0879116360612584,
        1.0077822185373186,
        1.0697546447667334,
        1.1996816707406641,
        1.1887785514739255,
        1.2624381172952597,
        1.0825317547305484,
        1.0857345183996154,
        1.0307764064044151,
        1.114955156048888,
        1.0383279828647594,
        1.192424001771182,
        1.103970108290981,
        1.243734296383275,
        1.165922381636102,
        1.159202311936963,
        0.9762812094883317,
        1.118033988749895,
        1.4361406616345072,
        1.103970108290981,
        1.0307764064044151,
        1.845602882529175,
        1.0968705484240153,
        1.3110110602126894
    ],
    [
        1.570120306784731,
        1.442172358323065,
        1.1141451630934114,
        1.1349865393230196,
        1.1569536147429018,
        1.267242193812129,
        1.215496012151235,
        1.3411230782859234,
        1.3333333333333333,
        1.1094605796411956,
        1.5856141824545171,
        1.1946059322359541,
        1.191695803839591,
        0.950146187582615,
        1.4379528272281166,
        1.1441275181454984,
        1.507504376260462,
        1.233924407913404,
        1.1050126716627042,
        1.1000315652036738,
        1.226161580796847,
        1.1931517552730295,
        1.0809268142560706,
        1.2090515107122424,
        0.0,
        1.2916666666666665,
        2.235291430166943,
        1.2346276991690874,
        1.1324138426878712,
        1.3274610268394993,
        1.1996816707406641,
        1.1967838846954226,
        1.1909671606630376,
        1.2658714609136092,
        1.1688966782587948,
        1.125493718823482,
        1.0582020916000245,
        1.1448859720028406,
        1.093700395700557,
        1.4294763998673703,
        1.3680379299485002,
        1.2104865871944959,
        0.9886508764753894,
        1.3037073205968346,
        1.5893525935633874,
        1.3037073205968346,
        0.9664511253952668,
        1.9320038532282715,
        1.1688966782587948,
        1.3294213444619847
    ],
    [
        1.0383279828647594,
        1.2876280950302037,
        1.2808688457449497,
        1.1524430571616109,
        0.875,
        1.1524430571616109,
        0.9842509842514764,
        0.770551750371122,
        1.1524430571616109,
        0.9682458365518543,
        1.9414254178466976,
        1.0307764064044151,
        0.8569568250501305,
        1.1524430571616109,
        1.3110110602126894,
        0.8838834764831844,
        1.5155444566227676,
        0.9185586535436918,
        1.0178571428571428,
        1.103970108290981,
        1.0341394704992382,
        0.960143218483576,
        0.8003905296791061,
        1.015504800579495,
        1.2916666666666665,
        0.0,
        2.582997289971478,
        0.8385254915624212,
        0.8058380730643099,
        1.1733439866940603,
        1.0639287779003088,
        1.243734296383275,
        1.1726039399558574,
        1.155452051988504,
        1.0752906583803283,
        0.7348469228349535,
        1.0897247358851685,
        1.1110243021644486,
        0.9013878188659973,
        1.224744871391589,
        0.8660254037844386,
        1.0606601717798212,
        0.9185586535436918,
        0.739509972887452,
        1.5512092057488571,
        0.8926785535678563,
        0.9013878188659973,
        2.384848003542364,
        1.1319231422671772,
        1.0077822185373186
    ],
    [
        2.75,
        2.308649196199178,
        2.3284920012746446,
        2.1323402636539974,
        2.378287198805056,
        2.1505813167606567,
        2.2946949688357274,
        2.5433737436719754,
        2.053959590644373,
        2.2980970388562794,
        1.8265858360138816,
        2.1139418156609704,
        2.5310570914145734,
        2.222048604328897,
        2.378287198805056,
        2.368411915187052,
        2.003902442735175,
        2.4206145913796355,
        2.2991374824627835,
        2.069118169655856,
        2.4091117542456275,
        2.433490291741473,
        2.6545950726994127,
        2.0879116360612584,
        2.235291430166943,
        2.582997289971478,
        0.0,
        2.496873044429772,
        2.5603954772651822,
        2.2840783456109572,
        2.5293417017960316,
        1.984313483298443,
        2.125,
        2.244592266859272,
        2.452677108793573,
        2.411819852310699,
        2.023301757029831,
        2.414150989478496,
        2.433490291741473,
        2.117634293262177,
        2.6070817018267762,
        2.165063509461097,
        2.2741756748325317,
        2.6190408549696205,
        1.8498310733685928,
        2.2844583603121333,
        2.3385358667337135,
        1.824314939915803,
        2.1830311495716224,
        2.6040833319999575
    ],
    [
        1.224744871391589,
        1.2631255326020099,
        1.403121520040228,
        1.1524430571616109,
        0.9682458365518543,
        1.0968705484240153,
        0.9842509842514764,
        0.8385254915624212,
        1.1726039399558574,
        0.960143218483576,
        2.0086706183596217,
        1.015504800579495,
        0.8003905296791061,
        1.165922381636102,
        1.346291201783626,
        0.9013878188659973,
        1.4630874888399532,
        0.9354143466934853,
        1.0847387534633885,
        1.0825317547305484,
        1.2211959074794039,
        1.0897247358851685,
        0.7905694150420949,
        1.0077822185373186,
        1.2346276991690874,
        0.8385254915624212,
        2.496873044429772,
        0.0,
        0.9807522622966516,
        1.1666666666666667,
        1.182188413259259,
        1.3693063937629153,
        1.231107225224513,
        1.2835768167291137,
        1.165922381636102,
        0.9317322576792112,
        1.159202311936963,
        1.0532687216470449,
        0.9519716382329886,
        1.2930100540985752,
        0.8003905296791061,
        1.1388041973930374,
        0.9762812094883317,
        0.9354143466934853,
        1.541103500742244,
        0.9354143466934853,
        0.9519716382329886,
        2.1866069605669876,
        1.118033988749895,
        1.224744871391589
    ],
    [
        0.9565563234854496,
        1.3586400471713536,
        0.9695359714832659,
        1.1736694594305501,
        0.8884677821958431,
        1.2036403117210723,
        0.9233092656309694,
        0.724137417898012,
        1.241974234837422,
        1.0043654713300334,
        1.7696671830532176,
        1.0720890821195783,
        0.8888194417315589,
        1.0787724505195708,
        1.3448977656312766,
        0.9148087231765993,
        1.5520148195168757,
        0.9775607398008577,
        1.0016313224547488,
        1.0874281585465773,
        0.8921338340057381,
        0.8470537173048708,
        0.7348469228349535,
        1.0697546447667334,
        1.1324138426878712,
        0.8058380730643099,
        2.5603954772651822,
        0.9807522622966516,
        0.0,
        1.1060753942556438,
        0.9094793993146727,
        1.2090802289343747,
        1.1953033087881921,
        1.1314936048329118,
        0.8400148808205722,
        0.7677076266392043,
        1.0574142991278301,
        1.1629703349613008,
        1.019803902718557,
        1.42828568570857,
        0.8154753215150046,
        1.1816302298096473,
        0.8674675786448737,
        0.7862092596758194,
        1.6656455205114922,
        0.8989577298182602,
        0.8154753215150046,
        2.287055967832882,
        1.024084957413202,
        0.744983221287567
    ],
    [
        1.4982628830304336,
        1.3888194427082465,
        1.1000315652036738,
        1.224744871391589,
        1.1372786719963484,
        1.4092945437739803,
        1.0833333333333333,
