[
    [
        0.0,
        0.11158481919598204,
        0.06629126073623882,
        0.11267347735824966,
        0.07967217989988726,
        0.06987712429686843,
        0.06810779599282303,
        0.06987712429686843,
        0.05182226234930312,
        0.10711960313126631,
        0.0897587913521567,
        0.08414320011147662,
        0.06051536478449089,
        0.08838834764831845,
        0.06442352540027595,
        0.078125,
        0.10597390598633231,
        0.05182226234930312,
        0.0924387466109315,
        0.11048543456039805,
        0.0625,
        0.0855816496101822,
        0.0855816496101822,
        0.08414320011147662,
        0.07654655446197431,
        0.0625,
        0.06051536478449089,
        0.05846339666834283,
        0.06987712429686843,
        0.10481568644530265,
        0.09631896879639025,
        0.09631896879639025,
        0.06629126073623882,
        0.09504316453590968,
        0.05846339666834283,
        0.06810779599282303,
        0.0625,
        0.06810779599282303,
        0.05412658773652741,
        0.06629126073623882,
        0.06442352540027595,
        0.0924387466109315,
        0.07457198470456433,
        0.0897587913521567,
        0.09110862335695782,
        0.06629126073623882,
        0.11158481919598204,
        0.07328774624724109,
        0.10126157341262282
    ],
    [
        0.11158481919598204,
        0.0,
        0.0855816496101822,
        0.09882117688026186,
        0.1269381000724369,
        0.046875,
        0.0625,
        0.09631896879639025,
        0.06051536478449089,
        0.034938562148434216,
        0.04419417382415922,
        0.06987712429686843,
        0.08699631816921909,
        0.13621559198564606,
        0.06629126073623882,
        0.05633673867912483,
        0.04941058844013093,
        0.06810779599282303,
        0.13887803777055607,
        0.13258252147247765,
        0.08838834764831845,
        0.04419417382415922,
        0.12979099785809492,
        0.08267972847076846,
        0.071602745233685,
        0.0924387466109315,
        0.08838834764831845,
        0.0625,
        0.071602745233685,
        0.12789613706050704,
        0.027063293868263706,
        0.12103072956898178,
        0.08414320011147662,
        0.027063293868263706,
        0.05633673867912483,
        0.06629126073623882,
        0.06442352540027595,
        0.10004881620988826,
        0.08118988160479113,
        0.046875,
        0.10126157341262282,
        0.05182226234930312,
        0.10099333036284018,
        0.07654655446197431,
        0.04419417382415922,
        0.05633673867912483,
        0.04133986423538423,
        0.0897587913521567,
        0.027063293868263706
    ],
    [
        0.06629126073623882,
        0.0855816496101822,
        0.0,
        0.07493486755176124,
        0.06987712429686843,
        0.06987712429686843,
        0.08118988160479113,
        0.06987712429686843,
        0.06442352540027595,
        0.12401959270615269,
        0.10126157341262282,
        0.10004881620988826,
        0.04941058844013093,
        0.07493486755176124,
        0.06810779599282303,
        0.0924387466109315,
        0.11899645477912357,
        0.06629126073623882,
        0.10126157341262282,
        0.09631896879639025,
        0.0625,
        0.10126157341262282,
        0.07654655446197431,
        0.0924387466109315,
        0.05182226234930312,
        0.09375,
        0.09504316453590968,
        0.08118988160479113,
        0.06629126073623882,
        0.11158481919598204,
        0.08118988160479113,
        0.07654655446197431,
        0.07328774624724109,
        0.09504316453590968,
        0.06442352540027595,
        0.06442352540027595,
        0.08118988160479113,
        0.078125,
        0.08267972847076846,
        0.06810779599282303,
        0.05846339666834283,
        0.078125,
        0.08398185154477655,
        0.05846339666834283,
        0.09631896879639025,
        0.06442352540027595,
        0.1288470508005519,
        0.05412658773652741,
        0.08414320011147662
    ],
    [
        0.11267347735824966,
        0.09882117688026186,
        0.07493486755176124,
        0.0,
        0.10481568644530265,
        0.06442352540027595,
        0.11587810136086973,
        0.06987712429686843,
        0.09110862335695782,
        0.1767766952966369,
        0.14320549046737,
        0.14405538214520136,
        0.0855816496101822,
        0.10364452469860624,
        0.08699631816921909,
        0.13441133229754104,
        0.13799626353637262,
        0.09882117688026186,
        0.11048543456039805,
        0.09631896879639025,
        0.09375,
        0.12303137303143455,
        0.10481568644530265,
        0.07654655446197431,
        0.0625,
        0.12979099785809492,
        0.11899645477912357,
        0.11267347735824966,
        0.0897587913521567,
        0.13710881855300192,
        0.08699631816921909,
        0.08267972847076846,
        0.10126157341262282,
        0.10245997694221876,
        0.08699631816921909,
        0.0625,
        0.1335000585205864,
        0.09882117688026186,
        0.11587810136086973,
        0.0924387466109315,
        0.11481983169296148,
        0.06810779599282303,
        0.06336210969060647,
        0.07493486755176124,
        0.11158481919598204,
        0.08118988160479113,
        0.1660960283239789,
        0.071602745233685,
        0.09757809372497497
    ],
    [
        0.07967217989988726,
        0.1269381000724369,
        0.06987712429686843,
        0.10481568644530265,
        0.0,
        0.11267347735824966,
        0.09757809372497497,
        0.09882117688026186,
        0.08838834764831845,
        0.14905300022139775,
        0.1316585902058806,
        0.12789613706050704,
        0.08118988160479113,
        0.10711960313126631,
        0.09375,
        0.11692679333668567,
        0.14405538214520136,
        0.10004881620988826,
        0.11158481919598204,
        0.09504316453590968,
        0.10364452469860624,
        0.12789613706050704,
        0.0625,
        0.09504316453590968,
        0.07328774624724109,
        0.11267347735824966,
        0.09631896879639025,
        0.10825317547305482,
        0.09757809372497497,
        0.109375,
        0.12203515118604147,
        0.09375,
        0.09631896879639025,
        0.12789613706050704,
        0.09757809372497497,
        0.09110862335695782,
        0.10126157341262282,
        0.0897587913521567,
        0.1137517170200081,
        0.10245997694221876,
        0.08118988160479113,
        0.11048543456039805,
        0.06421264586426016,
        0.10364452469860624,
        0.12401959270615269,
        0.08838834764831845,
        0.14986973510352247,
        0.10126157341262282,
        0.12597277731716483
    ],
    [
        0.06987712429686843,
        0.046875,
        0.06987712429686843,
        0.06442352540027595,
        0.11267347735824966,
        0.0,
        0.06810779599282303,
        0.07967217989988726,
        0.046875,
        0.06629126073623882,
        0.06810779599282303,
        0.071602745233685,
        0.0625,
        0.11267347735824966,
        0.06051536478449089,
        0.0625,
        0.08699631816921909,
        0.04941058844013093,
        0.10481568644530265,
        0.11158481919598204,
        0.07967217989988726,
        0.07654655446197431,
        0.12103072956898178,
        0.06051536478449089,
        0.05182226234930312,
        0.07654655446197431,
        0.07493486755176124,
        0.04133986423538423,
        0.046875,
        0.10825317547305482,
        0.03125,
        0.09375,
        0.078125,
        0.034938562148434216,
        0.04941058844013093,
        0.05182226234930312,
        0.05412658773652741,
        0.07328774624724109,
        0.07654655446197431,
        0.038273277230987154,
        0.08118988160479113,
        0.05412658773652741,
        0.07565541169965599,
        0.04941058844013093,
        0.06442352540027595,
        0.05633673867912483,
        0.07654655446197431,
        0.06987712429686843,
        0.034938562148434216
    ],
    [
        0.06810779599282303,
        0.0625,
        0.08118988160479113,
        0.11587810136086973,
        0.09757809372497497,
        0.06810779599282303,
        0.0,
        0.08414320011147662,
        0.06051536478449089,
        0.06051536478449089,
        0.046875,
        0.046875,
        0.071602745233685,
        0.109375,
        0.05412658773652741,
        0.046875,
        0.05846339666834283,
        0.06442352540027595,
        0.11692679333668567,
        0.13975424859373686,
        0.05412658773652741,
        0.046875,
        0.10711960313126631,
        0.09375,
        0.08118988160479113,
        0.071602745233685,
        0.06810779599282303,
        0.0625,
        0.04419417382415922,
        0.10126157341262282,
        0.05182226234930312,
        0.13441133229754104,
        0.04419417382415922,
        0.05633673867912483,
        0.0625,
        0.06987712429686843,
        0.05182226234930312,
        0.08267972847076846,
        0.07493486755176124,
        0.06051536478449089,
        0.05182226234930312,
        0.0855816496101822,
        0.08854166666666666,
        0.06442352540027595,
        0.03125,
        0.046875,
        0.05846339666834283,
        0.08414320011147662,
        0.05846339666834283
    ],
    [
        0.06987712429686843,
        0.09631896879639025,
        0.06987712429686843,
        0.06987712429686843,
        0.09882117688026186,
        0.07967217989988726,
        0.08414320011147662,
        0.0,
        0.078125,
        0.13531646934131855,
        0.10481568644530265,
        0.09882117688026186,
        0.07967217989988726,
        0.07328774624724109,
        0.08414320011147662,
        0.10481568644530265,
        0.11692679333668567,
        0.08838834764831845,
        0.120017902310447,
        0.11048543456039805,
        0.078125,
        0.10245997694221876,
        0.10126157341262282,
        0.09110862335695782,
        0.06987712429686843,
        0.1137517170200081,
        0.11267347735824966,
        0.09882117688026186,
        0.0855816496101822,
        0.1316585902058806,
        0.08118988160479113,
        0.09110862335695782,
        0.07967217989988726,
        0.09757809372497497,
        0.08267972847076846,
        0.06810779599282303,
        0.10245997694221876,
        0.10245997694221876,
        0.09757809372497497,
        0.08118988160479113,
        0.071602745233685,
        0.071602745233685,
        0.062064454624025975,
        0.07328774624724109,
        0.08838834764831845,
        0.06629126073623882,
        0.13799626353637262,
        0.08118988160479113,
        0.09504316453590968
    ],
    [
        0.05182226234930312,
        0.06051536478449089,
        0.06442352540027595,
        0.09110862335695782,
        0.08838834764831845,
        0.046875,
        0.06051536478449089,
        0.078125,
        0.0,
        0.08414320011147662,
        0.06987712429686843,
        0.07493486755176124,
        0.05846339666834283,
        0.10825317547305482,
        0.05846339666834283,
        0.05846339666834283,
        0.0855816496101822,
        0.046875,
        0.09757809372497497,
        0.10597390598633231,
        0.06442352540027595,
        0.071602745233685,
        0.09504316453590968,
        0.07654655446197431,
        0.06442352540027595,
        0.07328774624724109,
        0.06987712429686843,
        0.038273277230987154,
        0.05182226234930312,
        0.10481568644530265,
        0.06442352540027595,
        0.09504316453590968,
        0.04941058844013093,
        0.05846339666834283,
        0.04133986423538423,
        0.06051536478449089,
        0.05182226234930312,
        0.06987712429686843,
        0.06810779599282303,
        0.027063293868263706,
        0.071602745233685,
        0.06987712429686843,
        0.07457198470456433,
        0.06051536478449089,
        0.07328774624724109,
        0.046875,
        0.09110862335695782,
        0.08267972847076846,
        0.05846339666834283
    ],
    [
        0.10711960313126631,
        0.034938562148434216,
        0.12401959270615269,
        0.1767766952966369,
        0.14905300022139775,
        0.06629126073623882,
        0.06051536478449089,
        0.13531646934131855,
        0.08414320011147662,
        0.0,
        0.03125,
        0.04133986423538423,
        0.11796616305110547,
        0.17469281074217108,
        0.08414320011147662,
        0.04133986423538423,
        0.03125,
        0.08118988160479113,
        0.1781524101717403,
        0.19136638615493579,
        0.12789613706050704,
        0.038273277230987154,
        0.16828640022295324,
        0.11048543456039805,
        0.125,
        0.08838834764831845,
        0.07493486755176124,
        0.05846339666834283,
        0.07967217989988726,
        0.1288470508005519,
        0.07654655446197431,
        0.16535945694153692,
        0.10711960313126631,
        0.04133986423538423,
        0.09757809372497497,
        0.10245997694221876,
        0.05846339666834283,
        0.11158481919598204,
        0.10711960313126631,
        0.08267972847076846,
        0.0924387466109315,
        0.11048543456039805,
        0.1518477055949297,
        0.1307281291459493,
        0.04133986423538423,
        0.0855816496101822,
        0.02209708691207961,
        0.1269381000724369,
        0.05412658773652741
    ],
    [
        0.0897587913521567,
        0.04419417382415922,
        0.10126157341262282,
        0.14320549046737,
        0.1316585902058806,
        0.06810779599282303,
        0.046875,
        0.10481568644530265,
        0.06987712429686843,
        0.03125,
        0.0,
        0.03125,
        0.09631896879639025,
        0.13441133229754104,
        0.06629126073623882,
        0.03125,
        0.03125,
        0.07654655446197431,
        0.15934435979977452,
        0.1753901900050285,
        0.09375,
        0.034938562148434216,
        0.14149039278339715,
        0.09375,
        0.09375,
        0.0855816496101822,
        0.06987712429686843,
        0.0625,
        0.06442352540027595,
        0.12401959270615269,
        0.05846339666834283,
        0.15467960838455727,
        0.0855816496101822,
        0.038273277230987154,
        0.07493486755176124,
        0.07967217989988726,
        0.04941058844013093,
        0.10126157341262282,
        0.08699631816921909,
        0.06810779599282303,
        0.07967217989988726,
        0.08118988160479113,
        0.11060812802914219,
        0.09882117688026186,
        0.034938562148434216,
        0.06442352540027595,
        0.03125,
        0.10126157341262282,
        0.04419417382415922
    ],
    [
        0.08414320011147662,
        0.06987712429686843,
        0.10004881620988826,
        0.14405538214520136,
        0.12789613706050704,
        0.071602745233685,
        0.046875,
        0.09882117688026186,
        0.07493486755176124,
        0.04133986423538423,
        0.03125,
        0.0,
        0.0897587913521567,
        0.1137517170200081,
        0.07328774624724109,
        0.04133986423538423,
        0.03125,
        0.071602745233685,
        0.13621559198564606,
        0.15467960838455727,
        0.078125,
        0.03125,
        0.1335000585205864,
        0.10711960313126631,
        0.10597390598633231,
        0.07328774624724109,
        0.07328774624724109,
        0.06629126073623882,
        0.06629126073623882,
        0.11796616305110547,
        0.06987712429686843,
        0.15546678704790937,
        0.071602745233685,
        0.05633673867912483,
        0.06442352540027595,
        0.0897587913521567,
        0.06051536478449089,
        0.09504316453590968,
        0.07328774624724109,
        0.06810779599282303,
        0.078125,
        0.10597390598633231,
        0.09813251917404567,
        0.08699631816921909,
        0.034938562148434216,
        0.06051536478449089,
        0.034938562148434216,
        0.11587810136086973,
        0.05846339666834283
    ],
    [
        0.06051536478449089,
        0.08699631816921909,
        0.04941058844013093,
        0.0855816496101822,
        0.08118988160479113,
        0.0625,
        0.071602745233685,
        0.07967217989988726,
        0.05846339666834283,
        0.11796616305110547,
        0.09631896879639025,
        0.0897587913521567,
        0.0,
        0.07654655446197431,
        0.046875,
        0.08118988160479113,
        0.11267347735824966,
        0.04133986423538423,
        0.08118988160479113,
        0.08838834764831845,
        0.046875,
        0.09631896879639025,
        0.09110862335695782,
        0.07967217989988726,
        0.0625,
        0.06442352540027595,
        0.07328774624724109,
        0.06629126073623882,
        0.04419417382415922,
        0.0897587913521567,
        0.08267972847076846,
        0.06629126073623882,
        0.06629126073623882,
        0.09110862335695782,
        0.05846339666834283,
        0.05412658773652741,
        0.05846339666834283,
        0.06051536478449089,
        0.0625,
        0.0625,
        0.0625,
        0.07967217989988726,
        0.08235098073355153,
        0.04941058844013093,
        0.08838834764831845,
        0.046875,
        0.11796616305110547,
        0.06629126073623882,
        0.08267972847076846
    ],
    [
        0.08838834764831845,
        0.13621559198564606,
        0.07493486755176124,
        0.10364452469860624,
        0.10711960313126631,
        0.11267347735824966,
        0.109375,
        0.07328774624724109,
        0.10825317547305482,
        0.17469281074217108,
        0.13441133229754104,
        0.1137517170200081,
        0.07654655446197431,
        0.0,
        0.10126157341262282,
        0.1335000585205864,
        0.140625,
        0.10126157341262282,
        0.11481983169296148,
        0.13531646934131855,
        0.07493486755176124,
        0.11692679333668567,
        0.09882117688026186,
        0.125,
        0.078125,
        0.12203515118604147,
        0.1316585902058806,
        0.1316585902058806,
        0.09110862335695782,
        0.11692679333668567,
        0.10597390598633231,
        0.11899645477912357,
        0.10004881620988826,
        0.1316585902058806,
        0.09110862335695782,
        0.10126157341262282,
        0.1335000585205864,
        0.10364452469860624,
        0.09631896879639025,
        0.11796616305110547,
        0.0924387466109315,
        0.09757809372497497,
        0.086213257068994,
        0.0855816496101822,
        0.10364452469860624,
        0.0897587913521567,
        0.17469281074217108,
        0.0855816496101822,
        0.1316585902058806
    ],
    [
        0.06442352540027595,
        0.06629126073623882,
        0.06810779599282303,
        0.08699631816921909,
        0.09375,
        0.06051536478449089,
        0.05412658773652741,
        0.08414320011147662,
        0.05846339666834283,
        0.08414320011147662,
        0.06629126073623882,
        0.07328774624724109,
        0.046875,
        0.10126157341262282,
        0.0,
        0.06442352540027595,
        0.071602745233685,
        0.046875,
        0.0924387466109315,
        0.09882117688026186,
        0.06987712429686843,
        0.071602745233685,
        0.10711960313126631,
        0.0625,
        0.06051536478449089,
        0.046875,
        0.04419417382415922,
        0.05412658773652741,
        0.046875,
        0.07967217989988726,
        0.05412658773652741,
        0.07654655446197431,
        0.06442352540027595,
        0.05412658773652741,
        0.05412658773652741,
        0.038273277230987154,
        0.04419417382415922,
        0.04941058844013093,
        0.06810779599282303,
        0.04941058844013093,
        0.05846339666834283,
        0.06810779599282303,
        0.0777770027243129,
        0.06629126073623882,
        0.05182226234930312,
        0.046875,
        0.07967217989988726,
        0.06629126073623882,
        0.05633673867912483
    ],
    [
        0.078125,
        0.05633673867912483,
        0.0924387466109315,
        0.13441133229754104,
        0.11692679333668567,
        0.0625,
        0.046875,
        0.10481568644530265,
        0.05846339666834283,
        0.04133986423538423,
        0.03125,
        0.04133986423538423,
        0.08118988160479113,
        0.1335000585205864,
        0.06442352540027595,
        0.0,
        0.03125,
        0.0625,
        0.14149039278339715,
        0.14405538214520136,
        0.08699631816921909,
        0.034938562148434216,
        0.13531646934131855,
        0.09631896879639025,
        0.08699631816921909,
        0.07654655446197431,
        0.06987712429686843,
        0.05633673867912483,
        0.05846339666834283,
        0.12401959270615269,
        0.06051536478449089,
        0.1307281291459493,
        0.0855816496101822,
        0.04133986423538423,
        0.0625,
        0.07967217989988726,
        0.05412658773652741,
        0.0924387466109315,
        0.07654655446197431,
        0.05633673867912483,
        0.06810779599282303,
        0.08414320011147662,
        0.10494500874796814,
        0.08699631816921909,
        0.03125,
        0.05412658773652741,
        0.03125,
        0.09757809372497497,
        0.046875
    ],
    [
        0.10597390598633231,
        0.04941058844013093,
        0.11899645477912357,
        0.13799626353637262,
        0.14405538214520136,
        0.08699631816921909,
        0.05846339666834283,
        0.11692679333668567,
        0.0855816496101822,
        0.03125,
        0.03125,
        0.03125,
        0.11267347735824966,
        0.140625,
        0.071602745233685,
        0.03125,
        0.0,
        0.08838834764831845,
        0.16010860571811872,
        0.17044862679118303,
        0.09504316453590968,
        0.034938562148434216,
        0.15857643070456592,
        0.10481568644530265,
        0.09631896879639025,
        0.0897587913521567,
        0.07328774624724109,
        0.06629126073623882,
        0.06810779599282303,
        0.12597277731716483,
        0.05633673867912483,
        0.15934435979977452,
        0.08699631816921909,
        0.04941058844013093,
        0.07654655446197431,
        0.09110862335695782,
        0.05633673867912483,
        0.10004881620988826,
        0.10481568644530265,
        0.0855816496101822,
        0.0855816496101822,
        0.08267972847076846,
        0.11738987155817336,
        0.09110862335695782,
        0.04419417382415922,
        0.06987712429686843,
        0.02209708691207961,
        0.109375,
        0.05182226234930312
    ],
    [
        0.05182226234930312,
        0.06810779599282303,
        0.06629126073623882,
        0.09882117688026186,
        0.10004881620988826,
        0.04941058844013093,
        0.06442352540027595,
        0.08838834764831845,
        0.046875,
        0.08118988160479113,
        0.07654655446197431,
        0.071602745233685,
        0.04133986423538423,
        0.10126157341262282,
        0.046875,
        0.0625,
        0.08838834764831845,
        0.0,
        0.0855816496101822,
        0.10126157341262282,
        0.0625,
        0.078125,
        0.11158481919598204,
        0.07967217989988726,
        0.07654655446197431,
        0.04419417382415922,
        0.05633673867912483,
        0.038273277230987154,
        0.04419417382415922,
        0.08267972847076846,
        0.071602745233685,
        0.0924387466109315,
        0.06051536478449089,
        0.06810779599282303,
        0.04133986423538423,
        0.06051536478449089,
        0.038273277230987154,
        0.04941058844013093,
        0.04419417382415922,
        0.04133986423538423,
        0.06987712429686843,
        0.08414320011147662,
        0.08715208609729952,
        0.06442352540027595,
        0.06629126073623882,
        0.05182226234930312,
        0.0897587913521567,
        0.08267972847076846,
        0.0625
    ],
    [
        0.0924387466109315,
        0.13887803777055607,
        0.10126157341262282,
        0.11048543456039805,
        0.11158481919598204,
        0.10481568644530265,
        0.11692679333668567,
        0.120017902310447,
        0.09757809372497497,
        0.1781524101717403,
        0.15934435979977452,
        0.13621559198564606,
        0.08118988160479113,
        0.11481983169296148,
        0.0924387466109315,
        0.14149039278339715,
        0.16010860571811872,
        0.0855816496101822,
        0.0,
        0.05846339666834283,
        0.09375,
        0.14149039278339715,
        0.11267347735824966,
        0.09375,
        0.11048543456039805,
        0.078125,
        0.0855816496101822,
        0.0897587913521567,
        0.09757809372497497,
        0.07328774624724109,
        0.12303137303143455,
        0.07328774624724109,
        0.0897587913521567,
        0.13887803777055607,
        0.08414320011147662,
        0.09504316453590968,
        0.09631896879639025,
        0.06051536478449089,
        0.09882117688026186,
        0.10004881620988826,
        0.10481568644530265,
        0.1335000585205864,
        0.10259226876870942,
        0.10364452469860624,
        0.125,
        0.09631896879639025,
        0.18087245160609727,
        0.09882117688026186,
        0.13710881855300192
    ],
    [
        0.11048543456039805,
        0.13258252147247765,
        0.09631896879639025,
        0.09631896879639025,
        0.09504316453590968,
        0.11158481919598204,
        0.13975424859373686,
        0.11048543456039805,
        0.10597390598633231,
        0.19136638615493579,
        0.1753901900050285,
        0.15467960838455727,
        0.08838834764831845,
        0.13531646934131855,
        0.09882117688026186,
        0.14405538214520136,
        0.17044862679118303,
        0.10126157341262282,
        0.05846339666834283,
        0.0,
        0.08118988160479113,
        0.15625,
        0.06629126073623882,
        0.09631896879639025,
        0.09375,
        0.09504316453590968,
        0.10126157341262282,
        0.10245997694221876,
        0.11481983169296148,
        0.09110862335695782,
        0.13441133229754104,
        0.078125,
        0.10004881620988826,
        0.14320549046737,
        0.0924387466109315,
        0.09882117688026186,
        0.125,
        0.071602745233685,
        0.10245997694221876,
        0.10126157341262282,
        0.11048543456039805,
        0.12303137303143455,
        0.08085507654302095,
        0.11267347735824966,
        0.140625,
        0.09882117688026186,
        0.18944305707784595,
        0.10711960313126631,
        0.14149039278339715
    ],
    [
        0.0625,
        0.08838834764831845,
        0.0625,
        0.09375,
        0.10364452469860624,
        0.07967217989988726,
        0.05412658773652741,
        0.078125,
        0.06442352540027595,
        0.12789613706050704,
        0.09375,
        0.078125,
        0.046875,
        0.07493486755176124,
        0.06987712429686843,
        0.08699631816921909,
        0.09504316453590968,
        0.0625,
        0.09375,
        0.08118988160479113,
        0.0,
        0.071602745233685,
        0.09504316453590968,
        0.09504316453590968,
        0.05412658773652741,
        0.06629126073623882,
        0.07967217989988726,
        0.07328774624724109,
        0.05182226234930312,
        0.10597390598633231,
        0.06987712429686843,
        0.07654655446197431,
        0.05412658773652741,
        0.0897587913521567,
        0.06051536478449089,
        0.07654655446197431,
        0.07328774624724109,
        0.08118988160479113,
        0.06810779599282303,
        0.06810779599282303,
        0.0625,
        0.06629126073623882,
        0.07438987946398799,
        0.06442352540027595,
        0.07493486755176124,
        0.05182226234930312,
        0.12597277731716483,
        0.07493486755176124,
        0.08699631816921909
    ],
    [
        0.0855816496101822,
        0.04419417382415922,
        0.10126157341262282,
        0.12303137303143455,
        0.12789613706050704,
        0.07654655446197431,
        0.046875,
        0.10245997694221876,
        0.071602745233685,
        0.038273277230987154,
        0.034938562148434216,
        0.03125,
        0.09631896879639025,
        0.11692679333668567,
        0.071602745233685,
        0.034938562148434216,
        0.034938562148434216,
        0.078125,
        0.14149039278339715,
        0.15625,
        0.071602745233685,
        0.0,
        0.1316585902058806,
        0.10364452469860624,
        0.08838834764831845,
        0.08699631816921909,
        0.071602745233685,
        0.06810779599282303,
        0.05412658773652741,
        0.11796616305110547,
        0.04133986423538423,
        0.14823176532039278,
        0.06629126073623882,
        0.046875,
        0.06442352540027595,
        0.08414320011147662,
        0.06442352540027595,
        0.09504316453590968,
        0.07493486755176124,
        0.06629126073623882,
        0.06987712429686843,
        0.07328774624724109,
        0.09432692852226474,
        0.06987712429686843,
        0.03125,
        0.05412658773652741,
        0.038273277230987154,
        0.09882117688026186,
        0.046875
    ],
    [
        0.0855816496101822,
        0.12979099785809492,
        0.07654655446197431,
        0.10481568644530265,
        0.0625,
        0.12103072956898178,
        0.10711960313126631,
        0.10126157341262282,
        0.09504316453590968,
        0.16828640022295324,
        0.14149039278339715,
        0.1335000585205864,
        0.09110862335695782,
        0.09882117688026186,
        0.10711960313126631,
        0.13531646934131855,
        0.15857643070456592,
        0.11158481919598204,
        0.11267347735824966,
        0.06629126073623882,
        0.09504316453590968,
        0.1316585902058806,
        0.0,
        0.10004881620988826,
        0.09631896879639025,
        0.11048543456039805,
        0.10825317547305482,
        0.11692679333668567,
        0.1137517170200081,
        0.11158481919598204,
        0.11796616305110547,
        0.10004881620988826,
        0.07654655446197431,
        0.13621559198564606,
        0.10126157341262282,
        0.10597390598633231,
        0.11692679333668567,
        0.09375,
        0.10597390598633231,
        0.10711960313126631,
        0.10481568644530265,
        0.11587810136086973,
        0.09813251917404568,
        0.0924387466109315,
        0.12979099785809492,
        0.09882117688026186,
        0.16973094517500337,
        0.10126157341262282,
        0.1288470508005519
    ],
    [
        0.08414320011147662,
        0.08267972847076846,
        0.0924387466109315,
        0.07654655446197431,
        0.09504316453590968,
        0.06051536478449089,
        0.09375,
        0.09110862335695782,
        0.07654655446197431,
        0.11048543456039805,
        0.09375,
        0.10711960313126631,
        0.07967217989988726,
        0.125,
        0.0625,
        0.09631896879639025,
        0.10481568644530265,
        0.07967217989988726,
        0.09375,
        0.09631896879639025,
        0.09504316453590968,
        0.10364452469860624,
        0.10004881620988826,
        0.0,
        0.08414320011147662,
        0.0855816496101822,
        0.06987712429686843,
        0.07654655446197431,
        0.08118988160479113,
        0.10597390598633231,
        0.07493486755176124,
        0.05846339666834283,
        0.10004881620988826,
        0.071602745233685,
        0.08414320011147662,
        0.038273277230987154,
        0.07654655446197431,
        0.08267972847076846,
        0.109375,
        0.071602745233685,
        0.0897587913521567,
        0.078125,
        0.09603692143013426,
        0.07654655446197431,
        0.08699631816921909,
        0.07967217989988726,
        0.109375,
        0.07493486755176124,
        0.071602745233685
    ],
    [
        0.07654655446197431,
        0.071602745233685,
        0.05182226234930312,
        0.0625,
        0.07328774624724109,
        0.05182226234930312,
        0.08118988160479113,
        0.06987712429686843,
        0.06442352540027595,
        0.125,
        0.09375,
        0.10597390598633231,
        0.0625,
        0.078125,
        0.06051536478449089,
        0.08699631816921909,
        0.09631896879639025,
        0.07654655446197431,
        0.11048543456039805,
        0.09375,
        0.05412658773652741,
        0.08838834764831845,
        0.09631896879639025,
        0.08414320011147662,
        0.0,
        0.09757809372497497,
        0.09757809372497497,
        0.0897587913521567,
        0.06051536478449089,
        0.1269381000724369,
        0.06442352540027595,
        0.078125,
        0.078125,
        0.07328774624724109,
        0.05412658773652741,
        0.05182226234930312,
        0.0897587913521567,
        0.08414320011147662,
        0.08414320011147662,
        0.06629126073623882,
        0.05633673867912483,
        0.05633673867912483,
        0.04133986423538421,
        0.05182226234930312,
        0.0855816496101822,
        0.04419417382415922,
        0.12303137303143455,
        0.0625,
        0.06987712429686843
    ],
    [
        0.0625,
        0.0924387466109315,
        0.09375,
        0.12979099785809492,
        0.11267347735824966,
        0.07654655446197431,
        0.071602745233685,
        0.1137517170200081,
        0.07328774624724109,
        0.08838834764831845,
        0.0855816496101822,
        0.07328774624724109,
        0.06442352540027595,
        0.12203515118604147,
        0.046875,
        0.07654655446197431,
        0.0897587913521567,
        0.04419417382415922,
        0.078125,
        0.09504316453590968,
        0.06629126073623882,
        0.08699631816921909,
        0.11048543456039805,
        0.0855816496101822,
        0.09757809372497497,
        0.0,
        0.04419417382415922,
        0.046875,
        0.06051536478449089,
        0.07493486755176124,
        0.08118988160479113,
        0.10004881620988826,
        0.06987712429686843,
        0.078125,
        0.05633673867912483,
        0.071602745233685,
        0.038273277230987154,
        0.04941058844013093,
        0.06629126073623882,
        0.0625,
        0.08118988160479113,
        0.11481983169296148,
        0.09688060019655349,
        0.09375,
        0.06629126073623882,
        0.06987712429686843,
        0.08838834764831845,
        0.0897587913521567,
        0.07967217989988726
    ],
    [
        0.06051536478449089,
        0.08838834764831845,
        0.09504316453590968,
        0.11899645477912357,
        0.09631896879639025,
        0.07493486755176124,
        0.06810779599282303,
        0.11267347735824966,
        0.06987712429686843,
        0.07493486755176124,
        0.06987712429686843,
        0.07328774624724109,
        0.07328774624724109,
        0.1316585902058806,
        0.04419417382415922,
        0.06987712429686843,
        0.07328774624724109,
        0.05633673867912483,
        0.0855816496101822,
        0.10126157341262282,
        0.07967217989988726,
        0.071602745233685,
        0.10825317547305482,
        0.06987712429686843,
        0.09757809372497497,
        0.04419417382415922,
        0.0,
        0.05182226234930312,
        0.05846339666834283,
        0.07328774624724109,
        0.071602745233685,
        0.09757809372497497,
        0.08414320011147662,
        0.06442352540027595,
        0.06442352540027595,
        0.06810779599282303,
        0.04133986423538423,
        0.06051536478449089,
        0.08267972847076846,
        0.06629126073623882,
        0.08267972847076846,
        0.10245997694221876,
        0.10837839607648338,
        0.0924387466109315,
        0.05846339666834283,
        0.071602745233685,
        0.071602745233685,
        0.0924387466109315,
        0.06629126073623882
    ],
    [
        0.05846339666834283,
        0.0625,
        0.08118988160479113,
        0.11267347735824966,
        0.10825317547305482,
        0.04133986423538423,
        0.0625,
        0.09882117688026186,
        0.038273277230987154,
        0.05846339666834283,
        0.0625,
        0.06629126073623882,
        0.06629126073623882,
        0.1316585902058806,
        0.05412658773652741,
        0.05633673867912483,
        0.06629126073623882,
        0.038273277230987154,
        0.0897587913521567,
        0.10245997694221876,
        0.07328774624724109,
        0.06810779599282303,
        0.11692679333668567,
        0.07654655446197431,
        0.0897587913521567,
        0.046875,
        0.05182226234930312,
        0.0,
        0.05633673867912483,
        0.0897587913521567,
        0.05846339666834283,
        0.10245997694221876,
        0.071602745233685,
        0.038273277230987154,
        0.046875,
        0.06629126073623882,
        0.03125,
        0.06629126073623882,
        0.05633673867912483,
        0.027063293868263706,
        0.08414320011147662,
        0.09504316453590968,
        0.08854166666666666,
        0.0897587913521567,
        0.05182226234930312,
        0.06051536478449089,
        0.06442352540027595,
        0.09504316453590968,
        0.04133986423538423
    ],
    [
        0.06987712429686843,
        0.071602745233685,
        0.06629126073623882,
        0.0897587913521567,
        0.09757809372497497,
        0.046875,
        0.04419417382415922,
        0.0855816496101822,
        0.05182226234930312,
        0.07967217989988726,
        0.06442352540027595,
        0.06629126073623882,
        0.04419417382415922,
        0.09110862335695782,
        0.046875,
        0.05846339666834283,
        0.06810779599282303,
        0.04419417382415922,
        0.09757809372497497,
        0.11481983169296148,
        0.05182226234930312,
        0.05412658773652741,
        0.1137517170200081,
        0.08118988160479113,
        0.06051536478449089,
        0.06051536478449089,
        0.05846339666834283,
        0.05633673867912483,
        0.0,
        0.08699631816921909,
        0.04419417382415922,
        0.08838834764831845,
        0.04941058844013093,
        0.05182226234930312,
        0.05846339666834283,
        0.06051536478449089,
        0.06051536478449089,
        0.05633673867912483,
        0.05412658773652741,
        0.05182226234930312,
        0.04941058844013093,
        0.05633673867912483,
        0.06649554861876927,
        0.034938562148434216,
        0.04419417382415922,
        0.03125,
        0.07654655446197431,
        0.06629126073623882,
        0.05412658773652741
    ],
    [
        0.10481568644530265,
        0.12789613706050704,
        0.11158481919598204,
        0.13710881855300192,
        0.109375,
        0.10825317547305482,
        0.10126157341262282,
        0.1316585902058806,
        0.10481568644530265,
        0.1288470508005519,
        0.12401959270615269,
        0.11796616305110547,
        0.0897587913521567,
        0.11692679333668567,
        0.07967217989988726,
        0.12401959270615269,
        0.12597277731716483,
        0.08267972847076846,
        0.07328774624724109,
        0.09110862335695782,
        0.10597390598633231,
        0.11796616305110547,
        0.11158481919598204,
        0.10597390598633231,
        0.1269381000724369,
        0.07493486755176124,
        0.07328774624724109,
        0.0897587913521567,
        0.08699631816921909,
        0.0,
        0.11048543456039805,
        0.11587810136086973,
        0.09375,
        0.11481983169296148,
        0.10126157341262282,
        0.09504316453590968,
        0.0855816496101822,
