[
    [
        0.0,
        0.649519052838329,
        0.21650635094610965,
        0.7806247497997998,
        0.8926785535678563,
        0.6846531968814576,
        0.4330127018922193,
        0.4805234414446165,
        0.75,
        0.625,
        0.1767766952966369,
        0.33071891388307384,
        0.4330127018922193,
        0.7288689868556626,
        1.0307764064044151,
        0.5632789391281252,
        0.46770717334674267,
        0.4841229182759271,
        0.625,
        0.9270248108869579,
        0.9771699499632145,
        0.8003905296791061,
        0.375,
        0.7180703308172536,
        0.6123724356957945,
        0.7762087348130012,
        0.5448623679425842,
        0.6009252125773316,
        0.375,
        0.5153882032022076,
        0.5303300858899106,
        0.46770717334674267,
        0.81967981553775,
        0.6373774391990981,
        0.30618621784789724,
        0.6680194607943694,
        0.6123724356957945,
        0.4330127018922193,
        0.7192781875680029,
        0.8100925873009825,
        0.5590169943749475,
        0.46770717334674267,
        0.6123724356957945,
        0.9195031871130797,
        0.8154753215150046,
        0.3535533905932738,
        0.5448623679425842,
        0.25,
        0.739509972887452,
        0.5863019699779287
    ],
    [
        0.649519052838329,
        0.0,
        0.5863019699779287,
        0.4330127018922193,
        0.4841229182759271,
        0.2795084971874737,
        0.39528470752104744,
        0.41036907507483766,
        0.33071891388307384,
        0.21650635094610965,
        0.5863019699779287,
        0.39528470752104744,
        0.375,
        0.33071891388307384,
        0.5863019699779287,
        0.2593899829702491,
        0.375,
        0.46770717334674267,
        0.30618621784789724,
        0.5590169943749475,
        0.6627489050244528,
        0.39528470752104744,
        0.375,
        0.30618621784789724,
        0.2795084971874737,
        0.406201920231798,
        0.39528470752104744,
        0.46955948623269356,
        0.375,
        0.45069390943299864,
        0.45069390943299864,
        0.46770717334674267,
        0.414578098794425,
        0.375,
        0.4330127018922193,
        0.34369317712168795,
        0.33071891388307384,
        0.375,
        0.452615853800009,
        0.39528470752104744,
        0.2795084971874737,
        0.33071891388307384,
        0.414578098794425,
        0.5605676686280713,
        0.406201920231798,
        0.39528470752104744,
        0.3535533905932738,
        0.5,
        0.414578098794425,
        0.6846531968814576
    ],
    [
        0.21650635094610965,
        0.5863019699779287,
        0.0,
        0.7180703308172536,
        0.82915619758885,
        0.6373774391990981,
        0.375,
        0.41036907507483766,
        0.6846531968814576,
        0.57282196186948,
        0.0,
        0.2795084971874737,
        0.375,
        0.649519052838329,
        0.9519716382329886,
        0.5047605008965204,
        0.414578098794425,
        0.4330127018922193,
        0.5863019699779287,
        0.9100137361600648,
        0.961046882889233,
        0.7180703308172536,
        0.30618621784789724,
        0.673145600891813,
        0.5303300858899106,
        0.7132671308843553,
        0.5153882032022076,
        0.5877806658194119,
        0.30618621784789724,
        0.46770717334674267,
        0.5153882032022076,
        0.414578098794425,
        0.7806247497997998,
        0.5,
        0.25,
        0.6319612329882269,
        0.5590169943749475,
        0.3535533905932738,
        0.6859199013814303,
        0.7603453162872774,
        0.5153882032022076,
        0.4330127018922193,
        0.5153882032022076,
        0.8670271686118671,
        0.702228595259407,
        0.2795084971874737,
        0.5,
        0.1767766952966369,
        0.7288689868556626,
        0.5448623679425842
    ],
    [
        0.7806247497997998,
        0.4330127018922193,
        0.7180703308172536,
        0.0,
        0.45069390943299864,
        0.4841229182759271,
        0.57282196186948,
        0.46955948623269356,
        0.45069390943299864,
        0.414578098794425,
        0.7180703308172536,
        0.5590169943749475,
        0.4841229182759271,
        0.45069390943299864,
        0.5,
        0.45104753358268174,
        0.5303300858899106,
        0.5153882032022076,
        0.414578098794425,
        0.5448623679425842,
        0.6222160217945033,
        0.5303300858899106,
        0.5448623679425842,
        0.4841229182759271,
        0.4841229182759271,
        0.4213074886588179,
        0.5303300858899106,
        0.4805234414446165,
        0.5448623679425842,
        0.45069390943299864,
        0.4841229182759271,
        0.5448623679425842,
        0.39528470752104744,
        0.4330127018922193,
        0.57282196186948,
        0.40233692348577704,
        0.4330127018922193,
        0.5448623679425842,
        0.4639803635691685,
        0.39528470752104744,
        0.46770717334674267,
        0.4841229182759271,
        0.45069390943299864,
        0.4639803635691685,
        0.40233692348577704,
        0.5590169943749475,
        0.414578098794425,
        0.6123724356957945,
        0.45069390943299864,
        0.6846531968814576
    ],
    [
        0.8926785535678563,
        0.4841229182759271,
        0.82915619758885,
        0.45069390943299864,
        0.0,
        0.46770717334674267,
        0.6373774391990981,
        0.5368374469468803,
        0.45069390943299864,
        0.46770717334674267,
        0.82915619758885,
        0.6373774391990981,
        0.57282196186948,
        0.46770717334674267,
        0.5994789404140899,
        0.4632543489668874,
        0.5448623679425842,
        0.5448623679425842,
        0.45069390943299864,
        0.46770717334674267,
        0.4750730937913075,
        0.5,
        0.5994789404140899,
        0.45069390943299864,
        0.5153882032022076,
        0.3984344362627307,
        0.57282196186948,
        0.4583333333333333,
        0.5994789404140899,
        0.6123724356957945,
        0.57282196186948,
        0.6373774391990981,
        0.4841229182759271,
        0.5448623679425842,
        0.673145600891813,
        0.41758232721225164,
        0.5153882032022076,
        0.6373774391990981,
        0.4039733214513608,
        0.45069390943299864,
        0.5303300858899106,
        0.57282196186948,
        0.5994789404140899,
        0.44095855184409843,
        0.47037219305566946,
        0.6373774391990981,
        0.5303300858899106,
        0.75,
        0.57282196186948,
        0.7071067811865476
    ],
    [
        0.6846531968814576,
        0.2795084971874737,
        0.6373774391990981,
        0.4841229182759271,
        0.46770717334674267,
        0.0,
        0.46770717334674267,
        0.4639803635691685,
        0.3535533905932738,
        0.21650635094610965,
        0.6373774391990981,
        0.4841229182759271,
        0.4330127018922193,
        0.2795084971874737,
        0.5590169943749475,
        0.3602543036041431,
        0.45069390943299864,
        0.5303300858899106,
        0.30618621784789724,
        0.5303300858899106,
        0.6627489050244528,
        0.33071891388307384,
        0.46770717334674267,
        0.33071891388307384,
        0.3535533905932738,
        0.425,
        0.4330127018922193,
        0.5170697352496191,
        0.46770717334674267,
        0.46770717334674267,
        0.4330127018922193,
        0.46770717334674267,
        0.375,
        0.45069390943299864,
        0.5,
        0.3657184709581948,
        0.3535533905932738,
        0.46770717334674267,
        0.4350127712046063,
        0.39528470752104744,
        0.3535533905932738,
        0.4330127018922193,
        0.4330127018922193,
        0.5170697352496191,
        0.44300112866673375,
        0.4841229182759271,
        0.375,
        0.5448623679425842,
        0.45069390943299864,
        0.7180703308172536
    ],
    [
        0.4330127018922193,
        0.39528470752104744,
        0.375,
        0.57282196186948,
        0.6373774391990981,
        0.46770717334674267,
        0.0,
        0.3004626062886657,
        0.5303300858899106,
        0.4330127018922193,
        0.3535533905932738,
        0.125,
        0.1767766952966369,
        0.5,
        0.7603453162872774,
        0.3602543036041431,
        0.21650635094610965,
        0.33071891388307384,
        0.4330127018922193,
        0.6959705453537527,
        0.7916666666666667,
        0.57282196186948,
        0.1767766952966369,
        0.5,
        0.39528470752104744,
        0.5385164807134504,
        0.30618621784789724,
        0.4859126579037751,
        0.1767766952966369,
        0.39528470752104744,
        0.414578098794425,
        0.21650635094610965,
        0.5863019699779287,
        0.3535533905932738,
        0.1767766952966369,
        0.5238081709939241,
        0.375,
        0.25,
        0.5464532103585001,
        0.57282196186948,
        0.375,
        0.30618621784789724,
        0.3535533905932738,
        0.7083333333333334,
        0.5238081709939241,
        0.125,
        0.30618621784789724,
        0.25,
        0.5448623679425842,
        0.5448623679425842
    ],
    [
        0.4805234414446165,
        0.41036907507483766,
        0.41036907507483766,
        0.46955948623269356,
        0.5368374469468803,
        0.4639803635691685,
        0.3004626062886657,
        0.0,
        0.5120085719768545,
        0.44682522061515034,
        0.41036907507483766,
        0.27322660517925,
        0.24295632895188748,
        0.44682522061515034,
        0.6947221666888778,
        0.33157486850489176,
        0.1816207893141947,
        0.23199018178458425,
        0.39965262694272663,
        0.6052432935972479,
        0.6561673228343176,
        0.5559026693385972,
        0.24295632895188748,
        0.49826086429589156,
        0.3908679799852858,
        0.415915990448926,
        0.3254270698294439,
        0.30046260628866583,
        0.24295632895188748,
        0.3908679799852858,
        0.3004626062886657,
        0.27322660517925,
        0.5286907308520633,
        0.3004626062886657,
        0.3004626062886657,
        0.37877727257878374,
        0.3703414340548162,
        0.3004626062886657,
        0.44682522061515034,
        0.5432668671002208,
        0.3703414340548162,
        0.3004626062886657,
        0.34860834438919813,
        0.5574620066774855,
        0.4031990134467648,
        0.27322660517925,
        0.34860834438919813,
        0.34860834438919813,
        0.5335936864527374,
        0.4350127712046063
    ],
    [
        0.75,
        0.33071891388307384,
        0.6846531968814576,
        0.45069390943299864,
        0.45069390943299864,
        0.3535533905932738,
        0.5303300858899106,
        0.5120085719768545,
        0.0,
        0.30618621784789724,
        0.6846531968814576,
        0.5153882032022076,
        0.46770717334674267,
        0.375,
        0.4841229182759271,
        0.4385010413503099,
        0.5153882032022076,
        0.57282196186948,
        0.30618621784789724,
        0.5,
        0.6972166887783964,
        0.4330127018922193,
        0.5,
        0.39528470752104744,
        0.4330127018922193,
        0.4602988159880492,
        0.5303300858899106,
        0.5464532103585001,
        0.5,
        0.5303300858899106,
        0.5,
        0.5448623679425842,
        0.414578098794425,
        0.46770717334674267,
        0.5303300858899106,
        0.406201920231798,
        0.4330127018922193,
        0.5,
        0.46955948623269356,
        0.375,
        0.414578098794425,
        0.46770717334674267,
        0.46770717334674267,
        0.4859126579037751,
        0.4930770730829005,
        0.5153882032022076,
        0.45069390943299864,
        0.5863019699779287,
        0.4841229182759271,
        0.75
    ],
    [
        0.625,
        0.21650635094610965,
        0.57282196186948,
        0.414578098794425,
        0.46770717334674267,
        0.21650635094610965,
        0.4330127018922193,
        0.44682522061515034,
        0.30618621784789724,
        0.0,
        0.57282196186948,
        0.45069390943299864,
        0.39528470752104744,
        0.25,
        0.5,
        0.3138999255579812,
        0.414578098794425,
        0.5,
        0.25,
        0.5303300858899106,
        0.6508541396588879,
        0.3535533905932738,
        0.4330127018922193,
        0.30618621784789724,
        0.3535533905932738,
        0.406201920231798,
        0.4330127018922193,
        0.501733107449679,
        0.4330127018922193,
        0.46770717334674267,
        0.45069390943299864,
        0.46770717334674267,
        0.3535533905932738,
        0.414578098794425,
        0.46770717334674267,
        0.34369317712168795,
        0.30618621784789724,
        0.4330127018922193,
        0.4166666666666667,
        0.3535533905932738,
        0.33071891388307384,
        0.375,
        0.46770717334674267,
        0.5170697352496191,
        0.425,
        0.45069390943299864,
        0.33071891388307384,
        0.5,
        0.414578098794425,
        0.6959705453537527
    ],
    [
        0.1767766952966369,
        0.5863019699779287,
        0.0,
        0.7180703308172536,
        0.82915619758885,
        0.6373774391990981,
        0.3535533905932738,
        0.41036907507483766,
        0.6846531968814576,
        0.57282196186948,
        0.0,
        0.2795084971874737,
        0.3535533905932738,
        0.649519052838329,
        0.9519716382329886,
        0.5047605008965204,
        0.39528470752104744,
        0.414578098794425,
        0.5863019699779287,
        0.9100137361600648,
        0.961046882889233,
        0.7180703308172536,
        0.30618621784789724,
        0.673145600891813,
        0.5303300858899106,
        0.7132671308843553,
        0.5153882032022076,
        0.5877806658194119,
        0.30618621784789724,
        0.46770717334674267,
        0.5153882032022076,
        0.39528470752104744,
        0.7806247497997998,
        0.5,
        0.25,
        0.6319612329882269,
        0.5590169943749475,
        0.3535533905932738,
        0.6859199013814303,
        0.7603453162872774,
        0.5,
        0.4330127018922193,
        0.5153882032022076,
        0.8670271686118671,
        0.702228595259407,
        0.2795084971874737,
        0.5,
        0.1767766952966369,
        0.7288689868556626,
        0.5448623679425842
    ],
    [
        0.33071891388307384,
        0.39528470752104744,
        0.2795084971874737,
        0.5590169943749475,
        0.6373774391990981,
        0.4841229182759271,
        0.125,
        0.27322660517925,
        0.5153882032022076,
        0.45069390943299864,
        0.2795084971874737,
        0.0,
        0.21650635094610965,
        0.4841229182759271,
        0.7603453162872774,
        0.3813242232868326,
        0.25,
        0.30618621784789724,
        0.45069390943299864,
        0.6959705453537527,
        0.8207381501496754,
        0.57282196186948,
        0.125,
        0.5,
        0.375,
        0.5086747487343951,
        0.3535533905932738,
        0.46955948623269356,
        0.125,
        0.375,
        0.33071891388307384,
        0.1767766952966369,
        0.5590169943749475,
        0.33071891388307384,
        0.125,
        0.4930770730829005,
        0.375,
        0.125,
        0.5743353646704259,
        0.5863019699779287,
        0.3535533905932738,
        0.2795084971874737,
        0.33071891388307384,
        0.6972166887783964,
        0.5385164807134504,
        0.0,
        0.33071891388307384,
        0.21650635094610965,
        0.5448623679425842,
        0.5303300858899106
    ],
    [
        0.4330127018922193,
        0.375,
        0.375,
        0.4841229182759271,
        0.57282196186948,
        0.4330127018922193,
        0.1767766952966369,
        0.24295632895188748,
        0.46770717334674267,
        0.39528470752104744,
        0.3535533905932738,
        0.21650635094610965,
        0.0,
        0.4330127018922193,
        0.6846531968814576,
        0.3602543036041431,
        0.21650635094610965,
        0.33071891388307384,
        0.39528470752104744,
        0.6373774391990981,
        0.7511565157216644,
        0.5153882032022076,
        0.1767766952966369,
        0.46770717334674267,
        0.3535533905932738,
        0.4602988159880492,
        0.33071891388307384,
        0.4166666666666667,
        0.1767766952966369,
        0.3535533905932738,
        0.25,
        0.2795084971874737,
        0.5153882032022076,
        0.30618621784789724,
        0.25,
        0.47696960070847283,
        0.30618621784789724,
        0.1767766952966369,
        0.5319643889501544,
        0.5448623679425842,
        0.33071891388307384,
        0.2795084971874737,
        0.30618621784789724,
        0.6387379048648288,
        0.47696960070847283,
        0.21650635094610965,
        0.25,
        0.30618621784789724,
        0.5,
        0.57282196186948
    ],
    [
        0.7288689868556626,
        0.33071891388307384,
        0.649519052838329,
        0.45069390943299864,
        0.46770717334674267,
        0.2795084971874737,
        0.5,
        0.44682522061515034,
        0.375,
        0.25,
        0.649519052838329,
        0.4841229182759271,
        0.4330127018922193,
        0.0,
        0.5448623679425842,
        0.401289375968647,
        0.4841229182759271,
        0.5,
        0.30618621784789724,
        0.5590169943749475,
        0.7192781875680029,
        0.39528470752104744,
        0.46770717334674267,
        0.3535533905932738,
        0.375,
        0.3657184709581948,
        0.46770717334674267,
        0.5319643889501544,
        0.46770717334674267,
        0.46770717334674267,
        0.46770717334674267,
        0.4330127018922193,
        0.375,
        0.414578098794425,
        0.5,
        0.29474565306378986,
        0.33071891388307384,
        0.4841229182759271,
        0.452615853800009,
        0.39528470752104744,
        0.30618621784789724,
        0.4330127018922193,
        0.4330127018922193,
        0.5170697352496191,
        0.4602988159880492,
        0.4841229182759271,
        0.414578098794425,
        0.5590169943749475,
        0.4330127018922193,
        0.7288689868556626
    ],
    [
        1.0307764064044151,
        0.5863019699779287,
        0.9519716382329886,
        0.5,
        0.5994789404140899,
        0.5590169943749475,
        0.7603453162872774,
        0.6947221666888778,
        0.4841229182759271,
        0.5,
        0.9519716382329886,
        0.7603453162872774,
        0.6846531968814576,
        0.5448623679425842,
        0.0,
        0.6290683912074477,
        0.6959705453537527,
        0.7806247497997998,
        0.5303300858899106,
        0.6373774391990981,
        0.7192781875680029,
        0.5590169943749475,
        0.7288689868556626,
        0.5448623679425842,
        0.6123724356957945,
        0.5984354601792912,
        0.6846531968814576,
        0.7083333333333334,
        0.739509972887452,
        0.7071067811865476,
        0.673145600891813,
        0.7905694150420949,
        0.5,
        0.6373774391990981,
        0.7905694150420949,
        0.5937171043518958,
        0.5994789404140899,
        0.75,
        0.6387379048648288,
        0.46770717334674267,
        0.6123724356957945,
        0.673145600891813,
        0.7071067811865476,
        0.5605676686280713,
        0.6194755846681933,
        0.7603453162872774,
        0.6123724356957945,
        0.8569568250501305,
        0.6373774391990981,
        0.960143218483576
    ],
    [
        0.5632789391281252,
        0.2593899829702491,
        0.5047605008965204,
        0.45104753358268174,
        0.4632543489668874,
        0.3602543036041431,
        0.3602543036041431,
        0.33157486850489176,
        0.4385010413503099,
        0.3138999255579812,
        0.5047605008965204,
        0.3813242232868326,
        0.3602543036041431,
        0.401289375968647,
        0.6290683912074477,
        0.0,
        0.28007834180996644,
        0.3694314440281643,
        0.33168170751797693,
        0.5264072490351313,
        0.5832422183456637,
        0.48903799777246976,
        0.3602543036041431,
        0.38174211297199917,
        0.2593899829702491,
        0.3581414610491907,
        0.3378729987218661,
        0.3142947329153354,
        0.3602543036041431,
        0.4385010413503099,
        0.4385010413503099,
        0.4203072248549936,
        0.4563190121135942,
        0.3602543036041431,
        0.401289375968647,
        0.3360940101719597,
        0.3138999255579812,
        0.4203072248549936,
        0.3382398248851279,
        0.4388644902658753,
        0.22728432252424743,
        0.3138999255579812,
        0.401289375968647,
        0.5053217358172339,
        0.28696156323715233,
        0.3813242232868326,
        0.3378729987218661,
        0.4385010413503099,
        0.4385010413503099,
        0.5327297817920106
    ],
    [
        0.46770717334674267,
        0.375,
        0.414578098794425,
        0.5303300858899106,
        0.5448623679425842,
        0.45069390943299864,
        0.21650635094610965,
        0.1816207893141947,
        0.5153882032022076,
        0.414578098794425,
        0.39528470752104744,
        0.25,
        0.21650635094610965,
        0.4841229182759271,
        0.6959705453537527,
        0.28007834180996644,
        0.0,
        0.25,
        0.39528470752104744,
        0.5994789404140899,
        0.6588078458684123,
        0.5590169943749475,
        0.21650635094610965,
        0.46770717334674267,
        0.375,
        0.45689167206242665,
        0.2795084971874737,
        0.37034143405481623,
        0.21650635094610965,
        0.375,
        0.414578098794425,
        0.30618621784789724,
        0.5303300858899106,
        0.33071891388307384,
        0.2795084971874737,
        0.4394598957811736,
        0.3535533905932738,
        0.33071891388307384,
        0.44682522061515034,
        0.5153882032022076,
        0.3535533905932738,
        0.2795084971874737,
        0.33071891388307384,
        0.5965758776365148,
        0.40233692348577704,
        0.25,
        0.2795084971874737,
        0.33071891388307384,
        0.5153882032022076,
        0.46770717334674267
    ],
    [
        0.4841229182759271,
        0.46770717334674267,
        0.4330127018922193,
        0.5153882032022076,
        0.5448623679425842,
        0.5303300858899106,
        0.33071891388307384,
        0.23199018178458425,
        0.57282196186948,
        0.5,
        0.414578098794425,
        0.30618621784789724,
        0.33071891388307384,
        0.5,
        0.7806247497997998,
        0.3694314440281643,
        0.25,
        0.0,
        0.45069390943299864,
        0.6123724356957945,
        0.6548430685625714,
        0.5994789404140899,
        0.2795084971874737,
        0.5303300858899106,
        0.45069390943299864,
        0.43588989435406733,
        0.39528470752104744,
        0.34105636549468543,
        0.2795084971874737,
        0.375,
        0.414578098794425,
        0.30618621784789724,
        0.5863019699779287,
        0.375,
        0.33071891388307384,
        0.41758232721225164,
        0.414578098794425,
        0.33071891388307384,
        0.44095855184409843,
        0.5994789404140899,
        0.4330127018922193,
        0.375,
        0.3535533905932738,
        0.5788518328937419,
        0.47037219305566946,
        0.30618621784789724,
        0.414578098794425,
        0.375,
        0.57282196186948,
        0.3535533905932738
    ],
    [
        0.625,
        0.30618621784789724,
        0.5863019699779287,
        0.414578098794425,
        0.45069390943299864,
        0.30618621784789724,
        0.4330127018922193,
        0.39965262694272663,
        0.30618621784789724,
        0.25,
        0.5863019699779287,
        0.45069390943299864,
        0.39528470752104744,
        0.30618621784789724,
        0.5303300858899106,
        0.33168170751797693,
        0.39528470752104744,
        0.45069390943299864,
        0.0,
        0.5448623679425842,
        0.6263873490988712,
        0.375,
        0.4330127018922193,
        0.33071891388307384,
        0.3535533905932738,
        0.3897114317029974,
        0.4330127018922193,
        0.4602233757161359,
        0.4330127018922193,
        0.4330127018922193,
        0.45069390943299864,
        0.414578098794425,
        0.375,
        0.39528470752104744,
        0.46770717334674267,
        0.34369317712168795,
        0.3535533905932738,
        0.4330127018922193,
        0.4350127712046063,
        0.375,
        0.2795084971874737,
        0.375,
        0.46770717334674267,
        0.4859126579037751,
        0.4602988159880492,
        0.45069390943299864,
        0.375,
        0.5,
        0.375,
        0.7071067811865476
    ],
    [
        0.9270248108869579,
        0.5590169943749475,
        0.9100137361600648,
        0.5448623679425842,
        0.46770717334674267,
        0.5303300858899106,
        0.6959705453537527,
        0.6052432935972479,
        0.5,
        0.5303300858899106,
        0.9100137361600648,
        0.6959705453537527,
        0.6373774391990981,
        0.5590169943749475,
        0.6373774391990981,
        0.5264072490351313,
        0.5994789404140899,
        0.6123724356957945,
        0.5448623679425842,
        0.0,
        0.5220818369225695,
        0.5153882032022076,
        0.673145600891813,
        0.5448623679425842,
        0.57282196186948,
        0.5024937810560445,
        0.625,
        0.5220818369225695,
        0.673145600891813,
        0.649519052838329,
        0.6373774391990981,
        0.6959705453537527,
        0.5448623679425842,
        0.6373774391990981,
        0.7288689868556626,
        0.4866980583482946,
        0.57282196186948,
        0.7071067811865476,
        0.4750730937913075,
        0.5303300858899106,
        0.5863019699779287,
        0.6373774391990981,
        0.649519052838329,
        0.44095855184409843,
        0.5612486080160912,
        0.6959705453537527,
        0.5994789404140899,
        0.8100925873009825,
        0.5863019699779287,
        0.770551750371122
    ],
    [
        0.9771699499632145,
        0.6627489050244528,
        0.961046882889233,
        0.6222160217945033,
        0.4750730937913075,
        0.6627489050244528,
        0.7916666666666667,
        0.6561673228343176,
        0.6972166887783964,
        0.6508541396588879,
        0.961046882889233,
        0.8207381501496754,
        0.7511565157216644,
        0.7192781875680029,
        0.7192781875680029,
        0.5832422183456637,
        0.6588078458684123,
        0.6548430685625714,
        0.6263873490988712,
        0.5220818369225695,
        0.0,
        0.6627489050244528,
        0.8014743359029727,
        0.6137883276106765,
        0.6972166887783964,
        0.5741539669616311,
        0.7192781875680029,
        0.5017331074496789,
        0.8014743359029727,
        0.8111634305804911,
        0.7511565157216644,
        0.8207381501496754,
        0.6263873490988712,
        0.7406828681096325,
        0.8395600699837452,
        0.5741539669616311,
        0.7083333333333334,
        0.7817359599705717,
        0.5319643889501544,
        0.5877806658194119,
        0.7511565157216644,
        0.7817359599705717,
        0.7817359599705717,
        0.517069735249619,
        0.5317685377847939,
        0.8207381501496754,
        0.7083333333333334,
        0.8848650242331376,
        0.7418539089485358,
        0.7264831572567789
    ],
    [
        0.8003905296791061,
        0.39528470752104744,
        0.7180703308172536,
        0.5303300858899106,
        0.5,
        0.33071891388307384,
        0.57282196186948,
        0.5559026693385972,
        0.4330127018922193,
        0.3535533905932738,
        0.7180703308172536,
        0.57282196186948,
        0.5153882032022076,
        0.39528470752104744,
        0.5590169943749475,
        0.48903799777246976,
        0.5590169943749475,
        0.5994789404140899,
        0.375,
        0.5153882032022076,
        0.6627489050244528,
        0.0,
        0.5590169943749475,
        0.39528470752104744,
        0.414578098794425,
        0.4602988159880492,
        0.5153882032022076,
        0.5743353646704259,
        0.5590169943749475,
        0.5153882032022076,
        0.5303300858899106,
        0.5448623679425842,
        0.45069390943299864,
        0.4841229182759271,
        0.5863019699779287,
        0.4602988159880492,
        0.4330127018922193,
        0.5448623679425842,
        0.5170697352496191,
        0.4330127018922193,
        0.45069390943299864,
        0.5,
        0.5448623679425842,
        0.5464532103585001,
        0.5238081709939241,
        0.57282196186948,
        0.45069390943299864,
        0.6373774391990981,
        0.4330127018922193,
        0.7806247497997998
    ],
    [
        0.375,
        0.375,
        0.30618621784789724,
        0.5448623679425842,
        0.5994789404140899,
        0.46770717334674267,
        0.1767766952966369,
        0.24295632895188748,
        0.5,
        0.4330127018922193,
        0.30618621784789724,
        0.125,
        0.1767766952966369,
        0.46770717334674267,
        0.7288689868556626,
        0.3602543036041431,
        0.21650635094610965,
        0.2795084971874737,
        0.4330127018922193,
        0.673145600891813,
        0.8014743359029727,
        0.5590169943749475,
        0.0,
        0.4841229182759271,
        0.3535533905932738,
        0.4930770730829005,
        0.33071891388307384,
        0.452615853800009,
        0.0,
        0.3535533905932738,
        0.30618621784789724,
        0.21650635094610965,
        0.5448623679425842,
        0.30618621784789724,
        0.1767766952966369,
        0.47696960070847283,
        0.3535533905932738,
        0.1767766952966369,
        0.5605676686280713,
        0.5590169943749475,
        0.33071891388307384,
        0.25,
        0.30618621784789724,
        0.6744339190099436,
        0.5238081709939241,
        0.125,
        0.30618621784789724,
        0.25,
        0.5153882032022076,
        0.5448623679425842
    ],
    [
        0.7180703308172536,
        0.30618621784789724,
        0.673145600891813,
        0.4841229182759271,
        0.45069390943299864,
        0.33071891388307384,
        0.5,
        0.49826086429589156,
        0.39528470752104744,
        0.30618621784789724,
        0.673145600891813,
        0.5,
        0.46770717334674267,
        0.3535533905932738,
        0.5448623679425842,
        0.38174211297199917,
        0.46770717334674267,
        0.5303300858899106,
        0.33071891388307384,
        0.5448623679425842,
        0.6137883276106765,
        0.39528470752104744,
        0.4841229182759271,
        0.0,
        0.39528470752104744,
        0.425,
        0.4841229182759271,
        0.5464532103585001,
        0.4841229182759271,
        0.4841229182759271,
        0.5153882032022076,
        0.5,
        0.39528470752104744,
        0.46770717334674267,
        0.5153882032022076,
        0.38649062084350766,
        0.39528470752104744,
        0.4841229182759271,
        0.4859126579037751,
        0.39528470752104744,
        0.3535533905932738,
        0.45069390943299864,
        0.46770717334674267,
        0.5464532103585001,
        0.44300112866673375,
        0.5,
        0.4330127018922193,
        0.57282196186948,
        0.4330127018922193,
        0.75
    ],
    [
        0.6123724356957945,
        0.2795084971874737,
        0.5303300858899106,
        0.4841229182759271,
        0.5153882032022076,
        0.3535533905932738,
        0.39528470752104744,
        0.3908679799852858,
        0.4330127018922193,
        0.3535533905932738,
        0.5303300858899106,
        0.375,
        0.3535533905932738,
        0.375,
        0.6123724356957945,
        0.2593899829702491,
        0.375,
        0.45069390943299864,
        0.3535533905932738,
        0.57282196186948,
        0.6972166887783964,
        0.414578098794425,
        0.3535533905932738,
        0.39528470752104744,
        0.0,
        0.425,
        0.39528470752104744,
        0.4350127712046063,
        0.3535533905932738,
        0.4330127018922193,
        0.4330127018922193,
        0.414578098794425,
        0.4330127018922193,
        0.3535533905932738,
        0.39528470752104744,
        0.38649062084350766,
        0.30618621784789724,
        0.39528470752104744,
        0.4859126579037751,
        0.46770717334674267,
        0.21650635094610965,
        0.30618621784789724,
        0.39528470752104744,
        0.5605676686280713,
        0.44300112866673375,
        0.375,
        0.30618621784789724,
        0.4330127018922193,
        0.414578098794425,
        0.649519052838329
    ],
    [
        0.7762087348130012,
        0.406201920231798,
        0.7132671308843553,
        0.4213074886588179,
        0.3984344362627307,
        0.425,
        0.5385164807134504,
        0.415915990448926,
        0.4602988159880492,
        0.406201920231798,
        0.7132671308843553,
        0.5086747487343951,
        0.4602988159880492,
        0.3657184709581948,
        0.5984354601792912,
        0.3581414610491907,
        0.45689167206242665,
        0.43588989435406733,
        0.3897114317029974,
        0.5024937810560445,
        0.5741539669616311,
        0.4602988159880492,
        0.4930770730829005,
        0.425,
        0.425,
        0.0,
        0.4930770730829005,
        0.37785946829182115,
        0.4930770730829005,
        0.4930770730829005,
        0.4930770730829005,
        0.4930770730829005,
        0.4493050188902857,
        0.44300112866673375,
        0.5528336096873995,
        0.31523800532296226,
        0.425,
        0.5238081709939241,
        0.4171663670261276,
        0.47696960070847283,
        0.38649062084350766,
        0.4602988159880492,
        0.47696960070847283,
        0.44190245278542845,
        0.39686269665968854,
        0.5238081709939241,
        0.44300112866673375,
        0.6319612329882269,
        0.4930770730829005,
        0.6344288770224761
    ],
    [
        0.5448623679425842,
        0.39528470752104744,
        0.5153882032022076,
        0.5303300858899106,
        0.57282196186948,
        0.4330127018922193,
        0.30618621784789724,
        0.3254270698294439,
        0.5303300858899106,
        0.4330127018922193,
        0.5153882032022076,
        0.3535533905932738,
        0.33071891388307384,
        0.46770717334674267,
        0.6846531968814576,
        0.3378729987218661,
        0.2795084971874737,
        0.39528470752104744,
        0.4330127018922193,
        0.625,
        0.7192781875680029,
        0.5153882032022076,
        0.33071891388307384,
        0.4841229182759271,
        0.39528470752104744,
        0.4930770730829005,
        0.0,
        0.452615853800009,
        0.33071891388307384,
        0.414578098794425,
        0.33071891388307384,
        0.3535533905932738,
        0.5153882032022076,
        0.33071891388307384,
        0.375,
        0.4930770730829005,
        0.375,
        0.39528470752104744,
        0.5170697352496191,
        0.5153882032022076,
        0.39528470752104744,
        0.33071891388307384,
        0.375,
        0.6508541396588879,
        0.4930770730829005,
        0.3535533905932738,
        0.33071891388307384,
        0.4330127018922193,
        0.5,
        0.649519052838329
    ],
    [
        0.6009252125773316,
        0.46955948623269356,
        0.5877806658194119,
        0.4805234414446165,
        0.4583333333333333,
        0.5170697352496191,
        0.4859126579037751,
        0.30046260628866583,
        0.5464532103585001,
        0.501733107449679,
        0.5877806658194119,
        0.46955948623269356,
        0.4166666666666667,
        0.5319643889501544,
        0.7083333333333334,
        0.3142947329153354,
        0.37034143405481623,
        0.34105636549468543,
        0.4602233757161359,
        0.5220818369225695,
        0.5017331074496789,
        0.5743353646704259,
        0.452615853800009,
        0.5464532103585001,
        0.4350127712046063,
        0.37785946829182115,
        0.452615853800009,
        0.0,
        0.452615853800009,
        0.4859126579037751,
        0.4166666666666667,
        0.46955948623269356,
        0.5605676686280713,
        0.452615853800009,
        0.4859126579037751,
        0.4171663670261276,
        0.452615853800009,
        0.46955948623269356,
        0.33071891388307384,
        0.5877806658194119,
        0.4350127712046063,
        0.4350127712046063,
        0.4859126579037751,
        0.4841229182759271,
        0.4700029550734525,
        0.46955948623269356,
        0.4166666666666667,
        0.5170697352496191,
        0.5464532103585001,
        0.41036907507483766
    ],
    [
        0.375,
        0.375,
        0.30618621784789724,
        0.5448623679425842,
        0.5994789404140899,
        0.46770717334674267,
        0.1767766952966369,
        0.24295632895188748,
        0.5,
        0.4330127018922193,
        0.30618621784789724,
        0.125,
        0.1767766952966369,
        0.46770717334674267,
        0.739509972887452,
        0.3602543036041431,
        0.21650635094610965,
        0.2795084971874737,
        0.4330127018922193,
        0.673145600891813,
        0.8014743359029727,
        0.5590169943749475,
        0.0,
        0.4841229182759271,
        0.3535533905932738,
        0.4930770730829005,
        0.33071891388307384,
        0.452615853800009,
        0.0,
        0.3535533905932738,
        0.30618621784789724,
        0.21650635094610965,
        0.5448623679425842,
        0.30618621784789724,
        0.1767766952966369,
        0.47696960070847283,
        0.3535533905932738,
        0.1767766952966369,
        0.5605676686280713,
        0.5590169943749475,
        0.33071891388307384,
        0.25,
        0.30618621784789724,
        0.6744339190099436,
        0.5238081709939241,
        0.125,
        0.30618621784789724,
        0.25,
        0.5153882032022076,
        0.5448623679425842
    ],
    [
        0.5153882032022076,
        0.45069390943299864,
        0.46770717334674267,
        0.45069390943299864,
        0.6123724356957945,
        0.46770717334674267,
        0.39528470752104744,
        0.3908679799852858,
        0.5303300858899106,
        0.46770717334674267,
        0.46770717334674267,
        0.375,
        0.3535533905932738,
        0.46770717334674267,
        0.7071067811865476,
        0.4385010413503099,
        0.375,
        0.375,
        0.4330127018922193,
        0.649519052838329,
        0.8111634305804911,
        0.5153882032022076,
        0.3535533905932738,
        0.4841229182759271,
        0.4330127018922193,
        0.4930770730829005,
        0.414578098794425,
        0.4859126579037751,
        0.3535533905932738,
        0.0,
        0.39528470752104744,
        0.33071891388307384,
        0.5153882032022076,
        0.33071891388307384,
        0.39528470752104744,
        0.4602988159880492,
        0.30618621784789724,
        0.39528470752104744,
        0.6137883276106765,
        0.5153882032022076,
        0.375,
        0.2795084971874737,
        0.21650635094610965,
        0.6627489050244528,
        0.5238081709939241,
        0.375,
        0.3535533905932738,
        0.4330127018922193,
        0.414578098794425,
        0.649519052838329
