[
    [
        0.0,
        0.75,
        0.25,
        0.6614378277661477,
        0.9100137361600648,
        0.7905694150420949,
        0.5303300858899106,
        0.8239049972202163,
        1.0,
        0.9100137361600648,
        0.18982403237026163,
        0.5153882032022076,
        0.39528470752104744,
        0.9013878188659973,
        1.3693063937629153,
        0.5348206832811406,
        0.5863019699779287,
        0.770551750371122,
        0.739509972887452,
        1.0606601717798212,
        1.2774758097296577,
        0.8926785535678563,
        0.414578098794425,
        0.9519716382329886,
        0.7603453162872774,
        1.0121141239998581,
        0.57282196186948,
        0.8670271686118671,
        0.5590169943749475,
        0.5965758776365148,
        0.6859199013814303,
        0.5590169943749475,
        0.8838834764831844,
        0.8926785535678563,
        0.39528470752104744,
        0.9483538369195329,
        0.6959705453537527,
        1.0680004681646913,
        0.8660254037844386,
        0.9363418772601764,
        0.7264831572567789,
        0.770551750371122,
        0.4330127018922193,
        1.1931517552730295,
        0.5528336096873995,
        0.5303300858899106,
        0.414578098794425,
        0.2795084971874737,
        0.8660254037844386,
        0.5994789404140899
    ],
    [
        0.75,
        0.0,
        0.6959705453537527,
        0.5590169943749475,
        0.6846531968814576,
        0.46770717334674267,
        0.5863019699779287,
        0.8878031563609382,
        0.7288689868556626,
        0.5153882032022076,
        0.783885859558856,
        0.6846531968814576,
        0.57282196186948,
        0.57282196186948,
        1.0231690964840563,
        0.5348206832811406,
        0.5153882032022076,
        0.5448623679425842,
        0.46770717334674267,
        0.875,
        1.0265570828962434,
        0.7071067811865476,
        0.57282196186948,
        0.7180703308172536,
        0.46770717334674267,
        0.81891696770796,
        0.5303300858899106,
        0.6508541396588879,
        0.649519052838329,
        0.6236095644623235,
        0.6009252125773316,
        0.6123724356957945,
        0.5590169943749475,
        0.6123724356957945,
        0.6373774391990981,
        0.7595228765481656,
        0.770551750371122,
        1.165922381636102,
        0.5448623679425842,
        0.6137883276106765,
        0.5980291706003051,
        0.6959705453537527,
        0.57282196186948,
        0.8111634305804911,
        0.5667892024377317,
        0.5448623679425842,
        0.6123724356957945,
        0.649519052838329,
        0.5,
        0.8003905296791061
    ],
    [
        0.25,
        0.6959705453537527,
        0.0,
        0.6123724356957945,
        0.8660254037844386,
        0.6846531968814576,
        0.46770717334674267,
        0.7648983229452425,
        0.9682458365518543,
        0.8477912478906585,
        0.2879377767249482,
        0.5448623679425842,
        0.39528470752104744,
        0.8660254037844386,
        1.2808688457449497,
        0.4559694762429895,
        0.5153882032022076,
        0.6959705453537527,
        0.6846531968814576,
        1.0680004681646913,
        1.2651855375574148,
        0.8385254915624212,
        0.375,
        0.8838834764831844,
        0.673145600891813,
        0.9965565713997374,
        0.4330127018922193,
        0.7511565157216644,
        0.45069390943299864,
        0.4639803635691685,
        0.6387379048648288,
        0.39528470752104744,
        0.82915619758885,
        0.8477912478906585,
        0.4330127018922193,
        0.9483538369195329,
        0.649519052838329,
        1.0532687216470449,
        0.7603453162872774,
        0.8670271686118671,
        0.6346477588219923,
        0.7180703308172536,
        0.33071891388307384,
        1.1531960419248373,
        0.4930770730829005,
        0.5,
        0.3535533905932738,
        0.21650635094610965,
        0.770551750371122,
        0.57282196186948
    ],
    [
        0.6614378277661477,
        0.5590169943749475,
        0.6123724356957945,
        0.0,
        0.5590169943749475,
        0.5590169943749475,
        0.5153882032022076,
        0.5877806658194119,
        0.5863019699779287,
        0.673145600891813,
        0.6343685595832718,
        0.5,
        0.4330127018922193,
        0.649519052838329,
        1.0,
        0.3694314440281643,
        0.375,
        0.414578098794425,
        0.46770717334674267,
        0.7603453162872774,
        0.8111634305804911,
        0.4841229182759271,
        0.5,
        0.649519052838329,
        0.5,
        0.6905613658466566,
        0.4330127018922193,
        0.4750730937913075,
        0.5153882032022076,
        0.42491829279939874,
        0.31732387941099616,
        0.5153882032022076,
        0.5994789404140899,
        0.5994789404140899,
        0.5590169943749475,
        0.6314665470157544,
        0.45069390943299864,
        0.8660254037844386,
        0.5303300858899106,
        0.5368374469468803,
        0.4061164310337068,
        0.414578098794425,
        0.46770717334674267,
        0.775044801572428,
        0.3783186487605389,
        0.414578098794425,
        0.5153882032022076,
        0.5590169943749475,
        0.5590169943749475,
        0.5303300858899106
    ],
    [
        0.9100137361600648,
        0.6846531968814576,
        0.8660254037844386,
        0.5590169943749475,
        0.0,
        0.6373774391990981,
        0.7180703308172536,
        0.7817359599705717,
        0.5863019699779287,
        0.7288689868556626,
        0.9230605702371489,
        0.5994789404140899,
        0.6614378277661477,
        0.6373774391990981,
        0.8926785535678563,
        0.658296735398813,
        0.5863019699779287,
        0.6123724356957945,
        0.625,
        0.673145600891813,
        0.7817359599705717,
        0.673145600891813,
        0.7180703308172536,
        0.6123724356957945,
        0.6614378277661477,
        0.532681893816563,
        0.6614378277661477,
        0.551198189805123,
        0.673145600891813,
        0.689706056551952,
        0.5921946001479956,
        0.75,
        0.673145600891813,
        0.649519052838329,
        0.7180703308172536,
        0.6144102863722254,
        0.6846531968814576,
        1.0231690964840563,
        0.6846531968814576,
        0.5788518328937419,
        0.5788518328937419,
        0.5863019699779287,
        0.7180703308172536,
        0.8047169964928319,
        0.6633249580710799,
        0.6123724356957945,
        0.75,
        0.8100925873009825,
        0.6959705453537527,
        0.770551750371122
    ],
    [
        0.7905694150420949,
        0.46770717334674267,
        0.6846531968814576,
        0.5590169943749475,
        0.6373774391990981,
        0.0,
        0.4841229182759271,
        0.8239049972202163,
        0.7603453162872774,
        0.5,
        0.7935887872603204,
        0.6123724356957945,
        0.5153882032022076,
        0.5994789404140899,
        1.0825317547305484,
        0.4559694762429895,
        0.46770717334674267,
        0.5153882032022076,
        0.375,
        0.8660254037844386,
        1.1211353372561426,
        0.6846531968814576,
        0.5153882032022076,
        0.625,
        0.4330127018922193,
        0.724137417898012,
        0.4330127018922193,
        0.5605676686280713,
        0.5863019699779287,
        0.5559026693385972,
        0.5877806658194119,
        0.5994789404140899,
        0.5994789404140899,
        0.625,
        0.673145600891813,
        0.7454025757937788,
        0.739509972887452,
        1.1319231422671772,
        0.414578098794425,
        0.5877806658194119,
        0.5416666666666666,
        0.6373774391990981,
        0.46770717334674267,
        0.8848650242331376,
        0.5086747487343951,
        0.5303300858899106,
        0.5448623679425842,
        0.5994789404140899,
        0.45069390943299864,
        0.75
    ],
    [
        0.5303300858899106,
        0.5863019699779287,
        0.46770717334674267,
        0.5153882032022076,
        0.7180703308172536,
        0.4841229182759271,
        0.0,
        0.722889648870728,
        0.81967981553775,
        0.673145600891813,
        0.506022404118027,
        0.45069390943299864,
        0.25,
        0.673145600891813,
        1.118033988749895,
        0.3378729987218661,
        0.414578098794425,
        0.5153882032022076,
        0.46770717334674267,
        0.9437293044088437,
        1.1280821975567403,
        0.739509972887452,
        0.21650635094610965,
        0.739509972887452,
        0.5,
        0.8437268515343103,
        0.3535533905932738,
        0.6009252125773316,
        0.39528470752104744,
        0.39308254716902513,
        0.5319643889501544,
        0.39528470752104744,
        0.7180703308172536,
        0.6959705453537527,
        0.33071891388307384,
        0.796084166404533,
        0.5994789404140899,
        1.0231690964840563,
        0.5448623679425842,
        0.6859199013814303,
        0.4639803635691685,
        0.625,
        0.21650635094610965,
        0.952883052169106,
        0.3201562118716424,
        0.39528470752104744,
        0.25,
        0.33071891388307384,
        0.5994789404140899,
        0.57282196186948
    ],
    [
        0.8239049972202163,
        0.8878031563609382,
        0.7648983229452425,
        0.5877806658194119,
        0.7817359599705717,
        0.8239049972202163,
        0.722889648870728,
        0.0,
        0.6588078458684123,
        0.955612078431643,
        0.7132681243638748,
        0.8239049972202163,
        0.7336173692357921,
        0.9637527921850315,
        1.0516191220103301,
        0.619476728564972,
        0.7750448015724282,
        0.6387379048648288,
        0.8426561840065285,
        1.0008676791220261,
        0.8700255424092125,
        0.5833333333333334,
        0.722889648870728,
        0.955612078431643,
        0.8239049972202163,
        0.9348945276221151,
        0.744190462478823,
        0.5605676686280713,
        0.7546154281781181,
        0.6123724356957945,
        0.5464532103585,
        0.7648983229452425,
        0.9474014167418394,
        0.9474014167418394,
        0.744190462478823,
        0.8921338340057381,
        0.37034143405481623,
        0.39747466725706065,
        0.8518770125108698,
        0.7192781875680029,
        0.649519052838329,
        0.4639803635691685,
        0.722889648870728,
        0.9886508764753894,
        0.5854722690083433,
        0.7750448015724282,
        0.7120003121097943,
        0.744190462478823,
        0.8878031563609382,
        0.32542706982944397
    ],
    [
        1.0,
        0.7288689868556626,
        0.9682458365518543,
        0.5863019699779287,
        0.5863019699779287,
        0.7603453162872774,
        0.81967981553775,
        0.6588078458684123,
        0.0,
        0.75,
        0.9642857142857143,
        0.81967981553775,
        0.770551750371122,
        0.7603453162872774,
        0.9185586535436918,
        0.7306168766242422,
        0.6959705453537527,
        0.5863019699779287,
        0.75,
        0.8385254915624212,
        0.798218502527834,
        0.5303300858899106,
        0.81967981553775,
        0.8660254037844386,
        0.739509972887452,
        0.7369701486491838,
        0.7806247497997998,
        0.6222160217945033,
        0.81967981553775,
        0.6859199013814303,
        0.5697830971323893,
        0.8926785535678563,
        0.7180703308172536,
        0.82915619758885,
        0.8660254037844386,
        0.757875319561206,
        0.5994789404140899,
        0.82915619758885,
        0.7905694150420949,
        0.5270462766947299,
        0.6859199013814303,
        0.5303300858899106,
        0.82915619758885,
        0.8364524958285304,
        0.7044501401802685,
        0.7071067811865476,
        0.8477912478906585,
        0.9185586535436918,
        0.7603453162872774,
        0.7071067811865476
    ],
    [
        0.9100137361600648,
        0.5153882032022076,
        0.8477912478906585,
        0.673145600891813,
        0.7288689868556626,
        0.5,
        0.673145600891813,
        0.955612078431643,
        0.75,
        0.0,
        0.9360958872915114,
        0.770551750371122,
        0.6846531968814576,
        0.673145600891813,
        0.9762812094883317,
        0.641118681107723,
        0.5994789404140899,
        0.6123724356957945,
        0.5,
        0.8477912478906585,
        1.1280821975567403,
        0.8003905296791061,
        0.673145600891813,
        0.625,
        0.5863019699779287,
        0.7862092596758194,
        0.625,
        0.6627489050244528,
        0.6846531968814576,
        0.7156485015549029,
        0.7083333333333334,
        0.7288689868556626,
        0.5994789404140899,
        0.6123724356957945,
        0.7180703308172536,
        0.7558108228915488,
        0.875,
        1.224744871391589,
        0.57282196186948,
        0.6744339190099436,
        0.6222160217945033,
        0.75,
        0.649519052838329,
        0.8670271686118671,
        0.6680194607943694,
        0.649519052838329,
        0.739509972887452,
        0.8003905296791061,
        0.5863019699779287,
        0.9100137361600648
    ],
    [
        0.18982403237026163,
        0.783885859558856,
        0.2879377767249482,
        0.6343685595832718,
        0.9230605702371489,
        0.7935887872603204,
        0.506022404118027,
        0.7132681243638748,
        0.9642857142857143,
        0.9360958872915114,
        0.0,
        0.6034551874541357,
        0.4385010413503099,
        0.9381375383259787,
        1.268360061219983,
        0.4844521416518049,
        0.6162654973834785,
        0.736701833740581,
        0.7536052802146141,
        1.1064225767614047,
        1.2159186033146383,
        0.8400452490242196,
        0.4016864956857855,
        1.0101525445522108,
        0.7707586376752585,
        1.0621983365278111,
        0.576981943621554,
        0.8131919694256221,
        0.590366973386305,
        0.5733165734775476,
        0.6883176440701793,
        0.5209268623505293,
        0.9357551790409929,
        0.9413610966498002,
        0.5200078492343227,
        0.9859083659866413,
        0.6018678409411685,
        0.9271967846962264,
        0.9211585983234951,
        0.8870845135838878,
        0.7709195116379117,
        0.6978008458064258,
        0.4385010413503099,
        1.15586594252859,
        0.48781060225611067,
        0.590366973386305,
        0.4203072248549936,
        0.2879377767249482,
        0.832993127835043,
        0.4704264240114103
    ],
    [
        0.5153882032022076,
        0.6846531968814576,
        0.5448623679425842,
        0.5,
        0.5994789404140899,
        0.6123724356957945,
        0.45069390943299864,
        0.8239049972202163,
        0.81967981553775,
        0.770551750371122,
        0.6034551874541357,
        0.0,
        0.2795084971874737,
        0.6959705453537527,
        1.2119199643540823,
        0.48903799777246976,
        0.414578098794425,
        0.625,
        0.5590169943749475,
        0.82915619758885,
        1.1349865393230198,
        0.8003905296791061,
        0.4330127018922193,
        0.6959705453537527,
        0.5994789404140899,
        0.7660776723022281,
        0.4841229182759271,
        0.6744339190099436,
        0.5,
        0.5416666666666666,
        0.6137883276106765,
        0.5,
        0.7288689868556626,
        0.6373774391990981,
        0.375,
        0.7558108228915488,
        0.6614378277661477,
        1.0897247358851685,
        0.6614378277661477,
        0.7406828681096325,
        0.5270462766947299,
        0.6846531968814576,
        0.4330127018922193,
        1.0614782669047498,
        0.4930770730829005,
        0.414578098794425,
        0.45069390943299864,
        0.5,
        0.6373774391990981,
        0.6846531968814576
    ],
    [
        0.39528470752104744,
        0.57282196186948,
        0.39528470752104744,
        0.4330127018922193,
        0.6614378277661477,
        0.5153882032022076,
        0.25,
        0.7336173692357921,
        0.770551750371122,
        0.6846531968814576,
        0.4385010413503099,
        0.2795084971874737,
        0.0,
        0.673145600891813,
        1.2119199643540823,
        0.3138999255579812,
        0.33071891388307384,
        0.5153882032022076,
        0.45069390943299864,
        0.9354143466934853,
        1.1953323573150878,
        0.75,
        0.21650635094610965,
        0.739509972887452,
        0.5,
        0.8344159634139319,
        0.30618621784789724,
        0.5877806658194119,
        0.4330127018922193,
        0.41036907507483766,
        0.501733107449679,
        0.39528470752104744,
        0.6959705453537527,
        0.6373774391990981,
        0.3535533905932738,
        0.7660776723022281,
        0.5994789404140899,
        1.0231690964840563,
        0.57282196186948,
        0.7300589778306347,
        0.4639803635691685,
        0.625,
        0.21650635094610965,
        1.0086432030758503,
        0.3201562118716424,
        0.25,
        0.25,
        0.33071891388307384,
        0.57282196186948,
        0.57282196186948
    ],
    [
        0.9013878188659973,
        0.57282196186948,
        0.8660254037844386,
        0.649519052838329,
        0.6373774391990981,
        0.5994789404140899,
        0.673145600891813,
        0.9637527921850315,
        0.7603453162872774,
        0.673145600891813,
        0.9381375383259787,
        0.6959705453537527,
        0.673145600891813,
        0.0,
        0.9437293044088437,
        0.6531907556489958,
        0.5863019699779287,
        0.6123724356957945,
        0.5303300858899106,
        0.770551750371122,
        0.9956502621123767,
        0.7905694150420949,
        0.6959705453537527,
        0.649519052838329,
        0.625,
        0.7132671308843553,
        0.6373774391990981,
        0.6627489050244528,
        0.6614378277661477,
        0.6947221666888778,
        0.6972166887783964,
        0.75,
        0.57282196186948,
        0.649519052838329,
        0.7071067811865476,
        0.6680194607943694,
        0.82915619758885,
        1.231107225224513,
        0.5863019699779287,
        0.6744339190099436,
        0.5980291706003051,
        0.739509972887452,
        0.673145600891813,
        0.7817359599705717,
        0.6796138609534094,
        0.5994789404140899,
        0.739509972887452,
        0.8100925873009825,
        0.625,
        0.9100137361600648
    ],
    [
        1.3693063937629153,
        1.0231690964840563,
        1.2808688457449497,
        1.0,
        0.8926785535678563,
        1.0825317547305484,
        1.118033988749895,
        1.0516191220103301,
        0.9185586535436918,
        0.9762812094883317,
        1.268360061219983,
        1.2119199643540823,
        1.2119199643540823,
        0.9437293044088437,
        0.0,
        1.0672537712488523,
        1.0680004681646913,
        0.9185586535436918,
        1.0077822185373186,
        0.9519716382329886,
        0.9745012969605417,
        0.9437293044088437,
        1.14564392373896,
        1.0231690964840563,
        1.0680004681646913,
        0.917877987534291,
        1.125,
        0.8405933750763339,
        1.103970108290981,
        1.034978529031185,
        0.9455671431591848,
        1.1319231422671772,
        0.9354143466934853,
        1.0383279828647594,
        1.3110110602126894,
        0.8831760866327847,
        0.9682458365518543,
        1.224744871391589,
        0.9437293044088437,
        0.8175590362645243,
        0.9232716585900141,
        0.9762812094883317,
        1.165922381636102,
        0.7476816018719317,
        1.0301698889018258,
        1.0897247358851685,
        1.2374368670764582,
        1.2747548783981961,
        0.9762812094883317,
        1.14564392373896
    ],
    [
        0.5348206832811406,
        0.5348206832811406,
        0.4559694762429895,
        0.3694314440281643,
        0.658296735398813,
        0.4559694762429895,
        0.3378729987218661,
        0.619476728564972,
        0.7306168766242422,
        0.641118681107723,
        0.4844521416518049,
        0.48903799777246976,
        0.3138999255579812,
        0.6531907556489958,
        1.0672537712488523,
        0.0,
        0.3813242232868326,
        0.44607128559988557,
        0.401289375968647,
        0.9077332162242024,
        1.0790568391570108,
        0.6393754924988627,
        0.3378729987218661,
        0.7634842259439982,
        0.5047605008965204,
        0.8155613441810794,
        0.3138999255579812,
        0.45624136061773485,
        0.5200078492343227,
        0.4173463843561453,
        0.4206021625459408,
        0.4727929391026331,
        0.7104809380027772,
        0.6650437303405741,
        0.5348206832811406,
        0.7559036354737613,
        0.5327297817920106,
        0.9101889240981899,
        0.5632789391281252,
        0.6036606489894152,
        0.45324166240003505,
        0.5178571428571428,
        0.3378729987218661,
        0.8729527394199361,
        0.22392031199167478,
        0.3602543036041431,
        0.3602543036041431,
        0.4203072248549936,
        0.5632789391281252,
        0.5025445456953674
    ],
    [
        0.5863019699779287,
        0.5153882032022076,
        0.5153882032022076,
        0.375,
        0.5863019699779287,
        0.46770717334674267,
        0.414578098794425,
        0.7750448015724282,
        0.6959705453537527,
        0.5994789404140899,
        0.6162654973834785,
        0.414578098794425,
        0.33071891388307384,
        0.5863019699779287,
        1.0680004681646913,
        0.3813242232868326,
        0.0,
        0.45069390943299864,
        0.414578098794425,
        0.7905694150420949,
        1.0565601944254972,
        0.6846531968814576,
        0.39528470752104744,
        0.6373774391990981,
        0.45069390943299864,
        0.7454025757937788,
        0.375,
        0.5605676686280713,
        0.46770717334674267,
        0.4639803635691685,
        0.4350127712046063,
        0.4330127018922193,
        0.5590169943749475,
        0.5,
        0.4841229182759271,
        0.6680194607943694,
        0.6373774391990981,
        1.0752906583803283,
        0.4841229182759271,
        0.6387379048648288,
        0.44682522061515034,
        0.5994789404140899,
        0.3535533905932738,
        0.9446486707295528,
        0.425,
        0.2795084971874737,
        0.4330127018922193,
        0.46770717334674267,
        0.414578098794425,
        0.6614378277661477
    ],
    [
        0.770551750371122,
        0.5448623679425842,
        0.6959705453537527,
        0.414578098794425,
        0.6123724356957945,
        0.5153882032022076,
        0.5153882032022076,
        0.6387379048648288,
        0.5863019699779287,
        0.6123724356957945,
        0.736701833740581,
        0.625,
        0.5153882032022076,
        0.6123724356957945,
        0.9185586535436918,
        0.44607128559988557,
        0.45069390943299864,
        0.0,
        0.4841229182759271,
        0.770551750371122,
        0.8848650242331376,
        0.46770717334674267,
        0.5153882032022076,
        0.673145600891813,
        0.46770717334674267,
        0.7088723439378913,
        0.4841229182759271,
        0.44095855184409843,
        0.5303300858899106,
        0.4750730937913075,
        0.384147685720537,
        0.57282196186948,
        0.6123724356957945,
        0.6123724356957945,
        0.6123724356957945,
        0.7088723439378913,
        0.5448623679425842,
        0.8838834764831844,
        0.5448623679425842,
        0.5651941652604391,
        0.4583333333333333,
        0.4330127018922193,
        0.5,
        0.733617369235792,
        0.43588989435406733,
        0.5303300858899106,
        0.5448623679425842,
        0.5994789404140899,
        0.5303300858899106,
        0.5590169943749475
    ],
    [
        0.739509972887452,
        0.46770717334674267,
        0.6846531968814576,
        0.46770717334674267,
        0.625,
        0.375,
        0.46770717334674267,
        0.8426561840065285,
        0.75,
        0.5,
        0.7536052802146141,
        0.5590169943749475,
        0.45069390943299864,
        0.5303300858899106,
        1.0077822185373186,
        0.401289375968647,
        0.414578098794425,
        0.4841229182759271,
        0.0,
        0.875,
        1.0189182717197904,
        0.6959705453537527,
        0.4841229182759271,
        0.6846531968814576,
        0.375,
        0.7632168761236874,
        0.45069390943299864,
        0.5464532103585001,
        0.5863019699779287,
        0.5559026693385972,
        0.5464532103585001,
        0.5590169943749475,
        0.57282196186948,
        0.5994789404140899,
        0.5448623679425842,
        0.7318640584152224,
        0.7180703308172536,
        1.118033988749895,
        0.4841229182759271,
        0.6009252125773316,
        0.5120085719768545,
        0.6123724356957945,
        0.46770717334674267,
        0.8207381501496754,
        0.47696960070847283,
        0.45069390943299864,
        0.5303300858899106,
        0.6123724356957945,
        0.4841229182759271,
        0.75
    ],
    [
        1.0606601717798212,
        0.875,
        1.0680004681646913,
        0.7603453162872774,
        0.673145600891813,
        0.8660254037844386,
        0.9437293044088437,
        1.0008676791220261,
        0.8385254915624212,
        0.8477912478906585,
        1.1064225767614047,
        0.82915619758885,
        0.9354143466934853,
        0.770551750371122,
        0.9519716382329886,
        0.9077332162242024,
        0.7905694150420949,
        0.770551750371122,
        0.875,
        0.0,
        0.9195031871130797,
        0.875,
        0.9437293044088437,
        0.8003905296791061,
        0.8926785535678563,
        0.687386354243376,
        0.9013878188659973,
        0.8239049972202162,
        0.82915619758885,
        0.8640183897219884,
        0.8426561840065285,
        0.9354143466934853,
        0.81967981553775,
        0.7288689868556626,
        0.9354143466934853,
        0.7206767652699787,
        0.8385254915624212,
        1.231107225224513,
        0.82915619758885,
        0.7441904624788229,
        0.737158583873089,
        0.81967981553775,
        0.9682458365518543,
        0.8965597829729172,
        0.8852965604812887,
        0.8477912478906585,
        1.015504800579495,
        1.0532687216470449,
        0.8660254037844386,
        1.0231690964840563
    ],
    [
        1.2774758097296577,
        1.0265570828962434,
        1.2651855375574148,
        0.8111634305804911,
        0.7817359599705717,
        1.1211353372561426,
        1.1280821975567403,
        0.8700255424092125,
        0.798218502527834,
        1.1280821975567403,
        1.2159186033146383,
        1.1349865393230198,
        1.1953323573150878,
        0.9956502621123767,
        0.9745012969605417,
        1.0790568391570108,
        1.0565601944254972,
        0.8848650242331376,
        1.0189182717197904,
        0.9195031871130797,
        0.0,
        0.8175590362645243,
        1.1688966782587948,
        1.0491398593345145,
        1.1141451630934116,
        0.9105096253075955,
        1.107110854632202,
        0.8630131323836658,
        1.07124667768187,
        0.9510593508761106,
        0.8068715304598786,
        1.1486707293408518,
        0.9138213416442212,
        1.0416666666666667,
        1.182188413259259,
        0.8483235100937483,
        0.798218502527834,
        1.125771340508858,
        1.0491398593345145,
        0.8122328620674137,
        0.8829008375173789,
        0.7883703303510209,
        1.2147816447594377,
        0.8670271686118671,
        1.0226938827321586,
        1.1000315652036738,
        1.2713455251993633,
        1.289648961711847,
        1.0857345183996154,
        1.044163673845139
    ],
    [
        0.8926785535678563,
        0.7071067811865476,
        0.8385254915624212,
        0.4841229182759271,
        0.673145600891813,
        0.6846531968814576,
        0.739509972887452,
        0.5833333333333334,
        0.5303300858899106,
        0.8003905296791061,
        0.8400452490242196,
        0.8003905296791061,
        0.75,
        0.7905694150420949,
        0.9437293044088437,
        0.6393754924988627,
        0.6846531968814576,
        0.46770717334674267,
        0.6959705453537527,
        0.875,
        0.8175590362645243,
        0.0,
        0.7288689868556626,
        0.8838834764831844,
        0.6959705453537527,
        0.7881941385217224,
        0.7071067811865476,
        0.5270462766947299,
        0.7603453162872774,
        0.6263873490988712,
        0.5120085719768545,
        0.7603453162872774,
        0.770551750371122,
        0.7806247497997998,
        0.770551750371122,
        0.7369701486491838,
        0.5448623679425842,
        0.7603453162872774,
        0.7288689868556626,
        0.5559026693385972,
        0.6387379048648288,
        0.5,
        0.7288689868556626,
        0.798218502527834,
        0.5830951894845301,
        0.6846531968814576,
        0.770551750371122,
        0.81967981553775,
        0.6614378277661477,
        0.5994789404140899
    ],
    [
        0.414578098794425,
        0.57282196186948,
        0.375,
        0.5,
        0.7180703308172536,
        0.5153882032022076,
        0.21650635094610965,
        0.722889648870728,
        0.81967981553775,
        0.673145600891813,
        0.4016864956857855,
        0.4330127018922193,
        0.21650635094610965,
        0.6959705453537527,
        1.14564392373896,
        0.3378729987218661,
        0.39528470752104744,
        0.5153882032022076,
        0.4841229182759271,
        0.9437293044088437,
        1.1688966782587948,
        0.7288689868556626,
        0.0,
        0.7603453162872774,
        0.4841229182759271,
        0.852936105461599,
        0.33071891388307384,
        0.5743353646704259,
        0.45069390943299864,
        0.3726779962499649,
        0.501733107449679,
        0.2795084971874737,
        0.7180703308172536,
        0.6614378277661477,
        0.46770717334674267,
        0.8058380730643099,
        0.57282196186948,
        1.015504800579495,
        0.57282196186948,
        0.7083333333333334,
        0.4658474953124562,
        0.6614378277661477,
        0.1767766952966369,
        0.961046882889233,
        0.34369317712168795,
        0.33071891388307384,
        0.21650635094610965,
        0.30618621784789724,
        0.5153882032022076,
        0.5590169943749475
    ],
    [
        0.9519716382329886,
        0.7180703308172536,
        0.8838834764831844,
        0.649519052838329,
        0.6123724356957945,
        0.625,
        0.739509972887452,
        0.955612078431643,
        0.8660254037844386,
        0.625,
        1.0101525445522108,
        0.6959705453537527,
        0.739509972887452,
        0.649519052838329,
        1.0231690964840563,
        0.7634842259439982,
        0.6373774391990981,
        0.673145600891813,
        0.6846531968814576,
        0.8003905296791061,
        1.0491398593345145,
        0.8838834764831844,
        0.7603453162872774,
        0.0,
        0.6373774391990981,
        0.6319612329882269,
        0.6373774391990981,
        0.7192781875680029,
        0.6373774391990981,
        0.7264831572567789,
        0.7192781875680029,
        0.7806247497997998,
        0.625,
        0.5994789404140899,
        0.7603453162872774,
        0.6796138609534094,
        0.8477912478906585,
        1.2747548783981961,
        0.6373774391990981,
        0.7300589778306347,
        0.6588078458684123,
        0.8003905296791061,
        0.7603453162872774,
        0.9363418772601764,
        0.7862092596758194,
        0.673145600891813,
        0.81967981553775,
        0.8477912478906585,
        0.673145600891813,
        0.9519716382329886
    ],
    [
        0.7603453162872774,
        0.46770717334674267,
        0.673145600891813,
        0.5,
        0.6614378277661477,
        0.4330127018922193,
        0.5,
        0.8239049972202163,
        0.739509972887452,
        0.5863019699779287,
        0.7707586376752585,
        0.5994789404140899,
        0.5,
        0.625,
        1.0680004681646913,
        0.5047605008965204,
        0.45069390943299864,
        0.46770717334674267,
        0.375,
        0.8926785535678563,
        1.1141451630934116,
        0.6959705453537527,
        0.4841229182759271,
        0.6373774391990981,
        0.0,
        0.796084166404533,
        0.39528470752104744,
        0.5743353646704259,
        0.5863019699779287,
        0.5270462766947299,
        0.501733107449679,
        0.5303300858899106,
        0.57282196186948,
        0.5303300858899106,
        0.5590169943749475,
        0.702228595259407,
        0.739509972887452,
        1.125,
        0.4841229182759271,
        0.6387379048648288,
        0.5559026693385972,
        0.625,
        0.5153882032022076,
        0.927960727138337,
        0.5385164807134504,
        0.5,
        0.5303300858899106,
        0.5863019699779287,
        0.46770717334674267,
        0.739509972887452
    ],
    [
        1.0121141239998581,
        0.81891696770796,
        0.9965565713997374,
        0.6905613658466566,
        0.532681893816563,
        0.724137417898012,
        0.8437268515343103,
        0.9348945276221151,
        0.7369701486491838,
        0.7862092596758194,
        1.0621983365278111,
        0.7660776723022281,
        0.8344159634139319,
        0.7132671308843553,
        0.917877987534291,
        0.8155613441810794,
        0.7454025757937788,
        0.7088723439378913,
        0.7632168761236874,
        0.687386354243376,
        0.9105096253075955,
        0.7881941385217224,
        0.852936105461599,
        0.6319612329882269,
        0.796084166404533,
        0.0,
        0.7862092596758194,
        0.6975154319280527,
        0.7558108228915488,
        0.8107780899303527,
        0.7409640866990639,
        0.8710625695092173,
        0.6928203230275509,
        0.7132671308843553,
        0.8710625695092173,
        0.6373774391990981,
        0.8396427811873333,
        1.1855905701379377,
        0.7660776723022281,
        0.6105553028004734,
        0.7188435929401549,
        0.757875319561206,
        0.8710625695092173,
        0.8593036586549471,
        0.8231038816577164,
        0.7660776723022281,
        0.9148087231765993,
        0.9646890690787369,
        0.7348469228349535,
        0.95818839483684
    ],
    [
        0.57282196186948,
        0.5303300858899106,
        0.4330127018922193,
        0.4330127018922193,
        0.6614378277661477,
        0.4330127018922193,
        0.3535533905932738,
        0.744190462478823,
        0.7806247497997998,
        0.625,
        0.576981943621554,
        0.4841229182759271,
        0.30618621784789724,
        0.6373774391990981,
        1.125,
        0.3138999255579812,
        0.375,
        0.4841229182759271,
        0.45069390943299864,
        0.9013878188659973,
        1.107110854632202,
        0.7071067811865476,
        0.33071891388307384,
        0.6373774391990981,
        0.39528470752104744,
        0.7862092596758194,
        0.0,
        0.5464532103585001,
        0.45069390943299864,
        0.42898458920779164,
        0.4859126579037751,
        0.39528470752104744,
        0.6373774391990981,
        0.625,
        0.46770717334674267,
        0.7454025757937788,
        0.649519052838329,
        1.0532687216470449,
        0.4841229182759271,
        0.6627489050244528,
        0.44682522061515034,
        0.5994789404140899,
        0.33071891388307384,
        0.961046882889233,
        0.3657184709581948,
        0.3535533905932738,
        0.3535533905932738,
        0.414578098794425,
        0.4841229182759271,
        0.625
    ],
    [
        0.8670271686118671,
        0.6508541396588879,
        0.7511565157216644,
        0.4750730937913075,
        0.551198189805123,
        0.5605676686280713,
        0.6009252125773316,
        0.5605676686280713,
        0.6222160217945033,
        0.6627489050244528,
        0.8131919694256221,
        0.6744339190099436,
        0.5877806658194119,
        0.6627489050244528,
        0.8405933750763339,
        0.45624136061773485,
        0.5605676686280713,
        0.44095855184409843,
        0.5464532103585001,
        0.8239049972202162,
        0.8630131323836658,
        0.5270462766947299,
        0.5743353646704259,
        0.7192781875680029,
        0.5743353646704259,
        0.6975154319280527,
        0.5464532103585001,
        0.0,
        0.5877806658194119,
        0.5120085719768545,
        0.414578098794425,
        0.6137883276106765,
        0.6909634979907083,
        0.6972166887783964,
        0.6859199013814303,
        0.6862235625346726,
        0.5559026693385972,
        0.8239049972202162,
        0.5605676686280713,
        0.5448623679425842,
        0.4805234414446165,
        0.4639803635691685,
        0.5605676686280713,
        0.7132184486926537,
        0.4700029550734525,
        0.5743353646704259,
        0.6263873490988712,
        0.6972166887783964,
        0.6009252125773316,
        0.5697830971323893
    ],
    [
        0.5590169943749475,
        0.649519052838329,
        0.45069390943299864,
        0.5153882032022076,
        0.673145600891813,
        0.5863019699779287,
        0.39528470752104744,
        0.7546154281781181,
        0.81967981553775,
        0.6846531968814576,
        0.590366973386305,
        0.5,
        0.4330127018922193,
        0.6614378277661477,
        1.103970108290981,
        0.5200078492343227,
        0.46770717334674267,
        0.5303300858899106,
        0.5863019699779287,
        0.82915619758885,
        1.07124667768187,
        0.7603453162872774,
        0.45069390943299864,
        0.6373774391990981,
        0.5863019699779287,
        0.7558108228915488,
        0.45069390943299864,
        0.5877806658194119,
        0.0,
        0.42898458920779164,
        0.5605676686280713,
        0.3535533905932738,
        0.6373774391990981,
        0.5590169943749475,
        0.45069390943299864,
        0.724137417898012,
        0.625,
        1.0825317547305484,
        0.5303300858899106,
        0.7300589778306347,
        0.42898458920779164,
        0.6959705453537527,
        0.4330127018922193,
        0.9771699499632145,
        0.5086747487343951,
        0.45069390943299864,
        0.4330127018922193,
        0.45069390943299864,
        0.5590169943749475,
        0.649519052838329
    ],
    [
        0.5965758776365148,
        0.6236095644623235,
        0.4639803635691685,
        0.42491829279939874,
        0.689706056551952,
        0.5559026693385972,
        0.39308254716902513,
        0.6123724356957945,
        0.6859199013814303,
        0.7156485015549029,
        0.5733165734775476,
        0.5416666666666666,
        0.41036907507483766,
        0.6947221666888778,
        1.034978529031185,
        0.4173463843561453,
        0.4639803635691685,
        0.4750730937913075,
        0.5559026693385972,
        0.8640183897219884,
        0.9510593508761106,
        0.6263873490988712,
        0.3726779962499649,
        0.7264831572567789,
        0.5270462766947299,
        0.8107780899303527,
        0.42898458920779164,
        0.5120085719768545,
        0.42898458920779164,
        0.0,
        0.44682522061515034,
        0.3703414340548162,
        0.6984606089266755,
