[
    [
        0.0,
        0.09631896879639025,
        0.05846339666834283,
        0.15229366163764005,
        0.08838834764831845,
        0.1137517170200081,
        0.05846339666834283,
        0.07493486755176124,
        0.11267347735824966,
        0.13621559198564606,
        0.0625,
        0.11692679333668567,
        0.1616262567623219,
        0.3511282039725661,
        0.09504316453590968,
        0.08414320011147662,
        0.0625,
        0.071602745233685,
        0.23696485762661096,
        0.29851520585223124,
        0.1335000585205864,
        0.10004881620988826,
        0.15780476466190746,
        0.10481568644530265,
        0.10711960313126631,
        0.07493486755176124,
        0.08838834764831845,
        0.11587810136086973,
        0.06987712429686843,
        0.11773598495268037,
        0.13887803777055607,
        0.19515618744994995,
        0.09631896879639025,
        0.07328774624724109,
        0.21194781197266463,
        0.08267972847076846,
        0.11481983169296148,
        0.10245997694221876,
        0.09375,
        0.08414320011147662,
        0.078125,
        0.109375,
        0.19037153002601107,
        0.08838834764831845,
        0.08414320011147662,
        0.0855816496101822,
        0.13258252147247765,
        0.12103072956898178,
        0.0924387466109315
    ],
    [
        0.09631896879639025,
        0.0,
        0.06051536478449089,
        0.12401959270615269,
        0.0855816496101822,
        0.06051536478449089,
        0.05633673867912483,
        0.07967217989988726,
        0.10481568644530265,
        0.10126157341262282,
        0.07328774624724109,
        0.06987712429686843,
        0.14905300022139775,
        0.3563048203434806,
        0.034938562148434216,
        0.09375,
        0.09375,
        0.06442352540027595,
        0.24256522962906288,
        0.2881107642904027,
        0.16010860571811872,
        0.07328774624724109,
        0.171875,
        0.10825317547305482,
        0.1616262567623219,
        0.05633673867912483,
        0.11267347735824966,
        0.12979099785809492,
        0.07493486755176124,
        0.0818553835703214,
        0.07967217989988726,
        0.1907274314958391,
        0.12203515118604147,
        0.071602745233685,
        0.20372507516258279,
        0.07967217989988726,
        0.07654655446197431,
        0.13710881855300192,
        0.11587810136086973,
        0.11796616305110547,
        0.06629126073623882,
        0.05182226234930312,
        0.20735447122285813,
        0.06442352540027595,
        0.05633673867912483,
        0.06051536478449089,
        0.09375,
        0.0897587913521567,
        0.02209708691207961
    ],
    [
        0.05846339666834283,
        0.06051536478449089,
        0.0,
        0.14574029770451274,
        0.071602745233685,
        0.08838834764831845,
        0.027063293868263706,
        0.071602745233685,
        0.11158481919598204,
        0.10825317547305482,
        0.04419417382415922,
        0.08838834764831845,
        0.1608692209529219,
        0.35664725657854146,
        0.06442352540027595,
        0.08267972847076846,
        0.06987712429686843,
        0.05846339666834283,
        0.23747943989954162,
        0.28641098093474,
        0.140625,
        0.08267972847076846,
        0.15625,
        0.109375,
        0.1307281291459493,
        0.04941058844013093,
        0.09504316453590968,
        0.1137517170200081,
        0.04941058844013093,
        0.09081039465709735,
        0.11692679333668567,
        0.1887975933374152,
        0.10245997694221876,
        0.06051536478449089,
        0.2013140426050801,
        0.06051536478449089,
        0.08267972847076846,
        0.11796616305110547,
        0.09631896879639025,
        0.09631896879639025,
        0.05182226234930312,
        0.08118988160479113,
        0.19291936643179303,
        0.0625,
        0.06810779599282303,
        0.06051536478449089,
        0.10364452469860624,
        0.10597390598633231,
        0.05846339666834283
    ],
    [
        0.15229366163764005,
        0.12401959270615269,
        0.14574029770451274,
        0.0,
        0.12203515118604147,
        0.08118988160479113,
        0.14905300022139775,
        0.07967217989988726,
        0.08118988160479113,
        0.24655834121967968,
        0.14320549046737,
        0.13799626353637262,
        0.071602745233685,
        0.25,
        0.14320549046737,
        0.18221724671391565,
        0.1887975933374152,
        0.12789613706050704,
        0.14657549249448218,
        0.21079277442550065,
        0.11158481919598204,
        0.16237976320958225,
        0.12203515118604147,
        0.078125,
        0.11587810136086973,
        0.13799626353637262,
        0.16010860571811872,
        0.13975424859373686,
        0.14320549046737,
        0.08990977344600039,
        0.11158481919598204,
        0.11267347735824966,
        0.09504316453590968,
        0.15309310892394862,
        0.12401959270615269,
        0.1608692209529219,
        0.1788362990978062,
        0.14490028899212037,
        0.15309310892394862,
        0.14235052467412967,
        0.15934435979977452,
        0.16237976320958225,
        0.10219487953306552,
        0.14986973510352247,
        0.06987712429686843,
        0.1570293065800139,
        0.19578068884596356,
        0.10364452469860624,
        0.13710881855300192
    ],
    [
        0.08838834764831845,
        0.0855816496101822,
        0.071602745233685,
        0.12203515118604147,
        0.0,
        0.10245997694221876,
        0.071602745233685,
        0.08414320011147662,
        0.11796616305110547,
        0.13975424859373686,
        0.07654655446197431,
        0.09504316453590968,
        0.12401959270615269,
        0.28555729503901667,
        0.08699631816921909,
        0.0625,
        0.078125,
        0.078125,
        0.2312288841710741,
        0.24803918541230538,
        0.12103072956898178,
        0.07967217989988726,
        0.1288470508005519,
        0.10481568644530265,
        0.13441133229754104,
        0.071602745233685,
        0.09504316453590968,
        0.10481568644530265,
        0.046875,
        0.1081278098543057,
        0.10245997694221876,
        0.1788362990978062,
        0.12401959270615269,
        0.09504316453590968,
        0.1660960283239789,
        0.05846339666834283,
        0.09757809372497497,
        0.09757809372497497,
        0.08414320011147662,
        0.09757809372497497,
        0.06810779599282303,
        0.07493486755176124,
        0.1864845186455016,
        0.06810779599282303,
        0.07493486755176124,
        0.06629126073623882,
        0.10245997694221876,
        0.08699631816921909,
        0.0855816496101822
    ],
    [
        0.1137517170200081,
        0.06051536478449089,
        0.08838834764831845,
        0.08118988160479113,
        0.10245997694221876,
        0.0,
        0.07654655446197431,
        0.06629126073623882,
        0.07328774624724109,
        0.12789613706050704,
        0.0897587913521567,
        0.08699631816921909,
        0.10825317547305482,
        0.31792171795899693,
        0.09504316453590968,
        0.11587810136086973,
        0.10597390598633231,
        0.05633673867912483,
        0.18619336387207788,
        0.22152260748059102,
        0.10481568644530265,
        0.109375,
        0.09375,
        0.08118988160479113,
        0.109375,
        0.09110862335695782,
        0.12789613706050704,
        0.08699631816921909,
        0.0897587913521567,
        0.058694935779086695,
        0.10004881620988826,
        0.1335000585205864,
        0.07493486755176124,
        0.07493486755176124,
        0.13441133229754104,
        0.0897587913521567,
        0.08699631816921909,
        0.11692679333668567,
        0.11587810136086973,
        0.10004881620988826,
        0.10711960313126631,
        0.09375,
        0.1369108273759887,
        0.1137517170200081,
        0.05182226234930312,
        0.109375,
        0.09504316453590968,
        0.08267972847076846,
        0.07493486755176124
    ],
    [
        0.05846339666834283,
        0.05633673867912483,
        0.027063293868263706,
        0.14905300022139775,
        0.071602745233685,
        0.07654655446197431,
        0.0,
        0.09375,
        0.11899645477912357,
        0.06629126073623882,
        0.046875,
        0.05412658773652741,
        0.16682934768798924,
        0.39435717075387383,
        0.046875,
        0.08118988160479113,
        0.07328774624724109,
        0.06987712429686843,
        0.25958199571618984,
        0.31366968593569894,
        0.16387638252658618,
        0.07328774624724109,
        0.17044862679118303,
        0.11899645477912357,
        0.15546678704790937,
        0.04941058844013093,
        0.10004881620988826,
        0.1269381000724369,
        0.05182226234930312,
        0.11564376724570061,
        0.11048543456039805,
        0.20904825250405706,
        0.11158481919598204,
        0.04941058844013093,
        0.2275034340400162,
        0.06442352540027595,
        0.04133986423538423,
        0.1335000585205864,
        0.109375,
        0.10597390598633231,
        0.046875,
        0.05633673867912483,
        0.2261280556884626,
        0.0625,
        0.06442352540027595,
        0.0625,
        0.05846339666834283,
        0.11692679333668567,
        0.04133986423538423
    ],
    [
        0.07493486755176124,
        0.07967217989988726,
        0.071602745233685,
        0.07967217989988726,
        0.08414320011147662,
        0.06629126073623882,
        0.09375,
        0.0,
        0.0625,
        0.19515618744994995,
        0.09375,
        0.13258252147247765,
        0.09504316453590968,
        0.273772116686488,
        0.11587810136086973,
        0.109375,
        0.09375,
        0.05846339666834283,
        0.17746588580625855,
        0.2348952559120767,
        0.09631896879639025,
        0.11048543456039805,
        0.12597277731716483,
        0.08118988160479113,
        0.09504316453590968,
        0.10004881620988826,
        0.11587810136086973,
        0.09504316453590968,
        0.0924387466109315,
        0.04968433340713259,
        0.09631896879639025,
        0.1288470508005519,
        0.07967217989988726,
        0.08838834764831845,
        0.14574029770451274,
        0.08838834764831845,
        0.171875,
        0.11796616305110547,
        0.09757809372497497,
        0.09757809372497497,
        0.10711960313126631,
        0.12303137303143455,
        0.12768386116803396,
        0.11267347735824966,
        0.05846339666834283,
        0.11267347735824966,
        0.1875,
        0.071602745233685,
        0.09631896879639025
    ],
    [
        0.11267347735824966,
        0.10481568644530265,
        0.11158481919598204,
        0.08118988160479113,
        0.11796616305110547,
        0.07328774624724109,
        0.11899645477912357,
        0.0625,
        0.0,
        0.20610790559801437,
        0.11048543456039805,
        0.1335000585205864,
        0.08267972847076846,
        0.3001464486296648,
        0.125,
        0.15229366163764005,
        0.13975424859373686,
        0.07967217989988726,
        0.14490028899212037,
        0.16973094517500337,
        0.10711960313126631,
        0.15068204314051492,
        0.06810779599282303,
        0.06810779599282303,
        0.11481983169296148,
        0.12303137303143455,
        0.13975424859373686,
        0.09882117688026186,
        0.1307281291459493,
        0.05560978256266311,
        0.1288470508005519,
        0.10825317547305482,
        0.04133986423538423,
        0.11692679333668567,
        0.0924387466109315,
        0.12597277731716483,
        0.1570293065800139,
        0.11048543456039805,
        0.12979099785809492,
        0.10825317547305482,
        0.1307281291459493,
        0.14320549046737,
        0.11315396345000223,
        0.13887803777055607,
        0.071602745233685,
        0.14149039278339715,
        0.17608480733726006,
        0.09882117688026186,
        0.11796616305110547
    ],
    [
        0.13621559198564606,
        0.10126157341262282,
        0.10825317547305482,
        0.24655834121967968,
        0.13975424859373686,
        0.12789613706050704,
        0.06629126073623882,
        0.19515618744994995,
        0.20610790559801437,
        0.0,
        0.09882117688026186,
        0.07328774624724109,
        0.2647042866577721,
        0.4629853871884079,
        0.071602745233685,
        0.10126157341262282,
        0.11692679333668567,
        0.15309310892394862,
        0.3538984891533164,
        0.4059494080239556,
        0.2572199630180364,
        0.07967217989988726,
        0.2755498763835687,
        0.19702375332685143,
        0.258167369404036,
        0.08118988160479113,
        0.14320549046737,
        0.19452968121857395,
        0.0924387466109315,
        0.19228557231223678,
        0.1514899955442603,
        0.30618621784789724,
        0.20070675904164265,
        0.08838834764831845,
        0.3262595784034547,
        0.09110862335695782,
        0.04133986423538423,
        0.19578068884596356,
        0.1788362990978062,
        0.1767766952966369,
        0.0897587913521567,
        0.07493486755176124,
        0.33515938631658687,
        0.08267972847076846,
        0.13258252147247765,
        0.06810779599282303,
        0.03125,
        0.1907274314958391,
        0.06629126073623882
    ],
    [
        0.0625,
        0.07328774624724109,
        0.04419417382415922,
        0.14320549046737,
        0.07654655446197431,
        0.0897587913521567,
        0.046875,
        0.09375,
        0.11048543456039805,
        0.09882117688026186,
        0.0,
        0.07328774624724109,
        0.15857643070456592,
        0.3462268719712553,
        0.0625,
        0.071602745233685,
        0.06987712429686843,
        0.071602745233685,
        0.24256522962906288,
        0.3140586131600278,
        0.16237976320958225,
        0.07493486755176124,
        0.1781524101717403,
        0.10825317547305482,
        0.14986973510352247,
        0.04941058844013093,
        0.0897587913521567,
        0.1269381000724369,
        0.04941058844013093,
        0.11243246429647345,
        0.10481568644530265,
        0.19764235376052372,
        0.11481983169296148,
        0.06987712429686843,
        0.225888004606265,
        0.04941058844013093,
        0.06810779599282303,
        0.11587810136086973,
        0.0855816496101822,
        0.10825317547305482,
        0.06442352540027595,
        0.06051536478449089,
        0.21162760056156293,
        0.05846339666834283,
        0.071602745233685,
        0.06051536478449089,
        0.07654655446197431,
        0.08838834764831845,
        0.05846339666834283
    ],
    [
        0.11692679333668567,
        0.06987712429686843,
        0.08838834764831845,
        0.13799626353637262,
        0.09504316453590968,
        0.08699631816921909,
        0.05412658773652741,
        0.13258252147247765,
        0.1335000585205864,
        0.07328774624724109,
        0.07328774624724109,
        0.0,
        0.1801962905417312,
        0.3089643739575811,
        0.04133986423538423,
        0.08699631816921909,
        0.10004881620988826,
        0.12103072956898178,
        0.26052081250832915,
        0.3627558364451219,
        0.20669932117692114,
        0.07654655446197431,
        0.2390165396996618,
        0.1269381000724369,
        0.21021287573552672,
        0.04419417382415922,
        0.12401959270615269,
        0.1711632992203644,
        0.07328774624724109,
        0.13809451649544638,
        0.06051536478449089,
        0.22371595411369302,
        0.15625,
        0.09375,
        0.271083618326523,
        0.06987712429686843,
        0.046875,
        0.14986973510352247,
        0.13710881855300192,
        0.16237976320958225,
        0.09110862335695782,
        0.046875,
        0.23890301960791072,
        0.06442352540027595,
        0.0625,
        0.0625,
        0.04941058844013093,
        0.078125,
        0.034938562148434216
    ],
    [
        0.1616262567623219,
        0.14905300022139775,
        0.1608692209529219,
        0.071602745233685,
        0.12401959270615269,
        0.10825317547305482,
        0.16682934768798924,
        0.09504316453590968,
        0.08267972847076846,
        0.2647042866577721,
        0.15857643070456592,
        0.1801962905417312,
        0.0,
        0.2445699350390395,
        0.1781524101717403,
        0.18221724671391565,
        0.17044862679118303,
        0.12303137303143455,
        0.14320549046737,
        0.1690102160373745,
        0.08699631816921909,
        0.171875,
        0.11158481919598204,
        0.08267972847076846,
        0.10126157341262282,
        0.1608692209529219,
        0.15229366163764005,
        0.12103072956898178,
        0.15309310892394862,
        0.08235098073355156,
        0.140625,
        0.10004881620988826,
        0.10004881620988826,
        0.15388840315306412,
        0.08838834764831845,
        0.17258376589355096,
        0.20846350100197397,
        0.1316585902058806,
        0.14823176532039278,
        0.10711960313126631,
        0.16755945773068137,
        0.19008632907181935,
        0.102988124652527,
        0.16828640022295324,
        0.10004881620988826,
        0.171875,
        0.22642776165920997,
        0.11796616305110547,
        0.16755945773068137
    ],
    [
        0.3511282039725661,
        0.3563048203434806,
        0.35664725657854146,
        0.25,
        0.28555729503901667,
        0.31792171795899693,
        0.39435717075387383,
        0.273772116686488,
        0.3001464486296648,
        0.4629853871884079,
        0.3462268719712553,
        0.3089643739575811,
        0.2445699350390395,
        0.0,
        0.3504322108125907,
        0.3045873232752801,
        0.3069825422560703,
        0.34798527267687634,
        0.29481191037676885,
        0.3836884111815211,
        0.2430679560328757,
        0.2881107642904027,
        0.33620991861484395,
        0.25194555463432966,
        0.2688226645950821,
        0.3497348325874905,
        0.26836818808308854,
        0.2795084971874737,
        0.3419698223162389,
        0.28245305964492184,
        0.21021287573552672,
        0.2533949178160446,
        0.2976962325509008,
        0.359375,
        0.30338262248355624,
        0.30777680630612825,
        0.39373759901106725,
        0.2543565718140579,
        0.26052081250832915,
        0.27198273727389394,
        0.3630921887069453,
        0.3504322108125907,
        0.2654717695286387,
        0.3497348325874905,
        0.28341183042526646,
        0.3504322108125907,
        0.3924955214712647,
        0.2430679560328757,
        0.3497348325874905
    ],
    [
        0.09504316453590968,
        0.034938562148434216,
        0.06442352540027595,
        0.14320549046737,
        0.08699631816921909,
        0.09504316453590968,
        0.046875,
        0.11587810136086973,
        0.125,
        0.071602745233685,
        0.0625,
        0.04133986423538423,
        0.1781524101717403,
        0.3504322108125907,
        0.0,
        0.07967217989988726,
        0.08838834764831845,
        0.09504316453590968,
        0.2670001170411728,
        0.3433947027474361,
        0.19578068884596356,
        0.06442352540027595,
        0.2153757617514097,
        0.120017902310447,
        0.203125,
        0.04133986423538423,
        0.109375,
        0.16010860571811872,
        0.06442352540027595,
        0.11738987155817339,
        0.078125,
        0.21650635094610965,
        0.14657549249448218,
        0.08267972847076846,
        0.24853083938416978,
        0.06987712429686843,
        0.04419417382415922,
        0.14320549046737,
        0.12103072956898178,
        0.14490028899212037,
        0.06629126073623882,
        0.034938562148434216,
        0.2436253242401354,
        0.04133986423538423,
        0.0625,
        0.04941058844013093,
        0.05412658773652741,
        0.08838834764831845,
        0.02209708691207961
    ],
    [
        0.08414320011147662,
        0.09375,
        0.08267972847076846,
        0.18221724671391565,
        0.0625,
        0.11587810136086973,
        0.08118988160479113,
        0.109375,
        0.15229366163764005,
        0.10126157341262282,
        0.071602745233685,
        0.08699631816921909,
        0.18221724671391565,
        0.3045873232752801,
        0.07967217989988726,
        0.0,
        0.06810779599282303,
        0.10004881620988826,
        0.2548360379734389,
        0.34089725358236606,
        0.17044862679118303,
        0.04419417382415922,
        0.22857404434887177,
        0.1269381000724369,
        0.15625,
        0.06051536478449089,
        0.08118988160479113,
        0.16010860571811872,
        0.04419417382415922,
        0.1326847833630937,
        0.11267347735824966,
        0.213096589015404,
        0.13531646934131855,
        0.08118988160479113,
        0.26378035962709584,
        0.04419417382415922,
        0.0897587913521567,
        0.11158481919598204,
        0.08838834764831845,
        0.11481983169296148,
        0.05846339666834283,
        0.071602745233685,
        0.2225000975343107,
        0.071602745233685,
        0.11899645477912357,
        0.06051536478449089,
        0.09504316453590968,
        0.10004881620988826,
        0.07967217989988726
    ],
    [
        0.0625,
        0.09375,
        0.06987712429686843,
        0.1887975933374152,
        0.078125,
        0.10597390598633231,
        0.07328774624724109,
        0.09375,
        0.13975424859373686,
        0.11692679333668567,
        0.06987712429686843,
        0.10004881620988826,
        0.17044862679118303,
        0.3069825422560703,
        0.08838834764831845,
        0.06810779599282303,
        0.0,
        0.07328774624724109,
        0.22857404434887177,
        0.28853414550967793,
        0.13710881855300192,
        0.07493486755176124,
        0.15857643070456592,
        0.11158481919598204,
        0.120017902310447,
        0.07493486755176124,
        0.06051536478449089,
        0.11158481919598204,
        0.06810779599282303,
        0.11704273465752203,
        0.14235052467412967,
        0.18814991529362962,
        0.11481983169296148,
        0.07493486755176124,
        0.20904825250405706,
        0.06629126073623882,
        0.09757809372497497,
        0.08699631816921909,
        0.071602745233685,
        0.09375,
        0.06810779599282303,
        0.09375,
        0.1912245807363106,
        0.0855816496101822,
        0.11158481919598204,
        0.078125,
        0.10711960313126631,
        0.10245997694221876,
        0.09110862335695782
    ],
    [
        0.071602745233685,
        0.06442352540027595,
        0.05846339666834283,
        0.12789613706050704,
        0.078125,
        0.05633673867912483,
        0.06987712429686843,
        0.05846339666834283,
        0.07967217989988726,
        0.15309310892394862,
        0.071602745233685,
        0.12103072956898178,
        0.12303137303143455,
        0.34798527267687634,
        0.09504316453590968,
        0.10004881620988826,
        0.07328774624724109,
        0.0,
        0.1887975933374152,
        0.23017062285400366,
        0.12979099785809492,
        0.10126157341262282,
        0.10825317547305482,
        0.09504316453590968,
        0.10364452469860624,
        0.0855816496101822,
        0.09757809372497497,
        0.08699631816921909,
        0.08414320011147662,
        0.05799754544614604,
        0.12203515118604147,
        0.14235052467412967,
        0.07328774624724109,
        0.04941058844013093,
        0.16010860571811872,
        0.08699631816921909,
        0.12103072956898178,
        0.10481568644530265,
        0.09504316453590968,
        0.07654655446197431,
        0.071602745233685,
        0.109375,
        0.1534470819026691,
        0.09631896879639025,
        0.071602745233685,
        0.09375,
        0.14405538214520136,
        0.09375,
        0.0855816496101822
    ],
    [
        0.23696485762661096,
        0.24256522962906288,
        0.23747943989954162,
        0.14657549249448218,
        0.2312288841710741,
        0.18619336387207788,
        0.25958199571618984,
        0.17746588580625855,
        0.14490028899212037,
        0.3538984891533164,
        0.24256522962906288,
        0.26052081250832915,
        0.14320549046737,
        0.29481191037676885,
        0.2670001170411728,
        0.2548360379734389,
        0.22857404434887177,
        0.1887975933374152,
        0.0,
        0.13887803777055607,
        0.16973094517500337,
        0.2543565718140579,
        0.13799626353637262,
        0.1570293065800139,
        0.1288470508005519,
        0.2572199630180364,
        0.22696623509896796,
        0.16535945694153692,
        0.2548360379734389,
        0.1389756673346493,
        0.22480460265528374,
        0.09375,
        0.12103072956898178,
        0.20009763241977652,
        0.11796616305110547,
        0.2430679560328757,
        0.297285899850632,
        0.1711632992203644,
        0.22152260748059102,
        0.15934435979977452,
        0.2538762001448738,
        0.2821167200823092,
        0.13420936173672005,
        0.2692763740564701,
        0.18154609435347266,
        0.2692763740564701,
        0.3167677333236452,
        0.20372507516258279,
        0.26005182776708186
    ],
    [
        0.29851520585223124,
        0.2881107642904027,
        0.28641098093474,
        0.21079277442550065,
        0.24803918541230538,
        0.22152260748059102,
        0.31366968593569894,
        0.2348952559120767,
        0.16973094517500337,
        0.4059494080239556,
        0.3140586131600278,
        0.3627558364451219,
        0.1690102160373745,
        0.3836884111815211,
        0.3433947027474361,
        0.34089725358236606,
        0.28853414550967793,
        0.23017062285400366,
        0.13887803777055607,
        0.0,
        0.1875,
        0.32886820593514354,
        0.14490028899212037,
        0.21079277442550065,
        0.16973094517500337,
        0.31522251565362525,
        0.29022149407822984,
        0.1711632992203644,
        0.2943975575221371,
        0.18829403627630437,
        0.2803806007019744,
        0.14235052467412967,
        0.15546678704790937,
        0.2445699350390395,
        0.11899645477912357,
        0.30856902590830465,
        0.38177474133970674,
        0.24902152266420668,
        0.2872621298570349,
        0.20904825250405706,
        0.31638213642682167,
        0.3462268719712553,
        0.15238269623258116,
        0.328125,
        0.2633171804117612,
        0.3205981957606749,
        0.39989012162717896,
        0.2799448885495143,
        0.3125
    ],
    [
        0.1335000585205864,
        0.16010860571811872,
        0.140625,
        0.11158481919598204,
        0.12103072956898178,
        0.10481568644530265,
        0.16387638252658618,
        0.09631896879639025,
        0.10711960313126631,
        0.2572199630180364,
        0.16237976320958225,
        0.20669932117692114,
        0.08699631816921909,
        0.2430679560328757,
        0.19578068884596356,
        0.17044862679118303,
        0.13710881855300192,
        0.12979099785809492,
        0.16973094517500337,
        0.1875,
        0.0,
        0.1690102160373745,
        0.09504316453590968,
        0.0924387466109315,
        0.12789613706050704,
        0.1660960283239789,
        0.14405538214520136,
        0.10126157341262282,
        0.1514899955442603,
        0.09688060019655353,
        0.13258252147247765,
        0.12597277731716483,
        0.11158481919598204,
        0.14149039278339715,
        0.09631896879639025,
        0.13621559198564606,
        0.2275034340400162,
        0.13975424859373686,
        0.1288470508005519,
        0.125,
        0.1801962905417312,
        0.19825902406952375,
        0.10724614730194791,
        0.1753901900050285,
        0.12303137303143455,
        0.1788362990978062,
        0.24206145913796356,
        0.1269381000724369,
        0.17328963291264715
    ],
    [
        0.10004881620988826,
        0.07328774624724109,
        0.08267972847076846,
        0.16237976320958225,
        0.07967217989988726,
        0.109375,
        0.07328774624724109,
        0.11048543456039805,
        0.15068204314051492,
        0.07967217989988726,
        0.07493486755176124,
        0.07654655446197431,
        0.171875,
        0.2881107642904027,
        0.06442352540027595,
        0.04419417382415922,
        0.07493486755176124,
        0.10126157341262282,
        0.2543565718140579,
        0.32886820593514354,
        0.1690102160373745,
        0.0,
        0.22534695471649932,
        0.140625,
        0.15934435979977452,
        0.06051536478449089,
        0.08838834764831845,
        0.15625,
        0.06051536478449089,
        0.12704490539219238,
        0.08118988160479113,
        0.21021287573552672,
        0.14740595518838442,
        0.0897587913521567,
        0.24556615071096424,
        0.046875,
        0.0625,
        0.12401959270615269,
        0.09375,
        0.12597277731716483,
        0.05633673867912483,
        0.04941058844013093,
        0.22140011777950294,
        0.05846339666834283,
        0.10364452469860624,
        0.046875,
        0.05633673867912483,
        0.0855816496101822,
        0.06051536478449089
    ],
    [
        0.15780476466190746,
        0.171875,
        0.15625,
        0.12203515118604147,
        0.1288470508005519,
        0.09375,
        0.17044862679118303,
        0.12597277731716483,
        0.06810779599282303,
        0.2755498763835687,
        0.1781524101717403,
        0.2390165396996618,
        0.11158481919598204,
        0.33620991861484395,
        0.2153757617514097,
        0.22857404434887177,
        0.15857643070456592,
        0.10825317547305482,
        0.13799626353637262,
        0.14490028899212037,
        0.09504316453590968,
        0.22534695471649932,
        0.0,
        0.11481983169296148,
        0.09757809372497497,
        0.184877493221863,
        0.1795175827043134,
        0.10004881620988826,
        0.1616262567623219,
        0.0798422381081036,
        0.1753901900050285,
        0.10597390598633231,
        0.06987712429686843,
        0.12103072956898178,
        0.09757809372497497,
        0.17469281074217108,
        0.2415566380271923,
        0.15857643070456592,
        0.16682934768798924,
        0.11267347735824966,
        0.18684782411095935,
        0.22857404434887177,
        0.11134144961683305,
        0.1926379375927805,
        0.1269381000724369,
        0.19452968121857395,
        0.2619227283475033,
        0.1795175827043134,
        0.19825902406952375
    ],
    [
        0.10481568644530265,
        0.10825317547305482,
        0.109375,
        0.078125,
        0.10481568644530265,
        0.08118988160479113,
        0.11899645477912357,
        0.08118988160479113,
        0.06810779599282303,
        0.19702375332685143,
        0.10825317547305482,
        0.1269381000724369,
        0.08267972847076846,
        0.25194555463432966,
        0.120017902310447,
        0.1269381000724369,
        0.11158481919598204,
        0.09504316453590968,
        0.1570293065800139,
        0.21079277442550065,
        0.0924387466109315,
        0.140625,
        0.11481983169296148,
        0.0,
        0.11158481919598204,
        0.11796616305110547,
        0.12203515118604147,
        0.10597390598633231,
        0.125,
        0.07984223810810363,
        0.11267347735824966,
        0.109375,
        0.08118988160479113,
        0.1269381000724369,
        0.11796616305110547,
        0.11796616305110547,
        0.1514899955442603,
        0.09882117688026186,
        0.10711960313126631,
        0.11481983169296148,
        0.13531646934131855,
        0.13710881855300192,
        0.09125737222882932,
        0.13441133229754104,
        0.0855816496101822,
        0.13887803777055607,
        0.16461958988832404,
        0.0855816496101822,
        0.11692679333668567
    ],
    [
        0.10711960313126631,
        0.1616262567623219,
        0.1307281291459493,
        0.11587810136086973,
        0.13441133229754104,
        0.109375,
        0.15546678704790937,
        0.09504316453590968,
        0.11481983169296148,
        0.258167369404036,
        0.14986973510352247,
        0.21021287573552672,
        0.10126157341262282,
        0.2688226645950821,
        0.203125,
        0.15625,
        0.120017902310447,
        0.10364452469860624,
        0.1288470508005519,
        0.16973094517500337,
        0.12789613706050704,
        0.15934435979977452,
        0.09757809372497497,
        0.11158481919598204,
        0.0,
        0.1781524101717403,
        0.14235052467412967,
        0.09375,
        0.14405538214520136,
        0.08715208609729952,
        0.13975424859373686,
        0.09110862335695782,
        0.07967217989988726,
        0.08838834764831845,
        0.10004881620988826,
        0.1269381000724369,
        0.2415566380271923,
        0.12103072956898178,
        0.1288470508005519,
        0.071602745233685,
        0.16755945773068137,
        0.20070675904164265,
        0.13237776069936283,
        0.184877493221863,
        0.13975424859373686,
        0.18288593610499415,
        0.258167369404036,
        0.13975424859373686,
        0.1781524101717403
    ],
    [
        0.07493486755176124,
        0.05633673867912483,
        0.04941058844013093,
        0.13799626353637262,
        0.071602745233685,
        0.09110862335695782,
        0.04941058844013093,
        0.10004881620988826,
        0.12303137303143455,
        0.08118988160479113,
        0.04941058844013093,
        0.04419417382415922,
        0.1608692209529219,
        0.3497348325874905,
        0.04133986423538423,
        0.06051536478449089,
        0.07493486755176124,
        0.0855816496101822,
        0.2572199630180364,
        0.31522251565362525,
        0.1660960283239789,
        0.06051536478449089,
        0.184877493221863,
        0.11796616305110547,
        0.1781524101717403,
        0.0,
        0.0924387466109315,
        0.1335000585205864,
        0.05182226234930312,
        0.12147816447594376,
        0.08699631816921909,
        0.20610790559801437,
        0.13531646934131855,
        0.08838834764831845,
        0.22480460265528374,
        0.04941058844013093,
        0.05633673867912483,
        0.1307281291459493,
        0.10126157341262282,
        0.125,
        0.0625,
        0.046875,
        0.22809883792143945,
        0.05182226234930312,
        0.071602745233685,
        0.046875,
        0.06051536478449089,
        0.0897587913521567,
        0.04419417382415922
    ],
    [
        0.08838834764831845,
        0.11267347735824966,
        0.09504316453590968,
        0.16010860571811872,
        0.09504316453590968,
        0.12789613706050704,
        0.10004881620988826,
        0.11587810136086973,
        0.13975424859373686,
        0.14320549046737,
        0.0897587913521567,
        0.12401959270615269,
        0.15229366163764005,
        0.26836818808308854,
        0.109375,
        0.08118988160479113,
        0.06051536478449089,
        0.09757809372497497,
        0.22696623509896796,
        0.29022149407822984,
        0.14405538214520136,
        0.08838834764831845,
        0.1795175827043134,
        0.12203515118604147,
        0.14235052467412967,
        0.0924387466109315,
        0.0,
        0.13258252147247765,
        0.08699631816921909,
        0.12884705080055187,
        0.12401959270615269,
        0.16973094517500337,
        0.14320549046737,
        0.11048543456039805,
        0.19327057620082783,
        0.0924387466109315,
        0.12203515118604147,
        0.09110862335695782,
        0.08118988160479113,
        0.10481568644530265,
        0.08267972847076846,
        0.109375,
        0.2001654046934962,
        0.09504316453590968,
        0.11481983169296148,
        0.08838834764831845,
        0.1335000585205864,
        0.10004881620988826,
        0.11048543456039805
    ],
    [
        0.11587810136086973,
        0.12979099785809492,
        0.1137517170200081,
        0.13975424859373686,
        0.10481568644530265,
        0.08699631816921909,
        0.1269381000724369,
        0.09504316453590968,
        0.09882117688026186,
        0.19452968121857395,
        0.1269381000724369,
        0.1711632992203644,
        0.12103072956898178,
        0.2795084971874737,
        0.16010860571811872,
        0.16010860571811872,
        0.11158481919598204,
        0.08699631816921909,
        0.16535945694153692,
        0.1711632992203644,
        0.10126157341262282,
        0.15625,
        0.10004881620988826,
        0.10597390598633231,
        0.09375,
        0.1335000585205864,
        0.13258252147247765,
        0.0,
        0.11587810136086973,
        0.09081039465709735,
        0.140625,
        0.13441133229754104,
        0.0897587913521567,
        0.08838834764831845,
        0.12979099785809492,
        0.12597277731716483,
        0.16535945694153692,
        0.12303137303143455,
        0.11796616305110547,
        0.09375,
        0.1335000585205864,
        0.17044862679118303,
        0.1534470819026691,
        0.14405538214520136,
        0.1137517170200081,
        0.14405538214520136,
        0.18814991529362962,
        0.14490028899212037,
        0.14490028899212037
    ],
    [
        0.06987712429686843,
        0.07493486755176124,
        0.04941058844013093,
        0.14320549046737,
        0.046875,
        0.0897587913521567,
        0.05182226234930312,
        0.0924387466109315,
        0.1307281291459493,
        0.0924387466109315,
        0.04941058844013093,
        0.07328774624724109,
        0.15309310892394862,
        0.3419698223162389,
        0.06442352540027595,
        0.04419417382415922,
        0.06810779599282303,
        0.08414320011147662,
        0.2548360379734389,
        0.2943975575221371,
        0.1514899955442603,
        0.06051536478449089,
        0.1616262567623219,
        0.125,
        0.14405538214520136,
        0.05182226234930312,
        0.08699631816921909,
        0.11587810136086973,
        0.0,
        0.12013086036115411,
        0.10004881620988826,
        0.2013140426050801,
        0.12979099785809492,
        0.07967217989988726,
        0.21021287573552672,
        0.04133986423538423,
        0.07654655446197431,
        0.11481983169296148,
        0.08699631816921909,
        0.10481568644530265,
        0.04419417382415922,
        0.05412658773652741,
        0.21581613911563188,
        0.05182226234930312,
        0.07967217989988726,
        0.04419417382415922,
        0.08118988160479113,
        0.09882117688026186,
        0.06051536478449089
    ],
    [
        0.11773598495268037,
        0.0818553835703214,
        0.09081039465709735,
        0.08990977344600039,
        0.1081278098543057,
        0.058694935779086695,
        0.11564376724570061,
        0.04968433340713259,
        0.05560978256266311,
        0.19228557231223678,
        0.11243246429647345,
        0.13809451649544638,
        0.08235098073355156,
        0.28245305964492184,
        0.11738987155817339,
        0.1326847833630937,
        0.11704273465752203,
        0.05799754544614604,
        0.1389756673346493,
        0.18829403627630437,
        0.09688060019655353,
        0.12704490539219238,
        0.0798422381081036,
