[
    [
        0.0,
        1.648863244784115,
        3.191786333700926,
        0.875,
        2.521780125229002,
        1.8666480653835098,
        2.03100960115899,
        1.4842927608797396,
        3.0695072894521687,
        3.0413812651491097,
        0.414578098794425,
        1.595893166850463,
        1.1858541225631423,
        2.0348525745124633,
        2.8559149146989657,
        1.5258194519667128,
        1.7365554986812255,
        2.468552207266437,
        3.072051431861127,
        2.2043990110685496,
        3.7914377220257753,
        3.5947009611371015,
        2.331844763272204,
        2.8034576865007255,
        2.7357585785299112,
        4.444097208657794,
        0.82915619758885,
        2.5860201081971503,
        1.5662455107677085,
        2.675116819879087,
        2.0,
        1.9724667297574374,
        3.3888604279314896,
        3.7228181529588578,
        0.7071067811865476,
        3.838538133196022,
        2.817356917396161,
        2.9895651857753496,
        2.8339460121886586,
        2.9764702249476644,
        4.07929221802018,
        1.6153559979150107,
        2.7300412084801944,
        3.9191038516477206,
        2.8695600708122493,
        2.190176933491904,
        2.1213203435596424,
        1.1388041973930374,
        2.2395591083961146,
        0.9270248108869579
    ],
    [
        1.648863244784115,
        0.0,
        1.6677080080157918,
        0.81967981553775,
        1.224744871391589,
        0.8385254915624212,
        0.9682458365518543,
        0.770551750371122,
        1.4415703243338496,
        1.5811388300841898,
        1.118033988749895,
        0.82915619758885,
        0.8003905296791061,
        0.9682458365518543,
        1.403121520040228,
        0.7288689868556626,
        0.8100925873009825,
        1.2054563451241194,
        1.6863421954040052,
        1.0383279828647594,
        1.80710403685012,
        1.7897276329095442,
        1.0307764064044151,
        1.334634781503914,
        1.5206906325745548,
        2.1505813167606567,
        0.8838834764831844,
        1.2747548783981961,
        0.81967981553775,
        1.2747548783981961,
        0.9100137361600648,
        0.9185586535436918,
        1.571225636247067,
        1.6817030058842137,
        0.9354143466934853,
        1.7001838135919305,
        1.286953767623375,
        1.4684175155588413,
        1.3110110602126894,
        1.4469796128487782,
        2.065338955232288,
        0.7806247497997998,
        1.3635890143294642,
        1.8708286933869707,
        1.3635890143294642,
        0.9921567416492215,
        1.0231690964840563,
        0.81967981553775,
        1.0968705484240153,
        0.8926785535678563
    ],
    [
        3.191786333700926,
        1.6677080080157918,
        0.0,
        2.0077973005261263,
        1.4684175155588413,
        1.6105123408406408,
        1.571225636247067,
        1.7365554986812255,
        1.3287682265918312,
        1.403121520040228,
        2.080414622136655,
        1.6345871038277526,
        1.8833148966649205,
        1.5612494995995996,
        1.4361406616345072,
        1.6583123951777,
        1.541103500742244,
        1.4947825928876748,
        1.334634781503914,
        1.4252192813739224,
        1.4523687548277813,
        1.2930100540985752,
        1.3919410907075054,
        1.4361406616345072,
        1.403121520040228,
        1.595893166850463,
        1.956559480312316,
        1.3806701271484076,
        1.6441183047457382,
        1.5562374497485916,
        1.6007810593582121,
        1.6153559979150107,
        1.4197270864500684,
        1.489546910976623,
        2.084166500066633,
        1.4142135623730951,
        1.346291201783626,
        1.2054563451241194,
        1.2747548783981961,
        1.5309310892394863,
        1.6723860200324565,
        1.6056540723331412,
        1.25,
        1.5103807466993215,
        1.4086784586980805,
        1.403121520040228,
        1.4086784586980805,
        1.7897276329095442,
        1.3693063937629153,
        2.1139418156609704
    ],
    [
        0.875,
        0.81967981553775,
        2.0077973005261263,
        0.0,
        1.4142135623730951,
        0.960143218483576,
        1.103970108290981,
        0.7806247497997998,
        1.6630168369562588,
        1.80710403685012,
        0.5994789404140899,
        0.7905694150420949,
        0.5863019699779287,
        1.0825317547305484,
        1.6345871038277526,
        0.7905694150420949,
        0.9185586535436918,
        1.4469796128487782,
        1.920286436967152,
        1.1792476415070754,
        2.0463381929681126,
        2.1866069605669876,
        1.2374368670764582,
        1.590990257669732,
        1.75,
        2.375,
        0.45069390943299864,
        1.5811388300841898,
        0.8003905296791061,
        1.5206906325745548,
        0.9519716382329886,
        1.0231690964840563,
        1.8371173070873836,
        2.084166500066633,
        0.33071891388307384,
        1.875,
        1.5258194519667128,
        1.79843682124227,
        1.5360257159305635,
        1.7853571071357126,
        2.4109126902482387,
        0.7905694150420949,
        1.653594569415369,
        2.099106952968333,
        1.5461646096066226,
        1.1110243021644486,
        1.14564392373896,
        0.5448623679425842,
        1.286953767623375,
        0.45069390943299864
    ],
    [
        2.521780125229002,
        1.224744871391589,
        1.4684175155588413,
        1.4142135623730951,
        0.0,
        1.2054563451241194,
        1.125,
        1.340475661845451,
        1.3110110602126894,
        1.352081728298996,
        1.625,
        1.165922381636102,
        1.4469796128487782,
        1.1989578808281798,
        1.2686114456365274,
        1.2054563451241194,
        1.159202311936963,
        1.2119199643540823,
        1.595893166850463,
        1.0897247358851685,
        1.620185174601965,
        1.695582495781317,
        1.1388041973930374,
        1.2562344526401112,
        1.5155444566227676,
        1.8666480653835098,
        1.4306903927824497,
        1.3287682265918312,
        1.2374368670764582,
        1.243734296383275,
        1.2054563451241194,
        1.2054563451241194,
        1.352081728298996,
        1.5258194519667128,
        1.5206906325745548,
        1.3975424859373686,
        1.2930100540985752,
        1.479019945774904,
        1.2374368670764582,
        1.489546910976623,
        1.9882467150733583,
        1.1858541225631423,
        1.3693063937629153,
        1.6056540723331412,
        1.2624381172952597,
        1.165922381636102,
        1.192424001771182,
        1.3635890143294642,
        1.2747548783981961,
        1.541103500742244
    ],
    [
        1.8666480653835098,
        0.8385254915624212,
        1.6105123408406408,
        0.960143218483576,
        1.2054563451241194,
        0.0,
        1.0,
        0.9437293044088437,
        1.4469796128487782,
        1.5258194519667128,
        1.2054563451241194,
        0.9013878188659973,
        0.9842509842514764,
        0.9921567416492215,
        1.4737282653189494,
        0.8838834764831844,
        0.9842509842514764,
        1.192424001771182,
        1.7230060940112777,
        1.0458250331675945,
        1.704772712123232,
        1.7544586059522749,
        1.125,
        1.2747548783981961,
        1.5612494995995996,
        2.2043990110685496,
        0.9762812094883317,
        1.346291201783626,
        0.8926785535678563,
        1.243734296383275,
        1.0606601717798212,
        1.0606601717798212,
        1.6393596310755,
        1.75,
        1.0606601717798212,
        1.7230060940112777,
        1.224744871391589,
        1.4469796128487782,
        1.2808688457449497,
        1.357847561400027,
        2.0,
        0.9682458365518543,
        1.346291201783626,
        1.8708286933869707,
        1.3863170633011772,
        0.9437293044088437,
        1.0825317547305484,
        0.9100137361600648,
        1.165922381636102,
        1.0231690964840563
    ],
    [
        2.03100960115899,
        0.9682458365518543,
        1.571225636247067,
        1.103970108290981,
        1.125,
        1.0,
        0.0,
        1.0,
        1.4684175155588413,
        1.5562374497485916,
        1.352081728298996,
        1.0,
        1.0825317547305484,
        1.0231690964840563,
        1.3635890143294642,
        0.9842509842514764,
        0.9762812094883317,
        1.1989578808281798,
        1.6630168369562588,
        1.0231690964840563,
        1.713913650100261,
        1.7897276329095442,
        1.0606601717798212,
        1.2054563451241194,
        1.5461646096066226,
        2.091650066335189,
        1.1524430571616109,
        1.2686114456365274,
        0.8926785535678563,
        1.165922381636102,
        1.0,
        1.0383279828647594,
        1.5206906325745548,
        1.6863421954040052,
        1.2183492931011204,
        1.6345871038277526,
        1.3228756555322954,
        1.4842927608797396,
        1.1792476415070754,
        1.4842927608797396,
        2.038688303787511,
        0.9921567416492215,
        1.375,
        1.7721808598447282,
        1.346291201783626,
        1.0752906583803283,
        0.9437293044088437,
        1.0458250331675945,
        1.1524430571616109,
        1.1858541225631423
    ],
    [
        1.4842927608797396,
        0.770551750371122,
        1.7365554986812255,
        0.7806247497997998,
        1.340475661845451,
        0.9437293044088437,
        1.0,
        0.0,
        1.5360257159305635,
        1.6817030058842137,
        0.9921567416492215,
        0.9354143466934853,
        0.649519052838329,
        0.9842509842514764,
        1.4415703243338496,
        0.8003905296791061,
        0.8003905296791061,
        1.299038105676658,
        1.7633419974582356,
        1.1110243021644486,
        1.8708286933869707,
        1.8874586088176875,
        1.1858541225631423,
        1.4252192813739224,
        1.625,
        2.099106952968333,
        0.8003905296791061,
        1.3806701271484076,
        0.8477912478906585,
        1.3806701271484076,
        0.9519716382329886,
        0.8838834764831844,
        1.6393596310755,
        1.9162137145944864,
        0.8477912478906585,
        1.7320508075688772,
        1.4142135623730951,
        1.620185174601965,
        1.3287682265918312,
        1.6105123408406408,
        2.1758618981911515,
        0.8100925873009825,
        1.479019945774904,
        1.9121323175972944,
        1.4086784586980805,
        1.0825317547305484,
        1.015504800579495,
        0.7806247497997998,
        1.2562344526401112,
        0.8003905296791061
    ],
    [
        3.0695072894521687,
        1.4415703243338496,
        1.3287682265918312,
        1.6630168369562588,
        1.3110110602126894,
        1.4469796128487782,
        1.4684175155588413,
        1.5360257159305635,
        0.0,
        1.375,
        2.0155644370746373,
        1.357847561400027,
        1.6583123951777,
        1.334634781503914,
        1.346291201783626,
        1.4361406616345072,
        1.3228756555322954,
        1.4306903927824497,
        1.5761900266148114,
        1.3287682265918312,
        1.5103807466993215,
        1.5309310892394863,
        1.286953767623375,
        1.340475661845451,
        1.6909686573085854,
        1.776583800443987,
        1.6007810593582121,
        1.4577379737113252,
        1.4523687548277813,
        1.4361406616345072,
        1.3863170633011772,
        1.352081728298996,
        1.3975424859373686,
        1.4947825928876748,
        1.9882467150733583,
        1.403121520040228,
        1.3693063937629153,
        1.479019945774904,
        1.243734296383275,
        1.4252192813739224,
        1.824314939915803,
        1.4142135623730951,
        1.3635890143294642,
        1.5,
        1.286953767623375,
        1.340475661845451,
        1.352081728298996,
        1.541103500742244,
        1.3287682265918312,
        2.0077973005261263
    ],
    [
        3.0413812651491097,
        1.5811388300841898,
        1.403121520040228,
        1.80710403685012,
        1.352081728298996,
        1.5258194519667128,
        1.5562374497485916,
        1.6817030058842137,
        1.375,
        0.0,
        2.1102428770167667,
        1.4630874888399532,
        1.8114220932736798,
        1.3635890143294642,
        1.352081728298996,
        1.58607219255619,
        1.4361406616345072,
        1.4252192813739224,
        1.4306903927824497,
        1.4142135623730951,
        1.6817030058842137,
        1.5512092057488571,
        1.3975424859373686,
        1.3693063937629153,
        1.4523687548277813,
        1.6770509831248424,
        1.8200274723201295,
        1.4142135623730951,
        1.6056540723331412,
        1.4947825928876748,
        1.5155444566227676,
        1.5155444566227676,
        1.5309310892394863,
        1.5811388300841898,
        2.0463381929681126,
        1.5461646096066226,
        1.4947825928876748,
        1.346291201783626,
        1.3806701271484076,
        1.625,
        1.8328597873268975,
        1.5512092057488571,
        1.3693063937629153,
        1.6153559979150107,
        1.375,
        1.479019945774904,
        1.4737282653189494,
        1.704772712123232,
        1.2562344526401112,
        2.057759704144291
    ],
    [
        0.414578098794425,
        1.118033988749895,
        2.080414622136655,
        0.5994789404140899,
        1.625,
        1.2054563451241194,
        1.352081728298996,
        0.9921567416492215,
        2.0155644370746373,
        2.1102428770167667,
        0.0,
        1.0383279828647594,
        0.82915619758885,
        1.352081728298996,
        1.9324531042175384,
        1.0307764064044151,
        1.1388041973930374,
        1.7230060940112777,
        2.091650066335189,
        1.357847561400027,
        2.6368778887161235,
        2.5310570914145734,
        1.489546910976623,
        1.8874586088176875,
        1.9243505397925815,
        3.2113081446662823,
        0.5153882032022076,
        1.776583800443987,
        1.0680004681646913,
        1.8708286933869707,
        1.192424001771182,
        1.3228756555322954,
        2.25,
        2.5890393971509975,
        0.5153882032022076,
        2.5799709300687867,
        1.8200274723201295,
        1.996089927833914,
        1.7677669529663689,
        2.084166500066633,
        2.9764702249476644,
        1.0458250331675945,
        1.8200274723201295,
        2.7414640249326636,
        1.8833148966649205,
        1.299038105676658,
        1.346291201783626,
        0.739509972887452,
        1.5103807466993215,
        0.5994789404140899
    ],
    [
        1.595893166850463,
        0.82915619758885,
        1.6345871038277526,
        0.7905694150420949,
        1.165922381636102,
        0.9013878188659973,
        1.0,
        0.9354143466934853,
        1.357847561400027,
        1.4630874888399532,
        1.0383279828647594,
        0.0,
        0.8660254037844386,
        0.9100137361600648,
        1.3228756555322954,
        0.7071067811865476,
        0.81967981553775,
        1.103970108290981,
        1.7001838135919305,
        1.0231690964840563,
        1.71846588560844,
        1.8328597873268975,
        0.9842509842514764,
        1.2930100540985752,
        1.541103500742244,
        2.1065374432940898,
        0.8569568250501305,
        1.286953767623375,
        0.8569568250501305,
        1.2374368670764582,
        0.9921567416492215,
        0.9682458365518543,
        1.5811388300841898,
        1.8371173070873836,
        0.8838834764831844,
        1.71846588560844,
        1.2624381172952597,
        1.479019945774904,
        1.2808688457449497,
        1.4630874888399532,
        2.1286732957408003,
        0.8569568250501305,
        1.3228756555322954,
        1.7940875118009154,
        1.3110110602126894,
        0.9842509842514764,
        1.0383279828647594,
        0.7603453162872774,
        1.103970108290981,
        0.8477912478906585
    ],
    [
        1.1858541225631423,
        0.8003905296791061,
        1.8833148966649205,
        0.5863019699779287,
        1.4469796128487782,
        0.9842509842514764,
        1.0825317547305484,
        0.649519052838329,
        1.6583123951777,
        1.8114220932736798,
        0.82915619758885,
        0.8660254037844386,
        0.0,
        1.0680004681646913,
        1.4947825928876748,
        0.7071067811865476,
        0.8926785535678563,
        1.3635890143294642,
        1.8624580532189174,
        1.165922381636102,
        2.03100960115899,
        2.03100960115899,
        1.25,
        1.5562374497485916,
        1.7001838135919305,
        2.2325713874364688,
        0.7071067811865476,
        1.4523687548277813,
        0.739509972887452,
        1.5155444566227676,
        0.9354143466934853,
        0.9354143466934853,
        1.7677669529663689,
        2.0463381929681126,
        0.6373774391990981,
        1.8413649828320293,
        1.5761900266148114,
        1.713913650100261,
        1.5155444566227676,
        1.7455300054711176,
        2.2741756748325317,
        0.7288689868556626,
        1.5612494995995996,
        2.0463381929681126,
        1.5155444566227676,
        1.0968705484240153,
        1.1319231422671772,
        0.6373774391990981,
        1.2747548783981961,
        0.57282196186948
    ],
    [
        2.0348525745124633,
        0.9682458365518543,
        1.5612494995995996,
        1.0825317547305484,
        1.1989578808281798,
        0.9921567416492215,
        1.0231690964840563,
        0.9842509842514764,
        1.334634781503914,
        1.3635890143294642,
        1.352081728298996,
        0.9100137361600648,
        1.0680004681646913,
        0.0,
        1.2747548783981961,
        0.9354143466934853,
        0.9354143466934853,
        1.1110243021644486,
        1.6723860200324565,
        1.015504800579495,
        1.653594569415369,
        1.6817030058842137,
        1.0458250331675945,
        1.192424001771182,
        1.5562374497485916,
        2.1213203435596424,
        1.1110243021644486,
        1.3169567191065923,
        0.9270248108869579,
        1.125,
        1.0,
        0.9842509842514764,
        1.4842927608797396,
        1.6056540723331412,
        1.231107225224513,
        1.590990257669732,
        1.1792476415070754,
        1.4361406616345072,
        1.1989578808281798,
        1.3693063937629153,
        1.9525624189766635,
        0.9437293044088437,
        1.243734296383275,
        1.6817030058842137,
        1.2054563451241194,
        1.0458250331675945,
        1.0307764064044151,
        0.9842509842514764,
        1.0825317547305484,
        1.1989578808281798
    ],
    [
        2.8559149146989657,
        1.403121520040228,
        1.4361406616345072,
        1.6345871038277526,
        1.2686114456365274,
        1.4737282653189494,
        1.3635890143294642,
        1.4415703243338496,
        1.346291201783626,
        1.352081728298996,
        1.9324531042175384,
        1.3228756555322954,
        1.4947825928876748,
        1.2747548783981961,
        0.0,
        1.3919410907075054,
        1.3110110602126894,
        1.357847561400027,
        1.6345871038277526,
        1.3169567191065923,
        1.595893166850463,
        1.6345871038277526,
        1.334634781503914,
        1.3693063937629153,
        1.6677080080157918,
        1.7809758560968758,
        1.6105123408406408,
        1.3287682265918312,
        1.403121520040228,
        1.4306903927824497,
        1.352081728298996,
        1.352081728298996,
        1.4361406616345072,
        1.5258194519667128,
        1.8624580532189174,
        1.479019945774904,
        1.3863170633011772,
        1.4415703243338496,
        1.3169567191065923,
        1.4684175155588413,
        1.8666480653835098,
        1.3050383136138188,
        1.4630874888399532,
        1.5512092057488571,
        1.299038105676658,
        1.3863170633011772,
        1.299038105676658,
        1.5206906325745548,
        1.3110110602126894,
        1.8666480653835098
    ],
    [
        1.5258194519667128,
        0.7288689868556626,
        1.6583123951777,
        0.7905694150420949,
        1.2054563451241194,
        0.8838834764831844,
        0.9842509842514764,
        0.8003905296791061,
        1.4361406616345072,
        1.58607219255619,
        1.0307764064044151,
        0.7071067811865476,
        0.7071067811865476,
        0.9354143466934853,
        1.3919410907075054,
        0.0,
        0.8477912478906585,
        1.165922381636102,
        1.71846588560844,
        0.9437293044088437,
        1.7853571071357126,
        1.824314939915803,
        1.0231690964840563,
        1.299038105676658,
        1.5309310892394863,
        2.2325713874364688,
        0.8385254915624212,
        1.334634781503914,
        0.7071067811865476,
        1.2930100540985752,
        0.9100137361600648,
        0.9682458365518543,
        1.5461646096066226,
        1.704772712123232,
        0.8660254037844386,
        1.7320508075688772,
        1.2747548783981961,
        1.5155444566227676,
        1.299038105676658,
        1.4684175155588413,
        2.1065374432940898,
        0.7806247497997998,
        1.4086784586980805,
        1.8624580532189174,
        1.357847561400027,
        0.9762812094883317,
        1.015504800579495,
        0.7603453162872774,
        1.1319231422671772,
        0.81967981553775
    ],
    [
        1.7365554986812255,
        0.8100925873009825,
        1.541103500742244,
        0.9185586535436918,
        1.159202311936963,
        0.9842509842514764,
        0.9762812094883317,
        0.8003905296791061,
        1.3228756555322954,
        1.4361406616345072,
        1.1388041973930374,
        0.81967981553775,
        0.8926785535678563,
        0.9354143466934853,
        1.3110110602126894,
        0.8477912478906585,
        0.0,
        1.2054563451241194,
        1.6153559979150107,
        1.0,
        1.7721808598447282,
        1.8328597873268975,
        1.015504800579495,
        1.2930100540985752,
        1.5258194519667128,
        2.084166500066633,
        0.9354143466934853,
        1.231107225224513,
        0.9185586535436918,
        1.2747548783981961,
        0.9519716382329886,
        0.9842509842514764,
        1.5258194519667128,
        1.79843682124227,
        0.9921567416492215,
        1.6677080080157918,
        1.3228756555322954,
        1.4842927608797396,
        1.1989578808281798,
        1.505199322349037,
        2.125,
        0.8003905296791061,
        1.2930100540985752,
        1.8027756377319946,
        1.3050383136138188,
        0.9682458365518543,
        1.015504800579495,
        0.875,
        1.0680004681646913,
        0.9519716382329886
    ],
    [
        2.468552207266437,
        1.2054563451241194,
        1.4947825928876748,
        1.4469796128487782,
        1.2119199643540823,
        1.192424001771182,
        1.1989578808281798,
        1.299038105676658,
        1.4306903927824497,
        1.4252192813739224,
        1.7230060940112777,
        1.103970108290981,
        1.3635890143294642,
        1.1110243021644486,
        1.357847561400027,
        1.165922381636102,
        1.2054563451241194,
        0.0,
        1.648863244784115,
        1.14564392373896,
        1.571225636247067,
        1.5360257159305635,
        1.0752906583803283,
        1.2930100540985752,
        1.5309310892394863,
        1.8666480653835098,
        1.4523687548277813,
        1.3169567191065923,
        1.159202311936963,
        1.2054563451241194,
        1.2686114456365274,
        1.25,
        1.4577379737113252,
        1.595893166850463,
        1.6345871038277526,
        1.5258194519667128,
        1.2119199643540823,
        1.4142135623730951,
        1.2374368670764582,
        1.3050383136138188,
        1.7677669529663689,
        1.2183492931011204,
        1.2374368670764582,
        1.6056540723331412,
        1.346291201783626,
        1.1319231422671772,
        1.1989578808281798,
        1.357847561400027,
        1.3287682265918312,
        1.6105123408406408
    ],
    [
        3.072051431861127,
        1.6863421954040052,
        1.334634781503914,
        1.920286436967152,
        1.595893166850463,
        1.7230060940112777,
        1.6630168369562588,
        1.7633419974582356,
        1.5761900266148114,
        1.4306903927824497,
        2.091650066335189,
        1.7001838135919305,
        1.8624580532189174,
        1.6723860200324565,
        1.6345871038277526,
        1.71846588560844,
        1.6153559979150107,
        1.648863244784115,
        0.0,
        1.6056540723331412,
        1.776583800443987,
        1.489546910976623,
        1.6056540723331412,
        1.6153559979150107,
        1.2374368670764582,
        1.7544586059522749,
        1.9039432764659772,
        1.403121520040228,
        1.6770509831248424,
        1.6630168369562588,
        1.6298006013006623,
        1.6583123951777,
        1.6770509831248424,
        1.776583800443987,
        2.069118169655856,
        1.709349291397168,
        1.6723860200324565,
        1.3635890143294642,
        1.590990257669732,
        1.7275343701356567,
        1.8027756377319946,
        1.620185174601965,
        1.3110110602126894,
        1.8708286933869707,
        1.5761900266148114,
        1.6105123408406408,
        1.6056540723331412,
        1.8114220932736798,
        1.346291201783626,
        2.091650066335189
    ],
    [
        2.2043990110685496,
        1.0383279828647594,
        1.4252192813739224,
        1.1792476415070754,
        1.0897247358851685,
        1.0458250331675945,
        1.0231690964840563,
        1.1110243021644486,
        1.3287682265918312,
        1.4142135623730951,
        1.357847561400027,
        1.0231690964840563,
        1.165922381636102,
        1.015504800579495,
        1.3169567191065923,
        0.9437293044088437,
        1.0,
        1.14564392373896,
        1.6056540723331412,
        0.0,
        1.6105123408406408,
        1.704772712123232,
        1.0458250331675945,
        1.2119199643540823,
        1.5360257159305635,
        2.027159342528357,
        1.1726039399558574,
        1.2747548783981961,
        0.960143218483576,
        1.2624381172952597,
        0.9354143466934853,
        1.118033988749895,
        1.4142135623730951,
        1.6105123408406408,
        1.2562344526401112,
        1.5206906325745548,
        1.1792476415070754,
        1.4523687548277813,
        1.1792476415070754,
        1.3919410907075054,
        1.9364916731037085,
        0.9921567416492215,
        1.352081728298996,
        1.741048534648015,
        1.2183492931011204,
        0.9682458365518543,
        1.0307764064044151,
        1.0532687216470449,
        1.1319231422671772,
        1.2374368670764582
    ],
    [
        3.7914377220257753,
        1.80710403685012,
        1.4523687548277813,
        2.0463381929681126,
        1.620185174601965,
        1.704772712123232,
        1.713913650100261,
        1.8708286933869707,
        1.5103807466993215,
        1.6817030058842137,
        2.6368778887161235,
        1.71846588560844,
        2.03100960115899,
        1.653594569415369,
        1.595893166850463,
        1.7853571071357126,
        1.7721808598447282,
        1.571225636247067,
        1.776583800443987,
        1.6105123408406408,
        0.0,
        1.4737282653189494,
        1.5206906325745548,
        1.479019945774904,
        1.875,
        1.7320508075688772,
        1.9724667297574374,
        1.6677080080157918,
        1.79843682124227,
        1.5155444566227676,
        1.80710403685012,
        1.741048534648015,
        1.489546910976623,
        1.489546910976623,
        2.6309456474811483,
        1.4630874888399532,
        1.4630874888399532,
        1.5761900266148114,
        1.4469796128487782,
        1.4086784586980805,
        1.5612494995995996,
        1.8285923547909742,
        1.590990257669732,
        1.5562374497485916,
        1.4630874888399532,
        1.625,
        1.6723860200324565,
        1.9685019685029528,
        1.709349291397168,
        2.6721947908039936
    ],
    [
        3.5947009611371015,
        1.7897276329095442,
        1.2930100540985752,
        2.1866069605669876,
        1.695582495781317,
        1.7544586059522749,
        1.7897276329095442,
        1.8874586088176875,
        1.5309310892394863,
        1.5512092057488571,
        2.5310570914145734,
        1.8328597873268975,
        2.03100960115899,
        1.6817030058842137,
        1.6345871038277526,
        1.824314939915803,
        1.8328597873268975,
        1.5360257159305635,
        1.489546910976623,
        1.704772712123232,
        1.4737282653189494,
        0.0,
        1.571225636247067,
        1.6770509831248424,
        1.625,
        1.6007810593582121,
        2.1102428770167667,
        1.5562374497485916,
        1.824314939915803,
        1.620185174601965,
        1.9162137145944864,
        1.8285923547909742,
        1.4197270864500684,
        1.479019945774904,
        2.484325864293974,
        1.4577379737113252,
        1.4523687548277813,
        1.352081728298996,
        1.4469796128487782,
        1.6007810593582121,
        1.6393596310755,
        1.928406077567689,
        1.4523687548277813,
        1.6677080080157918,
        1.590990257669732,
        1.6345871038277526,
        1.7320508075688772,
        2.019436802675439,
        1.541103500742244,
        2.5495097567963922
    ],
    [
        2.331844763272204,
        1.0307764064044151,
        1.3919410907075054,
        1.2374368670764582,
        1.1388041973930374,
        1.125,
        1.0606601717798212,
        1.1858541225631423,
        1.286953767623375,
        1.3975424859373686,
        1.489546910976623,
        0.9842509842514764,
        1.25,
        1.0458250331675945,
        1.334634781503914,
        1.0231690964840563,
        1.015504800579495,
        1.0752906583803283,
        1.6056540723331412,
        1.0458250331675945,
        1.5206906325745548,
        1.571225636247067,
        0.0,
        1.2054563451241194,
        1.5258194519667128,
        1.8874586088176875,
        1.2562344526401112,
        1.2686114456365274,
        1.0383279828647594,
        1.1792476415070754,
        1.0383279828647594,
        1.125,
        1.4361406616345072,
        1.5,
        1.3975424859373686,
        1.541103500742244,
        1.1388041973930374,
        1.352081728298996,
        1.0532687216470449,
        1.3110110602126894,
        1.8114220932736798,
        1.015504800579495,
        1.299038105676658,
        1.6345871038277526,
        1.2562344526401112,
        1.0307764064044151,
        1.103970108290981,
        1.165922381636102,
        1.1858541225631423,
        1.3806701271484076
    ],
    [
        2.8034576865007255,
        1.334634781503914,
        1.4361406616345072,
        1.590990257669732,
        1.2562344526401112,
        1.2747548783981961,
        1.2054563451241194,
        1.4252192813739224,
        1.340475661845451,
        1.3693063937629153,
        1.8874586088176875,
        1.2930100540985752,
        1.5562374497485916,
        1.192424001771182,
        1.3693063937629153,
        1.299038105676658,
        1.2930100540985752,
        1.2930100540985752,
        1.6153559979150107,
        1.2119199643540823,
        1.479019945774904,
        1.6770509831248424,
        1.2054563451241194,
        0.0,
        1.6105123408406408,
        1.875,
        1.541103500742244,
        1.3863170633011772,
        1.2930100540985752,
        1.231107225224513,
        1.3693063937629153,
        1.340475661845451,
        1.4142135623730951,
        1.5562374497485916,
        1.8114220932736798,
        1.4142135623730951,
        1.2808688457449497,
        1.4737282653189494,
        1.25,
        1.3919410907075054,
        1.8285923547909742,
        1.3110110602126894,
        1.3863170633011772,
        1.5761900266148114,
        1.286953767623375,
        1.25,
        1.231107225224513,
        1.4577379737113252,
        1.340475661845451,
        1.8498310733685928
    ],
    [
        2.7357585785299112,
        1.5206906325745548,
        1.403121520040228,
        1.75,
        1.5155444566227676,
        1.5612494995995996,
        1.5461646096066226,
        1.625,
        1.6909686573085854,
        1.4523687548277813,
        1.9243505397925815,
        1.541103500742244,
        1.7001838135919305,
        1.5562374497485916,
        1.6677080080157918,
        1.5309310892394863,
        1.5258194519667128,
        1.5309310892394863,
        1.2374368670764582,
        1.5360257159305635,
        1.875,
        1.625,
        1.5258194519667128,
        1.6105123408406408,
        0.0,
        1.8498310733685928,
        1.7633419974582356,
        1.3228756555322954,
        1.4947825928876748,
        1.5612494995995996,
        1.5761900266148114,
        1.5761900266148114,
        1.7544586059522749,
        1.8498310733685928,
        1.8540496217739157,
        1.7230060940112777,
        1.5811388300841898,
        1.4252192813739224,
        1.541103500742244,
        1.6630168369562588,
        1.8833148966649205,
        1.541103500742244,
        1.334634781503914,
        1.920286436967152,
        1.625,
        1.489546910976623,
        1.479019945774904,
        1.653594569415369,
        1.3050383136138188,
        1.8371173070873836
    ],
    [
        4.444097208657794,
        2.1505813167606567,
        1.595893166850463,
        2.375,
        1.8666480653835098,
        2.2043990110685496,
        2.091650066335189,
        2.099106952968333,
        1.776583800443987,
        1.6770509831248424,
        3.2113081446662823,
        2.1065374432940898,
        2.2325713874364688,
        2.1213203435596424,
        1.7809758560968758,
        2.2325713874364688,
        2.084166500066633,
        1.8666480653835098,
        1.7544586059522749,
        2.027159342528357,
        1.7320508075688772,
        1.6007810593582121,
        1.8874586088176875,
        1.875,
        1.8498310733685928,
        0.0,
        2.3979157616563596,
        1.8833148966649205,
        2.2638462845343543,
        1.9605483926697653,
        2.168668946612184,
        2.072890493972125,
        1.6770509831248424,
        1.653594569415369,
        3.2427804427682116,
        1.4577379737113252,
        1.8157298807917437,
        1.7001838135919305,
        1.709349291397168,
        1.845602882529175,
        1.713913650100261,
        2.2430448056157952,
        1.7544586059522749,
        1.5562374497485916,
        1.7721808598447282,
        2.084166500066633,
        1.9921721813136535,
        2.38812164681785,
        1.845602882529175,
        3.278719262151
    ],
    [
        0.82915619758885,
        0.8838834764831844,
        1.956559480312316,
        0.45069390943299864,
        1.4306903927824497,
        0.9762812094883317,
        1.1524430571616109,
        0.8003905296791061,
        1.6007810593582121,
        1.8200274723201295,
        0.5153882032022076,
        0.8569568250501305,
        0.7071067811865476,
        1.1110243021644486,
        1.6105123408406408,
        0.8385254915624212,
        0.9354143466934853,
        1.4523687548277813,
        1.9039432764659772,
        1.1726039399558574,
        1.9724667297574374,
        2.1102428770167667,
        1.2562344526401112,
        1.541103500742244,
        1.7633419974582356,
        2.3979157616563596,
        0.0,
        1.6007810593582121,
        0.9013878188659973,
        1.5562374497485916,
        1.0307764064044151,
        1.103970108290981,
        1.7677669529663689,
        2.03100960115899,
        0.4841229182759271,
        1.824314939915803,
        1.5155444566227676,
        1.7809758560968758,
        1.505199322349037,
        1.79843682124227,
        2.378287198805056,
        0.875,
        1.6345871038277526,
        2.023301757029831,
        1.5612494995995996,
        1.103970108290981,
        1.1792476415070754,
        0.5,
        1.2808688457449497,
        0.57282196186948
    ],
    [
        2.5860201081971503,
        1.2747548783981961,
        1.3806701271484076,
        1.5811388300841898,
        1.3287682265918312,
        1.346291201783626,
        1.2686114456365274,
        1.3806701271484076,
        1.4577379737113252,
        1.4142135623730951,
        1.776583800443987,
        1.286953767623375,
        1.4523687548277813,
        1.3169567191065923,
        1.3287682265918312,
        1.334634781503914,
        1.231107225224513,
        1.3169567191065923,
        1.403121520040228,
        1.2747548783981961,
        1.6677080080157918,
        1.5562374497485916,
        1.2686114456365274,
        1.3863170633011772,
        1.3228756555322954,
        1.8833148966649205,
        1.6007810593582121,
        0.0,
        1.2562344526401112,
        1.3863170633011772,
        1.2930100540985752,
        1.352081728298996,
        1.479019945774904,
        1.695582495781317,
        1.6817030058842137,
        1.6345871038277526,
        1.4197270864500684,
        1.299038105676658,
        1.299038105676658,
        1.5461646096066226,
        1.899835519196333,
        1.25,
        1.2747548783981961,
        1.8200274723201295,
        1.4086784586980805,
        1.3110110602126894,
        1.2119199643540823,
        1.4842927608797396,
        1.1110243021644486,
        1.653594569415369
    ],
    [
        1.5662455107677085,
        0.81967981553775,
        1.6441183047457382,
        0.8003905296791061,
        1.2374368670764582,
        0.8926785535678563,
        0.8926785535678563,
        0.8477912478906585,
        1.4523687548277813,
        1.6056540723331412,
        1.0680004681646913,
        0.8569568250501305,
        0.739509972887452,
        0.9270248108869579,
        1.403121520040228,
        0.7071067811865476,
        0.9185586535436918,
        1.159202311936963,
        1.6770509831248424,
        0.960143218483576,
        1.79843682124227,
        1.824314939915803,
        1.0383279828647594,
        1.2930100540985752,
        1.4947825928876748,
        2.2638462845343543,
        0.9013878188659973,
        1.2562344526401112,
        0.0,
        1.2624381172952597,
        0.9921567416492215,
        0.9682458365518543,
        1.5562374497485916,
        1.7633419974582356,
        0.8838834764831844,
        1.7455300054711176,
        1.2624381172952597,
        1.5360257159305635,
        1.2624381172952597,
        1.4630874888399532,
        2.072890493972125,
        0.9013878188659973,
        1.3863170633011772,
        1.875,
        1.3635890143294642,
        0.9682458365518543,
        0.9842509842514764,
        0.81967981553775,
        1.14564392373896,
        0.8660254037844386
    ],
    [
        2.675116819879087,
        1.2747548783981961,
        1.5562374497485916,
        1.5206906325745548,
        1.243734296383275,
        1.243734296383275,
        1.165922381636102,
        1.3806701271484076,
        1.4361406616345072,
        1.4947825928876748,
        1.8708286933869707,
        1.2374368670764582,
        1.5155444566227676,
        1.125,
        1.4306903927824497,
        1.2930100540985752,
        1.2747548783981961,
        1.2054563451241194,
        1.6630168369562588,
        1.2624381172952597,
        1.5155444566227676,
        1.620185174601965,
        1.1792476415070754,
        1.231107225224513,
        1.5612494995995996,
