[
    [
        0.0,
        1.4947825928876748,
        1.571225636247067,
        0.9842509842514764,
        1.9525624189766635,
        1.6153559979150107,
        1.8874586088176875,
        1.6056540723331412,
        1.4197270864500684,
        1.352081728298996,
        1.0825317547305484,
        1.7001838135919305,
        1.704772712123232,
        1.8540496217739157,
        1.5206906325745548,
        1.4630874888399532,
        2.0155644370746373,
        1.4086784586980805,
        1.2747548783981961,
        1.7001838135919305,
        2.1065374432940898,
        1.4306903927824497,
        1.4415703243338496,
        1.3635890143294642,
        1.357847561400027,
        1.7721808598447282,
        1.015504800579495,
        1.2119199643540823,
        1.648863244784115,
        1.8285923547909742,
        1.58607219255619,
        1.6909686573085854,
        1.648863244784115,
        1.340475661845451,
        1.5258194519667128,
        1.7677669529663689,
        1.7853571071357126,
        1.713913650100261,
        1.5155444566227676,
        1.5562374497485916,
        2.1937410968480306,
        1.58607219255619,
        1.118033988749895,
        2.099106952968333,
        1.5612494995995996,
        2.1866069605669876,
        1.9080421903092184,
        0.8660254037844386,
        1.5258194519667128,
        1.5360257159305635
    ],
    [
        1.4947825928876748,
        0.0,
        1.3863170633011772,
        1.334634781503914,
        1.4684175155588413,
        1.25,
        1.403121520040228,
        1.4197270864500684,
        1.1726039399558574,
        1.5761900266148114,
        1.704772712123232,
        1.3806701271484076,
        1.3863170633011772,
        1.4086784586980805,
        1.1858541225631423,
        1.1110243021644486,
        1.2624381172952597,
        1.14564392373896,
        1.3287682265918312,
        1.4737282653189494,
        1.6441183047457382,
        1.243734296383275,
        1.103970108290981,
        1.2624381172952597,
        1.1524430571616109,
        1.3806701271484076,
        1.3975424859373686,
        1.334634781503914,
        1.4252192813739224,
        1.352081728298996,
        1.3110110602126894,
        1.3806701271484076,
        1.346291201783626,
        1.3693063937629153,
        1.4415703243338496,
        1.4142135623730951,
        1.4523687548277813,
        1.4197270864500684,
        1.224744871391589,
        1.299038105676658,
        1.653594569415369,
        1.3050383136138188,
        1.1388041973930374,
        1.5512092057488571,
        1.4577379737113252,
        1.7721808598447282,
        1.357847561400027,
        1.4361406616345072,
        1.243734296383275,
        1.340475661845451
    ],
    [
        1.571225636247067,
        1.3863170633011772,
        0.0,
        1.3635890143294642,
        1.4306903927824497,
        1.4361406616345072,
        1.4630874888399532,
        1.3287682265918312,
        1.3863170633011772,
        1.3863170633011772,
        2.0879116360612584,
        1.5258194519667128,
        1.357847561400027,
        1.479019945774904,
        1.334634781503914,
        1.3693063937629153,
        1.5206906325745548,
        1.340475661845451,
        1.3228756555322954,
        1.4086784586980805,
        1.4684175155588413,
        1.4142135623730951,
        1.334634781503914,
        1.4737282653189494,
        1.4142135623730951,
        1.4630874888399532,
        1.6677080080157918,
        1.3050383136138188,
        1.3110110602126894,
        1.5309310892394863,
        1.4086784586980805,
        1.505199322349037,
        1.3050383136138188,
        1.3635890143294642,
        1.403121520040228,
        1.3050383136138188,
        1.3110110602126894,
        1.357847561400027,
        1.4142135623730951,
        1.4086784586980805,
        1.5662455107677085,
        1.489546910976623,
        1.4142135623730951,
        1.4086784586980805,
        1.3919410907075054,
        1.5761900266148114,
        1.4947825928876748,
        1.7455300054711176,
        1.3806701271484076,
        1.286953767623375
    ],
    [
        0.9842509842514764,
        1.334634781503914,
        1.3635890143294642,
        0.0,
        1.620185174601965,
        1.4142135623730951,
        1.6441183047457382,
        1.403121520040228,
        1.299038105676658,
        1.286953767623375,
        1.4630874888399532,
        1.489546910976623,
        1.4197270864500684,
        1.5662455107677085,
        1.4142135623730951,
        1.340475661845451,
        1.6630168369562588,
        1.3110110602126894,
        1.165922381636102,
        1.505199322349037,
        1.7809758560968758,
        1.299038105676658,
        1.243734296383275,
        1.2808688457449497,
        1.3287682265918312,
        1.5662455107677085,
        1.224744871391589,
        1.1989578808281798,
        1.4684175155588413,
        1.5309310892394863,
        1.4630874888399532,
        1.4577379737113252,
        1.3919410907075054,
        1.25,
        1.3635890143294642,
        1.5,
        1.5512092057488571,
        1.5155444566227676,
        1.357847561400027,
        1.4306903927824497,
        1.758905909933786,
        1.403121520040228,
        1.1989578808281798,
        1.6630168369562588,
        1.3863170633011772,
        1.9039432764659772,
        1.625,
        1.1110243021644486,
        1.340475661845451,
        1.3693063937629153
    ],
    [
        1.9525624189766635,
        1.4684175155588413,
        1.4306903927824497,
        1.620185174601965,
        0.0,
        1.489546910976623,
        1.6105123408406408,
        1.5,
        1.6007810593582121,
        1.5761900266148114,
        2.117634293262177,
        1.6393596310755,
        1.3863170633011772,
        1.6007810593582121,
        1.479019945774904,
        1.505199322349037,
        1.5811388300841898,
        1.5155444566227676,
        1.5662455107677085,
        1.4684175155588413,
        1.4684175155588413,
        1.5612494995995996,
        1.571225636247067,
        1.704772712123232,
        1.6007810593582121,
        1.5512092057488571,
        1.8791620472966135,
        1.5258194519667128,
        1.4361406616345072,
        1.541103500742244,
        1.58607219255619,
        1.5461646096066226,
        1.4737282653189494,
        1.5206906325745548,
        1.5206906325745548,
        1.505199322349037,
        1.4684175155588413,
        1.541103500742244,
        1.6393596310755,
        1.595893166850463,
        1.4684175155588413,
        1.6153559979150107,
        1.590990257669732,
        1.5761900266148114,
        1.4684175155588413,
        1.6630168369562588,
        1.595893166850463,
        1.899835519196333,
        1.58607219255619,
        1.4415703243338496
    ],
    [
        1.6153559979150107,
        1.25,
        1.4361406616345072,
        1.4142135623730951,
        1.489546910976623,
        0.0,
        1.4469796128487782,
        1.3693063937629153,
        1.2930100540985752,
        1.6677080080157918,
        1.8157298807917437,
        1.334634781503914,
        1.4252192813739224,
        1.3110110602126894,
        1.2808688457449497,
        1.299038105676658,
        1.4415703243338496,
        1.192424001771182,
        1.4306903927824497,
        1.4469796128487782,
        1.6056540723331412,
        1.2374368670764582,
        1.224744871391589,
        1.2808688457449497,
        1.3169567191065923,
        1.403121520040228,
        1.541103500742244,
        1.4415703243338496,
        1.3863170633011772,
        1.479019945774904,
        1.286953767623375,
        1.3287682265918312,
        1.4469796128487782,
        1.3975424859373686,
        1.4684175155588413,
        1.4842927608797396,
        1.5206906325745548,
        1.4577379737113252,
        1.3806701271484076,
        1.340475661845451,
        1.5612494995995996,
        1.479019945774904,
        1.2374368670764582,
        1.5612494995995996,
        1.4737282653189494,
        1.6909686573085854,
        1.3975424859373686,
        1.5206906325745548,
        1.2686114456365274,
        1.4197270864500684
    ],
    [
        1.8874586088176875,
        1.403121520040228,
        1.4630874888399532,
        1.6441183047457382,
        1.6105123408406408,
        1.4469796128487782,
        0.0,
        1.4577379737113252,
        1.375,
        1.758905909933786,
        2.1028254801575903,
        1.5512092057488571,
        1.5206906325745548,
        1.4842927608797396,
        1.375,
        1.4197270864500684,
        1.403121520040228,
        1.4142135623730951,
        1.5309310892394863,
        1.5258194519667128,
        1.6007810593582121,
        1.4252192813739224,
        1.4197270864500684,
        1.489546910976623,
        1.4361406616345072,
        1.4630874888399532,
        1.7809758560968758,
        1.505199322349037,
        1.4523687548277813,
        1.4469796128487782,
        1.403121520040228,
        1.4415703243338496,
        1.4306903927824497,
        1.5206906325745548,
        1.489546910976623,
        1.4842927608797396,
        1.4523687548277813,
        1.5309310892394863,
        1.4469796128487782,
        1.4947825928876748,
        1.6345871038277526,
        1.5461646096066226,
        1.4361406616345072,
        1.5309310892394863,
        1.5309310892394863,
        1.6630168369562588,
        1.4577379737113252,
        1.7809758560968758,
        1.4361406616345072,
        1.4684175155588413
    ],
    [
        1.6056540723331412,
        1.4197270864500684,
        1.3287682265918312,
        1.403121520040228,
        1.5,
        1.3693063937629153,
        1.4577379737113252,
        0.0,
        1.403121520040228,
        1.4630874888399532,
        2.084166500066633,
        1.4252192813739224,
        1.3975424859373686,
        1.4197270864500684,
        1.299038105676658,
        1.375,
        1.5,
        1.4142135623730951,
        1.352081728298996,
        1.2562344526401112,
        1.4306903927824497,
        1.3110110602126894,
        1.4142135623730951,
        1.4415703243338496,
        1.4142135623730951,
        1.4630874888399532,
        1.648863244784115,
        1.3806701271484076,
        1.2747548783981961,
        1.5662455107677085,
        1.3806701271484076,
        1.3228756555322954,
        1.357847561400027,
        1.2054563451241194,
        1.357847561400027,
        1.403121520040228,
        1.3635890143294642,
        1.3863170633011772,
        1.4361406616345072,
        1.403121520040228,
        1.5206906325745548,
        1.5811388300841898,
        1.4252192813739224,
        1.340475661845451,
        1.4086784586980805,
        1.4142135623730951,
        1.4523687548277813,
        1.648863244784115,
        1.3693063937629153,
        1.243734296383275
    ],
    [
        1.4197270864500684,
        1.1726039399558574,
        1.3863170633011772,
        1.299038105676658,
        1.6007810593582121,
        1.2930100540985752,
        1.375,
        1.403121520040228,
        0.0,
        1.5811388300841898,
        1.695582495781317,
        1.3863170633011772,
        1.3863170633011772,
        1.4142135623730951,
        1.1792476415070754,
        1.159202311936963,
        1.3975424859373686,
        1.192424001771182,
        1.334634781503914,
        1.4415703243338496,
        1.625,
        1.1726039399558574,
        1.159202311936963,
        1.14564392373896,
        1.2562344526401112,
        1.403121520040228,
        1.352081728298996,
        1.3169567191065923,
        1.4630874888399532,
        1.3806701271484076,
        1.3287682265918312,
        1.3050383136138188,
        1.3806701271484076,
        1.3635890143294642,
        1.4086784586980805,
        1.4630874888399532,
        1.505199322349037,
        1.3863170633011772,
        1.286953767623375,
        1.2747548783981961,
        1.6723860200324565,
        1.3693063937629153,
        1.14564392373896,
        1.541103500742244,
        1.3975424859373686,
        1.7544586059522749,
        1.4086784586980805,
        1.4086784586980805,
        1.2624381172952597,
        1.3693063937629153
    ],
    [
        1.352081728298996,
        1.5761900266148114,
        1.3863170633011772,
        1.286953767623375,
        1.5761900266148114,
        1.6677080080157918,
        1.758905909933786,
        1.4630874888399532,
        1.5811388300841898,
        0.0,
        1.8915932438026946,
        1.7455300054711176,
        1.357847561400027,
        1.80710403685012,
        1.571225636247067,
        1.5512092057488571,
        1.80710403685012,
        1.489546910976623,
        1.3228756555322954,
        1.4947825928876748,
        1.7721808598447282,
        1.5,
        1.4947825928876748,
        1.6056540723331412,
        1.541103500742244,
        1.7633419974582356,
        1.6056540723331412,
        1.224744871391589,
        1.4469796128487782,
        1.741048534648015,
        1.6105123408406408,
        1.704772712123232,
        1.3863170633011772,
        1.4415703243338496,
        1.4630874888399532,
        1.5206906325745548,
        1.5360257159305635,
        1.5155444566227676,
        1.58607219255619,
        1.6298006013006623,
        1.7721808598447282,
        1.6630168369562588,
        1.5562374497485916,
        1.71846588560844,
        1.4361406616345072,
        1.8371173070873836,
        1.704772712123232,
        1.695582495781317,
        1.58607219255619,
        1.3863170633011772
    ],
    [
        1.0825317547305484,
        1.704772712123232,
        2.0879116360612584,
        1.4630874888399532,
        2.117634293262177,
        1.8157298807917437,
        2.1028254801575903,
        2.084166500066633,
        1.695582495781317,
        1.8915932438026946,
        0.0,
        2.069118169655856,
        1.964529205687714,
        1.956559480312316,
        1.7940875118009154,
        1.5512092057488571,
        2.053959590644373,
        1.5811388300841898,
        1.7365554986812255,
        2.25,
        2.5031230493125984,
        1.653594569415369,
        1.6393596310755,
        1.5662455107677085,
        1.6677080080157918,
        1.9121323175972944,
        1.1319231422671772,
        1.6298006013006623,
        2.0953818267800264,
        2.0615528128088303,
        1.8540496217739157,
        2.03100960115899,
        1.9921721813136535,
        1.9685019685029528,
        2.03100960115899,
        1.9685019685029528,
        2.2395591083961146,
        2.003902442735175,
        1.9121323175972944,
        1.8540496217739157,
        2.414150989478496,
        1.8540496217739157,
        1.4361406616345072,
        2.6040833319999575,
        1.9080421903092184,
        2.521780125229002,
        2.003902442735175,
        0.81967981553775,
        1.7940875118009154,
        1.9921721813136535
    ],
    [
        1.7001838135919305,
        1.3806701271484076,
        1.5258194519667128,
        1.489546910976623,
        1.6393596310755,
        1.334634781503914,
        1.5512092057488571,
        1.4252192813739224,
        1.3863170633011772,
        1.7455300054711176,
        2.069118169655856,
        0.0,
        1.58607219255619,
        1.4252192813739224,
        1.3050383136138188,
        1.3806701271484076,
        1.5309310892394863,
        1.224744871391589,
        1.5512092057488571,
        1.505199322349037,
        1.6583123951777,
        1.2374368670764582,
        1.3635890143294642,
        1.3693063937629153,
        1.4197270864500684,
        1.5258194519667128,
        1.541103500742244,
        1.4737282653189494,
        1.4523687548277813,
        1.5461646096066226,
        1.3287682265918312,
        1.3863170633011772,
        1.489546910976623,
        1.4306903927824497,
        1.489546910976623,
        1.6153559979150107,
        1.571225636247067,
        1.489546910976623,
        1.3919410907075054,
        1.3919410907075054,
        1.6909686573085854,
        1.4630874888399532,
        1.334634781503914,
        1.5461646096066226,
        1.5103807466993215,
        1.704772712123232,
        1.489546910976623,
        1.6630168369562588,
        1.3863170633011772,
        1.4361406616345072
    ],
    [
        1.704772712123232,
        1.3863170633011772,
        1.357847561400027,
        1.4197270864500684,
        1.3863170633011772,
        1.4252192813739224,
        1.5206906325745548,
        1.3975424859373686,
        1.3863170633011772,
        1.357847561400027,
        1.964529205687714,
        1.58607219255619,
        0.0,
        1.5155444566227676,
        1.4252192813739224,
        1.346291201783626,
        1.5612494995995996,
        1.3635890143294642,
        1.357847561400027,
        1.4415703243338496,
        1.5612494995995996,
        1.4086784586980805,
        1.3635890143294642,
        1.5103807466993215,
        1.3863170633011772,
        1.5103807466993215,
        1.6723860200324565,
        1.3228756555322954,
        1.3693063937629153,
        1.58607219255619,
        1.4577379737113252,
        1.4842927608797396,
        1.334634781503914,
        1.4842927608797396,
        1.4306903927824497,
        1.403121520040228,
        1.3169567191065923,
        1.3806701271484076,
        1.4523687548277813,
        1.4523687548277813,
        1.5360257159305635,
        1.5360257159305635,
        1.479019945774904,
        1.5562374497485916,
        1.286953767623375,
        1.6393596310755,
        1.4142135623730951,
        1.758905909933786,
        1.4086784586980805,
        1.3635890143294642
    ],
    [
        1.8540496217739157,
        1.4086784586980805,
        1.479019945774904,
        1.5662455107677085,
        1.6007810593582121,
        1.3110110602126894,
        1.4842927608797396,
        1.4197270864500684,
        1.4142135623730951,
        1.80710403685012,
        1.956559480312316,
        1.4252192813739224,
        1.5155444566227676,
        0.0,
        1.3110110602126894,
        1.3693063937629153,
        1.5155444566227676,
        1.340475661845451,
        1.6056540723331412,
        1.4630874888399532,
        1.5512092057488571,
        1.346291201783626,
        1.340475661845451,
        1.340475661845451,
        1.4361406616345072,
        1.4306903927824497,
        1.7001838135919305,
        1.5562374497485916,
        1.4630874888399532,
        1.541103500742244,
        1.3635890143294642,
        1.3975424859373686,
        1.5,
        1.4142135623730951,
        1.4577379737113252,
        1.5662455107677085,
        1.4684175155588413,
        1.5360257159305635,
        1.4252192813739224,
        1.4252192813739224,
        1.6105123408406408,
        1.595893166850463,
        1.4306903927824497,
        1.4306903927824497,
        1.58607219255619,
        1.541103500742244,
        1.3635890143294642,
        1.75,
        1.299038105676658,
        1.3806701271484076
    ],
    [
        1.5206906325745548,
        1.1858541225631423,
        1.334634781503914,
        1.4142135623730951,
        1.479019945774904,
        1.2808688457449497,
        1.375,
        1.299038105676658,
        1.1792476415070754,
        1.571225636247067,
        1.7940875118009154,
        1.3050383136138188,
        1.4252192813739224,
        1.3110110602126894,
        0.0,
        1.1792476415070754,
        1.2686114456365274,
        1.165922381636102,
        1.375,
        1.352081728298996,
        1.5811388300841898,
        1.1792476415070754,
        1.1524430571616109,
        1.2808688457449497,
        1.2374368670764582,
        1.2808688457449497,
        1.4361406616345072,
        1.3050383136138188,
        1.357847561400027,
        1.3228756555322954,
        1.1858541225631423,
        1.286953767623375,
        1.334634781503914,
        1.3228756555322954,
        1.346291201783626,
        1.4142135623730951,
        1.3863170633011772,
        1.4469796128487782,
        1.25,
        1.3110110602126894,
        1.6441183047457382,
        1.3635890143294642,
        1.2054563451241194,
        1.4361406616345072,
        1.4469796128487782,
        1.6770509831248424,
        1.3110110602126894,
        1.5461646096066226,
        1.2374368670764582,
        1.3110110602126894
    ],
    [
        1.4630874888399532,
        1.1110243021644486,
        1.3693063937629153,
        1.340475661845451,
        1.505199322349037,
        1.299038105676658,
        1.4197270864500684,
        1.375,
        1.159202311936963,
        1.5512092057488571,
        1.5512092057488571,
        1.3806701271484076,
        1.346291201783626,
        1.3693063937629153,
        1.1792476415070754,
        0.0,
        1.3863170633011772,
        1.1319231422671772,
        1.352081728298996,
        1.3863170633011772,
        1.6345871038277526,
        1.0752906583803283,
        1.1524430571616109,
        1.2624381172952597,
        1.14564392373896,
        1.3050383136138188,
        1.403121520040228,
        1.25,
        1.346291201783626,
        1.3863170633011772,
        1.2930100540985752,
        1.3228756555322954,
        1.3287682265918312,
        1.375,
        1.4469796128487782,
        1.334634781503914,
        1.403121520040228,
        1.4086784586980805,
        1.2374368670764582,
        1.2183492931011204,
        1.6345871038277526,
        1.3110110602126894,
        1.14564392373896,
        1.5612494995995996,
        1.4523687548277813,
        1.7940875118009154,
        1.352081728298996,
        1.4523687548277813,
        1.299038105676658,
        1.2747548783981961
    ],
    [
        2.0155644370746373,
        1.2624381172952597,
        1.5206906325745548,
        1.6630168369562588,
        1.5811388300841898,
        1.4415703243338496,
        1.403121520040228,
        1.5,
        1.3975424859373686,
        1.80710403685012,
        2.053959590644373,
        1.5309310892394863,
        1.5612494995995996,
        1.5155444566227676,
        1.2686114456365274,
        1.3863170633011772,
        0.0,
        1.403121520040228,
        1.6345871038277526,
        1.5562374497485916,
        1.653594569415369,
        1.4469796128487782,
        1.3863170633011772,
        1.5,
        1.4415703243338496,
        1.4737282653189494,
        1.875,
        1.6056540723331412,
        1.4947825928876748,
        1.340475661845451,
        1.4737282653189494,
        1.5,
        1.4523687548277813,
        1.5761900266148114,
        1.6298006013006623,
        1.4684175155588413,
        1.5258194519667128,
        1.479019945774904,
        1.4523687548277813,
        1.3975424859373686,
        1.5761900266148114,
        1.5360257159305635,
        1.4842927608797396,
        1.620185174601965,
        1.505199322349037,
        1.80710403685012,
        1.4252192813739224,
        1.8624580532189174,
        1.403121520040228,
        1.4415703243338496
    ],
    [
        1.4086784586980805,
        1.14564392373896,
        1.340475661845451,
        1.3110110602126894,
        1.5155444566227676,
        1.192424001771182,
        1.4142135623730951,
        1.4142135623730951,
        1.192424001771182,
        1.489546910976623,
        1.5811388300841898,
        1.224744871391589,
        1.3635890143294642,
        1.340475661845451,
        1.165922381636102,
        1.1319231422671772,
        1.403121520040228,
        0.0,
        1.2562344526401112,
        1.3806701271484076,
        1.6723860200324565,
        1.1110243021644486,
        1.0606601717798212,
        1.2183492931011204,
        1.2054563451241194,
        1.352081728298996,
        1.2624381172952597,
        1.2562344526401112,
        1.346291201783626,
        1.3806701271484076,
        1.2119199643540823,
        1.340475661845451,
        1.3693063937629153,
        1.340475661845451,
        1.403121520040228,
        1.3693063937629153,
        1.4469796128487782,
        1.4306903927824497,
        1.192424001771182,
        1.2054563451241194,
        1.6677080080157918,
        1.2930100540985752,
        1.1388041973930374,
        1.489546910976623,
        1.340475661845451,
        1.7365554986812255,
        1.340475661845451,
        1.3806701271484076,
        1.1524430571616109,
        1.3110110602126894
    ],
    [
        1.2747548783981961,
        1.3287682265918312,
        1.3228756555322954,
        1.165922381636102,
        1.5662455107677085,
        1.4306903927824497,
        1.5309310892394863,
        1.352081728298996,
        1.334634781503914,
        1.3228756555322954,
        1.7365554986812255,
        1.5512092057488571,
        1.357847561400027,
        1.6056540723331412,
        1.375,
        1.352081728298996,
        1.6345871038277526,
        1.2562344526401112,
        0.0,
        1.3863170633011772,
        1.6298006013006623,
        1.3287682265918312,
        1.299038105676658,
        1.352081728298996,
        1.3050383136138188,
        1.5461646096066226,
        1.3806701271484076,
        1.118033988749895,
        1.3863170633011772,
        1.5155444566227676,
        1.4523687548277813,
        1.479019945774904,
        1.340475661845451,
        1.2747548783981961,
        1.2930100540985752,
        1.357847561400027,
        1.4252192813739224,
        1.4086784586980805,
        1.4142135623730951,
        1.4361406616345072,
        1.5761900266148114,
        1.3975424859373686,
        1.2562344526401112,
        1.590990257669732,
        1.25,
        1.75,
        1.5155444566227676,
        1.3806701271484076,
        1.3693063937629153,
        1.2747548783981961
    ],
    [
        1.7001838135919305,
        1.4737282653189494,
        1.4086784586980805,
        1.505199322349037,
        1.4684175155588413,
        1.4469796128487782,
        1.5258194519667128,
        1.2562344526401112,
        1.4415703243338496,
        1.4947825928876748,
        2.25,
        1.505199322349037,
        1.4415703243338496,
        1.4630874888399532,
        1.352081728298996,
        1.3863170633011772,
        1.5562374497485916,
        1.3806701271484076,
        1.3863170633011772,
        0.0,
        1.4306903927824497,
        1.286953767623375,
        1.3919410907075054,
        1.4947825928876748,
        1.4523687548277813,
        1.5,
        1.7320508075688772,
        1.3919410907075054,
        1.4252192813739224,
        1.5761900266148114,
        1.357847561400027,
        1.4086784586980805,
        1.375,
        1.3228756555322954,
        1.3635890143294642,
        1.340475661845451,
        1.352081728298996,
        1.3975424859373686,
        1.4142135623730951,
        1.5258194519667128,
        1.6723860200324565,
        1.6298006013006623,
        1.4842927608797396,
        1.334634781503914,
        1.4469796128487782,
        1.4737282653189494,
        1.5103807466993215,
        1.875,
        1.3635890143294642,
        1.286953767623375
    ],
    [
        2.1065374432940898,
        1.6441183047457382,
        1.4684175155588413,
        1.7809758560968758,
        1.4684175155588413,
        1.6056540723331412,
        1.6007810593582121,
        1.4306903927824497,
        1.625,
        1.7721808598447282,
        2.5031230493125984,
        1.6583123951777,
        1.5612494995995996,
        1.5512092057488571,
        1.5811388300841898,
        1.6345871038277526,
        1.653594569415369,
        1.6723860200324565,
        1.6298006013006623,
        1.4306903927824497,
        0.0,
        1.6153559979150107,
        1.648863244784115,
        1.6583123951777,
        1.7633419974582356,
        1.489546910976623,
        2.161452058223823,
        1.6393596310755,
        1.505199322349037,
        1.695582495781317,
        1.5662455107677085,
        1.6298006013006623,
        1.4415703243338496,
        1.5562374497485916,
        1.479019945774904,
        1.505199322349037,
        1.4086784586980805,
        1.4842927608797396,
        1.6677080080157918,
        1.695582495781317,
        1.5662455107677085,
        1.758905909933786,
        1.741048534648015,
        1.4197270864500684,
        1.5206906325745548,
        1.5309310892394863,
        1.6723860200324565,
        2.207940216581962,
        1.625,
        1.3635890143294642
    ],
    [
        1.4306903927824497,
        1.243734296383275,
        1.4142135623730951,
        1.299038105676658,
        1.5612494995995996,
        1.2374368670764582,
        1.4252192813739224,
        1.3110110602126894,
        1.1726039399558574,
        1.5,
        1.653594569415369,
        1.2374368670764582,
        1.4086784586980805,
        1.346291201783626,
        1.1792476415070754,
        1.0752906583803283,
        1.4469796128487782,
        1.1110243021644486,
        1.3287682265918312,
        1.286953767623375,
        1.6153559979150107,
        0.0,
        1.118033988749895,
        1.2119199643540823,
        1.1319231422671772,
        1.4086784586980805,
        1.3228756555322954,
        1.231107225224513,
        1.403121520040228,
        1.4252192813739224,
        1.1524430571616109,
        1.1989578808281798,
        1.3863170633011772,
        1.3287682265918312,
        1.340475661845451,
        1.3806701271484076,
        1.4086784586980805,
        1.4361406616345072,
        1.1388041973930374,
        1.2624381172952597,
        1.7455300054711176,
        1.3863170633011772,
        1.192424001771182,
        1.5761900266148114,
        1.4142135623730951,
        1.6909686573085854,
        1.4197270864500684,
        1.4361406616345072,
        1.2183492931011204,
        1.2808688457449497
    ],
    [
        1.4415703243338496,
        1.103970108290981,
        1.334634781503914,
        1.243734296383275,
        1.571225636247067,
        1.224744871391589,
        1.4197270864500684,
        1.4142135623730951,
        1.159202311936963,
        1.4947825928876748,
        1.6393596310755,
        1.3635890143294642,
        1.3635890143294642,
        1.340475661845451,
        1.1524430571616109,
        1.1524430571616109,
        1.3863170633011772,
        1.0606601717798212,
        1.299038105676658,
        1.3919410907075054,
        1.648863244784115,
        1.118033988749895,
        0.0,
        1.1792476415070754,
        1.2119199643540823,
        1.357847561400027,
        1.3635890143294642,
        1.2374368670764582,
        1.357847561400027,
        1.3693063937629153,
        1.243734296383275,
        1.3110110602126894,
        1.3050383136138188,
        1.3635890143294642,
        1.4523687548277813,
        1.3693063937629153,
        1.4306903927824497,
        1.4197270864500684,
        1.2562344526401112,
        1.3110110602126894,
        1.7320508075688772,
        1.334634781503914,
        1.14564392373896,
        1.5461646096066226,
        1.3975424859373686,
        1.7809758560968758,
        1.3635890143294642,
        1.4252192813739224,
        1.1726039399558574,
        1.2930100540985752
    ],
    [
        1.3635890143294642,
        1.2624381172952597,
        1.4737282653189494,
        1.2808688457449497,
        1.704772712123232,
        1.2808688457449497,
        1.489546910976623,
        1.4415703243338496,
        1.14564392373896,
        1.6056540723331412,
        1.5662455107677085,
        1.3693063937629153,
        1.5103807466993215,
        1.340475661845451,
        1.2808688457449497,
        1.2624381172952597,
        1.5,
        1.2183492931011204,
        1.352081728298996,
        1.4947825928876748,
        1.6583123951777,
        1.2119199643540823,
        1.1792476415070754,
        0.0,
        1.243734296383275,
        1.4842927608797396,
        1.3169567191065923,
        1.334634781503914,
        1.5360257159305635,
        1.5103807466993215,
        1.25,
        1.25,
        1.4523687548277813,
        1.286953767623375,
        1.3863170633011772,
        1.4684175155588413,
        1.5360257159305635,
        1.4469796128487782,
        1.334634781503914,
        1.3693063937629153,
        1.7275343701356567,
        1.3863170633011772,
        1.1726039399558574,
        1.5461646096066226,
        1.4252192813739224,
        1.7677669529663689,
        1.505199322349037,
        1.3050383136138188,
        1.2624381172952597,
        1.4306903927824497
    ],
    [
        1.357847561400027,
        1.1524430571616109,
        1.4142135623730951,
        1.3287682265918312,
        1.6007810593582121,
        1.3169567191065923,
        1.4361406616345072,
        1.4142135623730951,
        1.2562344526401112,
        1.541103500742244,
        1.6677080080157918,
        1.4197270864500684,
        1.3863170633011772,
        1.4361406616345072,
        1.2374368670764582,
        1.14564392373896,
        1.4415703243338496,
        1.2054563451241194,
        1.3050383136138188,
        1.4523687548277813,
        1.7633419974582356,
        1.1319231422671772,
        1.2119199643540823,
        1.243734296383275,
        0.0,
        1.3863170633011772,
        1.334634781503914,
        1.3228756555322954,
        1.4197270864500684,
        1.4252192813739224,
        1.352081728298996,
        1.3693063937629153,
        1.3806701271484076,
        1.3806701271484076,
        1.4361406616345072,
        1.4684175155588413,
        1.4361406616345072,
        1.4684175155588413,
        1.2686114456365274,
        1.2624381172952597,
        1.620185174601965,
        1.4306903927824497,
        1.159202311936963,
        1.648863244784115,
        1.5103807466993215,
        1.8328597873268975,
        1.346291201783626,
        1.3806701271484076,
        1.3110110602126894,
        1.357847561400027
    ],
    [
        1.7721808598447282,
        1.3806701271484076,
        1.4630874888399532,
        1.5662455107677085,
        1.5512092057488571,
        1.403121520040228,
        1.4630874888399532,
        1.4630874888399532,
        1.403121520040228,
        1.7633419974582356,
        1.9121323175972944,
        1.5258194519667128,
        1.5103807466993215,
        1.4306903927824497,
        1.2808688457449497,
        1.3050383136138188,
        1.4737282653189494,
        1.352081728298996,
        1.5461646096066226,
        1.5,
        1.489546910976623,
        1.4086784586980805,
        1.357847561400027,
        1.4842927608797396,
        1.3863170633011772,
        0.0,
        1.6909686573085854,
        1.5612494995995996,
        1.4630874888399532,
        1.5,
        1.4086784586980805,
        1.4737282653189494,
        1.4142135623730951,
        1.4947825928876748,
        1.6153559979150107,
        1.4361406616345072,
        1.5103807466993215,
        1.5258194519667128,
        1.4361406616345072,
        1.3863170633011772,
        1.6441183047457382,
        1.5360257159305635,
        1.3975424859373686,
        1.5258194519667128,
        1.5,
        1.653594569415369,
        1.352081728298996,
        1.79843682124227,
        1.4306903927824497,
        1.4577379737113252
    ],
    [
        1.015504800579495,
        1.3975424859373686,
        1.6677080080157918,
        1.224744871391589,
        1.8791620472966135,
        1.541103500742244,
        1.7809758560968758,
        1.648863244784115,
        1.352081728298996,
        1.6056540723331412,
        1.1319231422671772,
        1.541103500742244,
        1.6723860200324565,
        1.7001838135919305,
        1.4361406616345072,
        1.403121520040228,
        1.875,
        1.2624381172952597,
        1.3806701271484076,
        1.7320508075688772,
        2.161452058223823,
        1.3228756555322954,
        1.3635890143294642,
        1.3169567191065923,
        1.334634781503914,
        1.6909686573085854,
        0.0,
        1.2930100540985752,
        1.75,
        1.758905909933786,
        1.5,
        1.6153559979150107,
        1.7455300054711176,
        1.4306903927824497,
        1.58607219255619,
        1.79843682124227,
        1.8285923547909742,
        1.8328597873268975,
        1.4252192813739224,
        1.4630874888399532,
        2.1505813167606567,
        1.5155444566227676,
        1.1319231422671772,
        1.996089927833914,
        1.6441183047457382,
        2.218529918662356,
        1.8114220932736798,
        0.8660254037844386,
        1.4415703243338496,
        1.6007810593582121
    ],
    [
        1.2119199643540823,
        1.334634781503914,
        1.3050383136138188,
        1.1989578808281798,
        1.5258194519667128,
        1.4415703243338496,
        1.505199322349037,
        1.3806701271484076,
        1.3169567191065923,
        1.224744871391589,
        1.6298006013006623,
        1.4737282653189494,
        1.3228756555322954,
        1.5562374497485916,
        1.3050383136138188,
        1.25,
        1.6056540723331412,
        1.2562344526401112,
        1.118033988749895,
        1.3919410907075054,
        1.6393596310755,
        1.231107225224513,
        1.2374368670764582,
        1.334634781503914,
        1.3228756555322954,
        1.5612494995995996,
        1.2930100540985752,
        0.0,
        1.340475661845451,
        1.5,
        1.3693063937629153,
        1.4252192813739224,
        1.3228756555322954,
        1.357847561400027,
        1.3228756555322954,
        1.352081728298996,
        1.4142135623730951,
        1.403121520040228,
        1.346291201783626,
        1.4252192813739224,
        1.6153559979150107,
        1.3919410907075054,
        1.2624381172952597,
        1.590990257669732,
        1.2374368670764582,
        1.6863421954040052,
        1.5258194519667128,
        1.3693063937629153,
        1.3806701271484076,
        1.3110110602126894
    ],
    [
        1.648863244784115,
        1.4252192813739224,
        1.3110110602126894,
        1.4684175155588413,
        1.4361406616345072,
        1.3863170633011772,
        1.4523687548277813,
        1.2747548783981961,
        1.4630874888399532,
        1.4469796128487782,
        2.0953818267800264,
        1.4523687548277813,
        1.3693063937629153,
        1.4630874888399532,
        1.357847561400027,
        1.346291201783626,
        1.4947825928876748,
        1.346291201783626,
        1.3863170633011772,
        1.4252192813739224,
        1.505199322349037,
        1.403121520040228,
        1.357847561400027,
        1.5360257159305635,
        1.4197270864500684,
        1.4630874888399532,
        1.75,
        1.340475661845451,
        0.0,
        1.5461646096066226,
        1.4577379737113252,
        1.5258194519667128,
        1.3169567191065923,
        1.403121520040228,
        1.4415703243338496,
        1.3050383136138188,
        1.334634781503914,
        1.375,
        1.4415703243338496,
        1.5309310892394863,
        1.5155444566227676,
        1.5662455107677085,
        1.489546910976623,
        1.4577379737113252,
        1.2930100540985752,
        1.5811388300841898,
        1.541103500742244,
        1.79843682124227,
        1.403121520040228,
        1.2624381172952597
    ],
    [
        1.8285923547909742,
        1.352081728298996,
        1.5309310892394863,
        1.5309310892394863,
        1.541103500742244,
        1.479019945774904,
        1.4469796128487782,
        1.5662455107677085,
        1.3806701271484076,
        1.741048534648015,
        2.0615528128088303,
        1.5461646096066226,
        1.58607219255619,
        1.541103500742244,
        1.3228756555322954,
        1.3863170633011772,
        1.340475661845451,
        1.3806701271484076,
        1.5155444566227676,
        1.5761900266148114,
        1.695582495781317,
        1.4252192813739224,
