[
    [
        0.0,
        0.8640183897219884,
        0.30618621784789724,
        0.4330127018922193,
        0.9270248108869579,
        1.0383279828647594,
        0.45069390943299864,
        0.7288689868556626,
        0.9921567416492215,
        0.81967981553775,
        0.1767766952966369,
        0.5153882032022076,
        0.5,
        0.9682458365518543,
        1.1989578808281798,
        0.5153882032022076,
        0.5863019699779287,
        0.81967981553775,
        0.8569568250501305,
        1.0752906583803283,
        0.9771699499632145,
        0.770551750371122,
        0.673145600891813,
        0.7905694150420949,
        0.9519716382329886,
        0.8477912478906585,
        0.5590169943749475,
        0.8660254037844386,
        0.7806247497997998,
        0.75,
        0.673145600891813,
        0.414578098794425,
        0.8569568250501305,
        0.6263873490988712,
        0.5448623679425842,
        0.739509972887452,
        0.5863019699779287,
        0.6373774391990981,
        1.1110243021644486,
        1.0077822185373186,
        0.8730136183232068,
        0.5448623679425842,
        0.57282196186948,
        0.952883052169106,
        0.46770717334674267,
        0.6123724356957945,
        0.6123724356957945,
        0.414578098794425,
        0.82915619758885,
        0.625
    ],
    [
        0.8640183897219884,
        0.0,
        0.775044801572428,
        0.6263873490988712,
        0.5605676686280713,
        0.7371585838730889,
        0.7046472718869902,
        0.6222160217945033,
        0.6508541396588879,
        0.5270462766947299,
        0.7783975705112252,
        0.6095307849303248,
        0.5416666666666666,
        0.5833333333333334,
        0.8549285220284663,
        0.5559026693385972,
        0.517069735249619,
        0.384147685720537,
        0.5697830971323893,
        0.7580585582775105,
        0.6588078458684123,
        0.5697830971323893,
        0.5416666666666666,
        0.6222160217945033,
        0.6705615391429617,
        0.7046472718869902,
        0.5697830971323893,
        0.5559026693385972,
        0.6821127309893709,
        0.5965758776365148,
        0.5833333333333334,
        0.6346477588219923,
        0.7046472718869902,
        0.6109532624422992,
        0.6180165405913053,
        0.4965156369922077,
        0.5965758776365148,
        0.5697830971323893,
        0.6222160217945033,
        0.5416666666666666,
        0.5448623679425842,
        0.4965156369922077,
        0.5559026693385972,
        0.5559026693385972,
        0.5559026693385972,
        0.6588078458684123,
        0.5270462766947299,
        0.5965758776365148,
        0.5965758776365148,
        0.7716774657271723
    ],
    [
        0.30618621784789724,
        0.775044801572428,
        0.0,
        0.33071891388307384,
        0.75,
        1.015504800579495,
        0.5153882032022076,
        0.7071067811865476,
        0.8385254915624212,
        0.8100925873009825,
        0.30618621784789724,
        0.5,
        0.5,
        0.8838834764831844,
        1.1989578808281798,
        0.5153882032022076,
        0.5153882032022076,
        0.6846531968814576,
        0.82915619758885,
        1.015504800579495,
        0.8333333333333334,
        0.7288689868556626,
        0.6614378277661477,
        0.7288689868556626,
        0.9100137361600648,
        0.770551750371122,
        0.5153882032022076,
        0.81967981553775,
        0.739509972887452,
        0.6959705453537527,
        0.6123724356957945,
        0.4330127018922193,
        0.739509972887452,
        0.4750730937913075,
        0.375,
        0.6959705453537527,
        0.57282196186948,
        0.5863019699779287,
        1.0077822185373186,
        0.9762812094883317,
        0.7949493345141213,
        0.5448623679425842,
        0.5590169943749475,
        0.7441904624788229,
        0.4841229182759271,
        0.57282196186948,
        0.57282196186948,
        0.46770717334674267,
        0.770551750371122,
        0.414578098794425
    ],
    [
        0.4330127018922193,
        0.6263873490988712,
        0.33071891388307384,
        0.0,
        0.5448623679425842,
        0.875,
        0.375,
        0.5448623679425842,
        0.6846531968814576,
        0.6123724356957945,
        0.3535533905932738,
        0.375,
        0.375,
        0.6614378277661477,
        1.0532687216470449,
        0.375,
        0.4330127018922193,
        0.5863019699779287,
        0.625,
        0.82915619758885,
        0.6934715407122183,
        0.5153882032022076,
        0.45069390943299864,
        0.5448623679425842,
        0.7288689868556626,
        0.5303300858899106,
        0.39528470752104744,
        0.5863019699779287,
        0.5863019699779287,
        0.5,
        0.39528470752104744,
        0.25,
        0.6373774391990981,
        0.39086797998528583,
        0.2795084971874737,
        0.5303300858899106,
        0.414578098794425,
        0.414578098794425,
        0.81967981553775,
        0.8100925873009825,
        0.6387379048648288,
        0.46770717334674267,
        0.39528470752104744,
        0.5965758776365148,
        0.3535533905932738,
        0.39528470752104744,
        0.4330127018922193,
        0.375,
        0.5994789404140899,
        0.46770717334674267
    ],
    [
        0.9270248108869579,
        0.5605676686280713,
        0.75,
        0.5448623679425842,
        0.0,
        0.7180703308172536,
        0.6846531968814576,
        0.5863019699779287,
        0.6373774391990981,
        0.5303300858899106,
        0.81967981553775,
        0.5303300858899106,
        0.4841229182759271,
        0.5863019699779287,
        0.8477912478906585,
        0.46770717334674267,
        0.45069390943299864,
        0.4841229182759271,
        0.5153882032022076,
        0.6123724356957945,
        0.5833333333333334,
        0.5448623679425842,
        0.4841229182759271,
        0.5590169943749475,
        0.57282196186948,
        0.5994789404140899,
        0.4841229182759271,
        0.5153882032022076,
        0.5994789404140899,
        0.5,
        0.5153882032022076,
        0.57282196186948,
        0.649519052838329,
        0.5697830971323893,
        0.5303300858899106,
        0.46770717334674267,
        0.5,
        0.5153882032022076,
        0.7071067811865476,
        0.6373774391990981,
        0.5319643889501544,
        0.4841229182759271,
        0.5,
        0.5559026693385972,
        0.4841229182759271,
        0.5448623679425842,
        0.5153882032022076,
        0.5448623679425842,
        0.5448623679425842,
        0.770551750371122
    ],
    [
        1.0383279828647594,
        0.7371585838730889,
        1.015504800579495,
        0.875,
        0.7180703308172536,
        0.0,
        0.739509972887452,
        0.739509972887452,
        0.82915619758885,
        0.57282196186948,
        0.9437293044088437,
        0.7905694150420949,
        0.75,
        0.6846531968814576,
        0.75,
        0.739509972887452,
        0.75,
        0.673145600891813,
        0.7180703308172536,
        0.673145600891813,
        0.7916666666666667,
        0.7180703308172536,
        0.6614378277661477,
        0.739509972887452,
        0.6614378277661477,
        0.6614378277661477,
        0.770551750371122,
        0.7180703308172536,
        0.673145600891813,
        0.739509972887452,
        0.8003905296791061,
        0.8100925873009825,
        0.9682458365518543,
        0.8207381501496754,
        0.8838834764831844,
        0.6959705453537527,
        0.7905694150420949,
        0.739509972887452,
        0.7603453162872774,
        0.7071067811865476,
        0.7156485015549029,
        0.7071067811865476,
        0.673145600891813,
        0.8014743359029727,
        0.75,
        0.7603453162872774,
        0.7288689868556626,
        0.75,
        0.75,
        1.0077822185373186
    ],
    [
        0.45069390943299864,
        0.7046472718869902,
        0.5153882032022076,
        0.375,
        0.6846531968814576,
        0.739509972887452,
        0.0,
        0.5,
        0.739509972887452,
        0.5448623679425842,
        0.414578098794425,
        0.46770717334674267,
        0.414578098794425,
        0.625,
        0.9682458365518543,
        0.375,
        0.5,
        0.6373774391990981,
        0.57282196186948,
        0.7806247497997998,
        0.7511565157216644,
        0.57282196186948,
        0.45069390943299864,
        0.625,
        0.6614378277661477,
        0.4841229182759271,
        0.375,
        0.6123724356957945,
        0.5303300858899106,
        0.5303300858899106,
        0.46770717334674267,
        0.25,
        0.770551750371122,
        0.4859126579037751,
        0.46770717334674267,
        0.57282196186948,
        0.414578098794425,
        0.4841229182759271,
        0.81967981553775,
        0.770551750371122,
        0.6705615391429617,
        0.5153882032022076,
        0.39528470752104744,
        0.7300589778306347,
        0.3535533905932738,
        0.5153882032022076,
        0.46770717334674267,
        0.39528470752104744,
        0.5994789404140899,
        0.625
    ],
    [
        0.7288689868556626,
        0.6222160217945033,
        0.7071067811865476,
        0.5448623679425842,
        0.5863019699779287,
        0.739509972887452,
        0.5,
        0.0,
        0.673145600891813,
        0.5994789404140899,
        0.6614378277661477,
        0.4330127018922193,
        0.414578098794425,
        0.5448623679425842,
        0.9437293044088437,
        0.3535533905932738,
        0.3535533905932738,
        0.5994789404140899,
        0.625,
        0.75,
        0.7406828681096325,
        0.414578098794425,
        0.4841229182759271,
        0.4841229182759271,
        0.649519052838329,
        0.5590169943749475,
        0.45069390943299864,
        0.46770717334674267,
        0.5153882032022076,
        0.46770717334674267,
        0.3535533905932738,
        0.46770717334674267,
        0.5303300858899106,
        0.5743353646704259,
        0.5153882032022076,
        0.46770717334674267,
        0.45069390943299864,
        0.375,
        0.75,
        0.7180703308172536,
        0.5697830971323893,
        0.4841229182759271,
        0.46770717334674267,
        0.5877806658194119,
        0.39528470752104744,
        0.4841229182759271,
        0.414578098794425,
        0.5,
        0.5590169943749475,
        0.739509972887452
    ],
    [
        0.9921567416492215,
        0.6508541396588879,
        0.8385254915624212,
        0.6846531968814576,
        0.6373774391990981,
        0.82915619758885,
        0.739509972887452,
        0.673145600891813,
        0.0,
        0.7071067811865476,
        0.9354143466934853,
        0.81967981553775,
        0.7180703308172536,
        0.739509972887452,
        0.9437293044088437,
        0.6846531968814576,
        0.625,
        0.5590169943749475,
        0.6846531968814576,
        0.81967981553775,
        0.6346477588219923,
        0.7180703308172536,
        0.7071067811865476,
        0.8100925873009825,
        0.7288689868556626,
        0.7180703308172536,
        0.7071067811865476,
        0.673145600891813,
        0.770551750371122,
        0.6846531968814576,
        0.673145600891813,
        0.770551750371122,
        0.9185586535436918,
        0.5559026693385972,
        0.6373774391990981,
        0.6959705453537527,
        0.7071067811865476,
        0.739509972887452,
        0.82915619758885,
        0.8003905296791061,
        0.6009252125773316,
        0.7288689868556626,
        0.739509972887452,
        0.5559026693385972,
        0.7071067811865476,
        0.739509972887452,
        0.673145600891813,
        0.7806247497997998,
        0.81967981553775,
        0.649519052838329
    ],
    [
        0.81967981553775,
        0.5270462766947299,
        0.8100925873009825,
        0.6123724356957945,
        0.5303300858899106,
        0.57282196186948,
        0.5448623679425842,
        0.5994789404140899,
        0.7071067811865476,
        0.0,
        0.7071067811865476,
        0.5590169943749475,
        0.5153882032022076,
        0.57282196186948,
        0.770551750371122,
        0.5303300858899106,
        0.4841229182759271,
        0.4330127018922193,
        0.5,
        0.6846531968814576,
        0.7192781875680029,
        0.5590169943749475,
        0.45069390943299864,
        0.5590169943749475,
        0.57282196186948,
        0.5,
        0.5448623679425842,
        0.4841229182759271,
        0.5863019699779287,
        0.5448623679425842,
        0.57282196186948,
        0.5303300858899106,
        0.7905694150420949,
        0.5605676686280713,
        0.625,
        0.46770717334674267,
        0.5994789404140899,
        0.5153882032022076,
        0.6373774391990981,
        0.5994789404140899,
        0.5697830971323893,
        0.45069390943299864,
        0.46770717334674267,
        0.6744339190099436,
        0.5,
        0.57282196186948,
        0.5590169943749475,
        0.5,
        0.5863019699779287,
        0.82915619758885
    ],
    [
        0.1767766952966369,
        0.7783975705112252,
        0.30618621784789724,
        0.3535533905932738,
        0.81967981553775,
        0.9437293044088437,
        0.414578098794425,
        0.6614378277661477,
        0.9354143466934853,
        0.7071067811865476,
        0.0,
        0.45069390943299864,
        0.414578098794425,
        0.8100925873009825,
        1.1388041973930374,
        0.4330127018922193,
        0.5448623679425842,
        0.7288689868556626,
        0.75,
        0.9842509842514764,
        0.9023503261544882,
        0.6959705453537527,
        0.5863019699779287,
        0.7071067811865476,
        0.8477912478906585,
        0.7071067811865476,
        0.45069390943299864,
        0.7603453162872774,
        0.6614378277661477,
        0.6959705453537527,
        0.6123724356957945,
        0.33071891388307384,
        0.8100925873009825,
        0.5319643889501544,
        0.4841229182759271,
        0.673145600891813,
        0.5,
        0.5590169943749475,
        0.9682458365518543,
        0.9270248108869579,
        0.7883703303510209,
        0.5,
        0.46770717334674267,
        0.8395600699837452,
        0.414578098794425,
        0.5863019699779287,
        0.5153882032022076,
        0.375,
        0.75,
        0.5590169943749475
    ],
    [
        0.5153882032022076,
        0.6095307849303248,
        0.5,
        0.375,
        0.5303300858899106,
        0.7905694150420949,
        0.46770717334674267,
        0.4330127018922193,
        0.81967981553775,
        0.5590169943749475,
        0.45069390943299864,
        0.0,
        0.25,
        0.625,
        1.0077822185373186,
        0.21650635094610965,
        0.30618621784789724,
        0.5590169943749475,
        0.649519052838329,
        0.81967981553775,
        0.7300589778306347,
        0.4330127018922193,
        0.375,
        0.39528470752104744,
        0.7180703308172536,
        0.57282196186948,
        0.33071891388307384,
        0.5994789404140899,
        0.57282196186948,
        0.5153882032022076,
        0.33071891388307384,
        0.30618621784789724,
        0.39528470752104744,
        0.46955948623269356,
        0.39528470752104744,
        0.414578098794425,
        0.375,
        0.2795084971874737,
        0.770551750371122,
        0.7288689868556626,
        0.6468406123441677,
        0.33071891388307384,
        0.25,
        0.6387379048648288,
        0.25,
        0.30618621784789724,
        0.3535533905932738,
        0.25,
        0.45069390943299864,
        0.673145600891813
    ],
    [
        0.5,
        0.5416666666666666,
        0.5,
        0.375,
        0.4841229182759271,
        0.75,
        0.414578098794425,
        0.414578098794425,
        0.7180703308172536,
        0.5153882032022076,
        0.414578098794425,
        0.25,
        0.0,
        0.5994789404140899,
        0.9762812094883317,
        0.2795084971874737,
        0.3535533905932738,
        0.5590169943749475,
        0.5303300858899106,
        0.7071067811865476,
        0.6859199013814303,
        0.39528470752104744,
        0.4330127018922193,
        0.45069390943299864,
        0.6373774391990981,
        0.5448623679425842,
        0.2795084971874737,
        0.4841229182759271,
        0.46770717334674267,
        0.4330127018922193,
        0.3535533905932738,
        0.33071891388307384,
        0.5448623679425842,
        0.46955948623269356,
        0.414578098794425,
        0.45069390943299864,
        0.30618621784789724,
        0.30618621784789724,
        0.7180703308172536,
        0.673145600891813,
        0.5833333333333334,
        0.375,
        0.2795084971874737,
        0.6137883276106765,
        0.25,
        0.375,
        0.3535533905932738,
        0.21650635094610965,
        0.5,
        0.625
    ],
    [
        0.9682458365518543,
        0.5833333333333334,
        0.8838834764831844,
        0.6614378277661477,
        0.5863019699779287,
        0.6846531968814576,
        0.625,
        0.5448623679425842,
        0.739509972887452,
        0.57282196186948,
        0.8100925873009825,
        0.625,
        0.5994789404140899,
        0.0,
        0.7806247497997998,
        0.5590169943749475,
        0.5590169943749475,
        0.649519052838329,
        0.625,
        0.649519052838329,
        0.7406828681096325,
        0.5448623679425842,
        0.5590169943749475,
        0.5863019699779287,
        0.5303300858899106,
        0.5863019699779287,
        0.6123724356957945,
        0.5448623679425842,
        0.6123724356957945,
        0.5590169943749475,
        0.57282196186948,
        0.6614378277661477,
        0.7288689868556626,
        0.6859199013814303,
        0.6959705453537527,
        0.4841229182759271,
        0.5863019699779287,
        0.57282196186948,
        0.6373774391990981,
        0.6373774391990981,
        0.5270462766947299,
        0.5448623679425842,
        0.5448623679425842,
        0.6508541396588879,
        0.5863019699779287,
        0.673145600891813,
        0.5303300858899106,
        0.625,
        0.5590169943749475,
        0.9013878188659973
    ],
    [
        1.1989578808281798,
        0.8549285220284663,
        1.1989578808281798,
        1.0532687216470449,
        0.8477912478906585,
        0.75,
        0.9682458365518543,
        0.9437293044088437,
        0.9437293044088437,
        0.770551750371122,
        1.1388041973930374,
        1.0077822185373186,
        0.9762812094883317,
        0.7806247497997998,
        0.0,
        0.9519716382329886,
        0.9437293044088437,
        0.7905694150420949,
        0.82915619758885,
        0.8100925873009825,
        0.9851325347947408,
        0.9013878188659973,
        0.8569568250501305,
        0.9354143466934853,
        0.7905694150420949,
        0.82915619758885,
        0.9682458365518543,
        0.8003905296791061,
        0.9013878188659973,
        0.9185586535436918,
        0.9921567416492215,
        1.015504800579495,
        1.118033988749895,
        0.9930312739844155,
        1.0606601717798212,
        0.8477912478906585,
        0.9762812094883317,
        0.9682458365518543,
        0.82915619758885,
        0.739509972887452,
        0.8079466429027216,
        0.9519716382329886,
        0.9354143466934853,
        0.961046882889233,
        0.9519716382329886,
        1.0,
        0.9013878188659973,
        0.9762812094883317,
        0.9519716382329886,
        1.192424001771182
    ],
    [
        0.5153882032022076,
        0.5559026693385972,
        0.5153882032022076,
        0.375,
        0.46770717334674267,
        0.739509972887452,
        0.375,
        0.3535533905932738,
        0.6846531968814576,
        0.5303300858899106,
        0.4330127018922193,
        0.21650635094610965,
        0.2795084971874737,
        0.5590169943749475,
        0.9519716382329886,
        0.0,
        0.33071891388307384,
        0.5448623679425842,
        0.5303300858899106,
        0.7288689868556626,
        0.7083333333333334,
        0.375,
        0.33071891388307384,
        0.45069390943299864,
        0.649519052838329,
        0.5,
        0.2795084971874737,
        0.45069390943299864,
        0.4841229182759271,
        0.414578098794425,
        0.33071891388307384,
        0.30618621784789724,
        0.5448623679425842,
        0.452615853800009,
        0.414578098794425,
        0.414578098794425,
        0.2795084971874737,
        0.30618621784789724,
        0.6846531968814576,
        0.6614378277661477,
        0.5416666666666666,
        0.33071891388307384,
        0.2795084971874737,
        0.5743353646704259,
        0.21650635094610965,
        0.39528470752104744,
        0.30618621784789724,
        0.21650635094610965,
        0.5153882032022076,
        0.6373774391990981
    ],
    [
        0.5863019699779287,
        0.517069735249619,
        0.5153882032022076,
        0.4330127018922193,
        0.45069390943299864,
        0.75,
        0.5,
        0.3535533905932738,
        0.625,
        0.4841229182759271,
        0.5448623679425842,
        0.30618621784789724,
        0.3535533905932738,
        0.5590169943749475,
        0.9437293044088437,
        0.33071891388307384,
        0.0,
        0.45069390943299864,
        0.5590169943749475,
        0.7806247497997998,
        0.6705615391429617,
        0.3535533905932738,
        0.375,
        0.3535533905932738,
        0.673145600891813,
        0.57282196186948,
        0.414578098794425,
        0.5153882032022076,
        0.5994789404140899,
        0.4841229182759271,
        0.3535533905932738,
        0.39528470752104744,
        0.45069390943299864,
        0.44682522061515034,
        0.39528470752104744,
        0.375,
        0.45069390943299864,
        0.2795084971874737,
        0.7180703308172536,
        0.673145600891813,
        0.5464532103585,
        0.2795084971874737,
        0.3535533905932738,
        0.4805234414446165,
        0.3535533905932738,
        0.414578098794425,
        0.375,
        0.39528470752104744,
        0.414578098794425,
        0.625
    ],
    [
        0.81967981553775,
        0.384147685720537,
        0.6846531968814576,
        0.5863019699779287,
        0.4841229182759271,
        0.673145600891813,
        0.6373774391990981,
        0.5994789404140899,
        0.5590169943749475,
        0.4330127018922193,
        0.7288689868556626,
        0.5590169943749475,
        0.5590169943749475,
        0.649519052838329,
        0.7905694150420949,
        0.5448623679425842,
        0.45069390943299864,
        0.0,
        0.5590169943749475,
        0.7071067811865476,
        0.551198189805123,
        0.5590169943749475,
        0.5,
        0.5303300858899106,
        0.6614378277661477,
        0.6373774391990981,
        0.5448623679425842,
        0.5153882032022076,
        0.6123724356957945,
        0.5994789404140899,
        0.5590169943749475,
        0.5863019699779287,
        0.6846531968814576,
        0.5068968775248517,
        0.5153882032022076,
        0.45069390943299864,
        0.57282196186948,
        0.5303300858899106,
        0.6614378277661477,
        0.57282196186948,
        0.551198189805123,
        0.46770717334674267,
        0.5303300858899106,
        0.4912427551063165,
        0.5303300858899106,
        0.5590169943749475,
        0.57282196186948,
        0.5590169943749475,
        0.5590169943749475,
        0.649519052838329
    ],
    [
        0.8569568250501305,
        0.5697830971323893,
        0.82915619758885,
        0.625,
        0.5153882032022076,
        0.7180703308172536,
        0.57282196186948,
        0.625,
        0.6846531968814576,
        0.5,
        0.75,
        0.649519052838329,
        0.5303300858899106,
        0.625,
        0.82915619758885,
        0.5303300858899106,
        0.5590169943749475,
        0.5590169943749475,
        0.0,
        0.6614378277661477,
        0.7192781875680029,
        0.5863019699779287,
        0.5,
        0.6123724356957945,
        0.5448623679425842,
        0.625,
        0.5153882032022076,
        0.4330127018922193,
        0.5863019699779287,
        0.6123724356957945,
        0.5,
        0.5863019699779287,
        0.81967981553775,
        0.6387379048648288,
        0.625,
        0.5303300858899106,
        0.5448623679425842,
        0.5994789404140899,
        0.6373774391990981,
        0.6123724356957945,
        0.5432668671002208,
        0.5590169943749475,
        0.5153882032022076,
        0.6859199013814303,
        0.5448623679425842,
        0.5590169943749475,
        0.4841229182759271,
        0.5994789404140899,
        0.6614378277661477,
        0.8477912478906585
    ],
    [
        1.0752906583803283,
        0.7580585582775105,
        1.015504800579495,
        0.82915619758885,
        0.6123724356957945,
        0.673145600891813,
        0.7806247497997998,
        0.75,
        0.81967981553775,
        0.6846531968814576,
        0.9842509842514764,
        0.81967981553775,
        0.7071067811865476,
        0.649519052838329,
        0.8100925873009825,
        0.7288689868556626,
        0.7806247497997998,
        0.7071067811865476,
        0.6614378277661477,
        0.0,
        0.6263873490988712,
        0.673145600891813,
        0.6373774391990981,
        0.7180703308172536,
        0.6373774391990981,
        0.7180703308172536,
        0.7180703308172536,
        0.6373774391990981,
        0.6959705453537527,
        0.739509972887452,
        0.7288689868556626,
        0.8100925873009825,
        0.82915619758885,
        0.8111634305804911,
        0.81967981553775,
        0.6614378277661477,
        0.6959705453537527,
        0.739509972887452,
        0.75,
        0.7288689868556626,
        0.6095307849303248,
        0.7603453162872774,
        0.7071067811865476,
        0.7817359599705717,
        0.75,
        0.739509972887452,
        0.6846531968814576,
        0.81967981553775,
        0.673145600891813,
        1.0077822185373186
    ],
    [
        0.9771699499632145,
        0.6588078458684123,
        0.8333333333333334,
        0.6934715407122183,
        0.5833333333333334,
        0.7916666666666667,
        0.7511565157216644,
        0.7406828681096325,
        0.6346477588219923,
        0.7192781875680029,
        0.9023503261544882,
        0.7300589778306347,
        0.6859199013814303,
        0.7406828681096325,
        0.9851325347947408,
        0.7083333333333334,
        0.6705615391429617,
        0.551198189805123,
        0.7192781875680029,
        0.6263873490988712,
        0.0,
        0.7511565157216644,
        0.6508541396588879,
        0.6859199013814303,
        0.7511565157216644,
        0.7453559924999299,
        0.7192781875680029,
        0.7192781875680029,
        0.7511565157216644,
        0.6744339190099436,
        0.6387379048648288,
        0.7406828681096325,
        0.8111634305804911,
        0.6373774391990981,
        0.6428020258558964,
        0.6972166887783964,
        0.7511565157216644,
        0.7192781875680029,
        0.8670271686118671,
        0.8111634305804911,
        0.5697830971323893,
        0.6972166887783964,
        0.6859199013814303,
        0.5863019699779287,
        0.6859199013814303,
        0.6627489050244528,
        0.6627489050244528,
        0.7300589778306347,
        0.6508541396588879,
        0.7371585838730889
    ],
    [
        0.770551750371122,
        0.5697830971323893,
        0.7288689868556626,
        0.5153882032022076,
        0.5448623679425842,
        0.7180703308172536,
        0.57282196186948,
        0.414578098794425,
        0.7180703308172536,
        0.5590169943749475,
        0.6959705453537527,
        0.4330127018922193,
        0.39528470752104744,
        0.5448623679425842,
        0.9013878188659973,
        0.375,
        0.3535533905932738,
        0.5590169943749475,
        0.5863019699779287,
        0.673145600891813,
        0.7511565157216644,
        0.0,
        0.414578098794425,
        0.414578098794425,
        0.6614378277661477,
        0.5590169943749475,
        0.4330127018922193,
        0.45069390943299864,
        0.5153882032022076,
        0.4841229182759271,
        0.39528470752104744,
        0.46770717334674267,
        0.5153882032022076,
        0.5877806658194119,
        0.5448623679425842,
        0.46770717334674267,
        0.39528470752104744,
        0.33071891388307384,
        0.6846531968814576,
        0.6614378277661477,
        0.5416666666666666,
        0.39528470752104744,
        0.414578098794425,
        0.5605676686280713,
        0.39528470752104744,
        0.45069390943299864,
        0.414578098794425,
        0.4841229182759271,
        0.4841229182759271,
        0.7905694150420949
    ],
    [
        0.673145600891813,
        0.5416666666666666,
        0.6614378277661477,
        0.45069390943299864,
        0.4841229182759271,
        0.6614378277661477,
        0.45069390943299864,
        0.4841229182759271,
        0.7071067811865476,
        0.45069390943299864,
        0.5863019699779287,
        0.375,
        0.4330127018922193,
        0.5590169943749475,
        0.8569568250501305,
        0.33071891388307384,
        0.375,
        0.5,
        0.5,
        0.6373774391990981,
        0.6508541396588879,
        0.414578098794425,
        0.0,
        0.45069390943299864,
        0.5994789404140899,
        0.46770717334674267,
        0.4330127018922193,
        0.414578098794425,
        0.5303300858899106,
        0.39528470752104744,
        0.4330127018922193,
        0.414578098794425,
        0.57282196186948,
        0.5170697352496191,
        0.5,
        0.39528470752104744,
        0.4330127018922193,
        0.3535533905932738,
        0.673145600891813,
        0.649519052838329,
        0.5416666666666666,
        0.33071891388307384,
        0.30618621784789724,
        0.5605676686280713,
        0.33071891388307384,
        0.4330127018922193,
        0.375,
        0.375,
        0.414578098794425,
        0.7180703308172536
    ],
    [
        0.7905694150420949,
        0.6222160217945033,
        0.7288689868556626,
        0.5448623679425842,
        0.5590169943749475,
        0.739509972887452,
        0.625,
        0.4841229182759271,
        0.8100925873009825,
        0.5590169943749475,
        0.7071067811865476,
        0.39528470752104744,
        0.45069390943299864,
        0.5863019699779287,
        0.9354143466934853,
        0.45069390943299864,
        0.3535533905932738,
        0.5303300858899106,
        0.6123724356957945,
        0.7180703308172536,
        0.6859199013814303,
        0.414578098794425,
        0.45069390943299864,
        0.0,
        0.7180703308172536,
        0.625,
        0.4841229182759271,
        0.5590169943749475,
        0.6373774391990981,
        0.5153882032022076,
        0.5,
        0.5303300858899106,
        0.39528470752104744,
        0.6387379048648288,
        0.5863019699779287,
        0.414578098794425,
        0.5,
        0.414578098794425,
        0.7180703308172536,
        0.6846531968814576,
        0.5965758776365148,
        0.414578098794425,
        0.46770717334674267,
        0.5877806658194119,
        0.4330127018922193,
        0.4841229182759271,
        0.5,
        0.5303300858899106,
        0.375,
        0.8100925873009825
    ],
    [
        0.9519716382329886,
        0.6705615391429617,
        0.9100137361600648,
        0.7288689868556626,
        0.57282196186948,
        0.6614378277661477,
        0.6614378277661477,
        0.649519052838329,
        0.7288689868556626,
        0.57282196186948,
        0.8477912478906585,
        0.7180703308172536,
        0.6373774391990981,
        0.5303300858899106,
        0.7905694150420949,
        0.649519052838329,
        0.673145600891813,
        0.6614378277661477,
        0.5448623679425842,
        0.6373774391990981,
        0.7511565157216644,
        0.6614378277661477,
        0.5994789404140899,
        0.7180703308172536,
        0.0,
        0.5303300858899106,
        0.673145600891813,
        0.6123724356957945,
        0.5863019699779287,
        0.5590169943749475,
        0.6373774391990981,
        0.7071067811865476,
        0.8660254037844386,
        0.7083333333333334,
        0.75,
        0.5863019699779287,
        0.649519052838329,
        0.7071067811865476,
        0.6959705453537527,
        0.6373774391990981,
        0.6222160217945033,
        0.6373774391990981,
        0.649519052838329,
        0.6744339190099436,
        0.6373774391990981,
        0.6959705453537527,
        0.57282196186948,
        0.673145600891813,
        0.6959705453537527,
        0.9100137361600648
    ],
    [
        0.8477912478906585,
        0.7046472718869902,
        0.770551750371122,
        0.5303300858899106,
        0.5994789404140899,
        0.6614378277661477,
        0.4841229182759271,
        0.5590169943749475,
        0.7180703308172536,
        0.5,
        0.7071067811865476,
        0.57282196186948,
        0.5448623679425842,
        0.5863019699779287,
        0.82915619758885,
        0.5,
        0.57282196186948,
        0.6373774391990981,
        0.625,
        0.7180703308172536,
        0.7453559924999299,
        0.5590169943749475,
        0.46770717334674267,
        0.625,
        0.5303300858899106,
        0.0,
        0.5153882032022076,
        0.5303300858899106,
        0.5448623679425842,
        0.45069390943299864,
        0.5590169943749475,
        0.5448623679425842,
        0.8100925873009825,
        0.5464532103585001,
        0.5863019699779287,
        0.5994789404140899,
        0.5448623679425842,
        0.5303300858899106,
        0.7603453162872774,
        0.6959705453537527,
        0.6023680122833733,
        0.5994789404140899,
        0.4841229182759271,
        0.6744339190099436,
        0.5153882032022076,
        0.5863019699779287,
        0.5153882032022076,
        0.5153882032022076,
        0.6959705453537527,
        0.7905694150420949
    ],
    [
        0.5590169943749475,
        0.5697830971323893,
        0.5153882032022076,
        0.39528470752104744,
        0.4841229182759271,
        0.770551750371122,
        0.375,
        0.45069390943299864,
        0.7071067811865476,
        0.5448623679425842,
        0.45069390943299864,
        0.33071891388307384,
        0.2795084971874737,
        0.6123724356957945,
        0.9682458365518543,
        0.2795084971874737,
        0.414578098794425,
        0.5448623679425842,
        0.5153882032022076,
        0.7180703308172536,
        0.7192781875680029,
        0.4330127018922193,
        0.4330127018922193,
        0.4841229182759271,
        0.673145600891813,
        0.5153882032022076,
        0.0,
        0.5153882032022076,
        0.46770717334674267,
        0.4841229182759271,
        0.414578098794425,
        0.33071891388307384,
        0.5590169943749475,
        0.501733107449679,
        0.375,
        0.45069390943299864,
        0.1767766952966369,
        0.375,
        0.7071067811865476,
        0.6959705453537527,
        0.5416666666666666,
        0.4330127018922193,
        0.30618621784789724,
        0.6859199013814303,
        0.2795084971874737,
        0.3535533905932738,
        0.375,
        0.30618621784789724,
        0.5153882032022076,
        0.6123724356957945
    ],
    [
        0.8660254037844386,
        0.5559026693385972,
        0.81967981553775,
        0.5863019699779287,
        0.5153882032022076,
        0.7180703308172536,
        0.6123724356957945,
        0.46770717334674267,
        0.673145600891813,
        0.4841229182759271,
        0.7603453162872774,
        0.5994789404140899,
        0.4841229182759271,
        0.5448623679425842,
        0.8003905296791061,
        0.45069390943299864,
        0.5153882032022076,
        0.5153882032022076,
        0.4330127018922193,
        0.6373774391990981,
        0.7192781875680029,
        0.45069390943299864,
        0.414578098794425,
        0.5590169943749475,
        0.6123724356957945,
        0.5303300858899106,
        0.5153882032022076,
        0.0,
        0.5590169943749475,
        0.45069390943299864,
        0.4841229182759271,
        0.6123724356957945,
        0.7180703308172536,
        0.6137883276106765,
        0.649519052838329,
        0.46770717334674267,
        0.5153882032022076,
        0.4841229182759271,
        0.649519052838329,
        0.6373774391990981,
        0.57282196186948,
        0.5,
        0.4841229182759271,
        0.5743353646704259,
        0.5,
        0.5863019699779287,
        0.4330127018922193,
        0.5994789404140899,
        0.5590169943749475,
        0.8385254915624212
    ],
    [
        0.7806247497997998,
        0.6821127309893709,
        0.739509972887452,
        0.5863019699779287,
        0.5994789404140899,
        0.673145600891813,
        0.5303300858899106,
        0.5153882032022076,
        0.770551750371122,
        0.5863019699779287,
        0.6614378277661477,
        0.57282196186948,
        0.46770717334674267,
        0.6123724356957945,
        0.9013878188659973,
        0.4841229182759271,
        0.5994789404140899,
        0.6123724356957945,
        0.5863019699779287,
        0.6959705453537527,
        0.7511565157216644,
        0.5153882032022076,
        0.5303300858899106,
        0.6373774391990981,
        0.5863019699779287,
        0.5448623679425842,
        0.46770717334674267,
        0.5590169943749475,
        0.0,
        0.6373774391990981,
        0.5448623679425842,
        0.5448623679425842,
        0.8003905296791061,
        0.6009252125773316,
        0.5863019699779287,
        0.5863019699779287,
        0.45069390943299864,
        0.5590169943749475,
        0.7071067811865476,
        0.649519052838329,
        0.5965758776365148,
        0.6123724356957945,
        0.4841229182759271,
        0.7614861201040444,
        0.5153882032022076,
        0.5303300858899106,
        0.4841229182759271,
        0.5153882032022076,
        0.6959705453537527,
        0.739509972887452
    ],
    [
        0.75,
        0.5965758776365148,
        0.6959705453537527,
        0.5,
        0.5,
        0.739509972887452,
        0.5303300858899106,
        0.46770717334674267,
        0.6846531968814576,
        0.5448623679425842,
        0.6959705453537527,
        0.5153882032022076,
        0.4330127018922193,
        0.5590169943749475,
        0.9185586535436918,
        0.414578098794425,
        0.4841229182759271,
        0.5994789404140899,
        0.6123724356957945,
        0.739509972887452,
        0.6744339190099436,
        0.4841229182759271,
        0.39528470752104744,
        0.5153882032022076,
        0.5590169943749475,
        0.45069390943299864,
        0.4841229182759271,
        0.45069390943299864,
        0.6373774391990981,
        0.0,
        0.39528470752104744,
        0.45069390943299864,
        0.6614378277661477,
        0.5743353646704259,
        0.5303300858899106,
        0.5153882032022076,
        0.5153882032022076,
        0.4330127018922193,
        0.8003905296791061,
        0.7071067811865476,
        0.6222160217945033,
        0.45069390943299864,
        0.39528470752104744,
        0.4859126579037751,
        0.375,
        0.46770717334674267,
        0.4330127018922193,
        0.5,
        0.4841229182759271,
        0.8003905296791061
    ],
    [
        0.673145600891813,
        0.5833333333333334,
