[
    [
        0.0,
        0.08838834764831845,
        0.08414320011147662,
        0.14905300022139775,
        0.10245997694221876,
        0.13441133229754104,
        0.07967217989988726,
        0.09375,
        0.08699631816921909,
        0.14657549249448218,
        0.06442352540027595,
        0.07967217989988726,
        0.12979099785809492,
        0.214808235701055,
        0.078125,
        0.06810779599282303,
        0.078125,
        0.12789613706050704,
        0.1690102160373745,
        0.19764235376052372,
        0.05633673867912483,
        0.0897587913521567,
        0.10004881620988826,
        0.1137517170200081,
        0.09757809372497497,
        0.0625,
        0.1307281291459493,
        0.17608480733726006,
        0.10004881620988826,
        0.09375,
        0.0855816496101822,
        0.1660960283239789,
        0.06629126073623882,
        0.06987712429686843,
        0.0625,
        0.0897587913521567,
        0.071602745233685,
        0.16237976320958225,
        0.09631896879639025,
        0.12789613706050704,
        0.06987712429686843,
        0.06629126073623882,
        0.10377530648526705,
        0.0855816496101822,
        0.0924387466109315,
        0.08118988160479113,
        0.09110862335695782,
        0.16010860571811872,
        0.09375
    ],
    [
        0.08838834764831845,
        0.0,
        0.05846339666834283,
        0.15625,
        0.13710881855300192,
        0.09631896879639025,
        0.08267972847076846,
        0.1269381000724369,
        0.10126157341262282,
        0.04941058844013093,
        0.06051536478449089,
        0.05633673867912483,
        0.16010860571811872,
        0.28768675999253074,
        0.03125,
        0.0625,
        0.10825317547305482,
        0.1767766952966369,
        0.21930732574403436,
        0.2181912506838897,
        0.07654655446197431,
        0.12103072956898178,
        0.11158481919598204,
        0.15780476466190746,
        0.13258252147247765,
        0.05412658773652741,
        0.1660960283239789,
        0.184877493221863,
        0.125,
        0.09631896879639025,
        0.04419417382415922,
        0.171875,
        0.05182226234930312,
        0.05182226234930312,
        0.0897587913521567,
        0.07967217989988726,
        0.06442352540027595,
        0.23070036031614688,
        0.11796616305110547,
        0.1788362990978062,
        0.04419417382415922,
        0.06987712429686843,
        0.14330017179372503,
        0.05633673867912483,
        0.071602745233685,
        0.09757809372497497,
        0.05633673867912483,
        0.15068204314051492,
        0.05412658773652741
    ],
    [
        0.08414320011147662,
        0.05846339666834283,
        0.0,
        0.171875,
        0.11587810136086973,
        0.11796616305110547,
        0.07328774624724109,
        0.11158481919598204,
        0.0897587913521567,
        0.06987712429686843,
        0.05633673867912483,
        0.04419417382415922,
        0.15467960838455727,
        0.234375,
        0.04419417382415922,
        0.04133986423538423,
        0.10711960313126631,
        0.17258376589355096,
        0.16682934768798924,
        0.23799290955824715,
        0.07654655446197431,
        0.09631896879639025,
        0.10004881620988826,
        0.16237976320958225,
        0.12597277731716483,
        0.05182226234930312,
        0.13621559198564606,
        0.214808235701055,
        0.10364452469860624,
        0.09504316453590968,
        0.05182226234930312,
        0.1660960283239789,
        0.038273277230987154,
        0.06987712429686843,
        0.08838834764831845,
        0.07654655446197431,
        0.07328774624724109,
        0.203125,
        0.11796616305110547,
        0.18154609435347266,
        0.05182226234930312,
        0.06629126073623882,
        0.12989545743062422,
        0.04419417382415922,
        0.08118988160479113,
        0.10597390598633231,
        0.04419417382415922,
        0.15780476466190746,
        0.07654655446197431
    ],
    [
        0.14905300022139775,
        0.15625,
        0.171875,
        0.0,
        0.16461958988832404,
        0.15068204314051492,
        0.12103072956898178,
        0.11267347735824966,
        0.14657549249448218,
        0.2181912506838897,
        0.13258252147247765,
        0.16461958988832404,
        0.1269381000724369,
        0.20904825250405706,
        0.16312978920172735,
        0.1608692209529219,
        0.09110862335695782,
        0.1335000585205864,
        0.1269381000724369,
        0.07967217989988726,
        0.11481983169296148,
        0.10711960313126631,
        0.08414320011147662,
        0.0855816496101822,
        0.1288470508005519,
        0.13441133229754104,
        0.17469281074217108,
        0.07328774624724109,
        0.07967217989988726,
        0.08414320011147662,
        0.15229366163764005,
        0.09882117688026186,
        0.14740595518838442,
        0.12103072956898178,
        0.0924387466109315,
        0.13258252147247765,
        0.10711960313126631,
        0.11267347735824966,
        0.07493486755176124,
        0.11048543456039805,
        0.15625,
        0.1288470508005519,
        0.1085034721666649,
        0.15857643070456592,
        0.12203515118604147,
        0.13441133229754104,
        0.16535945694153692,
        0.12979099785809492,
        0.11048543456039805
    ],
    [
        0.10245997694221876,
        0.13710881855300192,
        0.11587810136086973,
        0.16461958988832404,
        0.0,
        0.12597277731716483,
        0.07967217989988726,
        0.09882117688026186,
        0.0855816496101822,
        0.1781524101717403,
        0.125,
        0.11267347735824966,
        0.07967217989988726,
        0.14657549249448218,
        0.11481983169296148,
        0.11481983169296148,
        0.1288470508005519,
        0.13531646934131855,
        0.14320549046737,
        0.18421603316486868,
        0.11048543456039805,
        0.10364452469860624,
        0.1316585902058806,
        0.120017902310447,
        0.08699631816921909,
        0.1137517170200081,
        0.12103072956898178,
        0.16682934768798924,
        0.11899645477912357,
        0.14149039278339715,
        0.10004881620988826,
        0.19578068884596356,
        0.11899645477912357,
        0.12303137303143455,
        0.11481983169296148,
        0.08414320011147662,
        0.12979099785809492,
        0.17258376589355096,
        0.1269381000724369,
        0.12789613706050704,
        0.11587810136086973,
        0.0897587913521567,
        0.11599509089229211,
        0.10825317547305482,
        0.15467960838455727,
        0.12597277731716483,
        0.11267347735824966,
        0.11048543456039805,
        0.11692679333668567
    ],
    [
        0.13441133229754104,
        0.09631896879639025,
        0.11796616305110547,
        0.15068204314051492,
        0.12597277731716483,
        0.0,
        0.10245997694221876,
        0.13975424859373686,
        0.09757809372497497,
        0.12597277731716483,
        0.12789613706050704,
        0.10004881620988826,
        0.11158481919598204,
        0.18221724671391565,
        0.10364452469860624,
        0.1288470508005519,
        0.13531646934131855,
        0.1781524101717403,
        0.18087245160609727,
        0.20432338797846908,
        0.1288470508005519,
        0.11158481919598204,
        0.12203515118604147,
        0.14235052467412967,
        0.13887803777055607,
        0.11267347735824966,
        0.18154609435347266,
        0.17328963291264715,
        0.13710881855300192,
        0.12979099785809492,
        0.0924387466109315,
        0.203125,
        0.10481568644530265,
        0.12203515118604147,
        0.11796616305110547,
        0.10126157341262282,
        0.10711960313126631,
        0.20904825250405706,
        0.11158481919598204,
        0.17608480733726006,
        0.09882117688026186,
        0.11481983169296148,
        0.1491439694091287,
        0.11481983169296148,
        0.11481983169296148,
        0.14574029770451274,
        0.120017902310447,
        0.07967217989988726,
        0.06051536478449089
    ],
    [
        0.07967217989988726,
        0.08267972847076846,
        0.07328774624724109,
        0.12103072956898178,
        0.07967217989988726,
        0.10245997694221876,
        0.0,
        0.071602745233685,
        0.06810779599282303,
        0.12979099785809492,
        0.08267972847076846,
        0.06810779599282303,
        0.07967217989988726,
        0.17044862679118303,
        0.06629126073623882,
        0.08267972847076846,
        0.08699631816921909,
        0.12401959270615269,
        0.14149039278339715,
        0.19008632907181935,
        0.07493486755176124,
        0.05846339666834283,
        0.0897587913521567,
        0.0897587913521567,
        0.05633673867912483,
        0.06810779599282303,
        0.10364452469860624,
        0.18288593610499415,
        0.08699631816921909,
        0.10004881620988826,
        0.0625,
        0.16682934768798924,
        0.07654655446197431,
        0.0855816496101822,
        0.071602745233685,
        0.04419417382415922,
        0.08118988160479113,
        0.14905300022139775,
        0.09110862335695782,
        0.1316585902058806,
        0.078125,
        0.05412658773652741,
        0.11564376724570061,
        0.07493486755176124,
        0.10364452469860624,
        0.10825317547305482,
        0.06629126073623882,
        0.12789613706050704,
        0.071602745233685
    ],
    [
        0.09375,
        0.1269381000724369,
        0.11158481919598204,
        0.11267347735824966,
        0.09882117688026186,
        0.13975424859373686,
        0.071602745233685,
        0.0,
        0.0897587913521567,
        0.171875,
        0.09375,
        0.10597390598633231,
        0.09110862335695782,
        0.16237976320958225,
        0.11481983169296148,
        0.09882117688026186,
        0.09631896879639025,
        0.1137517170200081,
        0.1307281291459493,
        0.15780476466190746,
        0.09110862335695782,
        0.07328774624724109,
        0.07493486755176124,
        0.10004881620988826,
        0.06442352540027595,
        0.0924387466109315,
        0.078125,
        0.15388840315306412,
        0.078125,
        0.09504316453590968,
        0.10481568644530265,
        0.15467960838455727,
        0.10245997694221876,
        0.10245997694221876,
        0.078125,
        0.09504316453590968,
        0.09757809372497497,
        0.11267347735824966,
        0.0855816496101822,
        0.125,
        0.11158481919598204,
        0.07493486755176124,
        0.10219487953306552,
        0.10711960313126631,
        0.11267347735824966,
        0.11587810136086973,
        0.11267347735824966,
        0.1288470508005519,
        0.09504316453590968
    ],
    [
        0.08699631816921909,
        0.10126157341262282,
        0.0897587913521567,
        0.14657549249448218,
        0.0855816496101822,
        0.09757809372497497,
        0.06810779599282303,
        0.0897587913521567,
        0.0,
        0.15309310892394862,
        0.0855816496101822,
        0.06442352540027595,
        0.07967217989988726,
        0.18684782411095935,
        0.08267972847076846,
        0.09504316453590968,
        0.09757809372497497,
        0.13710881855300192,
        0.16755945773068137,
        0.18553659510996745,
        0.09504316453590968,
        0.07654655446197431,
        0.10481568644530265,
        0.10481568644530265,
        0.08118988160479113,
        0.071602745233685,
        0.13531646934131855,
        0.15467960838455727,
        0.11158481919598204,
        0.10825317547305482,
        0.06810779599282303,
        0.18288593610499415,
        0.08414320011147662,
        0.10004881620988826,
        0.08118988160479113,
        0.05412658773652741,
        0.0924387466109315,
        0.1711632992203644,
        0.0924387466109315,
        0.12401959270615269,
        0.07493486755176124,
        0.05182226234930312,
        0.11842517709272993,
        0.078125,
        0.11692679333668567,
        0.10245997694221876,
        0.09110862335695782,
        0.10004881620988826,
        0.06442352540027595
    ],
    [
        0.14657549249448218,
        0.04941058844013093,
        0.06987712429686843,
        0.2181912506838897,
        0.1781524101717403,
        0.12597277731716483,
        0.12979099785809492,
        0.171875,
        0.15309310892394862,
        0.0,
        0.08267972847076846,
        0.07493486755176124,
        0.2181912506838897,
        0.3401803290168319,
        0.06629126073623882,
        0.09110862335695782,
        0.15229366163764005,
        0.23228232417685166,
        0.2665425329567497,
        0.29522568168267477,
        0.13887803777055607,
        0.16237976320958225,
        0.15467960838455727,
        0.22963966338592295,
        0.1781524101717403,
        0.0924387466109315,
        0.20846350100197397,
        0.2567449488305466,
        0.17746588580625855,
        0.14574029770451274,
        0.07493486755176124,
        0.2125229766989913,
        0.08838834764831845,
        0.10245997694221876,
        0.14823176532039278,
        0.10825317547305482,
        0.10597390598633231,
        0.2914805954090255,
        0.18684782411095935,
        0.24556615071096424,
        0.09375,
        0.11267347735824966,
        0.19853248492235331,
        0.078125,
        0.11048543456039805,
        0.15229366163764005,
        0.06051536478449089,
        0.20846350100197397,
        0.08838834764831845
    ],
    [
        0.06442352540027595,
        0.06051536478449089,
        0.05633673867912483,
        0.13258252147247765,
        0.125,
        0.12789613706050704,
        0.08267972847076846,
        0.09375,
        0.0855816496101822,
        0.08267972847076846,
        0.0,
        0.0625,
        0.13799626353637262,
        0.25048780534189685,
        0.0625,
        0.04941058844013093,
        0.08118988160479113,
        0.1316585902058806,
        0.1660960283239789,
        0.2049199538844375,
        0.05633673867912483,
        0.09882117688026186,
        0.09375,
        0.12401959270615269,
        0.11481983169296148,
        0.046875,
        0.13710881855300192,
        0.17608480733726006,
        0.09375,
        0.06629126073623882,
        0.06629126073623882,
        0.13621559198564606,
        0.05412658773652741,
        0.046875,
        0.05846339666834283,
        0.078125,
        0.04133986423538423,
        0.1788362990978062,
        0.09110862335695782,
        0.13710881855300192,
        0.0625,
        0.05182226234930312,
        0.10986991202983845,
        0.046875,
        0.05633673867912483,
        0.06810779599282303,
        0.0625,
        0.13799626353637262,
        0.08699631816921909
    ],
    [
        0.07967217989988726,
        0.05633673867912483,
        0.04419417382415922,
        0.16461958988832404,
        0.11267347735824966,
        0.10004881620988826,
        0.06810779599282303,
        0.10597390598633231,
        0.06442352540027595,
        0.07493486755176124,
        0.0625,
        0.0,
        0.14149039278339715,
        0.22963966338592295,
        0.04133986423538423,
        0.06442352540027595,
        0.10126157341262282,
        0.16828640022295324,
        0.17608480733726006,
        0.240035804620894,
        0.08267972847076846,
        0.09631896879639025,
        0.10126157341262282,
        0.15857643070456592,
        0.10711960313126631,
        0.06051536478449089,
        0.13531646934131855,
        0.20787710461953235,
        0.10481568644530265,
        0.10481568644530265,
        0.03125,
        0.1788362990978062,
        0.04941058844013093,
        0.078125,
        0.078125,
        0.06987712429686843,
        0.07493486755176124,
        0.20191949973937634,
        0.11158481919598204,
        0.18355218944485516,
        0.046875,
        0.05633673867912483,
        0.12478279740323894,
        0.046875,
        0.0897587913521567,
        0.11481983169296148,
        0.04941058844013093,
        0.140625,
        0.07967217989988726
    ],
    [
        0.12979099785809492,
        0.16010860571811872,
        0.15467960838455727,
        0.1269381000724369,
        0.07967217989988726,
        0.11158481919598204,
        0.07967217989988726,
        0.09110862335695782,
        0.07967217989988726,
        0.2181912506838897,
        0.13799626353637262,
        0.14149039278339715,
        0.0,
        0.13975424859373686,
        0.14320549046737,
        0.16682934768798924,
        0.11899645477912357,
        0.1335000585205864,
        0.11899645477912357,
        0.15068204314051492,
        0.12597277731716483,
        0.0855816496101822,
        0.11158481919598204,
        0.07967217989988726,
        0.08414320011147662,
        0.12979099785809492,
        0.1570293065800139,
        0.1335000585205864,
        0.11481983169296148,
        0.1307281291459493,
        0.11899645477912357,
        0.1907274314958391,
        0.14986973510352247,
        0.13441133229754104,
        0.109375,
        0.0897587913521567,
        0.12401959270615269,
        0.13710881855300192,
        0.10711960313126631,
        0.10364452469860624,
        0.14657549249448218,
        0.09504316453590968,
        0.10724614730194793,
        0.14657549249448218,
        0.14986973510352247,
        0.13710881855300192,
        0.13531646934131855,
        0.0897587913521567,
        0.10004881620988826
    ],
    [
        0.214808235701055,
        0.28768675999253074,
        0.234375,
        0.20904825250405706,
        0.14657549249448218,
        0.18221724671391565,
        0.17044862679118303,
        0.16237976320958225,
        0.18684782411095935,
        0.3401803290168319,
        0.25048780534189685,
        0.22963966338592295,
        0.13975424859373686,
        0.0,
        0.25146057717861064,
        0.23593232610221093,
        0.19640320453088336,
        0.1781524101717403,
        0.15467960838455727,
        0.22534695471649932,
        0.22371595411369302,
        0.1616262567623219,
        0.2096313728906053,
        0.17746588580625855,
        0.15546678704790937,
        0.23385358667337133,
        0.18087245160609727,
        0.22152260748059102,
        0.1795175827043134,
        0.23541436208311506,
        0.21986323874172325,
        0.24853083938416978,
        0.2543565718140579,
        0.2348952559120767,
        0.19948664585630788,
        0.16387638252658618,
        0.24105075969596113,
        0.17608480733726006,
        0.2013140426050801,
        0.16010860571811872,
        0.26005182776708186,
        0.2013140426050801,
        0.18251474445765867,
        0.2312288841710741,
        0.25194555463432966,
        0.2125229766989913,
        0.22534695471649932,
        0.14740595518838442,
        0.2153757617514097
    ],
    [
        0.078125,
        0.03125,
        0.04419417382415922,
        0.16312978920172735,
        0.11481983169296148,
        0.10364452469860624,
        0.06629126073623882,
        0.11481983169296148,
        0.08267972847076846,
        0.06629126073623882,
        0.0625,
        0.04133986423538423,
        0.14320549046737,
        0.25146057717861064,
        0.0,
        0.05846339666834283,
        0.10825317547305482,
        0.1660960283239789,
        0.19948664585630788,
        0.22963966338592295,
        0.078125,
        0.10481568644530265,
        0.11481983169296148,
        0.15229366163764005,
        0.109375,
        0.05182226234930312,
        0.14657549249448218,
        0.20252314682524564,
        0.11899645477912357,
        0.10364452469860624,
        0.04133986423538423,
        0.1795175827043134,
        0.05412658773652741,
        0.06810779599282303,
        0.08699631816921909,
        0.06810779599282303,
        0.07328774624724109,
        0.21079277442550065,
        0.11587810136086973,
        0.17608480733726006,
        0.04133986423538423,
        0.05182226234930312,
        0.13720770700332802,
        0.04133986423538423,
        0.08699631816921909,
        0.11048543456039805,
        0.034938562148434216,
        0.1608692209529219,
        0.06810779599282303
    ],
    [
        0.06810779599282303,
        0.0625,
        0.04133986423538423,
        0.1608692209529219,
        0.11481983169296148,
        0.1288470508005519,
        0.08267972847076846,
        0.09882117688026186,
        0.09504316453590968,
        0.09110862335695782,
        0.04941058844013093,
        0.06442352540027595,
        0.16682934768798924,
        0.23593232610221093,
        0.05846339666834283,
        0.0,
        0.0924387466109315,
        0.125,
        0.15546678704790937,
        0.214808235701055,
        0.05412658773652741,
        0.09504316453590968,
        0.08699631816921909,
        0.13621559198564606,
        0.11267347735824966,
        0.04133986423538423,
        0.1288470508005519,
        0.19008632907181935,
        0.0897587913521567,
        0.06987712429686843,
        0.06810779599282303,
        0.140625,
        0.04941058844013093,
        0.04941058844013093,
        0.071602745233685,
        0.08699631816921909,
        0.06442352540027595,
        0.18288593610499415,
        0.10364452469860624,
        0.140625,
        0.06051536478449089,
        0.05846339666834283,
        0.10494500874796814,
        0.05633673867912483,
        0.06442352540027595,
        0.06810779599282303,
        0.06051536478449089,
        0.15068204314051492,
        0.08414320011147662
    ],
    [
        0.078125,
        0.10825317547305482,
        0.10711960313126631,
        0.09110862335695782,
        0.1288470508005519,
        0.13531646934131855,
        0.08699631816921909,
        0.09631896879639025,
        0.09757809372497497,
        0.15229366163764005,
        0.08118988160479113,
        0.10126157341262282,
        0.11899645477912357,
        0.19640320453088336,
        0.10825317547305482,
        0.0924387466109315,
        0.0,
        0.11899645477912357,
        0.15229366163764005,
        0.16010860571811872,
        0.07967217989988726,
        0.07967217989988726,
        0.07654655446197431,
        0.0924387466109315,
        0.11158481919598204,
        0.0897587913521567,
        0.13531646934131855,
        0.13531646934131855,
        0.0855816496101822,
        0.06987712429686843,
        0.10245997694221876,
        0.11158481919598204,
        0.08838834764831845,
        0.08838834764831845,
        0.06442352540027595,
        0.0897587913521567,
        0.078125,
        0.13799626353637262,
        0.07493486755176124,
        0.11692679333668567,
        0.10004881620988826,
        0.0855816496101822,
        0.053875418920773945,
        0.09882117688026186,
        0.07967217989988726,
        0.09375,
        0.11587810136086973,
        0.12401959270615269,
        0.0924387466109315
    ],
    [
        0.12789613706050704,
        0.1767766952966369,
        0.17258376589355096,
        0.1335000585205864,
        0.13531646934131855,
        0.1781524101717403,
        0.12401959270615269,
        0.1137517170200081,
        0.13710881855300192,
        0.23228232417685166,
        0.1316585902058806,
        0.16828640022295324,
        0.1335000585205864,
        0.1781524101717403,
        0.1660960283239789,
        0.125,
        0.11899645477912357,
        0.0,
        0.1288470508005519,
        0.1269381000724369,
        0.11899645477912357,
        0.12303137303143455,
        0.11267347735824966,
        0.0897587913521567,
        0.0897587913521567,
        0.1269381000724369,
        0.0855816496101822,
        0.109375,
        0.09631896879639025,
        0.10711960313126631,
        0.14823176532039278,
        0.18154609435347266,
        0.14657549249448218,
        0.11158481919598204,
        0.10245997694221876,
        0.14657549249448218,
        0.11158481919598204,
        0.12597277731716483,
        0.11158481919598204,
        0.0897587913521567,
        0.15229366163764005,
        0.11587810136086973,
        0.11315396345000224,
        0.16755945773068137,
        0.10711960313126631,
        0.0924387466109315,
        0.18087245160609727,
        0.15857643070456592,
        0.14905300022139775
    ],
    [
        0.1690102160373745,
        0.21930732574403436,
        0.16682934768798924,
        0.1269381000724369,
        0.14320549046737,
        0.18087245160609727,
        0.14149039278339715,
        0.1307281291459493,
        0.16755945773068137,
        0.2665425329567497,
        0.1660960283239789,
        0.17608480733726006,
        0.11899645477912357,
        0.15467960838455727,
        0.19948664585630788,
        0.15546678704790937,
        0.15229366163764005,
        0.1288470508005519,
        0.0,
        0.12979099785809492,
        0.14657549249448218,
        0.1288470508005519,
        0.14986973510352247,
        0.12789613706050704,
        0.1316585902058806,
        0.16387638252658618,
        0.14490028899212037,
        0.13258252147247765,
        0.12401959270615269,
        0.14986973510352247,
        0.1753901900050285,
        0.15857643070456592,
        0.18814991529362962,
        0.14574029770451274,
        0.13799626353637262,
        0.14740595518838442,
        0.14905300022139775,
        0.10825317547305482,
        0.15309310892394862,
        0.09504316453590968,
        0.1926379375927805,
        0.15934435979977452,
        0.13541666666666666,
        0.1690102160373745,
        0.14235052467412967,
        0.12203515118604147,
        0.17328963291264715,
        0.14986973510352247,
        0.16387638252658618
    ],
    [
        0.19764235376052372,
        0.2181912506838897,
        0.23799290955824715,
        0.07967217989988726,
        0.18421603316486868,
        0.20432338797846908,
        0.19008632907181935,
        0.15780476466190746,
        0.18553659510996745,
        0.29522568168267477,
        0.2049199538844375,
        0.240035804620894,
        0.15068204314051492,
        0.22534695471649932,
        0.22963966338592295,
        0.214808235701055,
        0.16010860571811872,
        0.1269381000724369,
        0.12979099785809492,
        0.0,
        0.14740595518838442,
        0.16312978920172735,
        0.14320549046737,
        0.10825317547305482,
        0.18355218944485516,
        0.19515618744994995,
        0.18814991529362962,
        0.0855816496101822,
        0.125,
        0.11587810136086973,
        0.20191949973937634,
        0.14740595518838442,
        0.2096313728906053,
        0.14657549249448218,
        0.14149039278339715,
        0.20669932117692114,
        0.17258376589355096,
        0.11267347735824966,
        0.11899645477912357,
        0.09504316453590968,
        0.22426093897511443,
        0.17746588580625855,
        0.13809451649544638,
        0.2348952559120767,
        0.15309310892394862,
        0.14490028899212037,
        0.2543565718140579,
        0.15780476466190746,
        0.1788362990978062
    ],
    [
        0.05633673867912483,
        0.07654655446197431,
        0.07654655446197431,
        0.11481983169296148,
        0.11048543456039805,
        0.1288470508005519,
        0.07493486755176124,
        0.09110862335695782,
        0.09504316453590968,
        0.13887803777055607,
        0.05633673867912483,
        0.08267972847076846,
        0.12597277731716483,
        0.22371595411369302,
        0.078125,
        0.05412658773652741,
        0.07967217989988726,
        0.11899645477912357,
        0.14657549249448218,
        0.14740595518838442,
        0.0,
        0.07967217989988726,
        0.08414320011147662,
        0.09757809372497497,
        0.109375,
        0.05846339666834283,
        0.1288470508005519,
        0.15229366163764005,
        0.07493486755176124,
        0.0625,
        0.07493486755176124,
        0.1307281291459493,
        0.05633673867912483,
        0.04133986423538423,
        0.05633673867912483,
        0.08838834764831845,
        0.06810779599282303,
        0.14986973510352247,
        0.07967217989988726,
        0.10825317547305482,
        0.06051536478449089,
        0.06810779599282303,
        0.08715208609729952,
        0.078125,
        0.071602745233685,
        0.05633673867912483,
        0.09504316453590968,
        0.15229366163764005,
        0.06810779599282303
    ],
    [
        0.0897587913521567,
        0.12103072956898178,
        0.09631896879639025,
        0.10711960313126631,
        0.10364452469860624,
        0.11158481919598204,
        0.05846339666834283,
        0.07328774624724109,
        0.07654655446197431,
        0.16237976320958225,
        0.09882117688026186,
        0.09631896879639025,
        0.0855816496101822,
        0.1616262567623219,
        0.10481568644530265,
        0.09504316453590968,
        0.07967217989988726,
        0.12303137303143455,
        0.1288470508005519,
        0.16312978920172735,
        0.07967217989988726,
        0.0,
        0.06810779599282303,
        0.09631896879639025,
        0.08267972847076846,
        0.09375,
        0.11692679333668567,
        0.14490028899212037,
        0.07654655446197431,
        0.0855816496101822,
        0.08267972847076846,
        0.13799626353637262,
        0.09504316453590968,
        0.10126157341262282,
        0.07328774624724109,
        0.038273277230987154,
        0.0924387466109315,
        0.14149039278339715,
        0.08414320011147662,
        0.13531646934131855,
        0.10481568644530265,
        0.06810779599282303,
        0.08382019239287021,
        0.09504316453590968,
        0.11692679333668567,
        0.1137517170200081,
        0.0924387466109315,
        0.09882117688026186,
        0.07654655446197431
    ],
    [
        0.10004881620988826,
        0.11158481919598204,
        0.10004881620988826,
        0.08414320011147662,
        0.1316585902058806,
        0.12203515118604147,
        0.0897587913521567,
        0.07493486755176124,
        0.10481568644530265,
        0.15467960838455727,
        0.09375,
        0.10126157341262282,
        0.11158481919598204,
        0.2096313728906053,
        0.11481983169296148,
        0.08699631816921909,
        0.07654655446197431,
        0.11267347735824966,
        0.14986973510352247,
        0.14320549046737,
        0.08414320011147662,
        0.06810779599282303,
        0.0,
        0.09110862335695782,
        0.10711960313126631,
        0.09110862335695782,
        0.11587810136086973,
        0.12203515118604147,
        0.07493486755176124,
        0.078125,
        0.10364452469860624,
        0.109375,
        0.07654655446197431,
        0.08699631816921909,
        0.06051536478449089,
        0.08699631816921909,
        0.06987712429686843,
        0.12597277731716483,
        0.05633673867912483,
        0.11481983169296148,
        0.09504316453590968,
        0.08838834764831845,
        0.08398185154477655,
        0.10364452469860624,
        0.07654655446197431,
        0.08699631816921909,
        0.12401959270615269,
        0.10597390598633231,
        0.08267972847076846
    ],
    [
        0.1137517170200081,
        0.15780476466190746,
        0.16237976320958225,
        0.0855816496101822,
        0.120017902310447,
        0.14235052467412967,
        0.0897587913521567,
        0.10004881620988826,
        0.10481568644530265,
        0.22963966338592295,
        0.12401959270615269,
        0.15857643070456592,
        0.07967217989988726,
        0.17746588580625855,
        0.15229366163764005,
        0.13621559198564606,
        0.0924387466109315,
        0.0897587913521567,
        0.12789613706050704,
        0.10825317547305482,
        0.09757809372497497,
        0.09631896879639025,
        0.09110862335695782,
        0.0,
        0.08118988160479113,
        0.11587810136086973,
        0.13258252147247765,
        0.09631896879639025,
        0.07493486755176124,
        0.07967217989988726,
        0.12597277731716483,
        0.16010860571811872,
        0.140625,
        0.09882117688026186,
        0.07967217989988726,
        0.11899645477912357,
        0.0897587913521567,
        0.10597390598633231,
        0.07493486755176124,
        0.078125,
        0.14490028899212037,
        0.09882117688026186,
        0.09125737222882933,
        0.1570293065800139,
        0.09757809372497497,
        0.0855816496101822,
        0.16828640022295324,
        0.12203515118604147,
        0.1137517170200081
    ],
    [
        0.09757809372497497,
        0.13258252147247765,
        0.12597277731716483,
        0.1288470508005519,
        0.08699631816921909,
        0.13887803777055607,
        0.05633673867912483,
        0.06442352540027595,
        0.08118988160479113,
        0.1781524101717403,
        0.11481983169296148,
        0.10711960313126631,
        0.08414320011147662,
        0.15546678704790937,
        0.109375,
        0.11267347735824966,
        0.11158481919598204,
        0.0897587913521567,
        0.1316585902058806,
        0.18355218944485516,
        0.109375,
        0.08267972847076846,
        0.10711960313126631,
        0.08118988160479113,
        0.0,
        0.09631896879639025,
        0.08267972847076846,
        0.14657549249448218,
        0.10126157341262282,
        0.12203515118604147,
        0.10597390598633231,
        0.18087245160609727,
        0.11796616305110547,
        0.11481983169296148,
        0.10004881620988826,
        0.0897587913521567,
        0.11692679333668567,
        0.14574029770451274,
        0.10711960313126631,
        0.11796616305110547,
        0.11796616305110547,
        0.08414320011147662,
        0.11564376724570061,
        0.1137517170200081,
        0.13531646934131855,
        0.10711960313126631,
        0.12203515118604147,
        0.1269381000724369,
        0.10597390598633231
    ],
    [
        0.0625,
        0.05412658773652741,
        0.05182226234930312,
        0.13441133229754104,
        0.1137517170200081,
        0.11267347735824966,
        0.06810779599282303,
        0.0924387466109315,
        0.071602745233685,
        0.0924387466109315,
        0.046875,
        0.06051536478449089,
        0.12979099785809492,
        0.23385358667337133,
        0.05182226234930312,
        0.04133986423538423,
        0.0897587913521567,
        0.1269381000724369,
        0.16387638252658618,
        0.19515618744994995,
        0.05846339666834283,
        0.09375,
        0.09110862335695782,
        0.11587810136086973,
        0.09631896879639025,
        0.0,
        0.1335000585205864,
        0.17044862679118303,
        0.08699631816921909,
        0.07328774624724109,
        0.04941058844013093,
        0.1570293065800139,
        0.04419417382415922,
        0.05846339666834283,
        0.05412658773652741,
        0.07328774624724109,
        0.05633673867912483,
        0.17469281074217108,
        0.08414320011147662,
        0.1307281291459493,
        0.04419417382415922,
        0.046875,
        0.11387089119310127,
        0.06051536478449089,
        0.06442352540027595,
        0.06051536478449089,
        0.05633673867912483,
        0.140625,
        0.05846339666834283
    ],
    [
        0.1307281291459493,
        0.1660960283239789,
        0.13621559198564606,
        0.17469281074217108,
        0.12103072956898178,
        0.18154609435347266,
        0.10364452469860624,
        0.078125,
        0.13531646934131855,
        0.20846350100197397,
        0.13710881855300192,
        0.13531646934131855,
        0.1570293065800139,
        0.18087245160609727,
        0.14657549249448218,
        0.1288470508005519,
        0.13531646934131855,
        0.0855816496101822,
        0.14490028899212037,
        0.18814991529362962,
        0.1288470508005519,
        0.11692679333668567,
        0.11587810136086973,
        0.13258252147247765,
        0.08267972847076846,
        0.1335000585205864,
        0.0,
        0.1767766952966369,
        0.13799626353637262,
        0.15309310892394862,
        0.13531646934131855,
        0.18814991529362962,
        0.13621559198564606,
        0.13441133229754104,
        0.1288470508005519,
        0.11899645477912357,
        0.13887803777055607,
        0.14490028899212037,
        0.1288470508005519,
        0.12979099785809492,
        0.14149039278339715,
        0.11899645477912357,
        0.14282613750835507,
        0.14405538214520136,
        0.14405538214520136,
        0.12103072956898178,
        0.14657549249448218,
        0.18221724671391565,
        0.14986973510352247
    ],
    [
        0.17608480733726006,
        0.184877493221863,
        0.214808235701055,
        0.07328774624724109,
        0.16682934768798924,
        0.17328963291264715,
        0.18288593610499415,
        0.15388840315306412,
        0.15467960838455727,
        0.2567449488305466,
        0.17608480733726006,
        0.20787710461953235,
        0.1335000585205864,
        0.22152260748059102,
        0.20252314682524564,
        0.19008632907181935,
        0.13531646934131855,
        0.109375,
        0.13258252147247765,
        0.0855816496101822,
        0.15229366163764005,
        0.14490028899212037,
        0.12203515118604147,
        0.09631896879639025,
        0.14657549249448218,
        0.17044862679118303,
        0.1767766952966369,
        0.0,
        0.13531646934131855,
        0.10364452469860624,
        0.18221724671391565,
        0.13710881855300192,
        0.1801962905417312,
        0.14986973510352247,
        0.13531646934131855,
        0.18421603316486868,
        0.14320549046737,
        0.14149039278339715,
        0.10711960313126631,
        0.08838834764831845,
        0.18684782411095935,
        0.1514899955442603,
        0.13551678990893426,
        0.20610790559801437,
        0.1316585902058806,
        0.1316585902058806,
        0.2209708691207961,
        0.13975424859373686,
        0.15229366163764005
    ],
    [
        0.10004881620988826,
        0.125,
        0.10364452469860624,
        0.07967217989988726,
        0.11899645477912357,
        0.13710881855300192,
        0.08699631816921909,
        0.078125,
        0.11158481919598204,
        0.17746588580625855,
        0.09375,
        0.10481568644530265,
        0.11481983169296148,
        0.1795175827043134,
        0.11899645477912357,
        0.0897587913521567,
        0.0855816496101822,
        0.09631896879639025,
        0.12401959270615269,
        0.125,
        0.07493486755176124,
        0.07654655446197431,
        0.07493486755176124,
        0.07493486755176124,
        0.10126157341262282,
        0.08699631816921909,
        0.13799626353637262,
        0.13531646934131855,
        0.0,
        0.06810779599282303,
        0.10481568644530265,
        0.11899645477912357,
        0.10004881620988826,
        0.078125,
        0.05412658773652741,
        0.08838834764831845,
        0.07654655446197431,
        0.1269381000724369,
        0.06810779599282303,
        0.0897587913521567,
        0.10481568644530265,
        0.09110862335695782,
        0.0818553835703214,
        0.10245997694221876,
        0.08414320011147662,
        0.07967217989988726,
        0.125,
        0.1316585902058806,
        0.09504316453590968
    ],
    [
        0.09375,
        0.09631896879639025,
        0.09504316453590968,
        0.08414320011147662,
        0.14149039278339715,
        0.12979099785809492,
        0.10004881620988826,
        0.09504316453590968,
        0.10825317547305482,
        0.14574029770451274,
