[
    [
        0.0,
        2.9973947020704497,
        1.3110110602126894,
        1.0077822185373186,
        2.9341736485763756,
        3.42554740151118,
        1.7853571071357126,
        1.4415703243338496,
        1.6630168369562588,
        1.6393596310755,
        2.9154759474226504,
        2.2672946434021317,
        1.984313483298443,
        2.0953818267800264,
        1.956559480312316,
        2.481179155159901,
        1.9080421903092184,
        3.984344362627307,
        2.70993542358485,
        1.5360257159305635,
        1.8371173070873836,
        1.3635890143294642,
        3.828348207778389,
        1.14564392373896,
        1.4684175155588413,
        4.077376607575022,
        0.8838834764831844,
        4.8250647664046955,
        1.3110110602126894,
        4.158951189903531,
        1.7940875118009154,
        2.053959590644373,
        1.571225636247067,
        2.732901388634431,
        1.3863170633011772,
        4.695409992748237,
        2.7443123000125187,
        3.6784847423905402,
        4.59789353943738,
        2.1866069605669876,
        3.7728470681966426,
        1.79843682124227,
        3.3095505737184316,
        3.3260336739125176,
        1.7365554986812255,
        3.625,
        2.065338955232288,
        2.62797450520358,
        2.38812164681785,
        1.713913650100261
    ],
    [
        2.9973947020704497,
        0.0,
        1.6677080080157918,
        1.8708286933869707,
        1.4086784586980805,
        1.704772712123232,
        1.5811388300841898,
        1.6345871038277526,
        1.5512092057488571,
        1.6393596310755,
        1.620185174601965,
        1.571225636247067,
        1.489546910976623,
        1.5811388300841898,
        1.6441183047457382,
        1.5,
        1.704772712123232,
        1.695582495781317,
        1.5562374497485916,
        1.71846588560844,
        1.5811388300841898,
        1.6393596310755,
        1.6583123951777,
        1.8200274723201295,
        1.8114220932736798,
        1.7809758560968758,
        1.9525624189766635,
        2.053959590644373,
        1.7275343701356567,
        1.824314939915803,
        1.595893166850463,
        1.6105123408406408,
        1.595893166850463,
        1.6393596310755,
        1.653594569415369,
        1.9121323175972944,
        1.5103807466993215,
        1.648863244784115,
        2.0077973005261263,
        1.5512092057488571,
        1.7633419974582356,
        1.6677080080157918,
        1.7897276329095442,
        1.5761900266148114,
        1.5360257159305635,
        1.71846588560844,
        1.5811388300841898,
        1.4469796128487782,
        1.4577379737113252,
        1.7455300054711176
    ],
    [
        1.3110110602126894,
        1.6677080080157918,
        0.0,
        1.015504800579495,
        1.653594569415369,
        2.0155644370746373,
        1.0825317547305484,
        1.0231690964840563,
        1.0968705484240153,
        1.1388041973930374,
        1.590990257669732,
        1.334634781503914,
        1.2119199643540823,
        1.3693063937629153,
        1.2562344526401112,
        1.3975424859373686,
        1.192424001771182,
        2.125,
        1.4842927608797396,
        1.0383279828647594,
        1.2562344526401112,
        0.9842509842514764,
        2.1469455046647083,
        1.0752906583803283,
        1.3110110602126894,
        2.23606797749979,
        1.0752906583803283,
        2.7726341266023544,
        1.0606601717798212,
        2.381569860407206,
        1.1792476415070754,
        1.2624381172952597,
        1.1319231422671772,
        1.648863244784115,
        0.9519716382329886,
        2.6780356607035687,
        1.653594569415369,
        2.003902442735175,
        2.576941016011038,
        1.25,
        2.2325713874364688,
        1.1524430571616109,
        2.080414622136655,
        1.8791620472966135,
        1.403121520040228,
        1.948557158514987,
        1.2686114456365274,
        1.4577379737113252,
        1.3110110602126894,
        1.3169567191065923
    ],
    [
        1.0077822185373186,
        1.8708286933869707,
        1.015504800579495,
        0.0,
        1.8708286933869707,
        2.2150056433336687,
        1.224744871391589,
        1.1110243021644486,
        1.1726039399558574,
        1.2562344526401112,
        1.920286436967152,
        1.6817030058842137,
        1.3693063937629153,
        1.6441183047457382,
        1.3806701271484076,
        1.620185174601965,
        1.3635890143294642,
        2.3351927115336757,
        1.695582495781317,
        1.1388041973930374,
        1.3806701271484076,
        0.9921567416492215,
        2.404423007708918,
        0.8660254037844386,
        1.1110243021644486,
        2.5031230493125984,
        0.8569568250501305,
        2.9394940040762116,
        0.9921567416492215,
        2.468552207266437,
        1.2930100540985752,
        1.4197270864500684,
        1.165922381636102,
        1.8582585934148133,
        1.103970108290981,
        2.7726341266023544,
        1.9121323175972944,
        2.381569860407206,
        2.692582403567252,
        1.489546910976623,
        2.42706097986845,
        1.2747548783981961,
        2.381569860407206,
        2.0615528128088303,
        1.375,
        2.2043990110685496,
        1.4306903927824497,
        1.79843682124227,
        1.5662455107677085,
        1.3693063937629153
    ],
    [
        2.9341736485763756,
        1.4086784586980805,
        1.653594569415369,
        1.8708286933869707,
        0.0,
        1.5206906325745548,
        1.5811388300841898,
        1.6909686573085854,
        1.5761900266148114,
        1.590990257669732,
        1.5103807466993215,
        1.6723860200324565,
        1.346291201783626,
        1.6056540723331412,
        1.620185174601965,
        1.340475661845451,
        1.6393596310755,
        1.5,
        1.5206906325745548,
        1.6677080080157918,
        1.5612494995995996,
        1.713913650100261,
        1.5309310892394863,
        1.7940875118009154,
        1.7897276329095442,
        1.6105123408406408,
        1.964529205687714,
        1.8666480653835098,
        1.75,
        1.6153559979150107,
        1.595893166850463,
        1.7455300054711176,
        1.741048534648015,
        1.571225636247067,
        1.6007810593582121,
        1.8540496217739157,
        1.4197270864500684,
        1.5155444566227676,
        1.8157298807917437,
        1.5309310892394863,
        1.6630168369562588,
        1.58607219255619,
        1.6817030058842137,
        1.4306903927824497,
        1.595893166850463,
        1.5562374497485916,
        1.6345871038277526,
        1.334634781503914,
        1.4361406616345072,
        1.7320508075688772
    ],
    [
        3.42554740151118,
        1.704772712123232,
        2.0155644370746373,
        2.2150056433336687,
        1.5206906325745548,
        0.0,
        1.7677669529663689,
        1.9162137145944864,
        1.875,
        1.9121323175972944,
        1.7633419974582356,
        1.875,
        1.653594569415369,
        1.8371173070873836,
        1.8582585934148133,
        1.625,
        1.9039432764659772,
        1.5360257159305635,
        1.7897276329095442,
        1.940521837032503,
        1.741048534648015,
        1.996089927833914,
        1.6583123951777,
        2.1139418156609704,
        1.996089927833914,
        1.7455300054711176,
        2.315032397181517,
        1.8708286933869707,
        2.023301757029831,
        1.6863421954040052,
        1.7809758560968758,
        1.8833148966649205,
        1.984313483298443,
        1.7677669529663689,
        1.964529205687714,
        1.940521837032503,
        1.7275343701356567,
        1.648863244784115,
        1.80710403685012,
        1.9121323175972944,
        1.6630168369562588,
        1.8285923547909742,
        1.8874586088176875,
        1.6153559979150107,
        1.7940875118009154,
        1.571225636247067,
        1.875,
        1.5512092057488571,
        1.713913650100261,
        2.038688303787511
    ],
    [
        1.7853571071357126,
        1.5811388300841898,
        1.0825317547305484,
        1.224744871391589,
        1.5811388300841898,
        1.7677669529663689,
        0.0,
        1.1726039399558574,
        1.2054563451241194,
        1.2686114456365274,
        1.648863244784115,
        1.346291201783626,
        1.2930100540985752,
        1.4737282653189494,
        1.3975424859373686,
        1.3863170633011772,
        1.352081728298996,
        1.956559480312316,
        1.489546910976623,
        1.125,
        1.286953767623375,
        1.165922381636102,
        1.9685019685029528,
        1.231107225224513,
        1.346291201783626,
        2.065338955232288,
        1.2686114456365274,
        2.4109126902482387,
        1.165922381636102,
        2.1102428770167667,
        1.2054563451241194,
        1.2747548783981961,
        1.231107225224513,
        1.590990257669732,
        1.125,
        2.414150989478496,
        1.695582495781317,
        1.80710403685012,
        2.1830311495716224,
        1.375,
        2.019436802675439,
        1.1792476415070754,
        2.038688303787511,
        1.6863421954040052,
        1.2808688457449497,
        1.7320508075688772,
        1.2930100540985752,
        1.5155444566227676,
        1.357847561400027,
        1.4197270864500684
    ],
    [
        1.4415703243338496,
        1.6345871038277526,
        1.0231690964840563,
        1.1110243021644486,
        1.6909686573085854,
        1.9162137145944864,
        1.1726039399558574,
        0.0,
        1.1319231422671772,
        1.2930100540985752,
        1.6723860200324565,
        1.4086784586980805,
        1.2930100540985752,
        1.3863170633011772,
        1.375,
        1.5,
        1.2562344526401112,
        2.091650066335189,
        1.6105123408406408,
        1.103970108290981,
        1.2808688457449497,
        1.0606601717798212,
        2.168668946612184,
        1.0383279828647594,
        1.243734296383275,
        2.072890493972125,
        1.165922381636102,
        2.6457513110645907,
        1.0825317547305484,
        2.1972994789058684,
        1.1388041973930374,
        1.2624381172952597,
        1.0458250331675945,
        1.6056540723331412,
        1.0458250331675945,
        2.4717149916606487,
        1.704772712123232,
        2.080414622136655,
        2.394655507583502,
        1.3635890143294642,
        2.2114757516192665,
        1.1524430571616109,
        2.1469455046647083,
        1.79843682124227,
        1.192424001771182,
        1.984313483298443,
        1.2624381172952597,
        1.6105123408406408,
        1.4415703243338496,
        1.334634781503914
    ],
    [
        1.6630168369562588,
        1.5512092057488571,
        1.0968705484240153,
        1.1726039399558574,
        1.5761900266148114,
        1.875,
        1.2054563451241194,
        1.1319231422671772,
        0.0,
        1.2562344526401112,
        1.5612494995995996,
        1.4415703243338496,
        1.2930100540985752,
        1.4947825928876748,
        1.3806701271484076,
        1.4142135623730951,
        1.286953767623375,
        1.940521837032503,
        1.5155444566227676,
        1.125,
        1.2624381172952597,
        1.1388041973930374,
        1.9525624189766635,
        1.1319231422671772,
        1.352081728298996,
        2.091650066335189,
        1.2374368670764582,
        2.496873044429772,
        1.0968705484240153,
        2.1830311495716224,
        1.159202311936963,
        1.2930100540985752,
        1.2119199643540823,
        1.58607219255619,
        1.0968705484240153,
        2.4906073556464094,
        1.5562374497485916,
        1.956559480312316,
        2.401171589037318,
        1.286953767623375,
        2.1286732957408003,
        1.2183492931011204,
        2.050152433357091,
        1.8114220932736798,
        1.403121520040228,
        1.824314939915803,
        1.352081728298996,
        1.479019945774904,
        1.3919410907075054,
        1.4361406616345072
    ],
    [
        1.6393596310755,
        1.6393596310755,
        1.1388041973930374,
        1.2562344526401112,
        1.590990257669732,
        1.9121323175972944,
        1.2686114456365274,
        1.2930100540985752,
        1.2562344526401112,
        0.0,
        1.7721808598447282,
        1.489546910976623,
        1.224744871391589,
        1.4252192813739224,
        1.2119199643540823,
        1.3693063937629153,
        1.3287682265918312,
        2.099106952968333,
        1.6153559979150107,
        1.2747548783981961,
        1.231107225224513,
        1.2624381172952597,
        2.057759704144291,
        1.2930100540985752,
        1.3169567191065923,
        2.080414622136655,
        1.3228756555322954,
        2.5890393971509975,
        1.2374368670764582,
        2.301494079940246,
        1.403121520040228,
        1.3693063937629153,
        1.357847561400027,
        1.6909686573085854,
        1.2054563451241194,
        2.4109126902482387,
        1.5562374497485916,
        1.920286436967152,
        2.496873044429772,
        1.346291201783626,
        2.053959590644373,
        1.346291201783626,
        1.824314939915803,
        1.7544586059522749,
        1.2686114456365274,
        2.065338955232288,
        1.4252192813739224,
        1.5206906325745548,
        1.479019945774904,
        1.2624381172952597
    ],
    [
        2.9154759474226504,
        1.620185174601965,
        1.590990257669732,
        1.920286436967152,
        1.5103807466993215,
        1.7633419974582356,
        1.648863244784115,
        1.6723860200324565,
        1.5612494995995996,
        1.7721808598447282,
        0.0,
        1.5,
        1.6441183047457382,
        1.6630168369562588,
        1.713913650100261,
        1.6007810593582121,
        1.6056540723331412,
        1.71846588560844,
        1.4469796128487782,
        1.6153559979150107,
        1.709349291397168,
        1.713913650100261,
        1.7275343701356567,
        1.8915932438026946,
        1.9324531042175384,
        1.704772712123232,
        1.996089927833914,
        2.1028254801575903,
        1.776583800443987,
        1.8582585934148133,
        1.590990257669732,
        1.541103500742244,
        1.695582495781317,
        1.5761900266148114,
        1.648863244784115,
        2.161452058223823,
        1.5512092057488571,
        1.6817030058842137,
        1.8666480653835098,
        1.4684175155588413,
        1.7455300054711176,
        1.595893166850463,
        1.9039432764659772,
        1.6441183047457382,
        1.75,
        1.6441183047457382,
        1.571225636247067,
        1.5360257159305635,
        1.3919410907075054,
        1.824314939915803
    ],
    [
        2.2672946434021317,
        1.571225636247067,
        1.334634781503914,
        1.6817030058842137,
        1.6723860200324565,
        1.875,
        1.346291201783626,
        1.4086784586980805,
        1.4415703243338496,
        1.489546910976623,
        1.5,
        0.0,
        1.4086784586980805,
        1.5258194519667128,
        1.541103500742244,
        1.4737282653189494,
        1.5562374497485916,
        1.8874586088176875,
        1.4630874888399532,
        1.3635890143294642,
        1.4142135623730951,
        1.4415703243338496,
        1.9121323175972944,
        1.6056540723331412,
        1.6677080080157918,
        2.003902442735175,
        1.648863244784115,
        2.2395591083961146,
        1.5103807466993215,
        2.143303524935281,
        1.4197270864500684,
        1.352081728298996,
        1.4361406616345072,
        1.479019945774904,
        1.3919410907075054,
        2.3518609652783473,
        1.6153559979150107,
        1.8027756377319946,
        2.1323402636539974,
        1.3806701271484076,
        1.9882467150733583,
        1.4252192813739224,
        1.8708286933869707,
        1.8582585934148133,
        1.625,
        1.741048534648015,
        1.340475661845451,
        1.489546910976623,
        1.286953767623375,
        1.5309310892394863
    ],
    [
        1.984313483298443,
        1.489546910976623,
        1.2119199643540823,
        1.3693063937629153,
        1.346291201783626,
        1.653594569415369,
        1.2930100540985752,
        1.2930100540985752,
        1.2930100540985752,
        1.224744871391589,
        1.6441183047457382,
        1.4086784586980805,
        0.0,
        1.4197270864500684,
        1.352081728298996,
        1.243734296383275,
        1.3975424859373686,
        1.80710403685012,
        1.5360257159305635,
        1.3806701271484076,
        1.2808688457449497,
        1.2562344526401112,
        1.8957188610128877,
        1.3228756555322954,
        1.2562344526401112,
        1.8328597873268975,
        1.4197270864500684,
        2.3284920012746446,
        1.299038105676658,
        2.0155644370746373,
        1.3169567191065923,
        1.3169567191065923,
        1.340475661845451,
        1.6345871038277526,
        1.224744871391589,
        2.1396553460779613,
        1.489546910976623,
        1.7320508075688772,
        2.165063509461097,
        1.4142135623730951,
        1.8540496217739157,
        1.299038105676658,
        1.8114220932736798,
        1.5811388300841898,
        1.2119199643540823,
        1.824314939915803,
        1.4086784586980805,
        1.3635890143294642,
        1.3919410907075054,
        1.352081728298996
    ],
    [
        2.0953818267800264,
        1.5811388300841898,
        1.3693063937629153,
        1.6441183047457382,
        1.6056540723331412,
        1.8371173070873836,
        1.4737282653189494,
        1.3863170633011772,
        1.4947825928876748,
        1.4252192813739224,
        1.6630168369562588,
        1.5258194519667128,
        1.4197270864500684,
        0.0,
        1.4252192813739224,
        1.4306903927824497,
        1.489546910976623,
        1.9039432764659772,
        1.6056540723331412,
        1.4306903927824497,
        1.299038105676658,
        1.479019945774904,
        1.956559480312316,
        1.5206906325745548,
        1.4630874888399532,
        1.996089927833914,
        1.6345871038277526,
        2.433490291741473,
        1.5,
        2.050152433357091,
        1.4252192813739224,
        1.5360257159305635,
        1.4252192813739224,
        1.5761900266148114,
        1.4361406616345072,
        2.3048861143232218,
        1.5103807466993215,
        1.7897276329095442,
        2.3385358667337135,
        1.5258194519667128,
        1.9921721813136535,
        1.4577379737113252,
        1.8874586088176875,
        1.6817030058842137,
        1.4086784586980805,
        1.8624580532189174,
        1.4469796128487782,
        1.5258194519667128,
        1.5612494995995996,
        1.3806701271484076
    ],
    [
        1.956559480312316,
        1.6441183047457382,
        1.2562344526401112,
        1.3806701271484076,
        1.620185174601965,
        1.8582585934148133,
        1.3975424859373686,
        1.375,
        1.3806701271484076,
        1.2119199643540823,
        1.713913650100261,
        1.541103500742244,
        1.352081728298996,
        1.4252192813739224,
        0.0,
        1.3693063937629153,
        1.3169567191065923,
        1.8915932438026946,
        1.5612494995995996,
        1.340475661845451,
        1.357847561400027,
        1.352081728298996,
        1.984313483298443,
        1.4086784586980805,
        1.4252192813739224,
        1.9243505397925815,
        1.5206906325745548,
        2.341874249399399,
        1.4086784586980805,
        2.1102428770167667,
        1.4415703243338496,
        1.4142135623730951,
        1.479019945774904,
        1.7455300054711176,
        1.357847561400027,
        2.1866069605669876,
        1.595893166850463,
        1.9039432764659772,
        2.348536778506992,
        1.375,
        1.9724667297574374,
        1.375,
        1.8540496217739157,
        1.6817030058842137,
        1.334634781503914,
        1.976423537605237,
        1.4197270864500684,
        1.5360257159305635,
        1.4252192813739224,
        1.3110110602126894
    ],
    [
        2.481179155159901,
        1.5,
        1.3975424859373686,
        1.620185174601965,
        1.340475661845451,
        1.625,
        1.3863170633011772,
        1.5,
        1.4142135623730951,
        1.3693063937629153,
        1.6007810593582121,
        1.4737282653189494,
        1.243734296383275,
        1.4306903927824497,
        1.3693063937629153,
        0.0,
        1.4361406616345072,
        1.6909686573085854,
        1.4630874888399532,
        1.4842927608797396,
        1.4142135623730951,
        1.4842927608797396,
        1.7320508075688772,
        1.6630168369562588,
        1.6153559979150107,
        1.6723860200324565,
        1.6909686573085854,
        2.080414622136655,
        1.5309310892394863,
        1.824314939915803,
        1.4842927608797396,
        1.489546910976623,
        1.5309310892394863,
        1.6153559979150107,
        1.4361406616345072,
        1.984313483298443,
        1.5,
        1.5155444566227676,
        2.0348525745124633,
        1.346291201783626,
        1.6909686573085854,
        1.403121520040228,
        1.620185174601965,
        1.571225636247067,
        1.5,
        1.6817030058842137,
        1.4252192813739224,
        1.3110110602126894,
        1.3975424859373686,
        1.590990257669732
    ],
    [
        1.9080421903092184,
        1.704772712123232,
        1.192424001771182,
        1.3635890143294642,
        1.6393596310755,
        1.9039432764659772,
        1.352081728298996,
        1.2562344526401112,
        1.286953767623375,
        1.3287682265918312,
        1.6056540723331412,
        1.5562374497485916,
        1.3975424859373686,
        1.489546910976623,
        1.3169567191065923,
        1.4361406616345072,
        0.0,
        1.8874586088176875,
        1.4737282653189494,
        1.2183492931011204,
        1.4415703243338496,
        1.3863170633011772,
        2.0348525745124633,
        1.3169567191065923,
        1.5206906325745548,
        2.03100960115899,
        1.4842927608797396,
        2.4109126902482387,
        1.352081728298996,
        2.1972994789058684,
        1.340475661845451,
        1.3806701271484076,
        1.3635890143294642,
        1.6441183047457382,
        1.2686114456365274,
        2.3351927115336757,
        1.5612494995995996,
        1.9121323175972944,
        2.315032397181517,
        1.375,
        2.080414622136655,
        1.286953767623375,
        2.0,
        1.713913650100261,
        1.58607219255619,
        1.9243505397925815,
        1.4361406616345072,
        1.5309310892394863,
        1.4086784586980805,
        1.4737282653189494
    ],
    [
        3.984344362627307,
        1.695582495781317,
        2.125,
        2.3351927115336757,
        1.5,
        1.5360257159305635,
        1.956559480312316,
        2.091650066335189,
        1.940521837032503,
        2.099106952968333,
        1.71846588560844,
        1.8874586088176875,
        1.80710403685012,
        1.9039432764659772,
        1.8915932438026946,
        1.6909686573085854,
        1.8874586088176875,
        0.0,
        1.7633419974582356,
        1.9803724397193574,
        1.9039432764659772,
        2.172268399622846,
        1.5103807466993215,
        2.3217719526258387,
        2.2844583603121333,
        1.6007810593582121,
        2.381569860407206,
        1.7677669529663689,
        2.1286732957408003,
        1.5206906325745548,
        1.9605483926697653,
        1.920286436967152,
        2.1139418156609704,
        1.7544586059522749,
        2.117634293262177,
        1.713913650100261,
        1.6153559979150107,
        1.5662455107677085,
        1.6677080080157918,
        1.8285923547909742,
        1.6770509831248424,
        1.956559480312316,
        1.776583800443987,
        1.595893166850463,
        1.9724667297574374,
        1.5206906325745548,
        1.8666480653835098,
        1.5612494995995996,
        1.6770509831248424,
        2.168668946612184
    ],
    [
        2.70993542358485,
        1.5562374497485916,
        1.4842927608797396,
        1.695582495781317,
        1.5206906325745548,
        1.7897276329095442,
        1.489546910976623,
        1.6105123408406408,
        1.5155444566227676,
        1.6153559979150107,
        1.4469796128487782,
        1.4630874888399532,
        1.5360257159305635,
        1.6056540723331412,
        1.5612494995995996,
        1.4630874888399532,
        1.4737282653189494,
        1.7633419974582356,
        0.0,
        1.4737282653189494,
        1.595893166850463,
        1.5612494995995996,
        1.713913650100261,
        1.7455300054711176,
        1.8413649828320293,
        1.7897276329095442,
        1.79843682124227,
        2.1396553460779613,
        1.6393596310755,
        1.8874586088176875,
        1.590990257669732,
        1.541103500742244,
        1.6345871038277526,
        1.5206906325745548,
        1.5761900266148114,
        2.1396553460779613,
        1.5512092057488571,
        1.6723860200324565,
        1.8540496217739157,
        1.340475661845451,
        1.8200274723201295,
        1.5,
        1.8624580532189174,
        1.6441183047457382,
        1.7633419974582356,
        1.7230060940112777,
        1.4737282653189494,
        1.4086784586980805,
        1.357847561400027,
        1.7275343701356567
    ],
    [
        1.5360257159305635,
        1.71846588560844,
        1.0383279828647594,
        1.1388041973930374,
        1.6677080080157918,
        1.940521837032503,
        1.125,
        1.103970108290981,
        1.125,
        1.2747548783981961,
        1.6153559979150107,
        1.3635890143294642,
        1.3806701271484076,
        1.4306903927824497,
        1.340475661845451,
        1.4842927608797396,
        1.2183492931011204,
        1.9803724397193574,
        1.4737282653189494,
        0.0,
        1.2808688457449497,
        1.159202311936963,
        2.084166500066633,
        1.0968705484240153,
        1.357847561400027,
        2.23606797749979,
        1.192424001771182,
        2.6190408549696205,
        1.0752906583803283,
        2.2980970388562794,
        1.25,
        1.2119199643540823,
        1.0897247358851685,
        1.6153559979150107,
        1.0825317547305484,
        2.5310570914145734,
        1.6909686573085854,
        2.072890493972125,
        2.345207879911715,
        1.3169567191065923,
        2.1323402636539974,
        1.1319231422671772,
        2.161452058223823,
        1.8114220932736798,
        1.3863170633011772,
        1.9324531042175384,
        1.2747548783981961,
        1.5811388300841898,
        1.403121520040228,
        1.357847561400027
    ],
    [
        1.8371173070873836,
        1.5811388300841898,
        1.2562344526401112,
        1.3806701271484076,
        1.5612494995995996,
        1.741048534648015,
        1.286953767623375,
        1.2808688457449497,
        1.2624381172952597,
        1.231107225224513,
        1.709349291397168,
        1.4142135623730951,
        1.2808688457449497,
        1.299038105676658,
        1.357847561400027,
        1.4142135623730951,
        1.4415703243338496,
        1.9039432764659772,
        1.595893166850463,
        1.2808688457449497,
        0.0,
        1.2624381172952597,
        1.928406077567689,
        1.3228756555322954,
        1.3050383136138188,
        1.9685019685029528,
        1.346291201783626,
        2.315032397181517,
        1.3050383136138188,
        2.0615528128088303,
        1.340475661845451,
        1.4306903927824497,
        1.2686114456365274,
        1.6105123408406408,
        1.243734296383275,
        2.1866069605669876,
        1.6007810593582121,
        1.79843682124227,
        2.277608394786075,
        1.4252192813739224,
        2.003902442735175,
        1.3635890143294642,
        1.9039432764659772,
        1.648863244784115,
        1.125,
        1.8874586088176875,
        1.4086784586980805,
        1.4469796128487782,
        1.4577379737113252,
        1.3635890143294642
    ],
    [
        1.3635890143294642,
        1.6393596310755,
        0.9842509842514764,
        0.9921567416492215,
        1.713913650100261,
        1.996089927833914,
        1.165922381636102,
        1.0606601717798212,
        1.1388041973930374,
        1.2624381172952597,
        1.713913650100261,
        1.4415703243338496,
        1.2562344526401112,
        1.479019945774904,
        1.352081728298996,
        1.4842927608797396,
        1.3863170633011772,
        2.172268399622846,
        1.5612494995995996,
        1.159202311936963,
        1.2624381172952597,
        0.0,
        2.2325713874364688,
        0.9842509842514764,
        1.224744871391589,
        2.1972994789058684,
        0.9921567416492215,
        2.622022120425379,
        1.0532687216470449,
        2.2741756748325317,
        1.1726039399558574,
        1.334634781503914,
        1.0606601717798212,
        1.704772712123232,
        0.9682458365518543,
        2.5310570914145734,
        1.776583800443987,
        2.099106952968333,
        2.4462982238476156,
        1.352081728298996,
        2.2638462845343543,
        1.243734296383275,
        2.2114757516192665,
        1.9445436482630056,
        1.2686114456365274,
        2.023301757029831,
        1.340475661845451,
        1.5811388300841898,
        1.4415703243338496,
        1.3863170633011772
    ],
    [
        3.828348207778389,
        1.6583123951777,
        2.1469455046647083,
        2.404423007708918,
        1.5309310892394863,
        1.6583123951777,
        1.9685019685029528,
        2.168668946612184,
        1.9525624189766635,
        2.057759704144291,
        1.7275343701356567,
        1.9121323175972944,
        1.8957188610128877,
        1.956559480312316,
        1.984313483298443,
        1.7320508075688772,
        2.0348525745124633,
        1.5103807466993215,
        1.713913650100261,
        2.084166500066633,
        1.928406077567689,
        2.2325713874364688,
        0.0,
        2.375,
        2.375,
        1.58607219255619,
        2.48746859276655,
        1.7940875118009154,
        2.2150056433336687,
        1.6723860200324565,
        2.069118169655856,
        1.9882467150733583,
        2.165063509461097,
        1.8328597873268975,
        2.168668946612184,
        1.7275343701356567,
        1.6909686573085854,
        1.5,
        1.7677669529663689,
        1.80710403685012,
        1.6393596310755,
        1.9685019685029528,
        1.6863421954040052,
        1.6393596310755,
        2.1323402636539974,
        1.5360257159305635,
        1.9080421903092184,
        1.653594569415369,
        1.713913650100261,
        2.1469455046647083
    ],
    [
        1.14564392373896,
        1.8200274723201295,
        1.0752906583803283,
        0.8660254037844386,
        1.7940875118009154,
        2.1139418156609704,
        1.231107225224513,
        1.0383279828647594,
        1.1319231422671772,
        1.2930100540985752,
        1.8915932438026946,
        1.6056540723331412,
        1.3228756555322954,
        1.5206906325745548,
        1.4086784586980805,
        1.6630168369562588,
        1.3169567191065923,
        2.3217719526258387,
        1.7455300054711176,
        1.0968705484240153,
        1.3228756555322954,
        0.9842509842514764,
        2.375,
        0.0,
        1.125,
        2.414150989478496,
        0.9100137361600648,
        2.7894892005526746,
        1.0,
        2.4206145913796355,
        1.1388041973930374,
        1.4630874888399532,
        1.0606601717798212,
        1.8027756377319946,
        1.0307764064044151,
        2.6604745817240953,
        1.8915932438026946,
        2.2946949688357274,
        2.595067436503337,
        1.4842927608797396,
        2.394655507583502,
        1.2808688457449497,
        2.3551804601770967,
        2.0,
        1.3050383136138188,
        2.1542109924517607,
        1.403121520040228,
        1.7320508075688772,
        1.505199322349037,
        1.3863170633011772
    ],
    [
        1.4684175155588413,
        1.8114220932736798,
        1.3110110602126894,
        1.1110243021644486,
        1.7897276329095442,
        1.996089927833914,
        1.346291201783626,
        1.243734296383275,
        1.352081728298996,
        1.3169567191065923,
        1.9324531042175384,
        1.6677080080157918,
        1.2562344526401112,
        1.4630874888399532,
        1.4252192813739224,
        1.6153559979150107,
        1.5206906325745548,
        2.2844583603121333,
        1.8413649828320293,
        1.357847561400027,
        1.3050383136138188,
        1.224744871391589,
        2.375,
        1.125,
        0.0,
        2.179449471770337,
        1.192424001771182,
        2.6634094690828145,
        1.192424001771182,
        2.3651109910530628,
        1.334634781503914,
        1.505199322349037,
        1.243734296383275,
        1.8540496217739157,
        1.2686114456365274,
        2.484325864293974,
        1.8328597873268975,
        2.2150056433336687,
        2.449489742783178,
        1.6441183047457382,
        2.348536778506992,
        1.4523687548277813,
        2.207940216581962,
        2.0077973005261263,
        1.1726039399558574,
        2.200852107707376,
        1.5103807466993215,
        1.713913650100261,
        1.653594569415369,
        1.2624381172952597
    ],
    [
        4.077376607575022,
        1.7809758560968758,
        2.23606797749979,
        2.5031230493125984,
        1.6105123408406408,
        1.7455300054711176,
        2.065338955232288,
        2.072890493972125,
        2.091650066335189,
        2.080414622136655,
        1.704772712123232,
        2.003902442735175,
        1.8328597873268975,
        1.996089927833914,
        1.9243505397925815,
        1.6723860200324565,
        2.03100960115899,
        1.6007810593582121,
        1.7897276329095442,
        2.23606797749979,
        1.9685019685029528,
        2.1972994789058684,
        1.58607219255619,
        2.414150989478496,
        2.179449471770337,
        0.0,
        2.443102535711508,
        1.6583123951777,
        2.2465250944514286,
        1.5562374497485916,
        2.0077973005261263,
        2.099106952968333,
        2.1505813167606567,
        1.9121323175972944,
        2.2569337606584736,
        1.6723860200324565,
        1.7677669529663689,
        1.571225636247067,
        1.625,
        1.9162137145944864,
        1.695582495781317,
        1.9882467150733583,
        1.7897276329095442,
        1.6817030058842137,
        2.019436802675439,
        1.6770509831248424,
        2.053959590644373,
        1.6770509831248424,
        1.75,
        2.143303524935281
    ],
    [
        0.8838834764831844,
        1.9525624189766635,
        1.0752906583803283,
        0.8569568250501305,
        1.964529205687714,
        2.315032397181517,
        1.2686114456365274,
        1.165922381636102,
        1.2374368670764582,
        1.3228756555322954,
        1.996089927833914,
        1.648863244784115,
        1.4197270864500684,
        1.6345871038277526,
        1.5206906325745548,
        1.6909686573085854,
        1.4842927608797396,
        2.381569860407206,
        1.79843682124227,
        1.192424001771182,
        1.346291201783626,
        0.9921567416492215,
        2.48746859276655,
        0.9100137361600648,
        1.192424001771182,
        2.443102535711508,
        0.0,
        2.9368350311176825,
        0.9842509842514764,
        2.5,
        1.2624381172952597,
        1.5103807466993215,
        1.1726039399558574,
        1.9605483926697653,
        1.125,
        2.7810744326608736,
        2.003902442735175,
        2.4462982238476156,
        2.6896793489187516,
        1.5761900266148114,
        2.5124689052802225,
        1.3635890143294642,
        2.462214450449026,
        2.1830311495716224,
        1.4197270864500684,
        2.222048604328897,
        1.5512092057488571,
        1.8791620472966135,
        1.590990257669732,
        1.3693063937629153
    ],
    [
        4.8250647664046955,
        2.053959590644373,
        2.7726341266023544,
        2.9394940040762116,
        1.8666480653835098,
        1.8708286933869707,
        2.4109126902482387,
        2.6457513110645907,
        2.496873044429772,
        2.5890393971509975,
        2.1028254801575903,
        2.2395591083961146,
        2.3284920012746446,
        2.433490291741473,
        2.341874249399399,
        2.080414622136655,
        2.4109126902482387,
        1.7677669529663689,
        2.1396553460779613,
        2.6190408549696205,
        2.315032397181517,
        2.622022120425379,
        1.7940875118009154,
        2.7894892005526746,
        2.6634094690828145,
        1.6583123951777,
        2.9368350311176825,
        0.0,
        2.680951323690902,
        1.6723860200324565,
        2.4717149916606487,
        2.42706097986845,
        2.598076211353316,
        2.1972994789058684,
        2.747157621979489,
        1.7365554986812255,
        2.1139418156609704,
        1.7897276329095442,
        1.6770509831248424,
        2.277608394786075,
        1.8114220932736798,
        2.4173849507267144,
        2.023301757029831,
        1.984313483298443,
        2.468552207266437,
        1.8200274723201295,
        2.4173849507267144,
        2.0,
        2.1323402636539974,
        2.6190408549696205
    ],
    [
        1.3110110602126894,
        1.7275343701356567,
        1.0606601717798212,
        0.9921567416492215,
        1.75,
        2.023301757029831,
        1.165922381636102,
        1.0825317547305484,
        1.0968705484240153,
        1.2374368670764582,
        1.776583800443987,
        1.5103807466993215,
        1.299038105676658,
        1.5,
        1.4086784586980805,
        1.5309310892394863,
        1.352081728298996,
        2.1286732957408003,
        1.6393596310755,
        1.0752906583803283,
        1.3050383136138188,
        1.0532687216470449,
        2.2150056433336687,
        1.0,
        1.192424001771182,
        2.2465250944514286,
        0.9842509842514764,
        2.680951323690902,
        0.0,
        2.318404623873926,
        1.2119199643540823,
        1.346291201783626,
        1.0825317547305484,
        1.7365554986812255,
        1.0,
        2.5799709300687867,
        1.758905909933786,
        2.084166500066633,
        2.4558603380485624,
        1.4142135623730951,
        2.2638462845343543,
        1.224744871391589,
        2.2395591083961146,
        1.9080421903092184,
        1.334634781503914,
        1.984313483298443,
        1.3919410907075054,
        1.5562374497485916,
        1.4306903927824497,
        1.3863170633011772
    ],
    [
        4.158951189903531,
        1.824314939915803,
        2.381569860407206,
        2.468552207266437,
        1.6153559979150107,
        1.6863421954040052,
        2.1102428770167667,
        2.1972994789058684,
        2.1830311495716224,
        2.301494079940246,
        1.8582585934148133,
        2.143303524935281,
        2.0155644370746373,
        2.050152433357091,
        2.1102428770167667,
        1.824314939915803,
        2.1972994789058684,
        1.5206906325745548,
        1.8874586088176875,
        2.2980970388562794,
        2.0615528128088303,
        2.2741756748325317,
        1.6723860200324565,
        2.4206145913796355,
        2.3651109910530628,
        1.5562374497485916,
        2.5,
        1.6723860200324565,
        2.318404623873926,
        0.0,
        2.1139418156609704,
