[
    [
        0.0,
        2.8277380726845536,
        0.5113507522598697,
        1.00063755186585,
        1.960629714543524,
        2.682140479359798,
        0.962962054479483,
        1.0431961560294634,
        1.4909377613311912,
        1.417141777073321,
        2.1582778471054476,
        1.6787613874277563,
        1.6439243428144612,
        1.6005061380573276,
        1.98600010789814,
        1.7062684550844645,
        1.77128095583106,
        3.216814481465051,
        2.026057924711363,
        1.256868882483412,
        1.3665997785191264,
        1.1367021759171108,
        2.509929261544871,
        1.0406287345952476,
        1.0703863979032648,
        2.944011996010387,
        0.8417096035387397,
        3.9891833980995983,
        0.8597430798007659,
        2.718159829212193,
        1.2471623118902952,
        1.24270832442365,
        1.241296228355912,
        1.878313398900672,
        0.9501275424587876,
        3.332707424228866,
        1.7782881300479367,
        2.77694361057738,
        3.618254534028233,
        1.8979043222266316,
        2.4986249052696086,
        1.5033975128463701,
        1.957129822688608,
        2.7270026342757605,
        1.2519118033093644,
        2.456668120436347,
        1.326395106893808,
        1.871765918340545,
        1.7415979057480864,
        0.9708769442191563
    ],
    [
        2.8277380726845536,
        0.0,
        1.81764117593227,
        1.856856662929766,
        1.4475793971700175,
        1.6451739185333027,
        1.665624674275557,
        1.5427923817978015,
        1.4690085469836829,
        1.6169673259943544,
        1.4423688864278608,
        1.3274610268394993,
        1.683766445931396,
        1.4634671540936992,
        1.6398890545128688,
        1.498842145717079,
        1.6806703358415587,
        1.6260680250906547,
        1.5329201232642196,
        1.5229722402080887,
        1.506928443335427,
        1.5478479684172257,
        1.5467259327725489,
        1.7760951238289262,
        1.8018123592033044,
        1.6829001092690492,
        1.920286436967152,
        1.9112241568632857,
        1.7285390427242948,
        1.6478099944404323,
        1.4837078178970713,
        1.6572651501126119,
        1.4355360980793512,
        1.504045470648337,
        1.6191132689771206,
        1.7185467051487946,
        1.390693272356553,
        1.4499760534421096,
        1.7083333333333333,
        1.3931877914417072,
        1.7230060940112777,
        1.5937159582421063,
        1.631929668963845,
        1.6287350238076719,
        1.5229722402080887,
        1.5206906325745548,
        1.5521714180821367,
        1.4258282193557228,
        1.3693063937629153,
        2.114352409394212
    ],
    [
        0.5113507522598697,
        1.81764117593227,
        0.0,
        0.8660254037844386,
        1.3169567191065923,
        1.9525624189766635,
        0.6373774391990981,
        0.9138213416442212,
        1.2374368670764582,
        1.0680004681646913,
        1.4986175602323413,
        1.243734296383275,
        1.2183492931011204,
        1.3,
        1.620185174601965,
        1.118033988749895,
        1.479019945774904,
        1.9803724397193574,
        1.31125426790613,
        0.9842509842514764,
        1.0265570828962431,
        0.9354143466934853,
        1.6153559979150107,
        0.9921567416492215,
        0.9100137361600648,
        1.7313289693180784,
        0.754615428178118,
        2.4462982238476156,
        0.6614378277661477,
        1.653594569415369,
        1.011221758292633,
        0.82915619758885,
        1.0680004681646913,
        1.4306903927824497,
        0.739509972887452,
        1.9876179210300957,
        1.299038105676658,
        1.6817030058842137,
        2.1192733293382533,
        1.375,
        1.7770723426780102,
        1.243734296383275,
        1.3635890143294642,
        1.845602882529175,
        1.1319231422671772,
        1.4953632037438633,
        1.061838029079765,
        1.2808688457449497,
        1.2374368670764582,
        0.6959705453537527
    ],
    [
        1.00063755186585,
        1.856856662929766,
        0.8660254037844386,
        0.0,
        1.2624381172952597,
        1.7633419974582356,
        0.7905694150420949,
        0.8111634305804911,
        1.103970108290981,
        0.9921567416492215,
        1.5067873649806418,
        1.334634781503914,
        1.299038105676658,
        1.2219349409849938,
        1.4197270864500684,
        1.015504800579495,
        1.165922381636102,
        2.053959590644373,
        1.4183788173078993,
        0.8838834764831844,
        1.0086432030758503,
        0.8003905296791061,
        1.7809758560968758,
        0.6846531968814576,
        0.6959705453537527,
        1.8542181640788657,
        0.7371585838730889,
        2.4937421679075005,
        0.75,
        1.6909686573085854,
        0.952883052169106,
        1.0752906583803283,
        0.875,
        1.3169567191065923,
        0.7603453162872774,
        2.035006142496872,
        1.352081728298996,
        1.7940875118009154,
        2.246911460452127,
        1.299038105676658,
        1.8304902197073998,
        1.0077822185373186,
        1.4947825928876748,
        1.6770509831248424,
        0.9100137361600648,
        1.646228855428201,
        1.0043654713300334,
        1.3635890143294642,
        1.14564392373896,
        1.0458250331675945
    ],
    [
        1.960629714543524,
        1.4475793971700175,
        1.3169567191065923,
        1.2624381172952597,
        0.0,
        1.3169567191065923,
        1.0680004681646913,
        1.2040152730666573,
        1.192424001771182,
        1.2054563451241194,
        1.1251417144302402,
        1.2624381172952597,
        1.3693063937629153,
        1.2459935794377113,
        1.489546910976623,
        0.9921567416492215,
        1.2624381172952597,
        1.3975424859373686,
        1.1103065397649867,
        1.103970108290981,
        1.1843892002959913,
        1.1858541225631423,
        1.159202311936963,
        1.2374368670764582,
        1.286953767623375,
        1.3444329659748753,
        1.381298704520898,
        1.758905909933786,
        1.1388041973930374,
        1.1792476415070754,
        1.0736748938937604,
        1.1388041973930374,
        1.2562344526401112,
        1.0752906583803283,
        1.015504800579495,
        1.4707566080082728,
        1.1319231422671772,
        1.2183492931011204,
        1.545041351478263,
        1.118033988749895,
        1.3565683830083088,
        1.1792476415070754,
        1.1524430571616109,
        1.1524430571616109,
        1.165922381636102,
        1.1509356097444279,
        1.1084899638697683,
        0.9842509842514764,
        0.9270248108869579,
        1.3635890143294642
    ],
    [
        2.682140479359798,
        1.6451739185333027,
        1.9525624189766635,
        1.7633419974582356,
        1.3169567191065923,
        0.0,
        1.7001838135919305,
        1.6414763002993509,
        1.5461646096066226,
        1.6723860200324565,
        1.4159036560674974,
        1.6105123408406408,
        1.8498310733685928,
        1.660948524187309,
        1.7001838135919305,
        1.4842927608797396,
        1.5258194519667128,
        1.4577379737113252,
        1.5273860557387926,
        1.5512092057488571,
        1.6061946056163652,
        1.6583123951777,
        1.4469796128487782,
        1.7001838135919305,
        1.7320508075688772,
        1.6107063667844614,
        1.9676198255195991,
        1.704772712123232,
        1.741048534648015,
        1.3110110602126894,
        1.5484086813385038,
        1.6863421954040052,
        1.6863421954040052,
        1.340475661845451,
        1.6630168369562588,
        1.7367354432958406,
        1.4306903927824497,
        1.3806701271484076,
        1.5667996397469306,
        1.541103500742244,
        1.5684608520598926,
        1.4842927608797396,
        1.5761900266148114,
        1.4306903927824497,
        1.505199322349037,
        1.4166666666666667,
        1.5640492319617052,
        1.243734296383275,
        1.4630874888399532,
        1.976423537605237
    ],
    [
        0.962962054479483,
        1.665624674275557,
        0.6373774391990981,
        0.7905694150420949,
        1.0680004681646913,
        1.7001838135919305,
        0.0,
        0.8488145328109735,
        1.1726039399558574,
        0.9682458365518543,
        1.393658194560383,
        1.299038105676658,
        1.3228756555322954,
        1.231868499475492,
        1.5612494995995996,
        0.9682458365518543,
        1.352081728298996,
        1.8874586088176875,
        1.4183788173078993,
        0.8838834764831844,
        0.9771699499632145,
        0.82915619758885,
        1.6105123408406408,
        0.875,
        0.81967981553775,
        1.7277152543170995,
        0.8436856971381911,
        2.1866069605669876,
        0.5863019699779287,
        1.505199322349037,
        1.0008676791220261,
        0.739509972887452,
        0.9185586535436918,
        1.2562344526401112,
        0.625,
        1.8029489732102792,
        1.1989578808281798,
        1.5512092057488571,
        2.0004339806929674,
        1.3110110602126894,
        1.8643214434330913,
        1.0680004681646913,
        1.3693063937629153,
        1.653594569415369,
        0.9270248108869579,
        1.4166666666666667,
        0.9483538369195329,
        1.2183492931011204,
        1.0606601717798212,
        0.9270248108869579
    ],
    [
        1.0431961560294634,
        1.5427923817978015,
        0.9138213416442212,
        0.8111634305804911,
        1.2040152730666573,
        1.6414763002993509,
        0.8488145328109735,
        0.0,
        0.9166666666666666,
        1.0905210273585335,
        1.4311113333790901,
        1.0841343192714739,
        1.0744830798523022,
        0.9312103831990802,
        1.267242193812129,
        1.0833333333333333,
        1.2318121249245402,
        1.8657177647698426,
        1.2249039714316485,
        0.8143675119038359,
        0.8569568250501305,
        0.8579691784155834,
        1.5172617880027603,
        0.8111634305804911,
        0.7916666666666667,
        1.7027143363204267,
        0.855943274340589,
        2.2779894888061074,
        0.8395600699837452,
        1.555121467210127,
        0.81967981553775,
        0.9691419458010839,
        0.8302024518821365,
        1.228283581081973,
        0.8207381501496754,
        1.7255031472330356,
        1.206176235510844,
        1.7440374613713625,
        1.9768626940460765,
        1.2541597452743676,
        1.5942605391424156,
        1.0833333333333333,
        1.3850641782162219,
        1.7006943026632126,
        0.8207381501496754,
        1.4300835251442094,
        0.8629326612069901,
        1.2318121249245402,
        1.1118053386771944,
        0.9745012969605417
    ],
    [
        1.4909377613311912,
        1.4690085469836829,
        1.2374368670764582,
        1.103970108290981,
        1.192424001771182,
        1.5461646096066226,
        1.1726039399558574,
        0.9166666666666666,
        0.0,
        1.103970108290981,
        1.275755078535125,
        1.118033988749895,
        1.0825317547305484,
        1.1879604370516723,
        1.2747548783981961,
        1.1858541225631423,
        1.2686114456365274,
        1.5811388300841898,
        1.2331776193299675,
        0.9762812094883317,
        0.9664511253952668,
        1.0680004681646913,
        1.3110110602126894,
        1.0825317547305484,
        1.103970108290981,
        1.5842979517754858,
        1.1851218877773242,
        2.1286732957408003,
        1.165922381636102,
        1.625,
        0.982485510212633,
        1.1524430571616109,
        1.0825317547305484,
        1.1858541225631423,
        1.0458250331675945,
        1.7439180026595287,
        1.2054563451241194,
        1.5103807466993215,
        1.886538570445295,
        1.2562344526401112,
        1.445779297741456,
        1.1858541225631423,
        1.3050383136138188,
        1.5562374497485916,
        1.118033988749895,
        1.3096861371251425,
        1.044030650891055,
        1.1524430571616109,
        1.2374368670764582,
        1.231107225224513
    ],
    [
        1.417141777073321,
        1.6169673259943544,
        1.0680004681646913,
        0.9921567416492215,
        1.2054563451241194,
        1.6723860200324565,
        0.9682458365518543,
        1.0905210273585335,
        1.103970108290981,
        0.0,
        1.3767382333854559,
        1.2054563451241194,
        1.4142135623730951,
        1.2026013470805694,
        1.2747548783981961,
        0.9842509842514764,
        1.0680004681646913,
        1.875,
        1.4073196045631409,
        0.9921567416492215,
        1.0316182002616623,
        0.9842509842514764,
        1.6817030058842137,
        1.0231690964840563,
        1.0752906583803283,
        1.824486229051894,
        1.161446655397196,
        2.2810359488618324,
        1.0458250331675945,
        1.7320508075688772,
        1.206176235510844,
        0.9842509842514764,
        1.0307764064044151,
        1.231107225224513,
        0.9437293044088437,
        2.007952937695503,
        1.1319231422671772,
        1.5258194519667128,
        2.169069180803395,
        1.125,
        1.9302058036500782,
        1.0532687216470449,
        1.286953767623375,
        1.5309310892394863,
        1.0825317547305484,
        1.6414763002993509,
        0.9807522622966516,
        1.243734296383275,
        1.0680004681646913,
        1.1524430571616109
    ],
    [
        2.1582778471054476,
        1.4423688864278608,
        1.4986175602323413,
        1.5067873649806418,
        1.1251417144302402,
        1.4159036560674974,
        1.393658194560383,
        1.4311113333790901,
        1.275755078535125,
        1.3767382333854559,
        0.0,
        1.206513995114919,
        1.5449266873828529,
        1.2410238942592722,
        1.4586127040472954,
        1.2009509412400268,
        1.3008778433293828,
        1.3872368292429966,
        1.268988428888562,
        1.2166468640639874,
        1.306964490389208,
        1.336425517290547,
        1.306015321659039,
        1.5577734633974563,
        1.4859031473367657,
        1.4052062453023522,
        1.5944383211936117,
        1.7646977540829212,
        1.4048249582297812,
        1.410375185284152,
        1.3188654894030407,
        1.2203106830907062,
        1.4034623730806113,
        1.2393680499614739,
        1.3348736850736256,
        1.5277367547574203,
        1.1340340220933878,
        1.2827346425762836,
        1.532573384585,
        1.2330483215451478,
        1.4819755116848456,
        1.3305668578712255,
        1.2483407354711833,
        1.3305668578712255,
        1.3710518455788994,
        1.3083869524087894,
        1.197190588888189,
        1.1727399019181621,
        1.0406287345952476,
        1.58194532788215
    ],
    [
        1.6787613874277563,
        1.3274610268394993,
        1.243734296383275,
        1.334634781503914,
        1.2624381172952597,
        1.6105123408406408,
        1.299038105676658,
        1.0841343192714739,
        1.118033988749895,
        1.2054563451241194,
        1.206513995114919,
        0.0,
        1.118033988749895,
        1.1431863365173676,
        1.2374368670764582,
        1.224744871391589,
        1.375,
        1.571225636247067,
        1.207570718764051,
        1.0458250331675945,
        0.9939050368230469,
        1.2183492931011204,
        1.286953767623375,
        1.4086784586980805,
        1.334634781503914,
        1.5544291556709813,
        1.3527235900623273,
        2.011684617428885,
        1.3110110602126894,
        1.6007810593582121,
        1.1234557302260635,
        1.224744871391589,
        1.224744871391589,
        1.2562344526401112,
        1.2183492931011204,
        1.6660207081546134,
        1.0606601717798212,
        1.4577379737113252,
        1.8573240906685557,
        1.192424001771182,
        1.3962996733430033,
        1.2686114456365274,
        1.2624381172952597,
        1.653594569415369,
        1.3050383136138188,
        1.3737367934862112,
        1.086853255964208,
        1.1792476415070754,
        1.1110243021644486,
        1.286953767623375
    ],
    [
        1.6439243428144612,
        1.683766445931396,
        1.2183492931011204,
        1.299038105676658,
        1.3693063937629153,
        1.8498310733685928,
        1.3228756555322954,
        1.0744830798523022,
        1.0825317547305484,
        1.4142135623730951,
        1.5449266873828529,
        1.118033988749895,
        0.0,
        1.3460590625971804,
        1.375,
        1.3693063937629153,
        1.541103500742244,
        1.71846588560844,
        1.2618064876378223,
        1.2374368670764582,
        1.1380416903123052,
        1.3050383136138188,
        1.5155444566227676,
        1.340475661845451,
        1.352081728298996,
        1.6500000000000001,
        1.3254978100489057,
        2.368411915187052,
        1.340475661845451,
        1.8582585934148133,
        1.1486707293408518,
        1.3919410907075054,
        1.352081728298996,
        1.5309310892394863,
        1.2624381172952597,
        1.7599715906798041,
        1.4630874888399532,
        1.7633419974582356,
        1.9781795784115366,
        1.5,
        1.4848774734337884,
        1.4252192813739224,
        1.505199322349037,
        1.8114220932736798,
        1.357847561400027,
        1.3869430814244366,
        1.219118534023661,
        1.3975424859373686,
        1.403121520040228,
        1.224744871391589
    ],
    [
        1.6005061380573276,
        1.4634671540936992,
        1.3,
        1.2219349409849938,
        1.2459935794377113,
        1.660948524187309,
        1.231868499475492,
        0.9312103831990802,
        1.1879604370516723,
        1.2026013470805694,
        1.2410238942592722,
        1.1431863365173676,
        1.3460590625971804,
        0.0,
        1.3878940881782011,
        1.1629703349613008,
        1.2409673645990857,
        1.8232868671714826,
        1.3189938961038385,
        1.0470195795685961,
        1.0045383129688097,
        1.107925990308017,
        1.5348045478170826,
        1.1895377253370318,
        1.1696687565289585,
        1.6874537030686205,
        1.2336711249131367,
        2.224016636628422,
        1.1763290356018592,
        1.5132745950421556,
        1.0165642024868757,
        1.114955156048888,
        1.0274361294017258,
        1.149456393257265,
        1.0647769719523428,
        1.8634645153584224,
        1.1197097838279346,
        1.5184284639060215,
        1.9769680770760507,
        1.1696687565289585,
        1.6485684025170986,
        1.2062338081814818,
        1.4150971698084907,
        1.6180621125284407,
        1.1188722000300124,
        1.4680864340282482,
        1.0012492197250393,
        1.2397076268217437,
        1.1677970714126662,
        1.2888948754650242
    ],
    [
        1.98600010789814,
        1.6398890545128688,
        1.620185174601965,
        1.4197270864500684,
        1.489546910976623,
        1.7001838135919305,
        1.5612494995995996,
        1.267242193812129,
        1.2747548783981961,
        1.2747548783981961,
        1.4586127040472954,
        1.2374368670764582,
        1.375,
        1.3878940881782011,
        0.0,
        1.3635890143294642,
        1.3863170633011772,
        1.75,
        1.4104882278191218,
        1.352081728298996,
        1.2733922324946771,
        1.352081728298996,
        1.5461646096066226,
        1.4252192813739224,
        1.4684175155588413,
        1.7394323786798955,
        1.5484086813385038,
        2.2569337606584736,
        1.541103500742244,
        1.8413649828320293,
        1.4074454795045446,
        1.4577379737113252,
        1.4142135623730951,
        1.489546910976623,
        1.4142135623730951,
        1.8398369492974098,
        1.3863170633011772,
        1.653594569415369,
        2.060710503146373,
        1.3228756555322954,
        1.6478099944404323,
        1.3635890143294642,
        1.4523687548277813,
        1.7721808598447282,
        1.340475661845451,
        1.6666666666666667,
        1.3679364020304452,
        1.4947825928876748,
        1.3287682265918312,
        1.5461646096066226
    ],
    [
        1.7062684550844645,
        1.498842145717079,
        1.118033988749895,
        1.015504800579495,
        0.9921567416492215,
        1.4842927608797396,
        0.9682458365518543,
        1.0833333333333333,
        1.1858541225631423,
        0.9842509842514764,
        1.2009509412400268,
        1.224744871391589,
        1.3693063937629153,
        1.1629703349613008,
        1.3635890143294642,
        0.0,
        1.14564392373896,
        1.6153559979150107,
        1.1908184031949436,
        1.0307764064044151,
        1.1599509089229212,
        0.9921567416492215,
        1.340475661845451,
        1.118033988749895,
        1.1110243021644486,
        1.4579523311823332,
        1.2040152730666573,
        1.9080421903092184,
        1.0383279828647594,
        1.4361406616345072,
        1.104756131963571,
        0.9921567416492215,
        1.1524430571616109,
        1.1524430571616109,
        0.9519716382329886,
        1.581336460086847,
        1.103970108290981,
        1.340475661845451,
        1.7280367794439768,
        1.0968705484240153,
        1.5931711911920967,
        0.9921567416492215,
        1.1110243021644486,
        1.4086784586980805,
        1.1319231422671772,
        1.4111411851563418,
        0.9740379869389079,
        1.0897247358851685,
        0.9921567416492215,
        1.286953767623375
    ],
    [
        1.77128095583106,
        1.6806703358415587,
        1.479019945774904,
        1.165922381636102,
        1.2624381172952597,
        1.5258194519667128,
        1.352081728298996,
        1.2318121249245402,
        1.2686114456365274,
        1.0680004681646913,
        1.3008778433293828,
        1.375,
        1.541103500742244,
        1.2409673645990857,
        1.3863170633011772,
        1.14564392373896,
        0.0,
        1.58607219255619,
        1.2609216745649807,
        1.125,
        1.3023749673406484,
        1.2562344526401112,
        1.505199322349037,
        1.1858541225631423,
        1.25,
        1.6395502432069595,
        1.4129854131510975,
        2.080414622136655,
        1.375,
        1.571225636247067,
        1.2754356554178305,
        1.2624381172952597,
        1.2930100540985752,
        1.1792476415070754,
        1.2183492931011204,
        1.681888819155416,
        1.159202311936963,
        1.4361406616345072,
        1.8587256685996218,
        1.2624381172952597,
        1.6744609414508433,
        1.2183492931011204,
        1.2562344526401112,
        1.3635890143294642,
        1.2374368670764582,
        1.5534459901922708,
        1.1437329233697875,
        1.1726039399558574,
        1.1524430571616109,
        1.489546910976623
    ],
    [
        3.216814481465051,
        1.6260680250906547,
        1.9803724397193574,
        2.053959590644373,
        1.3975424859373686,
        1.4577379737113252,
        1.8874586088176875,
        1.8657177647698426,
        1.5811388300841898,
        1.875,
        1.3872368292429966,
        1.571225636247067,
        1.71846588560844,
        1.8232868671714826,
        1.75,
        1.6153559979150107,
        1.58607219255619,
        0.0,
        1.5286381827880497,
        1.713913650100261,
        1.76235716521305,
        1.920286436967152,
        1.224744871391589,
        2.0155644370746373,
        2.011684617428885,
        1.3672508913875316,
        2.114352409394212,
        1.6441183047457382,
        1.9324531042175384,
        1.4142135623730951,
        1.726529112925055,
        1.80710403685012,
        1.956559480312316,
        1.5360257159305635,
        1.8582585934148133,
        1.3842868199907128,
        1.590990257669732,
        1.3975424859373686,
        1.4511728972723332,
        1.6298006013006623,
        1.47784565424735,
        1.7275343701356567,
        1.4684175155588413,
        1.5155444566227676,
        1.7809758560968758,
        1.267242193812129,
        1.708252030585651,
        1.4252192813739224,
        1.5360257159305635,
        1.9445436482630056
    ],
    [
        2.026057924711363,
        1.5329201232642196,
        1.31125426790613,
        1.4183788173078993,
        1.1103065397649867,
        1.5273860557387926,
        1.4183788173078993,
        1.2249039714316485,
        1.2331776193299675,
        1.4073196045631409,
        1.268988428888562,
        1.207570718764051,
        1.2618064876378223,
        1.3189938961038385,
        1.4104882278191218,
        1.1908184031949436,
        1.2609216745649807,
        1.5286381827880497,
        0.0,
        1.1992238135986297,
        1.205617990587825,
        1.3679084287289685,
        1.191621472907348,
        1.5946938481689064,
        1.461779213625558,
        1.3565741289538653,
        1.4328185873684045,
        1.8430959147641797,
        1.4830031926424687,
        1.3976565663821068,
        1.274907737535946,
        1.2854662459153703,
        1.428794625421251,
        1.254329237773996,
        1.2671023910433423,
        1.4092623631401164,
        1.2103402287736102,
        1.4174792587475809,
        1.5938382272942824,
        1.2978101650433302,
        1.274476905722483,
        1.3886153358725404,
        1.186391802990935,
        1.3743040910562252,
        1.5347796159018254,
        1.3551180593027774,
        1.144986854928555,
        1.1721959594483078,
        1.3273275667248665,
        1.3597249872001054
    ],
    [
        1.256868882483412,
        1.5229722402080887,
        0.9842509842514764,
        0.8838834764831844,
        1.103970108290981,
        1.5512092057488571,
        0.8838834764831844,
        0.8143675119038359,
        0.9762812094883317,
        0.9921567416492215,
        1.2166468640639874,
        1.0458250331675945,
        1.2374368670764582,
        1.0470195795685961,
        1.352081728298996,
        1.0307764064044151,
        1.125,
        1.713913650100261,
        1.1992238135986297,
        0.0,
        0.9223309842157773,
        0.9270248108869579,
        1.4306903927824497,
        0.9519716382329886,
        0.9842509842514764,
        1.6669583078169652,
        0.9483172230617535,
        2.2707377655731187,
        0.9842509842514764,
        1.5612494995995996,
        0.9798313346920706,
        0.960143218483576,
        0.8660254037844386,
        1.159202311936963,
        0.8660254037844386,
        1.861786776191087,
        1.118033988749895,
        1.5512092057488571,
        1.9583333333333335,
        1.159202311936963,
        1.5263882570011835,
        0.9682458365518543,
        1.2374368670764582,
        1.4577379737113252,
        0.9354143466934853,
        1.3584866989084254,
        0.8306623862918076,
        1.159202311936963,
        1.0752906583803283,
        1.0383279828647594
    ],
    [
        1.3665997785191264,
        1.506928443335427,
        1.0265570828962431,
        1.0086432030758503,
        1.1843892002959913,
        1.6061946056163652,
        0.9771699499632145,
        0.8569568250501305,
        0.9664511253952668,
        1.0316182002616623,
        1.306964490389208,
        0.9939050368230469,
        1.1380416903123052,
        1.0045383129688097,
        1.2733922324946771,
        1.1599509089229212,
        1.3023749673406484,
        1.76235716521305,
        1.205617990587825,
        0.9223309842157773,
        0.0,
        0.952883052169106,
        1.4433756729740643,
        0.9930312739844155,
        1.024017143953709,
        1.6467349850874946,
        1.0043308994328293,
        2.218921159282391,
        0.9771699499632145,
        1.5263882570011835,
        0.9138213416442212,
        0.9691419458010839,
        0.9691419458010839,
        1.2126360175712707,
        0.8936504412303007,
        1.7702008674472824,
        1.1666666666666667,
        1.4690085469836829,
        1.8957188610128877,
        1.203294089849471,
        1.5292291086252137,
        1.1531960419248373,
        1.3274610268394993,
        1.6493896177407905,
        0.9363418772601764,
        1.3469358229370512,
        0.9448691855372244,
        1.1931517552730295,
        1.0905210273585335,
        1.006058038970803
    ],
    [
        1.1367021759171108,
        1.5478479684172257,
        0.9354143466934853,
        0.8003905296791061,
        1.1858541225631423,
        1.6583123951777,
        0.82915619758885,
        0.8579691784155834,
        1.0680004681646913,
        0.9842509842514764,
        1.336425517290547,
        1.2183492931011204,
        1.3050383136138188,
        1.107925990308017,
        1.352081728298996,
        0.9921567416492215,
        1.2562344526401112,
        1.920286436967152,
        1.3679084287289685,
        0.9270248108869579,
        0.952883052169106,
        0.0,
        1.7230060940112777,
        0.8100925873009825,
        0.8003905296791061,
        1.7412280149365849,
        0.813300887330964,
        2.2810359488618324,
        0.770551750371122,
        1.590990257669732,
        0.952883052169106,
        0.960143218483576,
        0.770551750371122,
        1.2119199643540823,
        0.625,
        1.9805302320338358,
        1.159202311936963,
        1.6105123408406408,
        2.0198666072568034,
        1.192424001771182,
        1.9139473463093086,
        1.0968705484240153,
        1.4630874888399532,
        1.595893166850463,
        0.81967981553775,
        1.5584670174387536,
        0.9483538369195329,
        1.2119199643540823,
        1.0752906583803283,
        1.125
    ],
    [
        2.509929261544871,
        1.5467259327725489,
        1.6153559979150107,
        1.7809758560968758,
        1.159202311936963,
        1.4469796128487782,
        1.6105123408406408,
        1.5172617880027603,
        1.3110110602126894,
        1.6817030058842137,
        1.306015321659039,
        1.286953767623375,
        1.5155444566227676,
        1.5348045478170826,
        1.5461646096066226,
        1.340475661845451,
        1.505199322349037,
        1.224744871391589,
        1.191621472907348,
        1.4306903927824497,
        1.4433756729740643,
        1.7230060940112777,
        0.0,
        1.8498310733685928,
        1.79843682124227,
        1.2369316876852983,
        1.7814631938693293,
        1.5811388300841898,
        1.71846588560844,
        1.3050383136138188,
        1.4427741410983987,
        1.5258194519667128,
        1.704772712123232,
        1.3635890143294642,
        1.5612494995995996,
        1.1702029738468451,
        1.3287682265918312,
        1.3919410907075054,
        1.3962996733430033,
        1.3635890143294642,
        1.116480083914522,
        1.590990257669732,
        1.1388041973930374,
        1.4361406616345072,
        1.6909686573085854,
        1.0374916331657276,
        1.475211849193193,
        1.2562344526401112,
        1.3919410907075054,
        1.489546910976623
    ],
    [
        1.0406287345952476,
        1.7760951238289262,
        0.9921567416492215,
        0.6846531968814576,
        1.2374368670764582,
        1.7001838135919305,
        0.875,
        0.8111634305804911,
        1.0825317547305484,
        1.0231690964840563,
        1.5577734633974563,
        1.4086784586980805,
        1.340475661845451,
        1.1895377253370318,
        1.4252192813739224,
        1.118033988749895,
        1.1858541225631423,
        2.0155644370746373,
        1.5946938481689064,
        0.9519716382329886,
        0.9930312739844155,
        0.8100925873009825,
        1.8498310733685928,
        0.0,
        0.6959705453537527,
        1.845772196128222,
        0.8539125638299666,
        2.3651109910530628,
        0.770551750371122,
        1.6393596310755,
        0.9023503261544882,
        1.0458250331675945,
        0.8477912478906585,
        1.2624381172952597,
        0.75,
        2.011839953873071,
        1.357847561400027,
        1.7633419974582356,
        2.165464410031047,
        1.3635890143294642,
        2.0783273188899876,
        1.0532687216470449,
        1.6393596310755,
        1.6298006013006623,
        0.7603453162872774,
        1.6651034335573405,
        0.9965565713997374,
        1.340475661845451,
        1.1858541225631423,
        1.103970108290981
    ],
    [
        1.0703863979032648,
        1.8018123592033044,
        0.9100137361600648,
        0.6959705453537527,
        1.286953767623375,
        1.7320508075688772,
        0.81967981553775,
        0.7916666666666667,
        1.103970108290981,
        1.0752906583803283,
        1.4859031473367657,
        1.334634781503914,
        1.352081728298996,
        1.1696687565289585,
        1.4684175155588413,
        1.1110243021644486,
        1.25,
        2.011684617428885,
        1.461779213625558,
        0.9842509842514764,
        1.024017143953709,
        0.8003905296791061,
        1.79843682124227,
        0.6959705453537527,
        0.0,
        1.8751666592599177,
        0.7783975705112252,
        2.3551804601770967,
        0.739509972887452,
        1.6817030058842137,
        0.8848650242331376,
        1.0077822185373186,
        0.81967981553775,
        1.3110110602126894,
        0.7603453162872774,
        2.117781858454737,
        1.3050383136138188,
        1.8285923547909742,
        2.1106541903189897,
        1.3693063937629153,
        2.1118876495790313,
        1.125,
        1.6441183047457382,
        1.7455300054711176,
        0.82915619758885,
        1.6651034335573405,
        0.9565563234854496,
        1.352081728298996,
        1.1524430571616109,
        1.0897247358851685
    ],
    [
        2.944011996010387,
        1.6829001092690492,
        1.7313289693180784,
        1.8542181640788657,
        1.3444329659748753,
        1.6107063667844614,
        1.7277152543170995,
        1.7027143363204267,
        1.5842979517754858,
        1.824486229051894,
        1.4052062453023522,
        1.5544291556709813,
        1.6500000000000001,
        1.6874537030686205,
        1.7394323786798955,
        1.4579523311823332,
        1.6395502432069595,
        1.3672508913875316,
        1.3565741289538653,
        1.6669583078169652,
        1.6467349850874946,
        1.7412280149365849,
        1.2369316876852983,
        1.845772196128222,
        1.8751666592599177,
        0.0,
        1.8583333333333334,
        1.5309310892394863,
        1.7986105748604948,
        1.2579745625409124,
        1.6083333333333334,
        1.681888819155416,
        1.8159019797334877,
        1.5362291495737217,
        1.7501785623187138,
        1.224744871391589,
        1.5260242462031852,
        1.4199471821162926,
        1.3963742732917672,
        1.6155494421403511,
        1.3186430314700202,
        1.6251922963145007,
        1.4188463623662713,
        1.581336460086847,
        1.7899022319668747,
        1.2201718913515605,
        1.6019519343600794,
        1.5022899187573615,
        1.4792312192487014,
        1.7394323786798955
    ],
    [
        0.8417096035387397,
        1.920286436967152,
        0.754615428178118,
        0.7371585838730889,
        1.381298704520898,
        1.9676198255195991,
        0.8436856971381911,
        0.855943274340589,
        1.1851218877773242,
        1.161446655397196,
        1.5944383211936117,
        1.3527235900623273,
        1.3254978100489057,
        1.2336711249131367,
        1.5484086813385038,
        1.2040152730666573,
        1.4129854131510975,
        2.114352409394212,
        1.4328185873684045,
        0.9483172230617535,
        1.0043308994328293,
        0.813300887330964,
        1.7814631938693293,
        0.8539125638299666,
        0.7783975705112252,
        1.8583333333333334,
        0.0,
        2.6332542182208267,
        0.7534642216677135,
        1.7756063127218764,
        0.9455671431591848,
        1.070436048222094,
        0.8975274678557508,
        1.470189897031446,
        0.8457409637576849,
        2.1250653584720114,
        1.4349312798102136,
        1.9507833184532708,
        2.249228262710963,
        1.4819516036482283,
        1.8874586088176875,
        1.2282835810819728,
        1.5331974577478416,
        1.8948028334836788,
        1.0416666666666665,
        1.62553410026093,
        1.024559525953579,
        1.516117116555021,
        1.231107225224513,
        0.9260879487872029
    ],
    [
        3.9891833980995983,
        1.9112241568632857,
        2.4462982238476156,
        2.4937421679075005,
        1.758905909933786,
        1.704772712123232,
        2.1866069605669876,
        2.2779894888061074,
        2.1286732957408003,
        2.2810359488618324,
        1.7646977540829212,
        2.011684617428885,
        2.368411915187052,
        2.224016636628422,
        2.2569337606584736,
        1.9080421903092184,
        2.080414622136655,
        1.6441183047457382,
        1.8430959147641797,
        2.2707377655731187,
        2.218921159282391,
        2.2810359488618324,
        1.5811388300841898,
        2.3651109910530628,
        2.3551804601770967,
        1.5309310892394863,
        2.6332542182208267,
        0.0,
        2.2569337606584736,
        1.571225636247067,
        2.187003912001785,
        2.1102428770167667,
        2.3551804601770967,
        1.8498310733685928,
        2.368411915187052,
        1.6201851746019649,
        1.8791620472966135,
        1.590990257669732,
        1.536590742882148,
        2.019436802675439,
        1.683766445931396,
        2.1286732957408003,
        1.8582585934148133,
        1.71846588560844,
        2.229069312515876,
        1.6656246742755572,
        2.119699271123147,
        1.8413649828320293,
        1.8498310733685928,
        2.2603926650031405
    ],
    [
        0.8597430798007659,
        1.7285390427242948,
        0.6614378277661477,
        0.75,
        1.1388041973930374,
        1.741048534648015,
        0.5863019699779287,
        0.8395600699837452,
        1.165922381636102,
        1.0458250331675945,
        1.4048249582297812,
        1.3110110602126894,
        1.340475661845451,
        1.1763290356018592,
        1.541103500742244,
        1.0383279828647594,
        1.375,
        1.9324531042175384,
        1.4830031926424687,
        0.9842509842514764,
        0.9771699499632145,
        0.770551750371122,
        1.71846588560844,
        0.770551750371122,
        0.739509972887452,
        1.7986105748604948,
        0.7534642216677135,
        2.2569337606584736,
        0.0,
        1.5309310892394863,
        0.8936504412303007,
        0.8385254915624212,
        0.81967981553775,
        1.2374368670764582,
        0.6123724356957945,
        2.011839953873071,
        1.25,
        1.590990257669732,
        2.0314369572081508,
        1.3287682265918312,
        2.0707956066315294,
        1.1110243021644486,
        1.541103500742244,
        1.6630168369562588,
        0.8477912478906585,
        1.486630231242606,
        0.9965565713997374,
        1.2930100540985752,
        1.0968705484240153,
        0.9270248108869579
    ],
    [
        2.718159829212193,
        1.6478099944404323,
        1.653594569415369,
        1.6909686573085854,
        1.1792476415070754,
        1.3110110602126894,
        1.505199322349037,
        1.555121467210127,
        1.625,
        1.7320508075688772,
        1.410375185284152,
