[
    [
        0.0,
        0.10126157341262282,
        0.19640320453088336,
        0.078125,
        0.109375,
        0.09882117688026186,
        0.07654655446197431,
        0.0855816496101822,
        0.08267972847076846,
        0.13975424859373686,
        0.08118988160479113,
        0.06051536478449089,
        0.15309310892394862,
        0.08267972847076846,
        0.071602745233685,
        0.07493486755176124,
        0.10126157341262282,
        0.12401959270615269,
        0.10711960313126631,
        0.07967217989988726,
        0.0897587913521567,
        0.07438987946398799,
        0.07328774624724109,
        0.11587810136086973,
        0.078125,
        0.140625,
        0.10481568644530265,
        0.10597390598633231,
        0.09631896879639025,
        0.11267347735824966,
        0.09110862335695782,
        0.08699631816921909,
        0.08267972847076846,
        0.10126157341262282,
        0.10126157341262282,
        0.08267972847076846,
        0.10004881620988826,
        0.0897587913521567,
        0.10597390598633231,
        0.1288470508005519,
        0.10126157341262282,
        0.07328774624724109,
        0.10004881620988826,
        0.08414320011147662,
        0.06629126073623882,
        0.08699631816921909,
        0.13975424859373686,
        0.06987712429686843,
        0.3236299246438747
    ],
    [
        0.10126157341262282,
        0.0,
        0.2642427269576213,
        0.09504316453590968,
        0.046875,
        0.02209708691207961,
        0.0924387466109315,
        0.08267972847076846,
        0.0924387466109315,
        0.04941058844013093,
        0.06051536478449089,
        0.0625,
        0.19327057620082783,
        0.11692679333668567,
        0.07967217989988726,
        0.04419417382415922,
        0.11587810136086973,
        0.09631896879639025,
        0.04133986423538423,
        0.0897587913521567,
        0.07654655446197431,
        0.04166666666666667,
        0.06629126073623882,
        0.11899645477912357,
        0.078125,
        0.1288470508005519,
        0.04133986423538423,
        0.06810779599282303,
        0.038273277230987154,
        0.038273277230987154,
        0.038273277230987154,
        0.06051536478449089,
        0.109375,
        0.10126157341262282,
        0.07654655446197431,
        0.08267972847076846,
        0.04941058844013093,
        0.04941058844013093,
        0.06442352540027595,
        0.14905300022139775,
        0.05412658773652741,
        0.04941058844013093,
        0.05412658773652741,
        0.10245997694221876,
        0.071602745233685,
        0.05412658773652741,
        0.05412658773652741,
        0.09504316453590968,
        0.2692763740564701
    ],
    [
        0.19640320453088336,
        0.2642427269576213,
        0.0,
        0.16312978920172735,
        0.2893790496476896,
        0.26972932033800107,
        0.14740595518838442,
        0.17746588580625855,
        0.17746588580625855,
        0.30935921676911454,
        0.21650635094610965,
        0.23280725665236468,
        0.18221724671391565,
        0.21079277442550065,
        0.14986973510352247,
        0.2538762001448738,
        0.19136638615493579,
        0.20191949973937634,
        0.25242960033442985,
        0.1616262567623219,
        0.1753901900050285,
        0.21788021524324883,
        0.1767766952966369,
        0.15068204314051492,
        0.19948664585630788,
        0.213096589015404,
        0.28641098093474,
        0.18553659510996745,
        0.28555729503901667,
        0.28384222069663984,
        0.20009763241977652,
        0.2170694373351532,
        0.16237976320958225,
        0.13621559198564606,
        0.2125229766989913,
        0.11587810136086973,
        0.26836818808308854,
        0.27421763710600383,
        0.258639771206982,
        0.19764235376052372,
        0.23696485762661096,
        0.22316963839196408,
        0.23696485762661096,
        0.1335000585205864,
        0.19764235376052372,
        0.20372507516258279,
        0.31638213642682167,
        0.19452968121857395,
        0.20669932117692114
    ],
    [
        0.078125,
        0.09504316453590968,
        0.16312978920172735,
        0.0,
        0.09757809372497497,
        0.09504316453590968,
        0.06810779599282303,
        0.07493486755176124,
        0.07493486755176124,
        0.1335000585205864,
        0.0855816496101822,
        0.06810779599282303,
        0.14149039278339715,
        0.0924387466109315,
        0.06442352540027595,
        0.07967217989988726,
        0.09757809372497497,
        0.08414320011147662,
        0.09375,
        0.05846339666834283,
        0.07654655446197431,
        0.07007095857850888,
        0.06442352540027595,
        0.06987712429686843,
        0.078125,
        0.09110862335695782,
        0.10364452469860624,
        0.0855816496101822,
        0.10245997694221876,
        0.09631896879639025,
        0.07328774624724109,
        0.07654655446197431,
        0.078125,
        0.0625,
        0.07328774624724109,
        0.06810779599282303,
        0.0897587913521567,
        0.071602745233685,
        0.08838834764831845,
        0.11158481919598204,
        0.09757809372497497,
        0.07328774624724109,
        0.0855816496101822,
        0.06051536478449089,
        0.05633673867912483,
        0.07967217989988726,
        0.1335000585205864,
        0.08699631816921909,
        0.24705294220065463
    ],
    [
        0.109375,
        0.046875,
        0.2893790496476896,
        0.09757809372497497,
        0.0,
        0.034938562148434216,
        0.10004881620988826,
        0.06051536478449089,
        0.07328774624724109,
        0.0625,
        0.05182226234930312,
        0.05633673867912483,
        0.1767766952966369,
        0.08699631816921909,
        0.09882117688026186,
        0.04133986423538423,
        0.09375,
        0.0924387466109315,
        0.034938562148434216,
        0.07654655446197431,
        0.05846339666834283,
        0.04570293951766734,
        0.07328774624724109,
        0.11048543456039805,
        0.06810779599282303,
        0.1316585902058806,
        0.027063293868263706,
        0.04941058844013093,
        0.034938562148434216,
        0.027063293868263706,
        0.04419417382415922,
        0.046875,
        0.0924387466109315,
        0.11158481919598204,
        0.06629126073623882,
        0.10364452469860624,
        0.034938562148434216,
        0.046875,
        0.038273277230987154,
        0.1316585902058806,
        0.04419417382415922,
        0.0625,
        0.04133986423538423,
        0.1137517170200081,
        0.078125,
        0.04419417382415922,
        0.0625,
        0.08838834764831845,
        0.3458741190809165
    ],
    [
        0.09882117688026186,
        0.02209708691207961,
        0.26972932033800107,
        0.09504316453590968,
        0.034938562148434216,
        0.0,
        0.09110862335695782,
        0.0855816496101822,
        0.09375,
        0.027063293868263706,
        0.05633673867912483,
        0.06051536478449089,
        0.1926379375927805,
        0.11587810136086973,
        0.078125,
        0.038273277230987154,
        0.11481983169296148,
        0.09375,
        0.038273277230987154,
        0.08838834764831845,
        0.07654655446197431,
        0.03862603378695658,
        0.06442352540027595,
        0.11796616305110547,
        0.07654655446197431,
        0.12789613706050704,
        0.038273277230987154,
        0.06629126073623882,
        0.02209708691207961,
        0.027063293868263706,
        0.034938562148434216,
        0.05846339666834283,
        0.10711960313126631,
        0.10364452469860624,
        0.07493486755176124,
        0.0855816496101822,
        0.027063293868263706,
        0.04133986423538423,
        0.06051536478449089,
        0.14657549249448218,
        0.04941058844013093,
        0.046875,
        0.05182226234930312,
        0.10126157341262282,
        0.06987712429686843,
        0.05182226234930312,
        0.027063293868263706,
        0.0924387466109315,
        0.28427195935406646
    ],
    [
        0.07654655446197431,
        0.0924387466109315,
        0.14740595518838442,
        0.06810779599282303,
        0.10004881620988826,
        0.09110862335695782,
        0.0,
        0.05846339666834283,
        0.0625,
        0.12303137303143455,
        0.07654655446197431,
        0.06442352540027595,
        0.12303137303143455,
        0.07654655446197431,
        0.05633673867912483,
        0.07493486755176124,
        0.07493486755176124,
        0.10597390598633231,
        0.08414320011147662,
        0.06987712429686843,
        0.04941058844013093,
        0.06336210969060645,
        0.06051536478449089,
        0.10126157341262282,
        0.04941058844013093,
        0.1269381000724369,
        0.0924387466109315,
        0.08118988160479113,
        0.09375,
        0.10825317547305482,
        0.06051536478449089,
        0.06810779599282303,
        0.06629126073623882,
        0.08699631816921909,
        0.0625,
        0.08267972847076846,
        0.07654655446197431,
        0.08118988160479113,
        0.08699631816921909,
        0.109375,
        0.078125,
        0.0625,
        0.078125,
        0.07654655446197431,
        0.05182226234930312,
        0.06051536478449089,
        0.12303137303143455,
        0.05633673867912483,
        0.2795084971874737
    ],
    [
        0.0855816496101822,
        0.08267972847076846,
        0.17746588580625855,
        0.07493486755176124,
        0.06051536478449089,
        0.0855816496101822,
        0.05846339666834283,
        0.0,
        0.04133986423538423,
        0.12789613706050704,
        0.0625,
        0.04419417382415922,
        0.14574029770451274,
        0.0625,
        0.05182226234930312,
        0.05846339666834283,
        0.06987712429686843,
        0.09757809372497497,
        0.05412658773652741,
        0.04941058844013093,
        0.038273277230987154,
        0.04166666666666667,
        0.06987712429686843,
        0.09110862335695782,
        0.06051536478449089,
        0.12103072956898178,
        0.06051536478449089,
        0.06051536478449089,
        0.09110862335695782,
        0.06051536478449089,
        0.038273277230987154,
        0.04133986423538423,
        0.071602745233685,
        0.07654655446197431,
        0.0625,
        0.0897587913521567,
        0.06629126073623882,
        0.05182226234930312,
        0.046875,
        0.10364452469860624,
        0.05412658773652741,
        0.04941058844013093,
        0.04941058844013093,
        0.0855816496101822,
        0.06051536478449089,
        0.034938562148434216,
        0.1288470508005519,
        0.078125,
        0.2799448885495143
    ],
    [
        0.08267972847076846,
        0.0924387466109315,
        0.17746588580625855,
        0.07493486755176124,
        0.07328774624724109,
        0.09375,
        0.0625,
        0.04133986423538423,
        0.0,
        0.1335000585205864,
        0.05412658773652741,
        0.04419417382415922,
        0.13799626353637262,
        0.06987712429686843,
        0.06987712429686843,
        0.06629126073623882,
        0.06987712429686843,
        0.10711960313126631,
        0.071602745233685,
        0.05846339666834283,
        0.046875,
        0.04968433340713259,
        0.071602745233685,
        0.10245997694221876,
        0.071602745233685,
        0.13799626353637262,
        0.07328774624724109,
        0.06051536478449089,
        0.09375,
        0.07654655446197431,
        0.04941058844013093,
        0.04941058844013093,
        0.06051536478449089,
        0.08118988160479113,
        0.06810779599282303,
        0.10004881620988826,
        0.06810779599282303,
        0.0625,
        0.05846339666834283,
        0.09631896879639025,
        0.06442352540027595,
        0.05633673867912483,
        0.05633673867912483,
        0.09882117688026186,
        0.071602745233685,
        0.046875,
        0.1335000585205864,
        0.078125,
        0.2939826206597934
    ],
    [
        0.13975424859373686,
        0.04941058844013093,
        0.30935921676911454,
        0.1335000585205864,
        0.0625,
        0.027063293868263706,
        0.12303137303143455,
        0.12789613706050704,
        0.1335000585205864,
        0.0,
        0.07654655446197431,
        0.09757809372497497,
        0.22207297505549836,
        0.16461958988832404,
        0.11267347735824966,
        0.06442352540027595,
        0.15229366163764005,
        0.12103072956898178,
        0.06810779599282303,
        0.125,
        0.11048543456039805,
        0.07457198470456436,
        0.09375,
        0.15546678704790937,
        0.10481568644530265,
        0.1608692209529219,
        0.04941058844013093,
        0.08699631816921909,
        0.027063293868263706,
        0.038273277230987154,
        0.0625,
        0.0924387466109315,
        0.13621559198564606,
        0.13975424859373686,
        0.10597390598633231,
        0.11481983169296148,
        0.038273277230987154,
        0.06810779599282303,
        0.10481568644530265,
        0.17258376589355096,
        0.06987712429686843,
        0.07967217989988726,
        0.09504316453590968,
        0.14320549046737,
        0.10364452469860624,
        0.08267972847076846,
        0.0,
        0.11481983169296148,
        0.3538984891533164
    ],
    [
        0.08118988160479113,
        0.06051536478449089,
        0.21650635094610965,
        0.0855816496101822,
        0.05182226234930312,
        0.05633673867912483,
        0.07654655446197431,
        0.0625,
        0.05412658773652741,
        0.07654655446197431,
        0.0,
        0.04133986423538423,
        0.14320549046737,
        0.078125,
        0.08414320011147662,
        0.05412658773652741,
        0.08118988160479113,
        0.09375,
        0.06629126073623882,
        0.05412658773652741,
        0.05633673867912483,
        0.03532463532877744,
        0.07328774624724109,
        0.10245997694221876,
        0.05182226234930312,
        0.13799626353637262,
        0.046875,
        0.06629126073623882,
        0.04941058844013093,
        0.06442352540027595,
        0.04941058844013093,
        0.038273277230987154,
        0.05846339666834283,
        0.11899645477912357,
        0.07654655446197431,
        0.09757809372497497,
        0.04133986423538423,
        0.04419417382415922,
        0.06629126073623882,
        0.11899645477912357,
        0.038273277230987154,
        0.04419417382415922,
        0.06051536478449089,
        0.11158481919598204,
        0.06442352540027595,
        0.038273277230987154,
        0.07654655446197431,
        0.05846339666834283,
        0.32700702400713044
    ],
    [
        0.06051536478449089,
        0.0625,
        0.23280725665236468,
        0.06810779599282303,
        0.05633673867912483,
        0.06051536478449089,
        0.06442352540027595,
        0.04419417382415922,
        0.04419417382415922,
        0.09757809372497497,
        0.04133986423538423,
        0.0,
        0.15467960838455727,
        0.071602745233685,
        0.06442352540027595,
        0.04419417382415922,
        0.07328774624724109,
        0.10245997694221876,
        0.05846339666834283,
        0.05412658773652741,
        0.05412658773652741,
        0.029462782549439473,
        0.05412658773652741,
        0.10481568644530265,
        0.04941058844013093,
        0.1335000585205864,
        0.05412658773652741,
        0.06629126073623882,
        0.06051536478449089,
        0.06442352540027595,
        0.038273277230987154,
        0.03125,
        0.07328774624724109,
        0.08699631816921909,
        0.07493486755176124,
        0.07493486755176124,
        0.0625,
        0.04941058844013093,
        0.05846339666834283,
        0.11899645477912357,
        0.05633673867912483,
        0.038273277230987154,
        0.05633673867912483,
        0.08414320011147662,
        0.04941058844013093,
        0.038273277230987154,
        0.09757809372497497,
        0.05633673867912483,
        0.2976962325509008
    ],
    [
        0.15309310892394862,
        0.19327057620082783,
        0.18221724671391565,
        0.14149039278339715,
        0.1767766952966369,
        0.1926379375927805,
        0.12303137303143455,
        0.14574029770451274,
        0.13799626353637262,
        0.22207297505549836,
        0.14320549046737,
        0.15467960838455727,
        0.0,
        0.140625,
        0.13441133229754104,
        0.171875,
        0.13531646934131855,
        0.15309310892394862,
        0.171875,
        0.14149039278339715,
        0.1269381000724369,
        0.15581536772553742,
        0.15625,
        0.140625,
        0.14320549046737,
        0.18288593610499415,
        0.1781524101717403,
        0.13710881855300192,
        0.1926379375927805,
        0.1767766952966369,
        0.15934435979977452,
        0.15625,
        0.12401959270615269,
        0.15388840315306412,
        0.14905300022139775,
        0.1608692209529219,
        0.1767766952966369,
        0.15934435979977452,
        0.16682934768798924,
        0.09882117688026186,
        0.1570293065800139,
        0.16237976320958225,
        0.16387638252658618,
        0.15467960838455727,
        0.15546678704790937,
        0.15546678704790937,
        0.22207297505549836,
        0.13531646934131855,
        0.3021731188408393
    ],
    [
        0.08267972847076846,
        0.11692679333668567,
        0.21079277442550065,
        0.0924387466109315,
        0.08699631816921909,
        0.11587810136086973,
        0.07654655446197431,
        0.0625,
        0.06987712429686843,
        0.16461958988832404,
        0.078125,
        0.071602745233685,
        0.140625,
        0.0,
        0.09631896879639025,
        0.08267972847076846,
        0.05182226234930312,
        0.12203515118604147,
        0.09110862335695782,
        0.07654655446197431,
        0.07328774624724109,
        0.07672354095133456,
        0.09757809372497497,
        0.12597277731716483,
        0.071602745233685,
        0.14740595518838442,
        0.08699631816921909,
        0.08699631816921909,
        0.1137517170200081,
        0.0924387466109315,
        0.078125,
        0.07493486755176124,
        0.0855816496101822,
        0.11899645477912357,
        0.08699631816921909,
        0.11692679333668567,
        0.08699631816921909,
        0.08267972847076846,
        0.07654655446197431,
        0.10481568644530265,
        0.071602745233685,
        0.0855816496101822,
        0.08267972847076846,
        0.12203515118604147,
        0.08267972847076846,
        0.06987712429686843,
        0.16461958988832404,
        0.07654655446197431,
        0.3332926407453366
    ],
    [
        0.071602745233685,
        0.07967217989988726,
        0.14986973510352247,
        0.06442352540027595,
        0.09882117688026186,
        0.078125,
        0.05633673867912483,
        0.05182226234930312,
        0.06987712429686843,
        0.11267347735824966,
        0.08414320011147662,
        0.06442352540027595,
        0.13441133229754104,
        0.09631896879639025,
        0.0,
        0.06051536478449089,
        0.09757809372497497,
        0.10711960313126631,
        0.08838834764831845,
        0.078125,
        0.06810779599282303,
        0.06206445462402595,
        0.04419417382415922,
        0.10711960313126631,
        0.08414320011147662,
        0.12303137303143455,
        0.09882117688026186,
        0.09375,
        0.078125,
        0.10364452469860624,
        0.05182226234930312,
        0.06987712429686843,
        0.08838834764831845,
        0.08414320011147662,
        0.07654655446197431,
        0.05633673867912483,
        0.06987712429686843,
        0.07967217989988726,
        0.10597390598633231,
        0.1288470508005519,
        0.078125,
        0.05846339666834283,
        0.08414320011147662,
        0.05412658773652741,
        0.05182226234930312,
        0.06051536478449089,
        0.11267347735824966,
        0.08118988160479113,
        0.2790714234295586
    ],
    [
        0.07493486755176124,
        0.04419417382415922,
        0.2538762001448738,
        0.07967217989988726,
        0.04133986423538423,
        0.038273277230987154,
        0.07493486755176124,
        0.05846339666834283,
        0.06629126073623882,
        0.06442352540027595,
        0.05412658773652741,
        0.04419417382415922,
        0.171875,
        0.08267972847076846,
        0.06051536478449089,
        0.0,
        0.09375,
        0.10825317547305482,
        0.05412658773652741,
        0.071602745233685,
        0.06987712429686843,
        0.045405197328548676,
        0.04133986423538423,
        0.10364452469860624,
        0.06442352540027595,
        0.1335000585205864,
        0.04133986423538423,
        0.06810779599282303,
        0.03125,
        0.05182226234930312,
        0.04133986423538423,
        0.04941058844013093,
        0.0897587913521567,
        0.08838834764831845,
        0.07493486755176124,
        0.07328774624724109,
        0.04419417382415922,
        0.046875,
        0.06051536478449089,
        0.1335000585205864,
        0.046875,
        0.04133986423538423,
        0.05633673867912483,
        0.08118988160479113,
        0.05412658773652741,
        0.04133986423538423,
        0.06442352540027595,
        0.07493486755176124,
        0.33034960174790584
    ],
    [
        0.10126157341262282,
        0.11587810136086973,
        0.19136638615493579,
        0.09757809372497497,
        0.09375,
        0.11481983169296148,
        0.07493486755176124,
        0.06987712429686843,
        0.06987712429686843,
        0.15229366163764005,
        0.08118988160479113,
        0.07328774624724109,
        0.13531646934131855,
        0.05182226234930312,
        0.09757809372497497,
        0.09375,
        0.0,
        0.12203515118604147,
        0.09375,
        0.06442352540027595,
        0.06810779599282303,
        0.07475364632503816,
        0.10597390598633231,
        0.125,
        0.07493486755176124,
        0.15068204314051492,
        0.09375,
        0.0855816496101822,
        0.11267347735824966,
        0.09504316453590968,
        0.0855816496101822,
        0.078125,
        0.06810779599282303,
        0.11692679333668567,
        0.08118988160479113,
        0.12979099785809492,
        0.09504316453590968,
        0.08267972847076846,
        0.07967217989988726,
        0.09631896879639025,
        0.08414320011147662,
        0.08699631816921909,
        0.071602745233685,
        0.12789613706050704,
        0.0897587913521567,
        0.06987712429686843,
        0.15229366163764005,
        0.07328774624724109,
        0.3240068961457456
    ],
    [
        0.12401959270615269,
        0.09631896879639025,
        0.20191949973937634,
        0.08414320011147662,
        0.0924387466109315,
        0.09375,
        0.10597390598633231,
        0.09757809372497497,
        0.10711960313126631,
        0.12103072956898178,
        0.09375,
        0.10245997694221876,
        0.15309310892394862,
        0.12203515118604147,
        0.10711960313126631,
        0.10825317547305482,
        0.12203515118604147,
        0.0,
        0.08699631816921909,
        0.07654655446197431,
        0.09375,
        0.08430423987624296,
        0.11796616305110547,
        0.0855816496101822,
        0.0924387466109315,
        0.06442352540027595,
        0.10597390598633231,
        0.08267972847076846,
        0.10597390598633231,
        0.0855816496101822,
        0.0897587913521567,
        0.08699631816921909,
        0.09631896879639025,
        0.10126157341262282,
        0.07654655446197431,
        0.12103072956898178,
        0.08838834764831845,
        0.071602745233685,
        0.0855816496101822,
        0.10364452469860624,
        0.10126157341262282,
        0.10364452469860624,
        0.08118988160479113,
        0.120017902310447,
        0.09882117688026186,
        0.10004881620988826,
        0.12103072956898178,
        0.1137517170200081,
        0.28555729503901667
    ],
    [
        0.10711960313126631,
        0.04133986423538423,
        0.25242960033442985,
        0.09375,
        0.034938562148434216,
        0.038273277230987154,
        0.08414320011147662,
        0.05412658773652741,
        0.071602745233685,
        0.06810779599282303,
        0.06629126073623882,
        0.05846339666834283,
        0.171875,
        0.09110862335695782,
        0.08838834764831845,
        0.05412658773652741,
        0.09375,
        0.08699631816921909,
        0.0,
        0.06810779599282303,
        0.05846339666834283,
        0.05129613438435473,
        0.08267972847076846,
        0.10364452469860624,
        0.0625,
        0.1137517170200081,
        0.04133986423538423,
        0.05633673867912483,
        0.046875,
        0.027063293868263706,
        0.03125,
        0.038273277230987154,
        0.09375,
        0.10711960313126631,
        0.05633673867912483,
        0.10245997694221876,
        0.02209708691207961,
        0.04419417382415922,
        0.027063293868263706,
        0.1335000585205864,
        0.046875,
        0.06442352540027595,
        0.04133986423538423,
        0.1137517170200081,
        0.07967217989988726,
        0.05412658773652741,
        0.06810779599282303,
        0.08414320011147662,
        0.31638213642682167
    ],
    [
        0.07967217989988726,
        0.0897587913521567,
        0.1616262567623219,
        0.05846339666834283,
        0.07654655446197431,
        0.08838834764831845,
        0.06987712429686843,
        0.04941058844013093,
        0.05846339666834283,
        0.125,
        0.05412658773652741,
        0.05412658773652741,
        0.14149039278339715,
        0.07654655446197431,
        0.078125,
        0.071602745233685,
        0.06442352540027595,
        0.07654655446197431,
        0.06810779599282303,
        0.0,
        0.06442352540027595,
        0.048018460715067116,
        0.07967217989988726,
        0.07328774624724109,
        0.06810779599282303,
        0.10825317547305482,
        0.08838834764831845,
        0.06629126073623882,
        0.09110862335695782,
        0.07328774624724109,
        0.06442352540027595,
        0.05633673867912483,
        0.04941058844013093,
        0.06987712429686843,
        0.04941058844013093,
        0.09375,
        0.07328774624724109,
        0.05182226234930312,
        0.06810779599282303,
        0.08838834764831845,
        0.06987712429686843,
        0.05846339666834283,
        0.05846339666834283,
        0.08699631816921909,
        0.06051536478449089,
        0.05182226234930312,
        0.125,
        0.08414320011147662,
        0.2670001170411728
    ],
    [
        0.0897587913521567,
        0.07654655446197431,
        0.1753901900050285,
        0.07654655446197431,
        0.05846339666834283,
        0.07654655446197431,
        0.04941058844013093,
        0.038273277230987154,
        0.046875,
        0.11048543456039805,
        0.05633673867912483,
        0.05412658773652741,
        0.1269381000724369,
        0.07328774624724109,
        0.06810779599282303,
        0.06987712429686843,
        0.06810779599282303,
        0.09375,
        0.05846339666834283,
        0.06442352540027595,
        0.0,
        0.04629267925685204,
        0.0855816496101822,
        0.10825317547305482,
        0.046875,
        0.1307281291459493,
        0.06442352540027595,
        0.04133986423538423,
        0.07967217989988726,
        0.0625,
        0.04941058844013093,
        0.05412658773652741,
        0.05633673867912483,
        0.09631896879639025,
        0.05633673867912483,
        0.10711960313126631,
        0.06987712429686843,
        0.0625,
        0.04419417382415922,
        0.09375,
        0.06442352540027595,
        0.06051536478449089,
        0.05412658773652741,
        0.10597390598633231,
        0.07493486755176124,
        0.05412658773652741,
        0.11048543456039805,
        0.0625,
        0.301768873684812
    ],
    [
        0.07438987946398799,
        0.04166666666666667,
        0.21788021524324883,
        0.07007095857850888,
        0.04570293951766734,
        0.03862603378695658,
        0.06336210969060645,
        0.04166666666666667,
        0.04968433340713259,
        0.07457198470456436,
        0.03532463532877744,
        0.029462782549439473,
        0.15581536772553742,
        0.07672354095133456,
        0.06206445462402595,
        0.045405197328548676,
        0.07475364632503816,
        0.08430423987624296,
        0.05129613438435473,
        0.048018460715067116,
        0.04629267925685204,
        0.0,
        0.06073908223797186,
        0.09771699499632143,
        0.04658474953124564,
        0.12091861214837395,
        0.05076455387921338,
        0.053623073650973976,
        0.044500019506862144,
        0.05585315257689381,
        0.03532463532877744,
        0.022702598664274348,
        0.06710468086836002,
        0.08990977344600035,
        0.06006543018057708,
        0.08085507654302093,
        0.04357604304864979,
        0.03645833333333335,
        0.053623073650973976,
        0.11634535366504518,
        0.05129613438435473,
        0.024429248749080347,
        0.03454817489953544,
        0.08478552393801927,
        0.0488584974981607,
        0.03862603378695658,
        0.07457198470456436,
        0.06484322707285799,
        0.29264159974750303
    ],
    [
        0.07328774624724109,
        0.06629126073623882,
        0.1767766952966369,
        0.06442352540027595,
        0.07328774624724109,
        0.06442352540027595,
        0.06051536478449089,
        0.06987712429686843,
        0.071602745233685,
        0.09375,
        0.07328774624724109,
        0.05412658773652741,
        0.15625,
        0.09757809372497497,
        0.04419417382415922,
        0.04133986423538423,
        0.10597390598633231,
        0.11796616305110547,
        0.08267972847076846,
        0.07967217989988726,
        0.0855816496101822,
        0.06073908223797186,
        0.0,
        0.0897587913521567,
        0.07654655446197431,
        0.13531646934131855,
        0.078125,
        0.08118988160479113,
        0.06051536478449089,
        0.08118988160479113,
        0.0625,
        0.06987712429686843,
        0.08414320011147662,
        0.06442352540027595,
        0.09110862335695782,
        0.046875,
        0.07328774624724109,
        0.06810779599282303,
        0.0855816496101822,
        0.120017902310447,
        0.07967217989988726,
        0.046875,
        0.08267972847076846,
        0.04419417382415922,
        0.038273277230987154,
        0.05633673867912483,
        0.09375,
        0.07328774624724109,
        0.2781952158557009
    ],
    [
        0.11587810136086973,
        0.11899645477912357,
        0.15068204314051492,
        0.06987712429686843,
        0.11048543456039805,
        0.11796616305110547,
        0.10126157341262282,
        0.09110862335695782,
        0.10245997694221876,
        0.15546678704790937,
        0.10245997694221876,
        0.10481568644530265,
        0.140625,
        0.12597277731716483,
        0.10711960313126631,
        0.10364452469860624,
        0.125,
        0.0855816496101822,
        0.10364452469860624,
        0.07328774624724109,
        0.10825317547305482,
        0.09771699499632143,
        0.0897587913521567,
        0.0,
        0.11267347735824966,
        0.0855816496101822,
        0.1335000585205864,
        0.09375,
        0.12401959270615269,
        0.10481568644530265,
        0.11048543456039805,
        0.11587810136086973,
        0.08414320011147662,
        0.071602745233685,
        0.09110862335695782,
        0.10004881620988826,
        0.11796616305110547,
        0.08838834764831845,
        0.09882117688026186,
        0.120017902310447,
        0.109375,
        0.10825317547305482,
        0.10245997694221876,
        0.08118988160479113,
        0.09757809372497497,
        0.09375,
        0.15546678704790937,
        0.1316585902058806,
        0.23017062285400366
    ],
    [
        0.078125,
        0.078125,
        0.19948664585630788,
        0.078125,
        0.06810779599282303,
        0.07654655446197431,
        0.04941058844013093,
        0.06051536478449089,
        0.071602745233685,
        0.10481568644530265,
        0.05182226234930312,
        0.04941058844013093,
        0.14320549046737,
        0.071602745233685,
        0.08414320011147662,
        0.06442352540027595,
        0.07493486755176124,
        0.0924387466109315,
        0.0625,
        0.06810779599282303,
        0.046875,
        0.04658474953124564,
        0.07654655446197431,
        0.11267347735824966,
        0.0,
        0.12597277731716483,
        0.06810779599282303,
        0.05846339666834283,
        0.07493486755176124,
        0.07328774624724109,
        0.05633673867912483,
        0.05412658773652741,
        0.05846339666834283,
        0.10711960313126631,
        0.04133986423538423,
        0.10126157341262282,
        0.0625,
        0.05412658773652741,
        0.06629126073623882,
        0.09504316453590968,
        0.06442352540027595,
        0.05182226234930312,
        0.0625,
        0.109375,
        0.0625,
        0.05182226234930312,
        0.10481568644530265,
        0.03125,
        0.3053878169639385
    ],
    [
        0.140625,
        0.1288470508005519,
        0.213096589015404,
        0.09110862335695782,
        0.1316585902058806,
        0.12789613706050704,
        0.1269381000724369,
        0.12103072956898178,
        0.13799626353637262,
        0.1608692209529219,
        0.13799626353637262,
        0.1335000585205864,
        0.18288593610499415,
        0.14740595518838442,
        0.12303137303143455,
        0.1335000585205864,
        0.15068204314051492,
        0.06442352540027595,
        0.1137517170200081,
        0.10825317547305482,
        0.1307281291459493,
        0.12091861214837395,
        0.13531646934131855,
        0.0855816496101822,
        0.12597277731716483,
        0.0,
        0.14823176532039278,
        0.120017902310447,
        0.140625,
        0.120017902310447,
        0.12303137303143455,
        0.12103072956898178,
        0.1335000585205864,
        0.10126157341262282,
        0.10245997694221876,
        0.1288470508005519,
        0.12979099785809492,
        0.10597390598633231,
        0.11796616305110547,
        0.11048543456039805,
        0.13975424859373686,
        0.13441133229754104,
        0.11267347735824966,
        0.11481983169296148,
        0.12303137303143455,
        0.13531646934131855,
        0.1608692209529219,
        0.14490028899212037,
        0.2460627460628691
    ],
    [
        0.10481568644530265,
        0.04133986423538423,
        0.28641098093474,
        0.10364452469860624,
        0.027063293868263706,
        0.038273277230987154,
        0.0924387466109315,
        0.06051536478449089,
        0.07328774624724109,
        0.04941058844013093,
        0.046875,
        0.05412658773652741,
        0.1781524101717403,
        0.08699631816921909,
        0.09882117688026186,
        0.04133986423538423,
        0.09375,
        0.10597390598633231,
        0.04133986423538423,
        0.08838834764831845,
        0.06442352540027595,
        0.05076455387921338,
        0.078125,
        0.1335000585205864,
        0.06810779599282303,
        0.14823176532039278,
        0.0,
        0.078125,
        0.027063293868263706,
        0.04133986423538423,
        0.038273277230987154,
        0.046875,
        0.09631896879639025,
        0.1335000585205864,
        0.07654655446197431,
        0.10364452469860624,
        0.03125,
        0.046875,
        0.071602745233685,
        0.14490028899212037,
        0.04133986423538423,
        0.05633673867912483,
        0.05846339666834283,
        0.1288470508005519,
        0.08118988160479113,
        0.05182226234930312,
        0.04941058844013093,
        0.08118988160479113,
        0.35561895864815757
    ],
    [
        0.10597390598633231,
        0.06810779599282303,
        0.18553659510996745,
        0.0855816496101822,
        0.04941058844013093,
        0.06629126073623882,
        0.08118988160479113,
        0.06051536478449089,
        0.06051536478449089,
        0.08699631816921909,
        0.06629126073623882,
        0.06629126073623882,
        0.13710881855300192,
        0.08699631816921909,
        0.09375,
        0.06810779599282303,
        0.0855816496101822,
        0.08267972847076846,
        0.05633673867912483,
        0.06629126073623882,
        0.04133986423538423,
        0.053623073650973976,
        0.08118988160479113,
        0.09375,
        0.05846339666834283,
        0.120017902310447,
        0.078125,
        0.0,
        0.071602745233685,
        0.04941058844013093,
        0.05412658773652741,
        0.06051536478449089,
        0.05412658773652741,
        0.08699631816921909,
        0.06629126073623882,
        0.109375,
        0.06810779599282303,
        0.06051536478449089,
        0.04419417382415922,
        0.0924387466109315,
        0.06987712429686843,
        0.06442352540027595,
        0.046875,
        0.109375,
        0.071602745233685,
        0.05633673867912483,
        0.08699631816921909,
        0.08267972847076846,
        0.2803806007019744
    ],
    [
        0.09631896879639025,
        0.038273277230987154,
        0.28555729503901667,
        0.10245997694221876,
        0.034938562148434216,
        0.02209708691207961,
        0.09375,
        0.09110862335695782,
        0.09375,
        0.027063293868263706,
        0.04941058844013093,
        0.06051536478449089,
        0.1926379375927805,
        0.1137517170200081,
        0.078125,
        0.03125,
        0.11267347735824966,
        0.10597390598633231,
        0.046875,
        0.09110862335695782,
        0.07967217989988726,
        0.044500019506862144,
        0.06051536478449089,
        0.12401959270615269,
        0.07493486755176124,
        0.140625,
        0.027063293868263706,
        0.071602745233685,
        0.0,
        0.038273277230987154,
        0.04133986423538423,
        0.05846339666834283,
        0.109375,
        0.11267347735824966,
        0.07967217989988726,
        0.09110862335695782,
        0.027063293868263706,
        0.046875,
        0.06810779599282303,
        0.14986973510352247,
        0.04419417382415922,
        0.046875,
        0.05846339666834283,
        0.10597390598633231,
        0.06987712429686843,
        0.05182226234930312,
        0.027063293868263706,
        0.08699631816921909,
        0.3266335150057324
    ],
    [
        0.11267347735824966,
        0.038273277230987154,
        0.28384222069663984,
        0.09631896879639025,
        0.027063293868263706,
        0.027063293868263706,
        0.10825317547305482,
        0.06051536478449089,
        0.07654655446197431,
        0.038273277230987154,
        0.06442352540027595,
        0.06442352540027595,
        0.1767766952966369,
        0.0924387466109315,
        0.10364452469860624,
        0.05182226234930312,
        0.09504316453590968,
        0.0855816496101822,
        0.027063293868263706,
        0.07328774624724109,
        0.0625,
        0.05585315257689381,
        0.08118988160479113,
        0.10481568644530265,
        0.07328774624724109,
        0.120017902310447,
        0.04133986423538423,
        0.04941058844013093,
        0.038273277230987154,
        0.0,
