[
    [
        0.0,
        0.7288689868556626,
        0.125,
        0.8926785535678563,
        0.5863019699779287,
        0.3535533905932738,
        0.1767766952966369,
        0.739509972887452,
        0.7071067811865476,
        0.6959705453537527,
        0.125,
        0.39528470752104744,
        0.5,
        0.9354143466934853,
        0.9842509842514764,
        0.673145600891813,
        0.375,
        0.81967981553775,
        0.6640840707781089,
        0.39528470752104744,
        0.6859199013814303,
        0.5448623679425842,
        0.4639803635691685,
        0.5153882032022076,
        0.6959705453537527,
        0.5,
        0.9081039465709737,
        0.33071891388307384,
        0.2795084971874737,
        0.1767766952966369,
        0.21650635094610965,
        0.30618621784789724,
        0.5,
        0.5,
        0.5994789404140899,
        0.4841229182759271,
        0.625,
        0.21650635094610965,
        0.375,
        0.5863019699779287,
        0.5559026693385972,
        0.414578098794425,
        0.46770717334674267,
        0.5590169943749475,
        0.7071067811865476,
        0.5153882032022076,
        0.4330127018922193,
        0.125,
        0.5303300858899106,
        0.9354143466934853
    ],
    [
        0.7288689868556626,
        0.0,
        0.6846531968814576,
        0.5994789404140899,
        0.375,
        0.45069390943299864,
        0.6373774391990981,
        0.649519052838329,
        0.4330127018922193,
        0.414578098794425,
        0.770551750371122,
        0.4330127018922193,
        0.3535533905932738,
        0.625,
        0.7288689868556626,
        0.5153882032022076,
        0.4330127018922193,
        0.5448623679425842,
        0.5621455799534711,
        0.4330127018922193,
        0.5319643889501544,
        0.33071891388307384,
        0.4965156369922077,
        0.39528470752104744,
        0.39528470752104744,
        0.4330127018922193,
        0.6705615391429617,
        0.46770717334674267,
        0.625,
        0.6373774391990981,
        0.5994789404140899,
        0.5,
        0.39528470752104744,
        0.46770717334674267,
        0.39528470752104744,
        0.4330127018922193,
        0.46770717334674267,
        0.5994789404140899,
        0.4330127018922193,
        0.3535533905932738,
        0.5270462766947299,
        0.4841229182759271,
        0.45069390943299864,
        0.30618621784789724,
        0.4330127018922193,
        0.3535533905932738,
        0.46770717334674267,
        0.770551750371122,
        0.5,
        0.7905694150420949
    ],
    [
        0.125,
        0.6846531968814576,
        0.0,
        0.8477912478906585,
        0.5303300858899106,
        0.33071891388307384,
        0.125,
        0.6959705453537527,
        0.6614378277661477,
        0.6614378277661477,
        0.1767766952966369,
        0.3535533905932738,
        0.46770717334674267,
        0.8926785535678563,
        0.9437293044088437,
        0.625,
        0.3535533905932738,
        0.770551750371122,
        0.615229756319722,
        0.3535533905932738,
        0.6387379048648288,
        0.5,
        0.42898458920779164,
        0.46770717334674267,
        0.6373774391990981,
        0.45069390943299864,
        0.8640183897219884,
        0.30618621784789724,
        0.25,
        0.125,
        0.1767766952966369,
        0.2795084971874737,
        0.4330127018922193,
        0.4841229182759271,
        0.5448623679425842,
        0.4330127018922193,
        0.5863019699779287,
        0.1767766952966369,
        0.3535533905932738,
        0.5448623679425842,
        0.4965156369922077,
        0.3535533905932738,
        0.414578098794425,
        0.5153882032022076,
        0.649519052838329,
        0.46770717334674267,
        0.375,
        0.1767766952966369,
        0.4841229182759271,
        0.9762812094883317
    ],
    [
        0.8926785535678563,
        0.5994789404140899,
        0.8477912478906585,
        0.0,
        0.625,
        0.7071067811865476,
        0.8100925873009825,
        0.6123724356957945,
        0.6373774391990981,
        0.6373774391990981,
        1.224744871391589,
        0.6846531968814576,
        0.625,
        0.7288689868556626,
        0.7180703308172536,
        0.7071067811865476,
        0.6959705453537527,
        0.7603453162872774,
        0.662401321106836,
        0.673145600891813,
        0.5921946001479956,
        0.5994789404140899,
        0.6548430685625714,
        0.6959705453537527,
        0.6373774391990981,
        0.673145600891813,
        0.8143675119038359,
        0.7180703308172536,
        0.75,
        0.8100925873009825,
        0.7806247497997998,
        0.7288689868556626,
        0.6373774391990981,
        0.5863019699779287,
        0.625,
        0.673145600891813,
        0.7806247497997998,
        0.7806247497997998,
        0.6959705453537527,
        0.625,
        0.6052432935972479,
        0.7180703308172536,
        0.6614378277661477,
        0.5994789404140899,
        0.6373774391990981,
        0.649519052838329,
        0.6846531968814576,
        1.224744871391589,
        0.739509972887452,
        0.7071067811865476
    ],
    [
        0.5863019699779287,
        0.375,
        0.5303300858899106,
        0.625,
        0.0,
        0.33071891388307384,
        0.4841229182759271,
        0.6123724356957945,
        0.33071891388307384,
        0.45069390943299864,
        0.649519052838329,
        0.3535533905932738,
        0.25,
        0.7071067811865476,
        0.7288689868556626,
        0.5,
        0.30618621784789724,
        0.46770717334674267,
        0.5187799659404982,
        0.3535533905932738,
        0.501733107449679,
        0.25,
        0.42898458920779164,
        0.33071891388307384,
        0.375,
        0.3535533905932738,
        0.6588078458684123,
        0.3535533905932738,
        0.4330127018922193,
        0.4841229182759271,
        0.45069390943299864,
        0.375,
        0.25,
        0.3535533905932738,
        0.33071891388307384,
        0.3535533905932738,
        0.45069390943299864,
        0.45069390943299864,
        0.30618621784789724,
        0.3535533905932738,
        0.42898458920779164,
        0.39528470752104744,
        0.33071891388307384,
        0.25,
        0.414578098794425,
        0.25,
        0.3535533905932738,
        0.649519052838329,
        0.414578098794425,
        0.81967981553775
    ],
    [
        0.3535533905932738,
        0.45069390943299864,
        0.33071891388307384,
        0.7071067811865476,
        0.33071891388307384,
        0.0,
        0.30618621784789724,
        0.5863019699779287,
        0.46770717334674267,
        0.5,
        0.39528470752104744,
        0.21650635094610965,
        0.2795084971874737,
        0.7288689868556626,
        0.81967981553775,
        0.45069390943299864,
        0.125,
        0.5590169943749475,
        0.5187799659404982,
        0.125,
        0.4350127712046063,
        0.33071891388307384,
        0.3254270698294439,
        0.25,
        0.414578098794425,
        0.21650635094610965,
        0.7371585838730889,
        0.125,
        0.33071891388307384,
        0.30618621784789724,
        0.2795084971874737,
        0.1767766952966369,
        0.2795084971874737,
        0.3535533905932738,
        0.30618621784789724,
        0.125,
        0.375,
        0.2795084971874737,
        0.125,
        0.414578098794425,
        0.34860834438919813,
        0.25,
        0.25,
        0.375,
        0.5153882032022076,
        0.33071891388307384,
        0.21650635094610965,
        0.39528470752104744,
        0.3535533905932738,
        0.9437293044088437
    ],
    [
        0.1767766952966369,
        0.6373774391990981,
        0.125,
        0.8100925873009825,
        0.4841229182759271,
        0.30618621784789724,
        0.0,
        0.6614378277661477,
        0.6123724356957945,
        0.625,
        0.21650635094610965,
        0.33071891388307384,
        0.4330127018922193,
        0.8569568250501305,
        0.9185586535436918,
        0.57282196186948,
        0.33071891388307384,
        0.7288689868556626,
        0.6023974211940357,
        0.33071891388307384,
        0.5877806658194119,
        0.46770717334674267,
        0.41036907507483766,
        0.414578098794425,
        0.57282196186948,
        0.39528470752104744,
        0.8270597183866336,
        0.2795084971874737,
        0.21650635094610965,
        0.0,
        0.125,
        0.25,
        0.414578098794425,
        0.46770717334674267,
        0.5,
        0.375,
        0.5448623679425842,
        0.125,
        0.33071891388307384,
        0.5153882032022076,
        0.4639803635691685,
        0.30618621784789724,
        0.39528470752104744,
        0.4841229182759271,
        0.6123724356957945,
        0.45069390943299864,
        0.33071891388307384,
        0.21650635094610965,
        0.4330127018922193,
        0.960143218483576
    ],
    [
        0.739509972887452,
        0.649519052838329,
        0.6959705453537527,
        0.6123724356957945,
        0.6123724356957945,
        0.5863019699779287,
        0.6614378277661477,
        0.0,
        0.6614378277661477,
        0.6614378277661477,
        0.8100925873009825,
        0.57282196186948,
        0.57282196186948,
        0.770551750371122,
        0.5994789404140899,
        0.6373774391990981,
        0.57282196186948,
        0.7180703308172536,
        0.5144592961031405,
        0.57282196186948,
        0.3254270698294439,
        0.5994789404140899,
        0.46955948623269356,
        0.57282196186948,
        0.649519052838329,
        0.5590169943749475,
        0.7406828681096325,
        0.5994789404140899,
        0.6614378277661477,
        0.6614378277661477,
        0.649519052838329,
        0.6123724356957945,
        0.5994789404140899,
        0.625,
        0.5994789404140899,
        0.57282196186948,
        0.6123724356957945,
        0.649519052838329,
        0.57282196186948,
        0.6373774391990981,
        0.46955948623269356,
        0.5994789404140899,
        0.4841229182759271,
        0.6123724356957945,
        0.6846531968814576,
        0.6123724356957945,
        0.5994789404140899,
        0.8100925873009825,
        0.625,
        0.6373774391990981
    ],
    [
        0.7071067811865476,
        0.4330127018922193,
        0.6614378277661477,
        0.6373774391990981,
        0.33071891388307384,
        0.46770717334674267,
        0.6123724356957945,
        0.6614378277661477,
        0.0,
        0.4841229182759271,
        0.7603453162872774,
        0.45069390943299864,
        0.39528470752104744,
        0.6373774391990981,
        0.6959705453537527,
        0.5153882032022076,
        0.45069390943299864,
        0.414578098794425,
        0.5336268856244262,
        0.4841229182759271,
        0.5605676686280713,
        0.3535533905932738,
        0.5270462766947299,
        0.45069390943299864,
        0.46770717334674267,
        0.46770717334674267,
        0.6705615391429617,
        0.4841229182759271,
        0.5994789404140899,
        0.6123724356957945,
        0.5863019699779287,
        0.5,
        0.414578098794425,
        0.375,
        0.4330127018922193,
        0.46770717334674267,
        0.5,
        0.5863019699779287,
        0.45069390943299864,
        0.375,
        0.4965156369922077,
        0.4841229182759271,
        0.39528470752104744,
        0.3535533905932738,
        0.414578098794425,
        0.33071891388307384,
        0.46770717334674267,
        0.7603453162872774,
        0.46770717334674267,
        0.9437293044088437
    ],
    [
        0.6959705453537527,
        0.414578098794425,
        0.6614378277661477,
        0.6373774391990981,
        0.45069390943299864,
        0.5,
        0.625,
        0.6614378277661477,
        0.4841229182759271,
        0.0,
        0.7806247497997998,
        0.46770717334674267,
        0.3535533905932738,
        0.5303300858899106,
        0.7603453162872774,
        0.414578098794425,
        0.4841229182759271,
        0.4330127018922193,
        0.6023974211940357,
        0.4330127018922193,
        0.5877806658194119,
        0.3535533905932738,
        0.4124789556921527,
        0.4841229182759271,
        0.46770717334674267,
        0.46770717334674267,
        0.6468406123441677,
        0.5153882032022076,
        0.5994789404140899,
        0.625,
        0.5994789404140899,
        0.5303300858899106,
        0.45069390943299864,
        0.39528470752104744,
        0.414578098794425,
        0.4330127018922193,
        0.45069390943299864,
        0.5994789404140899,
        0.4841229182759271,
        0.39528470752104744,
        0.4805234414446165,
        0.4841229182759271,
        0.46770717334674267,
        0.39528470752104744,
        0.5448623679425842,
        0.414578098794425,
        0.46770717334674267,
        0.7806247497997998,
        0.45069390943299864,
        0.8477912478906585
    ],
    [
        0.125,
        0.770551750371122,
        0.1767766952966369,
        1.224744871391589,
        0.649519052838329,
        0.39528470752104744,
        0.21650635094610965,
        0.8100925873009825,
        0.7603453162872774,
        0.7806247497997998,
        0.0,
        0.4841229182759271,
        0.5448623679425842,
        1.0606601717798212,
        1.0307764064044151,
        0.75,
        0.414578098794425,
        0.8926785535678563,
        0.741877788494321,
        0.45069390943299864,
        0.7511565157216644,
        0.5863019699779287,
        0.5416666666666666,
        0.57282196186948,
        0.7603453162872774,
        0.5863019699779287,
        1.0137937550497031,
        0.3535533905932738,
        0.414578098794425,
        0.21650635094610965,
        0.25,
        0.3535533905932738,
        0.5863019699779287,
        0.6614378277661477,
        0.6614378277661477,
        0.5448623679425842,
        0.7071067811865476,
        0.25,
        0.414578098794425,
        0.6373774391990981,
        0.7046472718869902,
        0.46770717334674267,
        0.5153882032022076,
        0.5994789404140899,
        0.7905694150420949,
        0.5590169943749475,
        0.5,
        0.0,
        0.6123724356957945,
        1.1989578808281798
    ],
    [
        0.39528470752104744,
        0.4330127018922193,
        0.3535533905932738,
        0.6846531968814576,
        0.3535533905932738,
        0.21650635094610965,
        0.33071891388307384,
        0.57282196186948,
        0.45069390943299864,
        0.46770717334674267,
        0.4841229182759271,
        0.0,
        0.30618621784789724,
        0.5994789404140899,
        0.8100925873009825,
        0.39528470752104744,
        0.25,
        0.5153882032022076,
        0.5621455799534711,
        0.21650635094610965,
        0.452615853800009,
        0.33071891388307384,
        0.24295632895188748,
        0.33071891388307384,
        0.45069390943299864,
        0.1767766952966369,
        0.7264831572567789,
        0.1767766952966369,
        0.33071891388307384,
        0.33071891388307384,
        0.30618621784789724,
        0.21650635094610965,
        0.3535533905932738,
        0.33071891388307384,
        0.33071891388307384,
        0.1767766952966369,
        0.375,
        0.30618621784789724,
        0.25,
        0.414578098794425,
        0.3908679799852858,
        0.21650635094610965,
        0.33071891388307384,
        0.3535533905932738,
        0.5303300858899106,
        0.39528470752104744,
        0.2795084971874737,
        0.4841229182759271,
        0.33071891388307384,
        0.8003905296791061
    ],
    [
        0.5,
        0.3535533905932738,
        0.46770717334674267,
        0.625,
        0.25,
        0.2795084971874737,
        0.4330127018922193,
        0.57282196186948,
        0.39528470752104744,
        0.3535533905932738,
        0.5448623679425842,
        0.30618621784789724,
        0.0,
        0.6373774391990981,
        0.7603453162872774,
        0.414578098794425,
        0.25,
        0.5303300858899106,
        0.5336268856244262,
        0.25,
        0.452615853800009,
        0.1767766952966369,
        0.34860834438919813,
        0.2795084971874737,
        0.3535533905932738,
        0.30618621784789724,
        0.7046472718869902,
        0.30618621784789724,
        0.4330127018922193,
        0.4330127018922193,
        0.39528470752104744,
        0.33071891388307384,
        0.1767766952966369,
        0.3535533905932738,
        0.21650635094610965,
        0.25,
        0.4330127018922193,
        0.39528470752104744,
        0.25,
        0.30618621784789724,
        0.42898458920779164,
        0.33071891388307384,
        0.33071891388307384,
        0.25,
        0.46770717334674267,
        0.25,
        0.30618621784789724,
        0.5448623679425842,
        0.414578098794425,
        0.8477912478906585
    ],
    [
        0.9354143466934853,
        0.625,
        0.8926785535678563,
        0.7288689868556626,
        0.7071067811865476,
        0.7288689868556626,
        0.8569568250501305,
        0.770551750371122,
        0.6373774391990981,
        0.5303300858899106,
        1.0606601717798212,
        0.5994789404140899,
        0.6373774391990981,
        0.0,
        0.8838834764831844,
        0.5,
        0.7180703308172536,
        0.5590169943749475,
        0.7828682220279634,
        0.649519052838329,
        0.7083333333333334,
        0.6123724356957945,
        0.6222160217945033,
        0.6846531968814576,
        0.6614378277661477,
        0.5994789404140899,
        0.7580585582775105,
        0.739509972887452,
        0.7806247497997998,
        0.8569568250501305,
        0.81967981553775,
        0.75,
        0.7288689868556626,
        0.5863019699779287,
        0.649519052838329,
        0.649519052838329,
        0.5590169943749475,
        0.81967981553775,
        0.7180703308172536,
        0.649519052838329,
        0.7046472718869902,
        0.6959705453537527,
        0.7180703308172536,
        0.625,
        0.7071067811865476,
        0.6846531968814576,
        0.673145600891813,
        1.0606601717798212,
        0.673145600891813,
        0.9270248108869579
    ],
    [
        0.9842509842514764,
        0.7288689868556626,
        0.9437293044088437,
        0.7180703308172536,
        0.7288689868556626,
        0.81967981553775,
        0.9185586535436918,
        0.5994789404140899,
        0.6959705453537527,
        0.7603453162872774,
        1.0307764064044151,
        0.8100925873009825,
        0.7603453162872774,
        0.8838834764831844,
        0.0,
        0.770551750371122,
        0.8100925873009825,
        0.7806247497997998,
        0.6366265524991388,
        0.8100925873009825,
        0.6095307849303248,
        0.7180703308172536,
        0.7095577652469334,
        0.7905694150420949,
        0.7603453162872774,
        0.8003905296791061,
        0.782845592835664,
        0.82915619758885,
        0.8838834764831844,
        0.9185586535436918,
        0.9013878188659973,
        0.8477912478906585,
        0.7905694150420949,
        0.770551750371122,
        0.770551750371122,
        0.8003905296791061,
        0.7905694150420949,
        0.9013878188659973,
        0.8100925873009825,
        0.7180703308172536,
        0.6984606089266754,
        0.8100925873009825,
        0.6846531968814576,
        0.7180703308172536,
        0.7071067811865476,
        0.739509972887452,
        0.7905694150420949,
        1.0307764064044151,
        0.8100925873009825,
        0.8003905296791061
    ],
    [
        0.673145600891813,
        0.5153882032022076,
        0.625,
        0.7071067811865476,
        0.5,
        0.45069390943299864,
        0.57282196186948,
        0.6373774391990981,
        0.5153882032022076,
        0.414578098794425,
        0.75,
        0.39528470752104744,
        0.414578098794425,
        0.5,
        0.770551750371122,
        0.0,
        0.45069390943299864,
        0.4841229182759271,
        0.615229756319722,
        0.3535533905932738,
        0.5319643889501544,
        0.4330127018922193,
        0.3703414340548162,
        0.414578098794425,
        0.5,
        0.375,
        0.6705615391429617,
        0.46770717334674267,
        0.5448623679425842,
        0.57282196186948,
        0.5448623679425842,
        0.4841229182759271,
        0.4841229182759271,
        0.46770717334674267,
        0.45069390943299864,
        0.414578098794425,
        0.2795084971874737,
        0.5448623679425842,
        0.45069390943299864,
        0.5,
        0.4805234414446165,
        0.375,
        0.45069390943299864,
        0.4330127018922193,
        0.5153882032022076,
        0.4330127018922193,
        0.375,
        0.75,
        0.4330127018922193,
        0.7905694150420949
    ],
    [
        0.375,
        0.4330127018922193,
        0.3535533905932738,
        0.6959705453537527,
        0.30618621784789724,
        0.125,
        0.33071891388307384,
        0.57282196186948,
        0.45069390943299864,
        0.4841229182759271,
        0.414578098794425,
        0.25,
        0.25,
        0.7180703308172536,
        0.8100925873009825,
        0.45069390943299864,
        0.0,
        0.5448623679425842,
        0.5034954349954173,
        0.1767766952966369,
        0.4166666666666667,
        0.30618621784789724,
        0.34860834438919813,
        0.21650635094610965,
        0.39528470752104744,
        0.25,
        0.7264831572567789,
        0.1767766952966369,
        0.3535533905932738,
        0.33071891388307384,
        0.30618621784789724,
        0.21650635094610965,
        0.25,
        0.33071891388307384,
        0.2795084971874737,
        0.1767766952966369,
        0.375,
        0.30618621784789724,
        0.0,
        0.39528470752104744,
        0.3703414340548162,
        0.2795084971874737,
        0.25,
        0.3535533905932738,
        0.5,
        0.30618621784789724,
        0.25,
        0.414578098794425,
        0.375,
        0.8569568250501305
    ],
    [
        0.81967981553775,
        0.5448623679425842,
        0.770551750371122,
        0.7603453162872774,
        0.46770717334674267,
        0.5590169943749475,
        0.7288689868556626,
        0.7180703308172536,
        0.414578098794425,
        0.4330127018922193,
        0.8926785535678563,
        0.5153882032022076,
        0.5303300858899106,
        0.5590169943749475,
        0.7806247497997998,
        0.4841229182759271,
        0.5448623679425842,
        0.0,
        0.5892857142857143,
        0.5590169943749475,
        0.6387379048648288,
        0.46770717334674267,
        0.5697830971323893,
        0.5,
        0.5,
        0.5303300858899106,
        0.6095307849303248,
        0.57282196186948,
        0.6373774391990981,
        0.7288689868556626,
        0.6846531968814576,
        0.5994789404140899,
        0.5153882032022076,
        0.414578098794425,
        0.5153882032022076,
        0.5448623679425842,
        0.45069390943299864,
        0.6846531968814576,
        0.5448623679425842,
        0.5153882032022076,
        0.5120085719768545,
        0.5153882032022076,
        0.5,
        0.5153882032022076,
        0.5448623679425842,
        0.4330127018922193,
        0.5153882032022076,
        0.8926785535678563,
        0.5,
        0.9519716382329886
    ],
    [
        0.6640840707781089,
        0.5621455799534711,
        0.615229756319722,
        0.662401321106836,
        0.5187799659404982,
        0.5187799659404982,
        0.6023974211940357,
        0.5144592961031405,
        0.5336268856244262,
        0.6023974211940357,
        0.741877788494321,
        0.5621455799534711,
        0.5336268856244262,
        0.7828682220279634,
        0.6366265524991388,
        0.615229756319722,
        0.5034954349954173,
        0.5892857142857143,
        0.0,
        0.5336268856244262,
        0.3780113406977959,
        0.5480717590436717,
        0.5139769796410215,
        0.39969695152856055,
        0.4545686450484948,
        0.5480717590436717,
        0.46615162297358465,
        0.5336268856244262,
        0.5758755534498964,
        0.6023974211940357,
        0.5892857142857143,
        0.5480717590436717,
        0.5336268856244262,
        0.5336268856244262,
        0.4545686450484948,
        0.5480717590436717,
        0.5480717590436717,
        0.5892857142857143,
        0.5034954349954173,
        0.5892857142857143,
        0.46615162297358465,
        0.5187799659404982,
        0.4079878449569951,
        0.5336268856244262,
        0.5187799659404982,
        0.4545686450484948,
        0.5034954349954173,
        0.741877788494321,
        0.471442099373003,
        0.569752004769422
    ],
    [
        0.39528470752104744,
        0.4330127018922193,
        0.3535533905932738,
        0.673145600891813,
        0.3535533905932738,
        0.125,
        0.33071891388307384,
        0.57282196186948,
        0.4841229182759271,
        0.4330127018922193,
        0.45069390943299864,
        0.21650635094610965,
        0.25,
        0.649519052838329,
        0.8100925873009825,
        0.3535533905932738,
        0.1767766952966369,
        0.5590169943749475,
        0.5336268856244262,
        0.0,
        0.4166666666666667,
        0.30618621784789724,
        0.24295632895188748,
        0.2795084971874737,
        0.39528470752104744,
        0.21650635094610965,
        0.7046472718869902,
        0.1767766952966369,
        0.3535533905932738,
        0.33071891388307384,
        0.30618621784789724,
        0.21650635094610965,
        0.30618621784789724,
        0.3535533905932738,
        0.2795084971874737,
        0.1767766952966369,
        0.3535533905932738,
        0.30618621784789724,
        0.1767766952966369,
        0.39528470752104744,
        0.34860834438919813,
        0.21650635094610965,
        0.2795084971874737,
        0.3535533905932738,
        0.5153882032022076,
        0.3535533905932738,
        0.21650635094610965,
        0.45069390943299864,
        0.33071891388307384,
        0.9437293044088437
    ],
    [
        0.6859199013814303,
        0.5319643889501544,
        0.6387379048648288,
        0.5921946001479956,
        0.501733107449679,
        0.4350127712046063,
        0.5877806658194119,
        0.3254270698294439,
        0.5605676686280713,
        0.5877806658194119,
        0.7511565157216644,
        0.452615853800009,
        0.452615853800009,
        0.7083333333333334,
        0.6095307849303248,
        0.5319643889501544,
        0.4166666666666667,
        0.6387379048648288,
        0.3780113406977959,
        0.4166666666666667,
        0.0,
        0.46955948623269356,
        0.3486083443891982,
        0.4350127712046063,
        0.46955948623269356,
        0.452615853800009,
        0.6346477588219923,
        0.452615853800009,
        0.5170697352496191,
        0.5877806658194119,
        0.5464532103585001,
        0.46955948623269356,
        0.4859126579037751,
        0.452615853800009,
        0.4350127712046063,
        0.452615853800009,
        0.5319643889501544,
        0.5464532103585001,
        0.4166666666666667,
        0.5319643889501544,
        0.37034143405481623,
        0.4859126579037751,
        0.3486083443891982,
        0.501733107449679,
        0.5877806658194119,
        0.4859126579037751,
        0.46955948623269356,
        0.7511565157216644,
        0.5170697352496191,
        0.568257570707744
    ],
    [
        0.5448623679425842,
        0.33071891388307384,
        0.5,
        0.5994789404140899,
        0.25,
        0.33071891388307384,
        0.46770717334674267,
        0.5994789404140899,
        0.3535533905932738,
        0.3535533905932738,
        0.5863019699779287,
        0.33071891388307384,
        0.1767766952966369,
        0.6123724356957945,
        0.7180703308172536,
        0.4330127018922193,
        0.30618621784789724,
        0.46770717334674267,
        0.5480717590436717,
        0.30618621784789724,
        0.46955948623269356,
        0.0,
        0.3908679799852858,
        0.33071891388307384,
        0.3535533905932738,
        0.33071891388307384,
        0.7156485015549029,
        0.3535533905932738,
        0.45069390943299864,
        0.46770717334674267,
        0.4330127018922193,
        0.375,
        0.25,
        0.33071891388307384,
        0.2795084971874737,
        0.30618621784789724,
        0.414578098794425,
        0.4330127018922193,
        0.30618621784789724,
        0.30618621784789724,
        0.42898458920779164,
        0.375,
        0.33071891388307384,
        0.1767766952966369,
        0.45069390943299864,
        0.25,
        0.3535533905932738,
        0.5863019699779287,
        0.375,
        0.8926785535678563
    ],
    [
        0.4639803635691685,
        0.4965156369922077,
        0.42898458920779164,
        0.6548430685625714,
        0.42898458920779164,
        0.3254270698294439,
        0.41036907507483766,
        0.46955948623269356,
        0.5270462766947299,
        0.4124789556921527,
        0.5416666666666666,
        0.24295632895188748,
        0.34860834438919813,
        0.6222160217945033,
        0.7095577652469334,
        0.3703414340548162,
        0.34860834438919813,
        0.5697830971323893,
        0.5139769796410215,
        0.24295632895188748,
        0.3486083443891982,
        0.3908679799852858,
        0.0,
        0.3703414340548162,
        0.4639803635691685,
        0.2763853991962833,
        0.6846531968814576,
        0.3004626062886657,
        0.41036907507483766,
        0.41036907507483766,
        0.3908679799852858,
        0.3254270698294439,
        0.4061164310337068,
        0.3908679799852858,
        0.3703414340548162,
        0.21245914639969934,
        0.3908679799852858,
        0.3908679799852858,
        0.34860834438919813,
        0.44876373392787533,
        0.3535533905932738,
        0.27322660517925,
        0.3560001560548971,
        0.42898458920779164,
        0.5368374469468803,
        0.42898458920779164,
        0.3254270698294439,
        0.5416666666666666,
        0.3703414340548162,
        0.689706056551952
    ],
    [
        0.5153882032022076,
        0.39528470752104744,
        0.46770717334674267,
        0.6959705453537527,
        0.33071891388307384,
        0.25,
        0.414578098794425,
        0.57282196186948,
        0.45069390943299864,
        0.4841229182759271,
        0.57282196186948,
        0.33071891388307384,
        0.2795084971874737,
        0.6846531968814576,
        0.7905694150420949,
        0.414578098794425,
        0.21650635094610965,
        0.5,
        0.39969695152856055,
        0.2795084971874737,
        0.4350127712046063,
        0.33071891388307384,
        0.3703414340548162,
        0.0,
        0.3535533905932738,
        0.33071891388307384,
        0.6468406123441677,
        0.2795084971874737,
        0.414578098794425,
        0.414578098794425,
        0.375,
        0.30618621784789724,
        0.2795084971874737,
        0.3535533905932738,
        0.21650635094610965,
        0.33071891388307384,
        0.375,
        0.375,
        0.21650635094610965,
        0.39528470752104744,
        0.41666666666666663,
        0.33071891388307384,
        0.2795084971874737,
        0.33071891388307384,
        0.45069390943299864,
        0.21650635094610965,
        0.30618621784789724,
        0.57282196186948,
        0.3535533905932738,
        0.739509972887452
    ],
    [
        0.6959705453537527,
        0.39528470752104744,
        0.6373774391990981,
        0.6373774391990981,
        0.375,
        0.414578098794425,
        0.57282196186948,
        0.649519052838329,
        0.46770717334674267,
        0.46770717334674267,
        0.7603453162872774,
        0.45069390943299864,
        0.3535533905932738,
        0.6614378277661477,
        0.7603453162872774,
        0.5,
        0.39528470752104744,
        0.5,
        0.4545686450484948,
        0.39528470752104744,
        0.46955948623269356,
        0.3535533905932738,
        0.4639803635691685,
        0.3535533905932738,
        0.0,
        0.414578098794425,
        0.5416666666666666,
        0.4330127018922193,
        0.5303300858899106,
        0.57282196186948,
        0.5153882032022076,
        0.45069390943299864,
        0.39528470752104744,
        0.375,
        0.3535533905932738,
        0.39528470752104744,
        0.4841229182759271,
        0.5153882032022076,
        0.39528470752104744,
        0.4330127018922193,
        0.4805234414446165,
        0.45069390943299864,
        0.4330127018922193,
        0.375,
        0.4330127018922193,
        0.39528470752104744,
        0.45069390943299864,
        0.7603453162872774,
        0.4330127018922193,
        0.8385254915624212
    ],
    [
        0.5,
        0.4330127018922193,
        0.45069390943299864,
        0.673145600891813,
        0.3535533905932738,
        0.21650635094610965,
        0.39528470752104744,
        0.5590169943749475,
        0.46770717334674267,
        0.46770717334674267,
        0.5863019699779287,
        0.1767766952966369,
        0.30618621784789724,
        0.5994789404140899,
        0.8003905296791061,
        0.375,
        0.25,
        0.5303300858899106,
        0.5480717590436717,
        0.21650635094610965,
        0.452615853800009,
        0.33071891388307384,
        0.2763853991962833,
        0.33071891388307384,
        0.414578098794425,
        0.0,
        0.6821127309893709,
        0.25,
        0.3535533905932738,
        0.39528470752104744,
        0.3535533905932738,
        0.2795084971874737,
        0.3535533905932738,
        0.33071891388307384,
        0.33071891388307384,
        0.1767766952966369,
        0.375,
        0.3535533905932738,
        0.25,
        0.414578098794425,
        0.34860834438919813,
        0.2795084971874737,
        0.3535533905932738,
        0.3535533905932738,
        0.5448623679425842,
        0.375,
        0.30618621784789724,
        0.5863019699779287,
        0.3535533905932738,
        0.770551750371122
    ],
    [
        0.9081039465709737,
        0.6705615391429617,
        0.8640183897219884,
        0.8143675119038359,
        0.6588078458684123,
        0.7371585838730889,
        0.8270597183866336,
        0.7406828681096325,
        0.6705615391429617,
        0.6468406123441677,
        1.0137937550497031,
        0.7264831572567789,
        0.7046472718869902,
        0.7580585582775105,
        0.782845592835664,
        0.6705615391429617,
        0.7264831572567789,
        0.6095307849303248,
        0.46615162297358465,
        0.7046472718869902,
        0.6346477588219923,
        0.7156485015549029,
        0.6846531968814576,
        0.6468406123441677,
        0.5416666666666666,
        0.6821127309893709,
        0.0,
        0.7476816018719317,
        0.768295371441074,
        0.8270597183866336,
        0.798218502527834,
        0.7580585582775105,
        0.7347996703561833,
        0.6095307849303248,
        0.6095307849303248,
        0.7264831572567789,
        0.6588078458684123,
        0.798218502527834,
        0.7264831572567789,
        0.7580585582775105,
        0.5448623679425842,
        0.6934715407122183,
        0.6627489050244527,
        0.7046472718869902,
        0.6468406123441677,
        0.6705615391429617,
        0.7156485015549029,
        1.0137937550497031,
        0.6095307849303248,
        0.7671646933134155
    ],
    [
        0.33071891388307384,
        0.46770717334674267,
        0.30618621784789724,
        0.7180703308172536,
        0.3535533905932738,
        0.125,
        0.2795084971874737,
        0.5994789404140899,
        0.4841229182759271,
        0.5153882032022076,
        0.3535533905932738,
        0.1767766952966369,
        0.30618621784789724,
        0.739509972887452,
        0.82915619758885,
        0.46770717334674267,
        0.1767766952966369,
        0.57282196186948,
        0.5336268856244262,
        0.1767766952966369,
        0.452615853800009,
        0.3535533905932738,
        0.3004626062886657,
        0.2795084971874737,
        0.4330127018922193,
        0.25,
        0.7476816018719317,
        0.0,
        0.30618621784789724,
        0.2795084971874737,
        0.25,
        0.125,
        0.30618621784789724,
        0.375,
        0.33071891388307384,
        0.1767766952966369,
        0.39528470752104744,
        0.25,
        0.1767766952966369,
        0.4330127018922193,
        0.3703414340548162,
        0.21650635094610965,
        0.2795084971874737,
        0.39528470752104744,
        0.5303300858899106,
        0.3535533905932738,
        0.1767766952966369,
        0.3535533905932738,
        0.33071891388307384,
        0.9354143466934853
    ],
    [
        0.2795084971874737,
        0.625,
        0.25,
        0.75,
        0.4330127018922193,
        0.33071891388307384,
        0.21650635094610965,
        0.6614378277661477,
        0.5994789404140899,
        0.5994789404140899,
        0.414578098794425,
        0.33071891388307384,
        0.4330127018922193,
        0.7806247497997998,
        0.8838834764831844,
        0.5448623679425842,
        0.3535533905932738,
        0.6373774391990981,
        0.5758755534498964,
        0.3535533905932738,
        0.5170697352496191,
        0.45069390943299864,
        0.41036907507483766,
        0.414578098794425,
        0.5303300858899106,
        0.3535533905932738,
        0.768295371441074,
        0.30618621784789724,
        0.0,
        0.21650635094610965,
        0.1767766952966369,
        0.25,
        0.4330127018922193,
        0.39528470752104744,
        0.414578098794425,
        0.33071891388307384,
        0.5448623679425842,
        0.1767766952966369,
        0.33071891388307384,
        0.4841229182759271,
        0.44682522061515034,
        0.3535533905932738,
        0.414578098794425,
        0.4841229182759271,
        0.5863019699779287,
        0.45069390943299864,
        0.3535533905932738,
        0.414578098794425,
        0.375,
        0.9270248108869579
    ],
    [
        0.1767766952966369,
        0.6373774391990981,
        0.125,
        0.8100925873009825,
        0.4841229182759271,
        0.30618621784789724,
        0.0,
        0.6614378277661477,
        0.6123724356957945,
        0.625,
        0.21650635094610965,
        0.33071891388307384,
        0.4330127018922193,
        0.8569568250501305,
        0.9185586535436918,
        0.57282196186948,
        0.33071891388307384,
        0.7288689868556626,
        0.6023974211940357,
        0.33071891388307384,
        0.5877806658194119,
        0.46770717334674267,
        0.41036907507483766,
        0.414578098794425,
        0.57282196186948,
        0.39528470752104744,
        0.8270597183866336,
        0.2795084971874737,
        0.21650635094610965,
        0.0,
        0.125,
        0.25,
        0.414578098794425,
        0.46770717334674267,
        0.5,
        0.375,
        0.5448623679425842,
        0.125,
        0.33071891388307384,
        0.5153882032022076,
        0.4639803635691685,
        0.30618621784789724,
        0.39528470752104744,
        0.4841229182759271,
        0.6123724356957945,
        0.45069390943299864,
        0.33071891388307384,
        0.21650635094610965,
        0.4330127018922193,
        0.8838834764831844
    ],
    [
        0.21650635094610965,
        0.5994789404140899,
        0.1767766952966369,
        0.7806247497997998,
