[
    [
        0.0,
        1.1234557302260635,
        0.75,
        2.1972994789058684,
        1.0752906583803283,
        1.0383279828647594,
        0.3535533905932738,
        0.37034143405481623,
        1.224744871391589,
        0.6614378277661477,
        0.0,
        0.5994789404140899,
        0.4330127018922193,
        0.6959705453537527,
        1.2562344526401112,
        0.3813242232868325,
        0.9762812094883317,
        1.7940875118009154,
        0.8926785535678563,
        0.6959705453537527,
        1.0466547239233726,
        1.58607219255619,
        0.649519052838329,
        1.3635890143294642,
        0.6123724356957945,
        0.8926785535678563,
        1.130388330520878,
        0.9363418772601764,
        0.75,
        0.4289845892077917,
        0.75,
        0.5994789404140899,
        1.6863421954040052,
        1.2747548783981961,
        0.125,
        0.9762812094883317,
        0.9013878188659973,
        0.8100925873009825,
        0.7511565157216644,
        1.4252192813739224,
        1.3057033013326997,
        0.770551750371122,
        0.9762812094883317,
        1.5767406607020418,
        1.2562344526401112,
        0.770551750371122,
        1.125,
        0.5153882032022076,
        0.875,
        0.5863019699779287
    ],
    [
        1.1234557302260635,
        0.0,
        0.7949493345141213,
        1.0712466776818699,
        0.7083333333333334,
        0.5965758776365148,
        0.798218502527834,
        0.7806247497997998,
        0.6588078458684123,
        0.7264831572567789,
        1.1234557302260635,
        0.7371585838730889,
        0.7580585582775105,
        0.6821127309893709,
        0.7872684844871327,
        0.7809877677813118,
        0.7046472718869902,
        1.011221758292633,
        0.5697830971323893,
        0.6305310812675649,
        0.6959705453537527,
        0.8416254115301732,
        0.6705615391429617,
        0.8457409637576849,
        0.7580585582775105,
        0.5965758776365148,
        0.5863019699779287,
        0.6346477588219923,
        0.7046472718869902,
        0.770551750371122,
        0.6821127309893709,
        0.7476816018719317,
        0.8897565210026093,
        0.7264831572567789,
        0.950146187582615,
        0.6222160217945033,
        0.7095577652469334,
        0.6222160217945033,
        0.6588078458684123,
        0.7476816018719317,
        0.7156485015549029,
        0.6468406123441677,
        0.7371585838730889,
        0.7795119555779045,
        0.7476816018719317,
        0.6821127309893709,
        0.6821127309893709,
        0.7476816018719317,
        0.6588078458684123,
        0.8848650242331376
    ],
    [
        0.75,
        0.7949493345141213,
        0.0,
        1.1524430571616109,
        0.8003905296791061,
        0.8569568250501305,
        0.5448623679425842,
        0.4750730937913075,
        0.9013878188659973,
        0.5863019699779287,
        0.75,
        0.5303300858899106,
        0.5863019699779287,
        0.4841229182759271,
        0.875,
        0.4798224586623001,
        0.649519052838329,
        1.0606601717798212,
        0.6614378277661477,
        0.5,
        0.7441904624788229,
        1.0383279828647594,
        0.5863019699779287,
        0.9437293044088437,
        0.5994789404140899,
        0.6614378277661477,
        0.7949493345141213,
        0.7120003121097942,
        0.46770717334674267,
        0.4912427551063165,
        0.5590169943749475,
        0.5153882032022076,
        1.0968705484240153,
        0.9100137361600648,
        0.625,
        0.7288689868556626,
        0.625,
        0.7180703308172536,
        0.6180165405913052,
        1.0231690964840563,
        0.7648983229452424,
        0.6846531968814576,
        0.649519052838329,
        1.0565601944254972,
        0.7905694150420949,
        0.6373774391990981,
        0.7071067811865476,
        0.5448623679425842,
        0.6846531968814576,
        0.5
    ],
    [
        2.1972994789058684,
        1.0712466776818699,
        1.1524430571616109,
        0.0,
        1.0968705484240153,
        1.125,
        1.4415703243338496,
        1.3339842161318431,
        1.0897247358851685,
        1.4306903927824497,
        2.1972994789058684,
        1.3287682265918312,
        1.4086784586980805,
        1.1792476415070754,
        1.0458250331675945,
        1.3675587141818424,
        1.4306903927824497,
        1.125,
        1.1110243021644486,
        1.1319231422671772,
        0.93355652093367,
        1.0231690964840563,
        1.2624381172952597,
        1.1989578808281798,
        1.3050383136138188,
        1.2374368670764582,
        1.0189182717197902,
        1.044163673845139,
        1.2624381172952597,
        1.3281147875424353,
        1.25,
        1.25,
        0.8838834764831844,
        1.0231690964840563,
        1.6105123408406408,
        1.103970108290981,
        1.14564392373896,
        1.118033988749895,
        1.1975089885999928,
        1.1726039399558574,
        0.8549285220284663,
        1.1792476415070754,
        1.2054563451241194,
        0.982485510212633,
        0.9842509842514764,
        1.2686114456365274,
        1.0383279828647594,
        1.4737282653189494,
        1.231107225224513,
        1.403121520040228
    ],
    [
        1.0752906583803283,
        0.7083333333333334,
        0.8003905296791061,
        1.0968705484240153,
        0.0,
        0.5448623679425842,
        0.7180703308172536,
        0.7083333333333334,
        0.6123724356957945,
        0.673145600891813,
        1.0752906583803283,
        0.5863019699779287,
        0.673145600891813,
        0.5303300858899106,
        0.7806247497997998,
        0.70733222572637,
        0.739509972887452,
        0.9519716382329886,
        0.5863019699779287,
        0.625,
        0.6222160217945033,
        0.8569568250501305,
        0.57282196186948,
        0.6614378277661477,
        0.7071067811865476,
        0.6123724356957945,
        0.5605676686280713,
        0.5965758776365148,
        0.673145600891813,
        0.6972166887783963,
        0.625,
        0.625,
        0.875,
        0.6123724356957945,
        0.9519716382329886,
        0.57282196186948,
        0.7288689868556626,
        0.5303300858899106,
        0.6222160217945033,
        0.8660254037844386,
        0.7264831572567789,
        0.57282196186948,
        0.57282196186948,
        0.8364524958285304,
        0.5153882032022076,
        0.57282196186948,
        0.57282196186948,
        0.673145600891813,
        0.5863019699779287,
        0.82915619758885
    ],
    [
        1.0383279828647594,
        0.5965758776365148,
        0.8569568250501305,
        1.125,
        0.5448623679425842,
        0.0,
        0.739509972887452,
        0.7488416981504762,
        0.6123724356957945,
        0.5590169943749475,
        1.0383279828647594,
        0.649519052838329,
        0.649519052838329,
        0.5863019699779287,
        0.770551750371122,
        0.7429515736683829,
        0.6959705453537527,
        1.015504800579495,
        0.5,
        0.649519052838329,
        0.6627489050244527,
        0.8477912478906585,
        0.5590169943749475,
        0.6959705453537527,
        0.6123724356957945,
        0.5448623679425842,
        0.6095307849303248,
        0.6744339190099435,
        0.673145600891813,
        0.7168604389202189,
        0.5994789404140899,
        0.6614378277661477,
        0.8477912478906585,
        0.6123724356957945,
        0.9921567416492215,
        0.5153882032022076,
        0.7806247497997998,
        0.46770717334674267,
        0.6508541396588878,
        0.7288689868556626,
        0.8207381501496754,
        0.5153882032022076,
        0.625,
        0.9023503261544882,
        0.5863019699779287,
        0.625,
        0.625,
        0.6846531968814576,
        0.649519052838329,
        0.9519716382329886
    ],
    [
        0.3535533905932738,
        0.798218502527834,
        0.5448623679425842,
        1.4415703243338496,
        0.7180703308172536,
        0.739509972887452,
        0.0,
        0.16666666666666666,
        0.7603453162872774,
        0.5,
        0.3535533905932738,
        0.33071891388307384,
        0.25,
        0.4330127018922193,
        0.9682458365518543,
        0.14285714285714285,
        0.673145600891813,
        1.3169567191065923,
        0.5863019699779287,
        0.46770717334674267,
        0.6972166887783963,
        1.14564392373896,
        0.39528470752104744,
        0.9921567416492215,
        0.39528470752104744,
        0.5994789404140899,
        0.7580585582775105,
        0.6263873490988712,
        0.4330127018922193,
        0.20833333333333334,
        0.5448623679425842,
        0.33071891388307384,
        1.0752906583803283,
        0.8100925873009825,
        0.30618621784789724,
        0.6846531968814576,
        0.6614378277661477,
        0.5303300858899106,
        0.5605676686280713,
        1.0458250331675945,
        0.8488145328109735,
        0.45069390943299864,
        0.649519052838329,
        1.0905210273585335,
        0.8100925873009825,
        0.414578098794425,
        0.6846531968814576,
        0.21650635094610965,
        0.57282196186948,
        0.5303300858899106
    ],
    [
        0.37034143405481623,
        0.7806247497997998,
        0.4750730937913075,
        1.3339842161318431,
        0.7083333333333334,
        0.7488416981504762,
        0.16666666666666666,
        0.0,
        0.7783975705112252,
        0.5270462766947299,
        0.37034143405481623,
        0.37034143405481623,
        0.3004626062886658,
        0.4639803635691685,
        0.8447139555297206,
        0.023809523809523808,
        0.6934715407122183,
        1.2956926504555177,
        0.5980291706003051,
        0.4039733214513608,
        0.6123724356957945,
        1.0704360482220943,
        0.4289845892077917,
        0.9921567416492215,
        0.4289845892077917,
        0.6095307849303248,
        0.7312470322826768,
        0.5559026693385972,
        0.4639803635691685,
        0.125,
        0.5697830971323893,
        0.37034143405481623,
        1.0728660991319776,
        0.81967981553775,
        0.34860834438919813,
        0.6934715407122183,
        0.5335936864527374,
        0.5187458165828638,
        0.4805234414446165,
        1.0590220855949029,
        0.798218502527834,
        0.462105687767059,
        0.6705615391429617,
        1.0391636594449938,
        0.7795119555779044,
        0.44682522061515034,
        0.7046472718869902,
        0.27322660517925,
        0.5965758776365148,
        0.37730771408905905
    ],
    [
        1.224744871391589,
        0.6588078458684123,
        0.9013878188659973,
        1.0897247358851685,
        0.6123724356957945,
        0.6123724356957945,
        0.7603453162872774,
        0.7783975705112252,
        0.0,
        0.649519052838329,
        1.224744871391589,
        0.673145600891813,
        0.6959705453537527,
        0.57282196186948,
        0.8569568250501305,
        0.771172245774614,
        0.6846531968814576,
        0.9519716382329886,
        0.57282196186948,
        0.649519052838329,
        0.7083333333333334,
        0.9013878188659973,
        0.6123724356957945,
        0.7288689868556626,
        0.7071067811865476,
        0.5994789404140899,
        0.6095307849303248,
        0.7192781875680029,
        0.6614378277661477,
        0.7580585582775105,
        0.7071067811865476,
        0.6846531968814576,
        0.7905694150420949,
        0.5994789404140899,
        0.9519716382329886,
        0.57282196186948,
        0.7905694150420949,
        0.5590169943749475,
        0.6744339190099435,
        0.7806247497997998,
        0.7916666666666667,
        0.5863019699779287,
        0.5863019699779287,
        0.8302024518821365,
        0.6373774391990981,
        0.6373774391990981,
        0.6123724356957945,
        0.6959705453537527,
        0.5994789404140899,
        0.9437293044088437
    ],
    [
        0.6614378277661477,
        0.7264831572567789,
        0.5863019699779287,
        1.4306903927824497,
        0.673145600891813,
        0.5590169943749475,
        0.5,
        0.5270462766947299,
        0.649519052838329,
        0.0,
        0.6614378277661477,
        0.414578098794425,
        0.4330127018922193,
        0.4841229182759271,
        0.9354143466934853,
        0.5200078492343227,
        0.5590169943749475,
        1.1858541225631423,
        0.4841229182759271,
        0.4330127018922193,
        0.6137883276106765,
        0.960143218483576,
        0.3535533905932738,
        0.81967981553775,
        0.33071891388307384,
        0.5,
        0.6468406123441677,
        0.6263873490988712,
        0.5,
        0.5120085719768545,
        0.375,
        0.39528470752104744,
        1.0,
        0.739509972887452,
        0.5994789404140899,
        0.5448623679425842,
        0.673145600891813,
        0.4841229182759271,
        0.5319643889501544,
        0.8926785535678563,
        0.8111634305804911,
        0.39528470752104744,
        0.6123724356957945,
        0.9851325347947408,
        0.673145600891813,
        0.4841229182759271,
        0.5153882032022076,
        0.4330127018922193,
        0.4841229182759271,
        0.7288689868556626
    ],
    [
        0.0,
        1.1234557302260635,
        0.75,
        2.1972994789058684,
        1.0752906583803283,
        1.0383279828647594,
        0.3535533905932738,
        0.37034143405481623,
        1.224744871391589,
        0.6614378277661477,
        0.0,
        0.5994789404140899,
        0.4330127018922193,
        0.6959705453537527,
        1.2562344526401112,
        0.3813242232868325,
        0.9762812094883317,
        1.7940875118009154,
        0.8926785535678563,
        0.6959705453537527,
        1.0466547239233726,
        1.58607219255619,
        0.649519052838329,
        1.3635890143294642,
        0.6123724356957945,
        0.8926785535678563,
        1.130388330520878,
        0.9363418772601764,
        0.75,
        0.4289845892077917,
        0.75,
        0.5994789404140899,
        1.6863421954040052,
        1.2747548783981961,
        0.125,
        0.9762812094883317,
        0.9013878188659973,
        0.8100925873009825,
        0.7511565157216644,
        1.4252192813739224,
        1.3057033013326997,
        0.770551750371122,
        0.9762812094883317,
        1.5767406607020418,
        1.2562344526401112,
        0.770551750371122,
        1.125,
        0.5153882032022076,
        0.875,
        0.5863019699779287
    ],
    [
        0.5994789404140899,
        0.7371585838730889,
        0.5303300858899106,
        1.3287682265918312,
        0.5863019699779287,
        0.649519052838329,
        0.33071891388307384,
        0.37034143405481623,
        0.673145600891813,
        0.414578098794425,
        0.5994789404140899,
        0.0,
        0.21650635094610965,
        0.414578098794425,
        0.8660254037844386,
        0.3602543036041431,
        0.6373774391990981,
        1.0968705484240153,
        0.5,
        0.45069390943299864,
        0.6263873490988712,
        1.0606601717798212,
        0.30618621784789724,
        0.875,
        0.414578098794425,
        0.5590169943749475,
        0.6095307849303248,
        0.5877806658194118,
        0.46770717334674267,
        0.34860834438919813,
        0.4841229182759271,
        0.3535533905932738,
        0.9270248108869579,
        0.673145600891813,
        0.5448623679425842,
        0.5590169943749475,
        0.625,
        0.46770717334674267,
        0.517069735249619,
        0.9354143466934853,
        0.8111634305804911,
        0.414578098794425,
        0.5590169943749475,
        0.9771699499632145,
        0.7288689868556626,
        0.3535533905932738,
        0.5590169943749475,
        0.30618621784789724,
        0.46770717334674267,
        0.6373774391990981
    ],
    [
        0.4330127018922193,
        0.7580585582775105,
        0.5863019699779287,
        1.4086784586980805,
        0.673145600891813,
        0.649519052838329,
        0.25,
        0.3004626062886658,
        0.6959705453537527,
        0.4330127018922193,
        0.4330127018922193,
        0.21650635094610965,
        0.0,
        0.3535533905932738,
        0.9100137361600648,
        0.2879377767249482,
        0.625,
        1.2930100540985752,
        0.5303300858899106,
        0.39528470752104744,
        0.6508541396588878,
        1.1110243021644486,
        0.30618621784789724,
        0.9270248108869579,
        0.30618621784789724,
        0.5303300858899106,
        0.6821127309893709,
        0.5743353646704259,
        0.4330127018922193,
        0.27322660517925,
        0.4841229182759271,
        0.375,
        1.0458250331675945,
        0.7603453162872774,
        0.39528470752104744,
        0.6123724356957945,
        0.6123724356957945,
        0.45069390943299864,
        0.5017331074496789,
        0.9762812094883317,
        0.8111634305804911,
        0.375,
        0.5994789404140899,
        1.0391636594449938,
        0.7603453162872774,
        0.33071891388307384,
        0.625,
        0.21650635094610965,
        0.5153882032022076,
        0.5863019699779287
    ],
    [
        0.6959705453537527,
        0.6821127309893709,
        0.4841229182759271,
        1.1792476415070754,
        0.5303300858899106,
        0.5863019699779287,
        0.4330127018922193,
        0.4639803635691685,
        0.57282196186948,
        0.4841229182759271,
        0.6959705453537527,
        0.414578098794425,
        0.3535533905932738,
        0.0,
        0.8926785535678563,
        0.45596947624298945,
        0.4330127018922193,
        1.125,
        0.4841229182759271,
        0.414578098794425,
        0.6744339190099435,
        0.9762812094883317,
        0.414578098794425,
        0.770551750371122,
        0.46770717334674267,
        0.45069390943299864,
        0.6588078458684123,
        0.5464532103585,
        0.33071891388307384,
        0.44682522061515034,
        0.5590169943749475,
        0.4841229182759271,
        0.960143218483576,
        0.6959705453537527,
        0.625,
        0.5153882032022076,
        0.673145600891813,
        0.45069390943299864,
        0.5464532103585,
        0.8569568250501305,
        0.7406828681096325,
        0.4330127018922193,
        0.45069390943299864,
        1.0086432030758503,
        0.6123724356957945,
        0.414578098794425,
        0.5,
        0.4330127018922193,
        0.5303300858899106,
        0.6846531968814576
    ],
    [
        1.2562344526401112,
        0.7872684844871327,
        0.875,
        1.0458250331675945,
        0.7806247497997998,
        0.770551750371122,
        0.9682458365518543,
        0.8447139555297206,
        0.8569568250501305,
        0.9354143466934853,
        1.2562344526401112,
        0.8660254037844386,
        0.9100137361600648,
        0.8926785535678563,
        0.0,
        0.8606698269489923,
        1.0383279828647594,
        1.0532687216470449,
        0.8385254915624212,
        0.7071067811865476,
        0.6222160217945033,
        0.7806247497997998,
        0.8477912478906585,
        0.9354143466934853,
        0.9185586535436918,
        0.8660254037844386,
        0.6454972243679028,
        0.7144345083117603,
        0.9519716382329886,
        0.8260094833999588,
        0.9100137361600648,
        0.9354143466934853,
        0.9842509842514764,
        0.8100925873009825,
        1.1858541225631423,
        0.8003905296791061,
        0.6846531968814576,
        0.7905694150420949,
        0.6808389432653413,
        1.0,
        0.8354140689901426,
        0.8100925873009825,
        0.9519716382329886,
        0.8079466429027216,
        0.8660254037844386,
        0.960143218483576,
        0.8569568250501305,
        0.9762812094883317,
        0.8660254037844386,
        0.8660254037844386
    ],
    [
        0.3813242232868325,
        0.7809877677813118,
        0.4798224586623001,
        1.3675587141818424,
        0.70733222572637,
        0.7429515736683829,
        0.14285714285714285,
        0.023809523809523808,
        0.771172245774614,
        0.5200078492343227,
        0.3813242232868325,
        0.3602543036041431,
        0.2879377767249482,
        0.45596947624298945,
        0.8606698269489923,
        0.0,
        0.6881374595713462,
        1.2974415562316226,
        0.5906369788764724,
        0.40954803361356124,
        0.6169837390404732,
        1.0621623112830751,
        0.42030722485499356,
        0.9947246055146755,
        0.42030722485499356,
        0.6034551874541357,
        0.7296949009867598,
        0.5634990498113746,
        0.45596947624298945,
        0.12724737099066638,
        0.5200078492343227,
        0.3602543036041431,
        1.0736583939683866,
        0.8134315695664553,
        0.3378729987218661,
        0.6881374595713462,
        0.5474896327412818,
        0.516006545599996,
        0.4892915073229066,
        1.055536907580832,
        0.8131919694256221,
        0.4528115118966417,
        0.6650437303405741,
        1.0412073817407286,
        0.7885500773507006,
        0.4385010413503098,
        0.6978008458064258,
        0.2593899829702491,
        0.590366973386305,
        0.39849845722181065
    ],
    [
        0.9762812094883317,
        0.7046472718869902,
        0.649519052838329,
        1.4306903927824497,
        0.739509972887452,
        0.6959705453537527,
        0.673145600891813,
        0.6934715407122183,
        0.6846531968814576,
        0.5590169943749475,
        0.9762812094883317,
        0.6373774391990981,
        0.625,
        0.4330127018922193,
        1.0383279828647594,
        0.6881374595713462,
        0.0,
        1.0897247358851685,
        0.5,
        0.5153882032022076,
        0.7614861201040444,
        1.015504800579495,
        0.5303300858899106,
        0.9013878188659973,
        0.5994789404140899,
        0.5448623679425842,
        0.7264831572567789,
        0.5605676686280713,
        0.5153882032022076,
        0.6821127309893709,
        0.75,
        0.5863019699779287,
        1.0606601717798212,
        0.82915619758885,
        0.7603453162872774,
        0.625,
        0.739509972887452,
        0.5590169943749475,
        0.7083333333333334,
        0.9682458365518543,
        0.7614861201040444,
        0.5,
        0.57282196186948,
        1.068812944865055,
        0.8385254915624212,
        0.5448623679425842,
        0.6123724356957945,
        0.5590169943749475,
        0.6373774391990981,
        0.8569568250501305
    ],
    [
        1.7940875118009154,
        1.011221758292633,
        1.0606601717798212,
        1.125,
        0.9519716382329886,
        1.015504800579495,
        1.3169567191065923,
        1.2956926504555177,
        0.9519716382329886,
        1.1858541225631423,
        1.7940875118009154,
        1.0968705484240153,
        1.2930100540985752,
        1.125,
        1.0532687216470449,
        1.2974415562316226,
        1.0897247358851685,
        0.0,
        1.0825317547305484,
        1.0897247358851685,
        0.97182531580755,
        1.0,
        1.103970108290981,
        0.9270248108869579,
        1.2054563451241194,
        1.0680004681646913,
        0.9391189724653871,
        1.1418491338370602,
        1.103970108290981,
        1.2896489617118467,
        1.1524430571616109,
        1.1319231422671772,
        1.0077822185373186,
        0.9842509842514764,
        1.4197270864500684,
        0.9270248108869579,
        1.1110243021644486,
        1.0968705484240153,
        1.07124667768187,
        1.0606601717798212,
        0.9052317076000179,
        1.0968705484240153,
        1.0825317547305484,
        0.7850601533923655,
        0.9100137361600648,
        1.0825317547305484,
        1.0752906583803283,
        1.192424001771182,
        1.0680004681646913,
        1.3287682265918312
    ],
    [
        0.8926785535678563,
        0.5697830971323893,
        0.6614378277661477,
        1.1110243021644486,
        0.5863019699779287,
        0.5,
        0.5863019699779287,
        0.5980291706003051,
        0.57282196186948,
        0.4841229182759271,
        0.8926785535678563,
        0.5,
        0.5303300858899106,
        0.4841229182759271,
        0.8385254915624212,
        0.5906369788764724,
        0.5,
        1.0825317547305484,
        0.0,
        0.4841229182759271,
        0.6508541396588878,
        0.8477912478906585,
        0.4330127018922193,
        0.739509972887452,
        0.5448623679425842,
        0.46770717334674267,
        0.5574620066774855,
        0.5464532103585,
        0.5153882032022076,
        0.584819535317425,
        0.5994789404140899,
        0.5,
        0.8838834764831844,
        0.649519052838329,
        0.7288689868556626,
        0.4330127018922193,
        0.649519052838329,
        0.4330127018922193,
        0.5877806658194118,
        0.8385254915624212,
        0.6859199013814303,
        0.414578098794425,
        0.5153882032022076,
        0.8936504412303007,
        0.5994789404140899,
        0.46770717334674267,
        0.5303300858899106,
        0.5153882032022076,
        0.5153882032022076,
        0.7905694150420949
    ],
    [
        0.6959705453537527,
        0.6305310812675649,
        0.5,
        1.1319231422671772,
        0.625,
        0.649519052838329,
        0.46770717334674267,
        0.4039733214513608,
        0.649519052838329,
        0.4330127018922193,
        0.6959705453537527,
        0.45069390943299864,
        0.39528470752104744,
        0.414578098794425,
        0.7071067811865476,
        0.40954803361356124,
        0.5153882032022076,
        1.0897247358851685,
        0.4841229182759271,
        0.0,
        0.565194165260439,
        0.8838834764831844,
        0.39528470752104744,
        0.9013878188659973,
        0.4841229182759271,
        0.5590169943749475,
        0.565194165260439,
        0.44095855184409843,
        0.46770717334674267,
        0.384147685720537,
        0.5303300858899106,
        0.46770717334674267,
        0.9921567416492215,
        0.75,
        0.6373774391990981,
        0.5863019699779287,
        0.4841229182759271,
        0.46770717334674267,
        0.384147685720537,
        0.9185586535436918,
        0.6782841915041544,
        0.414578098794425,
        0.5994789404140899,
        0.9307628293203615,
        0.673145600891813,
        0.45069390943299864,
        0.6373774391990981,
        0.4330127018922193,
        0.5,
        0.5
    ],
    [
        1.0466547239233726,
        0.6959705453537527,
        0.7441904624788229,
        0.93355652093367,
        0.6222160217945033,
        0.6627489050244527,
        0.6972166887783963,
        0.6123724356957945,
        0.7083333333333334,
        0.6137883276106765,
        1.0466547239233726,
        0.6263873490988712,
        0.6508541396588878,
        0.6744339190099435,
        0.6222160217945033,
        0.6169837390404732,
        0.7614861201040444,
        0.97182531580755,
        0.6508541396588878,
        0.565194165260439,
        0.0,
        0.6821127309893709,
        0.6009252125773316,
        0.8302024518821365,
        0.6137883276106765,
        0.6859199013814303,
        0.5697830971323893,
        0.5,
        0.7406828681096325,
        0.5994789404140899,
        0.6387379048648288,
        0.6627489050244527,
        0.858980338670346,
        0.7192781875680029,
        0.9023503261544882,
        0.6508541396588878,
        0.5270462766947299,
        0.6009252125773316,
        0.45069390943299864,
        0.8936504412303007,
        0.673145600891813,
        0.5743353646704259,
        0.6972166887783963,
        0.7180703308172536,
        0.6833841444523635,
        0.6627489050244527,
        0.6387379048648288,
        0.6387379048648288,
        0.6387379048648288,
        0.6705615391429617
    ],
    [
        1.58607219255619,
        0.8416254115301732,
        1.0383279828647594,
        1.0231690964840563,
        0.8569568250501305,
        0.8477912478906585,
        1.14564392373896,
        1.0704360482220943,
        0.9013878188659973,
        0.960143218483576,
        1.58607219255619,
        1.0606601717798212,
        1.1110243021644486,
        0.9762812094883317,
        0.7806247497997998,
        1.0621623112830751,
        1.015504800579495,
        1.0,
        0.8477912478906585,
        0.8838834764831844,
        0.6821127309893709,
        0.0,
        1.0077822185373186,
        0.9437293044088437,
        1.0307764064044151,
        0.9100137361600648,
        0.8228507357554792,
        0.8640183897219884,
        0.9762812094883317,
        1.0557382882766606,
        0.9762812094883317,
        0.9519716382329886,
        0.8926785535678563,
        0.960143218483576,
        1.2562344526401112,
        0.8477912478906585,
        0.75,
        0.9682458365518543,
        0.9081039465709737,
        0.9270248108869579,
        0.8364524958285304,
        0.9762812094883317,
        0.9519716382329886,
        0.8270597183866336,
        0.8385254915624212,
        1.0,
        0.9437293044088437,
        1.0825317547305484,
        0.9270248108869579,
        1.0383279828647594
    ],
    [
        0.649519052838329,
        0.6705615391429617,
        0.5863019699779287,
        1.2624381172952597,
        0.57282196186948,
        0.5590169943749475,
        0.39528470752104744,
        0.4289845892077917,
        0.6123724356957945,
        0.3535533905932738,
        0.649519052838329,
        0.30618621784789724,
        0.30618621784789724,
        0.414578098794425,
        0.8477912478906585,
        0.42030722485499356,
        0.5303300858899106,
        1.103970108290981,
        0.4330127018922193,
        0.39528470752104744,
        0.6009252125773316,
        1.0077822185373186,
        0.0,
        0.82915619758885,
        0.39528470752104744,
        0.46770717334674267,
        0.5416666666666666,
        0.5743353646704259,
        0.39528470752104744,
        0.4103690750748377,
        0.46770717334674267,
        0.39528470752104744,
        0.8926785535678563,
        0.625,
        0.5994789404140899,
        0.5448623679425842,
        0.625,
        0.414578098794425,
        0.46955948623269356,
        0.9100137361600648,
        0.7511565157216644,
        0.33071891388307384,
        0.5590169943749475,
        0.9109671295448103,
        0.6614378277661477,
        0.3535533905932738,
        0.5448623679425842,
        0.33071891388307384,
        0.4330127018922193,
        0.6614378277661477
    ],
    [
        1.3635890143294642,
        0.8457409637576849,
        0.9437293044088437,
        1.1989578808281798,
        0.6614378277661477,
        0.6959705453537527,
        0.9921567416492215,
        0.9921567416492215,
        0.7288689868556626,
        0.81967981553775,
        1.3635890143294642,
        0.875,
        0.9270248108869579,
        0.770551750371122,
        0.9354143466934853,
        0.9947246055146755,
        0.9013878188659973,
        0.9270248108869579,
        0.739509972887452,
        0.9013878188659973,
        0.8302024518821365,
        0.9437293044088437,
        0.82915619758885,
        0.0,
        0.9270248108869579,
        0.8003905296791061,
        0.8270597183866336,
        0.8848650242331376,
        0.875,
        0.9762812094883319,
        0.9185586535436918,
        0.8838834764831844,
        0.875,
        0.770551750371122,
        1.118033988749895,
        0.7288689868556626,
        0.9842509842514764,
        0.739509972887452,
        0.9109671295448103,
        0.9842509842514764,
        0.9771699499632145,
        0.770551750371122,
        0.7806247497997998,
        0.8759915017345267,
        0.5994789404140899,
        0.82915619758885,
        0.8660254037844386,
        0.9185586535436918,
        0.7905694150420949,
        1.1388041973930374
    ],
    [
        0.6123724356957945,
        0.7580585582775105,
        0.5994789404140899,
        1.3050383136138188,
        0.7071067811865476,
        0.6123724356957945,
        0.39528470752104744,
        0.4289845892077917,
        0.7071067811865476,
        0.33071891388307384,
        0.6123724356957945,
        0.414578098794425,
        0.30618621784789724,
        0.46770717334674267,
        0.9185586535436918,
        0.42030722485499356,
        0.5994789404140899,
        1.2054563451241194,
        0.5448623679425842,
        0.4841229182759271,
        0.6137883276106765,
        1.0307764064044151,
        0.39528470752104744,
        0.9270248108869579,
        0.0,
        0.57282196186948,
        0.6821127309893709,
        0.6387379048648288,
        0.5,
        0.4103690750748377,
        0.375,
        0.3535533905932738,
        1.0231690964840563,
        0.8003905296791061,
        0.5590169943749475,
        0.6373774391990981,
        0.649519052838329,
        0.5448623679425842,
        0.5743353646704259,
        0.9270248108869579,
        0.8395600699837452,
        0.45069390943299864,
        0.649519052838329,
        1.0391636594449938,
        0.770551750371122,
        0.45069390943299864,
        0.57282196186948,
        0.33071891388307384,
        0.5590169943749475,
        0.6614378277661477
    ],
    [
        0.8926785535678563,
        0.5965758776365148,
        0.6614378277661477,
        1.2374368670764582,
        0.6123724356957945,
        0.5448623679425842,
        0.5994789404140899,
        0.6095307849303248,
        0.5994789404140899,
        0.5,
        0.8926785535678563,
        0.5590169943749475,
        0.5303300858899106,
        0.45069390943299864,
        0.8660254037844386,
        0.6034551874541357,
        0.5448623679425842,
        1.0680004681646913,
        0.46770717334674267,
        0.5590169943749475,
        0.6859199013814303,
        0.9100137361600648,
        0.46770717334674267,
        0.8003905296791061,
        0.57282196186948,
        0.0,
        0.5559026693385972,
        0.6009252125773316,
        0.5,
        0.5965758776365148,
        0.46770717334674267,
        0.5448623679425842,
        0.8926785535678563,
        0.6373774391990981,
        0.8003905296791061,
        0.414578098794425,
        0.75,
        0.45069390943299864,
        0.5605676686280713,
        0.739509972887452,
        0.7300589778306347,
        0.5303300858899106,
        0.5863019699779287,
        0.9195031871130797,
        0.57282196186948,
        0.5303300858899106,
        0.46770717334674267,
        0.5863019699779287,
        0.5590169943749475,
        0.8100925873009825
    ],
    [
        1.130388330520878,
        0.5863019699779287,
        0.7949493345141213,
        1.0189182717197902,
        0.5605676686280713,
        0.6095307849303248,
        0.7580585582775105,
        0.7312470322826768,
        0.6095307849303248,
        0.6468406123441677,
        1.130388330520878,
        0.6095307849303248,
        0.6821127309893709,
        0.6588078458684123,
        0.6454972243679028,
        0.7296949009867598,
        0.7264831572567789,
        0.9391189724653871,
        0.5574620066774855,
        0.565194165260439,
        0.5697830971323893,
        0.8228507357554792,
        0.5416666666666666,
        0.8270597183866336,
        0.6821127309893709,
        0.5559026693385972,
        0.0,
        0.6095307849303248,
        0.7046472718869902,
        0.7095577652469334,
        0.6346477588219923,
        0.6588078458684123,
        0.7872684844871327,
        0.5697830971323893,
        0.9583333333333334,
        0.5416666666666666,
        0.6640573937712178,
        0.5559026693385972,
        0.49651563699220774,
        0.7783975705112252,
        0.6934715407122183,
        0.5559026693385972,
        0.6934715407122183,
        0.7894706383956841,
        0.6821127309893709,
        0.5965758776365148,
        0.6095307849303248,
        0.6705615391429617,
        0.6346477588219923,
        0.8579691784155834
    ],
    [
        0.9363418772601764,
        0.6346477588219923,
        0.7120003121097942,
        1.044163673845139,
        0.5965758776365148,
        0.6744339190099435,
        0.6263873490988712,
        0.5559026693385972,
        0.7192781875680029,
        0.6263873490988712,
        0.9363418772601764,
        0.5877806658194118,
        0.5743353646704259,
        0.5464532103585,
        0.7144345083117603,
        0.5634990498113746,
        0.5605676686280713,
        1.1418491338370602,
        0.5464532103585,
        0.44095855184409843,
        0.5,
        0.8640183897219884,
        0.5743353646704259,
        0.8848650242331376,
        0.6387379048648288,
        0.6009252125773316,
        0.6095307849303248,
        0.0,
        0.6137883276106765,
        0.5416666666666666,
        0.5605676686280713,
        0.6387379048648288,
        0.9288957004003314,
        0.7511565157216644,
        0.8302024518821365,
        0.6387379048648288,
        0.5697830971323893,
        0.517069735249619,
        0.414578098794425,
        0.952883052169106,
        0.7288689868556626,
        0.5464532103585,
        0.6009252125773316,
        0.9185586535436918,
        0.6947221666888778,
        0.5605676686280713,
        0.6387379048648288,
        0.6137883276106765,
        0.7083333333333334,
        0.6095307849303248
    ],
    [
        0.75,
        0.7046472718869902,
        0.46770717334674267,
        1.2624381172952597,
        0.673145600891813,
        0.673145600891813,
        0.4330127018922193,
        0.4639803635691685,
        0.6614378277661477,
        0.5,
        0.75,
        0.46770717334674267,
        0.4330127018922193,
        0.33071891388307384,
        0.9519716382329886,
        0.45596947624298945,
        0.5153882032022076,
        1.103970108290981,
        0.5153882032022076,
        0.46770717334674267,
        0.7406828681096325,
        0.9762812094883317,
        0.39528470752104744,
        0.875,
        0.5,
        0.5,
        0.7046472718869902,
        0.6137883276106765,
        0.0,
        0.44682522061515034,
        0.5303300858899106,
        0.45069390943299864,
        0.9842509842514764,
        0.770551750371122,
        0.625,
        0.5863019699779287,
        0.6846531968814576,
        0.57282196186948,
        0.6137883276106765,
        0.9100137361600648,
        0.7511565157216644,
        0.5153882032022076,
        0.4841229182759271,
        1.0540925533894598,
        0.7071067811865476,
        0.414578098794425,
        0.57282196186948,
        0.414578098794425,
        0.5303300858899106,
        0.6846531968814576
    ],
    [
        0.4289845892077917,
        0.770551750371122,
        0.4912427551063165,
        1.3281147875424353,
        0.6972166887783963,
        0.7168604389202189,
        0.20833333333333334,
        0.125,
        0.7580585582775105,
        0.5120085719768545,
        0.4289845892077917,
        0.34860834438919813,
        0.27322660517925,
        0.44682522061515034,
        0.8260094833999588,
        0.12724737099066638,
        0.6821127309893709,
        1.2896489617118467,
        0.584819535317425,
        0.384147685720537,
        0.5994789404140899,
        1.0557382882766606,
        0.4103690750748377,
        0.9762812094883319,
        0.4103690750748377,
        0.5965758776365148,
        0.7095577652469334,
        0.5416666666666666,
        0.44682522061515034,
        0.0,
        0.5559026693385972,
        0.34860834438919813,
        1.0655593210453684,
