[
    [
        0.0,
        0.21875,
        0.4595450365578982,
        0.1795175827043134,
        0.0855816496101822,
        0.1570293065800139,
        0.1690102160373745,
        0.1616262567623219,
        0.1137517170200081,
        0.23228232417685166,
        0.14320549046737,
        0.15546678704790937,
        0.13887803777055607,
        0.16461958988832404,
        0.16237976320958225,
        0.18814991529362962,
        0.25048780534189685,
        0.0924387466109315,
        0.09375,
        0.09375,
        0.20846350100197397,
        0.11048543456039805,
        0.22480460265528374,
        0.09375,
        0.07493486755176124,
        0.1795175827043134,
        0.09882117688026186,
        0.05412658773652741,
        0.13975424859373686,
        0.078125,
        0.171875,
        0.22910747341586218,
        0.23644915547533682,
        0.2096313728906053,
        0.11158481919598204,
        0.071602745233685,
        0.10004881620988826,
        0.10597390598633231,
        0.16755945773068137,
        0.15467960838455727,
        0.11587810136086973,
        0.10597390598633231,
        0.29416710930089457,
        0.15857643070456592,
        0.09882117688026186,
        0.16312978920172735,
        0.1316585902058806,
        0.14405538214520136,
        0.16312978920172735
    ],
    [
        0.21875,
        0.0,
        0.24105075969596113,
        0.16682934768798924,
        0.13441133229754104,
        0.1616262567623219,
        0.22041774968227945,
        0.1616262567623219,
        0.20432338797846908,
        0.265625,
        0.2072890493972125,
        0.23228232417685166,
        0.20551478809321727,
        0.22207297505549836,
        0.22910747341586218,
        0.28341183042526646,
        0.328125,
        0.16973094517500337,
        0.1767766952966369,
        0.15068204314051492,
        0.09757809372497497,
        0.1690102160373745,
        0.14574029770451274,
        0.1660960283239789,
        0.14657549249448218,
        0.15467960838455727,
        0.1781524101717403,
        0.12203515118604147,
        0.21194781197266463,
        0.11158481919598204,
        0.1514899955442603,
        0.15309310892394862,
        0.1288470508005519,
        0.2096313728906053,
        0.140625,
        0.14823176532039278,
        0.16387638252658618,
        0.21021287573552672,
        0.14574029770451274,
        0.14823176532039278,
        0.19825902406952375,
        0.11899645477912357,
        0.18296008406510725,
        0.19640320453088336,
        0.184877493221863,
        0.06442352540027595,
        0.23799290955824715,
        0.20372507516258279,
        0.14823176532039278
    ],
    [
        0.4595450365578982,
        0.24105075969596113,
        0.0,
        0.3128903811640748,
        0.3881169483866944,
        0.49063495212836195,
        0.5096720759468778,
        0.28427195935406646,
        0.4705693858242374,
        0.5640170514931264,
        0.48210151939192225,
        0.5186935210218072,
        0.40834794829287435,
        0.3597145135381668,
        0.5193990668310832,
        0.45177600921253,
        0.33145630368119416,
        0.40050017556175926,
        0.453125,
        0.3549317716125171,
        0.22696623509896796,
        0.4059494080239556,
        0.27198273727389394,
        0.4493376201421377,
        0.38685682509812336,
        0.29064180058966055,
        0.40474480771839433,
        0.36876324128768584,
        0.4975526040028331,
        0.3412551510600243,
        0.34903606099513557,
        0.2096313728906053,
        0.2509746625657658,
        0.5412658773652742,
        0.3444594950788844,
        0.38081430021731066,
        0.4435959239555747,
        0.4215855488510013,
        0.30737993082665627,
        0.28683687110446593,
        0.4674461031766122,
        0.3423265984407288,
        0.21899787543363167,
        0.3209787278777209,
        0.41191957270200213,
        0.23175620272173947,
        0.46875,
        0.3983608994994363,
        0.4833658843205631
    ],
    [
        0.1795175827043134,
        0.16682934768798924,
        0.3128903811640748,
        0.0,
        0.11481983169296148,
        0.18944305707784595,
        0.19390115071860714,
        0.1137517170200081,
        0.17258376589355096,
        0.24803918541230538,
        0.1801962905417312,
        0.18087245160609727,
        0.13258252147247765,
        0.109375,
        0.1988737822087165,
        0.1781524101717403,
        0.2348952559120767,
        0.1307281291459493,
        0.14657549249448218,
        0.11158481919598204,
        0.1316585902058806,
        0.125,
        0.120017902310447,
        0.15546678704790937,
        0.12303137303143455,
        0.10481568644530265,
        0.11267347735824966,
        0.15546678704790937,
        0.1753901900050285,
        0.13258252147247765,
        0.1316585902058806,
        0.18684782411095935,
        0.1137517170200081,
        0.22152260748059102,
        0.08267972847076846,
        0.16461958988832404,
        0.171875,
        0.15467960838455727,
        0.1137517170200081,
        0.1288470508005519,
        0.1781524101717403,
        0.109375,
        0.14187331741537745,
        0.10004881620988826,
        0.15625,
        0.15309310892394862,
        0.17608480733726006,
        0.11267347735824966,
        0.18154609435347266
    ],
    [
        0.0855816496101822,
        0.13441133229754104,
        0.3881169483866944,
        0.11481983169296148,
        0.0,
        0.12789613706050704,
        0.1316585902058806,
        0.120017902310447,
        0.09375,
        0.20610790559801437,
        0.1137517170200081,
        0.12303137303143455,
        0.10825317547305482,
        0.10711960313126631,
        0.13710881855300192,
        0.184877493221863,
        0.2829807855667943,
        0.0897587913521567,
        0.071602745233685,
        0.09110862335695782,
        0.15780476466190746,
        0.09110862335695782,
        0.14149039278339715,
        0.06629126073623882,
        0.06810779599282303,
        0.12303137303143455,
        0.05846339666834283,
        0.06810779599282303,
        0.11587810136086973,
        0.06629126073623882,
        0.11481983169296148,
        0.2125229766989913,
        0.14740595518838442,
        0.1711632992203644,
        0.06987712429686843,
        0.09504316453590968,
        0.09110862335695782,
        0.11048543456039805,
        0.10481568644530265,
        0.15068204314051492,
        0.10481568644530265,
        0.07493486755176124,
        0.2104708057414245,
        0.1307281291459493,
        0.12103072956898178,
        0.11481983169296148,
        0.13887803777055607,
        0.125,
        0.12401959270615269
    ],
    [
        0.1570293065800139,
        0.1616262567623219,
        0.49063495212836195,
        0.18944305707784595,
        0.12789613706050704,
        0.0,
        0.027063293868263706,
        0.21875,
        0.06051536478449089,
        0.05633673867912483,
        0.04133986423538423,
        0.03125,
        0.07654655446197431,
        0.14905300022139775,
        0.04133986423538423,
        0.21079277442550065,
        0.3681005934184296,
        0.14405538214520136,
        0.06810779599282303,
        0.1608692209529219,
        0.29646353064078557,
        0.07328774624724109,
        0.19452968121857395,
        0.08699631816921909,
        0.11481983169296148,
        0.19948664585630788,
        0.1307281291459493,
        0.11048543456039805,
        0.04419417382415922,
        0.10711960313126631,
        0.10004881620988826,
        0.34798527267687634,
        0.22152260748059102,
        0.027063293868263706,
        0.12203515118604147,
        0.109375,
        0.06987712429686843,
        0.0855816496101822,
        0.20904825250405706,
        0.24556615071096424,
        0.06810779599282303,
        0.1288470508005519,
        0.29951313213187236,
        0.19702375332685143,
        0.10711960313126631,
        0.20432338797846908,
        0.0625,
        0.09757809372497497,
        0.03125
    ],
    [
        0.1690102160373745,
        0.22041774968227945,
        0.5096720759468778,
        0.19390115071860714,
        0.1316585902058806,
        0.027063293868263706,
        0.0,
        0.2209708691207961,
        0.04419417382415922,
        0.05182226234930312,
        0.034938562148434216,
        0.027063293868263706,
        0.07328774624724109,
        0.14574029770451274,
        0.027063293868263706,
        0.20787710461953235,
        0.36743675050952646,
        0.15309310892394862,
        0.07967217989988726,
        0.1690102160373745,
        0.32588521272834703,
        0.07493486755176124,
        0.203125,
        0.07654655446197431,
        0.1335000585205864,
        0.20787710461953235,
        0.1269381000724369,
        0.12103072956898178,
        0.034938562148434216,
        0.11899645477912357,
        0.09504316453590968,
        0.3640993811790951,
        0.2395267143243108,
        0.03125,
        0.1307281291459493,
        0.109375,
        0.07328774624724109,
        0.07493486755176124,
        0.22534695471649932,
        0.2642427269576213,
        0.06442352540027595,
        0.14235052467412967,
        0.30795303123113504,
        0.19390115071860714,
        0.11048543456039805,
        0.21650635094610965,
        0.05412658773652741,
        0.0924387466109315,
        0.038273277230987154
    ],
    [
        0.1616262567623219,
        0.1616262567623219,
        0.28427195935406646,
        0.1137517170200081,
        0.120017902310447,
        0.21875,
        0.2209708691207961,
        0.0,
        0.16828640022295324,
        0.3001464486296648,
        0.18814991529362962,
        0.214808235701055,
        0.1307281291459493,
        0.1137517170200081,
        0.2275034340400162,
        0.19948664585630788,
        0.20432338797846908,
        0.13258252147247765,
        0.16312978920172735,
        0.10825317547305482,
        0.14320549046737,
        0.14235052467412967,
        0.09757809372497497,
        0.1753901900050285,
        0.12303137303143455,
        0.10825317547305482,
        0.13710881855300192,
        0.13258252147247765,
        0.19200321449132043,
        0.14235052467412967,
        0.1137517170200081,
        0.1781524101717403,
        0.11158481919598204,
        0.2572199630180364,
        0.10004881620988826,
        0.11796616305110547,
        0.16387638252658618,
        0.14823176532039278,
        0.12103072956898178,
        0.1316585902058806,
        0.1795175827043134,
        0.11158481919598204,
        0.10179593898797949,
        0.109375,
        0.13621559198564606,
        0.15780476466190746,
        0.15546678704790937,
        0.12789613706050704,
        0.21194781197266463
    ],
    [
        0.1137517170200081,
        0.20432338797846908,
        0.4705693858242374,
        0.17258376589355096,
        0.09375,
        0.06051536478449089,
        0.04419417382415922,
        0.16828640022295324,
        0.0,
        0.10364452469860624,
        0.034938562148434216,
        0.05412658773652741,
        0.07493486755176124,
        0.12203515118604147,
        0.046875,
        0.18355218944485516,
        0.3081731706768128,
        0.10825317547305482,
        0.05412658773652741,
        0.11587810136086973,
        0.2872621298570349,
        0.05846339666834283,
        0.19515618744994995,
        0.0625,
        0.10364452469860624,
        0.1753901900050285,
        0.10597390598633231,
        0.10481568644530265,
        0.046875,
        0.07328774624724109,
        0.10711960313126631,
        0.30095875444153475,
        0.21930732574403436,
        0.07328774624724109,
        0.11158481919598204,
        0.0625,
        0.04133986423538423,
        0.04941058844013093,
        0.18355218944485516,
        0.213096589015404,
        0.06629126073623882,
        0.12103072956898178,
        0.2681153682548698,
        0.16312978920172735,
        0.09110862335695782,
        0.19136638615493579,
        0.04941058844013093,
        0.0924387466109315,
        0.046875
    ],
    [
        0.23228232417685166,
        0.265625,
        0.5640170514931264,
        0.24803918541230538,
        0.20610790559801437,
        0.05633673867912483,
        0.05182226234930312,
        0.3001464486296648,
        0.10364452469860624,
        0.0,
        0.08267972847076846,
        0.06442352540027595,
        0.11587810136086973,
        0.23175620272173947,
        0.05412658773652741,
        0.24951124097923924,
        0.44138896536954797,
        0.1988737822087165,
        0.12203515118604147,
        0.2275034340400162,
        0.3759752942348739,
        0.1307281291459493,
        0.26608416196760004,
        0.12401959270615269,
        0.17608480733726006,
        0.2724311839712921,
        0.18684782411095935,
        0.14740595518838442,
        0.06987712429686843,
        0.16387638252658618,
        0.12789613706050704,
        0.4236075534914362,
        0.30095875444153475,
        0.015625,
        0.1875,
        0.16755945773068137,
        0.15068204314051492,
        0.13887803777055607,
        0.297285899850632,
        0.3121091305537215,
        0.14149039278339715,
        0.18944305707784595,
        0.38583873286358616,
        0.2567449488305466,
        0.16828640022295324,
        0.2614562582918986,
        0.10245997694221876,
        0.15309310892394862,
        0.05633673867912483
    ],
    [
        0.14320549046737,
        0.2072890493972125,
        0.48210151939192225,
        0.1801962905417312,
        0.1137517170200081,
        0.04133986423538423,
        0.034938562148434216,
        0.18814991529362962,
        0.034938562148434216,
        0.08267972847076846,
        0.0,
        0.038273277230987154,
        0.071602745233685,
        0.1316585902058806,
        0.034938562148434216,
        0.19702375332685143,
        0.3365728004459065,
        0.125,
        0.0625,
        0.13710881855300192,
        0.3069825422560703,
        0.05846339666834283,
        0.18421603316486868,
        0.078125,
        0.11692679333668567,
        0.18421603316486868,
        0.120017902310447,
        0.12103072956898178,
        0.04133986423538423,
        0.0924387466109315,
        0.10126157341262282,
        0.33145630368119416,
        0.21423920626253262,
        0.05412658773652741,
        0.11481983169296148,
        0.08118988160479113,
        0.04133986423538423,
        0.06051536478449089,
        0.19702375332685143,
        0.2395267143243108,
        0.0625,
        0.1288470508005519,
        0.2770715849639664,
        0.1781524101717403,
        0.10004881620988826,
        0.20610790559801437,
        0.05846339666834283,
        0.08414320011147662,
        0.027063293868263706
    ],
    [
        0.15546678704790937,
        0.23228232417685166,
        0.5186935210218072,
        0.18087245160609727,
        0.12303137303143455,
        0.03125,
        0.027063293868263706,
        0.214808235701055,
        0.05412658773652741,
        0.06442352540027595,
        0.038273277230987154,
        0.0,
        0.06442352540027595,
        0.13887803777055607,
        0.046875,
        0.20904825250405706,
        0.36776882174811937,
        0.14405538214520136,
        0.06629126073623882,
        0.15934435979977452,
        0.3081731706768128,
        0.071602745233685,
        0.19452968121857395,
        0.08267972847076846,
        0.1137517170200081,
        0.203125,
        0.120017902310447,
        0.11481983169296148,
        0.027063293868263706,
        0.120017902310447,
        0.08699631816921909,
        0.359375,
        0.23593232610221093,
        0.034938562148434216,
        0.11481983169296148,
        0.109375,
        0.07328774624724109,
        0.08267972847076846,
        0.20904825250405706,
        0.2460627460628691,
        0.07493486755176124,
        0.1288470508005519,
        0.299784717315795,
        0.184877493221863,
        0.11158481919598204,
        0.20551478809321727,
        0.05633673867912483,
        0.08699631816921909,
        0.034938562148434216
    ],
    [
        0.13887803777055607,
        0.20551478809321727,
        0.40834794829287435,
        0.13258252147247765,
        0.10825317547305482,
        0.07654655446197431,
        0.07328774624724109,
        0.1307281291459493,
        0.07493486755176124,
        0.11587810136086973,
        0.071602745233685,
        0.06442352540027595,
        0.0,
        0.0924387466109315,
        0.08267972847076846,
        0.20551478809321727,
        0.28125,
        0.12597277731716483,
        0.05412658773652741,
        0.12789613706050704,
        0.255314603724503,
        0.06442352540027595,
        0.12103072956898178,
        0.0855816496101822,
        0.109375,
        0.13621559198564606,
        0.11481983169296148,
        0.11048543456039805,
        0.06051536478449089,
        0.10004881620988826,
        0.04419417382415922,
        0.273772116686488,
        0.13887803777055607,
        0.0897587913521567,
        0.07328774624724109,
        0.09757809372497497,
        0.08118988160479113,
        0.09631896879639025,
        0.14740595518838442,
        0.2049199538844375,
        0.09631896879639025,
        0.09110862335695782,
        0.19079853212514794,
        0.13621559198564606,
        0.1137517170200081,
        0.16010860571811872,
        0.0855816496101822,
        0.07967217989988726,
        0.071602745233685
    ],
    [
        0.16461958988832404,
        0.22207297505549836,
        0.3597145135381668,
        0.109375,
        0.10711960313126631,
        0.14905300022139775,
        0.14574029770451274,
        0.1137517170200081,
        0.12203515118604147,
        0.23175620272173947,
        0.1316585902058806,
        0.13887803777055607,
        0.0924387466109315,
        0.0,
        0.15780476466190746,
        0.21021287573552672,
        0.2445699350390395,
        0.1307281291459493,
        0.11158481919598204,
        0.09757809372497497,
        0.27332587007087344,
        0.10481568644530265,
        0.09504316453590968,
        0.13887803777055607,
        0.13531646934131855,
        0.120017902310447,
        0.11899645477912357,
        0.16312978920172735,
        0.12979099785809492,
        0.1269381000724369,
        0.08838834764831845,
        0.2509746625657658,
        0.12303137303143455,
        0.18221724671391565,
        0.07654655446197431,
        0.12103072956898178,
        0.12979099785809492,
        0.120017902310447,
        0.16535945694153692,
        0.21079277442550065,
        0.13799626353637262,
        0.120017902310447,
        0.15104166666666666,
        0.09757809372497497,
        0.14986973510352247,
        0.16828640022295324,
        0.1288470508005519,
        0.09631896879639025,
        0.13887803777055607
    ],
    [
        0.16237976320958225,
        0.22910747341586218,
        0.5193990668310832,
        0.1988737822087165,
        0.13710881855300192,
        0.04133986423538423,
        0.027063293868263706,
        0.2275034340400162,
        0.046875,
        0.05412658773652741,
        0.034938562148434216,
        0.046875,
        0.08267972847076846,
        0.15780476466190746,
        0.0,
        0.2096313728906053,
        0.3694247005480278,
        0.15309310892394862,
        0.078125,
        0.17044862679118303,
        0.3236299246438747,
        0.078125,
        0.21079277442550065,
        0.0855816496101822,
        0.1316585902058806,
        0.21194781197266463,
        0.1316585902058806,
        0.12597277731716483,
        0.046875,
        0.120017902310447,
        0.109375,
        0.3647692978102735,
        0.24556615071096424,
        0.038273277230987154,
        0.13621559198564606,
        0.11158481919598204,
        0.07328774624724109,
        0.07654655446197431,
        0.22316963839196408,
        0.26052081250832915,
        0.06629126073623882,
        0.14320549046737,
        0.31280367189784997,
        0.20191949973937634,
        0.11481983169296148,
        0.22262198201210948,
        0.05846339666834283,
        0.10126157341262282,
        0.04419417382415922
    ],
    [
        0.18814991529362962,
        0.28341183042526646,
        0.45177600921253,
        0.1781524101717403,
        0.184877493221863,
        0.21079277442550065,
        0.20787710461953235,
        0.19948664585630788,
        0.18355218944485516,
        0.24951124097923924,
        0.19702375332685143,
        0.20904825250405706,
        0.20551478809321727,
        0.21021287573552672,
        0.2096313728906053,
        0.0,
        0.2159417962669571,
        0.120017902310447,
        0.1887975933374152,
        0.19327057620082783,
        0.28254908312539256,
        0.1753901900050285,
        0.258167369404036,
        0.19200321449132043,
        0.14235052467412967,
        0.18814991529362962,
        0.1767766952966369,
        0.16682934768798924,
        0.19452968121857395,
        0.18288593610499415,
        0.2312288841710741,
        0.2893790496476896,
        0.28427195935406646,
        0.225888004606265,
        0.184877493221863,
        0.16535945694153692,
        0.18684782411095935,
        0.15467960838455727,
        0.22910747341586218,
        0.19136638615493579,
        0.184877493221863,
        0.19764235376052372,
        0.29499588038554786,
        0.1907274314958391,
        0.1307281291459493,
        0.258639771206982,
        0.16973094517500337,
        0.1801962905417312,
        0.213096589015404
    ],
    [
        0.25048780534189685,
        0.328125,
        0.33145630368119416,
        0.2348952559120767,
        0.2829807855667943,
        0.3681005934184296,
        0.36743675050952646,
        0.20432338797846908,
        0.3081731706768128,
        0.44138896536954797,
        0.3365728004459065,
        0.36776882174811937,
        0.28125,
        0.2445699350390395,
        0.3694247005480278,
        0.2159417962669571,
        0.0,
        0.1875,
        0.3121091305537215,
        0.2125229766989913,
        0.28254908312539256,
        0.275106513463422,
        0.21650635094610965,
        0.31444705933590794,
        0.214808235701055,
        0.2125229766989913,
        0.25911131174651564,
        0.25048780534189685,
        0.33946189035000673,
        0.2651650429449553,
        0.26238836912104163,
        0.22371595411369302,
        0.19948664585630788,
        0.4026280852101602,
        0.2633171804117612,
        0.23644915547533682,
        0.30935921676911454,
        0.25,
        0.23333100817293873,
        0.23280725665236468,
        0.30856902590830465,
        0.2609889545076573,
        0.2013814055123042,
        0.22262198201210948,
        0.22857404434887177,
        0.28895690638917076,
        0.28081563680642857,
        0.2509746625657658,
        0.36776882174811937
    ],
    [
        0.0924387466109315,
        0.16973094517500337,
        0.40050017556175926,
        0.1307281291459493,
        0.0897587913521567,
        0.14405538214520136,
        0.15309310892394862,
        0.13258252147247765,
        0.10825317547305482,
        0.1988737822087165,
        0.125,
        0.14405538214520136,
        0.12597277731716483,
        0.1307281291459493,
        0.15309310892394862,
        0.120017902310447,
        0.1875,
        0.0,
        0.09882117688026186,
        0.09375,
        0.17746588580625855,
        0.10245997694221876,
        0.18814991529362962,
        0.11158481919598204,
        0.05412658773652741,
        0.14149039278339715,
        0.09631896879639025,
        0.07493486755176124,
        0.1269381000724369,
        0.09882117688026186,
        0.14905300022139775,
        0.2170694373351532,
        0.19702375332685143,
        0.1788362990978062,
        0.09504316453590968,
        0.071602745233685,
        0.10481568644530265,
        0.09757809372497497,
        0.15388840315306412,
        0.109375,
        0.12203515118604147,
        0.10364452469860624,
        0.2284553354110553,
        0.1269381000724369,
        0.06810779599282303,
        0.14490028899212037,
        0.11158481919598204,
        0.11158481919598204,
        0.14405538214520136
    ],
    [
        0.09375,
        0.1767766952966369,
        0.453125,
        0.14657549249448218,
        0.071602745233685,
        0.06810779599282303,
        0.07967217989988726,
        0.16312978920172735,
        0.05412658773652741,
        0.12203515118604147,
        0.0625,
        0.06629126073623882,
        0.05412658773652741,
        0.11158481919598204,
        0.078125,
        0.1887975933374152,
        0.3121091305537215,
        0.09882117688026186,
        0.0,
        0.10364452469860624,
        0.22803936748947537,
        0.05846339666834283,
        0.1616262567623219,
        0.05633673867912483,
        0.06987712429686843,
        0.15388840315306412,
        0.08118988160479113,
        0.06629126073623882,
        0.05633673867912483,
        0.07493486755176124,
        0.07493486755176124,
        0.28641098093474,
        0.184877493221863,
        0.10825317547305482,
        0.07493486755176124,
        0.06051536478449089,
        0.046875,
        0.07654655446197431,
        0.14574029770451274,
        0.19200321449132043,
        0.07328774624724109,
        0.07493486755176124,
        0.24792979657108133,
        0.14320549046737,
        0.0897587913521567,
        0.14905300022139775,
        0.0855816496101822,
        0.08838834764831845,
        0.06987712429686843
    ],
    [
        0.09375,
        0.15068204314051492,
        0.3549317716125171,
        0.11158481919598204,
        0.09110862335695782,
        0.1608692209529219,
        0.1690102160373745,
        0.10825317547305482,
        0.11587810136086973,
        0.2275034340400162,
        0.13710881855300192,
        0.15934435979977452,
        0.12789613706050704,
        0.09757809372497497,
        0.17044862679118303,
        0.19327057620082783,
        0.2125229766989913,
        0.09375,
        0.10364452469860624,
        0.0,
        0.1608692209529219,
        0.08838834764831845,
        0.14235052467412967,
        0.10711960313126631,
        0.078125,
        0.11587810136086973,
        0.07328774624724109,
        0.07493486755176124,
        0.13441133229754104,
        0.07967217989988726,
        0.1269381000724369,
        0.184877493221863,
        0.14905300022139775,
        0.20070675904164265,
        0.08414320011147662,
        0.06629126073623882,
        0.11692679333668567,
        0.09631896879639025,
        0.109375,
        0.12979099785809492,
        0.12597277731716483,
        0.078125,
        0.1798195468920007,
        0.08118988160479113,
        0.10825317547305482,
        0.14320549046737,
        0.11267347735824966,
        0.0897587913521567,
        0.15780476466190746
    ],
    [
        0.20846350100197397,
        0.09757809372497497,
        0.22696623509896796,
        0.1316585902058806,
        0.15780476466190746,
        0.29646353064078557,
        0.32588521272834703,
        0.14320549046737,
        0.2872621298570349,
        0.3759752942348739,
        0.3069825422560703,
        0.3081731706768128,
        0.255314603724503,
        0.27332587007087344,
        0.3236299246438747,
        0.28254908312539256,
        0.28254908312539256,
        0.17746588580625855,
        0.22803936748947537,
        0.1608692209529219,
        0.0,
        0.23385358667337133,
        0.1616262567623219,
        0.23696485762661096,
        0.16237976320958225,
        0.11267347735824966,
        0.15934435979977452,
        0.17469281074217108,
        0.298923851089203,
        0.1608692209529219,
        0.2275034340400162,
        0.1288470508005519,
        0.12789613706050704,
        0.35561895864815757,
        0.16010860571811872,
        0.20252314682524564,
        0.25911131174651564,
        0.28081563680642857,
        0.12979099785809492,
        0.1307281291459493,
        0.2567449488305466,
        0.14574029770451274,
        0.12125465340440433,
        0.1570293065800139,
        0.2153757617514097,
        0.10711960313126631,
        0.3156095293238149,
        0.25911131174651564,
        0.298923851089203
    ],
    [
        0.11048543456039805,
        0.1690102160373745,
        0.4059494080239556,
        0.125,
        0.09110862335695782,
        0.07328774624724109,
        0.07493486755176124,
        0.14235052467412967,
        0.05846339666834283,
        0.1307281291459493,
        0.05846339666834283,
        0.071602745233685,
        0.06442352540027595,
        0.10481568644530265,
        0.078125,
        0.1753901900050285,
        0.275106513463422,
        0.10245997694221876,
        0.05846339666834283,
        0.08838834764831845,
        0.23385358667337133,
        0.0,
        0.13441133229754104,
        0.08267972847076846,
        0.0897587913521567,
        0.1307281291459493,
        0.09757809372497497,
        0.10126157341262282,
        0.06629126073623882,
        0.08414320011147662,
        0.08267972847076846,
        0.2609889545076573,
        0.13887803777055607,
        0.10004881620988826,
        0.07967217989988726,
        0.0625,
        0.05846339666834283,
        0.05633673867912483,
        0.12401959270615269,
        0.18087245160609727,
        0.06442352540027595,
        0.07967217989988726,
        0.20319176253261625,
        0.140625,
        0.08699631816921909,
        0.16828640022295324,
        0.06629126073623882,
        0.04419417382415922,
        0.06810779599282303
    ],
    [
        0.22480460265528374,
        0.14574029770451274,
        0.27198273727389394,
        0.120017902310447,
        0.14149039278339715,
        0.19452968121857395,
        0.203125,
        0.09757809372497497,
        0.19515618744994995,
        0.26608416196760004,
        0.18421603316486868,
        0.19452968121857395,
        0.12103072956898178,
        0.09504316453590968,
        0.21079277442550065,
        0.258167369404036,
        0.21650635094610965,
        0.18814991529362962,
        0.1616262567623219,
        0.14235052467412967,
        0.1616262567623219,
        0.13441133229754104,
        0.0,
        0.19578068884596356,
        0.16010860571811872,
        0.09631896879639025,
        0.16237976320958225,
        0.1711632992203644,
        0.19390115071860714,
        0.125,
        0.09882117688026186,
        0.17044862679118303,
        0.05182226234930312,
        0.23333100817293873,
        0.0897587913521567,
        0.17399263633843817,
        0.1781524101717403,
        0.171875,
        0.13441133229754104,
        0.14657549249448218,
        0.19390115071860714,
        0.10597390598633231,
        0.08990977344600036,
        0.13710881855300192,
        0.1887975933374152,
        0.12979099785809492,
        0.19578068884596356,
        0.12401959270615269,
        0.18553659510996745
    ],
    [
        0.09375,
        0.1660960283239789,
        0.4493376201421377,
        0.15546678704790937,
        0.06629126073623882,
        0.08699631816921909,
        0.07654655446197431,
        0.1753901900050285,
        0.0625,
        0.12401959270615269,
        0.078125,
        0.08267972847076846,
        0.0855816496101822,
        0.13887803777055607,
        0.0855816496101822,
        0.19200321449132043,
        0.31444705933590794,
        0.11158481919598204,
        0.05633673867912483,
        0.10711960313126631,
        0.23696485762661096,
        0.08267972847076846,
        0.19578068884596356,
        0.0,
        0.09110862335695782,
        0.171875,
        0.10126157341262282,
        0.07654655446197431,
        0.07654655446197431,
        0.06442352540027595,
        0.10245997694221876,
        0.27466243486323355,
        0.2209708691207961,
        0.10481568644530265,
        0.10126157341262282,
        0.071602745233685,
        0.0625,
        0.0855816496101822,
        0.15068204314051492,
        0.1801962905417312,
        0.08699631816921909,
        0.10126157341262282,
        0.2615081293881915,
        0.15309310892394862,
        0.11158481919598204,
        0.15546678704790937,
        0.10004881620988826,
        0.11158481919598204,
        0.08267972847076846
    ],
    [
        0.07493486755176124,
        0.14657549249448218,
        0.38685682509812336,
        0.12303137303143455,
        0.06810779599282303,
        0.11481983169296148,
        0.1335000585205864,
        0.12303137303143455,
        0.10364452469860624,
        0.17608480733726006,
        0.11692679333668567,
        0.1137517170200081,
        0.109375,
        0.13531646934131855,
        0.1316585902058806,
        0.14235052467412967,
        0.214808235701055,
        0.05412658773652741,
        0.06987712429686843,
        0.078125,
        0.16237976320958225,
        0.0897587913521567,
        0.16010860571811872,
        0.09110862335695782,
        0.0,
        0.12303137303143455,
        0.06987712429686843,
        0.05412658773652741,
        0.1137517170200081,
        0.06442352540027595,
        0.11899645477912357,
        0.1887975933374152,
        0.1781524101717403,
        0.16237976320958225,
        0.071602745233685,
        0.06442352540027595,
        0.0855816496101822,
        0.10126157341262282,
        0.1307281291459493,
        0.13621559198564606,
        0.10126157341262282,
        0.078125,
        0.19996201896304652,
        0.12401959270615269,
        0.08118988160479113,
        0.13531646934131855,
        0.12789613706050704,
        0.11267347735824966,
        0.1137517170200081
    ],
    [
        0.1795175827043134,
        0.15467960838455727,
        0.29064180058966055,
        0.10481568644530265,
        0.12303137303143455,
        0.19948664585630788,
        0.20787710461953235,
        0.10825317547305482,
        0.1753901900050285,
        0.2724311839712921,
        0.18421603316486868,
        0.203125,
        0.13621559198564606,
        0.120017902310447,
        0.21194781197266463,
        0.18814991529362962,
        0.2125229766989913,
        0.14149039278339715,
        0.15388840315306412,
        0.11587810136086973,
        0.11267347735824966,
        0.1307281291459493,
        0.09631896879639025,
        0.171875,
        0.12303137303143455,
        0.0,
        0.12203515118604147,
        0.15229366163764005,
        0.18619336387207788,
        0.120017902310447,
        0.125,
        0.16461958988832404,
        0.10481568644530265,
        0.2405438174740727,
        0.10364452469860624,
        0.14320549046737,
        0.16461958988832404,
        0.15229366163764005,
        0.10126157341262282,
        0.09631896879639025,
        0.1711632992203644,
        0.10825317547305482,
        0.12091861214837395,
        0.10004881620988826,
        0.1570293065800139,
        0.14574029770451274,
        0.1795175827043134,
        0.12401959270615269,
        0.19452968121857395
    ],
    [
        0.09882117688026186,
        0.1781524101717403,
        0.40474480771839433,
        0.11267347735824966,
        0.05846339666834283,
        0.1307281291459493,
        0.1269381000724369,
        0.13710881855300192,
        0.10597390598633231,
        0.18684782411095935,
        0.120017902310447,
        0.120017902310447,
        0.11481983169296148,
        0.11899645477912357,
        0.1316585902058806,
        0.1767766952966369,
        0.25911131174651564,
        0.09631896879639025,
        0.08118988160479113,
        0.07328774624724109,
        0.15934435979977452,
        0.09757809372497497,
        0.16237976320958225,
        0.10126157341262282,
        0.06987712429686843,
        0.12203515118604147,
        0.0,
        0.08118988160479113,
        0.12979099785809492,
        0.08267972847076846,
        0.11048543456039805,
        0.2153757617514097,
        0.16755945773068137,
        0.16010860571811872,
        0.08838834764831845,
        0.09882117688026186,
        0.10126157341262282,
        0.10004881620988826,
        0.09504316453590968,
        0.13441133229754104,
        0.11481983169296148,
        0.07967217989988726,
        0.20774656953311593,
        0.120017902310447,
        0.11692679333668567,
        0.13258252147247765,
        0.14405538214520136,
        0.1335000585205864,
        0.125
    ],
    [
        0.05412658773652741,
        0.12203515118604147,
        0.36876324128768584,
        0.15546678704790937,
        0.06810779599282303,
        0.11048543456039805,
        0.12103072956898178,
        0.13258252147247765,
        0.10481568644530265,
        0.14740595518838442,
        0.12103072956898178,
        0.11481983169296148,
        0.11048543456039805,
        0.16312978920172735,
        0.12597277731716483,
        0.16682934768798924,
        0.25048780534189685,
        0.07493486755176124,
        0.06629126073623882,
        0.07493486755176124,
        0.17469281074217108,
        0.10126157341262282,
        0.1711632992203644,
        0.07654655446197431,
        0.05412658773652741,
        0.15229366163764005,
        0.08118988160479113,
        0.0,
        0.12203515118604147,
        0.07493486755176124,
        0.12103072956898178,
        0.1926379375927805,
        0.17258376589355096,
        0.14235052467412967,
        0.10004881620988826,
        0.06987712429686843,
        0.09110862335695782,
        0.12103072956898178,
        0.13710881855300192,
        0.14149039278339715,
        0.10245997694221876,
        0.08267972847076846,
        0.19771096766773236,
        0.13710881855300192,
        0.10004881620988826,
        0.140625,
        0.14905300022139775,
        0.14657549249448218,
        0.11587810136086973
    ],
    [
        0.13975424859373686,
        0.21194781197266463,
        0.4975526040028331,
        0.1753901900050285,
        0.11587810136086973,
        0.04419417382415922,
        0.034938562148434216,
        0.19200321449132043,
        0.046875,
        0.06987712429686843,
        0.04133986423538423,
        0.027063293868263706,
        0.06051536478449089,
        0.12979099785809492,
        0.046875,
        0.19452968121857395,
        0.33946189035000673,
        0.1269381000724369,
        0.05633673867912483,
        0.13441133229754104,
        0.298923851089203,
        0.06629126073623882,
        0.19390115071860714,
        0.07654655446197431,
        0.1137517170200081,
        0.18619336387207788,
        0.12979099785809492,
        0.12203515118604147,
        0.0,
        0.109375,
        0.0924387466109315,
        0.338381372307933,
        0.22910747341586218,
        0.04419417382415922,
        0.109375,
        0.08838834764831845,
        0.05633673867912483,
        0.06987712429686843,
        0.20669932117692114,
        0.23593232610221093,
        0.06442352540027595,
        0.12303137303143455,
        0.2981514954450356,
        0.16461958988832404,
        0.09631896879639025,
        0.20846350100197397,
        0.05182226234930312,
        0.08267972847076846,
        0.04419417382415922
    ],
    [
        0.078125,
        0.11158481919598204,
        0.3412551510600243,
        0.13258252147247765,
        0.06629126073623882,
        0.10711960313126631,
        0.11899645477912357,
        0.14235052467412967,
        0.07328774624724109,
        0.16387638252658618,
        0.0924387466109315,
        0.120017902310447,
        0.10004881620988826,
        0.1269381000724369,
        0.120017902310447,
        0.18288593610499415,
