[
    [
        0.0,
        1.550089603144856,
        0.7180703308172536,
        1.0680004681646913,
        1.4842927608797396,
        1.713913650100261,
        1.1792476415070754,
        1.0214708893442719,
        1.4086784586980805,
        1.8582585934148133,
        0.8569568250501305,
        1.3975424859373686,
        1.6583123951777,
        1.4523687548277813,
        1.875,
        1.2330483215451478,
        1.71846588560844,
        1.505199322349037,
        1.4432283822269107,
        1.4361406616345072,
        1.4037400439935848,
        1.648863244784115,
        1.103970108290981,
        1.3693063937629153,
        1.3975424859373686,
        1.3379088160259651,
        0.7883703303510209,
        1.6960943697539683,
        1.3083864108129524,
        1.4684175155588413,
        1.1799835215421914,
        1.125,
        1.3962996733430033,
        1.5005785921140922,
        0.649519052838329,
        1.3228756555322954,
        1.1792476415070754,
        1.4684175155588413,
        1.4529663145135578,
        1.7940875118009154,
        1.4796067420470587,
        1.7001838135919305,
        1.1388041973930374,
        1.5761900266148114,
        1.4469796128487782,
        0.9100137361600648,
        1.4306903927824497,
        1.4737282653189494,
        1.5512092057488571,
        0.7180703308172536
    ],
    [
        1.550089603144856,
        0.0,
        1.3274610268394993,
        1.136515141415488,
        1.381298704520898,
        1.4185037108791,
        1.390693272356553,
        1.1829224638815325,
        1.2486103386476415,
        1.4511728972723332,
        1.2360330811826103,
        1.0777097630314636,
        1.379412113103904,
        1.2169234888758527,
        1.4043582955293932,
        1.0971289319966164,
        1.272710362441772,
        1.191695803839591,
        1.3865215084606644,
        1.337233877990101,
        1.5263882570011837,
        1.4766704288891124,
        1.1777745020918808,
        1.2795127110653406,
        1.2815463749358083,
        1.2343464307523682,
        1.2808688457449497,
        1.2548516955312998,
        1.4059891733422258,
        1.3096861371251425,
        1.472549753922691,
        1.4796067420470587,
        1.6126668733636358,
        1.5080800892378217,
        1.2856040517117926,
        1.379412113103904,
        1.3450010326307478,
        1.2423376263229644,
        1.197508988599993,
        1.4018836534383934,
        1.3156377836539122,
        1.3017082793177759,
        1.3495112283918038,
        1.5080800892378214,
        1.2104865871944959,
        1.2423376263229644,
        1.3956778520370188,
        1.1777745020918808,
        1.2423376263229644,
        1.2486103386476415
    ],
    [
        0.7180703308172536,
        1.3274610268394993,
        0.0,
        0.9519716382329886,
        1.2562344526401112,
        1.3635890143294642,
        0.8660254037844386,
        0.8994597143717876,
        1.0458250331675945,
        1.403121520040228,
        0.8385254915624212,
        1.103970108290981,
        1.3287682265918312,
        1.0606601717798212,
        1.595893166850463,
        0.9273687266141989,
        1.4252192813739224,
        1.14564392373896,
        1.1679718161262738,
        1.192424001771182,
        1.1931517552730295,
        1.375,
        0.8926785535678563,
        1.0825317547305484,
        1.1110243021644486,
        1.1426394882026438,
        0.8730136183232068,
        1.369940185231133,
        1.0274361294017258,
        1.0606601717798212,
        1.016359243137539,
        0.9100137361600648,
        1.2889756915215016,
        1.1599509089229212,
        0.6846531968814576,
        1.2054563451241194,
        0.9270248108869579,
        1.14564392373896,
        1.2346276991690879,
        1.5309310892394863,
        1.0614782669047498,
        1.375,
        0.8385254915624212,
        1.340475661845451,
        1.103970108290981,
        0.8569568250501305,
        1.125,
        1.118033988749895,
        1.2624381172952597,
        0.5590169943749475
    ],
    [
        1.0680004681646913,
        1.136515141415488,
        0.9519716382329886,
        0.0,
        1.357847561400027,
        1.3693063937629153,
        1.0825317547305484,
        0.689706056551952,
        1.1858541225631423,
        1.5,
        0.81967981553775,
        0.9270248108869579,
        1.25,
        1.0897247358851685,
        1.4415703243338496,
        0.909312646891001,
        1.2624381172952597,
        1.0231690964840563,
        1.2294224627184647,
        1.334634781503914,
        1.3281147875424355,
        1.5360257159305635,
        0.8569568250501305,
        1.224744871391589,
        1.1989578808281798,
        1.0943034314119644,
        0.8457409637576849,
        1.243734296383275,
        1.2634278768493277,
        1.159202311936963,
        1.162193806748446,
        1.0077822185373186,
        1.6051133570215186,
        1.3313787757225382,
        0.9185586535436918,
        1.3287682265918312,
        1.224744871391589,
        1.125,
        1.0968705484240153,
        1.4361406616345072,
        1.1755613316388236,
        1.2054563451241194,
        1.118033988749895,
        1.479019945774904,
        1.3050383136138188,
        0.960143218483576,
        1.1989578808281798,
        1.14564392373896,
        1.231107225224513,
        0.9270248108869579
    ],
    [
        1.4842927608797396,
        1.381298704520898,
        1.2562344526401112,
        1.357847561400027,
        0.0,
        1.3110110602126894,
        1.2808688457449497,
        1.369940185231133,
        1.1388041973930374,
        1.1792476415070754,
        1.4361406616345072,
        1.224744871391589,
        1.403121520040228,
        1.125,
        1.4415703243338496,
        1.1793828375684547,
        1.0752906583803283,
        1.2747548783981961,
        1.0898710371190805,
        1.2054563451241194,
        1.1086778913041726,
        1.165922381636102,
        1.165922381636102,
        1.1388041973930374,
        0.9519716382329886,
        1.1344051304538427,
        1.4312970031098058,
        1.2486103386476415,
        1.092302613747674,
        1.1110243021644486,
        1.1909671606630376,
        1.14564392373896,
        1.1110243021644486,
        1.1234557302260635,
        1.4469796128487782,
        1.165922381636102,
        1.125,
        1.1792476415070754,
        1.1372786719963484,
        1.224744871391589,
        1.102396379610246,
        1.2808688457449497,
        1.0968705484240153,
        1.231107225224513,
        1.25,
        1.4523687548277813,
        1.0968705484240153,
        1.1989578808281798,
        1.103970108290981,
        1.2808688457449497
    ],
    [
        1.713913650100261,
        1.4185037108791,
        1.3635890143294642,
        1.3693063937629153,
        1.3110110602126894,
        0.0,
        1.3050383136138188,
        1.295022522326671,
        1.125,
        1.3110110602126894,
        1.4947825928876748,
        1.243734296383275,
        1.6723860200324565,
        1.1319231422671772,
        1.5811388300841898,
        1.2581367824148955,
        1.3228756555322954,
        1.231107225224513,
        1.1944279648707603,
        1.2119199643540823,
        1.2644992421244599,
        1.2374368670764582,
        1.2562344526401112,
        1.2119199643540823,
        1.2183492931011204,
        1.149456393257265,
        1.6287350238076719,
        1.1799835215421914,
        1.26663925408934,
        1.224744871391589,
        1.3176156917368247,
        1.4142135623730951,
        1.3825550019197548,
        1.2631255326020099,
        1.5,
        1.159202311936963,
        1.224744871391589,
        1.0968705484240153,
        1.2318121249245402,
        1.25,
        1.3294213444619847,
        1.357847561400027,
        1.1726039399558574,
        1.2930100540985752,
        1.1726039399558574,
        1.6298006013006623,
        1.2119199643540823,
        1.25,
        1.159202311936963,
        1.4306903927824497
    ],
    [
        1.1792476415070754,
        1.390693272356553,
        0.8660254037844386,
        1.0825317547305484,
        1.2808688457449497,
        1.3050383136138188,
        0.0,
        0.9745012969605417,
        1.1110243021644486,
        1.3050383136138188,
        0.9762812094883317,
        1.1524430571616109,
        1.4142135623730951,
        1.0383279828647594,
        1.5811388300841898,
        1.0442993940866747,
        1.352081728298996,
        1.0825317547305484,
        1.27049524330684,
        1.1858541225631423,
        1.3043729868748772,
        1.2624381172952597,
        1.0532687216470449,
        1.0458250331675945,
        1.165922381636102,
        1.1288821904875637,
        1.102396379610246,
        1.3352850299135055,
        1.0865656906050365,
        1.1110243021644486,
        1.1599509089229212,
        1.1110243021644486,
        1.4499760534421098,
        1.1464013743498005,
        0.9100137361600648,
        1.1858541225631423,
        1.0825317547305484,
        1.1524430571616109,
        1.2190615698606495,
        1.4197270864500684,
        1.0905210273585335,
        1.340475661845451,
        1.015504800579495,
        1.357847561400027,
        1.25,
        1.0680004681646913,
        1.0968705484240153,
        1.0532687216470449,
        1.286953767623375,
        0.8926785535678563
    ],
    [
        1.0214708893442719,
        1.1829224638815325,
        0.8994597143717876,
        0.689706056551952,
        1.369940185231133,
        1.295022522326671,
        0.9745012969605417,
        0.0,
        1.1219093348196882,
        1.5235421082318517,
        0.7476816018719317,
        0.8848650242331376,
        1.2835768167291137,
        1.102396379610246,
        1.5618054011659426,
        0.8822384435070908,
        1.3533651474093096,
        0.9251501379656049,
        1.2999242303054235,
        1.2596847048192479,
        1.2610621625351297,
        1.4837078178970713,
        0.8730136183232068,
        1.1858541225631423,
        1.159202311936963,
        1.0276726672978662,
        0.7861650943380504,
        1.2699792211773475,
        1.1596814696765276,
        1.1133657679906155,
        1.3156377836539122,
        1.1799835215421914,
        1.590990257669732,
        1.3737367934862115,
        0.7264831572567789,
        1.2658714609136092,
        1.0809268142560706,
        1.1851218877773242,
        1.1133657679906157,
        1.473139127471974,
        1.1785113019775793,
        1.2997061633735185,
        1.104756131963571,
        1.5143984871155207,
        1.176299517791092,
        0.8907315969346646,
        1.102396379610246,
        1.0663736576724772,
        1.2795127110653406,
        0.8457409637576849
    ],
    [
        1.4086784586980805,
        1.2486103386476415,
        1.0458250331675945,
        1.1858541225631423,
        1.1388041973930374,
        1.125,
        1.1110243021644486,
        1.1219093348196882,
        0.0,
        1.224744871391589,
        1.1792476415070754,
        1.1110243021644486,
        1.4737282653189494,
        1.0231690964840563,
        1.4842927608797396,
        1.1061343332820412,
        1.2374368670764582,
        1.0968705484240153,
        1.002388728620442,
        1.1110243021644486,
        1.2767961205037135,
        1.14564392373896,
        1.0077822185373186,
        0.9842509842514764,
        1.0752906583803283,
        1.0425329730996522,
        1.2486103386476415,
        1.1464013743498005,
        1.0636023693091323,
        1.1110243021644486,
        1.1188101318414627,
        1.25,
        1.3050383136138186,
        1.2254534308210618,
        1.1319231422671772,
        1.0825317547305484,
        0.9921567416492215,
        1.0968705484240153,
        1.0833333333333333,
        1.2624381172952597,
        1.0976616560266244,
        1.3806701271484076,
        0.9762812094883317,
        1.1524430571616109,
        1.0383279828647594,
        1.231107225224513,
        1.118033988749895,
        1.1110243021644486,
        1.0968705484240153,
        1.0680004681646913
    ],
    [
        1.8582585934148133,
        1.4511728972723332,
        1.403121520040228,
        1.5,
        1.1792476415070754,
        1.3110110602126894,
        1.3050383136138188,
        1.5235421082318517,
        1.224744871391589,
        0.0,
        1.595893166850463,
        1.375,
        1.6817030058842137,
        1.2119199643540823,
        1.595893166850463,
        1.2948583564488072,
        1.286953767623375,
        1.243734296383275,
        1.147729568872958,
        1.3110110602126894,
        1.3030413142593242,
        1.3635890143294642,
        1.2562344526401112,
        1.2808688457449497,
        1.2747548783981961,
        1.3083864108129524,
        1.7219981933143187,
        1.3057033013326997,
        1.3176683953104438,
        1.352081728298996,
        1.3294213444619847,
        1.403121520040228,
        1.4197270864500684,
        1.2692955176439846,
        1.6153559979150107,
        1.346291201783626,
        1.2808688457449497,
        1.3169567191065923,
        1.2876280950302037,
        1.334634781503914,
        1.3584866989084254,
        1.3919410907075054,
        1.25,
        1.352081728298996,
        1.2747548783981961,
        1.6345871038277526,
        1.2183492931011204,
        1.2624381172952597,
        1.231107225224513,
        1.4197270864500684
    ],
    [
        0.8569568250501305,
        1.2360330811826103,
        0.8385254915624212,
        0.81967981553775,
        1.4361406616345072,
        1.4947825928876748,
        0.9762812094883317,
        0.7476816018719317,
        1.1792476415070754,
        1.595893166850463,
        0.0,
        1.103970108290981,
        1.4469796128487782,
        1.165922381636102,
        1.7940875118009154,
        0.9462600928208408,
        1.489546910976623,
        1.0077822185373186,
        1.4647211896007055,
        1.5309310892394863,
        1.718970945394689,
        1.5662455107677085,
        0.8477912478906585,
        1.3110110602126894,
        1.3169567191065923,
        1.2090802289343747,
        0.6588078458684123,
        1.4848774734337884,
        1.4062361110425234,
        1.165922381636102,
        1.5915357712320233,
        1.4361406616345072,
        1.9107699146330166,
        1.6158932858054431,
        0.5303300858899106,
        1.357847561400027,
        1.1792476415070754,
        1.299038105676658,
        1.3411230782859234,
        1.6583123951777,
        1.369940185231133,
        1.6007810593582121,
        1.2119199643540823,
        1.5612494995995996,
        1.4306903927824497,
        0.673145600891813,
        1.231107225224513,
        1.0897247358851685,
        1.3863170633011772,
        0.739509972887452
    ],
    [
        1.3975424859373686,
        1.0777097630314636,
        1.103970108290981,
        0.9270248108869579,
        1.224744871391589,
        1.243734296383275,
        1.1524430571616109,
        0.8848650242331376,
        1.1110243021644486,
        1.375,
        1.103970108290981,
        0.0,
        1.1319231422671772,
        1.118033988749895,
        1.3863170633011772,
        0.993441503264366,
        1.299038105676658,
        1.0077822185373186,
        1.2257858786950366,
        1.1989578808281798,
        1.2486103386476415,
        1.4086784586980805,
        1.0532687216470449,
        1.231107225224513,
        1.0307764064044151,
        1.0621322893124001,
        1.1133657679906157,
        1.1777745020918808,
        1.2168093523637957,
        1.1726039399558574,
        1.2360330811826103,
        1.2119199643540823,
        1.5377201739371613,
        1.2610621625351297,
        1.0752906583803283,
        1.3050383136138188,
        1.2054563451241194,
        1.2624381172952597,
        1.0952866190079096,
        1.3635890143294642,
        1.0290907529357056,
        1.1110243021644486,
        1.125,
        1.4306903927824497,
        1.2119199643540823,
        1.2183492931011204,
        1.25,
        1.1319231422671772,
        1.1858541225631423,
        1.1110243021644486
    ],
    [
        1.6583123951777,
        1.379412113103904,
        1.3287682265918312,
        1.25,
        1.403121520040228,
        1.6723860200324565,
        1.4142135623730951,
        1.2835768167291137,
        1.4737282653189494,
        1.6817030058842137,
        1.4469796128487782,
        1.1319231422671772,
        0.0,
        1.489546910976623,
        1.4306903927824497,
        1.2248750456887512,
        1.489546910976623,
        1.403121520040228,
        1.484400174330029,
        1.3806701271484076,
        1.4654587829224146,
        1.6105123408406408,
        1.3287682265918312,
        1.5103807466993215,
        1.1524430571616109,
        1.3808964479641477,
        1.3156377836539122,
        1.4000248013676202,
        1.3804437692278524,
        1.5360257159305635,
        1.454757520841341,
        1.286953767623375,
        1.6493896177407907,
        1.4000248013676202,
        1.4197270864500684,
        1.653594569415369,
        1.505199322349037,
        1.5258194519667128,
        1.2465229418042993,
        1.6863421954040052,
        1.2651855375574148,
        1.3806701271484076,
        1.286953767623375,
        1.7001838135919305,
        1.541103500742244,
        1.375,
        1.5811388300841898,
        1.403121520040228,
        1.5662455107677085,
        1.3693063937629153
    ],
    [
        1.4523687548277813,
        1.2169234888758527,
        1.0606601717798212,
        1.0897247358851685,
        1.125,
        1.1319231422671772,
        1.0383279828647594,
        1.102396379610246,
        1.0231690964840563,
        1.2119199643540823,
        1.165922381636102,
        1.118033988749895,
        1.489546910976623,
        0.0,
        1.489546910976623,
        1.0702374331265498,
        1.14564392373896,
        1.0077822185373186,
        1.120171041968728,
        1.0897247358851685,
        1.2950225223266711,
        1.1858541225631423,
        1.0,
        1.1319231422671772,
        1.118033988749895,
        1.0647769719523428,
        1.3241873818392251,
        1.0833333333333333,
        1.1483684077855851,
        1.165922381636102,
        1.104756131963571,
        1.2119199643540823,
        1.2909944487358054,
        1.1931517552730295,
        1.1792476415070754,
        1.1989578808281798,
        1.015504800579495,
        1.1110243021644486,
        1.1464013743498005,
        1.231107225224513,
        1.104756131963571,
        1.3169567191065923,
        1.0458250331675945,
        1.165922381636102,
        1.0231690964840563,
        1.2374368670764582,
        1.0383279828647594,
        1.0680004681646913,
        1.1110243021644486,
        1.0307764064044151
    ],
    [
        1.875,
        1.4043582955293932,
        1.595893166850463,
        1.4415703243338496,
        1.4415703243338496,
        1.5811388300841898,
        1.5811388300841898,
        1.5618054011659426,
        1.4842927608797396,
        1.595893166850463,
        1.7940875118009154,
        1.3863170633011772,
        1.4306903927824497,
        1.489546910976623,
        0.0,
        1.5016997172591884,
        1.4197270864500684,
        1.5309310892394863,
        1.3248026422136718,
        1.2930100540985752,
        1.4487782208928088,
        1.4684175155588413,
        1.4523687548277813,
        1.4469796128487782,
        1.286953767623375,
        1.3004806803639952,
        1.8252663428174591,
        1.3023749673406486,
        1.4777516706131648,
        1.6153559979150107,
        1.3378828631668602,
        1.3635890143294642,
        1.516117116555021,
        1.4227809232469892,
        1.7544586059522749,
        1.4947825928876748,
        1.5309310892394863,
        1.4252192813739224,
        1.2025724741384842,
        1.4523687548277813,
        1.3202482931462383,
        1.3806701271484076,
        1.4577379737113252,
        1.403121520040228,
        1.479019945774904,
        1.704772712123232,
        1.5309310892394863,
        1.5206906325745548,
        1.403121520040228,
        1.6677080080157918
    ],
    [
        1.2330483215451478,
        1.0971289319966164,
        0.9273687266141989,
        0.909312646891001,
        1.1793828375684547,
        1.2581367824148955,
        1.0442993940866747,
        0.8822384435070908,
        1.1061343332820412,
        1.2948583564488072,
        0.9462600928208408,
        0.993441503264366,
        1.2248750456887512,
        1.0702374331265498,
        1.5016997172591884,
        0.0,
        1.2625644053081095,
        0.9932809989409559,
        1.2119199643540823,
        1.223051344726269,
        1.331312243708978,
        1.3710518455788994,
        0.9117641008014101,
        1.1409023460688064,
        1.1191742582851711,
        1.010019953328868,
        0.9467841500349325,
        1.2520108542414168,
        1.1176403258469085,
        1.1131748125363357,
        1.2139938958406347,
        1.1803287764043386,
        1.4727422283623888,
        1.251628757453767,
        0.9462600928208408,
        1.2393680499614739,
        1.075587167598257,
        1.0629125849595094,
        1.1202817409644423,
        1.306869604537999,
        1.109700067749305,
        1.3199799008983093,
        1.0384815248963364,
        1.3992527160114094,
        1.0974518259149608,
        0.9296010774871692,
        1.1271238455756787,
        1.002388728620442,
        1.2203106830907062,
        0.8320355540872675
    ],
    [
        1.71846588560844,
        1.272710362441772,
        1.4252192813739224,
        1.2624381172952597,
        1.0752906583803283,
        1.3228756555322954,
        1.352081728298996,
        1.3533651474093096,
        1.2374368670764582,
        1.286953767623375,
        1.489546910976623,
        1.299038105676658,
        1.489546910976623,
        1.14564392373896,
        1.4197270864500684,
        1.2625644053081095,
        0.0,
        1.3169567191065923,
        1.2733783204290763,
        1.286953767623375,
        1.3378828631668602,
        1.159202311936963,
        1.243734296383275,
        1.299038105676658,
        1.1792476415070754,
        1.239455525624054,
        1.559580606017742,
        1.1909671606630376,
        1.3847382424126229,
        1.1858541225631423,
        1.4074454795045446,
        1.4737282653189494,
        1.404358295529393,
        1.2916666666666665,
        1.5258194519667128,
        1.340475661845451,
        1.2930100540985752,
        1.1388041973930374,
        1.1441275181454984,
        1.2624381172952597,
        1.3333333333333333,
        1.3169567191065923,
        1.2624381172952597,
        1.2930100540985752,
        1.2686114456365274,
        1.479019945774904,
        1.2183492931011204,
        1.2747548783981961,
        1.2374368670764582,
        1.3863170633011772
    ],
    [
        1.505199322349037,
        1.191695803839591,
        1.14564392373896,
        1.0231690964840563,
        1.2747548783981961,
        1.231107225224513,
        1.0825317547305484,
        0.9251501379656049,
        1.0968705484240153,
        1.243734296383275,
        1.0077822185373186,
        1.0077822185373186,
        1.403121520040228,
        1.0077822185373186,
        1.5309310892394863,
        0.9932809989409559,
        1.3169567191065923,
        0.0,
        1.1878691692544705,
        1.2183492931011204,
        1.4796067420470587,
        1.3287682265918312,
        0.9270248108869579,
        1.1989578808281798,
        1.25,
        1.0301698889018258,
        1.0952866190079096,
        1.2126360175712707,
        1.2534951136721675,
        1.165922381636102,
        1.3925645805890337,
        1.340475661845451,
        1.5849772168008534,
        1.3411230782859234,
        1.0231690964840563,
        1.231107225224513,
        1.159202311936963,
        1.1858541225631423,
        1.1464013743498005,
        1.4469796128487782,
        1.2190615698606495,
        1.299038105676658,
        1.2183492931011204,
        1.3635890143294642,
        1.2119199643540823,
        1.0606601717798212,
        1.0825317547305484,
        0.9921567416492215,
        1.2808688457449497,
        1.0897247358851685
    ],
    [
        1.4432283822269107,
        1.3865215084606644,
        1.1679718161262738,
        1.2294224627184647,
        1.0898710371190805,
        1.1944279648707603,
        1.27049524330684,
        1.2999242303054235,
        1.002388728620442,
        1.147729568872958,
        1.4647211896007055,
        1.2257858786950366,
        1.484400174330029,
        1.120171041968728,
        1.3248026422136718,
        1.2119199643540823,
        1.2733783204290763,
        1.1878691692544705,
        0.0,
        1.116178566286208,
        1.1117256662127126,
        1.1878691692544705,
        1.1612636062777935,
        1.0990487538163656,
        1.039555684130563,
        1.1264503123185012,
        1.5664264723963381,
        1.2331488876604975,
        1.1035714285714286,
        1.1545164196603295,
        1.0256247750217045,
        1.032013091199992,
        1.0763610010285338,
        1.0744006397493802,
        1.4048249582297812,
        1.1928250637260525,
        1.1322048202962398,
        1.1271238455756787,
        1.1132862071984553,
        1.2330483215451478,
        1.151166469439938,
        1.2193957603699315,
        1.066207517037727,
        1.1957620744845148,
        1.1612636062777935,
        1.4048249582297812,
        1.0881141240415804,
        1.2203106830907062,
        1.0406287345952476,
        1.2456557161853776
    ],
    [
        1.4361406616345072,
        1.337233877990101,
        1.192424001771182,
        1.334634781503914,
        1.2054563451241194,
        1.2119199643540823,
        1.1858541225631423,
        1.2596847048192479,
        1.1110243021644486,
        1.3110110602126894,
        1.5309310892394863,
        1.1989578808281798,
        1.3806701271484076,
        1.0897247358851685,
        1.2930100540985752,
        1.223051344726269,
        1.286953767623375,
        1.2183492931011204,
        1.116178566286208,
        0.0,
        1.0639287779003088,
        1.0968705484240153,
        1.231107225224513,
        1.0458250331675945,
        1.0458250331675945,
        0.9695359714832659,
        1.5098059109994537,
        1.233924407913404,
        0.8884677821958431,
        1.2747548783981961,
        0.9877724659274748,
        1.0897247358851685,
        1.0968705484240153,
        1.0565601944254972,
        1.403121520040228,
        1.0825317547305484,
        1.103970108290981,
        1.125,
        1.0491398593345143,
        1.3228756555322954,
        0.9391189724653871,
        1.1792476415070754,
        1.015504800579495,
        1.14564392373896,
        1.1110243021644486,
        1.5206906325745548,
        1.1319231422671772,
        1.3169567191065923,
        1.2808688457449497,
        1.224744871391589
    ],
    [
        1.4037400439935848,
        1.5263882570011837,
        1.1931517552730295,
        1.3281147875424355,
        1.1086778913041726,
        1.2644992421244599,
        1.3043729868748772,
        1.2610621625351297,
        1.2767961205037135,
        1.3030413142593242,
        1.718970945394689,
        1.2486103386476415,
        1.4654587829224146,
        1.2950225223266711,
        1.4487782208928088,
        1.331312243708978,
        1.3378828631668602,
        1.4796067420470587,
        1.1117256662127126,
        1.0639287779003088,
        0.0,
        1.1989578808281798,
        1.366768288904727,
        1.1501811451535218,
        1.0282468899377555,
        1.105730025317613,
        1.5331974577478418,
        1.2054563451241194,
        0.979157801378307,
        1.2458263656438378,
        1.0290907529357056,
        1.1234557302260635,
        1.0952866190079096,
        1.0491398593345143,
        1.5567951410224503,
        1.1334558757279536,
        1.1118053386771944,
        1.093700395700557,
        1.0857345183996152,
        1.2665570127975552,
        1.118033988749895,
        1.1718634258687695,
        1.006058038970803,
        1.2444320435890066,
        1.1785113019775793,
        1.7682579311602453,
        1.0777097630314636,
        1.6351180725290486,
        1.1740835669671144,
        1.3248427579653872
    ],
    [
        1.648863244784115,
        1.4766704288891124,
        1.375,
        1.5360257159305635,
        1.165922381636102,
        1.2374368670764582,
        1.2624381172952597,
        1.4837078178970713,
        1.14564392373896,
        1.3635890143294642,
        1.5662455107677085,
        1.4086784586980805,
        1.6105123408406408,
        1.1858541225631423,
        1.4684175155588413,
        1.3710518455788994,
        1.159202311936963,
        1.3287682265918312,
        1.1878691692544705,
        1.0968705484240153,
        1.1989578808281798,
        0.0,
        1.3050383136138188,
        1.2930100540985752,
        1.2624381172952597,
        1.1562331079847177,
        1.6228618411792037,
        1.2318121249245402,
        1.182951816432098,
        1.231107225224513,
        1.165177621175797,
        1.3110110602126894,
        1.211203487812386,
        1.1599509089229212,
        1.5155444566227676,
        1.1792476415070754,
        1.0897247358851685,
        1.165922381636102,
        1.2190615698606495,
        1.334634781503914,
        1.211203487812386,
        1.286953767623375,
        1.1726039399558574,
        1.1792476415070754,
        1.1726039399558574,
        1.571225636247067,
        1.14564392373896,
        1.346291201783626,
        1.3169567191065923,
        1.3919410907075054
    ],
    [
        1.103970108290981,
        1.1777745020918808,
        0.8926785535678563,
        0.8569568250501305,
        1.165922381636102,
        1.2562344526401112,
        1.0532687216470449,
        0.8730136183232068,
        1.0077822185373186,
        1.2562344526401112,
        0.8477912478906585,
        1.0532687216470449,
        1.3287682265918312,
        1.0,
        1.4523687548277813,
        0.9117641008014101,
        1.243734296383275,
        0.9270248108869579,
        1.1612636062777935,
        1.231107225224513,
        1.366768288904727,
        1.3050383136138188,
        0.0,
        1.14564392373896,
        1.0532687216470449,
        1.0720890821195783,
        0.9042722672587794,
        1.256925260749863,
        1.2026013470805694,
        1.0968705484240153,
        1.104756131963571,
        1.0077822185373186,
        1.5246812052943322,
        1.2254534308210618,
        0.81967981553775,
        1.2054563451241194,
        1.0752906583803283,
        1.0897247358851685,
        1.188048119115271,
        1.3863170633011772,
        1.1479147761629926,
        1.2686114456365274,
        1.0,
        1.3228756555322954,
        1.25,
        0.8385254915624212,
        1.125,
        0.9921567416492215,
        1.0680004681646913,
        0.875
    ],
    [
        1.3693063937629153,
        1.2795127110653406,
        1.0825317547305484,
        1.224744871391589,
        1.1388041973930374,
        1.2119199643540823,
        1.0458250331675945,
        1.1858541225631423,
        0.9842509842514764,
        1.2808688457449497,
        1.3110110602126894,
        1.231107225224513,
        1.5103807466993215,
        1.1319231422671772,
        1.4469796128487782,
        1.1409023460688064,
        1.299038105676658,
        1.1989578808281798,
        1.0990487538163656,
        1.0458250331675945,
        1.1501811451535218,
        1.2930100540985752,
        1.14564392373896,
        0.0,
        1.0606601717798212,
        1.0819542504191202,
        1.3565683830083088,
        1.2754356554178305,
        1.0865656906050365,
        1.1792476415070754,
        1.068812944865055,
        1.0825317547305484,
        1.243734296383275,
        1.1464013743498005,
        1.2183492931011204,
        1.0458250331675945,
        1.0231690964840563,
        1.103970108290981,
        1.104756131963571,
        1.2374368670764582,
        1.1464013743498005,
        1.231107225224513,
        0.9842509842514764,
        1.1388041973930374,
        1.103970108290981,
        1.3975424859373686,
        1.1726039399558574,
        1.1858541225631423,
        1.125,
        1.0897247358851685
    ],
    [
        1.3975424859373686,
        1.2815463749358083,
        1.1110243021644486,
        1.1989578808281798,
        0.9519716382329886,
        1.2183492931011204,
        1.165922381636102,
        1.159202311936963,
        1.0752906583803283,
        1.2747548783981961,
        1.3169567191065923,
        1.0307764064044151,
        1.1524430571616109,
        1.118033988749895,
        1.286953767623375,
        1.1191742582851711,
        1.1792476415070754,
        1.25,
        1.039555684130563,
        1.0458250331675945,
        1.0282468899377555,
        1.2624381172952597,
        1.0532687216470449,
        1.0606601717798212,
        0.0,
        1.1093353866166895,
        1.3057033013326997,
        1.1577036657874837,
        1.0179636535751166,
        1.192424001771182,
        1.044163673845139,
        1.0,
        1.1110243021644486,
        1.0952866190079096,
        1.286953767623375,
        1.2054563451241194,
        1.0307764064044151,
        1.0752906583803283,
        1.044163673845139,
        1.346291201783626,
        0.9982623792259117,
        1.192424001771182,
        0.9185586535436918,
        1.286953767623375,
        1.0968705484240153,
        1.4086784586980805,
        1.103970108290981,
        1.1792476415070754,
        1.1388041973930374,
        1.1524430571616109
    ],
    [
        1.3379088160259651,
        1.2343464307523682,
        1.1426394882026438,
        1.0943034314119644,
        1.1344051304538427,
        1.149456393257265,
        1.1288821904875637,
        1.0276726672978662,
        1.0425329730996522,
        1.3083864108129524,
        1.2090802289343747,
        1.0621322893124001,
        1.3808964479641477,
        1.0647769719523428,
        1.3004806803639952,
        1.010019953328868,
        1.239455525624054,
        1.0301698889018258,
        1.1264503123185012,
        0.9695359714832659,
        1.105730025317613,
        1.1562331079847177,
        1.0720890821195783,
        1.0819542504191202,
        1.1093353866166895,
        0.0,
        1.358256644051893,
        1.160130500322174,
        1.05,
        1.0865656906050365,
        1.0088497300281039,
        1.1233320969330487,
        1.2738284377768023,
        1.102396379610246,
        1.1763290356018592,
        0.8975661535508122,
        0.9899494936611666,
        1.114955156048888,
        1.0275713005810243,
        1.2026013470805694,
        1.105227477842357,
        1.1664583147288206,
        0.99498743710662,
        1.079062092745362,
        1.0111874208078342,
        1.2658988901172163,
        1.107925990308017,
        1.107925990308017,
        1.1763290356018592,
        1.1219402836158439
    ],
    [
        0.7883703303510209,
        1.2808688457449497,
        0.8730136183232068,
        0.8457409637576849,
        1.4312970031098058,
        1.6287350238076719,
        1.102396379610246,
        0.7861650943380504,
        1.2486103386476415,
        1.7219981933143187,
        0.6588078458684123,
        1.1133657679906157,
        1.3156377836539122,
        1.3241873818392251,
        1.8252663428174591,
        0.9467841500349325,
        1.559580606017742,
        1.0952866190079096,
        1.5664264723963381,
        1.5098059109994537,
        1.5331974577478418,
        1.6228618411792037,
        0.9042722672587794,
        1.3565683830083088,
        1.3057033013326997,
        1.358256644051893,
        0.0,
        1.5246812052943322,
        1.2378857423490712,
        1.3365845776954532,
        1.4860462083439174,
        1.3667682889047272,
        2.0108214186689426,
        1.612666873363636,
        0.5697830971323893,
        1.4511728972723332,
        1.1865859054915118,
        1.3762620470761455,
        1.3189326492787015,
        1.740051084818425,
        1.2801909579781015,
        1.555121467210127,
        1.16963907063485,
        1.6935334527417978,
        1.2856040517117926,
        0.7156485015549029,
        1.3501543121683042,
        1.1975089885999928,
        1.4403655014536336,
        0.7156485015549029
    ],
    [
        1.6960943697539683,
        1.2548516955312998,
        1.369940185231133,
        1.243734296383275,
        1.2486103386476415,
        1.1799835215421914,
        1.3352850299135055,
        1.2699792211773475,
        1.1464013743498005,
        1.3057033013326997,
        1.4848774734337884,
        1.1777745020918808,
        1.4000248013676202,
        1.0833333333333333,
        1.3023749673406486,
        1.2520108542414168,
        1.1909671606630376,
        1.2126360175712707,
        1.2331488876604975,
        1.233924407913404,
        1.2054563451241194,
        1.2318121249245402,
        1.256925260749863,
        1.2754356554178305,
        1.1577036657874837,
        1.160130500322174,
        1.5246812052943322,
        0.0,
        1.361193308175669,
        1.2997061633735185,
        1.378152950711769,
        1.4018836534383934,
        1.404358295529393,
        1.2610621625351297,
        1.463680672520858,
        1.206176235510844,
        1.2190615698606495,
        1.1666666666666667,
        1.0752906583803283,
        1.2126360175712707,
        1.25,
        1.1464013743498003,
        1.1740835669671144,
        1.2936812246883354,
        1.2444320435890066,
        1.5467259327725489,
        1.2381381631753021,
        1.1931517552730295,
        1.2318121249245402,
        1.3981634779635432
    ],
    [
        1.3083864108129524,
        1.4059891733422258,
        1.0274361294017258,
        1.2634278768493277,
        1.092302613747674,
        1.26663925408934,
        1.0865656906050365,
        1.1596814696765276,
        1.0636023693091323,
        1.3176683953104438,
        1.4062361110425234,
        1.2168093523637957,
        1.3804437692278524,
        1.1483684077855851,
        1.4777516706131648,
        1.1176403258469085,
        1.3847382424126229,
        1.2534951136721675,
        1.1035714285714286,
        0.8884677821958431,
        0.979157801378307,
        1.182951816432098,
        1.2026013470805694,
        1.0865656906050365,
        1.0179636535751166,
        1.05,
        1.2378857423490712,
        1.361193308175669,
        0.0,
        1.2155245781143218,
        0.9693568887555181,
        1.1093353866166895,
        1.1634180962434213,
        1.0318201285969264,
        1.2409673645990857,
        1.1051018052650174,
        0.9062284480195929,
        1.1034038245356956,
        1.1764766135466622,
        1.345826883369477,
        1.0575784709524974,
        1.285496013218244,
        0.938416218956173,
        1.2442367138129304,
        1.0917302780449025,
        1.3437354650376687,
        1.1197097838279346,
        1.3437354650376687,
        1.1562331079847177,
        1.0425329730996522
    ],
    [
        1.4684175155588413,
        1.3096861371251425,
        1.0606601717798212,
        1.159202311936963,
        1.1110243021644486,
        1.224744871391589,
        1.1110243021644486,
        1.1133657679906155,
        1.1110243021644486,
        1.352081728298996,
        1.165922381636102,
        1.1726039399558574,
        1.5360257159305635,
        1.165922381636102,
        1.6153559979150107,
