[
    [
        0.0,
        2.117634293262177,
        1.9324531042175384,
        0.81967981553775,
        2.3518609652783473,
        1.8540496217739157,
        2.582997289971478,
        2.0,
        2.091650066335189,
        2.0953818267800264,
        1.0383279828647594,
        2.165063509461097,
        2.4717149916606487,
        1.948557158514987,
        1.984313483298443,
        2.2114757516192665,
        2.375,
        2.069118169655856,
        1.505199322349037,
        1.9121323175972944,
        2.218529918662356,
        2.345207879911715,
        1.7853571071357126,
        2.341874249399399,
        2.1286732957408003,
        2.6309456474811483,
        0.9185586535436918,
        2.5155764746872635,
        2.912795049432761,
        1.9921721813136535,
        1.8371173070873836,
        1.8157298807917437,
        2.2534695471649933,
        2.1323402636539974,
        1.5461646096066226,
        2.724311839712921,
        2.1505813167606567,
        2.25,
        2.065338955232288,
        2.0155644370746373,
        2.8912583765550943,
        2.027159342528357,
        2.613068120045859,
        2.5124689052802225,
        2.1286732957408003,
        2.3979157616563596,
        1.8708286933869707,
        1.1319231422671772,
        2.1323402636539974,
        1.243734296383275
    ],
    [
        2.117634293262177,
        0.0,
        1.6007810593582121,
        2.3351927115336757,
        1.620185174601965,
        1.489546910976623,
        1.9685019685029528,
        1.541103500742244,
        1.6298006013006623,
        1.79843682124227,
        2.1286732957408003,
        1.625,
        1.8957188610128877,
        1.6863421954040052,
        1.5206906325745548,
        1.6105123408406408,
        1.5512092057488571,
        1.6441183047457382,
        1.6393596310755,
        1.4737282653189494,
        1.5562374497485916,
        1.695582495781317,
        1.590990257669732,
        1.5811388300841898,
        1.5562374497485916,
        1.7633419974582356,
        2.1102428770167667,
        1.920286436967152,
        2.042516829796024,
        1.5309310892394863,
        1.5155444566227676,
        1.71846588560844,
        1.7275343701356567,
        1.6441183047457382,
        1.7365554986812255,
        1.9921721813136535,
        1.6007810593582121,
        1.7940875118009154,
        1.4252192813739224,
        1.8413649828320293,
        1.920286436967152,
        1.571225636247067,
        1.741048534648015,
        1.709349291397168,
        1.6677080080157918,
        1.595893166850463,
        1.595893166850463,
        1.920286436967152,
        1.695582495781317,
        2.0463381929681126
    ],
    [
        1.9324531042175384,
        1.6007810593582121,
        0.0,
        1.9445436482630056,
        1.6298006013006623,
        1.4577379737113252,
        1.6583123951777,
        1.5103807466993215,
        1.5155444566227676,
        1.4306903927824497,
        1.7455300054711176,
        1.590990257669732,
        1.6909686573085854,
        1.3806701271484076,
        1.6630168369562588,
        1.5811388300841898,
        1.758905909933786,
        1.505199322349037,
        1.4469796128487782,
        1.4577379737113252,
        1.625,
        1.7001838135919305,
        1.4737282653189494,
        1.7455300054711176,
        1.5155444566227676,
        1.8791620472966135,
        1.845602882529175,
        1.709349291397168,
        1.9445436482630056,
        1.4684175155588413,
        1.4684175155588413,
        1.346291201783626,
        1.595893166850463,
        1.5103807466993215,
        1.4947825928876748,
        1.8540496217739157,
        1.4684175155588413,
        1.6105123408406408,
        1.5612494995995996,
        1.479019945774904,
        2.1213203435596424,
        1.3693063937629153,
        1.7940875118009154,
        1.875,
        1.4142135623730951,
        1.758905909933786,
        1.3635890143294642,
        1.6677080080157918,
        1.4630874888399532,
        1.5512092057488571
    ],
    [
        0.81967981553775,
        2.3351927115336757,
        1.9445436482630056,
        0.0,
        2.4558603380485624,
        1.996089927833914,
        2.7613402542968153,
        2.200852107707376,
        2.315032397181517,
        2.222048604328897,
        0.9842509842514764,
        2.3551804601770967,
        2.7185703963664434,
        2.0463381929681126,
        2.0953818267800264,
        2.3551804601770967,
        2.433490291741473,
        2.179449471770337,
        1.479019945774904,
        2.019436802675439,
        2.4238399287081647,
        2.521780125229002,
        1.8957188610128877,
        2.3979157616563596,
        2.2465250944514286,
        2.831187913226531,
        0.875,
        2.7698149757700423,
        3.2882366094914763,
        2.023301757029831,
        1.948557158514987,
        1.8413649828320293,
        2.5062422069704278,
        2.3251344047172844,
        1.4684175155588413,
        2.8339460121886586,
        2.179449471770337,
        2.4302777619029476,
        2.2844583603121333,
        2.0766559657295187,
        2.9973947020704497,
        2.1505813167606567,
        2.8228974476590536,
        2.6867731575255847,
        2.2569337606584736,
        2.5495097567963922,
        1.9039432764659772,
        1.0458250331675945,
        2.2150056433336687,
        1.1319231422671772
    ],
    [
        2.3518609652783473,
        1.620185174601965,
        1.6298006013006623,
        2.4558603380485624,
        0.0,
        1.58607219255619,
        1.6393596310755,
        1.5206906325745548,
        1.6393596310755,
        1.6153559979150107,
        2.311655251113366,
        1.5360257159305635,
        1.6345871038277526,
        1.625,
        1.6909686573085854,
        1.6863421954040052,
        1.6105123408406408,
        1.5360257159305635,
        1.8498310733685928,
        1.571225636247067,
        1.505199322349037,
        1.6345871038277526,
        1.7001838135919305,
        1.709349291397168,
        1.595893166850463,
        1.6298006013006623,
        2.315032397181517,
        1.75,
        1.7544586059522749,
        1.7677669529663689,
        1.6298006013006623,
        1.8027756377319946,
        1.5103807466993215,
        1.590990257669732,
        1.928406077567689,
        1.7677669529663689,
        1.5512092057488571,
        1.620185174601965,
        1.704772712123232,
        1.8027756377319946,
        1.8413649828320293,
        1.5360257159305635,
        1.5512092057488571,
        1.6770509831248424,
        1.6056540723331412,
        1.704772712123232,
        1.6441183047457382,
        2.23606797749979,
        1.5761900266148114,
        2.200852107707376
    ],
    [
        1.8540496217739157,
        1.489546910976623,
        1.4577379737113252,
        1.996089927833914,
        1.58607219255619,
        0.0,
        2.019436802675439,
        1.5811388300841898,
        1.6105123408406408,
        1.6770509831248424,
        1.845602882529175,
        1.6677080080157918,
        1.8957188610128877,
        1.5761900266148114,
        1.5662455107677085,
        1.595893166850463,
        1.6056540723331412,
        1.595893166850463,
        1.5155444566227676,
        1.4523687548277813,
        1.5103807466993215,
        1.7365554986812255,
        1.4684175155588413,
        1.695582495781317,
        1.4842927608797396,
        1.9243505397925815,
        1.8624580532189174,
        1.8957188610128877,
        2.1396553460779613,
        1.5155444566227676,
        1.3919410907075054,
        1.653594569415369,
        1.653594569415369,
        1.6583123951777,
        1.6345871038277526,
        2.03100960115899,
        1.5206906325745548,
        1.8285923547909742,
        1.4523687548277813,
        1.758905909933786,
        1.9724667297574374,
        1.5155444566227676,
        1.8328597873268975,
        1.7853571071357126,
        1.6393596310755,
        1.620185174601965,
        1.595893166850463,
        1.8027756377319946,
        1.505199322349037,
        1.8498310733685928
    ],
    [
        2.582997289971478,
        1.9685019685029528,
        1.6583123951777,
        2.7613402542968153,
        1.6393596310755,
        2.019436802675439,
        0.0,
        1.7455300054711176,
        1.741048534648015,
        1.7809758560968758,
        2.5155764746872635,
        1.7544586059522749,
        1.7320508075688772,
        1.75,
        2.023301757029831,
        1.9162137145944864,
        2.0615528128088303,
        1.6056540723331412,
        2.0766559657295187,
        1.9324531042175384,
        1.8833148966649205,
        1.8540496217739157,
        2.0879116360612584,
        2.053959590644373,
        1.9803724397193574,
        1.8371173070873836,
        2.6368778887161235,
        1.845602882529175,
        1.920286436967152,
        2.0155644370746373,
        1.9525624189766635,
        1.71846588560844,
        1.8666480653835098,
        1.824314939915803,
        2.1028254801575903,
        1.8666480653835098,
        1.6393596310755,
        1.7001838135919305,
        2.0,
        1.7544586059522749,
        2.23606797749979,
        1.713913650100261,
        1.875,
        2.1102428770167667,
        1.7809758560968758,
        2.0953818267800264,
        1.75,
        2.4653853654145026,
        1.7677669529663689,
        2.218529918662356
    ],
    [
        2.0,
        1.541103500742244,
        1.5103807466993215,
        2.200852107707376,
        1.5206906325745548,
        1.5811388300841898,
        1.7455300054711176,
        0.0,
        1.571225636247067,
        1.6056540723331412,
        2.003902442735175,
        1.5,
        1.625,
        1.571225636247067,
        1.595893166850463,
        1.6153559979150107,
        1.6056540723331412,
        1.5309310892394863,
        1.824314939915803,
        1.58607219255619,
        1.695582495781317,
        1.6817030058842137,
        1.590990257669732,
        1.6298006013006623,
        1.6345871038277526,
        1.653594569415369,
        2.057759704144291,
        1.71846588560844,
        1.7853571071357126,
        1.648863244784115,
        1.6105123408406408,
        1.7001838135919305,
        1.5811388300841898,
        1.5258194519667128,
        1.6863421954040052,
        1.824314939915803,
        1.479019945774904,
        1.625,
        1.5662455107677085,
        1.6393596310755,
        1.9080421903092184,
        1.5309310892394863,
        1.625,
        1.7677669529663689,
        1.505199322349037,
        1.6345871038277526,
        1.590990257669732,
        2.0077973005261263,
        1.5612494995995996,
        1.940521837032503
    ],
    [
        2.091650066335189,
        1.6298006013006623,
        1.5155444566227676,
        2.315032397181517,
        1.6393596310755,
        1.6105123408406408,
        1.741048534648015,
        1.571225636247067,
        0.0,
        1.6677080080157918,
        2.0615528128088303,
        1.489546910976623,
        1.7544586059522749,
        1.5562374497485916,
        1.6863421954040052,
        1.6298006013006623,
        1.7544586059522749,
        1.505199322349037,
        1.713913650100261,
        1.6153559979150107,
        1.58607219255619,
        1.6345871038277526,
        1.6817030058842137,
        1.758905909933786,
        1.5612494995995996,
        1.79843682124227,
        2.080414622136655,
        1.713913650100261,
        1.8833148966649205,
        1.541103500742244,
        1.505199322349037,
        1.6630168369562588,
        1.7001838135919305,
        1.5461646096066226,
        1.704772712123232,
        1.7940875118009154,
        1.6393596310755,
        1.625,
        1.6007810593582121,
        1.6105123408406408,
        2.023301757029831,
        1.571225636247067,
        1.695582495781317,
        1.7633419974582356,
        1.590990257669732,
        1.6817030058842137,
        1.5360257159305635,
        2.042516829796024,
        1.541103500742244,
        1.8791620472966135
    ],
    [
        2.0953818267800264,
        1.79843682124227,
        1.4306903927824497,
        2.222048604328897,
        1.6153559979150107,
        1.6770509831248424,
        1.7809758560968758,
        1.6056540723331412,
        1.6677080080157918,
        0.0,
        2.1505813167606567,
        1.6345871038277526,
        1.7230060940112777,
        1.3919410907075054,
        1.7275343701356567,
        1.6583123951777,
        1.80710403685012,
        1.6153559979150107,
        1.6863421954040052,
        1.6393596310755,
        1.704772712123232,
        1.58607219255619,
        1.6345871038277526,
        1.758905909933786,
        1.5761900266148114,
        1.8157298807917437,
        2.084166500066633,
        1.7940875118009154,
        1.899835519196333,
        1.5811388300841898,
        1.5662455107677085,
        1.5612494995995996,
        1.5512092057488571,
        1.5206906325745548,
        1.824314939915803,
        1.899835519196333,
        1.5512092057488571,
        1.6770509831248424,
        1.590990257669732,
        1.6630168369562588,
        1.8874586088176875,
        1.489546910976623,
        1.7230060940112777,
        1.8413649828320293,
        1.5258194519667128,
        1.8027756377319946,
        1.5562374497485916,
        2.0953818267800264,
        1.5761900266148114,
        1.8582585934148133
    ],
    [
        1.0383279828647594,
        2.1286732957408003,
        1.7455300054711176,
        0.9842509842514764,
        2.311655251113366,
        1.845602882529175,
        2.5155764746872635,
        2.003902442735175,
        2.0615528128088303,
        2.1505813167606567,
        0.0,
        2.179449471770337,
        2.6070817018267762,
        1.9039432764659772,
        1.9724667297574374,
        2.172268399622846,
        2.2844583603121333,
        2.0766559657295187,
        1.3863170633011772,
        1.8582585934148133,
        2.23606797749979,
        2.361805453461398,
        1.7320508075688772,
        2.222048604328897,
        2.084166500066633,
        2.7271780286589284,
        0.9762812094883317,
        2.625,
        3.204001404494074,
        1.8791620472966135,
        1.8200274723201295,
        1.7544586059522749,
        2.4302777619029476,
        2.1102428770167667,
        1.352081728298996,
        2.598076211353316,
        2.1542109924517607,
        2.229069312515876,
        2.069118169655856,
        2.019436802675439,
        2.675116819879087,
        1.948557158514987,
        2.7641680484369977,
        2.564785566085399,
        2.200852107707376,
        2.368411915187052,
        1.80710403685012,
        1.125,
        2.080414622136655,
        1.1989578808281798
    ],
    [
        2.165063509461097,
        1.625,
        1.590990257669732,
        2.3551804601770967,
        1.5360257159305635,
        1.6677080080157918,
        1.7544586059522749,
        1.5,
        1.489546910976623,
        1.6345871038277526,
        2.179449471770337,
        0.0,
        1.5258194519667128,
        1.571225636247067,
        1.5562374497485916,
        1.5562374497485916,
        1.595893166850463,
        1.5258194519667128,
        1.7853571071357126,
        1.6345871038277526,
        1.6007810593582121,
        1.5360257159305635,
        1.6909686573085854,
        1.6677080080157918,
        1.6105123408406408,
        1.5612494995995996,
        2.2325713874364688,
        1.758905909933786,
        1.8285923547909742,
        1.653594569415369,
        1.5562374497485916,
        1.6393596310755,
        1.6007810593582121,
        1.5155444566227676,
        1.79843682124227,
        1.75,
        1.5461646096066226,
        1.6105123408406408,
        1.5562374497485916,
        1.7230060940112777,
        1.928406077567689,
        1.5,
        1.6007810593582121,
        1.709349291397168,
        1.5309310892394863,
        1.595893166850463,
        1.5461646096066226,
        2.165063509461097,
        1.5662455107677085,
        2.038688303787511
    ],
    [
        2.4717149916606487,
        1.8957188610128877,
        1.6909686573085854,
        2.7185703963664434,
        1.6345871038277526,
        1.8957188610128877,
        1.7320508075688772,
        1.625,
        1.7544586059522749,
        1.7230060940112777,
        2.6070817018267762,
        1.5258194519667128,
        0.0,
        1.704772712123232,
        1.9364916731037085,
        1.8582585934148133,
        1.899835519196333,
        1.7230060940112777,
        2.080414622136655,
        1.9162137145944864,
        1.875,
        1.6723860200324565,
        1.9445436482630056,
        1.9685019685029528,
        1.9364916731037085,
        1.7455300054711176,
        2.537222891273055,
        1.6007810593582121,
        1.7365554986812255,
        1.964529205687714,
        1.9803724397193574,
        1.8582585934148133,
        1.6583123951777,
        1.6630168369562588,
        2.229069312515876,
        1.6770509831248424,
        1.6677080080157918,
        1.5612494995995996,
        1.845602882529175,
        1.8200274723201295,
        1.940521837032503,
        1.6909686573085854,
        1.71846588560844,
        1.948557158514987,
        1.6770509831248424,
        1.956559480312316,
        1.741048534648015,
        2.401171589037318,
        1.6909686573085854,
        2.225561726845607
    ],
    [
        1.948557158514987,
        1.6863421954040052,
        1.3806701271484076,
        2.0463381929681126,
        1.625,
        1.5761900266148114,
        1.75,
        1.571225636247067,
        1.5562374497485916,
        1.3919410907075054,
        1.9039432764659772,
        1.571225636247067,
        1.704772712123232,
        0.0,
        1.6677080080157918,
        1.713913650100261,
        1.7897276329095442,
        1.5612494995995996,
        1.5761900266148114,
        1.5662455107677085,
        1.6298006013006623,
        1.6583123951777,
        1.595893166850463,
        1.6723860200324565,
        1.5662455107677085,
        1.8540496217739157,
        1.9324531042175384,
        1.7809758560968758,
        2.0,
        1.4737282653189494,
        1.6056540723331412,
        1.5103807466993215,
        1.5761900266148114,
        1.4842927608797396,
        1.6863421954040052,
        1.899835519196333,
        1.5258194519667128,
        1.648863244784115,
        1.595893166850463,
        1.5761900266148114,
        2.0615528128088303,
        1.4142135623730951,
        1.7275343701356567,
        1.9243505397925815,
        1.4947825928876748,
        1.7721808598447282,
        1.4306903927824497,
        1.9364916731037085,
        1.4306903927824497,
        1.709349291397168
    ],
    [
        1.984313483298443,
        1.5206906325745548,
        1.6630168369562588,
        2.0953818267800264,
        1.6909686573085854,
        1.5662455107677085,
        2.023301757029831,
        1.595893166850463,
        1.6863421954040052,
        1.7275343701356567,
        1.9724667297574374,
        1.5562374497485916,
        1.9364916731037085,
        1.6677080080157918,
        0.0,
        1.590990257669732,
        1.5155444566227676,
        1.479019945774904,
        1.6583123951777,
        1.4842927608797396,
        1.6441183047457382,
        1.6677080080157918,
        1.4684175155588413,
        1.5155444566227676,
        1.5103807466993215,
        1.8413649828320293,
        1.9121323175972944,
        1.956559480312316,
        2.003902442735175,
        1.5461646096066226,
        1.5562374497485916,
        1.6677080080157918,
        1.741048534648015,
        1.695582495781317,
        1.6909686573085854,
        2.0348525745124633,
        1.6153559979150107,
        1.8708286933869707,
        1.505199322349037,
        1.845602882529175,
        2.011684617428885,
        1.505199322349037,
        1.6909686573085854,
        1.71846588560844,
        1.571225636247067,
        1.5206906325745548,
        1.6345871038277526,
        1.8957188610128877,
        1.595893166850463,
        1.9162137145944864
    ],
    [
        2.2114757516192665,
        1.6105123408406408,
        1.5811388300841898,
        2.3551804601770967,
        1.6863421954040052,
        1.595893166850463,
        1.9162137145944864,
        1.6153559979150107,
        1.6298006013006623,
        1.6583123951777,
        2.172268399622846,
        1.5562374497485916,
        1.8582585934148133,
        1.713913650100261,
        1.590990257669732,
        0.0,
        1.6630168369562588,
        1.7001838135919305,
        1.7320508075688772,
        1.590990257669732,
        1.5206906325745548,
        1.6153559979150107,
        1.6056540723331412,
        1.625,
        1.625,
        1.6817030058842137,
        2.225561726845607,
        1.948557158514987,
        2.053959590644373,
        1.6153559979150107,
        1.541103500742244,
        1.758905909933786,
        1.71846588560844,
        1.6770509831248424,
        1.7853571071357126,
        1.9243505397925815,
        1.6677080080157918,
        1.8498310733685928,
        1.5,
        1.8833148966649205,
        1.8624580532189174,
        1.625,
        1.7940875118009154,
        1.695582495781317,
        1.653594569415369,
        1.704772712123232,
        1.6863421954040052,
        2.023301757029831,
        1.6630168369562588,
        2.072890493972125
    ],
    [
        2.375,
        1.5512092057488571,
        1.758905909933786,
        2.433490291741473,
        1.6105123408406408,
        1.6056540723331412,
        2.0615528128088303,
        1.6056540723331412,
        1.7544586059522749,
        1.80710403685012,
        2.2844583603121333,
        1.595893166850463,
        1.899835519196333,
        1.7897276329095442,
        1.5155444566227676,
        1.6630168369562588,
        0.0,
        1.5811388300841898,
        1.8708286933869707,
        1.590990257669732,
        1.6630168369562588,
        1.7365554986812255,
        1.6393596310755,
        1.4684175155588413,
        1.5103807466993215,
        1.6723860200324565,
        2.2946949688357274,
        2.0348525745124633,
        2.1028254801575903,
        1.590990257669732,
        1.6345871038277526,
        1.8791620472966135,
        1.899835519196333,
        1.741048534648015,
        1.8328597873268975,
        1.9882467150733583,
        1.571225636247067,
        1.9080421903092184,
        1.5155444566227676,
        2.0077973005261263,
        1.8328597873268975,
        1.6677080080157918,
        1.7544586059522749,
        1.6909686573085854,
        1.6393596310755,
        1.5662455107677085,
        1.7809758560968758,
        2.168668946612184,
        1.6583123951777,
        2.3351927115336757
    ],
    [
        2.069118169655856,
        1.6441183047457382,
        1.505199322349037,
        2.179449471770337,
        1.5360257159305635,
        1.595893166850463,
        1.6056540723331412,
        1.5309310892394863,
        1.505199322349037,
        1.6153559979150107,
        2.0766559657295187,
        1.5258194519667128,
        1.7230060940112777,
        1.5612494995995996,
        1.479019945774904,
        1.7001838135919305,
        1.5811388300841898,
        0.0,
        1.7455300054711176,
        1.5206906325745548,
        1.6677080080157918,
        1.571225636247067,
        1.6056540723331412,
        1.590990257669732,
        1.5,
        1.648863244784115,
        2.057759704144291,
        1.7320508075688772,
        1.9080421903092184,
        1.625,
        1.5761900266148114,
        1.590990257669732,
        1.6817030058842137,
        1.5206906325745548,
        1.6770509831248424,
        1.899835519196333,
        1.58607219255619,
        1.713913650100261,
        1.625,
        1.653594569415369,
        2.053959590644373,
        1.5103807466993215,
        1.6007810593582121,
        1.7677669529663689,
        1.5155444566227676,
        1.5562374497485916,
        1.5562374497485916,
        2.003902442735175,
        1.5,
        1.8708286933869707
    ],
    [
        1.505199322349037,
        1.6393596310755,
        1.4469796128487782,
        1.479019945774904,
        1.8498310733685928,
        1.5155444566227676,
        2.0766559657295187,
        1.824314939915803,
        1.713913650100261,
        1.6863421954040052,
        1.3863170633011772,
        1.7853571071357126,
        2.080414622136655,
        1.5761900266148114,
        1.6583123951777,
        1.7320508075688772,
        1.8708286933869707,
        1.7455300054711176,
        0.0,
        1.5155444566227676,
        1.7633419974582356,
        1.9080421903092184,
        1.4361406616345072,
        1.8666480653835098,
        1.620185174601965,
        2.225561726845607,
        1.4361406616345072,
        2.125,
        2.3518609652783473,
        1.5155444566227676,
        1.4737282653189494,
        1.5155444566227676,
        1.7809758560968758,
        1.7365554986812255,
        1.2747548783981961,
        2.2844583603121333,
        1.741048534648015,
        1.9121323175972944,
        1.595893166850463,
        1.741048534648015,
        2.394655507583502,
        1.58607219255619,
        2.0953818267800264,
        2.0348525745124633,
        1.704772712123232,
        1.9121323175972944,
        1.4842927608797396,
        1.3806701271484076,
        1.6677080080157918,
        1.4306903927824497
    ],
    [
        1.9121323175972944,
        1.4737282653189494,
        1.4577379737113252,
        2.019436802675439,
        1.571225636247067,
        1.4523687548277813,
        1.9324531042175384,
        1.58607219255619,
        1.6153559979150107,
        1.6393596310755,
        1.8582585934148133,
        1.6345871038277526,
        1.9162137145944864,
        1.5662455107677085,
        1.4842927608797396,
        1.590990257669732,
        1.590990257669732,
        1.5206906325745548,
        1.5155444566227676,
        0.0,
        1.5258194519667128,
        1.6298006013006623,
        1.4469796128487782,
        1.5811388300841898,
        1.3635890143294642,
        1.8328597873268975,
        1.80710403685012,
        1.9324531042175384,
        2.0463381929681126,
        1.3806701271484076,
        1.4197270864500684,
        1.590990257669732,
        1.7001838135919305,
        1.5206906325745548,
        1.5562374497485916,
        2.143303524935281,
        1.5811388300841898,
        1.8285923547909742,
        1.5103807466993215,
        1.824314939915803,
        2.003902442735175,
        1.5309310892394863,
        1.758905909933786,
        1.625,
        1.489546910976623,
        1.571225636247067,
        1.4947825928876748,
        1.7320508075688772,
        1.5206906325745548,
        1.7809758560968758
    ],
    [
        2.218529918662356,
        1.5562374497485916,
        1.625,
        2.4238399287081647,
        1.505199322349037,
        1.5103807466993215,
        1.8833148966649205,
        1.695582495781317,
        1.58607219255619,
        1.704772712123232,
        2.23606797749979,
        1.6007810593582121,
        1.875,
        1.6298006013006623,
        1.6441183047457382,
        1.5206906325745548,
        1.6630168369562588,
        1.6677080080157918,
        1.7633419974582356,
        1.5258194519667128,
        0.0,
        1.6677080080157918,
        1.6723860200324565,
        1.6345871038277526,
        1.5562374497485916,
        1.704772712123232,
        2.2150056433336687,
        1.948557158514987,
        2.0463381929681126,
        1.6056540723331412,
        1.5562374497485916,
        1.8114220932736798,
        1.6863421954040052,
        1.648863244784115,
        1.8498310733685928,
        1.9039432764659772,
        1.590990257669732,
        1.7853571071357126,
        1.5360257159305635,
        1.8915932438026946,
        1.8200274723201295,
        1.6105123408406408,
        1.713913650100261,
        1.6677080080157918,
        1.6153559979150107,
        1.6863421954040052,
        1.653594569415369,
        2.0766559657295187,
        1.6153559979150107,
        2.143303524935281
    ],
    [
        2.345207879911715,
        1.695582495781317,
        1.7001838135919305,
        2.521780125229002,
        1.6345871038277526,
        1.7365554986812255,
        1.8540496217739157,
        1.6817030058842137,
        1.6345871038277526,
        1.58607219255619,
        2.361805453461398,
        1.5360257159305635,
        1.6723860200324565,
        1.6583123951777,
        1.6677080080157918,
        1.6153559979150107,
        1.7365554986812255,
        1.571225636247067,
        1.9080421903092184,
        1.6298006013006623,
        1.6677080080157918,
        0.0,
        1.6909686573085854,
        1.6770509831248424,
        1.6817030058842137,
        1.6298006013006623,
        2.381569860407206,
        1.713913650100261,
        1.8833148966649205,
        1.6909686573085854,
        1.6723860200324565,
        1.7677669529663689,
        1.6007810593582121,
        1.590990257669732,
        1.956559480312316,
        1.80710403685012,
        1.648863244784115,
        1.6630168369562588,
        1.7455300054711176,
        1.8200274723201295,
        1.8957188610128877,
        1.541103500742244,
        1.58607219255619,
        1.7365554986812255,
        1.6723860200324565,
        1.709349291397168,
        1.6863421954040052,
        2.2810359488618324,
        1.5662455107677085,
        2.1360009363293826
    ],
    [
        1.7853571071357126,
        1.590990257669732,
        1.4737282653189494,
        1.8957188610128877,
        1.7001838135919305,
        1.4684175155588413,
        2.0879116360612584,
        1.590990257669732,
        1.6817030058842137,
        1.6345871038277526,
        1.7320508075688772,
        1.6909686573085854,
        1.9445436482630056,
        1.595893166850463,
        1.4684175155588413,
        1.6056540723331412,
        1.6393596310755,
        1.6056540723331412,
        1.4361406616345072,
        1.4469796128487782,
        1.6723860200324565,
        1.6909686573085854,
        0.0,
        1.7001838135919305,
        1.4737282653189494,
        1.9605483926697653,
        1.7897276329095442,
        2.011684617428885,
        2.225561726845607,
        1.4737282653189494,
        1.4630874888399532,
        1.571225636247067,
        1.648863244784115,
        1.6770509831248424,
        1.489546910976623,
        2.1028254801575903,
        1.571225636247067,
        1.8582585934148133,
        1.5562374497485916,
        1.824314939915803,
        2.065338955232288,
        1.479019945774904,
        1.8413649828320293,
        1.71846588560844,
        1.595893166850463,
        1.6630168369562588,
        1.4737282653189494,
        1.7455300054711176,
        1.5811388300841898,
        1.7633419974582356
    ],
    [
        2.341874249399399,
        1.5811388300841898,
        1.7455300054711176,
        2.3979157616563596,
        1.709349291397168,
        1.695582495781317,
        2.053959590644373,
        1.6298006013006623,
        1.758905909933786,
        1.758905909933786,
        2.222048604328897,
        1.6677080080157918,
        1.9685019685029528,
        1.6723860200324565,
        1.5155444566227676,
        1.625,
        1.4684175155588413,
        1.590990257669732,
        1.8666480653835098,
        1.5811388300841898,
        1.6345871038277526,
        1.6770509831248424,
        1.7001838135919305,
        0.0,
        1.5309310892394863,
        1.824314939915803,
        2.315032397181517,
        2.023301757029831,
        2.125,
        1.6105123408406408,
        1.648863244784115,
        1.8582585934148133,
        1.8027756377319946,
        1.7455300054711176,
        1.845602882529175,
        2.0953818267800264,
        1.6153559979150107,
        1.9121323175972944,
        1.595893166850463,
        1.976423537605237,
        1.9243505397925815,
        1.620185174601965,
        1.758905909933786,
        1.6863421954040052,
        1.6007810593582121,
        1.4737282653189494,
        1.79843682124227,
        2.1360009363293826,
        1.653594569415369,
        2.207940216581962
    ],
    [
        2.1286732957408003,
        1.5562374497485916,
        1.5155444566227676,
        2.2465250944514286,
        1.595893166850463,
        1.4842927608797396,
        1.9803724397193574,
        1.6345871038277526,
        1.5612494995995996,
        1.5761900266148114,
        2.084166500066633,
        1.6105123408406408,
        1.9364916731037085,
        1.5662455107677085,
        1.5103807466993215,
        1.625,
        1.5103807466993215,
        1.5,
        1.620185174601965,
        1.3635890143294642,
        1.5562374497485916,
        1.6817030058842137,
        1.4737282653189494,
        1.5309310892394863,
        0.0,
        1.8200274723201295,
        2.0,
        1.8498310733685928,
        1.984313483298443,
        1.3919410907075054,
        1.479019945774904,
        1.6630168369562588,
        1.713913650100261,
        1.6007810593582121,
        1.6105123408406408,
        2.069118169655856,
        1.5761900266148114,
        1.8285923547909742,
        1.4737282653189494,
        1.8833148966649205,
        1.956559480312316,
        1.5512092057488571,
        1.713913650100261,
        1.58607219255619,
        1.4415703243338496,
        1.4842927608797396,
        1.6345871038277526,
        1.8915932438026946,
        1.5155444566227676,
        1.9445436482630056
    ],
    [
        2.6309456474811483,
        1.7633419974582356,
        1.8791620472966135,
        2.831187913226531,
        1.6298006013006623,
        1.9243505397925815,
        1.8371173070873836,
        1.653594569415369,
        1.79843682124227,
        1.8157298807917437,
        2.7271780286589284,
        1.5612494995995996,
        1.7455300054711176,
        1.8540496217739157,
        1.8413649828320293,
        1.6817030058842137,
        1.6723860200324565,
        1.648863244784115,
        2.225561726845607,
        1.8328597873268975,
        1.704772712123232,
        1.6298006013006623,
        1.9605483926697653,
        1.824314939915803,
        1.8200274723201295,
        0.0,
        2.666341125962693,
        1.7809758560968758,
        1.7633419974582356,
        1.8582585934148133,
        1.8874586088176875,
        1.9882467150733583,
        1.7940875118009154,
        1.695582495781317,
        2.25,
        1.6677080080157918,
        1.695582495781317,
        1.8027756377319946,
        1.7853571071357126,
        2.069118169655856,
        1.741048534648015,
        1.7633419974582356,
        1.505199322349037,
        1.6909686573085854,
        1.7230060940112777,
        1.8328597873268975,
        1.9162137145944864,
        2.5617376914898995,
        1.7544586059522749,
        2.443102535711508
    ],
    [
        0.9185586535436918,
        2.1102428770167667,
        1.845602882529175,
        0.875,
        2.315032397181517,
        1.8624580532189174,
        2.6368778887161235,
        2.057759704144291,
        2.080414622136655,
        2.084166500066633,
        0.9762812094883317,
        2.2325713874364688,
        2.537222891273055,
        1.9324531042175384,
        1.9121323175972944,
        2.225561726845607,
        2.2946949688357274,
        2.057759704144291,
        1.4361406616345072,
        1.80710403685012,
        2.2150056433336687,
        2.381569860407206,
        1.7897276329095442,
        2.315032397181517,
        2.0,
        2.666341125962693,
        0.0,
        2.6040833319999575,
        2.8695600708122493,
        1.920286436967152,
        1.741048534648015,
        1.7320508075688772,
        2.2741756748325317,
        2.1469455046647083,
        1.3975424859373686,
        2.7782638463616087,
        2.072890493972125,
        2.2638462845343543,
        1.940521837032503,
        1.9039432764659772,
        2.9154759474226504,
        2.0,
        2.613068120045859,
        2.5155764746872635,
        2.0463381929681126,
        2.375,
        1.80710403685012,
        1.0968705484240153,
        2.057759704144291,
        1.125
    ],
    [
        2.5155764746872635,
        1.920286436967152,
        1.709349291397168,
        2.7698149757700423,
        1.75,
        1.8957188610128877,
        1.845602882529175,
        1.71846588560844,
        1.713913650100261,
        1.7940875118009154,
        2.625,
        1.758905909933786,
        1.6007810593582121,
        1.7809758560968758,
        1.956559480312316,
        1.948557158514987,
        2.0348525745124633,
        1.7320508075688772,
        2.125,
        1.9324531042175384,
        1.948557158514987,
        1.713913650100261,
        2.011684617428885,
        2.023301757029831,
        1.8498310733685928,
        1.7809758560968758,
        2.6040833319999575,
        0.0,
        1.704772712123232,
        1.9685019685029528,
        1.976423537605237,
        1.8915932438026946,
        1.7320508075688772,
        1.7544586059522749,
        2.23606797749979,
        1.7455300054711176,
        1.7455300054711176,
        1.5512092057488571,
        1.9445436482630056,
        1.80710403685012,
        2.0766559657295187,
        1.695582495781317,
        1.7677669529663689,
        1.920286436967152,
        1.6909686573085854,
        2.003902442735175,
        1.7677669529663689,
        2.42706097986845,
        1.7633419974582356,
        2.1972994789058684
    ],
    [
        2.912795049432761,
        2.042516829796024,
        1.9445436482630056,
        3.2882366094914763,
        1.7544586059522749,
        2.1396553460779613,
        1.920286436967152,
        1.7853571071357126,
        1.8833148966649205,
        1.899835519196333,
        3.204001404494074,
        1.8285923547909742,
        1.7365554986812255,
        2.0,
        2.003902442735175,
        2.053959590644373,
        2.1028254801575903,
        1.9080421903092184,
        2.3518609652783473,
        2.0463381929681126,
        2.0463381929681126,
        1.8833148966649205,
        2.225561726845607,
        2.125,
        1.984313483298443,
        1.7633419974582356,
        2.8695600708122493,
        1.704772712123232,
        0.0,
        2.1396553460779613,
        2.200852107707376,
        2.1213203435596424,
        1.9685019685029528,
        1.8200274723201295,
        2.48746859276655,
        1.6863421954040052,
        1.7544586059522749,
        1.80710403685012,
        2.065338955232288,
        2.023301757029831,
        1.996089927833914,
        1.9525624189766635,
        1.80710403685012,
        1.9882467150733583,
        1.8157298807917437,
        2.050152433357091,
        2.0155644370746373,
        2.888555002072836,
        1.948557158514987,
        2.622022120425379
    ],
    [
        1.9921721813136535,
        1.5309310892394863,
        1.4684175155588413,
        2.023301757029831,
        1.7677669529663689,
        1.5155444566227676,
        2.0155644370746373,
        1.648863244784115,
        1.541103500742244,
        1.5811388300841898,
        1.8791620472966135,
        1.653594569415369,
        1.964529205687714,
        1.4737282653189494,
        1.5461646096066226,
        1.6153559979150107,
        1.590990257669732,
        1.625,
        1.5155444566227676,
        1.3806701271484076,
        1.6056540723331412,
        1.6909686573085854,
        1.4737282653189494,
        1.6105123408406408,
        1.3919410907075054,
        1.8582585934148133,
        1.920286436967152,
        1.9685019685029528,
        2.1396553460779613,
        0.0,
        1.4197270864500684,
