[
    [
        0.0,
        1.1989578808281798,
        0.5503941074079445,
        1.6314628155025008,
        1.3191341083901844,
        1.0990487538163656,
        0.591715768777889,
        0.5771968287666885,
        1.3468832123666483,
        1.1048709408425796,
        0.0,
        0.8953536526229767,
        0.8537880777058515,
        1.1919211468919255,
        1.604462049843421,
        0.8569568250501305,
        0.9923174278178432,
        1.0990487538163656,
        0.822786145250591,
        1.3001422606619568,
        1.4779175764608088,
        1.3029597390681928,
        0.8320355540872675,
        1.3911390502544514,
        1.0250373313261545,
        1.313591625728359,
        0.9360580369432641,
        0.9297344670056725,
        1.0561409344729462,
        0.746970449621476,
        1.132877434314559,
        0.8033729913715709,
        1.50339751284637,
        1.1322048202962398,
        0.3138999255579812,
        1.2921762216335286,
        0.9401747557920132,
        1.1113112773215434,
        1.147729568872958,
        1.099306625418651,
        0.9262409705907567,
        0.8260738218728843,
        0.7810331331653229,
        1.2014523759980598,
        1.1438667415608252,
        0.6162654973834785,
        0.8200687502289311,
        0.3602543036041431,
        1.1828925115485138,
        0.3602543036041431
    ],
    [
        1.1989578808281798,
        0.0,
        0.9682458365518543,
        1.2562344526401112,
        0.9762812094883317,
        0.6614378277661477,
        0.739509972887452,
        0.8488145328109735,
        1.2808688457449497,
        0.7454025757937788,
        1.1989578808281798,
        0.7071067811865476,
        0.7180703308172536,
        0.8799857953399021,
        1.2119199643540823,
        0.6993984295559336,
        0.6959705453537527,
        0.8003905296791061,
        0.6614378277661477,
        0.9921567416492215,
        1.2318121249245402,
        1.1319231422671772,
        0.7806247497997998,
        1.0307764064044151,
        0.7806247497997998,
        1.0350120772242226,
        0.7156485015549029,
        0.7192781875680029,
        0.9100137361600648,
        0.7046472718869902,
        1.0391636594449938,
        0.81967981553775,
        1.0968705484240153,
        0.9437293044088437,
        0.9842509842514764,
        0.9807522622966516,
        0.7806247497997998,
        1.2562344526401112,
        0.7180703308172536,
        0.7083333333333334,
        0.955612078431643,
        0.6373774391990981,
        0.7905694150420949,
        0.9930312739844155,
        0.9062284480195929,
        0.75,
        0.6614378277661477,
        0.8838834764831844,
        0.875,
        0.9100137361600648
    ],
    [
        0.5503941074079445,
        0.9682458365518543,
        0.0,
        1.3110110602126894,
        1.1524430571616109,
        0.9437293044088437,
        0.5448623679425842,
        0.6009252125773316,
        1.3806701271484076,
        1.0043654713300334,
        0.5503941074079445,
        0.770551750371122,
        0.75,
        1.0865656906050365,
        1.5562374497485916,
        0.7634842259439982,
        0.8838834764831844,
        0.9842509842514764,
        0.6123724356957945,
        1.118033988749895,
        1.3469358229370512,
        1.2119199643540823,
        0.649519052838329,
        1.334634781503914,
        0.8926785535678563,
        1.2346558224865747,
        0.7783975705112252,
        0.7192781875680029,
        0.8660254037844386,
        0.5965758776365148,
        0.9109671295448103,
        0.6614378277661477,
        1.3806701271484076,
        1.0231690964840563,
        0.45069390943299864,
        1.2409673645990857,
        0.7288689868556626,
        1.1792476415070754,
        0.9270248108869579,
        0.9771699499632145,
        0.9307628293203616,
        0.6846531968814576,
        0.7071067811865476,
        1.125771340508858,
        0.9965565713997374,
        0.5153882032022076,
        0.625,
        0.4841229182759271,
        1.0383279828647594,
        0.375
    ],
    [
        1.6314628155025008,
        1.2562344526401112,
        1.3110110602126894,
        0.0,
        1.0532687216470449,
        1.1726039399558574,
        1.2808688457449497,
        1.4577379737113252,
        1.4306903927824497,
        1.1396271320041482,
        1.6314628155025008,
        1.2119199643540823,
        1.192424001771182,
        1.1357816691600546,
        1.1989578808281798,
        1.329487971102455,
        1.2562344526401112,
        1.192424001771182,
        1.334634781503914,
        0.9762812094883317,
        1.0008676791220261,
        1.165922381636102,
        1.4306903927824497,
        1.243734296383275,
        0.9842509842514764,
        0.9611191393370545,
        1.1777745020918808,
        1.2997061633735185,
        1.0077822185373186,
        1.3235316811890492,
        1.0752906583803283,
        1.334634781503914,
        1.103970108290981,
        0.9519716382329886,
        1.6770509831248424,
        1.0350120772242226,
        1.1726039399558574,
        1.7001838135919305,
        1.159202311936963,
        1.2183492931011204,
        1.3831827227248195,
        1.375,
        1.192424001771182,
        1.1188101318414627,
        1.107925990308017,
        1.334634781503914,
        1.2054563451241194,
        1.6723860200324565,
        1.2119199643540823,
        1.4361406616345072
    ],
    [
        1.3191341083901844,
        0.9762812094883317,
        1.1524430571616109,
        1.0532687216470449,
        0.0,
        0.9354143466934853,
        1.0752906583803283,
        1.1554520519885039,
        1.1989578808281798,
        0.9804335775563789,
        1.3191341083901844,
        0.960143218483576,
        1.0,
        0.905883546599672,
        1.0680004681646913,
        0.9726817022425943,
        1.0077822185373186,
        1.0077822185373186,
        1.0077822185373186,
        0.8569568250501305,
        0.9391189724653871,
        0.9354143466934853,
        1.0680004681646913,
        1.0,
        0.9270248108869579,
        0.9695359714832659,
        0.9400428477232065,
        0.9307628293203615,
        0.9185586535436918,
        1.0120798167909266,
        0.8878031563609382,
        1.0680004681646913,
        1.1110243021644486,
        0.9682458365518543,
        1.2930100540985752,
        0.9962429422585638,
        0.9270248108869579,
        1.3110110602126894,
        0.8477912478906585,
        0.9052317076000179,
        1.0391636594449938,
        1.0968705484240153,
        0.9762812094883317,
        0.9052317076000179,
        0.9367496997597597,
        1.0752906583803283,
        0.8926785535678563,
        1.2624381172952597,
        0.9682458365518543,
        1.2119199643540823
    ],
    [
        1.0990487538163656,
        0.6614378277661477,
        0.9437293044088437,
        1.1726039399558574,
        0.9354143466934853,
        0.0,
        0.739509972887452,
        0.7817359599705717,
        1.2686114456365274,
        0.702228595259407,
        1.1131748125363357,
        0.57282196186948,
        0.6373774391990981,
        0.796084166404533,
        1.2562344526401112,
        0.7634842259439982,
        0.5994789404140899,
        0.673145600891813,
        0.6614378277661477,
        0.9354143466934853,
        1.1118053386771944,
        1.0680004681646913,
        0.8100925873009825,
        1.0458250331675945,
        0.770551750371122,
        0.9148087231765993,
        0.6588078458684123,
        0.8014743359029727,
        0.75,
        0.7580585582775105,
        0.9363418772601764,
        0.8003905296791061,
        1.0606601717798212,
        0.82915619758885,
        0.9185586535436918,
        0.9062284480195929,
        0.7288689868556626,
        1.2562344526401112,
        0.5448623679425842,
        0.6859199013814303,
        1.003466214899358,
        0.6373774391990981,
        0.7603453162872774,
        0.9446486707295528,
        0.8058380730643099,
        0.7905694150420949,
        0.6959705453537527,
        0.8926785535678563,
        0.82915619758885,
        0.8569568250501305
    ],
    [
        0.591715768777889,
        0.739509972887452,
        0.5448623679425842,
        1.2808688457449497,
        1.0752906583803283,
        0.739509972887452,
        0.0,
        0.4859126579037751,
        1.243734296383275,
        0.6910137480542626,
        0.591715768777889,
        0.5448623679425842,
        0.5863019699779287,
        0.9148087231765993,
        1.3110110602126894,
        0.549234160686775,
        0.6846531968814576,
        0.6959705453537527,
        0.6373774391990981,
        1.0606601717798212,
        1.2576156893988808,
        1.14564392373896,
        0.5303300858899106,
        1.0825317547305484,
        0.7180703308172536,
        1.0793516572461452,
        0.6346477588219923,
        0.6859199013814303,
        0.8100925873009825,
        0.5270462766947299,
        0.9363418772601764,
        0.5153882032022076,
        1.2183492931011204,
        0.9185586535436918,
        0.5153882032022076,
        0.9483538369195329,
        0.57282196186948,
        1.0968705484240153,
        0.7071067811865476,
        0.8579691784155834,
        0.814367511903836,
        0.57282196186948,
        0.5863019699779287,
        1.016359243137539,
        0.8112490369793977,
        0.39528470752104744,
        0.5303300858899106,
        0.45069390943299864,
        0.8569568250501305,
        0.4330127018922193
    ],
    [
        0.5771968287666885,
        0.8488145328109735,
        0.6009252125773316,
        1.4577379737113252,
        1.1554520519885039,
        0.7817359599705717,
        0.4859126579037751,
        0.0,
        1.0433320021290762,
        0.7820024154552068,
        0.5771968287666885,
        0.6387379048648288,
        0.7083333333333334,
        0.9853439895679974,
        1.352081728298996,
        0.5771968287666885,
        0.6588078458684123,
        0.8848650242331376,
        0.6859199013814303,
        1.107110854632202,
        1.3003738778606029,
        1.092906420717,
        0.6859199013814303,
        1.1606990230986767,
        0.8750000000000001,
        1.1735215284679603,
        0.7046472718869902,
        0.6614378277661477,
        0.9109671295448103,
        0.49651563699220774,
        1.0,
        0.7511565157216644,
        1.420338379088276,
        1.0008676791220261,
        0.5170697352496191,
        1.0946841249115353,
        0.7192781875680029,
        0.8333333333333334,
        0.7406828681096325,
        0.770551750371122,
        0.6009252125773316,
        0.6263873490988712,
        0.5833333333333334,
        1.015504800579495,
        0.7456354486089178,
        0.4350127712046063,
        0.6137883276106765,
        0.46955948623269356,
        0.9771699499632145,
        0.4859126579037751
    ],
    [
        1.3468832123666483,
        1.2808688457449497,
        1.3806701271484076,
        1.4306903927824497,
        1.1989578808281798,
        1.2686114456365274,
        1.243734296383275,
        1.0433320021290762,
        0.0,
        1.0568230693924126,
        1.3468832123666483,
        1.2686114456365274,
        1.2119199643540823,
        1.1890121950594117,
        1.1524430571616109,
        1.1303726584356044,
        1.1524430571616109,
        1.2624381172952597,
        1.2747548783981961,
        1.1726039399558574,
        1.2211959074794037,
        0.9682458365518543,
        1.2686114456365274,
        1.0077822185373186,
        1.25,
        1.1723374087693355,
        1.1110243021644486,
        1.0358169078880044,
        1.286953767623375,
        1.1319231422671772,
        1.0565601944254972,
        1.2808688457449497,
        1.4684175155588413,
        1.2747548783981961,
        1.3975424859373686,
        1.182423359038547,
        1.2747548783981961,
        0.7806247497997998,
        1.2624381172952597,
        0.9637527921850314,
        0.8014743359029727,
        1.299038105676658,
        1.14564392373896,
        1.092906420717,
        1.0991473968490304,
        1.2686114456365274,
        1.2374368670764582,
        1.3635890143294642,
        1.3228756555322954,
        1.346291201783626
    ],
    [
        1.1048709408425796,
        0.7454025757937788,
        1.0043654713300334,
        1.1396271320041482,
        0.9804335775563789,
        0.702228595259407,
        0.6910137480542626,
        0.7820024154552068,
        1.0568230693924126,
        0.0,
        1.1048709408425796,
        0.7348469228349535,
        0.6796138609534094,
        0.82915619758885,
        1.0077822185373186,
        0.6983124702613072,
        0.6773108592072034,
        0.6796138609534094,
        0.8344159634139319,
        0.8400148808205722,
        1.072510036213078,
        0.9334077351297235,
        0.8437268515343103,
        0.925,
        0.8344159634139319,
        0.8958236433584459,
        0.600404955934835,
        0.8209919474500208,
        0.8888194417315589,
        0.8010843345810171,
        0.9197297308328016,
        0.7762087348130012,
        1.0274361294017258,
        0.8620469824783334,
        0.9807522622966516,
        0.8385254915624212,
        0.7407766195014527,
        1.0848386976873567,
        0.7132671308843553,
        0.7855907189992622,
        0.8744442679655335,
        0.702228595259407,
        0.6698880503487131,
        0.8209919474500208,
        0.8400148808205722,
        0.7862092596758194,
        0.7660776723022281,
        0.9317322576792112,
        0.8344159634139319,
        0.9148087231765993
    ],
    [
        0.0,
        1.1989578808281798,
        0.5503941074079445,
        1.6314628155025008,
        1.3191341083901844,
        1.1131748125363357,
        0.591715768777889,
        0.5771968287666885,
        1.3468832123666483,
        1.1048709408425796,
        0.0,
        0.8953536526229767,
        0.8537880777058515,
        1.2049589289300124,
        1.604462049843421,
        0.8569568250501305,
        0.9923174278178432,
        1.0990487538163656,
        0.822786145250591,
        1.3001422606619568,
        1.5551898156854649,
        1.378705581925544,
        0.8225923433057872,
        1.3911390502544514,
        1.0250373313261545,
        1.3831207319622079,
        0.9360580369432641,
        0.9297344670056725,
        1.0561409344729462,
        0.746970449621476,
        1.2938455399231925,
        0.8033729913715709,
        1.50339751284637,
        1.1406228159050935,
        0.3378729987218661,
        1.3042121712954153,
        0.9401747557920132,
        1.1113112773215434,
        1.147729568872958,
        1.099306625418651,
        0.9262409705907567,
        0.8260738218728843,
        0.7810331331653229,
        1.2014523759980598,
        1.1775211770702807,
        0.6162654973834785,
        0.8200687502289311,
        0.3602543036041431,
        1.1828925115485138,
        0.3602543036041431
    ],
    [
        0.8953536526229767,
        0.7071067811865476,
        0.770551750371122,
        1.2119199643540823,
        0.960143218483576,
        0.57282196186948,
        0.5448623679425842,
        0.6387379048648288,
        1.2686114456365274,
        0.7348469228349535,
        0.8953536526229767,
        0.0,
        0.5448623679425842,
        0.7762087348130012,
        1.3635890143294642,
        0.549234160686775,
        0.5863019699779287,
        0.6123724356957945,
        0.5994789404140899,
        0.8926785535678563,
        1.1865859054915118,
        1.103970108290981,
        0.5590169943749475,
        1.118033988749895,
        0.770551750371122,
        0.8888194417315589,
        0.5833333333333334,
        0.7083333333333334,
        0.7288689868556626,
        0.6222160217945033,
        0.9195031871130797,
        0.649519052838329,
        1.0825317547305484,
        0.7288689868556626,
        0.7288689868556626,
        0.8620469824783334,
        0.649519052838329,
        1.103970108290981,
        0.6123724356957945,
        0.6972166887783964,
        0.8700255424092126,
        0.5,
        0.649519052838329,
        0.8579691784155834,
        0.7454025757937788,
        0.5303300858899106,
        0.5590169943749475,
        0.625,
        0.6959705453537527,
        0.6846531968814576
    ],
    [
        0.8537880777058515,
        0.7180703308172536,
        0.75,
        1.192424001771182,
        1.0,
        0.6373774391990981,
        0.5863019699779287,
        0.7083333333333334,
        1.2119199643540823,
        0.6796138609534094,
        0.8537880777058515,
        0.5448623679425842,
        0.0,
        0.796084166404533,
        1.2183492931011204,
        0.6162654973834785,
        0.5994789404140899,
        0.6123724356957945,
        0.7180703308172536,
        0.9100137361600648,
        1.1865859054915118,
        1.0606601717798212,
        0.5994789404140899,
        1.118033988749895,
        0.8477912478906585,
        0.9565563234854496,
        0.5697830971323893,
        0.7406828681096325,
        0.7288689868556626,
        0.6346477588219923,
        1.0540925533894598,
        0.5863019699779287,
        1.0532687216470449,
        0.8660254037844386,
        0.75,
        0.9317322576792112,
        0.649519052838329,
        1.14564392373896,
        0.673145600891813,
        0.7716774657271723,
        0.905231707600018,
        0.5590169943749475,
        0.57282196186948,
        0.9023503261544882,
        0.8147085368400162,
        0.5863019699779287,
        0.5994789404140899,
        0.6959705453537527,
        0.673145600891813,
        0.7288689868556626
    ],
    [
        1.1919211468919255,
        0.8799857953399021,
        1.0865656906050365,
        1.1357816691600546,
        0.905883546599672,
        0.796084166404533,
        0.9148087231765993,
        0.9853439895679974,
        1.1890121950594117,
        0.82915619758885,
        1.2049589289300124,
        0.7762087348130012,
        0.796084166404533,
        0.0,
        1.070046727951635,
        0.797044924859884,
        0.8602325267042626,
        0.7660776723022281,
        0.9400797838481583,
        0.9367496997597597,
        0.9929263707736731,
        0.9956153875869939,
        0.9646890690787369,
        0.990265116016918,
        0.8975661535508122,
        0.9519716382329886,
        0.7507403753036805,
        0.8209919474500208,
        0.9233092656309694,
        0.9106240229156658,
        0.911881449409833,
        0.8344159634139319,
        1.0274361294017258,
        0.9062284480195929,
        1.114955156048888,
        0.9519716382329886,
        0.9062284480195929,
        1.181365735071066,
        0.7454025757937788,
        0.8523659881634049,
        0.9432140678434444,
        0.7454025757937788,
        0.8544003745317531,
        0.8582119655293661,
        0.8764274071479052,
        0.9483538369195329,
        0.8710625695092173,
        1.093732142711368,
        0.852936105461599,
        1.0425329730996522
    ],
    [
        1.604462049843421,
        1.2119199643540823,
        1.5562374497485916,
        1.1989578808281798,
        1.0680004681646913,
        1.2562344526401112,
        1.3110110602126894,
        1.352081728298996,
        1.1524430571616109,
        1.0077822185373186,
        1.604462049843421,
        1.3635890143294642,
        1.2183492931011204,
        1.070046727951635,
        0.0,
        1.1996226022191736,
        1.2374368670764582,
        1.2183492931011204,
        1.375,
        1.125,
        1.116480083914522,
        1.0606601717798212,
        1.4306903927824497,
        1.0307764064044151,
        1.2374368670764582,
        1.114955156048888,
        1.1008204011352423,
        1.2183492931011204,
        1.3050383136138188,
        1.3023749673406486,
        1.2617503274772268,
        1.4197270864500684,
        1.243734296383275,
        1.2747548783981961,
        1.6863421954040052,
        1.1110243021644488,
        1.2747548783981961,
        1.286953767623375,
        1.224744871391589,
        1.1102427162061856,
        1.167410477176825,
        1.3635890143294642,
        1.1319231422671772,
        0.9673488971869917,
        1.1776565713313878,
        1.3806701271484076,
        1.2747548783981961,
        1.6393596310755,
        1.1524430571616109,
        1.5562374497485916
    ],
    [
        0.8569568250501305,
        0.6993984295559336,
        0.7634842259439982,
        1.329487971102455,
        0.9726817022425943,
        0.7634842259439982,
        0.549234160686775,
        0.5771968287666885,
        1.1303726584356044,
        0.6983124702613072,
        0.8569568250501305,
        0.549234160686775,
        0.6162654973834785,
        0.797044924859884,
        1.1996226022191736,
        0.0,
        0.6497644785235804,
        0.7935887872603204,
        0.5906369788764724,
        0.9331959021752799,
        1.1886444240787164,
        1.0281435121774845,
        0.6034551874541357,
        1.0167600603919114,
        0.7836824377675604,
        0.928955964334946,
        0.6259629769611595,
        0.590576988324403,
        0.8413727849564104,
        0.5005665724197295,
        0.971333007671099,
        0.7321428571428572,
        1.1340340220933878,
        0.9462600928208408,
        0.7427369408244794,
        0.9031972686641878,
        0.7104809380027772,
        0.9924780879707323,
        0.6650437303405741,
        0.6654698014856439,
        0.7558117604493595,
        0.5348206832811406,
        0.6000106291575515,
        0.8694755958572864,
        0.828625306130089,
        0.5047605008965204,
        0.48903799777246976,
        0.641118681107723,
        0.8130394598451579,
        0.6993984295559336
    ],
    [
        0.9923174278178432,
        0.6959705453537527,
        0.8838834764831844,
        1.2562344526401112,
        1.0077822185373186,
        0.5994789404140899,
        0.6846531968814576,
        0.6588078458684123,
        1.1524430571616109,
        0.6773108592072034,
        0.9923174278178432,
        0.5863019699779287,
        0.5994789404140899,
        0.8602325267042626,
        1.2374368670764582,
        0.6497644785235804,
        0.0,
        0.6959705453537527,
        0.5863019699779287,
        0.9682458365518543,
        1.1577036657874837,
        1.0,
        0.7905694150420949,
        1.103970108290981,
        0.8385254915624212,
        0.954921462739214,
        0.7192781875680029,
        0.7264831572567789,
        0.8003905296791061,
        0.6263873490988712,
        0.9081039465709737,
        0.739509972887452,
        1.1726039399558574,
        0.8660254037844386,
        0.81967981553775,
        0.9467048114380744,
        0.6959705453537527,
        1.118033988749895,
        0.6614378277661477,
        0.6346477588219923,
        0.8730136183232069,
        0.5863019699779287,
        0.649519052838329,
        0.982485510212633,
        0.7537406715840668,
        0.7071067811865476,
        0.6614378277661477,
        0.8003905296791061,
        0.8926785535678563,
        0.7603453162872774
    ],
    [
        1.0990487538163656,
        0.8003905296791061,
        0.9842509842514764,
        1.192424001771182,
        1.0077822185373186,
        0.673145600891813,
        0.6959705453537527,
        0.8848650242331376,
        1.2624381172952597,
        0.6796138609534094,
        1.0990487538163656,
        0.6123724356957945,
        0.6123724356957945,
        0.7660776723022281,
        1.2183492931011204,
        0.7935887872603204,
        0.6959705453537527,
        0.0,
        0.7905694150420949,
        0.9437293044088437,
        1.1395661942647786,
        1.125,
        0.7806247497997998,
        1.0458250331675945,
        0.8660254037844386,
        0.9400797838481583,
        0.6934715407122183,
        0.8670271686118671,
        0.81967981553775,
        0.8270597183866336,
        1.0466547239233726,
        0.739509972887452,
        1.0458250331675945,
        0.81967981553775,
        0.9682458365518543,
        0.9646890690787369,
        0.770551750371122,
        1.231107225224513,
        0.8100925873009825,
        0.8395600699837452,
        0.9956502621123767,
        0.6846531968814576,
        0.7180703308172536,
        0.9109671295448103,
        0.852936105461599,
        0.7806247497997998,
        0.75,
        0.8926785535678563,
        0.770551750371122,
        0.9185586535436918
    ],
    [
        0.822786145250591,
        0.6614378277661477,
        0.6123724356957945,
        1.334634781503914,
        1.0077822185373186,
        0.6614378277661477,
        0.6373774391990981,
        0.6859199013814303,
        1.2747548783981961,
        0.8344159634139319,
        0.822786145250591,
        0.5994789404140899,
        0.7180703308172536,
        0.9400797838481583,
        1.375,
        0.5906369788764724,
        0.5863019699779287,
        0.7905694150420949,
        0.0,
        1.103970108290981,
        1.2876280950302037,
        1.14564392373896,
        0.770551750371122,
        1.159202311936963,
        0.7905694150420949,
        1.149456393257265,
        0.6095307849303248,
        0.5743353646704259,
        0.8660254037844386,
        0.39308254716902513,
        0.9023503261544882,
        0.770551750371122,
        1.3050383136138188,
        0.9437293044088437,
        0.7180703308172536,
        1.1586630226256467,
        0.7806247497997998,
        1.1792476415070754,
        0.6373774391990981,
        0.7716774657271723,
        0.8965597829729173,
        0.5448623679425842,
        0.75,
        1.024017143953709,
        0.8344159634139319,
        0.6123724356957945,
        0.5153882032022076,
        0.6614378277661477,
        0.9354143466934853,
        0.6959705453537527
    ],
    [
        1.3001422606619568,
        0.9921567416492215,
        1.118033988749895,
        0.9762812094883317,
        0.8569568250501305,
        0.9354143466934853,
        1.0606601717798212,
        1.107110854632202,
        1.1726039399558574,
        0.8400148808205722,
        1.3001422606619568,
        0.8926785535678563,
        0.9100137361600648,
        0.9367496997597597,
        1.125,
        0.9331959021752799,
        0.9682458365518543,
        0.9437293044088437,
        1.103970108290981,
        0.0,
        0.9956502621123767,
        0.9519716382329886,
        1.125,
        0.9185586535436918,
        0.9270248108869579,
        0.919918474648705,
        0.8789592962387077,
        0.9223309842157773,
        0.9437293044088437,
        1.011221758292633,
        1.0034662148993578,
        0.960143218483576,
        0.9842509842514764,
        0.960143218483576,
        1.2624381172952597,
        0.9027735042633894,
        1.0,
        1.2808688457449497,
        0.8926785535678563,
        0.9223309842157773,
        0.9930312739844155,
        1.0077822185373186,
        0.82915619758885,
        0.9052317076000179,
        0.9027735042633894,
        1.0307764064044151,
        0.9100137361600648,
        1.243734296383275,
        0.9013878188659973,
        1.1319231422671772
    ],
    [
        1.4779175764608088,
        1.2318121249245402,
        1.3469358229370512,
        1.0008676791220261,
        0.9391189724653871,
        1.1118053386771944,
        1.2576156893988808,
        1.3003738778606029,
        1.2211959074794037,
        1.072510036213078,
        1.5551898156854649,
        1.1865859054915118,
        1.1865859054915118,
        0.9929263707736731,
        1.116480083914522,
        1.1886444240787164,
        1.1577036657874837,
        1.1395661942647786,
        1.2876280950302037,
        0.9956502621123767,
        0.0,
        0.8819171036881969,
        1.3869430814244366,
        1.0663736576724772,
        1.034139470499238,
        0.8804985961248194,
        1.0976616560266244,
        1.1125858269015574,
        1.0391636594449938,
        1.250694251650303,
        0.8579691784155834,
        1.2381381631753021,
        1.1666666666666667,
        1.0008676791220261,
        1.5667996397469306,
        0.9488296884993522,
        1.076097630845413,
        1.4439769542636214,
        1.0540925533894598,
        1.0391636594449938,
        1.2090515107122424,
        1.2815463749358083,
        1.116480083914522,
        0.9930312739844155,
        0.9693568887555181,
        1.3411230782859234,
        1.1599509089229212,
        1.6303331288761542,
        1.2126360175712707,
        1.4092945437739803
    ],
    [
        1.3029597390681928,
        1.1319231422671772,
        1.2119199643540823,
        1.165922381636102,
        0.9354143466934853,
        1.0680004681646913,
        1.14564392373896,
        1.092906420717,
        0.9682458365518543,
        0.9334077351297235,
        1.378705581925544,
        1.103970108290981,
        1.0606601717798212,
        0.9956153875869939,
        1.0606601717798212,
        1.0281435121774845,
        1.0,
        1.125,
        1.14564392373896,
        0.9519716382329886,
        0.8819171036881969,
        0.0,
        1.2183492931011204,
        0.8660254037844386,
        0.9519716382329886,
        0.9079509898667439,
        0.969141945801084,
        1.0491398593345143,
        0.960143218483576,
        1.0466547239233726,
        0.93355652093367,
        1.125,
        1.118033988749895,
        1.015504800579495,
        1.334634781503914,
        0.8877640452282352,
        1.0307764064044151,
        1.159202311936963,
        1.0532687216470449,
        0.982485510212633,
        0.9583333333333334,
        1.1858541225631423,
        0.9842509842514764,
        0.9166666666666666,
        0.9394147114027969,
        1.159202311936963,
        1.0458250331675945,
        1.3975424859373686,
        1.0532687216470449,
        1.2119199643540823
    ],
    [
        0.8320355540872675,
        0.7806247497997998,
        0.649519052838329,
        1.4306903927824497,
        1.0680004681646913,
        0.8100925873009825,
        0.5303300858899106,
        0.6859199013814303,
        1.2686114456365274,
        0.8437268515343103,
        0.8225923433057872,
        0.5590169943749475,
        0.5994789404140899,
        0.9646890690787369,
        1.4306903927824497,
        0.6034551874541357,
        0.7905694150420949,
        0.7806247497997998,
        0.770551750371122,
        1.125,
        1.3869430814244366,
        1.2183492931011204,
        0.0,
        1.2119199643540823,
        0.8569568250501305,
        1.182951816432098,
        0.6934715407122183,
        0.8111634305804911,
        0.8385254915624212,
        0.6821127309893709,
        1.0905210273585335,
        0.5,
        1.2808688457449497,
        1.0532687216470449,
        0.6959705453537527,
        1.182951816432098,
        0.7180703308172536,
        1.125,
        0.6959705453537527,
        0.9363418772601764,
        0.8789592962387078,
        0.625,
        0.6959705453537527,
        0.961046882889233,
        0.9062284480195929,
        0.4841229182759271,
        0.5994789404140899,
        0.6123724356957945,
        0.7288689868556626,
        0.5994789404140899
    ],
    [
        1.3911390502544514,
        1.0307764064044151,
        1.334634781503914,
        1.243734296383275,
        1.0,
        1.0458250331675945,
        1.0825317547305484,
        1.1606990230986767,
        1.0077822185373186,
        0.925,
        1.3911390502544514,
        1.118033988749895,
        1.118033988749895,
        0.990265116016918,
        1.0307764064044151,
        1.0167600603919114,
        1.103970108290981,
        1.0458250331675945,
        1.159202311936963,
        0.9185586535436918,
        1.0663736576724772,
        0.8660254037844386,
        1.2119199643540823,
        0.0,
        0.960143218483576,
        1.044030650891055,
        0.9930312739844155,
        0.982485510212633,
        1.0897247358851685,
        1.07124667768187,
        1.0590220855949029,
        1.159202311936963,
        1.0680004681646913,
        1.103970108290981,
        1.4142135623730951,
        0.9981232388838565,
        1.0532687216470449,
        1.192424001771182,
        0.960143218483576,
        0.9583333333333334,
        0.9745012969605417,
        1.25,
        0.9842509842514764,
        0.982485510212633,
        1.0807983160608643,
        1.2054563451241194,
        1.0231690964840563,
        1.3635890143294642,
        1.0606601717798212,
        1.334634781503914
    ],
    [
        1.0250373313261545,
        0.7806247497997998,
        0.8926785535678563,
        0.9842509842514764,
        0.9270248108869579,
        0.770551750371122,
        0.7180703308172536,
        0.8750000000000001,
        1.25,
        0.8344159634139319,
        1.0250373313261545,
        0.770551750371122,
        0.8477912478906585,
        0.8975661535508122,
        1.2374368670764582,
        0.7836824377675604,
        0.8385254915624212,
        0.8660254037844386,
        0.7905694150420949,
        0.9270248108869579,
        1.034139470499238,
        0.9519716382329886,
        0.8569568250501305,
        0.960143218483576,
        0.0,
        0.9062284480195929,
        0.7806247497997999,
        0.7817359599705717,
        0.7806247497997998,
        0.7795119555779045,
        0.8488145328109735,
        0.8838834764831844,
        0.9842509842514764,
        0.8100925873009825,
        0.9762812094883317,
        0.8975661535508122,
        0.739509972887452,
        1.3110110602126894,
        0.739509972887452,
        0.9023503261544882,
        0.9718253158075502,
        0.9013878188659973,
        0.7806247497997998,
        0.952883052169106,
        0.8284020762890446,
        0.8003905296791061,
        0.6123724356957945,
        0.9270248108869579,
        0.875,
        0.9185586535436918
    ],
    [
        1.313591625728359,
        1.0350120772242226,
        1.2346558224865747,
        0.9611191393370545,
        0.9695359714832659,
        0.9148087231765993,
        1.0793516572461452,
        1.1735215284679603,
        1.1723374087693355,
        0.8958236433584459,
        1.3831207319622079,
        0.8888194417315589,
        0.9565563234854496,
        0.9519716382329886,
        1.114955156048888,
        0.928955964334946,
        0.954921462739214,
        0.9400797838481583,
        1.149456393257265,
        0.919918474648705,
        0.8804985961248194,
        0.9079509898667439,
        1.182951816432098,
        1.044030650891055,
        0.9062284480195929,
        0.0,
        0.9115767780182985,
        1.0762912142063494,
        0.8058380730643099,
        1.1408147673191003,
        0.9025811751736116,
        1.0121141239998581,
        0.972753822917186,
        0.8344159634139319,
        1.3024016277631105,
        0.7327175444876423,
        0.9233092656309694,
        1.3860916275629112,
        0.8975661535508122,
        0.8938835370325252,
        1.0378597100657574,
        1.1562331079847177,
        0.8602325267042626,
        0.8851004337236412,
        0.8116341540373964,
        1.1629703349613008,
        0.9965565713997374,
        1.3724977231310804,
        0.8799857953399021,
        1.2026013470805694
    ],
    [
        0.9360580369432641,
        0.7156485015549029,
        0.7783975705112252,
        1.1777745020918808,
        0.9400428477232065,
        0.6588078458684123,
        0.6346477588219923,
        0.7046472718869902,
        1.1110243021644486,
        0.600404955934835,
        0.9360580369432641,
        0.5833333333333334,
        0.5697830971323893,
        0.7507403753036805,
        1.1008204011352423,
        0.6259629769611595,
        0.7192781875680029,
        0.6934715407122183,
        0.6095307849303248,
        0.8789592962387077,
        1.0976616560266244,
        0.969141945801084,
        0.6934715407122183,
        0.9930312739844155,
        0.7806247497997999,
        0.9115767780182985,
        0.0,
        0.5833333333333334,
        0.7580585582775105,
        0.5590169943749475,
        0.8270597183866336,
        0.6821127309893709,
        1.102396379610246,
        0.9081039465709737,
        0.8364524958285304,
        0.8756346904452285,
        0.7883703303510209,
        0.9877724659274749,
        0.6705615391429617,
        0.7168604389202189,
        0.7806247497997998,
        0.5833333333333334,
        0.6152009608430583,
        0.7783975705112252,
        0.8245790171690979,
        0.6222160217945033,
        0.5697830971323893,
        0.7371585838730889,
        0.7476816018719317,
        0.798218502527834
    ],
    [
        0.9297344670056725,
        0.7192781875680029,
        0.7192781875680029,
        1.2997061633735185,
        0.9307628293203615,
        0.8014743359029727,
        0.6859199013814303,
        0.6614378277661477,
        1.0358169078880044,
        0.8209919474500208,
        0.9297344670056725,
        0.7083333333333334,
        0.7406828681096325,
        0.8209919474500208,
        1.2183492931011204,
        0.590576988324403,
        0.7264831572567789,
        0.8670271686118671,
        0.5743353646704259,
        0.9223309842157773,
        1.1125858269015574,
        1.0491398593345143,
        0.8111634305804911,
        0.982485510212633,
        0.7817359599705717,
        1.0762912142063494,
        0.5833333333333334,
        0.0,
        0.8488145328109735,
        0.4103690750748377,
        0.81967981553775,
        0.8014743359029727,
        1.2254534308210618,
        1.0086432030758503,
        0.8936504412303007,
        0.9773831274263833,
        0.7817359599705717,
        0.9391189724653871,
        0.7406828681096325,
        0.6846531968814576,
        0.6387379048648288,
        0.6263873490988712,
        0.7156485015549029,
        0.8838834764831844,
        0.8890147480341495,
        0.6972166887783964,
        0.5877806658194119,
        0.8111634305804911,
        0.927960727138337,
        0.7916666666666667
    ],
    [
        1.0561409344729462,
        0.9100137361600648,
        0.8660254037844386,
        1.0077822185373186,
        0.9185586535436918,
        0.75,
        0.8100925873009825,
        0.9109671295448103,
        1.286953767623375,
        0.8888194417315589,
        1.0561409344729462,
        0.7288689868556626,
        0.7288689868556626,
        0.9233092656309694,
        1.3050383136138188,
        0.8413727849564104,
        0.8003905296791061,
        0.81967981553775,
        0.8660254037844386,
        0.9437293044088437,
        1.0391636594449938,
        0.960143218483576,
        0.8385254915624212,
        1.0897247358851685,
        0.7806247497997998,
        0.8058380730643099,
        0.7580585582775105,
        0.8488145328109735,
        0.0,
        0.8364524958285304,
        0.7916666666666667,
        0.770551750371122,
        1.0077822185373186,
        0.739509972887452,
        0.9682458365518543,
        0.9062284480195929,
        0.7071067811865476,
        1.3228756555322954,
        0.7180703308172536,
        0.8670271686118671,
        1.0189182717197904,
        0.8477912478906585,
        0.649519052838329,
        0.8395600699837452,
        0.7972609359550987,
        0.8003905296791061,
        0.770551750371122,
        0.960143218483576,
        0.8003905296791061,
        0.8477912478906585
    ],
    [
        0.746970449621476,
        0.7046472718869902,
        0.5965758776365148,
        1.3235316811890492,
        1.0120798167909266,
        0.7580585582775105,
        0.5270462766947299,
        0.49651563699220774,
        1.1319231422671772,
        0.8010843345810171,
        0.746970449621476,
