[
    [
        0.0,
        0.1608692209529219,
        0.5568290525376707,
        0.27198273727389394,
        0.10481568644530265,
        0.13799626353637262,
        0.120017902310447,
        0.16828640022295324,
        0.13887803777055607,
        0.27466243486323355,
        0.11267347735824966,
        0.13887803777055607,
        0.1801962905417312,
        0.30618621784789724,
        0.0897587913521567,
        0.1316585902058806,
        0.11587810136086973,
        0.12103072956898178,
        0.30136408628102984,
        0.38874547826952277,
        0.29315098498896436,
        0.125,
        0.240035804620894,
        0.21875,
        0.42129589883477386,
        0.11267347735824966,
        0.14149039278339715,
        0.24256522962906288,
        0.11267347735824966,
        0.3538218296724748,
        0.13799626353637262,
        0.40202126032089397,
        0.36174490321219455,
        0.1801962905417312,
        0.34303903750156484,
        0.13621559198564606,
        0.1307281291459493,
        0.11587810136086973,
        0.13710881855300192,
        0.10481568644530265,
        0.09375,
        0.15857643070456592,
        0.22158382693940257,
        0.1767766952966369,
        0.14657549249448218,
        0.13799626353637262,
        0.2567449488305466,
        0.16312978920172735,
        0.1335000585205864
    ],
    [
        0.1608692209529219,
        0.0,
        0.37238672774415577,
        0.21650635094610965,
        0.10711960313126631,
        0.12979099785809492,
        0.15625,
        0.1288470508005519,
        0.16010860571811872,
        0.2614562582918986,
        0.14740595518838442,
        0.18553659510996745,
        0.15068204314051492,
        0.3671043788897103,
        0.11796616305110547,
        0.15467960838455727,
        0.1926379375927805,
        0.11796616305110547,
        0.1926379375927805,
        0.25958199571618984,
        0.1875,
        0.14574029770451274,
        0.17399263633843817,
        0.13887803777055607,
        0.25048780534189685,
        0.13710881855300192,
        0.1788362990978062,
        0.12303137303143455,
        0.0855816496101822,
        0.23581732130566188,
        0.12979099785809492,
        0.24556615071096424,
        0.19825902406952375,
        0.16828640022295324,
        0.2538762001448738,
        0.11267347735824966,
        0.17469281074217108,
        0.15068204314051492,
        0.16387638252658618,
        0.10597390598633231,
        0.16387638252658618,
        0.12103072956898178,
        0.1488708950828797,
        0.17328963291264715,
        0.16682934768798924,
        0.05633673867912483,
        0.255314603724503,
        0.1801962905417312,
        0.1307281291459493
    ],
    [
        0.5568290525376707,
        0.37238672774415577,
        0.0,
        0.27018150727797785,
        0.4838707052250632,
        0.4250459533979826,
        0.5960072225862704,
        0.3727143888086426,
        0.47005027989035386,
        0.7228145941387736,
        0.5561709915799277,
        0.5550724896353628,
        0.3175375223890871,
        0.5101508661660784,
        0.5303300858899106,
        0.49853300417324425,
        0.5182226234930313,
        0.48210151939192225,
        0.2275034340400162,
        0.1608692209529219,
        0.23799290955824715,
        0.5791797810265824,
        0.3159960690024482,
        0.26052081250832915,
        0.17399263633843817,
        0.4592793267718459,
        0.5122998847110938,
        0.2348952559120767,
        0.5383260367797568,
        0.24379228621809274,
        0.4166341133116682,
        0.23333100817293873,
        0.20787710461953235,
        0.6343057228182637,
        0.27775607554111215,
        0.39373759901106725,
        0.6288941186718159,
        0.4846269506022132,
        0.4866378594499199,
        0.4466126852486391,
        0.5743117484215345,
        0.4113264556590057,
        0.31032227312012983,
        0.42389562394532926,
        0.6173358207855754,
        0.4310348195041788,
        0.7189198168954588,
        0.46875,
        0.5762215285808054
    ],
    [
        0.27198273727389394,
        0.21650635094610965,
        0.27018150727797785,
        0.0,
        0.21763106683100186,
        0.2633171804117612,
        0.34798527267687634,
        0.18553659510996745,
        0.24506854908372067,
        0.47005027989035386,
        0.32588521272834703,
        0.32886820593514354,
        0.16973094517500337,
        0.31366968593569894,
        0.2768757054167086,
        0.2445699350390395,
        0.2939826206597934,
        0.2390165396996618,
        0.1660960283239789,
        0.203125,
        0.1570293065800139,
        0.34410493039914436,
        0.13531646934131855,
        0.18087245160609727,
        0.1988737822087165,
        0.2460627460628691,
        0.2688226645950821,
        0.16237976320958225,
        0.29064180058966055,
        0.21812907907679088,
        0.27466243486323355,
        0.16535945694153692,
        0.11158481919598204,
        0.38305158350410196,
        0.19578068884596356,
        0.20610790559801437,
        0.3458741190809165,
        0.24206145913796356,
        0.23017062285400366,
        0.2385052737886523,
        0.30055287596361474,
        0.22316963839196408,
        0.1514899955442603,
        0.2125229766989913,
        0.36776882174811937,
        0.21079277442550065,
        0.4584812734725378,
        0.28168369339562416,
        0.3332926407453366
    ],
    [
        0.10481568644530265,
        0.10711960313126631,
        0.4838707052250632,
        0.21763106683100186,
        0.0,
        0.12203515118604147,
        0.14823176532039278,
        0.140625,
        0.13531646934131855,
        0.2781952158557009,
        0.14823176532039278,
        0.1753901900050285,
        0.120017902310447,
        0.2688226645950821,
        0.12789613706050704,
        0.07493486755176124,
        0.13887803777055607,
        0.09504316453590968,
        0.2159417962669571,
        0.3097535562749845,
        0.2509746625657658,
        0.15625,
        0.18221724671391565,
        0.1767766952966369,
        0.3391021002220423,
        0.109375,
        0.12789613706050704,
        0.1616262567623219,
        0.10711960313126631,
        0.27877966023067985,
        0.12203515118604147,
        0.32588521272834703,
        0.29315098498896436,
        0.1781524101717403,
        0.28598445652692384,
        0.09504316453590968,
        0.13887803777055607,
        0.10597390598633231,
        0.10711960313126631,
        0.09375,
        0.125,
        0.15857643070456592,
        0.14583333333333331,
        0.11267347735824966,
        0.16535945694153692,
        0.10711960313126631,
        0.2692763740564701,
        0.19390115071860714,
        0.1514899955442603
    ],
    [
        0.13799626353637262,
        0.12979099785809492,
        0.4250459533979826,
        0.2633171804117612,
        0.12203515118604147,
        0.0,
        0.120017902310447,
        0.120017902310447,
        0.14405538214520136,
        0.20009763241977652,
        0.09110862335695782,
        0.05633673867912483,
        0.19702375332685143,
        0.240035804620894,
        0.08838834764831845,
        0.11587810136086973,
        0.08838834764831845,
        0.11048543456039805,
        0.21137108216357317,
        0.3569893643373707,
        0.258639771206982,
        0.09882117688026186,
        0.18221724671391565,
        0.2159417962669571,
        0.318305449804115,
        0.0897587913521567,
        0.10364452469860624,
        0.2159417962669571,
        0.10245997694221876,
        0.3176229393435276,
        0.046875,
        0.2567449488305466,
        0.26745691825974516,
        0.140625,
        0.29064180058966055,
        0.10711960313126631,
        0.10245997694221876,
        0.15309310892394862,
        0.07967217989988726,
        0.07493486755176124,
        0.08699631816921909,
        0.11796616305110547,
        0.20518453753741883,
        0.19515618744994995,
        0.10711960313126631,
        0.1269381000724369,
        0.17746588580625855,
        0.12401959270615269,
        0.10245997694221876
    ],
    [
        0.120017902310447,
        0.15625,
        0.5960072225862704,
        0.34798527267687634,
        0.14823176532039278,
        0.120017902310447,
        0.0,
        0.24105075969596113,
        0.19008632907181935,
        0.11587810136086973,
        0.08118988160479113,
        0.14235052467412967,
        0.24902152266420668,
        0.414578098794425,
        0.08414320011147662,
        0.15309310892394862,
        0.16755945773068137,
        0.1307281291459493,
        0.3928064090617667,
        0.46613855906800933,
        0.369754986443726,
        0.0625,
        0.3190715290103459,
        0.28341183042526646,
        0.46927054430253773,
        0.13975424859373686,
        0.14405538214520136,
        0.2976962325509008,
        0.07654655446197431,
        0.3858738842081554,
        0.1514899955442603,
        0.45714808869774354,
        0.41102957618643454,
        0.06810779599282303,
        0.4068505176966105,
        0.18288593610499415,
        0.046875,
        0.15625,
        0.16535945694153692,
        0.13799626353637262,
        0.071602745233685,
        0.1753901900050285,
        0.3237975217160323,
        0.23280725665236468,
        0.05846339666834283,
        0.11796616305110547,
        0.11481983169296148,
        0.1795175827043134,
        0.06442352540027595
    ],
    [
        0.16828640022295324,
        0.1288470508005519,
        0.3727143888086426,
        0.18553659510996745,
        0.140625,
        0.120017902310447,
        0.24105075969596113,
        0.0,
        0.09882117688026186,
        0.3792081593597374,
        0.17746588580625855,
        0.1608692209529219,
        0.13710881855300192,
        0.234375,
        0.13975424859373686,
        0.14740595518838442,
        0.14320549046737,
        0.125,
        0.15857643070456592,
        0.3049878327491115,
        0.19825902406952375,
        0.21763106683100186,
        0.1269381000724369,
        0.16535945694153692,
        0.2533949178160446,
        0.11796616305110547,
        0.18553659510996745,
        0.15857643070456592,
        0.19008632907181935,
        0.26720323621626374,
        0.14235052467412967,
        0.21021287573552672,
        0.19390115071860714,
        0.293567097313374,
        0.22857404434887177,
        0.09631896879639025,
        0.24902152266420668,
        0.15309310892394862,
        0.14823176532039278,
        0.11481983169296148,
        0.19702375332685143,
        0.10245997694221876,
        0.12736478396497378,
        0.17258376589355096,
        0.258167369404036,
        0.12203515118604147,
        0.36241917202322504,
        0.14405538214520136,
        0.2348952559120767
    ],
    [
        0.13887803777055607,
        0.16010860571811872,
        0.47005027989035386,
        0.24506854908372067,
        0.13531646934131855,
        0.14405538214520136,
        0.19008632907181935,
        0.09882117688026186,
        0.0,
        0.318305449804115,
        0.1514899955442603,
        0.17608480733726006,
        0.13710881855300192,
        0.22041774968227945,
        0.1269381000724369,
        0.14905300022139775,
        0.14405538214520136,
        0.1316585902058806,
        0.23696485762661096,
        0.3549317716125171,
        0.27421763710600383,
        0.1801962905417312,
        0.16828640022295324,
        0.23070036031614688,
        0.3511282039725661,
        0.10245997694221876,
        0.184877493221863,
        0.2013140426050801,
        0.16973094517500337,
        0.2771205332171464,
        0.13531646934131855,
        0.28470104934825935,
        0.28081563680642857,
        0.2415566380271923,
        0.2715335499528557,
        0.109375,
        0.18944305707784595,
        0.11158481919598204,
        0.15229366163764005,
        0.11158481919598204,
        0.16010860571811872,
        0.125,
        0.17608480733726006,
        0.1801962905417312,
        0.19948664585630788,
        0.15068204314051492,
        0.30777680630612825,
        0.1690102160373745,
        0.19327057620082783
    ],
    [
        0.27466243486323355,
        0.2614562582918986,
        0.7228145941387736,
        0.47005027989035386,
        0.2781952158557009,
        0.20009763241977652,
        0.11587810136086973,
        0.3792081593597374,
        0.318305449804115,
        0.0,
        0.16828640022295324,
        0.22857404434887177,
        0.38685682509812336,
        0.5730350256528828,
        0.20070675904164265,
        0.2670001170411728,
        0.28254908312539256,
        0.23017062285400366,
        0.5219779090153146,
        0.5887951150442742,
        0.508232998977831,
        0.1307281291459493,
        0.44496971455931694,
        0.4041411611367988,
        0.5898308152555273,
        0.24902152266420668,
        0.2275034340400162,
        0.40864677595693816,
        0.17746588580625855,
        0.5015708830209789,
        0.25048780534189685,
        0.5835890436557218,
        0.5238454566950066,
        0.05633673867912483,
        0.5337715891418351,
        0.2960514893983815,
        0.12303137303143455,
        0.28895690638917076,
        0.296875,
        0.25911131174651564,
        0.1608692209529219,
        0.28895690638917076,
        0.48145400618277595,
        0.3465792658252943,
        0.11481983169296148,
        0.2181912506838897,
        0.015625,
        0.28555729503901667,
        0.07967217989988726
    ],
    [
        0.11267347735824966,
        0.14740595518838442,
        0.5561709915799277,
        0.32588521272834703,
        0.14823176532039278,
        0.09110862335695782,
        0.08118988160479113,
        0.17746588580625855,
        0.1514899955442603,
        0.16828640022295324,
        0.0,
        0.11587810136086973,
        0.214808235701055,
        0.33438960248488586,
        0.10245997694221876,
        0.140625,
        0.11481983169296148,
        0.1335000585205864,
        0.3299798762803574,
        0.4330127018922193,
        0.33438960248488586,
        0.05633673867912483,
        0.2786336640644845,
        0.28980057798424075,
        0.45150572739999656,
        0.1137517170200081,
        0.1316585902058806,
        0.26972932033800107,
        0.08699631816921909,
        0.34073806737075263,
        0.09882117688026186,
        0.3899994991983964,
        0.37205877811845806,
        0.09504316453590968,
        0.38273277230987157,
        0.16387638252658618,
        0.07967217989988726,
        0.14405538214520136,
        0.1307281291459493,
        0.0855816496101822,
        0.07654655446197431,
        0.140625,
        0.25312714333797637,
        0.21079277442550065,
        0.10004881620988826,
        0.13531646934131855,
        0.16387638252658618,
        0.16973094517500337,
        0.09631896879639025
    ],
    [
        0.13887803777055607,
        0.18553659510996745,
        0.5550724896353628,
        0.32886820593514354,
        0.1753901900050285,
        0.05633673867912483,
        0.14235052467412967,
        0.1608692209529219,
        0.17608480733726006,
        0.22857404434887177,
        0.11587810136086973,
        0.0,
        0.213096589015404,
        0.2385052737886523,
        0.11587810136086973,
        0.14405538214520136,
        0.08838834764831845,
        0.1711632992203644,
        0.3045873232752801,
        0.4645646483537033,
        0.36876324128768584,
        0.125,
        0.2395267143243108,
        0.318305449804115,
        0.4487939567607835,
        0.09631896879639025,
        0.11692679333668567,
        0.28427195935406646,
        0.1570293065800139,
        0.3503160775166716,
        0.0897587913521567,
        0.3365728004459065,
        0.369754986443726,
        0.1660960283239789,
        0.33729739288942034,
        0.14657549249448218,
        0.12979099785809492,
        0.184877493221863,
        0.09882117688026186,
        0.12203515118604147,
        0.10481568644530265,
        0.14320549046737,
        0.2678116694204675,
        0.21986323874172325,
        0.13799626353637262,
        0.171875,
        0.21763106683100186,
        0.12103072956898178,
        0.13531646934131855
    ],
    [
        0.1801962905417312,
        0.15068204314051492,
        0.3175375223890871,
        0.16973094517500337,
        0.120017902310447,
        0.19702375332685143,
        0.24902152266420668,
        0.13710881855300192,
        0.13710881855300192,
        0.38685682509812336,
        0.214808235701055,
        0.213096589015404,
        0.0,
        0.22207297505549836,
        0.1767766952966369,
        0.13710881855300192,
        0.1711632992203644,
        0.1570293065800139,
        0.13621559198564606,
        0.21875,
        0.14823176532039278,
        0.24556615071096424,
        0.13621559198564606,
        0.17469281074217108,
        0.23644915547533682,
        0.12979099785809492,
        0.20191949973937634,
        0.11267347735824966,
        0.19390115071860714,
        0.2085935874427165,
        0.15934435979977452,
        0.1788362990978062,
        0.19515618744994995,
        0.2881107642904027,
        0.2170694373351532,
        0.10245997694221876,
        0.24655834121967968,
        0.16312978920172735,
        0.1711632992203644,
        0.1690102160373745,
        0.203125,
        0.13710881855300192,
        0.10949893771681583,
        0.1288470508005519,
        0.2755498763835687,
        0.1316585902058806,
        0.36677170607204695,
        0.18221724671391565,
        0.24902152266420668
    ],
    [
        0.30618621784789724,
        0.3671043788897103,
        0.5101508661660784,
        0.31366968593569894,
        0.2688226645950821,
        0.240035804620894,
        0.414578098794425,
        0.234375,
        0.22041774968227945,
        0.5730350256528828,
        0.33438960248488586,
        0.2385052737886523,
        0.22207297505549836,
        0.0,
        0.3081731706768128,
        0.2572199630180364,
        0.225888004606265,
        0.3325593227155119,
        0.3299798762803574,
        0.44276960360327355,
        0.3255104164999947,
        0.3871722404176208,
        0.2829807855667943,
        0.28853414550967793,
        0.43273070075394465,
        0.23228232417685166,
        0.29522568168267477,
        0.2943975575221371,
        0.3968257843500092,
        0.3267580654449609,
        0.24951124097923924,
        0.32021721143623744,
        0.34303903750156484,
        0.4833658843205631,
        0.2943975575221371,
        0.21079277442550065,
        0.38400642898264087,
        0.28341183042526646,
        0.22963966338592295,
        0.2893790496476896,
        0.3190715290103459,
        0.2405438174740727,
        0.2570089539890693,
        0.2679129406169101,
        0.41221581119602874,
        0.3255104164999947,
        0.552648099494606,
        0.18288593610499415,
        0.4166341133116682
    ],
    [
        0.0897587913521567,
        0.11796616305110547,
        0.5303300858899106,
        0.2768757054167086,
        0.12789613706050704,
        0.08838834764831845,
        0.08414320011147662,
        0.13975424859373686,
        0.1269381000724369,
        0.20070675904164265,
        0.10245997694221876,
        0.11587810136086973,
        0.1767766952966369,
        0.3081731706768128,
        0.0,
        0.12303137303143455,
        0.1316585902058806,
        0.09882117688026186,
        0.2927342811749249,
        0.39866721319290854,
        0.2943975575221371,
        0.10126157341262282,
        0.22534695471649932,
        0.22207297505549836,
        0.38874547826952277,
        0.07654655446197431,
        0.12789613706050704,
        0.24655834121967968,
        0.07654655446197431,
        0.33459234888227124,
        0.0897587913521567,
        0.37205877811845806,
        0.3325593227155119,
        0.13258252147247765,
        0.3121091305537215,
        0.11481983169296148,
        0.09631896879639025,
        0.11899645477912357,
        0.12597277731716483,
        0.09882117688026186,
        0.0855816496101822,
        0.10364452469860624,
        0.22029464565163126,
        0.18421603316486868,
        0.109375,
        0.10364452469860624,
        0.18221724671391565,
        0.1316585902058806,
        0.07654655446197431
    ],
    [
        0.1316585902058806,
        0.15467960838455727,
        0.49853300417324425,
        0.2445699350390395,
        0.07493486755176124,
        0.11587810136086973,
        0.15309310892394862,
        0.14740595518838442,
        0.14905300022139775,
        0.2670001170411728,
        0.140625,
        0.14405538214520136,
        0.13710881855300192,
        0.2572199630180364,
        0.12303137303143455,
        0.0,
        0.14657549249448218,
        0.1269381000724369,
        0.24206145913796356,
        0.34938562148434216,
        0.27332587007087344,
        0.1570293065800139,
        0.18154609435347266,
        0.22316963839196408,
        0.3733688482921413,
        0.11158481919598204,
        0.10825317547305482,
        0.19640320453088336,
        0.1335000585205864,
        0.2920384535182538,
        0.12203515118604147,
        0.3347544575879461,
        0.3217384419058438,
        0.18684782411095935,
        0.3081731706768128,
        0.11587810136086973,
        0.15068204314051492,
        0.10597390598633231,
        0.09110862335695782,
        0.109375,
        0.14320549046737,
        0.16387638252658618,
        0.17500310017095252,
        0.11899645477912357,
        0.16973094517500337,
        0.14574029770451274,
        0.2609889545076573,
        0.1781524101717403,
        0.1690102160373745
    ],
    [
        0.11587810136086973,
        0.1926379375927805,
        0.5182226234930313,
        0.2939826206597934,
        0.13887803777055607,
        0.08838834764831845,
        0.16755945773068137,
        0.14320549046737,
        0.14405538214520136,
        0.28254908312539256,
        0.11481983169296148,
        0.08838834764831845,
        0.1711632992203644,
        0.225888004606265,
        0.1316585902058806,
        0.14657549249448218,
        0.0,
        0.16973094517500337,
        0.28125,
        0.414578098794425,
        0.30418628646768414,
        0.14149039278339715,
        0.2405438174740727,
        0.28555729503901667,
        0.42676563386711447,
        0.08699631816921909,
        0.11796616305110547,
        0.24705294220065463,
        0.1660960283239789,
        0.3319469868568373,
        0.0924387466109315,
        0.31522251565362525,
        0.34268300311658295,
        0.1988737822087165,
        0.338381372307933,
        0.13975424859373686,
        0.14235052467412967,
        0.15546678704790937,
        0.120017902310447,
        0.10245997694221876,
        0.10825317547305482,
        0.1316585902058806,
        0.2155016756830958,
        0.19825902406952375,
        0.16755945773068137,
        0.16682934768798924,
        0.2724311839712921,
        0.11796616305110547,
        0.1711632992203644
    ],
    [
        0.12103072956898178,
        0.11796616305110547,
        0.48210151939192225,
        0.2390165396996618,
        0.09504316453590968,
        0.11048543456039805,
        0.1307281291459493,
        0.125,
        0.1316585902058806,
        0.23017062285400366,
        0.1335000585205864,
        0.1711632992203644,
        0.1570293065800139,
        0.3325593227155119,
        0.09882117688026186,
        0.1269381000724369,
        0.16973094517500337,
        0.0,
        0.24655834121967968,
        0.3194538796915761,
        0.21650635094610965,
        0.14986973510352247,
        0.1926379375927805,
        0.1660960283239789,
        0.3476343040826092,
        0.10597390598633231,
        0.1316585902058806,
        0.1907274314958391,
        0.0855816496101822,
        0.3091399219114937,
        0.10597390598633231,
        0.3576725981956124,
        0.3113259194558012,
        0.14905300022139775,
        0.29646353064078557,
        0.10481568644530265,
        0.15309310892394862,
        0.1288470508005519,
        0.14320549046737,
        0.08414320011147662,
        0.13258252147247765,
        0.12789613706050704,
        0.1786845499834213,
        0.16828640022295324,
        0.171875,
        0.06810779599282303,
        0.22316963839196408,
        0.171875,
        0.1269381000724369
    ],
    [
        0.30136408628102984,
        0.1926379375927805,
        0.2275034340400162,
        0.1660960283239789,
        0.2159417962669571,
        0.21137108216357317,
        0.3928064090617667,
        0.15857643070456592,
        0.23696485762661096,
        0.5219779090153146,
        0.3299798762803574,
        0.3045873232752801,
        0.13621559198564606,
        0.3299798762803574,
        0.2927342811749249,
        0.24206145913796356,
        0.28125,
        0.24655834121967968,
        0.0,
        0.15625,
        0.14905300022139775,
        0.3661054535581244,
        0.15068204314051492,
        0.18221724671391565,
        0.1767766952966369,
        0.22207297505549836,
        0.2609889545076573,
        0.0924387466109315,
        0.32021721143623744,
        0.2207252093793447,
        0.214808235701055,
        0.120017902310447,
        0.14905300022139775,
        0.42475866309588084,
        0.20610790559801437,
        0.19390115071860714,
        0.39958474539201316,
        0.26238836912104163,
        0.2390165396996618,
        0.2125229766989913,
        0.33108781406901705,
        0.20904825250405706,
        0.09936866681426516,
        0.19136638615493579,
        0.4195537994405485,
        0.2125229766989913,
        0.5084731279772806,
        0.2651650429449553,
        0.3671043788897103
    ],
    [
        0.38874547826952277,
        0.25958199571618984,
        0.1608692209529219,
        0.203125,
        0.3097535562749845,
        0.3569893643373707,
        0.46613855906800933,
        0.3049878327491115,
        0.3549317716125171,
        0.5887951150442742,
        0.4330127018922193,
        0.4645646483537033,
        0.21875,
        0.44276960360327355,
        0.39866721319290854,
        0.34938562148434216,
        0.414578098794425,
        0.3194538796915761,
        0.15625,
        0.0,
        0.140625,
        0.4544699866327808,
        0.22207297505549836,
        0.2153757617514097,
        0.171875,
        0.3444594950788844,
        0.32886820593514354,
        0.13710881855300192,
        0.38937299357428473,
        0.18139661215904165,
        0.3627558364451219,
        0.2096313728906053,
        0.15229366163764005,
        0.48938936760518204,
        0.2706329386826371,
        0.3097535562749845,
        0.4873898112650694,
        0.34481369516740484,
        0.37662408728731095,
        0.30618621784789724,
        0.43805768027738085,
        0.3209787278777209,
        0.2180668897443575,
        0.27421763710600383,
        0.5,
        0.2764344689524083,
        0.5777025483542547,
        0.4142835494863391,
        0.4460657007381312
    ],
    [
        0.29315098498896436,
        0.1875,
        0.23799290955824715,
        0.1570293065800139,
        0.2509746625657658,
        0.258639771206982,
        0.369754986443726,
        0.19825902406952375,
        0.27421763710600383,
        0.508232998977831,
        0.33438960248488586,
        0.36876324128768584,
        0.14823176532039278,
        0.3255104164999947,
        0.2943975575221371,
        0.27332587007087344,
        0.30418628646768414,
        0.21650635094610965,
        0.14905300022139775,
        0.140625,
        0.0,
        0.3671043788897103,
        0.14490028899212037,
        0.14905300022139775,
        0.14320549046737,
        0.255314603724503,
        0.2614562582918986,
        0.08414320011147662,
        0.3065846385991966,
        0.21731922963567776,
        0.2670001170411728,
        0.14823176532039278,
        0.11481983169296148,
        0.4157542092390647,
        0.19452968121857395,
        0.18814991529362962,
        0.397747564417433,
        0.27775607554111215,
        0.28512949360772905,
        0.22480460265528374,
        0.3391021002220423,
        0.2125229766989913,
        0.16044710209113922,
        0.20551478809321727,
        0.40864677595693816,
        0.18221724671391565,
        0.4918773824592873,
        0.29189908894170946,
        0.3671043788897103
    ],
    [
        0.125,
        0.14574029770451274,
        0.5791797810265824,
        0.34410493039914436,
        0.15625,
        0.09882117688026186,
        0.0625,
        0.21763106683100186,
        0.1801962905417312,
        0.1307281291459493,
        0.05633673867912483,
        0.125,
        0.24556615071096424,
        0.3871722404176208,
        0.10126157341262282,
        0.1570293065800139,
        0.14149039278339715,
        0.14986973510352247,
        0.3661054535581244,
        0.4544699866327808,
        0.3671043788897103,
        0.0,
        0.31366968593569894,
        0.29973947020704494,
        0.4595450365578982,
        0.1335000585205864,
        0.14657549249448218,
        0.28081563680642857,
        0.08118988160479113,
        0.37154805889607934,
        0.12979099785809492,
        0.4236075534914362,
        0.3836884111815211,
        0.071602745233685,
        0.40894538525945,
        0.18355218944485516,
        0.06810779599282303,
        0.1660960283239789,
        0.15229366163764005,
        0.125,
        0.071602745233685,
        0.14823176532039278,
        0.31071539038072193,
        0.23385358667337133,
        0.05412658773652741,
        0.13975424859373686,
        0.12789613706050704,
        0.17328963291264715,
        0.06987712429686843
    ],
    [
        0.240035804620894,
        0.17399263633843817,
        0.3159960690024482,
        0.13531646934131855,
        0.18221724671391565,
        0.18221724671391565,
        0.3190715290103459,
        0.1269381000724369,
        0.16828640022295324,
        0.44496971455931694,
        0.2786336640644845,
        0.2395267143243108,
        0.13621559198564606,
        0.2829807855667943,
        0.22534695471649932,
        0.18154609435347266,
        0.2405438174740727,
        0.1926379375927805,
        0.15068204314051492,
        0.22207297505549836,
        0.14490028899212037,
        0.31366968593569894,
        0.0,
        0.15780476466190746,
        0.19948664585630788,
        0.1753901900050285,
        0.21079277442550065,
        0.13531646934131855,
        0.26052081250832915,
        0.23587483071300525,
        0.19578068884596356,
        0.14657549249448218,
        0.14235052467412967,
        0.3563048203434806,
        0.1801962905417312,
        0.14320549046737,
        0.33874192794810626,
        0.22857404434887177,
        0.16237976320958225,
        0.1926379375927805,
        0.28980057798424075,
        0.1795175827043134,
        0.13451220385567664,
        0.14657549249448218,
        0.3535533905932738,
        0.17328963291264715,
        0.4321661464356041,
        0.2072890493972125,
        0.3065846385991966
    ],
    [
        0.21875,
        0.13887803777055607,
        0.26052081250832915,
        0.18087245160609727,
        0.1767766952966369,
        0.2159417962669571,
        0.28341183042526646,
        0.16535945694153692,
        0.23070036031614688,
        0.4041411611367988,
        0.28980057798424075,
        0.318305449804115,
        0.17469281074217108,
        0.28853414550967793,
        0.22207297505549836,
        0.22316963839196408,
        0.28555729503901667,
        0.1660960283239789,
        0.18221724671391565,
        0.2153757617514097,
        0.14905300022139775,
        0.29973947020704494,
        0.15780476466190746,
        0.0,
        0.15625,
        0.21021287573552672,
        0.2415566380271923,
        0.13531646934131855,
        0.22426093897511443,
        0.23804989337555083,
        0.21875,
        0.16237976320958225,
        0.15068204314051492,
        0.32021721143623744,
        0.140625,
        0.13621559198564606,
        0.30257682392245444,
        0.2153757617514097,
        0.23333100817293873,
        0.19764235376052372,
        0.2572199630180364,
        0.17469281074217108,
        0.16019329686697606,
        0.2181912506838897,
        0.3240068961457456,
        0.12597277731716483,
        0.3924955214712647,
        0.22371595411369302,
        0.26972932033800107
    ],
    [
        0.42129589883477386,
        0.25048780534189685,
        0.17399263633843817,
        0.1988737822087165,
        0.3391021002220423,
        0.318305449804115,
        0.46927054430253773,
        0.2533949178160446,
        0.3511282039725661,
        0.5898308152555273,
        0.45150572739999656,
        0.4487939567607835,
        0.23644915547533682,
        0.43273070075394465,
        0.38874547826952277,
        0.3733688482921413,
        0.42676563386711447,
        0.3476343040826092,
        0.1767766952966369,
        0.171875,
        0.14320549046737,
        0.4595450365578982,
        0.19948664585630788,
        0.15625,
        0.0,
        0.35664725657854146,
        0.3965180481390475,
        0.1660960283239789,
        0.4044430970482745,
        0.25648067192177354,
        0.3194538796915761,
        0.14823176532039278,
        0.11267347735824966,
        0.5060667106469264,
        0.13531646934131855,
        0.25958199571618984,
        0.5026783731920441,
        0.3733688482921413,
        0.3576725981956124,
        0.3247595264191645,
        0.4627216529675265,
        0.2893790496476896,
        0.21506065439648522,
        0.301768873684812,
        0.48963873799976243,
        0.2981060004427955,
        0.5883803244925854,
        0.38049361443393503,
        0.44055850562099014
    ],
    [
        0.11267347735824966,
        0.13710881855300192,
        0.4592793267718459,
        0.2460627460628691,
        0.109375,
        0.0897587913521567,
        0.13975424859373686,
        0.11796616305110547,
        0.10245997694221876,
        0.24902152266420668,
        0.1137517170200081,
        0.09631896879639025,
        0.12979099785809492,
        0.23228232417685166,
        0.07654655446197431,
        0.11158481919598204,
        0.08699631816921909,
        0.10597390598633231,
        0.22207297505549836,
        0.3444594950788844,
        0.255314603724503,
        0.1335000585205864,
        0.1753901900050285,
        0.21021287573552672,
        0.35664725657854146,
        0.0,
        0.11796616305110547,
        0.18221724671391565,
        0.12401959270615269,
        0.2983788664042188,
        0.07967217989988726,
        0.27198273727389394,
        0.28895690638917076,
        0.16682934768798924,
        0.2821167200823092,
        0.10597390598633231,
        0.13531646934131855,
        0.1335000585205864,
        0.10126157341262282,
        0.10004881620988826,
        0.10481568644530265,
        0.11899645477912357,
        0.16171015308604192,
        0.1514899955442603,
        0.1616262567623219,
        0.13531646934131855,
        0.2445699350390395,
        0.1316585902058806,
        0.13441133229754104
    ],
    [
        0.14149039278339715,
        0.1788362990978062,
        0.5122998847110938,
        0.2688226645950821,
        0.12789613706050704,
        0.10364452469860624,
        0.14405538214520136,
        0.18553659510996745,
        0.184877493221863,
        0.2275034340400162,
        0.1316585902058806,
        0.11692679333668567,
        0.20191949973937634,
        0.29522568168267477,
        0.12789613706050704,
        0.10825317547305482,
        0.11796616305110547,
        0.1316585902058806,
        0.2609889545076573,
        0.32886820593514354,
        0.2614562582918986,
        0.14657549249448218,
        0.21079277442550065,
        0.2415566380271923,
        0.3965180481390475,
        0.11796616305110547,
        0.0,
        0.23228232417685166,
        0.12789613706050704,
        0.3681742798556441,
        0.09375,
        0.3934274472504429,
        0.3746743377588062,
        0.15467960838455727,
        0.3583545294118661,
        0.15068204314051492,
        0.14823176532039278,
        0.1570293065800139,
        0.10364452469860624,
        0.10364452469860624,
        0.125,
        0.20787710461953235,
        0.24710783675575954,
        0.17328963291264715,
        0.1660960283239789,
        0.13887803777055607,
        0.21875,
        0.23333100817293873,
        0.14740595518838442
    ],
    [
        0.24256522962906288,
        0.12303137303143455,
        0.2348952559120767,
        0.16237976320958225,
        0.1616262567623219,
        0.2159417962669571,
        0.2976962325509008,
        0.15857643070456592,
        0.2013140426050801,
        0.40864677595693816,
        0.26972932033800107,
        0.28427195935406646,
        0.11267347735824966,
        0.2943975575221371,
        0.24655834121967968,
        0.19640320453088336,
        0.24705294220065463,
        0.1907274314958391,
        0.0924387466109315,
        0.13710881855300192,
        0.08414320011147662,
        0.28081563680642857,
        0.13531646934131855,
        0.13531646934131855,
        0.1660960283239789,
        0.18221724671391565,
        0.23228232417685166,
        0.0,
        0.22642776165920997,
        0.20637096620998904,
        0.2181912506838897,
        0.15857643070456592,
        0.13975424859373686,
        0.31792171795899693,
        0.2153757617514097,
        0.16973094517500337,
        0.30737993082665627,
        0.20432338797846908,
        0.2275034340400162,
        0.1711632992203644,
        0.2642427269576213,
        0.1801962905417312,
        0.12147816447594376,
        0.16312978920172735,
        0.31868871959954903,
        0.13975424859373686,
        0.39744054193677825,
        0.2572199630180364,
        0.2768757054167086
    ],
    [
        0.11267347735824966,
        0.0855816496101822,
        0.5383260367797568,
        0.29064180058966055,
        0.10711960313126631,
        0.10245997694221876,
        0.07654655446197431,
        0.19008632907181935,
        0.16973094517500337,
        0.17746588580625855,
        0.08699631816921909,
        0.1570293065800139,
        0.19390115071860714,
        0.3968257843500092,
        0.07654655446197431,
        0.1335000585205864,
        0.1660960283239789,
        0.0855816496101822,
        0.32021721143623744,
        0.38937299357428473,
        0.3065846385991966,
        0.08118988160479113,
        0.26052081250832915,
        0.22426093897511443,
        0.4044430970482745,
        0.12401959270615269,
        0.12789613706050704,
        0.22642776165920997,
        0.0,
        0.33769927244681924,
        0.12203515118604147,
        0.40864677595693816,
        0.34161267357930386,
        0.09110862335695782,
        0.3549317716125171,
        0.14657549249448218,
        0.078125,
        0.13799626353637262,
        0.14574029770451274,
        0.10825317547305482,
        0.0897587913521567,
        0.13621559198564606,
        0.25695617465716686,
        0.19702375332685143,
        0.10126157341262282,
        0.071602745233685,
        0.1608692209529219,
        0.17608480733726006,
        0.06987712429686843
    ],
    [
        0.3538218296724748,
        0.23581732130566188,
        0.24379228621809274,
        0.21812907907679088,
        0.27877966023067985,
        0.3176229393435276,
        0.3858738842081554,
        0.26720323621626374,
        0.2771205332171464,
