[
    [
        0.0,
        0.5002440810494413,
        1.2182490957825498,
        0.5827517562178599,
        0.6606992034958117,
        0.5817034521558214,
        0.25626905416963636,
        0.26836818808308854,
        0.41339864235384227,
        1.0031688074546576,
        0.21137108216357317,
        0.297285899850632,
        0.32588521272834703,
        0.44496971455931694,
        0.29481191037676885,
        0.2786336640644845,
        0.4533943165170909,
        0.9450219078148401,
        0.6745947857788407,
        0.4747017978426035,
        0.9154970047056408,
        0.619397633850376,
        0.293567097313374,
        0.3518228202874282,
        1.1500042459160749,
        1.757586791064669,
        1.0254334068456128,
        0.29064180058966055,
        0.7052052560247973,
        0.5129613438435471,
        0.4787985451888926,
        0.7851465329000695,
        0.8671523078444755,
        0.28470104934825935,
        1.1667596689121544,
        0.9947371276498128,
        1.416628369580392,
        0.554632479665589,
        0.7756046028744286,
        0.7010385710679549,
        0.8536742737279834,
        0.5466517401417469,
        1.3140285411452997,
        0.7439534910698383,
        0.24206145913796356,
        0.7603453162872774,
        0.7224767513560557,
        0.5929270612815711,
        0.6826891335922962
    ],
    [
        0.5002440810494413,
        0.0,
        0.8462059165031878,
        0.38209435189492136,
        0.5198688987379414,
        0.13621559198564606,
        0.42129589883477386,
        0.2430679560328757,
        0.3661054535581244,
        0.7074519639169857,
        0.31054073303674673,
        0.4810876349481454,
        0.25242960033442985,
        0.35561895864815757,
        0.4990224819584785,
        0.33071891388307384,
        0.32211762700137975,
        0.7088310138883597,
        0.508232998977831,
        0.293567097313374,
        0.4990224819584785,
        0.46257506898280243,
        0.3630921887069453,
        0.3412551510600243,
        0.8585223042385096,
        1.2771466304324652,
        0.85667188511705,
        0.30418628646768414,
        0.5972348391755122,
        0.3004626062886658,
        0.22207297505549836,
        0.5077524002897476,
        0.5659615711335886,
        0.3736956482219187,
        0.9001681700521298,
        0.506307867063114,
        0.9158969306095528,
        0.48789046862487484,
        0.4241834987655696,
        0.3647692978102735,
        0.5994789404140899,
        0.25,
        0.9949143685234646,
        0.4721232790543165,
        0.27466243486323355,
        0.3528621809573817,
        0.5158616881005993,
        0.45177600921253,
        0.4533943165170909
    ],
    [
        1.2182490957825498,
        0.8462059165031878,
        0.0,
        0.6248046569728815,
        0.5333140051836254,
        0.6283115394650969,
        1.2663963698720082,
        0.8705242673240075,
        0.673145600891813,
        0.31638213642682167,
        1.0293543182500378,
        1.1268431082564245,
        0.7820308597651374,
        0.9053066210544359,
        1.3090542566582182,
        1.018145909852807,
        0.7824990015968072,
        0.3156095293238149,
        0.4166341133116682,
        0.6159501045133445,
        0.4579484653047764,
        0.6358647668617212,
        0.9717694878416383,
        1.0755176805845639,
        0.26378035962709584,
        0.4386146514880687,
        0.4341388746703064,
        1.1684324434899949,
        0.6530801420001989,
        0.5329578349357896,
        0.5036487956651937,
        0.5284854539152426,
        0.3518228202874282,
        1.235561138966826,
        0.3458741190809165,
        0.4059494080239556,
        0.45177600921253,
        0.6183237167940431,
        0.44852187795022885,
        0.48864049284724653,
        0.46140072063229376,
        0.6185211066527965,
        0.4106994584107567,
        0.541491357848858,
        0.9815186734087131,
        0.5212758536753836,
        0.39404750665370286,
        0.6027281725620597,
        1.5394391988237146
    ],
    [
        0.5827517562178599,
        0.38209435189492136,
        0.6248046569728815,
        0.0,
        0.34089725358236606,
        0.23747943989954162,
        0.6942143716100957,
        0.3325593227155119,
        0.25146057717861064,
        0.5796011559684815,
        0.45607873497895074,
        0.484375,
        0.2628531850196988,
        0.31522251565362525,
        0.6736894105409406,
        0.36643873123620546,
        0.265625,
        0.44469529596117835,
        0.4281934251888975,
        0.28168369339562416,
        0.3365728004459065,
        0.2797025329603657,
        0.43131792943257063,
        0.40202126032089397,
        0.5848427272566532,
        0.9015232335469785,
        0.5640170514931264,
        0.5717554519853746,
        0.4736720747257537,
        0.2041241452319315,
        0.3284968131504475,
        0.36743675050952646,
        0.3630921887069453,
        0.7177302548659907,
        0.594571799701264,
        0.3528621809573817,
        0.6871447946030007,
        0.31483502624390447,
        0.32135880939379896,
        0.28641098093474,
        0.2872621298570349,
        0.2125229766989913,
        0.5461056095715878,
        0.37238672774415577,
        0.3549317716125171,
        0.29064180058966055,
        0.3455210060546247,
        0.3284968131504475,
        1.0231690964840563
    ],
    [
        0.6606992034958117,
        0.5198688987379414,
        0.5333140051836254,
        0.34089725358236606,
        0.0,
        0.3329261836353518,
        0.8342930671382809,
        0.4624577683421482,
        0.3733688482921413,
        0.4113264556590057,
        0.5577052592992109,
        0.6425276623422528,
        0.3736956482219187,
        0.42129589883477386,
        0.8795917465648481,
        0.5417167444799911,
        0.4533943165170909,
        0.4487939567607835,
        0.22857404434887177,
        0.3159960690024482,
        0.2803806007019744,
        0.4109965763408363,
        0.5840072372197112,
        0.6259758007503166,
        0.6228478571248359,
        0.7868548945008857,
        0.4113264556590057,
        0.7792161024869801,
        0.318305449804115,
        0.2996489554925526,
        0.4400039950102726,
        0.234375,
        0.42331928700450205,
        0.8741625456687103,
        0.6901582132924305,
        0.3365728004459065,
        0.5298695299316616,
        0.2614562582918986,
        0.29973947020704494,
        0.28598445652692384,
        0.31054073303674673,
        0.29646353064078557,
        0.48905667595041236,
        0.2786336640644845,
        0.5493248697264671,
        0.2724311839712921,
        0.29522568168267477,
        0.2781952158557009,
        1.2790568119223633
    ],
    [
        0.5817034521558214,
        0.13621559198564606,
        0.6283115394650969,
        0.23747943989954162,
        0.3329261836353518,
        0.0,
        0.5479899348984432,
        0.301768873684812,
        0.3247595264191645,
        0.5749490466554406,
        0.38305158350410196,
        0.546875,
        0.22642776165920997,
        0.32775276505317236,
        0.5939555565233816,
        0.38400642898264087,
        0.2651650429449553,
        0.5158616881005993,
        0.3846416757840991,
        0.17469281074217108,
        0.2914805954090255,
        0.3300209773425185,
        0.4479772245884828,
        0.40232478717449166,
        0.6113749233285578,
        0.9723973676563507,
        0.650082626959835,
        0.4071504443998557,
        0.4943528756111367,
        0.18517071702740812,
        0.21194781197266463,
        0.338020432074749,
        0.37662408728731095,
        0.4975526040028331,
        0.6389077593831523,
        0.3167677333236452,
        0.6487668591258342,
        0.2642427269576213,
        0.265625,
        0.225888004606265,
        0.328125,
        0.078125,
        0.648306755560634,
        0.3175375223890871,
        0.3336586953759785,
        0.24853083938416978,
        0.3167677333236452,
        0.33511891546136274,
        0.6294761587026152
    ],
    [
        0.25626905416963636,
        0.42129589883477386,
        1.2663963698720082,
        0.6942143716100957,
        0.8342930671382809,
        0.5479899348984432,
        0.0,
        0.30338262248355624,
        0.5787580992953792,
        1.0862465837115438,
        0.2125229766989913,
        0.30578727798095195,
        0.3965180481390475,
        0.5881728195224597,
        0.14574029770451274,
        0.2943975575221371,
        0.6131692771983932,
        1.0734727523323542,
        0.8029790723455998,
        0.5450863607035128,
        0.9164298936634487,
        0.7698297239126614,
        0.2609889545076573,
        0.271083618326523,
        1.301009974260382,
        1.720240830705108,
        1.2348693630299523,
        0.11048543456039805,
        0.8040425206417879,
        0.6220198044699041,
        0.5277920548142042,
        0.858948757930297,
        0.9899396288410723,
        0.11796616305110547,
        1.350003616893303,
        0.9426939455623973,
        1.343204831271091,
        0.7490228008879303,
        0.8639084966736928,
        0.7645081139203167,
        1.0042633727638384,
        0.6286999855853347,
        1.4515653966302877,
        0.8342930671382809,
        0.2348952559120767,
        0.7603453162872774,
        0.8859526563959272,
        0.7224767513560557,
        0.29022149407822984
    ],
    [
        0.26836818808308854,
        0.2430679560328757,
        0.8705242673240075,
        0.3325593227155119,
        0.4624577683421482,
        0.301768873684812,
        0.30338262248355624,
        0.0,
        0.3325593227155119,
        0.780468358983886,
        0.2619227283475033,
        0.26608416196760004,
        0.22963966338592295,
        0.25048780534189685,
        0.358013726168425,
        0.2567449488305466,
        0.3627558364451219,
        0.7072793936097672,
        0.5245440728623287,
        0.2724311839712921,
        0.5738864897564674,
        0.4743873973639875,
        0.22262198201210948,
        0.24951124097923924,
        0.9750300476139184,
        1.3039153778140666,
        0.9019293556038632,
        0.28470104934825935,
        0.6232397085993479,
        0.30543222732074476,
        0.3167677333236452,
        0.5362813219290785,
        0.609975665498223,
        0.3340243488504992,
        1.0199427450229743,
        0.6127709859727368,
        1.0076610835866393,
        0.37856379498705367,
        0.4955859852235533,
        0.48864049284724653,
        0.5846339666834284,
        0.26836818808308854,
        1.0088180007714749,
        0.5048592006688597,
        0.15780476466190746,
        0.5175154738024749,
        0.5132521158017763,
        0.4555431167847891,
        0.6970221257248582
    ],
    [
        0.41339864235384227,
        0.3661054535581244,
        0.673145600891813,
        0.25146057717861064,
        0.3733688482921413,
        0.3247595264191645,
        0.5787580992953792,
        0.3325593227155119,
        0.0,
        0.6097755094089955,
        0.45204612942154476,
        0.39897329171261575,
        0.3814548629916782,
        0.30338262248355624,
        0.4866378594499199,
        0.410137648387709,
        0.34375,
        0.47186465220442186,
        0.4215855488510013,
        0.3121091305537215,
        0.5417167444799911,
        0.34295995069071517,
        0.432448515721814,
        0.47289831095067364,
        0.559235317755415,
        1.0568554108178658,
        0.5751613224783113,
        0.4943528756111367,
        0.6087737418368174,
        0.3005980006355849,
        0.28427195935406646,
        0.48864049284724653,
        0.35561895864815757,
        0.5555121510822243,
        0.5743117484215345,
        0.5666082613896483,
        0.856386850377795,
        0.3924955214712647,
        0.3627558364451219,
        0.3681005934184296,
        0.43441996170180763,
        0.34089725358236606,
        0.6364404320995887,
        0.40894538525945,
        0.4183883699686214,
        0.42847841252506524,
        0.2609889545076573,
        0.45177600921253,
        0.8932253704972782
    ],
    [
        1.0031688074546576,
        0.7074519639169857,
        0.31638213642682167,
        0.5796011559684815,
        0.4113264556590057,
        0.5749490466554406,
        1.0862465837115438,
        0.780468358983886,
        0.6097755094089955,
        0.0,
        0.8508095868788739,
        0.9841269528749835,
        0.674775715052787,
        0.7363669792467612,
        1.1308441951701393,
        0.8650381584791506,
        0.7482074933633049,
        0.30418628646768414,
        0.2872621298570349,
        0.5513212113867922,
        0.35869500885153116,
        0.7220636177343072,
        0.904632176633133,
        0.9894462624367227,
        0.4576818286211503,
        0.4095419506900361,
        0.36073113689422487,
        1.0351488796907429,
        0.5067898356320892,
        0.4747589391967488,
        0.5149142829151275,
        0.4363825013677794,
        0.4186800314679457,
        1.0721072999005277,
        0.4805798906009281,
        0.3614072970693868,
        0.35147568372506227,
        0.5342287811649612,
        0.44469529596117835,
        0.44824963399315787,
        0.4757292921136978,
        0.5840072372197112,
        0.41056733697950754,
        0.44249382057832176,
        0.8619280259250188,
        0.4038389994787527,
        0.3983608994994363,
        0.5036487956651937,
        1.3910638352534366
    ],
    [
        0.21137108216357317,
        0.31054073303674673,
        1.0293543182500378,
        0.45607873497895074,
        0.5577052592992109,
        0.38305158350410196,
        0.2125229766989913,
        0.2619227283475033,
        0.45204612942154476,
        0.8508095868788739,
        0.0,
        0.2724311839712921,
        0.22041774968227945,
        0.40019526483955303,
        0.28168369339562416,
        0.2096313728906053,
        0.4433206549722221,
        0.8245796751224226,
        0.5898308152555273,
        0.32021721143623744,
        0.6432871515699656,
        0.5850050450874572,
        0.31868871959954903,
        0.2960514893983815,
        1.05059971712589,
        1.4641717208459533,
        0.9153636572423006,
        0.28768675999253074,
        0.5369637586699869,
        0.43276204328835394,
        0.4166341133116682,
        0.5585800916162337,
        0.7632296713637383,
        0.2567449488305466,
        1.0784646204210873,
        0.7143205906664037,
        1.1159575834793185,
        0.4195537994405485,
        0.6202947887899752,
        0.5399110169740936,
        0.699469665174981,
        0.3915613776919271,
        1.1506527434943659,
        0.5412658773652742,
        0.1711632992203644,
        0.5408146343711494,
        0.631025640822146,
        0.41634101857731964,
        0.610975462375536
    ],
    [
        0.297285899850632,
        0.4810876349481454,
        1.1268431082564245,
        0.484375,
        0.6425276623422528,
        0.546875,
        0.30578727798095195,
        0.26608416196760004,
        0.39897329171261575,
        0.9841269528749835,
        0.2724311839712921,
        0.0,
        0.4579484653047764,
        0.3753253796707598,
        0.203125,
        0.2976962325509008,
        0.4321661464356041,
        0.9802741963348827,
        0.7455925181525094,
        0.5266343608235224,
        0.9262343959549332,
        0.4844869942211498,
        0.26972932033800107,
        0.31792171795899693,
        1.0622701957364709,
        1.5718470424949114,
        1.0582405430123154,
        0.24902152266420668,
        0.8340003840676574,
        0.5755385084012865,
        0.4624577683421482,
        0.7854574204723004,
        0.7733980419227864,
        0.2543565718140579,
        1.0868083288924502,
        0.9423053927071626,
        1.271206826946347,
        0.6033354555096194,
        0.6885645167665845,
        0.7177302548659907,
        0.8162473679130611,
        0.4684895109551547,
        1.145561047193567,
        0.7012126772599023,
        0.15467960838455727,
        0.7572888010032897,
        0.6837611402200333,
        0.6510208329999894,
        0.5072713462733727
    ],
    [
        0.32588521272834703,
        0.25242960033442985,
        0.7820308597651374,
        0.2628531850196988,
        0.3736956482219187,
        0.22642776165920997,
        0.3965180481390475,
        0.22963966338592295,
        0.3814548629916782,
        0.674775715052787,
        0.22041774968227945,
        0.4579484653047764,
        0.0,
        0.3401803290168319,
        0.5462049466546417,
        0.26238836912104163,
        0.3651037951733726,
        0.6141638752197983,
        0.4645646483537033,
        0.19200321449132043,
        0.3983608994994363,
        0.4259385062554349,
        0.3217384419058438,
        0.3318243840874266,
        0.795495128834866,
        1.1273846254717155,
        0.6942143716100957,
        0.4777776516068955,
        0.44633927678392815,
        0.27530365180005234,
        0.3532079548580411,
        0.3597145135381668,
        0.5340002340823456,
        0.4772663859156645,
        0.8222076323076793,
        0.4536634731549367,
        0.8284197588632227,
        0.296875,
        0.39590185810374773,
        0.33729739288942034,
        0.41191957270200213,
        0.20070675904164265,
        0.8042280578898141,
        0.35596205468420367,
        0.2647042866577721,
        0.32287466124643477,
        0.43131792943257063,
        0.2665425329567497,
        0.8802853763127046
    ],
    [
        0.44496971455931694,
        0.35561895864815757,
        0.9053066210544359,
        0.31522251565362525,
        0.42129589883477386,
        0.32775276505317236,
        0.5881728195224597,
        0.25048780534189685,
        0.30338262248355624,
        0.7363669792467612,
        0.40019526483955303,
        0.3753253796707598,
        0.3401803290168319,
        0.0,
        0.4873898112650694,
        0.33620991861484395,
        0.21930732574403436,
        0.7325442606081901,
        0.5168073565169133,
        0.3576725981956124,
        0.6973723001381686,
        0.3426038341186184,
        0.4166341133116682,
        0.3798514306607256,
        0.7452650011069888,
        1.390273832065108,
        0.7585772558711472,
        0.47547262670946683,
        0.6783841670653878,
        0.3366130965011776,
        0.273772116686488,
        0.5738864897564674,
        0.4542013079296448,
        0.6047500775113633,
        0.7743444808352417,
        0.770551750371122,
        1.097982880672554,
        0.43385760552858815,
        0.382413695328763,
        0.4671848871164392,
        0.5618485811364126,
        0.25,
        0.8356088723200585,
        0.4810876349481454,
        0.338381372307933,
        0.5149142829151275,
        0.39805435008928114,
        0.47030990447788784,
        1.0414973820778428
    ],
    [
        0.29481191037676885,
        0.4990224819584785,
        1.3090542566582182,
        0.6736894105409406,
        0.8795917465648481,
        0.5939555565233816,
        0.14574029770451274,
        0.358013726168425,
        0.4866378594499199,
        1.1308441951701393,
        0.28168369339562416,
        0.203125,
        0.5462049466546417,
        0.4873898112650694,
        0.0,
        0.3462268719712553,
        0.4770105475773046,
        1.1132195706598047,
        0.8761153605547617,
        0.6179287479151622,
        1.018145909852807,
        0.604839783078498,
        0.26378035962709584,
        0.27332587007087344,
        1.2125241621303882,
        1.8044676543582043,
        1.2623414194959302,
        0.11796616305110547,
        0.9426939455623973,
        0.6434347259262417,
        0.4841229182759271,
        0.9642030387838445,
        0.9226691494652891,
        0.0855816496101822,
        1.234968211888468,
        1.0336147130338267,
        1.424019673758056,
        0.8825013279026837,
        0.8684183269743908,
        0.804497853866,
        1.0293543182500378,
        0.5964167088747598,
        1.3997632023201083,
        0.8841596469246943,
        0.2072890493972125,
        0.8331217179230176,
        0.8858148614411478,
        0.8251716204069308,
        0.275106513463422
    ],
    [
        0.2786336640644845,
        0.33071891388307384,
        1.018145909852807,
        0.36643873123620546,
        0.5417167444799911,
        0.38400642898264087,
        0.2943975575221371,
        0.2567449488305466,
        0.410137648387709,
        0.8650381584791506,
        0.2096313728906053,
        0.2976962325509008,
        0.26238836912104163,
        0.33620991861484395,
        0.3462268719712553,
        0.0,
        0.39497577061764183,
        0.815050084734061,
        0.6193100369564505,
        0.34938562148434216,
        0.6680486977009984,
        0.5436162830475596,
        0.28168369339562416,
        0.24655834121967968,
        0.9873467048737237,
        1.432907064763797,
        0.9070578296062495,
        0.3159960690024482,
        0.6069663937360947,
        0.43799575086726333,
        0.4539324701979359,
        0.578125,
        0.6985965283158799,
        0.3321920566479578,
        1.0036554282969827,
        0.7276956888871886,
        1.1292238415721658,
        0.4316008536541604,
        0.5796011559684815,
        0.5362813219290785,
        0.6466938152054649,
        0.3521696146745201,
        1.0464862462267082,
        0.5383260367797568,
        0.21986323874172325,
        0.5513212113867922,
        0.5943664563003198,
        0.4347008669763611,
        0.7236585110568382
    ],
    [
        0.4533943165170909,
        0.32211762700137975,
        0.7824990015968072,
        0.265625,
        0.4533943165170909,
        0.2651650429449553,
        0.6131692771983932,
        0.3627558364451219,
        0.34375,
        0.7482074933633049,
        0.4433206549722221,
        0.4321661464356041,
        0.3651037951733726,
        0.21930732574403436,
        0.4770105475773046,
        0.39497577061764183,
        0.0,
        0.6285057925349614,
        0.5552923638724019,
        0.44249382057832176,
        0.6515831081872826,
        0.26572710455883536,
        0.4841229182759271,
        0.3640993811790951,
        0.5994789404140899,
        1.1684324434899949,
        0.7643484255396881,
        0.4479772245884828,
        0.749511559700716,
        0.2948579136399617,
        0.3156095293238149,
        0.5757976803965087,
        0.37952993129659746,
        0.5740991584648074,
        0.5964167088747598,
        0.6442352540027595,
        0.9565767415633729,
        0.43131792943257063,
        0.3340243488504992,
        0.4068505176966105,
        0.44579195680272204,
        0.23593232610221093,
        0.6520200981053677,
        0.4948464881910349,
        0.33034960174790584,
        0.46875,
        0.3903123748998999,
        0.5378723274393283,
        0.9401005597807077
    ],
    [
        0.9450219078148401,
        0.7088310138883597,
        0.3156095293238149,
        0.44469529596117835,
        0.4487939567607835,
        0.5158616881005993,
        1.0734727523323542,
        0.7072793936097672,
        0.47186465220442186,
        0.30418628646768414,
        0.8245796751224226,
        0.9802741963348827,
        0.6141638752197983,
        0.7325442606081901,
        1.1132195706598047,
        0.815050084734061,
        0.6285057925349614,
        0.0,
        0.3209787278777209,
        0.47828837078168646,
        0.31868871959954903,
        0.5045367099296806,
        0.8285670989726782,
        0.8844357311303066,
        0.2781952158557009,
        0.4739297152532219,
        0.40474480771839433,
        1.0199427450229743,
        0.5488802521953218,
        0.38545185650163305,
        0.39958474539201316,
        0.44496971455931694,
        0.225888004606265,
        1.0702839868464817,
        0.34089725358236606,
        0.2923169833417142,
        0.4160477173654484,
        0.48487877028696563,
        0.29933193844793776,
        0.3476343040826092,
        0.30856902590830465,
        0.49533960887960493,
        0.28489154856619464,
        0.39528470752104744,
        0.8615030470056388,
        0.37304176207229134,
        0.2415566380271923,
        0.49013709816744133,
        1.4041651211663106
    ],
    [
        0.6745947857788407,
        0.508232998977831,
        0.4166341133116682,
        0.4281934251888975,
        0.22857404434887177,
        0.3846416757840991,
        0.8029790723455998,
        0.5245440728623287,
        0.4215855488510013,
        0.2872621298570349,
        0.5898308152555273,
        0.7455925181525094,
        0.4645646483537033,
        0.5168073565169133,
        0.8761153605547617,
        0.6193100369564505,
        0.5552923638724019,
        0.3209787278777209,
        0.0,
        0.3576725981956124,
        0.24853083938416978,
        0.4822421680862796,
        0.6383343192442342,
        0.7197683003925638,
        0.46822887699286553,
        0.6947416898567409,
        0.31093357409581873,
        0.8041943270286107,
        0.3657718722099883,
        0.3341867330841313,
        0.3811347161765771,
        0.271083618326523,
        0.3535533905932738,
        0.8229496301414808,
        0.5358258812338202,
        0.30418628646768414,
        0.42331928700450205,
        0.33693529145074724,
        0.28980057798424075,
        0.2960514893983815,
        0.32700702400713044,
        0.37205877811845806,
        0.42774973415473266,
        0.25958199571618984,
        0.6455602581285499,
        0.27599252707274524,
        0.26378035962709584,
        0.3347544575879461,
        1.1765531623135437
    ],
    [
        0.4747017978426035,
        0.293567097313374,
        0.6159501045133445,
        0.28168369339562416,
        0.3159960690024482,
        0.17469281074217108,
        0.5450863607035128,
        0.2724311839712921,
        0.3121091305537215,
        0.5513212113867922,
        0.32021721143623744,
        0.5266343608235224,
        0.19200321449132043,
        0.3576725981956124,
        0.6179287479151622,
        0.34938562148434216,
        0.44249382057832176,
        0.47828837078168646,
        0.3576725981956124,
        0.0,
        0.2799448885495143,
        0.4032676319593616,
        0.3644344934278313,
        0.4918773824592873,
        0.7060702204809377,
        0.9293920223726907,
        0.6430973633517711,
        0.582961190818051,
        0.40534755534602646,
        0.2133510327944171,
        0.28125,
        0.3097535562749845,
        0.43833625434704804,
        0.5721822944875173,
        0.7621092748910749,
        0.3247595264191645,
        0.6581074902703965,
        0.2781952158557009,
        0.3156095293238149,
        0.31093357409581873,
        0.37304176207229134,
        0.18944305707784595,
        0.6454762117464559,
        0.30136408628102984,
        0.37662408728731095,
        0.26745691825974516,
        0.31328027587130347,
        0.2576941016011038,
        0.9043622580304863
    ],
    [
        0.9154970047056408,
        0.4990224819584785,
        0.4579484653047764,
        0.3365728004459065,
        0.2803806007019744,
        0.2914805954090255,
        0.9164298936634487,
        0.5738864897564674,
        0.5417167444799911,
        0.35869500885153116,
        0.6432871515699656,
        0.9262343959549332,
        0.3983608994994363,
        0.6973723001381686,
        1.018145909852807,
        0.6680486977009984,
        0.6515831081872826,
        0.31868871959954903,
        0.24853083938416978,
        0.2799448885495143,
        0.0,
        0.49624239078968924,
        0.6966717753002486,
        0.7535722219867184,
        0.5060667106469264,
        0.6430973633517711,
        0.3934274472504429,
        0.8239873045897006,
        0.3065846385991966,
        0.24228548645027098,
        0.41102957618643454,
        0.2013140426050801,
        0.32211762700137975,
        0.899761253055498,
        0.5401370630451127,
        0.11267347735824966,
        0.359375,
        0.27332587007087344,
        0.2803806007019744,
        0.24754655496491967,
        0.2647042866577721,
        0.28853414550967793,
        0.370378056199188,
        0.2642427269576213,
        0.6987712429686843,
        0.12103072956898178,
        0.2724311839712921,
        0.22371595411369302,
        1.2237477655750797
    ],
    [
        0.619397633850376,
        0.46257506898280243,
        0.6358647668617212,
        0.2797025329603657,
        0.4109965763408363,
        0.3300209773425185,
        0.7698297239126614,
        0.4743873973639875,
        0.34295995069071517,
        0.7220636177343072,
        0.5850050450874572,
        0.4844869942211498,
        0.4259385062554349,
        0.3426038341186184,
        0.604839783078498,
        0.5436162830475596,
        0.26572710455883536,
        0.5045367099296806,
        0.4822421680862796,
        0.4032676319593616,
        0.49624239078968924,
        0.0,
        0.5855612217731332,
        0.501083894616904,
        0.5157302081218865,
        0.7773513836169015,
        0.7513009550107067,
        0.5980745291024449,
        0.735777325397735,
        0.3167677333236452,
        0.2905484516871115,
        0.5334157244302462,
        0.3446169622848597,
        0.7117145097599021,
        0.5064150108304891,
        0.47535850871269314,
        0.7427674999808337,
        0.44636966377220477,
        0.3305548260963006,
        0.3734051735194775,
        0.3460309425390227,
        0.3159102121691823,
        0.4699348451440428,
        0.4640680531841328,
        0.4449087472760878,
        0.4755867173233967,
        0.4165689989698918,
        0.5244923554283492,
        0.9972428353061477
    ],
    [
        0.293567097313374,
        0.3630921887069453,
        0.9717694878416383,
        0.43131792943257063,
        0.5840072372197112,
        0.4479772245884828,
        0.2609889545076573,
        0.22262198201210948,
        0.432448515721814,
        0.904632176633133,
        0.31868871959954903,
        0.26972932033800107,
        0.3217384419058438,
        0.4166341133116682,
        0.26378035962709584,
        0.28168369339562416,
        0.4841229182759271,
        0.8285670989726782,
        0.6383343192442342,
        0.3644344934278313,
        0.6966717753002486,
        0.5855612217731332,
        0.0,
        0.24754655496491967,
        1.0865836656696068,
        1.347106998580662,
        1.0358561902479513,
        0.2647042866577721,
        0.7055513690547273,
        0.45333448222893635,
        0.4579484653047764,
        0.6525191568069094,
        0.7529239876972974,
        0.26005182776708186,
        1.12965616312,
        0.734375,
        1.118033988749895,
        0.47828837078168646,
        0.6491430649325309,
        0.6586637158861872,
        0.689450358528444,
        0.4186800314679457,
        1.074508325868679,
        0.6286999855853347,
        0.2312288841710741,
        0.6665852814906732,
        0.6577364118702871,
        0.5524271728019903,
        0.5243113042363287
    ],
    [
        0.3518228202874282,
        0.3412551510600243,
        1.0755176805845639,
        0.40202126032089397,
        0.6259758007503166,
        0.40232478717449166,
        0.271083618326523,
        0.24951124097923924,
        0.47289831095067364,
        0.9894462624367227,
        0.2960514893983815,
        0.31792171795899693,
        0.3318243840874266,
        0.3798514306607256,
        0.27332587007087344,
        0.24655834121967968,
        0.3640993811790951,
        0.8844357311303066,
        0.7197683003925638,
        0.4918773824592873,
        0.7535722219867184,
        0.501083894616904,
        0.24754655496491967,
        0.0,
        0.9869757310846098,
        1.4529569795334616,
        1.0111681054602148,
        0.18355218944485516,
        0.8244316223920575,
        0.4652939725622693,
        0.4923734767683978,
        0.7045125198497185,
        0.7058973123797824,
        0.2609889545076573,
        0.9973108373270593,
        0.7776479461330815,
        1.1440445317490924,
        0.5488802521953218,
        0.6079711393232412,
        0.6053553321190787,
        0.6875,
        0.3899994991983964,
        1.0599054309557265,
        0.6417672743097765,
        0.23799290955824715,
        0.6298638865858242,
        0.6751374281396344,
        0.6362272834844479,
        0.4975526040028331
    ],
    [
        1.1500042459160749,
        0.8585223042385096,
        0.26378035962709584,
        0.5848427272566532,
        0.6228478571248359,
        0.6113749233285578,
        1.301009974260382,
        0.9750300476139184,
        0.559235317755415,
        0.4576818286211503,
        1.05059971712589,
        1.0622701957364709,
        0.795495128834866,
        0.7452650011069888,
        1.2125241621303882,
        0.9873467048737237,
        0.5994789404140899,
        0.2781952158557009,
        0.46822887699286553,
        0.7060702204809377,
        0.5060667106469264,
        0.5157302081218865,
        1.0865836656696068,
        0.9869757310846098,
        0.0,
        0.40924377667839984,
        0.5019493251315316,
        1.1258677209157388,
        0.7385188936310296,
        0.551493395497877,
        0.35664725657854146,
        0.5949822738956179,
        0.26378035962709584,
        1.2689000834876638,
        0.140625,
        0.4411123191716595,
        0.49706167876833957,
        0.654946622347959,
        0.3710731902199349,
        0.4330127018922193,
        0.42331928700450205,
        0.6145612637280355,
        0.38766237637350826,
        0.5394586406760021,
        0.9282091712674466,
        0.5282544220117802,
        0.33034960174790584,
        0.6302513759405846,
        1.5621093261596641
    ],
    [
        1.757586791064669,
        1.2771466304324652,
        0.4386146514880687,
        0.9015232335469785,
        0.7868548945008857,
        0.9723973676563507,
        1.720240830705108,
        1.3039153778140666,
        1.0568554108178658,
        0.4095419506900361,
        1.4641717208459533,
        1.5718470424949114,
        1.1273846254717155,
        1.390273832065108,
        1.8044676543582043,
        1.432907064763797,
        1.1684324434899949,
        0.4739297152532219,
        0.6947416898567409,
        0.9293920223726907,
        0.6430973633517711,
        0.7773513836169015,
        1.347106998580662,
        1.4529569795334616,
        0.40924377667839984,
        0.0,
        0.48588474392081915,
        1.5871493215038086,
        0.5326268921581034,
        0.8758985961253988,
        0.8354627740809282,
        0.6530801420001989,
        0.5583615120376761,
        1.7005427672143385,
        0.35596205468420367,
        0.4316008536541604,
        0.30338262248355624,
        0.7388494010960556,
        0.8085843145584757,
        0.7110662658114221,
        0.510629207449006,
        0.9286036223814766,
        0.2668984994858116,
        0.6438561805636411,
        1.37916627328796,
        0.8650381584791506,
        0.7041658962027343,
        0.8125,
        2.0059116731862847
    ],
    [
        1.0254334068456128,
        0.85667188511705,
        0.4341388746703064,
        0.5640170514931264,
        0.4113264556590057,
        0.650082626959835,
        1.2348693630299523,
        0.9019293556038632,
        0.5751613224783113,
        0.36073113689422487,
        0.9153636572423006,
        1.0582405430123154,
        0.6942143716100957,
        0.7585772558711472,
        1.2623414194959302,
        0.9070578296062495,
        0.7643484255396881,
        0.40474480771839433,
        0.31093357409581873,
        0.6430973633517711,
        0.3934274472504429,
        0.7513009550107067,
        1.0358561902479513,
        1.0111681054602148,
        0.5019493251315316,
        0.48588474392081915,
        0.0,
        1.1683279652456326,
        0.48286053563632636,
        0.5334157244302462,
        0.5358258812338202,
        0.41043517301761556,
        0.4487939567607835,
        1.2453036778232047,
        0.542167236653046,
        0.40924377667839984,
        0.3347544575879461,
        0.5036487956651937,
        0.5132521158017763,
        0.47315637280396,
        0.480071609241788,
        0.6244137875840027,
        0.3753615155568177,
        0.4116231210099841,
        0.9304421831849629,
        0.4422178655651533,
        0.4391709163298499,
        0.49804304532841337,
        1.6467148878524782
    ],
    [
        0.29064180058966055,
        0.30418628646768414,
        1.1684324434899949,
        0.5717554519853746,
        0.7792161024869801,
        0.4071504443998557,
        0.11048543456039805,
        0.28470104934825935,
        0.4943528756111367,
        1.0351488796907429,
        0.28768675999253074,
        0.24902152266420668,
        0.4777776516068955,
        0.47547262670946683,
        0.11796616305110547,
        0.3159960690024482,
        0.4479772245884828,
        1.0199427450229743,
        0.8041943270286107,
        0.582961190818051,
        0.8239873045897006,
        0.5980745291024449,
        0.2647042866577721,
        0.18355218944485516,
        1.1258677209157388,
        1.5871493215038086,
        1.1683279652456326,
        0.0,
        0.8896650528429224,
        0.5662730327054648,
        0.436102679279777,
        0.8090370916249762,
        0.8235427470690274,
        0.08699631816921909,
        1.1563555695048993,
        0.8263542388860845,
        1.2412781655918226,
        0.7569663446118328,
        0.7362011868368592,
        0.6643841132959156,
        0.8900765855391322,
        0.4770105475773046,
        1.2778898180800948,
        0.7532481745746219,
        0.22316963839196408,
        0.6693265622063718,
        0.8035869294139869,
        0.755028714271848,
        0.2781952158557009
    ],
    [
        0.7052052560247973,
        0.5972348391755122,
        0.6530801420001989,
        0.4736720747257537,
        0.318305449804115,
        0.4943528756111367,
        0.8040425206417879,
        0.6232397085993479,
        0.6087737418368174,
        0.5067898356320892,
        0.5369637586699869,
        0.8340003840676574,
        0.44633927678392815,
        0.6783841670653878,
        0.9426939455623973,
        0.6069663937360947,
        0.749511559700716,
        0.5488802521953218,
        0.3657718722099883,
        0.40534755534602646,
        0.3065846385991966,
        0.735777325397735,
        0.7055513690547273,
        0.8244316223920575,
        0.7385188936310296,
        0.5326268921581034,
        0.48286053563632636,
        0.8896650528429224,
        0.0,
        0.4346384592713555,
        0.5762215285808054,
        0.20191949973937634,
        0.5730350256528828,
        0.8650381584791506,
        0.7776479461330815,
        0.34268300311658295,
        0.4568809849129202,
        0.30737993082665627,
        0.5689731705010351,
        0.43357615392223775,
        0.4259066615762191,
        0.4913807872973871,
        0.523379194513882,
        0.28384222069663984,
        0.6724198372296879,
        0.31522251565362525,
        0.517279542413964,
        0.22696623509896796,
        1.2030235346825098
    ],
    [
        0.5129613438435471,
        0.3004626062886658,
        0.5329578349357896,
        0.2041241452319315,
        0.2996489554925526,
        0.18517071702740812,
        0.6220198044699041,
        0.30543222732074476,
        0.3005980006355849,
        0.4747589391967488,
        0.43276204328835394,
        0.5755385084012865,
        0.27530365180005234,
