[
    [
        0.0,
        1.8965597210502507,
        0.7282124465751316,
        3.0172759372706794,
        1.7946206466287307,
        2.4220658664091874,
        1.2654655511804696,
        0.9780759955449395,
        1.7063618954862265,
        2.0949252336763426,
        2.703042975339203,
        1.6734343886335146,
        1.578615868799148,
        2.0562901258413544,
        2.2514876034683007,
        1.090017318716561,
        1.8468982547139152,
        1.9437235463125404,
        2.852172015163467,
        2.2676462219127353,
        1.8907595445557852,
        2.2986520007187177,
        1.8523671807542914,
        1.3987968591118671,
        1.5115414824149633,
        3.122419342596443,
        4.325227079092413,
        3.380480768582684,
        0.8462778648232482,
        2.471012500530456,
        1.6397594155982411,
        1.3689570363407826,
        2.251731508102265,
        2.3616779364970495,
        0.9968061240680616,
        3.2297465465732813,
        2.1291975349546934,
        3.2435178684979227,
        2.519320187342055,
        2.3378539784361636,
        2.18851005187674,
        2.4546914682056546,
        1.4827881555656273,
        3.4540123403319707,
        2.482338121815884,
        1.3803236458696695,
        1.9947315813493938,
        2.5384793777024086,
        2.307236840191032,
        0.4134227465282223
    ],
    [
        1.8965597210502507,
        0.0,
        1.648863244784115,
        2.065338955232288,
        1.6298006013006623,
        1.837627546593705,
        1.75,
        1.4415703243338496,
        1.3050383136138188,
        1.6393596310755,
        1.8656228100523844,
        1.3110110602126894,
        1.6817030058842137,
        1.4553779577827886,
        1.80710403685012,
        1.5727470118443416,
        1.4947825928876748,
        1.5309310892394863,
        1.8957188610128877,
        1.8833148966649205,
        1.5645819462932158,
        1.8027756377319946,
        1.565691185671328,
        1.2808688457449497,
        1.3919410907075054,
        2.287739058546669,
        2.9843340965783307,
        2.143708494901093,
        1.5116216457830975,
        1.90029237516523,
        1.7519830034690533,
        1.7544586059522749,
        1.6858273603453258,
        1.7638342073763937,
        1.6345871038277526,
        2.3182698289888517,
        1.6723860200324565,
        2.613068120045859,
        1.9373879895937784,
        1.6863421954040052,
        1.8810088900492854,
        1.7897276329095442,
        1.4737282653189494,
        2.0733092174374548,
        1.7300650276795957,
        1.3863170633011772,
        1.6007810593582121,
        1.758905909933786,
        1.7633419974582356,
        1.8200274723201295
    ],
    [
        0.7282124465751316,
        1.648863244784115,
        0.0,
        1.8708286933869707,
        1.3975424859373686,
        1.8589311445021304,
        1.0825317547305484,
        0.8569568250501305,
        1.357847561400027,
        1.6105123408406408,
        1.605852656722291,
        1.3635890143294642,
        1.2374368670764582,
        1.611288304432202,
        1.9803724397193574,
        0.9821428571428571,
        1.590990257669732,
        1.6153559979150107,
        1.9039432764659772,
        1.590990257669732,
        1.5229722402080887,
        1.6007810593582121,
        1.36613302589625,
        1.165922381636102,
        1.2374368670764582,
        1.9896607751071538,
        2.540300179112697,
        2.359967043084383,
        0.7441438033068608,
        1.6029486718059454,
        1.2815463749358083,
        1.159202311936963,
        1.6223268611609822,
        1.7204852351718816,
        0.9013878188659973,
        1.9540023029669131,
        1.4630874888399532,
        2.072890493972125,
        1.986062547968831,
        1.8328597873268975,
        1.6914819275153699,
        1.741048534648015,
        1.0752906583803283,
        2.048034287907418,
        1.8589311445021304,
        1.0383279828647594,
        1.3919410907075054,
        1.984313483298443,
        1.741048534648015,
        0.673145600891813
    ],
    [
        3.0172759372706794,
        2.065338955232288,
        1.8708286933869707,
        0.0,
        1.357847561400027,
        1.5620499351813308,
        1.996089927833914,
        2.2844583603121333,
        1.9080421903092184,
        1.741048534648015,
        1.3231166823459075,
        2.1028254801575903,
        2.057759704144291,
        1.7191931246954195,
        2.019436802675439,
        2.2869695214052888,
        2.0615528128088303,
        1.7544586059522749,
        1.4142135623730951,
        1.3919410907075054,
        1.5833333333333335,
        1.5309310892394863,
        1.5684608520598926,
        2.011684617428885,
        1.9525624189766635,
        1.5225389978585113,
        2.0463381929681126,
        1.6126668733636358,
        2.122940178149163,
        1.6556930405254606,
        1.516117116555021,
        1.7455300054711176,
        1.3430634551071832,
        1.3591255358583407,
        1.9525624189766635,
        1.5327671055969332,
        1.4469796128487782,
        1.7275343701356567,
        1.6556930405254606,
        1.7001838135919305,
        1.620720861564727,
        1.3806701271484076,
        1.590990257669732,
        1.454757520841341,
        1.6543503256565701,
        1.9605483926697653,
        1.243734296383275,
        1.4842927608797396,
        1.3806701271484076,
        2.2707377655731187
    ],
    [
        1.7946206466287307,
        1.6298006013006623,
        1.3975424859373686,
        1.357847561400027,
        0.0,
        1.4443856825654289,
        1.4197270864500684,
        1.4684175155588413,
        1.346291201783626,
        1.346291201783626,
        1.375231891392154,
        1.5155444566227676,
        1.6441183047457382,
        1.4095655359010448,
        1.6770509831248424,
        1.5141762089785769,
        1.5258194519667128,
        1.2686114456365274,
        1.5258194519667128,
        1.4197270864500684,
        1.243734296383275,
        1.3693063937629153,
        1.1895085353016832,
        1.5155444566227676,
        1.375,
        1.6122577337386228,
        2.318404623873926,
        1.6744609414508433,
        1.481342296702555,
        1.4760824653265294,
        1.125771340508858,
        1.334634781503914,
        1.2596847048192479,
        1.360402309776209,
        1.541103500742244,
        1.6219201583308596,
        1.352081728298996,
        1.8874586088176875,
        1.5178338000072487,
        1.4469796128487782,
        1.3869430814244366,
        1.3693063937629153,
        1.1726039399558574,
        1.5331974577478416,
        1.335571038919308,
        1.3635890143294642,
        1.224744871391589,
        1.4361406616345072,
        1.3050383136138188,
        1.6863421954040052
    ],
    [
        2.4220658664091874,
        1.837627546593705,
        1.8589311445021304,
        1.5620499351813308,
        1.4443856825654289,
        0.0,
        1.825684803025977,
        1.9533624855617557,
        1.5668439615992398,
        1.6467771555374455,
        1.62184151443943,
        1.6416455159382006,
        2.1126109438322995,
        1.6412647562169853,
        1.7578395831246945,
        1.8856737008619622,
        1.6981607697741696,
        1.6305673859120327,
        1.5740076238697194,
        1.5550321540083987,
        1.5401118285515651,
        1.4935277031243845,
        1.4752824588306248,
        1.9062397540708251,
        1.863129088388671,
        1.7075201316529185,
        2.3148974059340084,
        1.7461465510597265,
        1.9477551180782453,
        1.4407993537539425,
        1.4733983771464452,
        1.8496621313093913,
        1.55100773692461,
        1.5059142664102023,
        2.1807395534542864,
        1.7615689029952817,
        1.49248115565993,
        1.9201236939322426,
        1.5361613413527457,
        1.5690363284513205,
        1.5906846883583743,
        1.4228053275132195,
        1.438966643115816,
        1.682342942974998,
        1.5029138365189136,
        1.7342145196024625,
        1.4872373717735847,
        1.5972632844963288,
        1.531747368204039,
        2.280213805764714
    ],
    [
        1.2654655511804696,
        1.75,
        1.0825317547305484,
        1.996089927833914,
        1.4197270864500684,
        1.825684803025977,
        0.0,
        1.352081728298996,
        1.489546910976623,
        1.7633419974582356,
        1.6002829788024673,
        1.5258194519667128,
        1.0307764064044151,
        1.5560366319595436,
        1.7897276329095442,
        1.3751159505841755,
        1.704772712123232,
        1.5512092057488571,
        2.003902442735175,
        1.4361406616345072,
        1.404358295529393,
        1.489546910976623,
        1.4445779852799765,
        1.4415703243338496,
        1.4252192813739224,
        1.8856364973133077,
        2.9341736485763756,
        2.2341261030757518,
        1.0971554128745844,
        1.660404903764273,
        1.1599509089229212,
        0.770551750371122,
        1.6034901170744882,
        1.6271353491472198,
        1.403121520040228,
        1.8980252896102308,
        1.58607219255619,
        1.8791620472966135,
        1.8549857741293387,
        1.8957188610128877,
        1.5567951410224503,
        1.7940875118009154,
        1.2119199643540823,
        2.1881943342501473,
        1.8155577655365307,
        1.340475661845451,
        1.6298006013006623,
        1.9921721813136535,
        1.6345871038277526,
        1.125
    ],
    [
        0.9780759955449395,
        1.4415703243338496,
        0.8569568250501305,
        2.2844583603121333,
        1.4684175155588413,
        1.9533624855617557,
        1.352081728298996,
        0.0,
        1.1989578808281798,
        1.709349291397168,
        2.0907351504644858,
        1.0825317547305484,
        1.3919410907075054,
        1.5676415406590885,
        2.019436802675439,
        0.7836824377675604,
        1.403121520040228,
        1.595893166850463,
        2.050152433357091,
        1.9724667297574374,
        1.6682284349306336,
        1.9121323175972944,
        1.4385563751360055,
        0.9437293044088437,
        1.0897247358851685,
        2.3550477702161374,
        3.292984968079873,
        2.607414641193669,
        0.6986594306241061,
        1.7006943026632126,
        1.6651034335573405,
        1.479019945774904,
        1.745032632614327,
        1.86711304186734,
        0.8569568250501305,
        2.368279966558008,
        1.6817030058842137,
        2.521780125229002,
        2.050575799894047,
        1.9685019685029528,
        1.9899923227099257,
        1.8624580532189174,
        1.231107225224513,
        2.3322169948594214,
        1.9775300250565098,
        0.9100137361600648,
        1.5761900266148114,
        2.1065374432940898,
        1.8285923547909742,
        0.9682458365518543
    ],
    [
        1.7063618954862265,
        1.3050383136138188,
        1.357847561400027,
        1.9080421903092184,
        1.346291201783626,
        1.5668439615992398,
        1.489546910976623,
        1.1989578808281798,
        0.0,
        1.3975424859373686,
        1.771100920158915,
        1.1524430571616109,
        1.595893166850463,
        1.3437354650376687,
        1.7230060940112777,
        1.2330483215451478,
        1.2562344526401112,
        1.334634781503914,
        1.620185174601965,
        1.6007810593582121,
        1.3063679505492403,
        1.5206906325745548,
        1.2767961205037135,
        1.1858541225631423,
        1.165922381636102,
        2.0576078343552253,
        2.6457513110645907,
        1.90029237516523,
        1.282331860323216,
        1.4475793971700175,
        1.3372338779901012,
        1.595893166850463,
        1.5540046832476262,
        1.5263882570011835,
        1.5,
        2.102676865331428,
        1.5,
        2.190176933491904,
        1.6546441376387317,
        1.5103807466993215,
        1.6223268611609822,
        1.4630874888399532,
        1.125,
        1.9329022507905336,
        1.5184284639060215,
        1.1319231422671772,
        1.3050383136138188,
        1.6677080080157918,
        1.6153559979150107,
        1.7001838135919305
    ],
    [
        2.0949252336763426,
        1.6393596310755,
        1.6105123408406408,
        1.741048534648015,
        1.346291201783626,
        1.6467771555374455,
        1.7633419974582356,
        1.709349291397168,
        1.3975424859373686,
        0.0,
        1.6674211727535844,
        1.4361406616345072,
        1.7677669529663689,
        1.5132745950421556,
        1.6345871038277526,
        1.7107478374282126,
        1.4415703243338496,
        1.4142135623730951,
        1.479019945774904,
        1.4947825928876748,
        1.2644992421244599,
        1.590990257669732,
        1.379412113103904,
        1.595893166850463,
        1.375,
        1.9762654173971674,
        2.5124689052802225,
        1.754953307387724,
        1.623075783812943,
        1.7144200509534153,
        1.4760824653265294,
        1.704772712123232,
        1.6945582839718962,
        1.551768704128006,
        1.58607219255619,
        1.9959333656212073,
        1.4523687548277813,
        2.0879116360612584,
        1.7814631938693293,
        1.4842927608797396,
        1.486630231242606,
        1.648863244784115,
        1.3635890143294642,
        1.854517757022324,
        1.6228832367117483,
        1.479019945774904,
        1.3169567191065923,
        1.6583123951777,
        1.58607219255619,
        1.956559480312316
    ],
    [
        2.703042975339203,
        1.8656228100523844,
        1.605852656722291,
        1.3231166823459075,
        1.375231891392154,
        1.62184151443943,
        1.6002829788024673,
        2.0907351504644858,
        1.771100920158915,
        1.6674211727535844,
        0.0,
        1.8275457502858186,
        1.6904971494341237,
        1.5579617767965888,
        1.8449116454702748,
        1.9773107123214664,
        1.8864446637491796,
        1.663208572339032,
        1.5873784703602558,
        1.252039153068436,
        1.3694486990132289,
        1.31889235376369,
        1.413662280420575,
        1.9714965050407154,
        1.8146758579393056,
        1.6527883057649788,
        2.131966372212493,
        1.5871217656078607,
        1.8876748466117284,
        1.4447128762437818,
        1.3039111320802548,
        1.5953935602994322,
        1.2489649910036849,
        1.3611834170252664,
        1.8620299708234822,
        1.5703770832744184,
        1.3506659355250488,
        1.5855694914587937,
        1.726467547550131,
        1.5946938481689064,
        1.3898522735901209,
        1.4456567605720783,
        1.4525882951139462,
        1.5626218773328608,
        1.5377727068585865,
        1.7173521681320214,
        1.311497430498467,
        1.5749757043801518,
        1.3865470619860116,
        2.1770340008406683
    ],
    [
        1.6734343886335146,
        1.3110110602126894,
        1.3635890143294642,
        2.1028254801575903,
        1.5155444566227676,
        1.6416455159382006,
        1.5258194519667128,
        1.0825317547305484,
        1.1524430571616109,
        1.4361406616345072,
        1.8275457502858186,
        0.0,
        1.5612494995995996,
        1.378178145233772,
        1.8540496217739157,
        1.2266960353996854,
        1.299038105676658,
        1.4252192813739224,
        1.8371173070873836,
        1.7940875118009154,
        1.5235421082318517,
        1.7320508075688772,
        1.4766704288891124,
        1.2119199643540823,
        1.159202311936963,
        2.2429054817356886,
        2.9368350311176825,
        2.050575799894047,
        1.232629303562105,
        1.5109553637057287,
        1.5734339657082672,
        1.6153559979150107,
        1.4854619558313238,
        1.7144200509534153,
        1.4415703243338496,
        2.2429054817356886,
        1.479019945774904,
        2.375,
        1.750495961466667,
        1.6723860200324565,
        1.765310013692905,
        1.5761900266148114,
        1.2808688457449497,
        2.169069180803395,
        1.5540270267920053,
        1.0825317547305484,
        1.403121520040228,
        1.80710403685012,
        1.5360257159305635,
        1.653594569415369
    ],
    [
        1.578615868799148,
        1.6817030058842137,
        1.2374368670764582,
        2.057759704144291,
        1.6441183047457382,
        2.1126109438322995,
        1.0307764064044151,
        1.3919410907075054,
        1.595893166850463,
        1.7677669529663689,
        1.6904971494341237,
        1.5612494995995996,
        0.0,
        1.736375535418534,
        1.8624580532189174,
        1.299160835905632,
        1.6863421954040052,
        1.6153559979150107,
        2.125,
        1.7365554986812255,
        1.738553837085422,
        1.9324531042175384,
        1.6340559625939648,
        1.479019945774904,
        1.5360257159305635,
        1.8224296968607596,
        2.315032397181517,
        2.2962076222424757,
        1.0535653752852738,
        1.809024445507701,
        1.4529663145135578,
        1.1858541225631423,
        1.8619919142920274,
        1.8390063742261593,
        1.3169567191065923,
        1.922563392973038,
        1.8540496217739157,
        2.0615528128088303,
        2.173866243457597,
        2.0348525745124633,
        1.663538731473094,
        2.011684617428885,
        1.3287682265918312,
        2.1666666666666665,
        2.072739732817413,
        1.3863170633011772,
        1.8915932438026946,
        2.1360009363293826,
        1.9685019685029528,
        1.2930100540985752
    ],
    [
        2.0562901258413544,
        1.4553779577827886,
        1.611288304432202,
        1.7191931246954195,
        1.4095655359010448,
        1.6412647562169853,
        1.5560366319595436,
        1.5676415406590885,
        1.3437354650376687,
        1.5132745950421556,
        1.5579617767965888,
        1.378178145233772,
        1.736375535418534,
        0.0,
        1.7251811499086118,
        1.6188777922136215,
        1.3724977231310804,
        1.3645054048995189,
        1.5184284639060215,
        1.4690558192253962,
        1.3498713930511224,
        1.5650479225889538,
        1.3842115686074388,
        1.5132745950421556,
        1.3379088160259651,
        1.9366530406864313,
        2.735644348229499,
        1.7461465510597265,
        1.6083765106466832,
        1.4691503591456452,
        1.4784798875120952,
        1.5907938269933033,
        1.493992600011422,
        1.5289793254906285,
        1.7869317278508432,
        1.8709957242067659,
        1.5081031131855673,
        2.1100947846009195,
        1.5057067369769512,
        1.5590461827668864,
        1.6247008271610432,
        1.45,
        1.3119641763401926,
        1.7859599037430203,
        1.4197270864500684,
        1.3143439428094916,
        1.3495369576265779,
        1.49248115565993,
        1.4851346740279145,
        1.98730344940072
    ],
    [
        2.2514876034683007,
        1.80710403685012,
        1.9803724397193574,
        2.019436802675439,
        1.6770509831248424,
        1.7578395831246945,
        1.7897276329095442,
        2.019436802675439,
        1.7230060940112777,
        1.6345871038277526,
        1.8449116454702748,
        1.8540496217739157,
        1.8624580532189174,
        1.7251811499086118,
        0.0,
        1.8740643924205953,
        1.71846588560844,
        1.5,
        1.964529205687714,
        1.7940875118009154,
        1.5800404354882116,
        1.8915932438026946,
        1.6682284349306336,
        1.8624580532189174,
        1.8413649828320293,
        2.1560960089940338,
        2.6160561920570435,
        1.9189298232782424,
        1.8248287590894656,
        1.8902160370356258,
        1.6525443345876618,
        1.8708286933869707,
        1.854517757022324,
        1.8563891174954552,
        2.0766559657295187,
        2.1195518394226642,
        1.80710403685012,
        2.1866069605669876,
        1.7756063127218764,
        1.6863421954040052,
        1.676015446759897,
        1.9445436482630056,
        1.5662455107677085,
        2.1237741562291097,
        1.7786933406295757,
        1.7897276329095442,
        1.79843682124227,
        1.79843682124227,
        1.7897276329095442,
        2.143303524935281
    ],
    [
        1.090017318716561,
        1.5727470118443416,
        0.9821428571428571,
        2.2869695214052888,
        1.5141762089785769,
        1.8856737008619622,
        1.3751159505841755,
        0.7836824377675604,
        1.2330483215451478,
        1.7107478374282126,
        1.9773107123214664,
        1.2266960353996854,
        1.299160835905632,
        1.6188777922136215,
        1.8740643924205953,
        0.0,
        1.473944624164029,
        1.5141762089785769,
        2.1407727958065297,
        1.8947093363858625,
        1.7279855198803316,
        1.988888136725684,
        1.3406870975078549,
        1.1061343332820412,
        1.091917196157889,
        2.23130269902895,
        2.894014318822735,
        2.437730743773463,
        0.8406827278941752,
        1.9011591672288572,
        1.4660751744823866,
        1.5053052439791141,
        1.9045479790583244,
        1.9418177512676935,
        1.0534200859823304,
        2.279794230779146,
        1.7910634168742618,
        2.338604044628124,
        2.129039444659516,
        1.965746210288934,
        1.9062401258061796,
        1.8928571428571428,
        1.2731278772522165,
        2.2923854778676125,
        2.0028455522387265,
        0.9787278290031944,
        1.5924927514011817,
        2.15532089565923,
        1.9872039633205079,
        1.0980327956888005
    ],
    [
        1.8468982547139152,
        1.4947825928876748,
        1.590990257669732,
        2.0615528128088303,
        1.5258194519667128,
        1.6981607697741696,
        1.704772712123232,
        1.403121520040228,
        1.2562344526401112,
        1.4415703243338496,
        1.8864446637491796,
        1.299038105676658,
        1.6863421954040052,
        1.3724977231310804,
        1.71846588560844,
        1.473944624164029,
        0.0,
        1.5155444566227676,
        1.79843682124227,
        1.80710403685012,
        1.4367449707972224,
        1.8624580532189174,
        1.560693400027337,
        1.3863170633011772,
        1.3287682265918312,
        2.218389055147902,
        2.7128168017763383,
        2.0581815058714112,
        1.4613777745675482,
        1.559023911155809,
        1.6223268611609822,
        1.741048534648015,
        1.6713475933442983,
        1.677568511599783,
        1.590990257669732,
        2.1576897367323227,
        1.71846588560844,
        2.4717149916606487,
        1.837589755933329,
        1.5562374497485916,
        1.834753238025333,
        1.713913650100261,
        1.3863170633011772,
        2.06197383860977,
        1.6332482971061075,
        1.25,
        1.6056540723331412,
        1.7809758560968758,
        1.620185174601965,
        1.8371173070873836
    ],
    [
        1.9437235463125404,
        1.5309310892394863,
        1.6153559979150107,
        1.7544586059522749,
        1.2686114456365274,
        1.6305673859120327,
        1.5512092057488571,
        1.595893166850463,
        1.334634781503914,
        1.4142135623730951,
        1.663208572339032,
        1.4252192813739224,
        1.6153559979150107,
        1.3645054048995189,
        1.5,
        1.5141762089785769,
        1.5155444566227676,
        0.0,
        1.704772712123232,
        1.58607219255619,
        1.4135996211406143,
        1.4842927608797396,
        1.3149778198382918,
        1.5309310892394863,
        1.3228756555322954,
        1.9738920943151883,
        2.6721947908039936,
        1.8643214434330913,
        1.4783859441972518,
        1.6883999657795674,
        1.420338379088276,
        1.4469796128487782,
        1.5189771777965155,
        1.5484086813385038,
        1.6345871038277526,
        1.8972018869904173,
        1.6153559979150107,
        2.1213203435596424,
        1.660404903764273,
        1.571225636247067,
        1.4743171677461777,
        1.4415703243338496,
        1.3169567191065923,
        1.7475180812925641,
        1.5469728504404983,
        1.346291201783626,
        1.5,
        1.6105123408406408,
        1.5512092057488571,
        1.79843682124227
    ],
    [
        2.852172015163467,
        1.8957188610128877,
        1.9039432764659772,
        1.4142135623730951,
        1.5258194519667128,
        1.5740076238697194,
        2.003902442735175,
        2.050152433357091,
        1.620185174601965,
        1.479019945774904,
        1.5873784703602558,
        1.8371173070873836,
        2.125,
        1.5184284639060215,
        1.964529205687714,
        2.1407727958065297,
        1.79843682124227,
        1.704772712123232,
        0.0,
        1.4737282653189494,
        1.4367449707972224,
        1.5811388300841898,
        1.445779297741456,
        1.9324531042175384,
        1.653594569415369,
        1.7318703762117995,
        2.1286732957408003,
        1.7325519071909825,
        2.0383817110639506,
        1.5915357712320233,
        1.5331974577478416,
        1.8915932438026946,
        1.4403655014536336,
        1.3800412634732662,
        1.8328597873268975,
        1.6103182915187917,
        1.3693063937629153,
        1.8708286933869707,
        1.7415470453338637,
        1.590990257669732,
        1.5783914104063177,
        1.3635890143294642,
        1.505199322349037,
        1.586619397054981,
        1.41178079034955,
        1.7721808598447282,
        1.25,
        1.571225636247067,
        1.5562374497485916,
        2.301494079940246
    ],
    [
        2.2676462219127353,
        1.8833148966649205,
        1.590990257669732,
        1.3919410907075054,
        1.4197270864500684,
        1.5550321540083987,
        1.4361406616345072,
        1.9724667297574374,
        1.6007810593582121,
        1.4947825928876748,
        1.252039153068436,
        1.7940875118009154,
        1.7365554986812255,
        1.4690558192253962,
        1.7940875118009154,
        1.8947093363858625,
        1.80710403685012,
        1.58607219255619,
        1.4737282653189494,
        0.0,
        1.1509356097444277,
        1.2054563451241194,
        1.3925645805890337,
        1.8200274723201295,
        1.875,
        1.6382154925405876,
        2.03100960115899,
        1.5399765510480274,
        1.6697679479496539,
        1.4409680388158819,
        1.1807189429420628,
        1.3169567191065923,
        1.2692955176439846,
        1.274073737618388,
        1.6583123951777,
        1.599609327304639,
        1.3110110602126894,
        1.6105123408406408,
        1.6094339929856638,
        1.571225636247067,
        1.2040152730666573,
        1.4737282653189494,
        1.4086784586980805,
        1.570120306784731,
        1.5964805041089603,
        1.6677080080157918,
        1.2686114456365274,
        1.6723860200324565,
        1.4842927608797396,
        1.964529205687714
    ],
    [
        1.8907595445557852,
        1.5645819462932158,
        1.5229722402080887,
        1.5833333333333335,
        1.243734296383275,
        1.5401118285515651,
        1.404358295529393,
        1.6682284349306336,
        1.3063679505492403,
        1.2644992421244599,
        1.3694486990132289,
        1.5235421082318517,
        1.738553837085422,
        1.3498713930511224,
        1.5800404354882116,
        1.7279855198803316,
        1.4367449707972224,
        1.4135996211406143,
        1.4367449707972224,
        1.1509356097444277,
        0.0,
        1.3222193043852026,
        1.2430361575146915,
        1.586619397054981,
        1.5275252316519468,
        1.752934048325201,
        2.2653795365113645,
        1.5980674092304257,
        1.5077116582571233,
        1.4068285846778443,
        1.209769261746498,
        1.399404635312222,
        1.3391798899990164,
        1.3235316811890492,
        1.7129003992578722,
        1.7214536815661865,
        1.2197734306920374,
        1.7702204821873335,
        1.5201196955795584,
        1.4006446928309677,
        1.2943520472507557,
        1.4282613750835509,
        1.165922381636102,
        1.6414763002993509,
        1.5185427956505613,
        1.4355360980793512,
        1.2126360175712707,
        1.4796067420470587,
        1.3591255358583407,
        1.907132081890968
    ],
    [
        2.2986520007187177,
        1.8027756377319946,
        1.6007810593582121,
        1.5309310892394863,
        1.3693063937629153,
        1.4935277031243845,
        1.489546910976623,
        1.9121323175972944,
        1.5206906325745548,
        1.590990257669732,
        1.31889235376369,
        1.7320508075688772,
        1.9324531042175384,
        1.5650479225889538,
        1.8915932438026946,
        1.988888136725684,
        1.8624580532189174,
        1.4842927608797396,
        1.5811388300841898,
        1.2054563451241194,
        1.3222193043852026,
        0.0,
        1.4092945437739803,
        1.9080421903092184,
        1.80710403685012,
        1.730967937311376,
        2.057759704144291,
        1.6045724594974755,
        1.6707034446603621,
        1.2367351733046525,
        1.2733922324946771,
        1.4737282653189494,
        1.375631168268265,
        1.4240006242195884,
        1.8833148966649205,
        1.6712644913358268,
        1.286953767623375,
        1.5258194519667128,
        1.4511728972723332,
        1.590990257669732,
        1.2795127110653406,
        1.3635890143294642,
        1.3635890143294642,
        1.6806703358415587,
        1.5600480761822695,
        1.6105123408406408,
        1.3635890143294642,
        1.595893166850463,
        1.403121520040228,
        2.038688303787511
    ],
    [
        1.8523671807542914,
        1.565691185671328,
        1.36613302589625,
        1.5684608520598926,
        1.1895085353016832,
        1.4752824588306248,
        1.4445779852799765,
        1.4385563751360055,
        1.2767961205037135,
        1.379412113103904,
        1.413662280420575,
        1.4766704288891124,
        1.6340559625939648,
        1.3842115686074388,
        1.6682284349306336,
        1.3406870975078549,
        1.560693400027337,
        1.3149778198382918,
        1.445779297741456,
        1.3925645805890337,
        1.2430361575146915,
        1.4092945437739803,
        0.0,
        1.4965237496723311,
        1.3110110602126892,
        1.787320309538525,
        2.3731718109830235,
        1.735555466638211,
        1.3733323220061,
        1.6640604623096549,
        1.2930100540985752,
        1.4117561955081182,
        1.4306903927824497,
        1.4043582955293932,
        1.4583333333333333,
        1.778556687004631,
        1.3333333333333333,
        1.905766104338212,
        1.5439172761374087,
        1.545041351478263,
        1.4361406616345072,
        1.4403655014536336,
        1.0937003957005573,
        1.6425336120355853,
        1.4729269801619118,
        1.303041314259324,
        1.4129854131510975,
        1.5258194519667128,
        1.3437096247164249,
        1.505775916632721
    ],
    [
        1.3987968591118671,
        1.2808688457449497,
        1.165922381636102,
        2.011684617428885,
        1.5155444566227676,
        1.9062397540708251,
        1.4415703243338496,
        0.9437293044088437,
        1.1858541225631423,
        1.595893166850463,
        1.9714965050407154,
        1.2119199643540823,
        1.479019945774904,
        1.5132745950421556,
        1.8624580532189174,
        1.1061343332820412,
        1.3863170633011772,
        1.5309310892394863,
        1.9324531042175384,
        1.8200274723201295,
        1.586619397054981,
        1.9080421903092184,
        1.4965237496723311,
        0.0,
        1.1110243021644486,
        2.2113344387495983,
        2.9154759474226504,
        2.401533075164927,
        1.0550473923004597,
        1.837589755933329,
        1.5882598793788265,
        1.4523687548277813,
        1.8238390523532741,
        1.6493896177407905,
        1.0231690964840563,
        2.186464040408623,
        1.590990257669732,
        2.732901388634431,
        2.012116077941606,
        1.8624580532189174,
        2.032718486275078,
        1.8371173070873836,
        1.286953767623375,
        2.136407290549045,
        1.9144189719076647,
        1.0077822185373186,
        1.6007810593582121,
        1.8285923547909742,
        1.7809758560968758,
        1.334634781503914
    ],
    [
        1.5115414824149633,
        1.3919410907075054,
        1.2374368670764582,
        1.9525624189766635,
        1.375,
        1.863129088388671,
        1.4252192813739224,
        1.0897247358851685,
        1.165922381636102,
        1.375,
        1.8146758579393056,
        1.159202311936963,
        1.5360257159305635,
        1.3379088160259651,
        1.8413649828320293,
        1.091917196157889,
        1.3287682265918312,
        1.3228756555322954,
        1.653594569415369,
        1.875,
        1.5275252316519468,
        1.80710403685012,
        1.3110110602126892,
        1.1110243021644486,
        0.0,
        2.04236382655001,
        2.8449516691852605,
        2.1327473153449543,
        1.126665433924375,
        1.7858432493114034,
        1.5734339657082672,
        1.4361406616345072,
        1.6007810593582121,
        1.6303331288761542,
        1.0968705484240153,
        1.9563997546513852,
        1.5309310892394863,
        2.4302777619029476,
        1.8205043562461232,
        1.6770509831248424,
        1.7475180812925641,
        1.6153559979150107,
        1.3050383136138188,
        1.9847508939690923,
        1.6796577032240825,
        1.159202311936963,
        1.357847561400027,
        1.7275343701356567,
        1.695582495781317,
        1.4197270864500684
    ],
    [
        3.122419342596443,
        2.287739058546669,
        1.9896607751071538,
        1.5225389978585113,
        1.6122577337386228,
        1.7075201316529185,
        1.8856364973133077,
        2.3550477702161374,
        2.0576078343552253,
        1.9762654173971674,
        1.6527883057649788,
        2.2429054817356886,
        1.8224296968607596,
        1.9366530406864313,
        2.1560960089940338,
        2.23130269902895,
        2.218389055147902,
        1.9738920943151883,
        1.7318703762117995,
        1.6382154925405876,
        1.752934048325201,
        1.730967937311376,
        1.787320309538525,
        2.2113344387495983,
        2.04236382655001,
        0.0,
        1.7073371078963873,
        1.836852682655247,
        2.13687856463581,
        1.6627245044738403,
        1.5468606200229476,
        1.7613914953808538,
        1.7295632075437106,
        1.4138697881268196,
        2.038381711063951,
        0.9921567416492215,
        1.7091664635137211,
        1.5489916074659669,
        1.763558586746947,
        1.9241881404893857,
        1.7121704873574297,
        1.6343959128681154,
        1.7155538464297762,
        1.5709162223930904,
        1.7723571874766102,
        2.1613074746550986,
        1.7137313091613866,
        1.8706616476530438,
        1.8386476008196895,
        2.149709282670566
    ],
    [
        4.325227079092413,
        2.9843340965783307,
        2.540300179112697,
        2.0463381929681126,
        2.318404623873926,
        2.3148974059340084,
        2.9341736485763756,
        3.292984968079873,
        2.6457513110645907,
        2.5124689052802225,
        2.131966372212493,
        2.9368350311176825,
        2.315032397181517,
        2.735644348229499,
        2.6160561920570435,
        2.894014318822735,
        2.7128168017763383,
        2.6721947908039936,
        2.1286732957408003,
        2.03100960115899,
        2.2653795365113645,
        2.057759704144291,
        2.3731718109830235,
        2.9154759474226504,
        2.8449516691852605,
        1.7073371078963873,
        0.0,
        2.133968004550313,
        2.989460653696583,
        2.258087317473205,
        2.1237741562291097,
        2.378287198805056,
        2.244592266859272,
        1.9821249820443827,
        2.375,
        1.8095234179197572,
        2.099106952968333,
        1.7897276329095442,
        2.4349167222811636,
        2.4238399287081647,
        2.0904046657684883,
        2.207940216581962,
        2.3979157616563596,
        2.040390757782549,
        2.5029982021567654,
        3.142451272494134,
        2.218529918662356,
        2.391390808713624,
        2.218529918662356,
        2.9288436284649952
    ],
    [
        3.380480768582684,
        2.143708494901093,
        2.359967043084383,
        1.6126668733636358,
        1.6744609414508433,
        1.7461465510597265,
        2.2341261030757518,
        2.607414641193669,
        1.90029237516523,
        1.754953307387724,
        1.5871217656078607,
        2.050575799894047,
        2.2962076222424757,
        1.7461465510597265,
        1.9189298232782424,
        2.437730743773463,
        2.0581815058714112,
        1.8643214434330913,
        1.7325519071909825,
        1.5399765510480274,
        1.5980674092304257,
        1.6045724594974755,
        1.735555466638211,
        2.401533075164927,
        2.1327473153449543,
        1.836852682655247,
        2.133968004550313,
        0.0,
        2.433247715388723,
        1.6677080080157918,
        1.7235098233288695,
        2.0820829581081646,
        1.6067349570549034,
        1.6583123951777,
        2.4359859970405777,
        1.767491945604782,
        1.6061946056163652,
        1.7159383568311668,
        1.7682579311602453,
        1.7235098233288695,
        1.551768704128006,
        1.6061946056163652,
        1.683766445931396,
        1.6393596310755,
        1.5316340221403342,
        2.208333333333333,
        1.6388300366080946,
        1.6493896177407905,
        1.5331974577478416,
        2.8825384260713296
    ],
    [
        0.8462778648232482,
        1.5116216457830975,
        0.7441438033068608,
        2.122940178149163,
        1.481342296702555,
        1.9477551180782453,
        1.0971554128745844,
        0.6986594306241061,
        1.282331860323216,
        1.623075783812943,
        1.8876748466117284,
        1.232629303562105,
        1.0535653752852738,
        1.6083765106466832,
        1.8248287590894656,
        0.8406827278941752,
        1.4613777745675482,
        1.4783859441972518,
        2.0383817110639506,
        1.6697679479496539,
        1.5077116582571233,
        1.6707034446603621,
        1.3733323220061,
        1.0550473923004597,
        1.126665433924375,
        2.13687856463581,
        2.989460653696583,
        2.433247715388723,
        0.0,
        1.6549378974585252,
        1.3853649739729639,
        1.1992184955211456,
        1.7553687488514895,
        1.8560898266098125,
        0.7854139036202504,
        2.183889878176095,
        1.5939338129295078,
        2.205391121774095,
        2.0665658577564,
        1.8619546181365423,
        1.69756770442628,
        1.883646729086959,
        1.2018215341721914,
        2.2707530566850385,
        2.017888748172208,
        0.9620940702446928,
        1.5674421839417236,
        2.1037169486411424,
        1.7832554500127007,
        0.7770135133960027
    ],
    [
        2.471012500530456,
        1.90029237516523,
        1.6029486718059454,
        1.6556930405254606,
        1.4760824653265294,
        1.4407993537539425,
        1.660404903764273,
        1.7006943026632126,
