[
    [
        0.0,
        0.22963966338592295,
        0.18355218944485516,
        0.19136638615493579,
        0.16237976320958225,
        0.1335000585205864,
        0.15625,
        0.09504316453590968,
        0.08838834764831845,
        0.15229366163764005,
        0.06987712429686843,
        0.06810779599282303,
        0.10364452469860624,
        0.1660960283239789,
        0.12103072956898178,
        0.08267972847076846,
        0.14320549046737,
        0.1616262567623219,
        0.12103072956898178,
        0.11587810136086973,
        0.15546678704790937,
        0.09418302770846426,
        0.10126157341262282,
        0.12203515118604147,
        0.14149039278339715,
        0.0855816496101822,
        0.22910747341586218,
        0.0924387466109315,
        0.06987712429686843,
        0.09964128369640096,
        0.2348952559120767,
        0.16828640022295324,
        0.2509746625657658,
        0.1307281291459493,
        0.1307281291459493,
        0.16387638252658618,
        0.14235052467412967,
        0.1137517170200081,
        0.20009763241977652,
        0.15934435979977452,
        0.13441133229754104,
        0.1795175827043134,
        0.240035804620894,
        0.1514899955442603,
        0.09631896879639025,
        0.15229366163764005,
        0.06629126073623882,
        0.12789613706050704,
        0.1316585902058806
    ],
    [
        0.22963966338592295,
        0.0,
        0.1307281291459493,
        0.14823176532039278,
        0.10126157341262282,
        0.1288470508005519,
        0.23747943989954162,
        0.15467960838455727,
        0.16387638252658618,
        0.2543565718140579,
        0.22696623509896796,
        0.2275034340400162,
        0.1660960283239789,
        0.22262198201210948,
        0.19702375332685143,
        0.22207297505549836,
        0.1660960283239789,
        0.1335000585205864,
        0.17608480733726006,
        0.08267972847076846,
        0.08267972847076846,
        0.15371202670180942,
        0.14320549046737,
        0.16010860571811872,
        0.12789613706050704,
        0.14574029770451274,
        0.20191949973937634,
        0.14823176532039278,
        0.13887803777055607,
        0.1447129582234355,
        0.09631896879639025,
        0.11796616305110547,
        0.0855816496101822,
        0.16828640022295324,
        0.13531646934131855,
        0.09375,
        0.14490028899212037,
        0.16973094517500337,
        0.09757809372497497,
        0.1269381000724369,
        0.1660960283239789,
        0.10825317547305482,
        0.1616262567623219,
        0.120017902310447,
        0.16755945773068137,
        0.1137517170200081,
        0.23070036031614688,
        0.13441133229754104,
        0.13531646934131855
    ],
    [
        0.18355218944485516,
        0.1307281291459493,
        0.0,
        0.1767766952966369,
        0.13531646934131855,
        0.12597277731716483,
        0.22371595411369302,
        0.14490028899212037,
        0.15229366163764005,
        0.24506854908372067,
        0.1907274314958391,
        0.18814991529362962,
        0.13975424859373686,
        0.078125,
        0.1767766952966369,
        0.13799626353637262,
        0.120017902310447,
        0.11267347735824966,
        0.19452968121857395,
        0.11267347735824966,
        0.10364452469860624,
        0.12586506222494342,
        0.11899645477912357,
        0.11048543456039805,
        0.07967217989988726,
        0.13441133229754104,
        0.1795175827043134,
        0.1660960283239789,
        0.14320549046737,
        0.1450873778873346,
        0.11267347735824966,
        0.13710881855300192,
        0.12789613706050704,
        0.14657549249448218,
        0.120017902310447,
        0.05846339666834283,
        0.11158481919598204,
        0.16312978920172735,
        0.13710881855300192,
        0.1335000585205864,
        0.14235052467412967,
        0.09110862335695782,
        0.125,
        0.12103072956898178,
        0.16312978920172735,
        0.08414320011147662,
        0.18087245160609727,
        0.13621559198564606,
        0.14740595518838442
    ],
    [
        0.19136638615493579,
        0.14823176532039278,
        0.1767766952966369,
        0.0,
        0.109375,
        0.1801962905417312,
        0.24853083938416978,
        0.15857643070456592,
        0.13799626353637262,
        0.2557922741210141,
        0.18154609435347266,
        0.2159417962669571,
        0.1335000585205864,
        0.1907274314958391,
        0.22262198201210948,
        0.18221724671391565,
        0.16755945773068137,
        0.1307281291459493,
        0.1316585902058806,
        0.13887803777055607,
        0.140625,
        0.1748480242874429,
        0.18288593610499415,
        0.18087245160609727,
        0.13531646934131855,
        0.17328963291264715,
        0.1335000585205864,
        0.1926379375927805,
        0.15229366163764005,
        0.1363151284198167,
        0.19008632907181935,
        0.11796616305110547,
        0.14574029770451274,
        0.20669932117692114,
        0.11587810136086973,
        0.14320549046737,
        0.125,
        0.10245997694221876,
        0.13621559198564606,
        0.109375,
        0.14405538214520136,
        0.10004881620988826,
        0.15388840315306412,
        0.10597390598633231,
        0.1781524101717403,
        0.12303137303143455,
        0.21423920626253262,
        0.120017902310447,
        0.18814991529362962
    ],
    [
        0.16237976320958225,
        0.10126157341262282,
        0.13531646934131855,
        0.109375,
        0.0,
        0.125,
        0.23593232610221093,
        0.1316585902058806,
        0.11267347735824966,
        0.24206145913796356,
        0.1795175827043134,
        0.1711632992203644,
        0.120017902310447,
        0.13887803777055607,
        0.18087245160609727,
        0.1269381000724369,
        0.11158481919598204,
        0.1269381000724369,
        0.1316585902058806,
        0.0924387466109315,
        0.0855816496101822,
        0.12989545743062422,
        0.12103072956898178,
        0.12401959270615269,
        0.10597390598633231,
        0.1316585902058806,
        0.1288470508005519,
        0.14490028899212037,
        0.1137517170200081,
        0.10298812465252703,
        0.14235052467412967,
        0.12597277731716483,
        0.14235052467412967,
        0.15068204314051492,
        0.10004881620988826,
        0.1137517170200081,
        0.11267347735824966,
        0.09375,
        0.09375,
        0.09504316453590968,
        0.1288470508005519,
        0.10004881620988826,
        0.20070675904164265,
        0.09375,
        0.14657549249448218,
        0.10597390598633231,
        0.1788362990978062,
        0.08838834764831845,
        0.14657549249448218
    ],
    [
        0.1335000585205864,
        0.1288470508005519,
        0.12597277731716483,
        0.1801962905417312,
        0.125,
        0.0,
        0.071602745233685,
        0.12303137303143455,
        0.10825317547305482,
        0.07967217989988726,
        0.10004881620988826,
        0.06810779599282303,
        0.109375,
        0.09631896879639025,
        0.034938562148434216,
        0.07328774624724109,
        0.10825317547305482,
        0.13799626353637262,
        0.15934435979977452,
        0.05846339666834283,
        0.10711960313126631,
        0.05585315257689378,
        0.07493486755176124,
        0.08414320011147662,
        0.12103072956898178,
        0.0625,
        0.20846350100197397,
        0.05412658773652741,
        0.078125,
        0.07457198470456436,
        0.16010860571811872,
        0.17258376589355096,
        0.20787710461953235,
        0.027063293868263706,
        0.13710881855300192,
        0.11796616305110547,
        0.11481983169296148,
        0.13441133229754104,
        0.17399263633843817,
        0.14657549249448218,
        0.13441133229754104,
        0.13441133229754104,
        0.2647042866577721,
        0.14405538214520136,
        0.046875,
        0.09631896879639025,
        0.071602745233685,
        0.0897587913521567,
        0.027063293868263706
    ],
    [
        0.15625,
        0.23747943989954162,
        0.22371595411369302,
        0.24853083938416978,
        0.23593232610221093,
        0.071602745233685,
        0.0,
        0.22963966338592295,
        0.15388840315306412,
        0.027063293868263706,
        0.08838834764831845,
        0.0625,
        0.14657549249448218,
        0.1875,
        0.05182226234930312,
        0.10481568644530265,
        0.19008632907181935,
        0.23070036031614688,
        0.2013140426050801,
        0.1788362990978062,
        0.23541436208311506,
        0.13789794057160135,
        0.14740595518838442,
        0.13621559198564606,
        0.22207297505549836,
        0.11267347735824966,
        0.29563887388163285,
        0.05633673867912483,
        0.12597277731716483,
        0.11279379076931101,
        0.2548360379734389,
        0.275106513463422,
        0.3318243840874266,
        0.05633673867912483,
        0.22963966338592295,
        0.23541436208311506,
        0.21021287573552672,
        0.18288593610499415,
        0.3065846385991966,
        0.22803936748947537,
        0.20610790559801437,
        0.22642776165920997,
        0.4160477173654484,
        0.255314603724503,
        0.06442352540027595,
        0.1907274314958391,
        0.071602745233685,
        0.14657549249448218,
        0.05182226234930312
    ],
    [
        0.09504316453590968,
        0.15467960838455727,
        0.14490028899212037,
        0.15857643070456592,
        0.1316585902058806,
        0.12303137303143455,
        0.22963966338592295,
        0.0,
        0.08267972847076846,
        0.2445699350390395,
        0.1307281291459493,
        0.13621559198564606,
        0.0897587913521567,
        0.14740595518838442,
        0.1875,
        0.125,
        0.09631896879639025,
        0.125,
        0.11587810136086973,
        0.09504316453590968,
        0.10481568644530265,
        0.10072437294694644,
        0.078125,
        0.09110862335695782,
        0.09375,
        0.10597390598633231,
        0.17746588580625855,
        0.1514899955442603,
        0.10364452469860624,
        0.14023866685246103,
        0.22152260748059102,
        0.12789613706050704,
        0.15309310892394862,
        0.15068204314051492,
        0.09757809372497497,
        0.1137517170200081,
        0.07328774624724109,
        0.11899645477912357,
        0.1570293065800139,
        0.13258252147247765,
        0.0897587913521567,
        0.12597277731716483,
        0.14490028899212037,
        0.11048543456039805,
        0.15388840315306412,
        0.0897587913521567,
        0.11158481919598204,
        0.14657549249448218,
        0.15309310892394862
    ],
    [
        0.08838834764831845,
        0.16387638252658618,
        0.15229366163764005,
        0.13799626353637262,
        0.11267347735824966,
        0.10825317547305482,
        0.15388840315306412,
        0.08267972847076846,
        0.0,
        0.15546678704790937,
        0.09110862335695782,
        0.10245997694221876,
        0.071602745233685,
        0.140625,
        0.11587810136086973,
        0.09504316453590968,
        0.0897587913521567,
        0.1137517170200081,
        0.120017902310447,
        0.09110862335695782,
        0.11587810136086973,
        0.0866839425890273,
        0.07967217989988726,
        0.09757809372497497,
        0.1137517170200081,
        0.07654655446197431,
        0.15467960838455727,
        0.09375,
        0.06810779599282303,
        0.0921448229841361,
        0.2013140426050801,
        0.1335000585205864,
        0.19200321449132043,
        0.10126157341262282,
        0.10364452469860624,
        0.13621559198564606,
        0.10126157341262282,
        0.09757809372497497,
        0.16682934768798924,
        0.10825317547305482,
        0.0897587913521567,
        0.1269381000724369,
        0.19948664585630788,
        0.12203515118604147,
        0.09882117688026186,
        0.09882117688026186,
        0.10126157341262282,
        0.10126157341262282,
        0.10004881620988826
    ],
    [
        0.15229366163764005,
        0.2543565718140579,
        0.24506854908372067,
        0.2557922741210141,
        0.24206145913796356,
        0.07967217989988726,
        0.027063293868263706,
        0.2445699350390395,
        0.15546678704790937,
        0.0,
        0.0897587913521567,
        0.06442352540027595,
        0.15309310892394862,
        0.2049199538844375,
        0.06987712429686843,
        0.09882117688026186,
        0.1988737822087165,
        0.2312288841710741,
        0.19640320453088336,
        0.2013140426050801,
        0.2348952559120767,
        0.16044710209113922,
        0.1570293065800139,
        0.1335000585205864,
        0.22642776165920997,
        0.140625,
        0.28768675999253074,
        0.06051536478449089,
        0.11481983169296148,
        0.10494500874796814,
        0.2533949178160446,
        0.28341183042526646,
        0.3476343040826092,
        0.06051536478449089,
        0.20787710461953235,
        0.255314603724503,
        0.22963966338592295,
        0.17328963291264715,
        0.3021731188408393,
        0.2013140426050801,
        0.21875,
        0.2170694373351532,
        0.44249382057832176,
        0.2567449488305466,
        0.07328774624724109,
        0.19764235376052372,
        0.078125,
        0.16010860571811872,
        0.05182226234930312
    ],
    [
        0.06987712429686843,
        0.22696623509896796,
        0.1907274314958391,
        0.18154609435347266,
        0.1795175827043134,
        0.10004881620988826,
        0.08838834764831845,
        0.1307281291459493,
        0.09110862335695782,
        0.0897587913521567,
        0.0,
        0.05182226234930312,
        0.10004881620988826,
        0.15780476466190746,
        0.07967217989988726,
        0.078125,
        0.14574029770451274,
        0.15309310892394862,
        0.1137517170200081,
        0.12789613706050704,
        0.171875,
        0.08573998767267886,
        0.11899645477912357,
        0.11048543456039805,
        0.15934435979977452,
        0.08414320011147662,
        0.21650635094610965,
        0.07654655446197431,
        0.07328774624724109,
        0.09895833333333331,
        0.2385052737886523,
        0.18221724671391565,
        0.2619227283475033,
        0.09882117688026186,
        0.14149039278339715,
        0.1788362990978062,
        0.15546678704790937,
        0.12203515118604147,
        0.21194781197266463,
        0.16682934768798924,
        0.13710881855300192,
        0.17328963291264715,
        0.2724311839712921,
        0.18154609435347266,
        0.08118988160479113,
        0.1514899955442603,
        0.04419417382415922,
        0.12789613706050704,
        0.0897587913521567
    ],
    [
        0.06810779599282303,
        0.2275034340400162,
        0.18814991529362962,
        0.2159417962669571,
        0.1711632992203644,
        0.06810779599282303,
        0.0625,
        0.13621559198564606,
        0.10245997694221876,
        0.06442352540027595,
        0.05182226234930312,
        0.0,
        0.10364452469860624,
        0.14405538214520136,
        0.05182226234930312,
        0.06442352540027595,
        0.13710881855300192,
        0.16387638252658618,
        0.13799626353637262,
        0.12401959270615269,
        0.15546678704790937,
        0.09702050005311029,
        0.0855816496101822,
        0.08414320011147662,
        0.14986973510352247,
        0.07967217989988726,
        0.2312288841710741,
        0.04941058844013093,
        0.06629126073623882,
        0.08526409137367134,
        0.22041774968227945,
        0.19702375332685143,
        0.2790714234295586,
        0.06051536478449089,
        0.13710881855300192,
        0.1788362990978062,
        0.1608692209529219,
        0.13258252147247765,
        0.21650635094610965,
        0.15625,
        0.14320549046737,
        0.1608692209529219,
        0.30338262248355624,
        0.17328963291264715,
        0.05846339666834283,
        0.14405538214520136,
        0.034938562148434216,
        0.11587810136086973,
        0.06051536478449089
    ],
    [
        0.10364452469860624,
        0.1660960283239789,
        0.13975424859373686,
        0.1335000585205864,
        0.120017902310447,
        0.109375,
        0.14657549249448218,
        0.0897587913521567,
        0.071602745233685,
        0.15309310892394862,
        0.10004881620988826,
        0.10364452469860624,
        0.0,
        0.140625,
        0.11267347735824966,
        0.08118988160479113,
        0.09631896879639025,
        0.11158481919598204,
        0.08699631816921909,
        0.10004881620988826,
        0.10004881620988826,
        0.08589803386703461,
        0.08699631816921909,
        0.07654655446197431,
        0.10004881620988826,
        0.07967217989988726,
        0.16535945694153692,
        0.10245997694221876,
        0.06629126073623882,
        0.08398185154477655,
        0.1988737822087165,
        0.12203515118604147,
        0.18421603316486868,
        0.109375,
        0.09631896879639025,
        0.11692679333668567,
        0.08414320011147662,
        0.06987712429686843,
        0.15388840315306412,
        0.10126157341262282,
        0.08414320011147662,
        0.12103072956898178,
        0.1801962905417312,
        0.10126157341262282,
        0.09375,
        0.08699631816921909,
        0.10245997694221876,
        0.10126157341262282,
        0.10825317547305482
    ],
    [
        0.1660960283239789,
        0.22262198201210948,
        0.078125,
        0.1907274314958391,
        0.13887803777055607,
        0.09631896879639025,
        0.1875,
        0.14740595518838442,
        0.140625,
        0.2049199538844375,
        0.15780476466190746,
        0.14405538214520136,
        0.140625,
        0.0,
        0.1316585902058806,
        0.10825317547305482,
        0.10126157341262282,
        0.12979099785809492,
        0.19515618744994995,
        0.109375,
        0.1288470508005519,
        0.1048156864453026,
        0.10825317547305482,
        0.10481568644530265,
        0.1137517170200081,
        0.12203515118604147,
        0.19578068884596356,
        0.13441133229754104,
        0.1288470508005519,
        0.12069406485683824,
        0.14657549249448218,
        0.17746588580625855,
        0.2348952559120767,
        0.10711960313126631,
        0.1570293065800139,
        0.10364452469860624,
        0.12789613706050704,
        0.15857643070456592,
        0.19948664585630788,
        0.18154609435347266,
        0.13887803777055607,
        0.1307281291459493,
        0.1616262567623219,
        0.15309310892394862,
        0.1288470508005519,
        0.10825317547305482,
        0.15934435979977452,
        0.12203515118604147,
        0.11048543456039805
    ],
    [
        0.12103072956898178,
        0.19702375332685143,
        0.1767766952966369,
        0.22262198201210948,
        0.18087245160609727,
        0.034938562148434216,
        0.05182226234930312,
        0.1875,
        0.11587810136086973,
        0.06987712429686843,
        0.07967217989988726,
        0.05182226234930312,
        0.11267347735824966,
        0.1316585902058806,
        0.0,
        0.07654655446197431,
        0.13887803777055607,
        0.18221724671391565,
        0.1767766952966369,
        0.125,
        0.17469281074217108,
        0.10126157341262283,
        0.10126157341262282,
        0.09375,
        0.17258376589355096,
        0.07328774624724109,
        0.24853083938416978,
        0.038273277230987154,
        0.07654655446197431,
        0.08035025323198704,
        0.20669932117692114,
        0.22534695471649932,
        0.28768675999253074,
        0.034938562148434216,
        0.18421603316486868,
        0.18421603316486868,
        0.16387638252658618,
        0.1570293065800139,
        0.2430679560328757,
        0.1781524101717403,
        0.15857643070456592,
        0.17399263633843817,
        0.358013726168425,
        0.20432338797846908,
        0.038273277230987154,
        0.14235052467412967,
        0.05633673867912483,
        0.10481568644530265,
        0.034938562148434216
    ],
    [
        0.08267972847076846,
        0.22207297505549836,
        0.13799626353637262,
        0.18221724671391565,
        0.1269381000724369,
        0.07328774624724109,
        0.10481568644530265,
        0.125,
        0.09504316453590968,
        0.09882117688026186,
        0.078125,
        0.06442352540027595,
        0.08118988160479113,
        0.10825317547305482,
        0.07654655446197431,
        0.0,
        0.0924387466109315,
        0.1316585902058806,
        0.13975424859373686,
        0.09882117688026186,
        0.10711960313126631,
        0.08235098073355153,
        0.07654655446197431,
        0.06987712429686843,
        0.11899645477912357,
        0.08699631816921909,
        0.18221724671391565,
        0.07328774624724109,
        0.0625,
        0.08382019239287022,
        0.17328963291264715,
        0.171875,
        0.2576941016011038,
        0.08699631816921909,
        0.11796616305110547,
        0.14235052467412967,
        0.12303137303143455,
        0.12303137303143455,
        0.16461958988832404,
        0.13441133229754104,
        0.10364452469860624,
        0.11899645477912357,
        0.26836818808308854,
        0.13799626353637262,
        0.06987712429686843,
        0.10481568644530265,
        0.06987712429686843,
        0.09757809372497497,
        0.06987712429686843
    ],
    [
        0.14320549046737,
        0.1660960283239789,
        0.120017902310447,
        0.16755945773068137,
        0.11158481919598204,
        0.10825317547305482,
        0.19008632907181935,
        0.09631896879639025,
        0.0897587913521567,
        0.1988737822087165,
        0.14574029770451274,
        0.13710881855300192,
        0.09631896879639025,
        0.10126157341262282,
        0.13887803777055607,
        0.0924387466109315,
        0.0,
        0.11481983169296148,
        0.15467960838455727,
        0.09882117688026186,
        0.09504316453590968,
        0.09827063679225627,
        0.10126157341262282,
        0.08838834764831845,
        0.0897587913521567,
        0.09757809372497497,
        0.15068204314051492,
        0.12203515118604147,
        0.10711960313126631,
        0.11023963796102462,
        0.1801962905417312,
        0.14235052467412967,
        0.1788362990978062,
        0.11692679333668567,
        0.11048543456039805,
        0.1137517170200081,
        0.09757809372497497,
        0.120017902310447,
        0.16010860571811872,
        0.1335000585205864,
        0.10481568644530265,
        0.11048543456039805,
        0.16755945773068137,
        0.1316585902058806,
        0.1307281291459493,
        0.08699631816921909,
        0.15546678704790937,
        0.109375,
        0.11587810136086973
    ],
    [
        0.1616262567623219,
        0.1335000585205864,
        0.11267347735824966,
        0.1307281291459493,
        0.1269381000724369,
        0.13799626353637262,
        0.23070036031614688,
        0.125,
        0.1137517170200081,
        0.2312288841710741,
        0.15309310892394862,
        0.16387638252658618,
        0.11158481919598204,
        0.12979099785809492,
        0.18221724671391565,
        0.1316585902058806,
        0.11481983169296148,
        0.0,
        0.14490028899212037,
        0.11587810136086973,
        0.10364452469860624,
        0.10986991202983847,
        0.13710881855300192,
        0.12979099785809492,
        0.07493486755176124,
        0.11899645477912357,
        0.1711632992203644,
        0.15467960838455727,
        0.120017902310447,
        0.13083184049042157,
        0.16010860571811872,
        0.08267972847076846,
        0.15068204314051492,
        0.16010860571811872,
        0.09110862335695782,
        0.1288470508005519,
        0.08414320011147662,
        0.12401959270615269,
        0.13710881855300192,
        0.08699631816921909,
        0.11692679333668567,
        0.09882117688026186,
        0.11481983169296148,
        0.10245997694221876,
        0.16010860571811872,
        0.06810779599282303,
        0.16461958988832404,
        0.13531646934131855,
        0.15625
    ],
    [
        0.12103072956898178,
        0.17608480733726006,
        0.19452968121857395,
        0.1316585902058806,
        0.1316585902058806,
        0.15934435979977452,
        0.2013140426050801,
        0.11587810136086973,
        0.120017902310447,
        0.19640320453088336,
        0.1137517170200081,
        0.13799626353637262,
        0.08699631816921909,
        0.19515618744994995,
        0.1767766952966369,
        0.13975424859373686,
        0.15467960838455727,
        0.14490028899212037,
        0.0,
        0.12597277731716483,
        0.14986973510352247,
        0.1129139759827021,
        0.140625,
        0.12597277731716483,
        0.14657549249448218,
        0.1269381000724369,
        0.17746588580625855,
        0.14740595518838442,
        0.11796616305110547,
        0.11470164346638144,
        0.24754655496491967,
        0.14235052467412967,
        0.18087245160609727,
        0.16237976320958225,
        0.1269381000724369,
        0.15780476466190746,
        0.1335000585205864,
        0.09504316453590968,
        0.17469281074217108,
        0.12103072956898178,
        0.1269381000724369,
        0.15857643070456592,
        0.1767766952966369,
        0.1335000585205864,
        0.14149039278339715,
        0.13531646934131855,
        0.1269381000724369,
        0.13799626353637262,
        0.16010860571811872
    ],
    [
        0.11587810136086973,
        0.08267972847076846,
        0.11267347735824966,
        0.13887803777055607,
        0.0924387466109315,
        0.05846339666834283,
        0.1788362990978062,
        0.09504316453590968,
        0.09110862335695782,
        0.2013140426050801,
        0.12789613706050704,
        0.12401959270615269,
        0.10004881620988826,
        0.109375,
        0.125,
        0.09882117688026186,
        0.09882117688026186,
        0.11587810136086973,
        0.12597277731716483,
        0.0,
        0.0625,
        0.06567458444228377,
        0.071602745233685,
        0.0924387466109315,
        0.09375,
        0.06629126073623882,
        0.184877493221863,
        0.0897587913521567,
        0.06051536478449089,
        0.07160274523368503,
        0.15068204314051492,
        0.120017902310447,
        0.1316585902058806,
        0.09375,
        0.09631896879639025,
        0.09110862335695782,
        0.08267972847076846,
        0.11267347735824966,
        0.12103072956898178,
        0.10597390598633231,
        0.11692679333668567,
        0.10711960313126631,
        0.18288593610499415,
        0.10245997694221876,
        0.09631896879639025,
        0.07654655446197431,
        0.11048543456039805,
        0.07654655446197431,
        0.08699631816921909
    ],
    [
        0.15546678704790937,
        0.08267972847076846,
        0.10364452469860624,
        0.140625,
        0.0855816496101822,
        0.10711960313126631,
        0.23541436208311506,
        0.10481568644530265,
        0.11587810136086973,
        0.2348952559120767,
        0.171875,
        0.15546678704790937,
        0.10004881620988826,
        0.1288470508005519,
        0.17469281074217108,
        0.10711960313126631,
        0.09504316453590968,
        0.10364452469860624,
        0.14986973510352247,
        0.0625,
        0.0,
        0.11529137302697215,
        0.10126157341262282,
        0.0924387466109315,
        0.09375,
        0.11796616305110547,
        0.16387638252658618,
        0.14490028899212037,
        0.10825317547305482,
        0.10494500874796817,
        0.1307281291459493,
        0.11267347735824966,
        0.109375,
        0.14986973510352247,
        0.10004881620988826,
        0.078125,
        0.09757809372497497,
        0.125,
        0.09110862335695782,
        0.0855816496101822,
        0.11796616305110547,
        0.07493486755176124,
        0.15857643070456592,
        0.08699631816921909,
        0.14740595518838442,
        0.08414320011147662,
        0.16237976320958225,
        0.10126157341262282,
        0.13887803777055607
    ],
    [
        0.09418302770846426,
        0.15371202670180942,
        0.12586506222494342,
        0.1748480242874429,
        0.12989545743062422,
        0.05585315257689378,
        0.13789794057160135,
        0.10072437294694644,
        0.0866839425890273,
        0.16044710209113922,
        0.08573998767267886,
        0.09702050005311029,
        0.08589803386703461,
        0.1048156864453026,
        0.10126157341262283,
        0.08235098073355153,
        0.09827063679225627,
        0.10986991202983847,
        0.1129139759827021,
        0.06567458444228377,
        0.11529137302697215,
        0.0,
        0.08382019239287021,
        0.08135676745736099,
        0.1012615734126228,
        0.04745017489137656,
        0.20259010769559085,
        0.07777700272431293,
        0.06948783366732465,
        0.06271663843120986,
        0.18908473813199317,
        0.14611208478234936,
        0.18539033052664255,
        0.07565541169965599,
        0.11762072698579391,
        0.12314156684934256,
        0.10937499999999999,
        0.12336165919090637,
        0.18147136864775357,
        0.14386695121805346,
        0.10648462656385871,
        0.12640271978657913,
        0.1912245807363106,
        0.13145239025129127,
        0.07864410870073701,
        0.07291666666666666,
        0.08494534599114639,
        0.08382019239287021,
        0.06889977372564038
    ],
    [
        0.10126157341262282,
        0.14320549046737,
        0.11899645477912357,
        0.18288593610499415,
        0.12103072956898178,
        0.07493486755176124,
        0.14740595518838442,
        0.078125,
        0.07967217989988726,
        0.1570293065800139,
        0.11899645477912357,
        0.0855816496101822,
        0.08699631816921909,
        0.10825317547305482,
        0.10126157341262282,
        0.07654655446197431,
        0.10126157341262282,
        0.13710881855300192,
        0.140625,
        0.071602745233685,
        0.10126157341262282,
        0.08382019239287021,
        0.0,
        0.06629126073623882,
        0.10481568644530265,
        0.07493486755176124,
        0.17608480733726006,
        0.09110862335695782,
        0.06810779599282303,
        0.09346020023399147,
        0.16973094517500337,
        0.15546678704790937,
        0.16387638252658618,
        0.078125,
        0.10711960313126631,
        0.0897587913521567,
        0.09631896879639025,
        0.12597277731716483,
        0.16312978920172735,
        0.1307281291459493,
        0.10481568644530265,
        0.11899645477912357,
        0.171875,
        0.11267347735824966,
        0.0924387466109315,
        0.0924387466109315,
        0.09504316453590968,
        0.10481568644530265,
        0.078125
    ],
    [
        0.12203515118604147,
        0.16010860571811872,
        0.11048543456039805,
        0.18087245160609727,
        0.12401959270615269,
        0.08414320011147662,
        0.13621559198564606,
        0.09110862335695782,
        0.09757809372497497,
        0.1335000585205864,
        0.11048543456039805,
        0.08414320011147662,
        0.07654655446197431,
        0.10481568644530265,
        0.09375,
        0.06987712429686843,
        0.08838834764831845,
        0.12979099785809492,
        0.12597277731716483,
        0.0924387466109315,
        0.0924387466109315,
        0.08135676745736099,
        0.06629126073623882,
        0.0,
        0.08699631816921909,
        0.08118988160479113,
        0.1767766952966369,
        0.09504316453590968,
        0.08267972847076846,
        0.08382019239287022,
        0.17399263633843817,
        0.15780476466190746,
        0.1788362990978062,
        0.08838834764831845,
        0.1316585902058806,
        0.09504316453590968,
        0.09882117688026186,
        0.12597277731716483,
        0.16682934768798924,
        0.14657549249448218,
        0.10711960313126631,
        0.11048543456039805,
        0.1711632992203644,
        0.125,
        0.08838834764831845,
        0.09110862335695782,
        0.09375,
        0.10126157341262282,
        0.08699631816921909
    ],
    [
        0.14149039278339715,
        0.12789613706050704,
        0.07967217989988726,
        0.13531646934131855,
        0.10597390598633231,
        0.12103072956898178,
        0.22207297505549836,
        0.09375,
        0.1137517170200081,
        0.22642776165920997,
        0.15934435979977452,
        0.14986973510352247,
        0.10004881620988826,
        0.1137517170200081,
        0.17258376589355096,
        0.11899645477912357,
        0.0897587913521567,
        0.07493486755176124,
        0.14657549249448218,
        0.09375,
        0.09375,
        0.1012615734126228,
        0.10481568644530265,
        0.08699631816921909,
        0.0,
        0.11158481919598204,
        0.14986973510352247,
        0.14657549249448218,
        0.1137517170200081,
        0.12564935501890437,
        0.16828640022295324,
        0.09110862335695782,
        0.11899645477912357,
        0.14574029770451274,
        0.06629126073623882,
        0.07493486755176124,
        0.0625,
        0.11158481919598204,
        0.12203515118604147,
        0.11692679333668567,
        0.11692679333668567,
        0.10126157341262282,
        0.09757809372497497,
        0.08267972847076846,
        0.14490028899212037,
        0.05846339666834283,
        0.14657549249448218,
        0.12303137303143455,
        0.14149039278339715
    ],
    [
        0.0855816496101822,
        0.14574029770451274,
        0.13441133229754104,
        0.17328963291264715,
        0.1316585902058806,
        0.0625,
        0.11267347735824966,
        0.10597390598633231,
        0.07654655446197431,
        0.140625,
        0.08414320011147662,
        0.07967217989988726,
        0.07967217989988726,
        0.12203515118604147,
        0.07328774624724109,
        0.08699631816921909,
        0.09757809372497497,
        0.11899645477912357,
        0.1269381000724369,
        0.06629126073623882,
        0.11796616305110547,
        0.04745017489137656,
        0.07493486755176124,
        0.08118988160479113,
        0.11158481919598204,
        0.0,
        0.19764235376052372,
        0.05182226234930312,
        0.05633673867912483,
        0.07950175792955076,
        0.19948664585630788,
        0.14574029770451274,
        0.19578068884596356,
        0.04941058844013093,
        0.11481983169296148,
        0.1335000585205864,
        0.10597390598633231,
        0.11267347735824966,
        0.1753901900050285,
        0.13799626353637262,
        0.10597390598633231,
        0.13441133229754104,
        0.2275034340400162,
        0.14657549249448218,
        0.05633673867912483,
        0.08838834764831845,
        0.08414320011147662,
        0.09631896879639025,
        0.05633673867912483
    ],
    [
        0.22910747341586218,
        0.20191949973937634,
        0.1795175827043134,
        0.1335000585205864,
        0.1288470508005519,
        0.20846350100197397,
        0.29563887388163285,
        0.17746588580625855,
        0.15467960838455727,
        0.28768675999253074,
        0.21650635094610965,
        0.2312288841710741,
        0.16535945694153692,
        0.19578068884596356,
        0.24853083938416978,
        0.18221724671391565,
        0.15068204314051492,
        0.1711632992203644,
        0.17746588580625855,
        0.184877493221863,
        0.16387638252658618,
        0.20259010769559085,
        0.17608480733726006,
        0.1767766952966369,
        0.14986973510352247,
        0.19764235376052372,
        0.0,
        0.23175620272173947,
        0.1788362990978062,
        0.18117215761381342,
        0.21763106683100186,
        0.17044862679118303,
        0.19702375332685143,
        0.240035804620894,
        0.14490028899212037,
        0.1514899955442603,
        0.15857643070456592,
        0.14823176532039278,
        0.14740595518838442,
        0.15229366163764005,
        0.14149039278339715,
        0.13621559198564606,
        0.2049199538844375,
        0.15309310892394862,
        0.225888004606265,
        0.1711632992203644,
        0.24705294220065463,
        0.16755945773068137,
        0.21986323874172325
    ],
    [
        0.0924387466109315,
        0.14823176532039278,
        0.1660960283239789,
        0.1926379375927805,
        0.14490028899212037,
        0.05412658773652741,
        0.05633673867912483,
        0.1514899955442603,
        0.09375,
        0.06051536478449089,
        0.07654655446197431,
        0.04941058844013093,
        0.10245997694221876,
        0.13441133229754104,
        0.038273277230987154,
        0.07328774624724109,
        0.12203515118604147,
        0.15467960838455727,
        0.14740595518838442,
        0.0897587913521567,
        0.14490028899212037,
        0.07777700272431293,
        0.09110862335695782,
        0.09504316453590968,
        0.14657549249448218,
        0.05182226234930312,
        0.23175620272173947,
        0.0,
        0.0625,
        0.06588078458684123,
        0.20252314682524564,
        0.19327057620082783,
        0.2430679560328757,
        0.04133986423538423,
        0.14740595518838442,
        0.16312978920172735,
        0.13710881855300192,
        0.1269381000724369,
        0.21079277442550065,
        0.1616262567623219,
        0.14657549249448218,
        0.15780476466190746,
        0.31093357409581873,
        0.16755945773068137,
        0.034938562148434216,
        0.12303137303143455,
        0.06051536478449089,
        0.0897587913521567,
        0.04419417382415922
    ],
    [
        0.06987712429686843,
        0.13887803777055607,
        0.14320549046737,
        0.15229366163764005,
        0.1137517170200081,
        0.078125,
        0.12597277731716483,
        0.10364452469860624,
        0.06810779599282303,
        0.11481983169296148,
        0.07328774624724109,
        0.06629126073623882,
        0.06629126073623882,
        0.1288470508005519,
        0.07654655446197431,
        0.0625,
        0.10711960313126631,
        0.120017902310447,
        0.11796616305110547,
        0.06051536478449089,
        0.10825317547305482,
        0.06948783366732465,
        0.06810779599282303,
        0.08267972847076846,
        0.1137517170200081,
        0.05633673867912483,
        0.1788362990978062,
        0.0625,
        0.0,
        0.048018460715067116,
        0.18355218944485516,
        0.14149039278339715,
        0.1907274314958391,
        0.08118988160479113,
        0.10481568644530265,
        0.12401959270615269,
        0.10481568644530265,
        0.09757809372497497,
        0.15467960838455727,
        0.10364452469860624,
        0.10825317547305482,
        0.12979099785809492,
        0.2348952559120767,
        0.1269381000724369,
        0.06051536478449089,
        0.10825317547305482,
        0.08118988160479113,
        0.07493486755176124,
        0.071602745233685
    ],
    [
        0.09964128369640096,
        0.1447129582234355,
        0.1450873778873346,
        0.1363151284198167,
        0.10298812465252703,
        0.07457198470456436,
        0.11279379076931101,
        0.14023866685246103,
        0.0921448229841361,
