[
    [
        0.0,
        0.9437293044088437,
        1.3975424859373686,
        1.3806701271484076,
        1.595893166850463,
        1.4737282653189494,
        0.770551750371122,
        0.25,
        1.334634781503914,
        1.1110243021644486,
        0.1767766952966369,
        0.673145600891813,
        0.625,
        0.9682458365518543,
        1.1110243021644486,
        0.6373774391990981,
        0.7288689868556626,
        1.286953767623375,
        1.4361406616345072,
        1.3050383136138188,
        1.3806701271484076,
        1.505199322349037,
        1.0458250331675945,
        1.1989578808281798,
        1.0968705484240153,
        1.4086784586980805,
        1.0231690964840563,
        1.5,
        0.7288689868556626,
        1.0,
        0.875,
        1.625,
        1.5461646096066226,
        1.8874586088176875,
        0.57282196186948,
        1.4086784586980805,
        1.5103807466993215,
        1.334634781503914,
        1.2119199643540823,
        1.653594569415369,
        1.3050383136138188,
        1.3228756555322954,
        1.6441183047457382,
        2.2043990110685496,
        1.5,
        0.75,
        1.3693063937629153,
        0.673145600891813,
        1.25,
        0.6846531968814576
    ],
    [
        0.9437293044088437,
        0.0,
        0.6846531968814576,
        0.7288689868556626,
        0.9100137361600648,
        0.739509972887452,
        0.375,
        0.7180703308172536,
        0.6959705453537527,
        0.57282196186948,
        0.7806247497997998,
        0.5448623679425842,
        0.46770717334674267,
        0.5153882032022076,
        0.7288689868556626,
        0.4330127018922193,
        0.45069390943299864,
        0.6123724356957945,
        0.739509972887452,
        0.57282196186948,
        0.6959705453537527,
        0.7806247497997998,
        0.5153882032022076,
        0.673145600891813,
        0.5153882032022076,
        0.6959705453537527,
        0.5448623679425842,
        0.7180703308172536,
        0.39528470752104744,
        0.4841229182759271,
        0.4330127018922193,
        0.7603453162872774,
        0.8003905296791061,
        0.8926785535678563,
        0.5,
        0.7180703308172536,
        0.649519052838329,
        0.6959705453537527,
        0.6373774391990981,
        0.9013878188659973,
        0.5994789404140899,
        0.6373774391990981,
        0.8003905296791061,
        1.25,
        0.9100137361600648,
        0.414578098794425,
        0.7180703308172536,
        0.5153882032022076,
        0.6846531968814576,
        0.4841229182759271
    ],
    [
        1.3975424859373686,
        0.6846531968814576,
        0.0,
        0.7603453162872774,
        0.8385254915624212,
        0.649519052838329,
        0.7071067811865476,
        1.1858541225631423,
        0.8100925873009825,
        0.6846531968814576,
        1.2747548783981961,
        0.8660254037844386,
        0.8003905296791061,
        0.6614378277661477,
        0.8838834764831844,
        0.75,
        0.7603453162872774,
        0.7071067811865476,
        0.739509972887452,
        0.6614378277661477,
        0.75,
        0.7806247497997998,
        0.6846531968814576,
        0.7180703308172536,
        0.649519052838329,
        0.770551750371122,
        0.6959705453537527,
        0.770551750371122,
        0.649519052838329,
        0.649519052838329,
        0.6373774391990981,
        0.7071067811865476,
        0.7905694150420949,
        0.8569568250501305,
        0.8003905296791061,
        0.75,
        0.739509972887452,
        0.7071067811865476,
        0.6373774391990981,
        0.7806247497997998,
        0.6959705453537527,
        0.739509972887452,
        0.81967981553775,
        1.159202311936963,
        0.9270248108869579,
        0.673145600891813,
        0.7288689868556626,
        0.7905694150420949,
        0.6959705453537527,
        0.7603453162872774
    ],
    [
        1.3806701271484076,
        0.7288689868556626,
        0.7603453162872774,
        0.0,
        0.9100137361600648,
        0.81967981553775,
        0.7806247497997998,
        1.0606601717798212,
        0.6614378277661477,
        0.6373774391990981,
        1.118033988749895,
        0.8660254037844386,
        0.8569568250501305,
        0.625,
        0.8838834764831844,
        0.8385254915624212,
        0.8003905296791061,
        0.7603453162872774,
        0.7288689868556626,
        0.7288689868556626,
        0.7180703308172536,
        0.7603453162872774,
        0.7071067811865476,
        0.6959705453537527,
        0.7603453162872774,
        0.7288689868556626,
        0.6614378277661477,
        0.75,
        0.7288689868556626,
        0.6614378277661477,
        0.7180703308172536,
        0.8569568250501305,
        0.673145600891813,
        0.8569568250501305,
        0.8385254915624212,
        0.7071067811865476,
        0.739509972887452,
        0.6846531968814576,
        0.6959705453537527,
        0.8838834764831844,
        0.6959705453537527,
        0.7180703308172536,
        0.9013878188659973,
        1.1110243021644486,
        0.875,
        0.770551750371122,
        0.7806247497997998,
        0.8838834764831844,
        0.75,
        0.8100925873009825
    ],
    [
        1.595893166850463,
        0.9100137361600648,
        0.8385254915624212,
        0.9100137361600648,
        0.0,
        0.875,
        0.8926785535678563,
        1.286953767623375,
        0.875,
        0.82915619758885,
        1.375,
        1.0307764064044151,
        1.0231690964840563,
        0.8569568250501305,
        0.7180703308172536,
        0.9921567416492215,
        0.9762812094883317,
        0.8926785535678563,
        0.875,
        0.81967981553775,
        0.8569568250501305,
        0.9270248108869579,
        0.8477912478906585,
        0.8569568250501305,
        0.8926785535678563,
        0.9354143466934853,
        0.8385254915624212,
        0.8660254037844386,
        0.8838834764831844,
        0.8477912478906585,
        0.8569568250501305,
        0.9100137361600648,
        0.9100137361600648,
        1.0077822185373186,
        0.9842509842514764,
        0.9100137361600648,
        0.9270248108869579,
        0.8926785535678563,
        0.8477912478906585,
        0.960143218483576,
        0.81967981553775,
        0.82915619758885,
        1.0383279828647594,
        1.0680004681646913,
        0.7806247497997998,
        0.9437293044088437,
        0.9185586535436918,
        1.0077822185373186,
        0.8660254037844386,
        0.9437293044088437
    ],
    [
        1.4737282653189494,
        0.739509972887452,
        0.649519052838329,
        0.81967981553775,
        0.875,
        0.0,
        0.7806247497997998,
        1.25,
        0.7603453162872774,
        0.7180703308172536,
        1.340475661845451,
        1.0,
        0.875,
        0.739509972887452,
        0.9013878188659973,
        0.8660254037844386,
        0.8838834764831844,
        0.7180703308172536,
        0.7806247497997998,
        0.7905694150420949,
        0.739509972887452,
        0.7071067811865476,
        0.7180703308172536,
        0.673145600891813,
        0.7806247497997998,
        0.770551750371122,
        0.7288689868556626,
        0.81967981553775,
        0.7905694150420949,
        0.673145600891813,
        0.739509972887452,
        0.7603453162872774,
        0.7603453162872774,
        0.9100137361600648,
        0.9270248108869579,
        0.739509972887452,
        0.7603453162872774,
        0.7071067811865476,
        0.649519052838329,
        0.7603453162872774,
        0.6846531968814576,
        0.7180703308172536,
        0.8838834764831844,
        1.2054563451241194,
        0.9682458365518543,
        0.81967981553775,
        0.8003905296791061,
        0.9100137361600648,
        0.7071067811865476,
        0.8569568250501305
    ],
    [
        0.770551750371122,
        0.375,
        0.7071067811865476,
        0.7806247497997998,
        0.8926785535678563,
        0.7806247497997998,
        0.0,
        0.6373774391990981,
        0.7180703308172536,
        0.5448623679425842,
        0.7071067811865476,
        0.4841229182759271,
        0.375,
        0.5303300858899106,
        0.625,
        0.33071891388307384,
        0.414578098794425,
        0.625,
        0.7288689868556626,
        0.625,
        0.7288689868556626,
        0.8003905296791061,
        0.5303300858899106,
        0.649519052838329,
        0.5,
        0.75,
        0.5303300858899106,
        0.7288689868556626,
        0.33071891388307384,
        0.46770717334674267,
        0.3535533905932738,
        0.7288689868556626,
        0.81967981553775,
        0.9682458365518543,
        0.39528470752104744,
        0.75,
        0.649519052838329,
        0.6846531968814576,
        0.625,
        0.9762812094883317,
        0.5994789404140899,
        0.6123724356957945,
        0.8569568250501305,
        1.3169567191065923,
        0.875,
        0.375,
        0.7180703308172536,
        0.414578098794425,
        0.6373774391990981,
        0.39528470752104744
    ],
    [
        0.25,
        0.7180703308172536,
        1.1858541225631423,
        1.0606601717798212,
        1.286953767623375,
        1.25,
        0.6373774391990981,
        0.0,
        1.0231690964840563,
        0.9354143466934853,
        0.1767766952966369,
        0.46770717334674267,
        0.46770717334674267,
        0.8003905296791061,
        0.960143218483576,
        0.5,
        0.5303300858899106,
        1.0458250331675945,
        1.0825317547305484,
        0.9842509842514764,
        1.118033988749895,
        1.1792476415070754,
        0.81967981553775,
        0.960143218483576,
        0.8926785535678563,
        1.118033988749895,
        0.8477912478906585,
        1.0968705484240153,
        0.625,
        0.8477912478906585,
        0.75,
        1.2054563451241194,
        1.1388041973930374,
        1.2747548783981961,
        0.45069390943299864,
        1.0968705484240153,
        1.118033988749895,
        1.0968705484240153,
        1.015504800579495,
        1.3287682265918312,
        0.9762812094883317,
        1.0458250331675945,
        1.286953767623375,
        1.5562374497485916,
        1.2054563451241194,
        0.6373774391990981,
        1.0825317547305484,
        0.4841229182759271,
        1.0307764064044151,
        0.5303300858899106
    ],
    [
        1.334634781503914,
        0.6959705453537527,
        0.8100925873009825,
        0.6614378277661477,
        0.875,
        0.7603453162872774,
        0.7180703308172536,
        1.0231690964840563,
        0.0,
        0.6614378277661477,
        1.0968705484240153,
        0.8385254915624212,
        0.8100925873009825,
        0.625,
        0.8838834764831844,
        0.8003905296791061,
        0.7905694150420949,
        0.770551750371122,
        0.770551750371122,
        0.7071067811865476,
        0.7603453162872774,
        0.7288689868556626,
        0.6959705453537527,
        0.6614378277661477,
        0.7806247497997998,
        0.6373774391990981,
        0.6123724356957945,
        0.7288689868556626,
        0.6959705453537527,
        0.625,
        0.6846531968814576,
        0.8660254037844386,
        0.739509972887452,
        0.9270248108869579,
        0.8100925873009825,
        0.649519052838329,
        0.7180703308172536,
        0.7603453162872774,
        0.6846531968814576,
        0.75,
        0.6959705453537527,
        0.7288689868556626,
        0.9437293044088437,
        1.159202311936963,
        0.8385254915624212,
        0.75,
        0.7603453162872774,
        0.8385254915624212,
        0.739509972887452,
        0.770551750371122
    ],
    [
        1.1110243021644486,
        0.57282196186948,
        0.6846531968814576,
        0.6373774391990981,
        0.82915619758885,
        0.7180703308172536,
        0.5448623679425842,
        0.9354143466934853,
        0.6614378277661477,
        0.0,
        1.015504800579495,
        0.6959705453537527,
        0.649519052838329,
        0.46770717334674267,
        0.739509972887452,
        0.625,
        0.6373774391990981,
        0.673145600891813,
        0.6373774391990981,
        0.6614378277661477,
        0.649519052838329,
        0.7180703308172536,
        0.5863019699779287,
        0.57282196186948,
        0.5994789404140899,
        0.6846531968814576,
        0.4841229182759271,
        0.6959705453537527,
        0.5,
        0.46770717334674267,
        0.5153882032022076,
        0.7603453162872774,
        0.6846531968814576,
        0.8003905296791061,
        0.649519052838329,
        0.625,
        0.673145600891813,
        0.673145600891813,
        0.5994789404140899,
        0.8385254915624212,
        0.5863019699779287,
        0.6123724356957945,
        0.8569568250501305,
        1.2119199643540823,
        0.81967981553775,
        0.5448623679425842,
        0.6846531968814576,
        0.6614378277661477,
        0.6614378277661477,
        0.6123724356957945
    ],
    [
        0.1767766952966369,
        0.7806247497997998,
        1.2747548783981961,
        1.118033988749895,
        1.375,
        1.340475661845451,
        0.7071067811865476,
        0.1767766952966369,
        1.0968705484240153,
        1.015504800579495,
        0.0,
        0.5590169943749475,
        0.5153882032022076,
        0.8569568250501305,
        1.015504800579495,
        0.5590169943749475,
        0.5994789404140899,
        1.14564392373896,
        1.2119199643540823,
        1.0968705484240153,
        1.2183492931011204,
        1.2624381172952597,
        0.875,
        1.0680004681646913,
        0.9921567416492215,
        1.1989578808281798,
        0.9270248108869579,
        1.2624381172952597,
        0.673145600891813,
        0.9185586535436918,
        0.8100925873009825,
        1.2930100540985752,
        1.224744871391589,
        1.334634781503914,
        0.4841229182759271,
        1.2119199643540823,
        1.1858541225631423,
        1.1858541225631423,
        1.103970108290981,
        1.3919410907075054,
        1.0680004681646913,
        1.159202311936963,
        1.403121520040228,
        1.590990257669732,
        1.299038105676658,
        0.6846531968814576,
        1.1524430571616109,
        0.5303300858899106,
        1.103970108290981,
        0.6123724356957945
    ],
    [
        0.673145600891813,
        0.5448623679425842,
        0.8660254037844386,
        0.8660254037844386,
        1.0307764064044151,
        1.0,
        0.4841229182759271,
        0.46770717334674267,
        0.8385254915624212,
        0.6959705453537527,
        0.5590169943749475,
        0.0,
        0.375,
        0.649519052838329,
        0.7905694150420949,
        0.414578098794425,
        0.39528470752104744,
        0.75,
        0.8385254915624212,
        0.7288689868556626,
        0.9185586535436918,
        0.9354143466934853,
        0.673145600891813,
        0.7905694150420949,
        0.625,
        0.8660254037844386,
        0.673145600891813,
        0.8569568250501305,
        0.5,
        0.6373774391990981,
        0.5448623679425842,
        0.9437293044088437,
        0.9354143466934853,
        1.118033988749895,
        0.2795084971874737,
        0.8660254037844386,
        0.875,
        0.8385254915624212,
        0.770551750371122,
        1.0825317547305484,
        0.7905694150420949,
        0.7806247497997998,
        1.0077822185373186,
        1.4142135623730951,
        1.0231690964840563,
        0.5,
        0.875,
        0.39528470752104744,
        0.82915619758885,
        0.414578098794425
    ],
    [
        0.625,
        0.46770717334674267,
        0.8003905296791061,
        0.8569568250501305,
        1.0231690964840563,
        0.875,
        0.375,
        0.46770717334674267,
        0.8100925873009825,
        0.649519052838329,
        0.5153882032022076,
        0.375,
        0.0,
        0.6123724356957945,
        0.7288689868556626,
        0.25,
        0.2795084971874737,
        0.7180703308172536,
        0.8100925873009825,
        0.7180703308172536,
        0.82915619758885,
        0.9100137361600648,
        0.625,
        0.7180703308172536,
        0.5994789404140899,
        0.8660254037844386,
        0.6373774391990981,
        0.8100925873009825,
        0.46770717334674267,
        0.57282196186948,
        0.4841229182759271,
        0.8660254037844386,
        0.9270248108869579,
        1.0680004681646913,
        0.2795084971874737,
        0.8660254037844386,
        0.7603453162872774,
        0.7905694150420949,
        0.6846531968814576,
        1.0680004681646913,
        0.7180703308172536,
        0.7071067811865476,
        1.0,
        1.4142135623730951,
        0.9921567416492215,
        0.4330127018922193,
        0.8569568250501305,
        0.21650635094610965,
        0.770551750371122,
        0.3535533905932738
    ],
    [
        0.9682458365518543,
        0.5153882032022076,
        0.6614378277661477,
        0.625,
        0.8569568250501305,
        0.739509972887452,
        0.5303300858899106,
        0.8003905296791061,
        0.625,
        0.46770717334674267,
        0.8569568250501305,
        0.649519052838329,
        0.6123724356957945,
        0.0,
        0.7288689868556626,
        0.5863019699779287,
        0.57282196186948,
        0.6614378277661477,
        0.6614378277661477,
        0.6123724356957945,
        0.673145600891813,
        0.6846531968814576,
        0.5,
        0.5863019699779287,
        0.673145600891813,
        0.6614378277661477,
        0.4330127018922193,
        0.6959705453537527,
        0.45069390943299864,
        0.4330127018922193,
        0.45069390943299864,
        0.82915619758885,
        0.7180703308172536,
        0.9437293044088437,
        0.5994789404140899,
        0.5994789404140899,
        0.6373774391990981,
        0.6123724356957945,
        0.5994789404140899,
        0.82915619758885,
        0.5590169943749475,
        0.6373774391990981,
        0.9437293044088437,
        1.243734296383275,
        0.82915619758885,
        0.4841229182759271,
        0.7180703308172536,
        0.6123724356957945,
        0.649519052838329,
        0.57282196186948
    ],
    [
        1.1110243021644486,
        0.7288689868556626,
        0.8838834764831844,
        0.8838834764831844,
        0.7180703308172536,
        0.9013878188659973,
        0.625,
        0.960143218483576,
        0.8838834764831844,
        0.739509972887452,
        1.015504800579495,
        0.7905694150420949,
        0.7288689868556626,
        0.7288689868556626,
        0.0,
        0.6959705453537527,
        0.739509972887452,
        0.770551750371122,
        0.8100925873009825,
        0.81967981553775,
        0.8385254915624212,
        0.9270248108869579,
        0.770551750371122,
        0.8003905296791061,
        0.75,
        0.8926785535678563,
        0.75,
        0.9013878188659973,
        0.6373774391990981,
        0.7288689868556626,
        0.625,
        0.9185586535436918,
        0.9185586535436918,
        1.0458250331675945,
        0.7180703308172536,
        0.8385254915624212,
        0.8003905296791061,
        0.82915619758885,
        0.770551750371122,
        1.0231690964840563,
        0.770551750371122,
        0.7603453162872774,
        0.9921567416492215,
        1.1110243021644486,
        0.6846531968814576,
        0.649519052838329,
        0.8838834764831844,
        0.7180703308172536,
        0.8385254915624212,
        0.6846531968814576
    ],
    [
        0.6373774391990981,
        0.4330127018922193,
        0.75,
        0.8385254915624212,
        0.9921567416492215,
        0.8660254037844386,
        0.33071891388307384,
        0.5,
        0.8003905296791061,
        0.625,
        0.5590169943749475,
        0.414578098794425,
        0.25,
        0.5863019699779287,
        0.6959705453537527,
        0.0,
        0.30618621784789724,
        0.7288689868556626,
        0.7603453162872774,
        0.6846531968814576,
        0.7806247497997998,
        0.875,
        0.57282196186948,
        0.7180703308172536,
        0.5863019699779287,
        0.8569568250501305,
        0.5863019699779287,
        0.82915619758885,
        0.39528470752104744,
        0.5303300858899106,
        0.414578098794425,
        0.8569568250501305,
        0.9013878188659973,
        1.0307764064044151,
        0.33071891388307384,
        0.8477912478906585,
        0.7180703308172536,
        0.770551750371122,
        0.6614378277661477,
        1.0680004681646913,
        0.673145600891813,
        0.6959705453537527,
        0.9682458365518543,
        1.403121520040228,
        0.9682458365518543,
        0.3535533905932738,
        0.8100925873009825,
        0.30618621784789724,
        0.7180703308172536,
        0.30618621784789724
    ],
    [
        0.7288689868556626,
        0.45069390943299864,
        0.7603453162872774,
        0.8003905296791061,
        0.9762812094883317,
        0.8838834764831844,
        0.414578098794425,
        0.5303300858899106,
        0.7905694150420949,
        0.6373774391990981,
        0.5994789404140899,
        0.39528470752104744,
        0.2795084971874737,
        0.57282196186948,
        0.739509972887452,
        0.30618621784789724,
        0.0,
        0.7288689868556626,
        0.7905694150420949,
        0.6373774391990981,
        0.82915619758885,
        0.8569568250501305,
        0.57282196186948,
        0.7288689868556626,
        0.5863019699779287,
        0.82915619758885,
        0.5994789404140899,
        0.7603453162872774,
        0.4330127018922193,
        0.5448623679425842,
        0.45069390943299864,
        0.8569568250501305,
        0.875,
        0.9921567416492215,
        0.33071891388307384,
        0.81967981553775,
        0.7603453162872774,
        0.8003905296791061,
        0.6959705453537527,
        1.0307764064044151,
        0.6846531968814576,
        0.7288689868556626,
        0.9354143466934853,
        1.3693063937629153,
        0.9437293044088437,
        0.414578098794425,
        0.7806247497997998,
        0.33071891388307384,
        0.7180703308172536,
        0.30618621784789724
    ],
    [
        1.286953767623375,
        0.6123724356957945,
        0.7071067811865476,
        0.7603453162872774,
        0.8926785535678563,
        0.7180703308172536,
        0.625,
        1.0458250331675945,
        0.770551750371122,
        0.673145600891813,
        1.14564392373896,
        0.75,
        0.7180703308172536,
        0.6614378277661477,
        0.770551750371122,
        0.7288689868556626,
        0.7288689868556626,
        0.0,
        0.7288689868556626,
        0.649519052838329,
        0.6614378277661477,
        0.7603453162872774,
        0.5994789404140899,
        0.6614378277661477,
        0.5590169943749475,
        0.6959705453537527,
        0.6373774391990981,
        0.75,
        0.6959705453537527,
        0.625,
        0.5863019699779287,
        0.6614378277661477,
        0.7806247497997998,
        0.9270248108869579,
        0.7603453162872774,
        0.770551750371122,
        0.7071067811865476,
        0.6846531968814576,
        0.5994789404140899,
        0.8477912478906585,
        0.6846531968814576,
        0.6959705453537527,
        0.75,
        1.1792476415070754,
        0.9354143466934853,
        0.6614378277661477,
        0.7288689868556626,
        0.75,
        0.75,
        0.6959705453537527
    ],
    [
        1.4361406616345072,
        0.739509972887452,
        0.739509972887452,
        0.7288689868556626,
        0.875,
        0.7806247497997998,
        0.7288689868556626,
        1.0825317547305484,
        0.770551750371122,
        0.6373774391990981,
        1.2119199643540823,
        0.8385254915624212,
        0.8100925873009825,
        0.6614378277661477,
        0.8100925873009825,
        0.7603453162872774,
        0.7905694150420949,
        0.7288689868556626,
        0.0,
        0.6959705453537527,
        0.7180703308172536,
        0.770551750371122,
        0.7071067811865476,
        0.6123724356957945,
        0.739509972887452,
        0.739509972887452,
        0.649519052838329,
        0.673145600891813,
        0.6846531968814576,
        0.673145600891813,
        0.6373774391990981,
        0.739509972887452,
        0.6959705453537527,
        0.9354143466934853,
        0.81967981553775,
        0.7180703308172536,
        0.6846531968814576,
        0.6846531968814576,
        0.6614378277661477,
        0.8660254037844386,
        0.625,
        0.649519052838329,
        0.82915619758885,
        1.118033988749895,
        0.8926785535678563,
        0.7071067811865476,
        0.7806247497997998,
        0.81967981553775,
        0.7180703308172536,
        0.75
    ],
    [
        1.3050383136138188,
        0.57282196186948,
        0.6614378277661477,
        0.7288689868556626,
        0.81967981553775,
        0.7905694150420949,
        0.625,
        0.9842509842514764,
        0.7071067811865476,
        0.6614378277661477,
        1.0968705484240153,
        0.7288689868556626,
        0.7180703308172536,
        0.6123724356957945,
        0.81967981553775,
        0.6846531968814576,
        0.6373774391990981,
        0.649519052838329,
        0.6959705453537527,
        0.0,
        0.7288689868556626,
        0.7180703308172536,
        0.649519052838329,
        0.6846531968814576,
        0.6373774391990981,
        0.7288689868556626,
        0.6123724356957945,
        0.6614378277661477,
        0.625,
        0.6123724356957945,
        0.625,
        0.7603453162872774,
        0.75,
        0.9270248108869579,
        0.7071067811865476,
        0.7071067811865476,
        0.649519052838329,
        0.75,
        0.6614378277661477,
        0.81967981553775,
        0.6123724356957945,
        0.7071067811865476,
        0.8385254915624212,
        1.1989578808281798,
        0.875,
        0.625,
        0.75,
        0.7180703308172536,
        0.673145600891813,
        0.625
    ],
    [
        1.3806701271484076,
        0.6959705453537527,
        0.75,
        0.7180703308172536,
        0.8569568250501305,
        0.739509972887452,
        0.7288689868556626,
        1.118033988749895,
        0.7603453162872774,
        0.649519052838329,
        1.2183492931011204,
        0.9185586535436918,
        0.82915619758885,
        0.673145600891813,
        0.8385254915624212,
        0.7806247497997998,
        0.82915619758885,
        0.6614378277661477,
        0.7180703308172536,
        0.7288689868556626,
        0.0,
        0.7180703308172536,
        0.673145600891813,
        0.6614378277661477,
        0.7180703308172536,
        0.7288689868556626,
        0.673145600891813,
        0.75,
        0.7071067811865476,
        0.6846531968814576,
        0.649519052838329,
        0.7905694150420949,
        0.7806247497997998,
        0.8926785535678563,
        0.8660254037844386,
        0.7180703308172536,
        0.739509972887452,
        0.6614378277661477,
        0.625,
        0.8660254037844386,
        0.649519052838329,
        0.649519052838329,
        0.8385254915624212,
        1.1792476415070754,
        0.8477912478906585,
        0.770551750371122,
        0.6959705453537527,
        0.82915619758885,
        0.6959705453537527,
        0.8003905296791061
    ],
    [
        1.505199322349037,
        0.7806247497997998,
        0.7806247497997998,
        0.7603453162872774,
        0.9270248108869579,
        0.7071067811865476,
        0.8003905296791061,
        1.1792476415070754,
        0.7288689868556626,
        0.7180703308172536,
        1.2624381172952597,
        0.9354143466934853,
        0.9100137361600648,
        0.6846531968814576,
        0.9270248108869579,
        0.875,
        0.8569568250501305,
        0.7603453162872774,
        0.770551750371122,
        0.7180703308172536,
        0.7180703308172536,
        0.0,
        0.7603453162872774,
        0.739509972887452,
        0.739509972887452,
        0.7806247497997998,
        0.6959705453537527,
        0.7071067811865476,
        0.770551750371122,
        0.7180703308172536,
        0.75,
        0.875,
        0.7603453162872774,
        0.9013878188659973,
        0.8838834764831844,
        0.7288689868556626,
        0.739509972887452,
        0.7071067811865476,
        0.6959705453537527,
        0.8477912478906585,
        0.7288689868556626,
        0.770551750371122,
        0.875,
        1.1989578808281798,
        0.9013878188659973,
        0.81967981553775,
        0.8003905296791061,
        0.9100137361600648,
        0.8100925873009825,
        0.8100925873009825
    ],
    [
        1.0458250331675945,
        0.5153882032022076,
        0.6846531968814576,
        0.7071067811865476,
        0.8477912478906585,
        0.7180703308172536,
        0.5303300858899106,
        0.81967981553775,
        0.6959705453537527,
        0.5863019699779287,
        0.875,
        0.673145600891813,
        0.625,
        0.5,
        0.770551750371122,
        0.57282196186948,
        0.57282196186948,
        0.5994789404140899,
        0.7071067811865476,
        0.649519052838329,
        0.673145600891813,
        0.7603453162872774,
        0.0,
        0.673145600891813,
        0.649519052838329,
        0.6846531968814576,
        0.4841229182759271,
        0.75,
        0.4841229182759271,
        0.45069390943299864,
        0.5,
        0.81967981553775,
        0.75,
        0.8660254037844386,
        0.6123724356957945,
        0.6846531968814576,
        0.6614378277661477,
        0.6614378277661477,
        0.625,
        0.8660254037844386,
        0.5153882032022076,
        0.6614378277661477,
        0.8385254915624212,
        1.231107225224513,
        0.8385254915624212,
        0.5,
        0.5994789404140899,
        0.6123724356957945,
        0.5590169943749475,
        0.5863019699779287
    ],
    [
        1.1989578808281798,
        0.673145600891813,
        0.7180703308172536,
        0.6959705453537527,
        0.8569568250501305,
        0.673145600891813,
        0.649519052838329,
        0.960143218483576,
        0.6614378277661477,
        0.57282196186948,
        1.0680004681646913,
        0.7905694150420949,
        0.7180703308172536,
        0.5863019699779287,
        0.8003905296791061,
        0.7180703308172536,
        0.7288689868556626,
        0.6614378277661477,
        0.6123724356957945,
        0.6846531968814576,
        0.6614378277661477,
        0.739509972887452,
        0.673145600891813,
        0.0,
        0.6959705453537527,
        0.7071067811865476,
        0.5994789404140899,
        0.739509972887452,
        0.625,
        0.5994789404140899,
        0.5590169943749475,
        0.7288689868556626,
        0.7180703308172536,
        0.8838834764831844,
        0.75,
        0.673145600891813,
        0.6959705453537527,
        0.625,
        0.5303300858899106,
        0.82915619758885,
        0.625,
        0.6123724356957945,
        0.8003905296791061,
        1.231107225224513,
        0.8660254037844386,
        0.6614378277661477,
        0.673145600891813,
        0.75,
        0.649519052838329,
        0.7288689868556626
    ],
    [
        1.0968705484240153,
        0.5153882032022076,
        0.649519052838329,
        0.7603453162872774,
        0.8926785535678563,
        0.7806247497997998,
        0.5,
        0.8926785535678563,
        0.7806247497997998,
        0.5994789404140899,
        0.9921567416492215,
        0.625,
        0.5994789404140899,
        0.673145600891813,
        0.75,
        0.5863019699779287,
        0.5863019699779287,
        0.5590169943749475,
        0.739509972887452,
        0.6373774391990981,
        0.7180703308172536,
        0.739509972887452,
        0.649519052838329,
        0.6959705453537527,
        0.0,
        0.7603453162872774,
        0.6373774391990981,
        0.7071067811865476,
        0.5994789404140899,
        0.6123724356957945,
        0.5448623679425842,
        0.739509972887452,
        0.7603453162872774,
        0.9270248108869579,
        0.5994789404140899,
        0.7603453162872774,
        0.6959705453537527,
        0.6959705453537527,
        0.625,
        0.9270248108869579,
        0.673145600891813,
        0.6123724356957945,
        0.7905694150420949,
        1.224744871391589,
        0.9270248108869579,
        0.5994789404140899,
        0.649519052838329,
        0.6123724356957945,
        0.6959705453537527,
        0.5448623679425842
    ],
    [
        1.4086784586980805,
        0.6959705453537527,
        0.770551750371122,
        0.7288689868556626,
        0.9354143466934853,
        0.770551750371122,
        0.75,
        1.118033988749895,
        0.6373774391990981,
        0.6846531968814576,
        1.1989578808281798,
        0.8660254037844386,
        0.8660254037844386,
        0.6614378277661477,
        0.8926785535678563,
        0.8569568250501305,
        0.82915619758885,
        0.6959705453537527,
        0.739509972887452,
        0.7288689868556626,
        0.7288689868556626,
        0.7806247497997998,
        0.6846531968814576,
        0.7071067811865476,
        0.7603453162872774,
        0.0,
        0.6614378277661477,
        0.7806247497997998,
        0.739509972887452,
        0.649519052838329,
        0.7288689868556626,
        0.7806247497997998,
        0.7603453162872774,
        0.8569568250501305,
        0.8569568250501305,
        0.7180703308172536,
        0.7288689868556626,
        0.7603453162872774,
        0.7180703308172536,
        0.7806247497997998,
        0.7180703308172536,
        0.7288689868556626,
        0.81967981553775,
        1.1388041973930374,
        0.82915619758885,
        0.8100925873009825,
        0.75,
        0.8838834764831844,
        0.7071067811865476,
        0.8003905296791061
    ],
    [
        1.0231690964840563,
        0.5448623679425842,
        0.6959705453537527,
        0.6614378277661477,
        0.8385254915624212,
        0.7288689868556626,
        0.5303300858899106,
        0.8477912478906585,
        0.6123724356957945,
        0.4841229182759271,
        0.9270248108869579,
        0.673145600891813,
        0.6373774391990981,
        0.4330127018922193,
        0.75,
        0.5863019699779287,
        0.5994789404140899,
        0.6373774391990981,
        0.649519052838329,
        0.6123724356957945,
        0.673145600891813,
        0.6959705453537527,
        0.4841229182759271,
        0.5994789404140899,
        0.6373774391990981,
        0.6614378277661477,
        0.0,
        0.6959705453537527,
        0.45069390943299864,
        0.375,
        0.5,
        0.7806247497997998,
        0.6959705453537527,
        0.8926785535678563,
        0.6123724356957945,
        0.6123724356957945,
        0.625,
        0.7071067811865476,
        0.57282196186948,
        0.8477912478906585,
        0.5,
        0.5590169943749475,
        0.81967981553775,
        1.243734296383275,
        0.8100925873009825,
        0.5153882032022076,
        0.6846531968814576,
        0.6373774391990981,
        0.5590169943749475,
        0.5590169943749475
    ],
    [
        1.5,
        0.7180703308172536,
        0.770551750371122,
        0.75,
        0.8660254037844386,
        0.81967981553775,
        0.7288689868556626,
        1.0968705484240153,
        0.7288689868556626,
        0.6959705453537527,
        1.2624381172952597,
        0.8569568250501305,
        0.8100925873009825,
        0.6959705453537527,
        0.9013878188659973,
        0.82915619758885,
        0.7603453162872774,
        0.75,
        0.673145600891813,
        0.6614378277661477,
        0.75,
        0.7071067811865476,
        0.75,
        0.739509972887452,
        0.7071067811865476,
        0.7806247497997998,
        0.6959705453537527,
        0.0,
        0.739509972887452,
        0.6959705453537527,
        0.7180703308172536,
        0.739509972887452,
        0.7905694150420949,
        0.9013878188659973,
        0.81967981553775,
        0.7603453162872774,
        0.7071067811865476,
        0.6959705453537527,
        0.673145600891813,
        0.8660254037844386,
        0.673145600891813,
        0.6959705453537527,
        0.9185586535436918,
        1.1319231422671772,
        0.9682458365518543,
        0.739509972887452,
        0.8003905296791061,
        0.81967981553775,
        0.770551750371122,
        0.770551750371122
    ],
    [
        0.7288689868556626,
        0.39528470752104744,
        0.649519052838329,
        0.7288689868556626,
        0.8838834764831844,
        0.7905694150420949,
        0.33071891388307384,
        0.625,
        0.6959705453537527,
        0.5,
        0.673145600891813,
        0.5,
        0.46770717334674267,
        0.45069390943299864,
        0.6373774391990981,
        0.39528470752104744,
        0.4330127018922193,
        0.6959705453537527,
        0.6846531968814576,
        0.625,
        0.7071067811865476,
        0.770551750371122,
        0.4841229182759271,
        0.625,
        0.5994789404140899,
        0.739509972887452,
        0.45069390943299864,
        0.739509972887452,
        0.0,
        0.414578098794425,
        0.30618621784789724,
        0.8385254915624212,
        0.8100925873009825,
        0.9842509842514764,
        0.45069390943299864,
        0.7071067811865476,
        0.6373774391990981,
        0.6614378277661477,
        0.5863019699779287,
        0.9682458365518543,
        0.57282196186948,
        0.5994789404140899,
        0.9270248108869579,
        1.334634781503914,
        0.8660254037844386,
        0.2795084971874737,
        0.7603453162872774,
        0.4841229182759271,
        0.6373774391990981,
        0.4330127018922193
    ],
    [
        1.0,
        0.4841229182759271,
        0.649519052838329,
        0.6614378277661477,
        0.8477912478906585,
        0.673145600891813,
        0.46770717334674267,
        0.8477912478906585,
        0.625,
        0.46770717334674267,
        0.9185586535436918,
        0.6373774391990981,
        0.57282196186948,
        0.4330127018922193,
        0.7288689868556626,
        0.5303300858899106,
        0.5448623679425842,
        0.625,
        0.673145600891813,
        0.6123724356957945,
        0.6846531968814576,
        0.7180703308172536,
        0.45069390943299864,
        0.5994789404140899,
        0.6123724356957945,
        0.649519052838329,
        0.375,
        0.6959705453537527,
        0.414578098794425,
        0.0,
        0.4330127018922193,
        0.739509972887452,
        0.7071067811865476,
        0.8660254037844386,
        0.5863019699779287,
        0.6123724356957945,
        0.6123724356957945,
        0.6846531968814576,
        0.5590169943749475,
        0.8477912478906585,
        0.5590169943749475,
        0.6123724356957945,
        0.8477912478906585,
        1.243734296383275,
        0.8385254915624212,
        0.45069390943299864,
        0.6614378277661477,
        0.5994789404140899,
        0.5863019699779287,
        0.5448623679425842
    ],
    [
        0.875,
        0.4330127018922193,
        0.6373774391990981,
        0.7180703308172536,
        0.8569568250501305,
        0.739509972887452,
        0.3535533905932738,
        0.75,
        0.6846531968814576,
        0.5153882032022076,
        0.8100925873009825,
        0.5448623679425842,
        0.4841229182759271,
