[
    [
        0.0,
        0.9013878188659973,
        0.375,
        1.2374368670764582,
        1.2183492931011204,
        1.015504800579495,
        0.5303300858899106,
        0.45069390943299864,
        1.0307764064044151,
        1.340475661845451,
        0.125,
        0.6846531968814576,
        0.673145600891813,
        1.0968705484240153,
        1.0458250331675945,
        0.7071067811865476,
        0.6959705453537527,
        0.5448623679425842,
        0.8569568250501305,
        0.9519716382329886,
        0.875,
        0.770551750371122,
        0.6846531968814576,
        0.7806247497997998,
        0.6846531968814576,
        0.7762087348130012,
        0.8175590362645243,
        0.7511565157216644,
        0.4841229182759271,
        0.739509972887452,
        0.9023503261544882,
        0.5153882032022076,
        1.130388330520878,
        0.82915619758885,
        0.5153882032022076,
        0.9062284480195929,
        0.6846531968814576,
        0.7603453162872774,
        0.960143218483576,
        0.8660254037844386,
        0.7580585582775105,
        0.9437293044088437,
        1.0752906583803283,
        0.7603453162872774,
        0.8926785535678563,
        0.414578098794425,
        0.770551750371122,
        0.4841229182759271,
        0.6373774391990981,
        0.2795084971874737
    ],
    [
        0.9013878188659973,
        0.0,
        0.7288689868556626,
        0.673145600891813,
        0.6373774391990981,
        0.5303300858899106,
        0.5448623679425842,
        0.5590169943749475,
        0.6846531968814576,
        0.81967981553775,
        0.8385254915624212,
        0.375,
        0.5153882032022076,
        0.5,
        0.5994789404140899,
        0.46770717334674267,
        0.375,
        0.4330127018922193,
        0.46770717334674267,
        0.5153882032022076,
        0.5303300858899106,
        0.4330127018922193,
        0.5448623679425842,
        0.5,
        0.5153882032022076,
        0.5385164807134504,
        0.4965156369922077,
        0.5605676686280713,
        0.5863019699779287,
        0.45069390943299864,
        0.6263873490988712,
        0.5590169943749475,
        0.5965758776365148,
        0.6614378277661477,
        0.6373774391990981,
        0.5528336096873995,
        0.5303300858899106,
        0.5,
        0.5448623679425842,
        0.4330127018922193,
        0.5559026693385972,
        0.39528470752104744,
        0.6123724356957945,
        0.4330127018922193,
        0.4841229182759271,
        0.5303300858899106,
        0.625,
        0.5303300858899106,
        0.414578098794425,
        0.6846531968814576
    ],
    [
        0.375,
        0.7288689868556626,
        0.0,
        0.770551750371122,
        0.7905694150420949,
        0.8838834764831844,
        0.414578098794425,
        0.375,
        0.7288689868556626,
        1.0606601717798212,
        0.33071891388307384,
        0.57282196186948,
        0.5303300858899106,
        0.8477912478906585,
        0.9270248108869579,
        0.5590169943749475,
        0.57282196186948,
        0.4841229182759271,
        0.6614378277661477,
        0.7288689868556626,
        0.7180703308172536,
        0.625,
        0.4841229182759271,
        0.625,
        0.5303300858899106,
        0.6015604707757982,
        0.6180165405913053,
        0.4750730937913075,
        0.45069390943299864,
        0.5863019699779287,
        0.551198189805123,
        0.39528470752104744,
        0.7648983229452424,
        0.7288689868556626,
        0.39528470752104744,
        0.686476510887299,
        0.45069390943299864,
        0.5863019699779287,
        0.739509972887452,
        0.6959705453537527,
        0.4912427551063165,
        0.770551750371122,
        0.7806247497997998,
        0.6123724356957945,
        0.673145600891813,
        0.375,
        0.6373774391990981,
        0.4330127018922193,
        0.5303300858899106,
        0.25
    ],
    [
        1.2374368670764582,
        0.673145600891813,
        0.770551750371122,
        0.0,
        0.6123724356957945,
        0.75,
        0.6959705453537527,
        0.770551750371122,
        0.7288689868556626,
        0.770551750371122,
        1.0307764064044151,
        0.649519052838329,
        0.649519052838329,
        0.649519052838329,
        0.7288689868556626,
        0.6614378277661477,
        0.649519052838329,
        0.673145600891813,
        0.625,
        0.5994789404140899,
        0.5863019699779287,
        0.6614378277661477,
        0.75,
        0.649519052838329,
        0.6614378277661477,
        0.5494315243958978,
        0.5980291706003051,
        0.584819535317425,
        0.739509972887452,
        0.5863019699779287,
        0.5574620066774855,
        0.7288689868556626,
        0.5464532103585,
        0.7180703308172536,
        0.7603453162872774,
        0.6294839156007086,
        0.6614378277661477,
        0.6614378277661477,
        0.739509972887452,
        0.5994789404140899,
        0.5980291706003051,
        0.5863019699779287,
        0.6373774391990981,
        0.6373774391990981,
        0.6846531968814576,
        0.739509972887452,
        0.7071067811865476,
        0.7071067811865476,
        0.6123724356957945,
        0.81967981553775
    ],
    [
        1.2183492931011204,
        0.6373774391990981,
        0.7905694150420949,
        0.6123724356957945,
        0.0,
        0.75,
        0.7806247497997998,
        0.7603453162872774,
        0.7288689868556626,
        0.75,
        1.015504800579495,
        0.673145600891813,
        0.649519052838329,
        0.7071067811865476,
        0.7603453162872774,
        0.673145600891813,
        0.673145600891813,
        0.7180703308172536,
        0.6373774391990981,
        0.6123724356957945,
        0.57282196186948,
        0.673145600891813,
        0.7603453162872774,
        0.5863019699779287,
        0.6614378277661477,
        0.6015604707757982,
        0.6305310812675649,
        0.6782841915041544,
        0.739509972887452,
        0.6846531968814576,
        0.6305310812675649,
        0.770551750371122,
        0.551198189805123,
        0.7603453162872774,
        0.7288689868556626,
        0.5612486080160912,
        0.7288689868556626,
        0.673145600891813,
        0.6959705453537527,
        0.625,
        0.6428020258558964,
        0.6373774391990981,
        0.6959705453537527,
        0.6123724356957945,
        0.6373774391990981,
        0.7806247497997998,
        0.7288689868556626,
        0.8003905296791061,
        0.6614378277661477,
        0.8477912478906585
    ],
    [
        1.015504800579495,
        0.5303300858899106,
        0.8838834764831844,
        0.75,
        0.75,
        0.0,
        0.6959705453537527,
        0.7288689868556626,
        0.7180703308172536,
        0.7180703308172536,
        0.9519716382329886,
        0.5863019699779287,
        0.625,
        0.5994789404140899,
        0.5994789404140899,
        0.57282196186948,
        0.6123724356957945,
        0.649519052838329,
        0.625,
        0.6959705453537527,
        0.649519052838329,
        0.5590169943749475,
        0.6846531968814576,
        0.7071067811865476,
        0.673145600891813,
        0.6910137480542626,
        0.5697830971323893,
        0.7083333333333334,
        0.7603453162872774,
        0.6123724356957945,
        0.7406828681096325,
        0.6959705453537527,
        0.7046472718869902,
        0.649519052838329,
        0.7806247497997998,
        0.702228595259407,
        0.649519052838329,
        0.6123724356957945,
        0.5863019699779287,
        0.5994789404140899,
        0.6588078458684123,
        0.4841229182759271,
        0.6123724356957945,
        0.57282196186948,
        0.5590169943749475,
        0.7180703308172536,
        0.7603453162872774,
        0.6846531968814576,
        0.6123724356957945,
        0.8477912478906585
    ],
    [
        0.5303300858899106,
        0.5448623679425842,
        0.414578098794425,
        0.6959705453537527,
        0.7806247497997998,
        0.6959705453537527,
        0.0,
        0.2795084971874737,
        0.770551750371122,
        0.8385254915624212,
        0.46770717334674267,
        0.39528470752104744,
        0.30618621784789724,
        0.649519052838329,
        0.75,
        0.39528470752104744,
        0.4330127018922193,
        0.3535533905932738,
        0.5448623679425842,
        0.5590169943749475,
        0.5,
        0.45069390943299864,
        0.39528470752104744,
        0.45069390943299864,
        0.2795084971874737,
        0.5238081709939241,
        0.4805234414446165,
        0.4859126579037751,
        0.30618621784789724,
        0.375,
        0.5464532103585001,
        0.30618621784789724,
        0.6705615391429617,
        0.57282196186948,
        0.3535533905932738,
        0.6562202374203343,
        0.30618621784789724,
        0.375,
        0.5994789404140899,
        0.5,
        0.41036907507483766,
        0.6123724356957945,
        0.5994789404140899,
        0.45069390943299864,
        0.5303300858899106,
        0.1767766952966369,
        0.5,
        0.21650635094610965,
        0.375,
        0.33071891388307384
    ],
    [
        0.45069390943299864,
        0.5590169943749475,
        0.375,
        0.770551750371122,
        0.7603453162872774,
        0.7288689868556626,
        0.2795084971874737,
        0.0,
        0.8003905296791061,
        0.8569568250501305,
        0.39528470752104744,
        0.4330127018922193,
        0.33071891388307384,
        0.6959705453537527,
        0.7905694150420949,
        0.4330127018922193,
        0.45069390943299864,
        0.39528470752104744,
        0.57282196186948,
        0.6123724356957945,
        0.5448623679425842,
        0.46770717334674267,
        0.30618621784789724,
        0.46770717334674267,
        0.3535533905932738,
        0.5667892024377317,
        0.4965156369922077,
        0.4859126579037751,
        0.3535533905932738,
        0.4330127018922193,
        0.5170697352496191,
        0.25,
        0.7046472718869902,
        0.5994789404140899,
        0.30618621784789724,
        0.6194755846681933,
        0.33071891388307384,
        0.45069390943299864,
        0.625,
        0.5303300858899106,
        0.42898458920779164,
        0.649519052838329,
        0.625,
        0.4841229182759271,
        0.5153882032022076,
        0.25,
        0.5153882032022076,
        0.33071891388307384,
        0.46770717334674267,
        0.2795084971874737
    ],
    [
        1.0307764064044151,
        0.6846531968814576,
        0.7288689868556626,
        0.7288689868556626,
        0.7288689868556626,
        0.7180703308172536,
        0.770551750371122,
        0.8003905296791061,
        0.0,
        0.82915619758885,
        0.9270248108869579,
        0.6614378277661477,
        0.7071067811865476,
        0.7288689868556626,
        0.8477912478906585,
        0.6959705453537527,
        0.649519052838329,
        0.6959705453537527,
        0.7180703308172536,
        0.7288689868556626,
        0.739509972887452,
        0.673145600891813,
        0.75,
        0.770551750371122,
        0.75,
        0.5695392874947259,
        0.5464532103585001,
        0.4639803635691685,
        0.7603453162872774,
        0.739509972887452,
        0.5965758776365148,
        0.7288689868556626,
        0.6627489050244528,
        0.673145600891813,
        0.7806247497997998,
        0.5556527692723218,
        0.6959705453537527,
        0.7288689868556626,
        0.7806247497997998,
        0.7603453162872774,
        0.6508541396588879,
        0.739509972887452,
        0.75,
        0.6614378277661477,
        0.673145600891813,
        0.7603453162872774,
        0.7288689868556626,
        0.7603453162872774,
        0.6846531968814576,
        0.8477912478906585
    ],
    [
        1.340475661845451,
        0.81967981553775,
        1.0606601717798212,
        0.770551750371122,
        0.75,
        0.7180703308172536,
        0.8385254915624212,
        0.8569568250501305,
        0.82915619758885,
        0.0,
        1.2119199643540823,
        0.8100925873009825,
        0.739509972887452,
        0.7180703308172536,
        0.8660254037844386,
        0.75,
        0.81967981553775,
        0.9013878188659973,
        0.673145600891813,
        0.739509972887452,
        0.7071067811865476,
        0.7603453162872774,
        0.75,
        0.7180703308172536,
        0.770551750371122,
        0.7348469228349535,
        0.7264831572567789,
        0.8759915017345267,
        0.9185586535436918,
        0.7071067811865476,
        0.8395600699837452,
        0.81967981553775,
        0.7783975705112252,
        0.625,
        0.81967981553775,
        0.7454025757937788,
        0.7905694150420949,
        0.7071067811865476,
        0.8569568250501305,
        0.7071067811865476,
        0.7371585838730889,
        0.7180703308172536,
        0.673145600891813,
        0.7288689868556626,
        0.7603453162872774,
        0.9519716382329886,
        0.7180703308172536,
        0.9100137361600648,
        0.81967981553775,
        1.0307764064044151
    ],
    [
        0.125,
        0.8385254915624212,
        0.33071891388307384,
        1.0307764064044151,
        1.015504800579495,
        0.9519716382329886,
        0.46770717334674267,
        0.39528470752104744,
        0.9270248108869579,
        1.2119199643540823,
        0.0,
        0.625,
        0.6123724356957945,
        0.9519716382329886,
        1.0,
        0.6373774391990981,
        0.649519052838329,
        0.4841229182759271,
        0.7180703308172536,
        0.8477912478906585,
        0.81967981553775,
        0.7180703308172536,
        0.5303300858899106,
        0.7180703308172536,
        0.5994789404140899,
        0.724137417898012,
        0.7580585582775105,
        0.6972166887783964,
        0.45069390943299864,
        0.625,
        0.7916666666666667,
        0.4330127018922193,
        0.9418878796214429,
        0.75,
        0.4330127018922193,
        0.8437268515343103,
        0.5863019699779287,
        0.6846531968814576,
        0.8477912478906585,
        0.7806247497997998,
        0.6934715407122183,
        0.8660254037844386,
        0.8926785535678563,
        0.6959705453537527,
        0.7905694150420949,
        0.3535533905932738,
        0.7180703308172536,
        0.4330127018922193,
        0.5590169943749475,
        0.21650635094610965
    ],
    [
        0.6846531968814576,
        0.375,
        0.57282196186948,
        0.649519052838329,
        0.673145600891813,
        0.5863019699779287,
        0.39528470752104744,
        0.4330127018922193,
        0.6614378277661477,
        0.8100925873009825,
        0.625,
        0.0,
        0.375,
        0.5153882032022076,
        0.6373774391990981,
        0.2795084971874737,
        0.30618621784789724,
        0.1767766952966369,
        0.4841229182759271,
        0.4841229182759271,
        0.39528470752104744,
        0.3535533905932738,
        0.46770717334674267,
        0.39528470752104744,
        0.33071891388307384,
        0.4930770730829005,
        0.41036907507483766,
        0.4166666666666667,
        0.4330127018922193,
        0.30618621784789724,
        0.5319643889501544,
        0.4330127018922193,
        0.5833333333333334,
        0.57282196186948,
        0.4841229182759271,
        0.5528336096873995,
        0.414578098794425,
        0.3535533905932738,
        0.5153882032022076,
        0.414578098794425,
        0.3908679799852858,
        0.5153882032022076,
        0.6123724356957945,
        0.3535533905932738,
        0.45069390943299864,
        0.3535533905932738,
        0.5,
        0.3535533905932738,
        0.2795084971874737,
        0.5153882032022076
    ],
    [
        0.673145600891813,
        0.5153882032022076,
        0.5303300858899106,
        0.649519052838329,
        0.649519052838329,
        0.625,
        0.30618621784789724,
        0.33071891388307384,
        0.7071067811865476,
        0.739509972887452,
        0.6123724356957945,
        0.375,
        0.0,
        0.5863019699779287,
        0.6959705453537527,
        0.375,
        0.39528470752104744,
        0.30618621784789724,
        0.5,
        0.5153882032022076,
        0.45069390943299864,
        0.375,
        0.39528470752104744,
        0.414578098794425,
        0.30618621784789724,
        0.5086747487343951,
        0.42898458920779164,
        0.4166666666666667,
        0.39528470752104744,
        0.3535533905932738,
        0.4859126579037751,
        0.33071891388307384,
        0.6095307849303248,
        0.5448623679425842,
        0.375,
        0.5528336096873995,
        0.30618621784789724,
        0.3535533905932738,
        0.5590169943749475,
        0.4841229182759271,
        0.43100335136619167,
        0.5590169943749475,
        0.5153882032022076,
        0.39528470752104744,
        0.45069390943299864,
        0.30618621784789724,
        0.45069390943299864,
        0.25,
        0.375,
        0.46770717334674267
    ],
    [
        1.0968705484240153,
        0.5,
        0.8477912478906585,
        0.649519052838329,
        0.7071067811865476,
        0.5994789404140899,
        0.649519052838329,
        0.6959705453537527,
        0.7288689868556626,
        0.7180703308172536,
        0.9519716382329886,
        0.5153882032022076,
        0.5863019699779287,
        0.0,
        0.649519052838329,
        0.5448623679425842,
        0.5448623679425842,
        0.5863019699779287,
        0.625,
        0.625,
        0.5303300858899106,
        0.4841229182759271,
        0.6846531968814576,
        0.5863019699779287,
        0.5994789404140899,
        0.6194755846681933,
        0.5120085719768545,
        0.6627489050244528,
        0.7180703308172536,
        0.5448623679425842,
        0.6627489050244528,
        0.673145600891813,
        0.6346477588219923,
        0.6959705453537527,
        0.7180703308172536,
        0.6319612329882269,
        0.625,
        0.5303300858899106,
        0.5994789404140899,
        0.5590169943749475,
        0.6588078458684123,
        0.5448623679425842,
        0.5590169943749475,
        0.5153882032022076,
        0.5153882032022076,
        0.673145600891813,
        0.6959705453537527,
        0.6373774391990981,
        0.5590169943749475,
        0.8100925873009825
    ],
    [
        1.0458250331675945,
        0.5994789404140899,
        0.9270248108869579,
        0.7288689868556626,
        0.7603453162872774,
        0.5994789404140899,
        0.75,
        0.7905694150420949,
        0.8477912478906585,
        0.8660254037844386,
        1.0,
        0.6373774391990981,
        0.6959705453537527,
        0.649519052838329,
        0.0,
        0.649519052838329,
        0.6373774391990981,
        0.6373774391990981,
        0.625,
        0.7180703308172536,
        0.6614378277661477,
        0.649519052838329,
        0.8003905296791061,
        0.649519052838329,
        0.6614378277661477,
        0.6485560885536423,
        0.6833841444523635,
        0.7716774657271723,
        0.7905694150420949,
        0.6123724356957945,
        0.7511565157216644,
        0.770551750371122,
        0.6821127309893709,
        0.7905694150420949,
        0.82915619758885,
        0.724137417898012,
        0.739509972887452,
        0.6846531968814576,
        0.5590169943749475,
        0.57282196186948,
        0.7383352144445563,
        0.5863019699779287,
        0.7288689868556626,
        0.6373774391990981,
        0.6123724356957945,
        0.739509972887452,
        0.7806247497997998,
        0.7071067811865476,
        0.6123724356957945,
        0.8926785535678563
    ],
    [
        0.7071067811865476,
        0.46770717334674267,
        0.5590169943749475,
        0.6614378277661477,
        0.673145600891813,
        0.57282196186948,
        0.39528470752104744,
        0.4330127018922193,
        0.6959705453537527,
        0.75,
        0.6373774391990981,
        0.2795084971874737,
        0.375,
        0.5448623679425842,
        0.649519052838329,
        0.0,
        0.3535533905932738,
        0.25,
        0.46770717334674267,
        0.45069390943299864,
        0.414578098794425,
        0.33071891388307384,
        0.46770717334674267,
        0.414578098794425,
        0.39528470752104744,
        0.4930770730829005,
        0.42898458920779164,
        0.46955948623269356,
        0.46770717334674267,
        0.33071891388307384,
        0.501733107449679,
        0.414578098794425,
        0.5697830971323893,
        0.5994789404140899,
        0.4841229182759271,
        0.5528336096873995,
        0.414578098794425,
        0.33071891388307384,
        0.5448623679425842,
        0.39528470752104744,
        0.41036907507483766,
        0.5153882032022076,
        0.5590169943749475,
        0.30618621784789724,
        0.46770717334674267,
        0.39528470752104744,
        0.5448623679425842,
        0.3535533905932738,
        0.2795084971874737,
        0.5
    ],
    [
        0.6959705453537527,
        0.375,
        0.57282196186948,
        0.649519052838329,
        0.673145600891813,
        0.6123724356957945,
        0.4330127018922193,
        0.45069390943299864,
        0.649519052838329,
        0.81967981553775,
        0.649519052838329,
        0.30618621784789724,
        0.39528470752104744,
        0.5448623679425842,
        0.6373774391990981,
        0.3535533905932738,
        0.0,
        0.25,
        0.45069390943299864,
        0.45069390943299864,
        0.46770717334674267,
        0.3535533905932738,
        0.45069390943299864,
        0.4330127018922193,
        0.45069390943299864,
        0.4602988159880492,
        0.4639803635691685,
        0.46955948623269356,
        0.46770717334674267,
        0.33071891388307384,
        0.5605676686280713,
        0.4330127018922193,
        0.5697830971323893,
        0.5303300858899106,
        0.4841229182759271,
        0.4930770730829005,
        0.414578098794425,
        0.4330127018922193,
        0.5303300858899106,
        0.39528470752104744,
        0.4639803635691685,
        0.4841229182759271,
        0.5863019699779287,
        0.33071891388307384,
        0.414578098794425,
        0.39528470752104744,
        0.5153882032022076,
        0.39528470752104744,
        0.21650635094610965,
        0.5153882032022076
    ],
    [
        0.5448623679425842,
        0.4330127018922193,
        0.4841229182759271,
        0.673145600891813,
        0.7180703308172536,
        0.649519052838329,
        0.3535533905932738,
        0.39528470752104744,
        0.6959705453537527,
        0.9013878188659973,
        0.4841229182759271,
        0.1767766952966369,
        0.30618621784789724,
        0.5863019699779287,
        0.6373774391990981,
        0.25,
        0.25,
        0.0,
        0.45069390943299864,
        0.5,
        0.39528470752104744,
        0.30618621784789724,
        0.46770717334674267,
        0.3535533905932738,
        0.375,
        0.4602988159880492,
        0.42898458920779164,
        0.4166666666666667,
        0.39528470752104744,
        0.2795084971874737,
        0.5170697352496191,
        0.375,
        0.5833333333333334,
        0.5448623679425842,
        0.45069390943299864,
        0.5385164807134504,
        0.39528470752104744,
        0.3535533905932738,
        0.5590169943749475,
        0.414578098794425,
        0.44682522061515034,
        0.5303300858899106,
        0.5863019699779287,
        0.33071891388307384,
        0.45069390943299864,
        0.30618621784789724,
        0.5,
        0.2795084971874737,
        0.21650635094610965,
        0.414578098794425
    ],
    [
        0.8569568250501305,
        0.46770717334674267,
        0.6614378277661477,
        0.625,
        0.6373774391990981,
        0.625,
        0.5448623679425842,
        0.57282196186948,
        0.7180703308172536,
        0.673145600891813,
        0.7180703308172536,
        0.4841229182759271,
        0.5,
        0.625,
        0.625,
        0.46770717334674267,
        0.45069390943299864,
        0.45069390943299864,
        0.0,
        0.5,
        0.5,
        0.46770717334674267,
        0.5994789404140899,
        0.46770717334674267,
        0.5590169943749475,
        0.44300112866673375,
        0.5965758776365148,
        0.5877806658194119,
        0.5448623679425842,
        0.39528470752104744,
        0.6137883276106765,
        0.5590169943749475,
        0.5697830971323893,
        0.5590169943749475,
        0.5590169943749475,
        0.5385164807134504,
        0.5590169943749475,
        0.5153882032022076,
        0.4841229182759271,
        0.5,
        0.5559026693385972,
        0.5,
        0.6123724356957945,
        0.4330127018922193,
        0.5,
        0.5448623679425842,
        0.5448623679425842,
        0.5303300858899106,
        0.4330127018922193,
        0.6123724356957945
    ],
    [
        0.9519716382329886,
        0.5153882032022076,
        0.7288689868556626,
        0.5994789404140899,
        0.6123724356957945,
        0.6959705453537527,
        0.5590169943749475,
        0.6123724356957945,
        0.7288689868556626,
        0.739509972887452,
        0.8477912478906585,
        0.4841229182759271,
        0.5153882032022076,
        0.625,
        0.7180703308172536,
        0.45069390943299864,
        0.45069390943299864,
        0.5,
        0.5,
        0.0,
        0.46770717334674267,
        0.4841229182759271,
        0.5590169943749475,
        0.45069390943299864,
        0.5,
        0.5238081709939241,
        0.5270462766947299,
        0.6263873490988712,
        0.57282196186948,
        0.5153882032022076,
        0.6263873490988712,
        0.5994789404140899,
        0.5416666666666666,
        0.6123724356957945,
        0.57282196186948,
        0.5238081709939241,
        0.5303300858899106,
        0.4841229182759271,
        0.5590169943749475,
        0.46770717334674267,
        0.4805234414446165,
        0.5153882032022076,
        0.5303300858899106,
        0.4841229182759271,
        0.5153882032022076,
        0.5863019699779287,
        0.5863019699779287,
        0.5448623679425842,
        0.5,
        0.6846531968814576
    ],
    [
        0.875,
        0.5303300858899106,
        0.7180703308172536,
        0.5863019699779287,
        0.57282196186948,
        0.649519052838329,
        0.5,
        0.5448623679425842,
        0.739509972887452,
        0.7071067811865476,
        0.81967981553775,
        0.39528470752104744,
        0.45069390943299864,
        0.5303300858899106,
        0.6614378277661477,
        0.414578098794425,
        0.46770717334674267,
        0.39528470752104744,
        0.5,
        0.46770717334674267,
        0.0,
        0.45069390943299864,
        0.57282196186948,
        0.33071891388307384,
        0.375,
        0.4930770730829005,
        0.42898458920779164,
        0.5464532103585001,
        0.5,
        0.4330127018922193,
        0.5464532103585001,
        0.5303300858899106,
        0.5270462766947299,
        0.5153882032022076,
        0.5153882032022076,
        0.5385164807134504,
        0.5153882032022076,
        0.45069390943299864,
        0.5448623679425842,
        0.45069390943299864,
        0.4965156369922077,
        0.5153882032022076,
        0.57282196186948,
        0.45069390943299864,
        0.5153882032022076,
        0.5,
        0.5,
        0.4841229182759271,
        0.45069390943299864,
        0.673145600891813
    ],
    [
        0.770551750371122,
        0.4330127018922193,
        0.625,
        0.6614378277661477,
        0.673145600891813,
        0.5590169943749475,
        0.45069390943299864,
        0.46770717334674267,
        0.673145600891813,
        0.7603453162872774,
        0.7180703308172536,
        0.3535533905932738,
        0.375,
        0.4841229182759271,
        0.649519052838329,
        0.33071891388307384,
        0.3535533905932738,
        0.30618621784789724,
        0.46770717334674267,
        0.4841229182759271,
        0.45069390943299864,
        0.0,
        0.5,
        0.4330127018922193,
        0.414578098794425,
        0.4930770730829005,
        0.41036907507483766,
        0.4859126579037751,
        0.5,
        0.375,
        0.5170697352496191,
        0.45069390943299864,
        0.5833333333333334,
        0.5590169943749475,
        0.5,
        0.5385164807134504,
        0.414578098794425,
        0.39528470752104744,
        0.5303300858899106,
        0.45069390943299864,
        0.4965156369922077,
        0.45069390943299864,
        0.57282196186948,
        0.33071891388307384,
        0.46770717334674267,
        0.4330127018922193,
        0.5303300858899106,
        0.414578098794425,
        0.33071891388307384,
        0.57282196186948
    ],
    [
        0.6846531968814576,
        0.5448623679425842,
        0.4841229182759271,
        0.75,
        0.7603453162872774,
        0.6846531968814576,
        0.39528470752104744,
        0.30618621784789724,
        0.75,
        0.75,
        0.5303300858899106,
        0.46770717334674267,
        0.39528470752104744,
        0.6846531968814576,
        0.8003905296791061,
        0.46770717334674267,
        0.45069390943299864,
        0.46770717334674267,
        0.5994789404140899,
        0.5590169943749475,
        0.57282196186948,
        0.5,
        0.0,
        0.5303300858899106,
        0.4330127018922193,
        0.6194755846681933,
        0.4639803635691685,
        0.5464532103585001,
        0.45069390943299864,
        0.4330127018922193,
        0.5605676686280713,
        0.33071891388307384,
        0.7264831572567789,
        0.5863019699779287,
        0.39528470752104744,
        0.6194755846681933,
        0.30618621784789724,
        0.46770717334674267,
        0.649519052838329,
        0.5303300858899106,
        0.3908679799852858,
        0.625,
        0.5994789404140899,
        0.4841229182759271,
        0.5590169943749475,
        0.3535533905932738,
        0.6123724356957945,
        0.4330127018922193,
        0.5153882032022076,
        0.4330127018922193
    ],
    [
        0.7806247497997998,
        0.5,
        0.625,
        0.649519052838329,
        0.5863019699779287,
        0.7071067811865476,
        0.45069390943299864,
        0.46770717334674267,
        0.770551750371122,
        0.7180703308172536,
        0.7180703308172536,
        0.39528470752104744,
        0.414578098794425,
        0.5863019699779287,
        0.649519052838329,
        0.414578098794425,
        0.4330127018922193,
        0.3535533905932738,
        0.46770717334674267,
        0.45069390943299864,
        0.33071891388307384,
        0.4330127018922193,
        0.5303300858899106,
        0.0,
        0.2795084971874737,
        0.44300112866673375,
        0.4639803635691685,
        0.5319643889501544,
        0.4330127018922193,
        0.39528470752104744,
        0.501733107449679,
        0.5153882032022076,
        0.5416666666666666,
        0.57282196186948,
        0.46770717334674267,
        0.580409338312195,
        0.4841229182759271,
        0.46770717334674267,
        0.5153882032022076,
        0.4330127018922193,
        0.4965156369922077,
        0.5303300858899106,
        0.5863019699779287,
        0.45069390943299864,
        0.5,
        0.4330127018922193,
        0.4841229182759271,
        0.39528470752104744,
        0.414578098794425,
        0.5590169943749475
    ],
    [
        0.6846531968814576,
        0.5153882032022076,
        0.5303300858899106,
        0.6614378277661477,
        0.6614378277661477,
        0.673145600891813,
        0.2795084971874737,
        0.3535533905932738,
        0.75,
        0.770551750371122,
        0.5994789404140899,
        0.33071891388307384,
        0.30618621784789724,
        0.5994789404140899,
        0.6614378277661477,
        0.39528470752104744,
        0.45069390943299864,
        0.375,
        0.5590169943749475,
        0.5,
        0.375,
        0.414578098794425,
        0.4330127018922193,
        0.2795084971874737,
        0.0,
        0.5086747487343951,
        0.41036907507483766,
        0.501733107449679,
        0.45069390943299864,
        0.3535533905932738,
        0.4859126579037751,
        0.39528470752104744,
        0.6095307849303248,
        0.625,
        0.4330127018922193,
        0.5937171043518958,
        0.375,
        0.414578098794425,
        0.5303300858899106,
        0.4330127018922193,
        0.42898458920779164,
        0.57282196186948,
        0.5303300858899106,
        0.46770717334674267,
        0.5153882032022076,
        0.375,
        0.5153882032022076,
        0.30618621784789724,
        0.39528470752104744,
        0.46770717334674267
    ],
    [
        0.7762087348130012,
        0.5385164807134504,
        0.6015604707757982,
        0.5494315243958978,
        0.6015604707757982,
        0.6910137480542626,
        0.5238081709939241,
        0.5667892024377317,
        0.5695392874947259,
        0.7348469228349535,
        0.724137417898012,
        0.4930770730829005,
        0.5086747487343951,
        0.6194755846681933,
        0.6485560885536423,
        0.4930770730829005,
        0.4602988159880492,
        0.4602988159880492,
        0.44300112866673375,
        0.5238081709939241,
        0.4930770730829005,
        0.4930770730829005,
        0.6194755846681933,
        0.44300112866673375,
        0.5086747487343951,
        0.0,
        0.5164650144115389,
        0.4863412153804958,
        0.4930770730829005,
        0.4602988159880492,
        0.5468343238840973,
        0.5667892024377317,
        0.4910306620885412,
        0.4930770730829005,
        0.5385164807134504,
        0.40233692348577704,
        0.5385164807134504,
        0.5086747487343951,
        0.5937171043518958,
        0.44300112866673375,
        0.5458810411720773,
        0.5385164807134504,
        0.6442049363362563,
        0.44300112866673375,
        0.5086747487343951,
        0.5528336096873995,
        0.4602988159880492,
        0.5086747487343951,
        0.44300112866673375,
        0.6319612329882269
    ],
    [
        0.8175590362645243,
        0.4965156369922077,
        0.6180165405913053,
        0.5980291706003051,
        0.6305310812675649,
        0.5697830971323893,
        0.4805234414446165,
        0.4965156369922077,
        0.5464532103585001,
        0.7264831572567789,
        0.7580585582775105,
        0.41036907507483766,
        0.42898458920779164,
        0.5120085719768545,
        0.6833841444523635,
        0.42898458920779164,
        0.4639803635691685,
        0.42898458920779164,
        0.5965758776365148,
        0.5270462766947299,
        0.42898458920779164,
        0.41036907507483766,
        0.4639803635691685,
        0.4639803635691685,
        0.41036907507483766,
        0.5164650144115389,
        0.0,
        0.4289845892077917,
        0.5833333333333334,
        0.44682522061515034,
        0.44682522061515034,
        0.5120085719768545,
        0.5743353646704259,
        0.5833333333333334,
        0.5559026693385972,
        0.5181430518903272,
        0.4805234414446165,
        0.44682522061515034,
        0.5697830971323893,
        0.5120085719768545,
        0.375,
        0.5270462766947299,
        0.5559026693385972,
        0.4639803635691685,
        0.5416666666666666,
        0.5270462766947299,
        0.5833333333333334,
        0.4639803635691685,
        0.4965156369922077,
        0.6346477588219923
    ],
    [
        0.7511565157216644,
        0.5605676686280713,
        0.4750730937913075,
        0.584819535317425,
        0.6782841915041544,
        0.7083333333333334,
        0.4859126579037751,
        0.4859126579037751,
        0.4639803635691685,
        0.8759915017345267,
        0.6972166887783964,
        0.4166666666666667,
        0.4166666666666667,
        0.6627489050244528,
        0.7716774657271723,
        0.46955948623269356,
        0.46955948623269356,
        0.4166666666666667,
        0.5877806658194119,
        0.6263873490988712,
        0.5464532103585001,
        0.4859126579037751,
        0.5464532103585001,
        0.5319643889501544,
        0.501733107449679,
        0.4863412153804958,
        0.4289845892077917,
        0.0,
        0.5170697352496191,
        0.501733107449679,
        0.375,
        0.46955948623269356,
        0.6222160217945033,
        0.6137883276106765,
        0.5464532103585001,
        0.5468343238840973,
        0.452615853800009,
        0.5170697352496191,
        0.6972166887783964,
        0.5877806658194119,
        0.44682522061515034,
        0.6263873490988712,
        0.6508541396588879,
        0.501733107449679,
        0.5743353646704259,
        0.452615853800009,
        0.6137883276106765,
        0.4350127712046063,
        0.46955948623269356,
        0.5605676686280713
    ],
    [
        0.4841229182759271,
        0.5863019699779287,
        0.45069390943299864,
        0.739509972887452,
        0.739509972887452,
        0.7603453162872774,
        0.30618621784789724,
        0.3535533905932738,
        0.7603453162872774,
        0.9185586535436918,
        0.45069390943299864,
        0.4330127018922193,
        0.39528470752104744,
        0.7180703308172536,
        0.7905694150420949,
        0.46770717334674267,
        0.46770717334674267,
        0.39528470752104744,
        0.5448623679425842,
        0.57282196186948,
        0.5,
        0.5,
        0.45069390943299864,
        0.4330127018922193,
        0.45069390943299864,
        0.4930770730829005,
        0.5833333333333334,
        0.5170697352496191,
        0.0,
        0.4841229182759271,
        0.5743353646704259,
        0.33071891388307384,
        0.6095307849303248,
        0.5153882032022076,
        0.33071891388307384,
        0.5667892024377317,
        0.39528470752104744,
        0.5,
        0.6846531968814576,
        0.5590169943749475,
        0.4805234414446165,
        0.6123724356957945,
        0.7071067811865476,
        0.45069390943299864,
        0.5994789404140899,
        0.25,
        0.3535533905932738,
        0.33071891388307384,
        0.45069390943299864,
        0.375
    ],
    [
        0.739509972887452,
        0.45069390943299864,
        0.5863019699779287,
        0.5863019699779287,
        0.6846531968814576,
        0.6123724356957945,
        0.375,
        0.4330127018922193,
        0.739509972887452,
        0.7071067811865476,
        0.625,
        0.30618621784789724,
        0.3535533905932738,
        0.5448623679425842,
        0.6123724356957945,
        0.33071891388307384,
        0.33071891388307384,
        0.2795084971874737,
        0.39528470752104744,
        0.5153882032022076,
        0.4330127018922193,
        0.375,
        0.4330127018922193,
        0.39528470752104744,
        0.3535533905932738,
        0.4602988159880492,
        0.44682522061515034,
        0.501733107449679,
        0.4841229182759271,
        0.0,
        0.5170697352496191,
        0.45069390943299864,
        0.5697830971323893,
        0.5863019699779287,
        0.5,
        0.5667892024377317,
        0.39528470752104744,
        0.3535533905932738,
        0.5303300858899106,
        0.3535533905932738,
        0.4805234414446165,
        0.5153882032022076,
        0.5590169943749475,
        0.375,
        0.45069390943299864,
        0.414578098794425,
        0.5153882032022076,
        0.3535533905932738,
