[
    [
        0.0,
        1.346291201783626,
        1.479019945774904,
        1.505199322349037,
        1.346291201783626,
        1.4142135623730951,
        1.3806701271484076,
        1.6345871038277526,
        1.5562374497485916,
        1.3050383136138188,
        2.179449471770337,
        1.346291201783626,
        1.505199322349037,
        1.5461646096066226,
        1.4197270864500684,
        1.4306903927824497,
        1.5761900266148114,
        1.352081728298996,
        1.5612494995995996,
        1.489546910976623,
        1.3169567191065923,
        1.7230060940112777,
        1.505199322349037,
        1.375,
        1.6441183047457382,
        1.375,
        2.436698586202241,
        1.3806701271484076,
        1.3287682265918312,
        1.956559480312316,
        1.357847561400027,
        2.117634293262177,
        1.4415703243338496,
        1.541103500742244,
        1.5,
        1.4142135623730951,
        1.4577379737113252,
        1.299038105676658,
        1.375,
        1.4684175155588413,
        1.6007810593582121,
        1.479019945774904,
        1.4086784586980805,
        1.4306903927824497,
        1.713913650100261,
        1.741048534648015,
        1.4523687548277813,
        2.6427968139832467,
        1.4306903927824497,
        1.3050383136138188
    ],
    [
        1.346291201783626,
        0.0,
        1.5155444566227676,
        1.4469796128487782,
        1.243734296383275,
        1.2624381172952597,
        1.4197270864500684,
        1.2747548783981961,
        1.479019945774904,
        1.2808688457449497,
        2.125,
        1.2747548783981961,
        1.3863170633011772,
        1.4523687548277813,
        1.3635890143294642,
        1.3228756555322954,
        1.5360257159305635,
        1.25,
        1.357847561400027,
        1.4197270864500684,
        1.224744871391589,
        1.620185174601965,
        1.3228756555322954,
        1.3287682265918312,
        1.6056540723331412,
        1.224744871391589,
        2.7012728481217887,
        1.2562344526401112,
        1.2054563451241194,
        1.7633419974582356,
        1.2930100540985752,
        2.229069312515876,
        1.346291201783626,
        1.5206906325745548,
        1.2930100540985752,
        1.1989578808281798,
        1.5258194519667128,
        1.192424001771182,
        1.2624381172952597,
        1.4361406616345072,
        1.346291201783626,
        1.352081728298996,
        1.3287682265918312,
        1.3050383136138188,
        1.920286436967152,
        1.6007810593582121,
        1.3228756555322954,
        2.582997289971478,
        1.4306903927824497,
        1.165922381636102
    ],
    [
        1.479019945774904,
        1.5155444566227676,
        0.0,
        1.6345871038277526,
        1.4842927608797396,
        1.4142135623730951,
        1.620185174601965,
        1.8200274723201295,
        1.5309310892394863,
        1.4086784586980805,
        1.8540496217739157,
        1.4523687548277813,
        1.6723860200324565,
        1.3919410907075054,
        1.5811388300841898,
        1.4630874888399532,
        1.709349291397168,
        1.6105123408406408,
        1.4947825928876748,
        1.541103500742244,
        1.4415703243338496,
        1.7897276329095442,
        1.6056540723331412,
        1.4361406616345072,
        1.595893166850463,
        1.5512092057488571,
        2.375,
        1.58607219255619,
        1.489546910976623,
        1.996089927833914,
        1.5,
        1.8371173070873836,
        1.3050383136138188,
        1.4523687548277813,
        1.595893166850463,
        1.5258194519667128,
        1.3635890143294642,
        1.4577379737113252,
        1.4947825928876748,
        1.5461646096066226,
        1.8915932438026946,
        1.541103500742244,
        1.5103807466993215,
        1.7365554986812255,
        1.58607219255619,
        1.948557158514987,
        1.4577379737113252,
        2.1139418156609704,
        1.4252192813739224,
        1.4947825928876748
    ],
    [
        1.505199322349037,
        1.4469796128487782,
        1.6345871038277526,
        0.0,
        1.3863170633011772,
        1.346291201783626,
        1.3919410907075054,
        1.4737282653189494,
        1.340475661845451,
        1.375,
        2.1286732957408003,
        1.3287682265918312,
        1.2686114456365274,
        1.4142135623730951,
        1.334634781503914,
        1.334634781503914,
        1.58607219255619,
        1.3806701271484076,
        1.3169567191065923,
        1.3693063937629153,
        1.357847561400027,
        1.334634781503914,
        1.352081728298996,
        1.4197270864500684,
        1.4947825928876748,
        1.4142135623730951,
        2.433490291741473,
        1.375,
        1.3693063937629153,
        1.6770509831248424,
        1.4197270864500684,
        2.050152433357091,
        1.4142135623730951,
        1.5,
        1.334634781503914,
        1.299038105676658,
        1.653594569415369,
        1.4142135623730951,
        1.4086784586980805,
        1.5,
        1.4947825928876748,
        1.2624381172952597,
        1.4306903927824497,
        1.4252192813739224,
        1.8833148966649205,
        1.4630874888399532,
        1.3050383136138188,
        2.301494079940246,
        1.6105123408406408,
        1.3806701271484076
    ],
    [
        1.346291201783626,
        1.243734296383275,
        1.4842927608797396,
        1.3863170633011772,
        0.0,
        1.3110110602126894,
        1.4737282653189494,
        1.2808688457449497,
        1.403121520040228,
        1.1726039399558574,
        2.225561726845607,
        1.243734296383275,
        1.25,
        1.299038105676658,
        1.3050383136138188,
        1.243734296383275,
        1.6677080080157918,
        1.103970108290981,
        1.334634781503914,
        1.4086784586980805,
        1.1858541225631423,
        1.5155444566227676,
        1.25,
        1.2624381172952597,
        1.625,
        1.14564392373896,
        2.6780356607035687,
        1.192424001771182,
        1.0897247358851685,
        1.8540496217739157,
        1.243734296383275,
        2.1866069605669876,
        1.3228756555322954,
        1.5309310892394863,
        1.2686114456365274,
        1.1110243021644486,
        1.4086784586980805,
        1.2119199643540823,
        1.1726039399558574,
        1.4842927608797396,
        1.3110110602126894,
        1.2747548783981961,
        1.2747548783981961,
        1.1388041973930374,
        1.8666480653835098,
        1.5155444566227676,
        1.3050383136138188,
        2.54644359843292,
        1.357847561400027,
        1.2183492931011204
    ],
    [
        1.4142135623730951,
        1.2624381172952597,
        1.4142135623730951,
        1.346291201783626,
        1.3110110602126894,
        0.0,
        1.4306903927824497,
        1.5,
        1.4142135623730951,
        1.2624381172952597,
        2.168668946612184,
        1.2183492931011204,
        1.403121520040228,
        1.4306903927824497,
        1.375,
        1.375,
        1.5103807466993215,
        1.2562344526401112,
        1.3635890143294642,
        1.375,
        1.2808688457449497,
        1.58607219255619,
        1.3919410907075054,
        1.243734296383275,
        1.6153559979150107,
        1.2808688457449497,
        2.433490291741473,
        1.299038105676658,
        1.2054563451241194,
        1.8666480653835098,
        1.3287682265918312,
        2.1028254801575903,
        1.334634781503914,
        1.5155444566227676,
        1.3863170633011772,
        1.2686114456365274,
        1.4252192813739224,
        1.224744871391589,
        1.2747548783981961,
        1.5,
        1.489546910976623,
        1.403121520040228,
        1.286953767623375,
        1.3863170633011772,
        1.8498310733685928,
        1.7001838135919305,
        1.3919410907075054,
        2.381569860407206,
        1.4142135623730951,
        1.192424001771182
    ],
    [
        1.3806701271484076,
        1.4197270864500684,
        1.620185174601965,
        1.3919410907075054,
        1.4737282653189494,
        1.4306903927824497,
        0.0,
        1.648863244784115,
        1.4086784586980805,
        1.4947825928876748,
        1.9364916731037085,
        1.4842927608797396,
        1.3635890143294642,
        1.590990257669732,
        1.3806701271484076,
        1.3806701271484076,
        1.7365554986812255,
        1.4630874888399532,
        1.352081728298996,
        1.4252192813739224,
        1.4142135623730951,
        1.5258194519667128,
        1.4947825928876748,
        1.4361406616345072,
        1.648863244784115,
        1.5206906325745548,
        2.318404623873926,
        1.4523687548277813,
        1.5,
        1.6105123408406408,
        1.5206906325745548,
        1.9162137145944864,
        1.571225636247067,
        1.4577379737113252,
        1.340475661845451,
        1.5103807466993215,
        1.541103500742244,
        1.4197270864500684,
        1.4947825928876748,
        1.4086784586980805,
        1.7001838135919305,
        1.3806701271484076,
        1.5309310892394863,
        1.6007810593582121,
        1.875,
        1.595893166850463,
        1.3863170633011772,
        2.218529918662356,
        1.4142135623730951,
        1.4842927608797396
    ],
    [
        1.6345871038277526,
        1.2747548783981961,
        1.8200274723201295,
        1.4737282653189494,
        1.2808688457449497,
        1.5,
        1.648863244784115,
        0.0,
        1.6441183047457382,
        1.2808688457449497,
        2.407670035532278,
        1.3228756555322954,
        1.224744871391589,
        1.5103807466993215,
        1.3919410907075054,
        1.3863170633011772,
        1.6909686573085854,
        1.159202311936963,
        1.4252192813739224,
        1.489546910976623,
        1.25,
        1.6007810593582121,
        1.1792476415070754,
        1.375,
        1.7721808598447282,
        1.0968705484240153,
        2.8641098093474,
        1.0532687216470449,
        1.165922381636102,
        1.824314939915803,
        1.286953767623375,
        2.45903944661325,
        1.5811388300841898,
        1.79843682124227,
        1.3228756555322954,
        1.1388041973930374,
        1.653594569415369,
        1.3635890143294642,
        1.192424001771182,
        1.5761900266148114,
        0.9842509842514764,
        1.4842927608797396,
        1.4306903927824497,
        0.9682458365518543,
        2.1396553460779613,
        1.5309310892394863,
        1.5,
        2.7866871012009944,
        1.5155444566227676,
        1.2562344526401112
    ],
    [
        1.5562374497485916,
        1.479019945774904,
        1.5309310892394863,
        1.340475661845451,
        1.403121520040228,
        1.4142135623730951,
        1.4086784586980805,
        1.6441183047457382,
        0.0,
        1.352081728298996,
        1.984313483298443,
        1.4361406616345072,
        1.4306903927824497,
        1.5155444566227676,
        1.2562344526401112,
        1.3693063937629153,
        1.704772712123232,
        1.5,
        1.3050383136138188,
        1.25,
        1.4197270864500684,
        1.3806701271484076,
        1.5,
        1.4577379737113252,
        1.5811388300841898,
        1.4197270864500684,
        2.3717082451262845,
        1.4577379737113252,
        1.3975424859373686,
        1.620185174601965,
        1.4197270864500684,
        1.976423537605237,
        1.4469796128487782,
        1.479019945774904,
        1.3693063937629153,
        1.3693063937629153,
        1.5761900266148114,
        1.4086784586980805,
        1.4947825928876748,
        1.403121520040228,
        1.695582495781317,
        1.3635890143294642,
        1.4469796128487782,
        1.5258194519667128,
        1.8114220932736798,
        1.4947825928876748,
        1.3806701271484076,
        2.200852107707376,
        1.5155444566227676,
        1.4469796128487782
    ],
    [
        1.3050383136138188,
        1.2808688457449497,
        1.4086784586980805,
        1.375,
        1.1726039399558574,
        1.2624381172952597,
        1.4947825928876748,
        1.2808688457449497,
        1.352081728298996,
        0.0,
        2.29128784747792,
        1.2808688457449497,
        1.2624381172952597,
        1.3050383136138188,
        1.3050383136138188,
        1.2374368670764582,
        1.6583123951777,
        1.0752906583803283,
        1.357847561400027,
        1.3693063937629153,
        1.159202311936963,
        1.5103807466993215,
        1.192424001771182,
        1.1858541225631423,
        1.541103500742244,
        1.1989578808281798,
        2.6721947908039936,
        1.0968705484240153,
        1.125,
        1.8371173070873836,
        1.2183492931011204,
        2.179449471770337,
        1.346291201783626,
        1.6007810593582121,
        1.2562344526401112,
        1.0680004681646913,
        1.4415703243338496,
        1.165922381636102,
        1.0606601717798212,
        1.4947825928876748,
        1.159202311936963,
        1.3110110602126894,
        1.3050383136138188,
        1.1388041973930374,
        1.9121323175972944,
        1.571225636247067,
        1.299038105676658,
        2.675116819879087,
        1.3635890143294642,
        1.125
    ],
    [
        2.179449471770337,
        2.125,
        1.8540496217739157,
        2.1286732957408003,
        2.225561726845607,
        2.168668946612184,
        1.9364916731037085,
        2.407670035532278,
        1.984313483298443,
        2.29128784747792,
        0.0,
        2.1028254801575903,
        2.277608394786075,
        2.1213203435596424,
        2.050152433357091,
        2.1758618981911515,
        1.964529205687714,
        2.378287198805056,
        2.027159342528357,
        2.050152433357091,
        2.165063509461097,
        2.2810359488618324,
        2.462214450449026,
        2.072890493972125,
        2.0077973005261263,
        2.318404623873926,
        2.027159342528357,
        2.3979157616563596,
        2.315032397181517,
        2.2707377655731187,
        2.165063509461097,
        1.7275343701356567,
        1.9921721813136535,
        1.8666480653835098,
        2.168668946612184,
        2.3251344047172844,
        1.845602882529175,
        2.3217719526258387,
        2.345207879911715,
        1.9243505397925815,
        2.62797450520358,
        2.0348525745124633,
        2.1469455046647083,
        2.5433737436719754,
        1.7721808598447282,
        2.38812164681785,
        2.1542109924517607,
        1.5662455107677085,
        2.042516829796024,
        2.3082731640774234
    ],
    [
        1.346291201783626,
        1.2747548783981961,
        1.4523687548277813,
        1.3287682265918312,
        1.243734296383275,
        1.2183492931011204,
        1.4842927608797396,
        1.3228756555322954,
        1.4361406616345072,
        1.2808688457449497,
        2.1028254801575903,
        0.0,
        1.352081728298996,
        1.340475661845451,
        1.3635890143294642,
        1.3050383136138188,
        1.4684175155588413,
        1.192424001771182,
        1.3975424859373686,
        1.357847561400027,
        1.2054563451241194,
        1.5512092057488571,
        1.334634781503914,
        1.334634781503914,
        1.5360257159305635,
        1.231107225224513,
        2.5155764746872635,
        1.243734296383275,
        1.1858541225631423,
        1.8413649828320293,
        1.224744871391589,
        2.1758618981911515,
        1.352081728298996,
        1.58607219255619,
        1.3050383136138188,
        1.1792476415070754,
        1.4523687548277813,
        1.231107225224513,
        1.2054563451241194,
        1.4523687548277813,
        1.403121520040228,
        1.299038105676658,
        1.3110110602126894,
        1.25,
        1.824314939915803,
        1.6817030058842137,
        1.3693063937629153,
        2.57390753524675,
        1.3863170633011772,
        1.125
    ],
    [
        1.505199322349037,
        1.3863170633011772,
        1.6723860200324565,
        1.2686114456365274,
        1.25,
        1.403121520040228,
        1.3635890143294642,
        1.224744871391589,
        1.4306903927824497,
        1.2624381172952597,
        2.277608394786075,
        1.352081728298996,
        0.0,
        1.4684175155588413,
        1.2183492931011204,
        1.1726039399558574,
        1.7853571071357126,
        1.165922381636102,
        1.2119199643540823,
        1.2808688457449497,
        1.3169567191065923,
        1.231107225224513,
        1.0307764064044151,
        1.375,
        1.5761900266148114,
        1.1524430571616109,
        2.7838821814150108,
        1.125,
        1.25,
        1.6441183047457382,
        1.3169567191065923,
        2.1542109924517607,
        1.58607219255619,
        1.4630874888399532,
        1.0825317547305484,
        1.2119199643540823,
        1.6770509831248424,
        1.2930100540985752,
        1.25,
        1.4197270864500684,
        1.2183492931011204,
        1.334634781503914,
        1.3863170633011772,
        1.1858541225631423,
        2.1065374432940898,
        1.299038105676658,
        1.2747548783981961,
        2.4653853654145026,
        1.5562374497485916,
        1.231107225224513
    ],
    [
        1.5461646096066226,
        1.4523687548277813,
        1.3919410907075054,
        1.4142135623730951,
        1.299038105676658,
        1.4306903927824497,
        1.590990257669732,
        1.5103807466993215,
        1.5155444566227676,
        1.3050383136138188,
        2.1213203435596424,
        1.340475661845451,
        1.4684175155588413,
        0.0,
        1.4197270864500684,
        1.3919410907075054,
        1.5155444566227676,
        1.3287682265918312,
        1.4252192813739224,
        1.5155444566227676,
        1.286953767623375,
        1.7001838135919305,
        1.3806701271484076,
        1.2930100540985752,
        1.403121520040228,
        1.3693063937629153,
        2.4906073556464094,
        1.3863170633011772,
        1.299038105676658,
        1.8413649828320293,
        1.3806701271484076,
        2.0463381929681126,
        1.3806701271484076,
        1.5461646096066226,
        1.4630874888399532,
        1.357847561400027,
        1.4415703243338496,
        1.3050383136138188,
        1.2119199643540823,
        1.4947825928876748,
        1.595893166850463,
        1.4252192813739224,
        1.334634781503914,
        1.3975424859373686,
        1.8791620472966135,
        1.7320508075688772,
        1.3693063937629153,
        2.3518609652783473,
        1.4577379737113252,
        1.3228756555322954
    ],
    [
        1.4197270864500684,
        1.3635890143294642,
        1.5811388300841898,
        1.334634781503914,
        1.3050383136138188,
        1.375,
        1.3806701271484076,
        1.3919410907075054,
        1.2562344526401112,
        1.3050383136138188,
        2.050152433357091,
        1.3635890143294642,
        1.2183492931011204,
        1.4197270864500684,
        0.0,
        1.1792476415070754,
        1.6298006013006623,
        1.3050383136138188,
        1.2624381172952597,
        1.334634781503914,
        1.3050383136138188,
        1.3050383136138188,
        1.192424001771182,
        1.334634781503914,
        1.5512092057488571,
        1.299038105676658,
        2.5186802099512358,
        1.299038105676658,
        1.2808688457449497,
        1.6153559979150107,
        1.2930100540985752,
        1.9121323175972944,
        1.5,
        1.375,
        1.2374368670764582,
        1.299038105676658,
        1.5155444566227676,
        1.340475661845451,
        1.346291201783626,
        1.3635890143294642,
        1.4684175155588413,
        1.2624381172952597,
        1.3287682265918312,
        1.3228756555322954,
        1.9445436482630056,
        1.3635890143294642,
        1.2930100540985752,
        2.414150989478496,
        1.4306903927824497,
        1.243734296383275
    ],
    [
        1.4306903927824497,
        1.3228756555322954,
        1.4630874888399532,
        1.334634781503914,
        1.243734296383275,
        1.375,
        1.3806701271484076,
        1.3863170633011772,
        1.3693063937629153,
        1.2374368670764582,
        2.1758618981911515,
        1.3050383136138188,
        1.1726039399558574,
        1.3919410907075054,
        1.1792476415070754,
        0.0,
        1.695582495781317,
        1.2624381172952597,
        1.2686114456365274,
        1.334634781503914,
        1.243734296383275,
        1.1858541225631423,
        1.165922381636102,
        1.3169567191065923,
        1.4947825928876748,
        1.243734296383275,
        2.622022120425379,
        1.2374368670764582,
        1.2686114456365274,
        1.6298006013006623,
        1.2930100540985752,
        1.9685019685029528,
        1.4306903927824497,
        1.3919410907075054,
        1.1792476415070754,
        1.2054563451241194,
        1.5512092057488571,
        1.2686114456365274,
        1.2624381172952597,
        1.3975424859373686,
        1.3806701271484076,
        1.243734296383275,
        1.3693063937629153,
        1.243734296383275,
        1.875,
        1.334634781503914,
        1.2183492931011204,
        2.4238399287081647,
        1.4577379737113252,
        1.2562344526401112
    ],
    [
        1.5761900266148114,
        1.5360257159305635,
        1.709349291397168,
        1.58607219255619,
        1.6677080080157918,
        1.5103807466993215,
        1.7365554986812255,
        1.6909686573085854,
        1.704772712123232,
        1.6583123951777,
        1.964529205687714,
        1.4684175155588413,
        1.7853571071357126,
        1.5155444566227676,
        1.6298006013006623,
        1.695582495781317,
        0.0,
        1.6153559979150107,
        1.590990257669732,
        1.6298006013006623,
        1.6056540723331412,
        1.920286436967152,
        1.71846588560844,
        1.5309310892394863,
        1.648863244784115,
        1.653594569415369,
        2.407670035532278,
        1.6630168369562588,
        1.6153559979150107,
        1.9525624189766635,
        1.489546910976623,
        2.1866069605669876,
        1.5309310892394863,
        1.7320508075688772,
        1.7001838135919305,
        1.695582495781317,
        1.6298006013006623,
        1.4469796128487782,
        1.5612494995995996,
        1.541103500742244,
        1.8200274723201295,
        1.6863421954040052,
        1.5562374497485916,
        1.80710403685012,
        1.899835519196333,
        1.9121323175972944,
        1.6583123951777,
        2.414150989478496,
        1.5612494995995996,
        1.6105123408406408
    ],
    [
        1.352081728298996,
        1.25,
        1.6105123408406408,
        1.3806701271484076,
        1.103970108290981,
        1.2562344526401112,
        1.4630874888399532,
        1.159202311936963,
        1.5,
        1.0752906583803283,
        2.378287198805056,
        1.192424001771182,
        1.165922381636102,
        1.3287682265918312,
        1.3050383136138188,
        1.2624381172952597,
        1.6153559979150107,
        0.0,
        1.375,
        1.4086784586980805,
        1.1388041973930374,
        1.4737282653189494,
        1.125,
        1.2624381172952597,
        1.6105123408406408,
        1.103970108290981,
        2.8256636388643286,
        1.0077822185373186,
        1.118033988749895,
        1.7230060940112777,
        1.159202311936963,
        2.361805453461398,
        1.4306903927824497,
        1.5761900266148114,
        1.1989578808281798,
        1.0752906583803283,
        1.4684175155588413,
        1.1792476415070754,
        0.9437293044088437,
        1.5360257159305635,
        1.015504800579495,
        1.340475661845451,
        1.2747548783981961,
        1.0077822185373186,
        2.072890493972125,
        1.479019945774904,
        1.3287682265918312,
        2.666341125962693,
        1.4252192813739224,
        1.0532687216470449
    ],
    [
        1.5612494995995996,
        1.357847561400027,
        1.4947825928876748,
        1.3169567191065923,
        1.334634781503914,
        1.3635890143294642,
        1.352081728298996,
        1.4252192813739224,
        1.3050383136138188,
        1.357847561400027,
        2.027159342528357,
        1.3975424859373686,
        1.2119199643540823,
        1.4252192813739224,
        1.2624381172952597,
        1.2686114456365274,
        1.590990257669732,
        1.375,
        0.0,
        1.2374368670764582,
        1.340475661845451,
        1.2686114456365274,
        1.2930100540985752,
        1.4252192813739224,
        1.489546910976623,
        1.3050383136138188,
        2.5155764746872635,
        1.3287682265918312,
        1.3287682265918312,
        1.58607219255619,
        1.334634781503914,
        1.9445436482630056,
        1.4086784586980805,
        1.403121520040228,
        1.1792476415070754,
        1.286953767623375,
        1.5309310892394863,
        1.231107225224513,
        1.3110110602126894,
        1.352081728298996,
        1.5103807466993215,
        1.2808688457449497,
        1.3863170633011772,
        1.3693063937629153,
        1.9162137145944864,
        1.3693063937629153,
        1.2562344526401112,
        2.225561726845607,
        1.4523687548277813,
        1.357847561400027
    ],
    [
        1.489546910976623,
        1.4197270864500684,
        1.541103500742244,
        1.3693063937629153,
        1.4086784586980805,
        1.375,
        1.4252192813739224,
        1.489546910976623,
        1.25,
        1.3693063937629153,
        2.050152433357091,
        1.357847561400027,
        1.2808688457449497,
        1.5155444566227676,
        1.334634781503914,
        1.334634781503914,
        1.6298006013006623,
        1.4086784586980805,
        1.2374368670764582,
        0.0,
        1.3863170633011772,
        1.3863170633011772,
        1.375,
        1.4361406616345072,
        1.4415703243338496,
        1.4415703243338496,
        2.414150989478496,
        1.357847561400027,
        1.4197270864500684,
        1.6105123408406408,
        1.346291201783626,
        1.9724667297574374,
        1.4842927608797396,
        1.541103500742244,
        1.299038105676658,
        1.4577379737113252,
        1.5206906325745548,
        1.3693063937629153,
        1.357847561400027,
        1.3806701271484076,
        1.6056540723331412,
        1.3287682265918312,
        1.4306903927824497,
        1.4684175155588413,
        1.9243505397925815,
        1.3975424859373686,
        1.3110110602126894,
        2.277608394786075,
        1.4737282653189494,
        1.403121520040228
    ],
    [
        1.3169567191065923,
        1.224744871391589,
        1.4415703243338496,
        1.357847561400027,
        1.1858541225631423,
        1.2808688457449497,
        1.4142135623730951,
        1.25,
        1.4197270864500684,
        1.159202311936963,
        2.165063509461097,
        1.2054563451241194,
        1.3169567191065923,
        1.286953767623375,
        1.3050383136138188,
        1.243734296383275,
        1.6056540723331412,
        1.1388041973930374,
        1.340475661845451,
        1.3863170633011772,
        0.0,
        1.505199322349037,
        1.3110110602126894,
        1.2686114456365274,
        1.5512092057488571,
        1.1388041973930374,
        2.6457513110645907,
        1.1726039399558574,
        1.1388041973930374,
        1.7853571071357126,
        1.1792476415070754,
        2.1213203435596424,
        1.299038105676658,
        1.4630874888399532,
        1.299038105676658,
        1.1110243021644486,
        1.4684175155588413,
        1.192424001771182,
        1.159202311936963,
        1.4415703243338496,
        1.340475661845451,
        1.2930100540985752,
        1.3287682265918312,
        1.14564392373896,
        1.79843682124227,
        1.6153559979150107,
        1.2930100540985752,
        2.5890393971509975,
        1.3919410907075054,
        1.2054563451241194
    ],
    [
        1.7230060940112777,
        1.620185174601965,
        1.7897276329095442,
        1.334634781503914,
        1.5155444566227676,
        1.58607219255619,
        1.5258194519667128,
        1.6007810593582121,
        1.3806701271484076,
        1.5103807466993215,
        2.2810359488618324,
        1.5512092057488571,
        1.231107225224513,
        1.7001838135919305,
        1.3050383136138188,
        1.1858541225631423,
        1.920286436967152,
        1.4737282653189494,
        1.2686114456365274,
        1.3863170633011772,
        1.505199322349037,
        0.0,
        1.192424001771182,
        1.595893166850463,
        1.6153559979150107,
        1.4630874888399532,
        2.732901388634431,
        1.5206906325745548,
        1.4737282653189494,
        1.5360257159305635,
        1.5662455107677085,
        1.984313483298443,
        1.6153559979150107,
        1.58607219255619,
        1.2624381172952597,
        1.4306903927824497,
        1.79843682124227,
        1.5562374497485916,
        1.4630874888399532,
        1.505199322349037,
        1.5461646096066226,
        1.3635890143294642,
        1.6298006013006623,
        1.4630874888399532,
        2.1758618981911515,
        1.2686114456365274,
        1.334634781503914,
        2.669269563007828,
        1.704772712123232,
        1.5258194519667128
    ],
    [
        1.505199322349037,
        1.3228756555322954,
        1.6056540723331412,
        1.352081728298996,
        1.25,
        1.3919410907075054,
        1.4947825928876748,
        1.1792476415070754,
        1.5,
        1.192424001771182,
        2.462214450449026,
        1.334634781503914,
        1.0307764064044151,
        1.3806701271484076,
        1.192424001771182,
        1.165922381636102,
        1.71846588560844,
        1.125,
        1.2930100540985752,
        1.375,
        1.3110110602126894,
        1.192424001771182,
        0.0,
        1.3635890143294642,
        1.5155444566227676,
        1.1726039399558574,
        2.968585521759479,
        1.0307764064044151,
        1.1319231422671772,
        1.758905909933786,
        1.334634781503914,
        2.2569337606584736,
        1.5662455107677085,
        1.5,
        1.118033988749895,
        1.1726039399558574,
        1.6105123408406408,
        1.2747548783981961,
        1.125,
        1.4252192813739224,
        1.118033988749895,
        1.2624381172952597,
        1.4086784586980805,
        1.125,
        2.2395591083961146,
        1.2747548783981961,
        1.2054563451241194,
        2.7012728481217887,
        1.5155444566227676,
        1.192424001771182
    ],
    [
        1.375,
        1.3287682265918312,
        1.4361406616345072,
        1.4197270864500684,
        1.2624381172952597,
        1.243734296383275,
        1.4361406616345072,
        1.375,
        1.4577379737113252,
        1.1858541225631423,
        2.072890493972125,
        1.334634781503914,
        1.375,
        1.2930100540985752,
        1.334634781503914,
        1.3169567191065923,
        1.5309310892394863,
        1.2624381172952597,
        1.4252192813739224,
        1.4361406616345072,
        1.2686114456365274,
        1.595893166850463,
        1.3635890143294642,
        0.0,
        1.595893166850463,
        1.3169567191065923,
        2.4206145913796355,
        1.231107225224513,
        1.2562344526401112,
        1.8157298807917437,
        1.243734296383275,
        2.1937410968480306,
        1.3806701271484076,
        1.4469796128487782,
        1.340475661845451,
        1.340475661845451,
        1.3919410907075054,
        1.357847561400027,
        1.243734296383275,
        1.4737282653189494,
        1.5103807466993215,
        1.4252192813739224,
        1.3287682265918312,
        1.352081728298996,
        1.8666480653835098,
        1.653594569415369,
        1.375,
        2.3651109910530628,
        1.3635890143294642,
        1.224744871391589
    ],
    [
        1.6441183047457382,
        1.6056540723331412,
        1.595893166850463,
        1.4947825928876748,
        1.625,
        1.6153559979150107,
        1.648863244784115,
        1.7721808598447282,
        1.5811388300841898,
        1.541103500742244,
        2.0077973005261263,
        1.5360257159305635,
        1.5761900266148114,
        1.403121520040228,
        1.5512092057488571,
        1.4947825928876748,
        1.648863244784115,
        1.6105123408406408,
        1.489546910976623,
        1.4415703243338496,
        1.5512092057488571,
        1.6153559979150107,
        1.5155444566227676,
        1.595893166850463,
        0.0,
        1.6583123951777,
        2.4206145913796355,
        1.6153559979150107,
        1.6007810593582121,
        1.7320508075688772,
        1.5206906325745548,
        1.9525624189766635,
        1.58607219255619,
        1.590990257669732,
        1.5258194519667128,
        1.6056540723331412,
        1.5562374497485916,
        1.5,
        1.5258194519667128,
        1.4684175155588413,
        1.8833148966649205,
        1.3975424859373686,
        1.479019945774904,
        1.7320508075688772,
        1.976423537605237,
        1.7455300054711176,
        1.3228756555322954,
        2.3048861143232218,
        1.6007810593582121,
        1.6393596310755
    ],
    [
        1.375,
        1.224744871391589,
        1.5512092057488571,
        1.4142135623730951,
        1.14564392373896,
        1.2808688457449497,
        1.5206906325745548,
        1.0968705484240153,
        1.4197270864500684,
        1.1989578808281798,
        2.318404623873926,
        1.231107225224513,
        1.1524430571616109,
        1.3693063937629153,
        1.299038105676658,
        1.243734296383275,
        1.653594569415369,
        1.103970108290981,
        1.3050383136138188,
        1.4415703243338496,
        1.1388041973930374,
        1.4630874888399532,
        1.1726039399558574,
        1.3169567191065923,
        1.6583123951777,
        0.0,
        2.850438562747845,
        1.0307764064044151,
        1.1110243021644486,
        1.8498310733685928,
        1.159202311936963,
        2.315032397181517,
        1.4684175155588413,
        1.620185174601965,
        1.2119199643540823,
        1.0077822185373186,
        1.5155444566227676,
        1.165922381636102,
        1.118033988749895,
        1.479019945774904,
        1.1524430571616109,
        1.357847561400027,
        1.2119199643540823,
        1.015504800579495,
        1.9921721813136535,
        1.571225636247067,
        1.3975424859373686,
        2.7866871012009944,
        1.3919410907075054,
        1.0825317547305484
    ],
    [
        2.436698586202241,
        2.7012728481217887,
        2.375,
        2.433490291741473,
        2.6780356607035687,
        2.433490291741473,
        2.318404623873926,
        2.8641098093474,
        2.3717082451262845,
        2.6721947908039936,
        2.027159342528357,
        2.5155764746872635,
        2.7838821814150108,
        2.4906073556464094,
        2.5186802099512358,
        2.622022120425379,
        2.407670035532278,
        2.8256636388643286,
        2.5155764746872635,
        2.414150989478496,
        2.6457513110645907,
        2.732901388634431,
        2.968585521759479,
        2.4206145913796355,
        2.4206145913796355,
        2.850438562747845,
        0.0,
        2.8722813232690143,
        2.724311839712921,
        2.5093574874855915,
        2.62797450520358,
        2.0766559657295187,
        2.42706097986845,
        2.3082731640774234,
        2.6398390102428593,
        2.7810744326608736,
        2.2980970388562794,
        2.7894892005526746,
        2.806243040080456,
        2.401171589037318,
        3.225871975140985,
        2.468552207266437,
        2.4748737341529163,
        3.119995993587171,
        2.1323402636539974,
        2.811805469800498,
        2.5433737436719754,
        1.976423537605237,
        2.436698586202241,
        2.724311839712921
    ],
    [
        1.3806701271484076,
        1.2562344526401112,
        1.58607219255619,
        1.375,
        1.192424001771182,
        1.299038105676658,
        1.4523687548277813,
        1.0532687216470449,
        1.4577379737113252,
        1.0968705484240153,
        2.3979157616563596,
        1.243734296383275,
        1.125,
        1.3863170633011772,
        1.299038105676658,
        1.2374368670764582,
        1.6630168369562588,
        1.0077822185373186,
        1.3287682265918312,
        1.357847561400027,
        1.1726039399558574,
        1.5206906325745548,
        1.0307764064044151,
        1.231107225224513,
        1.6153559979150107,
        1.0307764064044151,
        2.8722813232690143,
        0.0,
        1.0606601717798212,
        1.824314939915803,
        1.231107225224513,
        2.4173849507267144,
        1.505199322349037,
        1.625,
        1.1319231422671772,
        1.0897247358851685,
        1.590990257669732,
        1.1858541225631423,
        1.0825317547305484,
        1.489546910976623,
        0.9762812094883317,
        1.3919410907075054,
        1.25,
        1.0606601717798212,
        2.042516829796024,
        1.5461646096066226,
        1.340475661845451,
        2.6487025125521364,
        1.4142135623730951,
        1.0825317547305484
    ],
    [
        1.3287682265918312,
        1.2054563451241194,
        1.489546910976623,
        1.3693063937629153,
        1.0897247358851685,
        1.2054563451241194,
        1.5,
        1.165922381636102,
        1.3975424859373686,
        1.125,
        2.315032397181517,
        1.1858541225631423,
        1.25,
        1.299038105676658,
        1.2808688457449497,
        1.2686114456365274,
        1.6153559979150107,
        1.118033988749895,
        1.3287682265918312,
        1.4197270864500684,
        1.1388041973930374,
        1.4737282653189494,
        1.1319231422671772,
        1.2562344526401112,
        1.6007810593582121,
        1.1110243021644486,
        2.724311839712921,
        1.0606601717798212,
        0.0,
        1.8791620472966135,
        1.224744871391589,
        2.225561726845607,
        1.352081728298996,
        1.5461646096066226,
        1.2808688457449497,
        1.103970108290981,
        1.4842927608797396,
        1.1792476415070754,
        1.1110243021644486,
        1.489546910976623,
        1.243734296383275,
        1.3228756555322954,
        1.2686114456365274,
        1.0752906583803283,
        1.9121323175972944,
        1.5562374497485916,
        1.2930100540985752,
        2.747157621979489,
        1.352081728298996,
        1.0606601717798212
    ],
    [
        1.956559480312316,
        1.7633419974582356,
        1.996089927833914,
        1.6770509831248424,
        1.8540496217739157,
        1.8666480653835098,
        1.6105123408406408,
        1.824314939915803,
        1.620185174601965,
        1.8371173070873836,
        2.2707377655731187,
        1.8413649828320293,
        1.6441183047457382,
        1.8413649828320293,
        1.6153559979150107,
        1.6298006013006623,
        1.9525624189766635,
        1.7230060940112777,
        1.58607219255619,
        1.6105123408406408,
        1.7853571071357126,
        1.5360257159305635,
        1.758905909933786,
        1.8157298807917437,
        1.7320508075688772,
        1.8498310733685928,
        2.5093574874855915,
        1.824314939915803,
        1.8791620472966135,
        0.0,
        1.8285923547909742,
        2.084166500066633,
        1.920286436967152,
        1.845602882529175,
        1.4947825928876748,
        1.8157298807917437,
