[
    [
        0.0,
        1.7420555826555089,
        0.9119389524859789,
        1.6043626746583002,
        1.2272158218786893,
        1.6079402783609564,
        1.001752291268268,
        1.2856040517117926,
        1.4692858879088722,
        1.5589970938957873,
        1.2874492262625667,
        1.566041903940619,
        1.4430074179169228,
        1.4528121920283168,
        1.9293153327181185,
        1.267982891148338,
        1.5358181028031799,
        1.7097223488637217,
        1.4142135623730951,
        1.2644572119357484,
        1.6404291063807739,
        1.5218435047866206,
        1.3871346631441899,
        1.596592353375508,
        1.3671441218418126,
        1.7285492914757232,
        1.4154531617334516,
        1.5673648755351208,
        1.0429916742970966,
        1.2761299514787765,
        1.317817352175993,
        1.1128883179202058,
        1.4237642332341167,
        1.4755783100894204,
        1.1110243021644484,
        1.546065612304672,
        1.4043709100736972,
        1.6451846866115745,
        1.5519399388172679,
        1.5746832276917457,
        1.3744716568925337,
        1.5115414824149633,
        1.2369213757534947,
        1.692005512124953,
        1.5024469836821233,
        1.572037219790983,
        1.2676005776622996,
        1.4502814645890678,
        1.5723414556200013,
        0.7678571428571428
    ],
    [
        1.7420555826555089,
        0.0,
        1.4252192813739224,
        1.346291201783626,
        1.340475661845451,
        1.2090802289343747,
        1.3863170633011772,
        1.3222193043852026,
        1.2183492931011204,
        1.3820274961085255,
        1.5414138421115409,
        1.4684175155588413,
        1.4415703243338496,
        1.3984366270946995,
        1.346291201783626,
        1.2657175104763823,
        1.231107225224513,
        1.2562344526401112,
        1.2045301395742893,
        1.2054563451241194,
        1.2562344526401112,
        1.3050383136138188,
        1.3584866989084254,
        1.2747548783981961,
        1.241638702145945,
        1.346291201783626,
        1.2624381172952597,
        1.159202311936963,
        1.535822255340767,
        1.224744871391589,
        1.3176156917368247,
        1.489546910976623,
        1.1858541225631423,
        1.4529663145135578,
        1.3919410907075054,
        1.345826883369477,
        1.25,
        1.2686114456365274,
        1.1666666666666667,
        1.3888194427082465,
        1.315637783653912,
        1.1858541225631423,
        1.2686114456365274,
        1.3169567191065923,
        1.149456393257265,
        1.3169567191065923,
        1.2884098726725126,
        1.2183492931011204,
        1.286953767623375,
        1.3806701271484076
    ],
    [
        0.9119389524859789,
        1.4252192813739224,
        0.0,
        0.8926785535678563,
        1.1110243021644486,
        1.3950806428303706,
        0.81967981553775,
        1.211203487812386,
        1.3050383136138188,
        1.4210471491122314,
        1.2621855033623066,
        1.4306903927824497,
        1.3110110602126894,
        1.3573871960498227,
        1.6630168369562588,
        1.0847387534633885,
        1.3169567191065923,
        1.231107225224513,
        1.1471737675963587,
        1.0458250331675945,
        0.9185586535436918,
        0.960143218483576,
        1.1118053386771944,
        1.243734296383275,
        0.9592387027684449,
        0.81967981553775,
        0.8569568250501305,
        1.1792476415070754,
        1.0822430410956683,
        0.8385254915624212,
        0.8848650242331376,
        0.875,
        1.0458250331675945,
        1.2506942516503028,
        0.9682458365518543,
        0.9565563234854496,
        0.7071067811865476,
        1.0,
        1.2631255326020099,
        1.4385563751360058,
        0.8994597143717876,
        1.2374368670764582,
        1.0458250331675945,
        1.118033988749895,
        1.1426394882026438,
        0.9354143466934853,
        0.9539392014169457,
        1.2374368670764582,
        1.2747548783981961,
        0.6373774391990981
    ],
    [
        1.6043626746583002,
        1.346291201783626,
        0.8926785535678563,
        0.0,
        1.1388041973930374,
        1.182951816432098,
        0.9270248108869579,
        1.0466547239233726,
        1.1792476415070754,
        1.4267533073380276,
        1.532076255628689,
        1.5258194519667128,
        1.192424001771182,
        1.45,
        1.3863170633011772,
        1.0255038582400877,
        1.357847561400027,
        1.0897247358851685,
        1.1713795721459446,
        0.9921567416492215,
        0.8003905296791061,
        0.875,
        1.1016086722001905,
        1.2686114456365274,
        1.0952866190079096,
        0.75,
        0.9270248108869579,
        1.0825317547305484,
        1.1789826122551597,
        0.8385254915624212,
        0.8498365855987975,
        0.8660254037844386,
        1.0606601717798212,
        1.0391636594449938,
        1.14564392373896,
        0.8250000000000001,
        0.8100925873009825,
        0.9013878188659973,
        1.1118053386771944,
        1.4439769542636214,
        0.8364524958285304,
        1.231107225224513,
        1.0532687216470449,
        0.9185586535436918,
        1.114955156048888,
        0.9185586535436918,
        0.9781998773256926,
        1.1726039399558574,
        1.2374368670764582,
        0.8838834764831844
    ],
    [
        1.2272158218786893,
        1.340475661845451,
        1.1110243021644486,
        1.1388041973930374,
        0.0,
        1.2116620816052635,
        1.1524430571616109,
        0.952883052169106,
        1.2119199643540823,
        1.015504800579495,
        1.1422989708371054,
        1.286953767623375,
        1.118033988749895,
        1.1789826122551597,
        1.479019945774904,
        1.011256795340555,
        1.0680004681646913,
        1.1319231422671772,
        1.0819424614072222,
        1.0532687216470449,
        1.3635890143294642,
        1.2624381172952597,
        1.0752906583803283,
        1.0680004681646913,
        0.9583333333333334,
        1.286953767623375,
        1.1726039399558574,
        1.1388041973930374,
        0.9962429422585637,
        1.1524430571616109,
        0.9886508764753894,
        1.1388041973930374,
        1.0383279828647594,
        1.0801234497346432,
        1.1726039399558574,
        1.0822430410956683,
        1.340475661845451,
        1.1792476415070754,
        1.0274023338281628,
        0.9798313346920706,
        1.1441275181454984,
        1.224744871391589,
        1.0077822185373186,
        1.357847561400027,
        1.1205467415507486,
        1.0897247358851685,
        0.9797958971132712,
        0.9762812094883317,
        1.1792476415070754,
        1.0307764064044151
    ],
    [
        1.6079402783609564,
        1.2090802289343747,
        1.3950806428303706,
        1.182951816432098,
        1.2116620816052635,
        0.0,
        1.2409673645990857,
        1.2253684253226773,
        1.1742018565817378,
        1.3407087677791922,
        1.5082722579433836,
        1.466074691139575,
        1.3379088160259651,
        1.3047988350699888,
        1.3083864108129524,
        1.119493325626575,
        1.161087851973312,
        1.126665433924375,
        1.14010830133611,
        1.2026013470805694,
        1.0793516572461452,
        1.0865656906050365,
        1.2570909982088718,
        1.2903487900563941,
        1.169074895424203,
        1.2597122687344122,
        1.093732142711368,
        1.1905880899790657,
        1.3808964479641477,
        1.1357816691600546,
        1.1544599507032618,
        1.2346558224865747,
        1.149456393257265,
        1.1189963260787668,
        1.1616260155488942,
        1.2272937708633578,
        1.1288821904875637,
        1.1008519428152,
        1.0728013692095,
        1.3361428732653473,
        1.0758071904905224,
        1.1629703349613008,
        1.2529964086141667,
        1.1984364814206885,
        1.0458250331675945,
        1.107925990308017,
        1.0793516572461452,
        1.1763290356018592,
        1.0553435459602716,
        1.1960873713905686
    ],
    [
        1.001752291268268,
        1.3863170633011772,
        0.81967981553775,
        0.9270248108869579,
        1.1524430571616109,
        1.2409673645990857,
        0.0,
        0.9930312739844155,
        1.0968705484240153,
        1.1675294428835619,
        1.2063818395753236,
        1.3693063937629153,
        1.165922381636102,
        1.149456393257265,
        1.4197270864500684,
        0.9707127089233488,
        1.2374368670764582,
        1.0825317547305484,
        1.0990487538163656,
        0.9013878188659973,
        0.9762812094883317,
        0.9185586535436918,
        0.9195031871130797,
        1.1858541225631423,
        0.9745012969605417,
        0.9100137361600648,
        0.9354143466934853,
        1.0897247358851685,
        1.1656543226874767,
        0.8477912478906585,
        0.8579691784155834,
        0.8100925873009825,
        0.9762812094883317,
        1.0466547239233726,
        1.0231690964840563,
        0.8975661535508122,
        0.7905694150420949,
        0.9270248108869579,
        1.125771340508858,
        1.4000248013676202,
        0.9166666666666666,
        1.0231690964840563,
        0.8926785535678563,
        1.0,
        1.114955156048888,
        0.9270248108869579,
        0.8947765084086641,
        1.0307764064044151,
        1.1110243021644486,
        0.7180703308172536
    ],
    [
        1.2856040517117926,
        1.3222193043852026,
        1.211203487812386,
        1.0466547239233726,
        0.952883052169106,
        1.2253684253226773,
        0.9930312739844155,
        0.0,
        1.1584532312048204,
        1.1161379345264137,
        1.219279530581952,
        1.3642254619787417,
        1.068812944865055,
        1.199855315351721,
        1.4258282193557228,
        0.974446758556244,
        1.162193806748446,
        1.1887785514739255,
        1.0872508967444705,
        0.927960727138337,
        1.2506942516503028,
        1.0976616560266244,
        1.0532687216470449,
        1.0889278621143317,
        1.0060580389708031,
        1.1531960419248373,
        1.165177621175797,
        1.217636599683538,
        0.9977753031397177,
        1.0913167378090662,
        0.9013878188659973,
        0.9930312739844155,
        1.0391636594449938,
        1.0086432030758503,
        1.2169234888758527,
        1.0088497300281039,
        1.1799835215421914,
        1.1464013743498005,
        1.0976616560266244,
        1.1799835215421914,
        1.1219093348196882,
        1.1464013743498005,
        1.011221758292633,
        1.1799835215421914,
        1.1930644482917836,
        1.1118053386771944,
        1.0452604672733226,
        1.0466547239233726,
        1.2631255326020099,
        1.0391636594449938
    ],
    [
        1.4692858879088722,
        1.2183492931011204,
        1.3050383136138188,
        1.1792476415070754,
        1.2119199643540823,
        1.1742018565817378,
        1.0968705484240153,
        1.1584532312048204,
        0.0,
        1.1472793905583767,
        1.395715930690652,
        1.4361406616345072,
        1.2686114456365274,
        1.2619429464123963,
        1.2686114456365274,
        1.1390841738440758,
        1.1726039399558574,
        1.14564392373896,
        1.1740986555912687,
        1.1388041973930374,
        1.1792476415070754,
        1.1524430571616109,
        1.1531960419248373,
        1.0532687216470449,
        1.1000315652036738,
        1.3110110602126894,
        1.14564392373896,
        1.159202311936963,
        1.3917165659716781,
        1.103970108290981,
        1.068812944865055,
        1.1858541225631423,
        1.0307764064044151,
        1.1569536147429016,
        1.2183492931011204,
        1.155692433132622,
        1.14564392373896,
        1.103970108290981,
        1.1531960419248373,
        1.3430634551071832,
        1.1234557302260635,
        1.0752906583803283,
        1.125,
        1.1726039399558574,
        1.0865656906050365,
        1.14564392373896,
        1.1939953936259553,
        1.0752906583803283,
        1.1319231422671772,
        1.165922381636102
    ],
    [
        1.5589970938957873,
        1.3820274961085255,
        1.4210471491122314,
        1.4267533073380276,
        1.015504800579495,
        1.3407087677791922,
        1.1675294428835619,
        1.1161379345264137,
        1.1472793905583767,
        0.0,
        1.1984205166359083,
        1.2852528934026952,
        1.2730377056474014,
        1.1765946625750094,
        1.404457190518814,
        1.1939419788999763,
        1.0928746497197197,
        1.121104366238933,
        1.1210190335000505,
        1.1675294428835619,
        1.4590236461414874,
        1.3649633694718697,
        1.0957303500405564,
        1.2070107704573312,
        1.1003156112881634,
        1.4908051515875576,
        1.3360389215887387,
        1.2452409405412272,
        1.2514991010783827,
        1.2700885795880539,
        1.1475819990068006,
        1.304559312564975,
        1.1127106542133944,
        1.2044189470445905,
        1.4022303662380158,
        1.2165525060596438,
        1.3418736900319643,
        1.2944593465999619,
        1.19428616522358,
        1.123548446267944,
        1.2355835328567093,
        1.2134661099511597,
        1.1418187246669236,
        1.3242922638149028,
        1.1288821904875637,
        1.2740192306240907,
        1.1489125293076057,
        1.1677970714126662,
        1.1939953936259553,
        1.318379687343521
    ],
    [
        1.2874492262625667,
        1.5414138421115409,
        1.2621855033623066,
        1.532076255628689,
        1.1422989708371054,
        1.5082722579433836,
        1.2063818395753236,
        1.219279530581952,
        1.395715930690652,
        1.1984205166359083,
        0.0,
        1.2261760285787782,
        1.2761299514787765,
        1.2084998712352064,
        1.618806879861126,
        1.1656488514548278,
        1.2493620821222717,
        1.463523320690204,
        1.2992835545415176,
        1.3107678073930407,
        1.5936937264975197,
        1.4279016286931285,
        1.344553133666238,
        1.2801217655730557,
        1.2097399741219854,
        1.7240236811196141,
        1.5283252471985438,
        1.362887278792299,
        1.2126354332104727,
        1.3775486583502048,
        1.3732982666746871,
        1.3153819186216353,
        1.2180875358109364,
        1.356124304498559,
        1.3432085406493919,
        1.3605502338302362,
        1.575076933657139,
        1.4535758160691945,
        1.4636443620613937,
        1.336319466502411,
        1.3863681774175318,
        1.369888458143619,
        1.2731278772522163,
        1.4535758160691945,
        1.3918861084066865,
        1.3762749191426924,
        1.2693251059085675,
        1.232530994766957,
        1.421186267933681,
        1.1334715051827393
    ],
    [
        1.566041903940619,
        1.4684175155588413,
        1.4306903927824497,
        1.5258194519667128,
        1.286953767623375,
        1.466074691139575,
        1.3693063937629153,
        1.3642254619787417,
        1.4361406616345072,
        1.2852528934026952,
        1.2261760285787782,
        0.0,
        1.299038105676658,
        1.2963892162464172,
        1.357847561400027,
        1.2766296108367947,
        1.2686114456365274,
        1.4306903927824497,
        1.3226345847958003,
        1.2930100540985752,
        1.5662455107677085,
        1.4523687548277813,
        1.3116730198914328,
        1.2562344526401112,
        1.2977009585331196,
        1.6153559979150107,
        1.4086784586980805,
        1.334634781503914,
        1.4941552797483935,
        1.375,
        1.4577379737113252,
        1.3806701271484076,
        1.3169567191065923,
        1.2815463749358083,
        1.4415703243338496,
        1.4872373717735847,
        1.4684175155588413,
        1.4086784586980805,
        1.3869430814244366,
        1.4055939827860835,
        1.3962996733430033,
        1.2930100540985752,
        1.2930100540985752,
        1.4415703243338496,
        1.3261787209874845,
        1.3287682265918312,
        1.3959763608313716,
        1.340475661845451,
        1.286953767623375,
        1.334634781503914
    ],
    [
        1.4430074179169228,
        1.4415703243338496,
        1.3110110602126894,
        1.192424001771182,
        1.118033988749895,
        1.3379088160259651,
        1.165922381636102,
        1.068812944865055,
        1.2686114456365274,
        1.2730377056474014,
        1.2761299514787765,
        1.299038105676658,
        0.0,
        1.3437354650376687,
        1.3169567191065923,
        1.0481093279163707,
        1.2562344526401112,
        1.357847561400027,
        1.3518458658064385,
        1.1388041973930374,
        1.346291201783626,
        1.2054563451241194,
        1.1733439866940603,
        1.165922381636102,
        1.2169234888758527,
        1.286953767623375,
        1.159202311936963,
        1.299038105676658,
        1.3043197460745581,
        1.2183492931011204,
        1.1989578808281798,
        1.0383279828647594,
        1.243734296383275,
        1.125771340508858,
        1.340475661845451,
        1.107925990308017,
        1.224744871391589,
        1.2183492931011204,
        1.2444320435890066,
        1.3488678380198873,
        1.2486103386476415,
        1.2183492931011204,
        1.1110243021644486,
        1.118033988749895,
        1.2283118496538248,
        1.2183492931011204,
        1.3071916462401372,
        1.159202311936963,
        1.2808688457449497,
        1.0897247358851685
    ],
    [
        1.4528121920283168,
        1.3984366270946995,
        1.3573871960498227,
        1.45,
        1.1789826122551597,
        1.3047988350699888,
        1.149456393257265,
        1.199855315351721,
        1.2619429464123963,
        1.1765946625750094,
        1.2084998712352064,
        1.2963892162464172,
        1.3437354650376687,
        0.0,
        1.3745453793891274,
        1.2347126411122749,
        1.1535271995059326,
        1.1121488209767612,
        1.075148304910081,
        1.2842799539041323,
        1.412002124644294,
        1.226529657203608,
        1.0986418383116898,
        1.2472469683266423,
        1.225198396632607,
        1.497706580075016,
        1.3164820545681586,
        1.1853269591129698,
        1.4033442200686188,
        1.2507497751348988,
        1.2742372446116756,
        1.3024016277631105,
        1.182951816432098,
        1.2884637708872102,
        1.1683321445547923,
        1.3481468762712763,
        1.4062361110425234,
        1.2090802289343747,
        1.2383064151403633,
        1.274373484414117,
        1.2109454524828478,
        1.1824233590385467,
        1.2023414656411047,
        1.3202745926510895,
        1.2116620816052635,
        1.1219402836158439,
        1.0940178243520533,
        1.3002403623945844,
        1.065363787633126,
        1.1008519428152
    ],
    [
        1.9293153327181185,
        1.346291201783626,
        1.6630168369562588,
        1.3863170633011772,
        1.479019945774904,
        1.3083864108129524,
        1.4197270864500684,
        1.4258282193557228,
        1.2686114456365274,
        1.404457190518814,
        1.618806879861126,
        1.357847561400027,
        1.3169567191065923,
        1.3745453793891274,
        0.0,
        1.2766296108367947,
        1.3287682265918312,
        1.346291201783626,
        1.324200760104458,
        1.3110110602126894,
        1.3975424859373686,
        1.3169567191065923,
        1.375631168268265,
        1.3050383136138188,
        1.352081728298996,
        1.5309310892394863,
        1.346291201783626,
        1.2183492931011204,
        1.6675206145652293,
        1.357847561400027,
        1.4475793971700175,
        1.3806701271484076,
        1.25,
        1.381298704520898,
        1.4361406616345072,
        1.368849882200382,
        1.403121520040228,
        1.340475661845451,
        1.3235316811890492,
        1.5734339657082672,
        1.3116730198914328,
        1.1726039399558574,
        1.3228756555322954,
        1.231107225224513,
        1.3024016277631105,
        1.4306903927824497,
        1.4210471491122314,
        1.286953767623375,
        1.3169567191065923,
        1.3863170633011772
    ],
    [
        1.267982891148338,
        1.2657175104763823,
        1.0847387534633885,
        1.0255038582400877,
        1.011256795340555,
        1.119493325626575,
        0.9707127089233488,
        0.974446758556244,
        1.1390841738440758,
        1.1939419788999763,
        1.1656488514548278,
        1.2766296108367947,
        1.0481093279163707,
        1.2347126411122749,
        1.2766296108367947,
        0.0,
        1.1231560852511706,
        1.0410882747963148,
        0.9866778416815217,
        0.9440671348490216,
        1.091917196157889,
        0.9707127089233488,
        0.9788545239913446,
        1.0990487538163656,
        1.0080634372022608,
        1.1061343332820412,
        1.0159757047553162,
        1.0847387534633885,
        1.1634911837628497,
        0.9340497736158586,
        0.8296901656492359,
        0.9296010774871692,
        0.9805181366637389,
        1.0744006397493802,
        1.2248750456887512,
        0.9401544054688299,
        1.002388728620442,
        1.0158187609519924,
        1.0684150742923166,
        1.2903493392231267,
        1.031051353436887,
        1.055536907580832,
        1.0287636229167199,
        1.002388728620442,
        1.0630805736737217,
        0.9626308551388253,
        0.993980607949467,
        1.0330939760086233,
        1.1679718161262738,
        0.9544805724923405
    ],
    [
        1.5358181028031799,
        1.231107225224513,
        1.3169567191065923,
        1.357847561400027,
        1.0680004681646913,
        1.161087851973312,
        1.2374368670764582,
        1.162193806748446,
        1.1726039399558574,
        1.0928746497197197,
        1.2493620821222717,
        1.2686114456365274,
        1.2562344526401112,
        1.1535271995059326,
        1.3287682265918312,
        1.1231560852511706,
        0.0,
        1.1792476415070754,
        1.0715773706198213,
        1.2183492931011204,
        1.2930100540985752,
        1.224744871391589,
        1.14564392373896,
        1.125,
        1.0785149254620654,
        1.4197270864500684,
        1.1989578808281798,
        1.1726039399558574,
        1.3308831654206166,
        1.1726039399558574,
        1.1426091000668408,
        1.286953767623375,
        1.0532687216470449,
        1.243734296383275,
        1.2686114456365274,
        1.2257650672131262,
        1.352081728298996,
        1.2183492931011204,
        1.1895085353016832,
        1.1599509089229212,
        1.1902380714238083,
        1.1319231422671772,
        1.1858541225631423,
        1.299038105676658,
        1.1199888392301058,
        1.243734296383275,
        1.2114041439585717,
        1.0968705484240153,
        1.14564392373896,
        1.2562344526401112
    ],
    [
        1.7097223488637217,
        1.2562344526401112,
        1.231107225224513,
        1.0897247358851685,
        1.1319231422671772,
        1.126665433924375,
        1.0825317547305484,
        1.1887785514739255,
        1.14564392373896,
        1.121104366238933,
        1.463523320690204,
        1.4306903927824497,
        1.357847561400027,
        1.1121488209767612,
        1.346291201783626,
        1.0410882747963148,
        1.1792476415070754,
        0.0,
        1.0237922202302974,
        1.1792476415070754,
        1.103970108290981,
        1.0680004681646913,
        1.0034662148993578,
        1.125,
        1.050793351076541,
        1.1110243021644486,
        1.1319231422671772,
        0.9842509842514764,
        1.3012013679673105,
        1.0532687216470449,
        1.0639287779003088,
        1.231107225224513,
        1.0680004681646913,
        1.2083333333333333,
        1.2183492931011204,
        1.0243900624273938,
        1.0968705484240153,
        1.015504800579495,
        0.9877724659274748,
        1.206176235510844,
        1.0180659769058849,
        1.0968705484240153,
        1.0231690964840563,
        1.0307764064044151,
        1.0476163419878481,
        1.0606601717798212,
        0.9797958971132712,
        1.14564392373896,
        1.125,
        1.0752906583803283
    ],
    [
        1.4142135623730951,
        1.2045301395742893,
        1.1471737675963587,
        1.1713795721459446,
        1.0819424614072222,
        1.14010830133611,
        1.0990487538163656,
        1.0872508967444705,
        1.1740986555912687,
        1.1210190335000505,
        1.2992835545415176,
        1.3226345847958003,
        1.3518458658064385,
        1.075148304910081,
        1.324200760104458,
        0.9866778416815217,
        1.0715773706198213,
        1.0237922202302974,
        0.0,
        1.1131748125363357,
        1.0841506597614672,
        1.0623124084097035,
        1.008906622882487,
        1.1334715051827393,
        1.0325965663966934,
        1.18073394677261,
        1.0769204488081858,
        1.0248817751629817,
        1.249545835861321,
        0.9455858782052662,
        1.0318757549705997,
        1.2261760285787782,
        1.0406287345952476,
        1.1735704383189554,
        1.020516575873539,
        1.0876451345799834,
        1.140343217220686,
        1.09846832137355,
        1.0913492034634134,
        1.1010939468631158,
        1.0266951305798926,
        1.112601749531801,
        1.0685974500269415,
        1.140343217220686,
        0.9816297360896878,
        1.0395556841305633,
        0.9829477221550472,
        1.2240937922581332,
        1.0400156984686455,
        0.9860312637341803
    ],
    [
        1.2644572119357484,
        1.2054563451241194,
        1.0458250331675945,
        0.9921567416492215,
        1.0532687216470449,
        1.2026013470805694,
        0.9013878188659973,
        0.927960727138337,
        1.1388041973930374,
        1.1675294428835619,
        1.3107678073930407,
        1.2930100540985752,
        1.1388041973930374,
        1.2842799539041323,
        1.3110110602126894,
        0.9440671348490216,
        1.2183492931011204,
        1.1792476415070754,
        1.1131748125363357,
        0.0,
        1.015504800579495,
        0.9682458365518543,
        1.0614782669047498,
        1.0752906583803283,
        0.9664511253952668,
        1.0532687216470449,
        0.9682458365518543,
        1.103970108290981,
        1.1723374087693355,
        0.9762812094883317,
        0.9982623792259117,
        1.0,
        0.9682458365518543,
        1.0086432030758503,
        0.9921567416492215,
        0.9526279441628825,
        0.875,
        1.118033988749895,
        1.016359243137539,
        1.3254978100489057,
        0.8994597143717876,
        1.0897247358851685,
        1.015504800579495,
        1.0,
        0.9807522622966516,
        1.0680004681646913,
        1.0550473923004597,
        1.0307764064044151,
        1.1110243021644486,
        0.9100137361600648
    ],
    [
        1.6404291063807739,
        1.2562344526401112,
        0.9185586535436918,
        0.8003905296791061,
        1.3635890143294642,
        1.0793516572461452,
        0.9762812094883317,
        1.2506942516503028,
        1.1792476415070754,
        1.4590236461414874,
        1.5936937264975197,
        1.5662455107677085,
        1.346291201783626,
        1.412002124644294,
        1.3975424859373686,
        1.091917196157889,
        1.2930100540985752,
        1.103970108290981,
        1.0841506597614672,
        1.015504800579495,
        0.0,
        0.8385254915624212,
        1.068812944865055,
        1.2808688457449497,
        1.0622957319984967,
        0.739509972887452,
        0.75,
        1.0383279828647594,
        1.310772672891833,
        0.8385254915624212,
        0.8207381501496754,
        0.9682458365518543,
        1.0,
        1.104756131963571,
        1.0680004681646913,
        0.9500000000000001,
        0.82915619758885,
        0.875,
        1.076097630845413,
        1.5584670174387536,
        0.8730136183232068,
        1.1792476415070754,
        1.0897247358851685,
        0.9682458365518543,
        1.0274361294017258,
        0.9437293044088437,
        0.8771402396424417,
        1.2119199643540823,
        1.0606601717798212,
        0.875
    ],
    [
        1.5218435047866206,
        1.3050383136138188,
        0.960143218483576,
        0.875,
        1.2624381172952597,
        1.0865656906050365,
        0.9185586535436918,
        1.0976616560266244,
        1.1524430571616109,
        1.3649633694718697,
        1.4279016286931285,
        1.4523687548277813,
        1.2054563451241194,
        1.226529657203608,
        1.3169567191065923,
        0.9707127089233488,
        1.224744871391589,
        1.0680004681646913,
        1.0623124084097035,
        0.9682458365518543,
        0.8385254915624212,
        0.0,
        1.0316182002616623,
        1.243734296383275,
        1.0606601717798212,
        0.875,
        0.8838834764831844,
        1.0897247358851685,
        1.2927683473847897,
        0.8660254037844386,
        0.8759915017345267,
        0.8838834764831844,
        1.015504800579495,
        1.125771340508858,
        1.0231690964840563,
        0.8602325267042626,
        0.82915619758885,
        0.9354143466934853,
        1.0540925533894598,
        1.4601179556612693,
        0.9223309842157773,
        1.118033988749895,
        1.0606601717798212,
        0.9013878188659973,
        1.0265232583823904,
        0.9762812094883317,
        0.9034655499796326,
        1.159202311936963,
        1.103970108290981,
        0.875
    ],
    [
        1.3871346631441899,
        1.3584866989084254,
        1.1118053386771944,
        1.1016086722001905,
        1.0752906583803283,
        1.2570909982088718,
        0.9195031871130797,
        1.0532687216470449,
        1.1531960419248373,
        1.0957303500405564,
        1.344553133666238,
        1.3116730198914328,
        1.1733439866940603,
        1.0986418383116898,
        1.375631168268265,
        0.9788545239913446,
        1.14564392373896,
        1.0034662148993578,
        1.008906622882487,
        1.0614782669047498,
        1.068812944865055,
        1.0316182002616623,
        0.0,
        1.1931517552730295,
        1.0557382882766606,
        1.1288514320120056,
        1.0833333333333333,
        1.1666666666666667,
        1.1788353480354148,
        1.0086432030758503,
        0.8878031563609382,
        1.0614782669047498,
        1.0008676791220261,
        1.0680004681646913,
        1.130388330520878,
        1.0097098042947237,
        1.0466547239233726,
        1.016359243137539,
        1.0565601944254972,
        1.1681538140730154,
        0.9982623792259117,
        1.1531960419248373,
        1.0034662148993578,
        1.068812944865055,
        1.090712050807993,
        1.0391636594449938,
        0.9294188745901626,
        1.1666666666666667,
        1.1464013743498005,
        0.961046882889233
    ],
    [
        1.596592353375508,
        1.2747548783981961,
        1.243734296383275,
        1.2686114456365274,
        1.0680004681646913,
        1.2903487900563941,
        1.1858541225631423,
        1.0889278621143317,
        1.0532687216470449,
        1.2070107704573312,
        1.2801217655730557,
        1.2562344526401112,
        1.165922381636102,
        1.2472469683266423,
        1.3050383136138188,
        1.0990487538163656,
        1.125,
        1.125,
        1.1334715051827393,
        1.0752906583803283,
        1.2808688457449497,
        1.243734296383275,
        1.1931517552730295,
        0.0,
        1.1234557302260635,
        1.357847561400027,
        1.103970108290981,
        1.1524430571616109,
        1.3285330255586423,
        1.1388041973930374,
        1.2444320435890066,
        1.1110243021644486,
        1.0752906583803283,
        1.1464013743498005,
        1.2747548783981961,
        1.2369316876852983,
        1.1989578808281798,
        1.118033988749895,
        1.1326897682556822,
        1.3546473505840717,
        1.1509356097444277,
        1.0458250331675945,
        1.14564392373896,
        1.25,
        1.0574142991278301,
        1.0897247358851685,
        1.2884098726725126,
        1.125,
        1.103970108290981,
        1.165922381636102
    ],
    [
        1.3671441218418126,
        1.241638702145945,
        0.9592387027684449,
        1.0952866190079096,
        0.9583333333333334,
        1.169074895424203,
        0.9745012969605417,
        1.0060580389708031,
        1.1000315652036738,
        1.1003156112881634,
        1.2097399741219854,
        1.2977009585331196,
        1.2169234888758527,
        1.225198396632607,
        1.352081728298996,
        1.0080634372022608,
        1.0785149254620654,
        1.050793351076541,
        1.0325965663966934,
        0.9664511253952668,
        1.0622957319984967,
        1.0606601717798212,
        1.0557382882766606,
        1.1234557302260635,
        0.0,
        1.0881304047667162,
        0.9833686434338289,
        1.0744830798523022,
        1.150211333238858,
        0.9646530752325188,
        0.9204467514322718,
        1.0590220855949029,
        0.9547032697824667,
        0.9464847243000456,
        1.076097630845413,
        1.0549815690859774,
        0.9762812094883319,
        1.0881304047667162,
        1.0408329997330665,
        1.231107225224513,
        1.0374916331657276,
        1.034978529031185,
        0.9391189724653871,
        1.1539485353438523,
        1.0894379284750462,
        1.0137937550497031,
        0.9673130023133383,
        1.0952866190079096,
        1.1118053386771944,
        0.9583333333333334
    ],
    [
        1.7285492914757232,
        1.346291201783626,
        0.81967981553775,
        0.75,
        1.286953767623375,
        1.2597122687344122,
        0.9100137361600648,
        1.1531960419248373,
        1.3110110602126894,
        1.4908051515875576,
        1.7240236811196141,
        1.6153559979150107,
        1.286953767623375,
        1.497706580075016,
        1.5309310892394863,
        1.1061343332820412,
        1.4197270864500684,
        1.1110243021644486,
        1.18073394677261,
        1.0532687216470449,
        0.739509972887452,
        0.875,
        1.1288514320120056,
        1.357847561400027,
        1.0881304047667162,
        0.0,
        0.82915619758885,
        1.0606601717798212,
        1.310772672891833,
        0.8100925873009825,
        0.8395600699837452,
        0.8569568250501305,
        1.0825317547305484,
        1.114924013354971,
        1.1726039399558574,
        0.8154753215150046,
        0.7180703308172536,
        0.8003905296791061,
        1.1395661942647786,
        1.486630231242606,
        0.8868248605746984,
        1.2686114456365274,
        1.0231690964840563,
        0.9270248108869579,
        1.1288821904875637,
        0.9437293044088437,
        0.9205976319760985,
        1.299038105676658,
        1.2183492931011204,
        0.8660254037844386
    ],
    [
        1.4154531617334516,
        1.2624381172952597,
        0.8569568250501305,
        0.9270248108869579,
        1.1726039399558574,
        1.093732142711368,
        0.9354143466934853,
        1.165177621175797,
        1.14564392373896,
        1.3360389215887387,
        1.5283252471985438,
        1.4086784586980805,
        1.159202311936963,
        1.3164820545681586,
        1.346291201783626,
        1.0159757047553162,
        1.1989578808281798,
        1.1319231422671772,
        1.0769204488081858,
        0.9682458365518543,
        0.75,
        0.8838834764831844,
        1.0833333333333333,
        1.103970108290981,
        0.9833686434338289,
        0.82915619758885,
        0.0,
        1.0606601717798212,
        1.2806248474865698,
        0.82915619758885,
        0.9195031871130797,
        0.9100137361600648,
        0.9519716382329886,
        1.1188101318414627,
        1.0752906583803283,
        0.8831760866327847,
        0.7288689868556626,
        0.9013878188659973,
        1.076097630845413,
        1.3831827227248195,
        0.8690272339422588,
        1.1319231422671772,
        1.0231690964840563,
        0.9921567416492215,
        0.9886859966642595,
        0.9270248108869579,
        0.986154146165801,
        1.1792476415070754,
        1.0307764064044151,
        0.770551750371122
    ],
    [
        1.5673648755351208,
        1.159202311936963,
        1.1792476415070754,
        1.0825317547305484,
        1.1388041973930374,
        1.1905880899790657,
        1.0897247358851685,
        1.217636599683538,
        1.159202311936963,
        1.2452409405412272,
        1.362887278792299,
        1.334634781503914,
        1.299038105676658,
        1.1853269591129698,
        1.2183492931011204,
        1.0847387534633885,
        1.1726039399558574,
        0.9842509842514764,
        1.0248817751629817,
        1.103970108290981,
        1.0383279828647594,
        1.0897247358851685,
        1.1666666666666667,
        1.1524430571616109,
        1.0744830798523022,
        1.0606601717798212,
        1.0606601717798212,
        0.0,
        1.4359230480774379,
        0.960143218483576,
        1.1326897682556822,
        1.0897247358851685,
        1.0825317547305484,
        1.1733439866940603,
        1.1726039399558574,
        1.0665364503850772,
        1.0307764064044151,
        0.9842509842514764,
        1.0833333333333333,
        1.3372338779901012,
        1.0614782669047498,
        1.0752906583803283,
        1.118033988749895,
        1.0752906583803283,
        1.073254396683284,
        1.118033988749895,
        1.0250000000000001,
        1.1858541225631423,
        1.0383279828647594,
        1.0383279828647594
    ],
    [
        1.0429916742970966,
        1.535822255340767,
        1.0822430410956683,
        1.1789826122551597,
        0.9962429422585637,
        1.3808964479641477,
        1.1656543226874767,
        0.9977753031397177,
        1.3917165659716781,
        1.2514991010783827,
        1.2126354332104727,
        1.4941552797483935,
        1.3043197460745581,
        1.4033442200686188,
        1.6675206145652293,
        1.1634911837628497,
        1.3308831654206166,
        1.3012013679673105,
        1.249545835861321,
        1.1723374087693355,
        1.310772672891833,
        1.2927683473847897,
        1.1788353480354148,
        1.3285330255586423,
        1.150211333238858,
        1.310772672891833,
        1.2806248474865698,
        1.4359230480774379,
        0.0,
        1.243483011544589,
        1.017588380000043,
        1.1723374087693355,
        1.255985668708047,
        1.0964272788369402,
        1.1399013115177998,
        1.1346805717910218,
        1.1789826122551597,
        1.2867109232457772,
        1.1520211707159629,
        1.1649690029257336,
        1.0945255187116978,
        1.374772708486752,
        1.0559356040971437,
        1.340242515368021,
        1.2871965661856002,
        1.310772672891833,
        0.986154146165801,
        1.3047988350699888,
        1.4521535731457607,
        1.117754445305408
    ],
    [
        1.2761299514787765,
        1.224744871391589,
        0.8385254915624212,
        0.8385254915624212,
        1.1524430571616109,
        1.1357816691600546,
        0.8477912478906585,
        1.0913167378090662,
