[
    [
        0.0,
        0.9519716382329886,
        0.9270248108869579,
        1.1726039399558574,
        0.8926785535678563,
        1.0077822185373186,
        0.875,
        0.82915619758885,
        0.9100137361600648,
        1.0383279828647594,
        1.4197270864500684,
        0.9921567416492215,
        1.0825317547305484,
        0.8100925873009825,
        0.9437293044088437,
        1.0231690964840563,
        1.118033988749895,
        0.9519716382329886,
        1.0,
        1.118033988749895,
        0.960143218483576,
        0.9100137361600648,
        0.960143218483576,
        0.8838834764831844,
        0.9270248108869579,
        1.0307764064044151,
        0.8569568250501305,
        1.118033988749895,
        0.875,
        1.103970108290981,
        0.9437293044088437,
        0.9270248108869579,
        1.0825317547305484,
        0.9682458365518543,
        0.8477912478906585,
        1.0231690964840563,
        1.0825317547305484,
        1.165922381636102,
        0.9762812094883317,
        0.9354143466934853,
        0.9519716382329886,
        1.0897247358851685,
        1.0458250331675945,
        0.9762812094883317,
        1.0231690964840563,
        0.9437293044088437,
        1.015504800579495,
        1.118033988749895,
        1.0,
        0.8660254037844386
    ],
    [
        0.9519716382329886,
        0.0,
        0.673145600891813,
        1.286953767623375,
        0.6123724356957945,
        0.5590169943749475,
        0.5994789404140899,
        0.7071067811865476,
        0.57282196186948,
        0.9185586535436918,
        1.0307764064044151,
        0.7806247497997998,
        0.7288689868556626,
        0.6959705453537527,
        0.5994789404140899,
        0.5863019699779287,
        0.7603453162872774,
        0.5863019699779287,
        0.4841229182759271,
        0.6959705453537527,
        0.6959705453537527,
        0.57282196186948,
        0.5303300858899106,
        0.5590169943749475,
        0.8003905296791061,
        0.5994789404140899,
        0.5448623679425842,
        0.649519052838329,
        0.9682458365518543,
        0.6373774391990981,
        0.5153882032022076,
        0.57282196186948,
        0.5994789404140899,
        0.5448623679425842,
        0.6959705453537527,
        0.649519052838329,
        0.6123724356957945,
        0.7806247497997998,
        0.57282196186948,
        0.57282196186948,
        0.5863019699779287,
        0.6373774391990981,
        0.8003905296791061,
        0.5448623679425842,
        0.5590169943749475,
        0.6123724356957945,
        0.5448623679425842,
        0.625,
        0.5448623679425842,
        0.9682458365518543
    ],
    [
        0.9270248108869579,
        0.673145600891813,
        0.0,
        1.1726039399558574,
        0.7288689868556626,
        0.75,
        0.6959705453537527,
        0.770551750371122,
        0.7288689868556626,
        0.9519716382329886,
        1.3228756555322954,
        0.8100925873009825,
        0.9354143466934853,
        0.7180703308172536,
        0.6846531968814576,
        0.7806247497997998,
        0.9100137361600648,
        0.8100925873009825,
        0.7071067811865476,
        0.9100137361600648,
        0.8385254915624212,
        0.6846531968814576,
        0.7071067811865476,
        0.6846531968814576,
        0.75,
        0.7905694150420949,
        0.625,
        0.8660254037844386,
        0.9100137361600648,
        0.8385254915624212,
        0.739509972887452,
        0.6846531968814576,
        0.82915619758885,
        0.7180703308172536,
        0.739509972887452,
        0.8100925873009825,
        0.8385254915624212,
        0.9762812094883317,
        0.673145600891813,
        0.739509972887452,
        0.7180703308172536,
        0.8100925873009825,
        0.81967981553775,
        0.7288689868556626,
        0.770551750371122,
        0.8003905296791061,
        0.7603453162872774,
        0.81967981553775,
        0.770551750371122,
        0.9013878188659973
    ],
    [
        1.1726039399558574,
        1.286953767623375,
        1.1726039399558574,
        0.0,
        1.1726039399558574,
        1.346291201783626,
        1.2183492931011204,
        1.1388041973930374,
        1.25,
        1.3635890143294642,
        1.625,
        1.243734296383275,
        1.403121520040228,
        1.224744871391589,
        1.2624381172952597,
        1.352081728298996,
        1.357847561400027,
        1.2747548783981961,
        1.357847561400027,
        1.4415703243338496,
        1.3228756555322954,
        1.231107225224513,
        1.2808688457449497,
        1.2930100540985752,
        1.159202311936963,
        1.334634781503914,
        1.2562344526401112,
        1.4142135623730951,
        1.0968705484240153,
        1.3693063937629153,
        1.2747548783981961,
        1.3050383136138188,
        1.4684175155588413,
        1.2808688457449497,
        1.231107225224513,
        1.3287682265918312,
        1.4842927608797396,
        1.403121520040228,
        1.3050383136138188,
        1.340475661845451,
        1.2747548783981961,
        1.3693063937629153,
        1.3693063937629153,
        1.352081728298996,
        1.4737282653189494,
        1.3110110602126894,
        1.3806701271484076,
        1.4630874888399532,
        1.3635890143294642,
        1.118033988749895
    ],
    [
        0.8926785535678563,
        0.6123724356957945,
        0.7288689868556626,
        1.1726039399558574,
        0.0,
        0.6373774391990981,
        0.649519052838329,
        0.7180703308172536,
        0.649519052838329,
        0.82915619758885,
        1.1524430571616109,
        0.7288689868556626,
        0.7180703308172536,
        0.6373774391990981,
        0.6123724356957945,
        0.7071067811865476,
        0.7806247497997998,
        0.6959705453537527,
        0.6123724356957945,
        0.8385254915624212,
        0.673145600891813,
        0.5994789404140899,
        0.5863019699779287,
        0.673145600891813,
        0.8003905296791061,
        0.6373774391990981,
        0.6373774391990981,
        0.75,
        0.9270248108869579,
        0.7603453162872774,
        0.625,
        0.6614378277661477,
        0.75,
        0.5994789404140899,
        0.6614378277661477,
        0.6373774391990981,
        0.7288689868556626,
        0.8385254915624212,
        0.6614378277661477,
        0.6123724356957945,
        0.5448623679425842,
        0.7180703308172536,
        0.81967981553775,
        0.625,
        0.649519052838329,
        0.649519052838329,
        0.625,
        0.770551750371122,
        0.6846531968814576,
        0.9013878188659973
    ],
    [
        1.0077822185373186,
        0.5590169943749475,
        0.75,
        1.346291201783626,
        0.6373774391990981,
        0.0,
        0.6123724356957945,
        0.6959705453537527,
        0.46770717334674267,
        0.8838834764831844,
        0.7603453162872774,
        0.7905694150420949,
        0.5448623679425842,
        0.6123724356957945,
        0.6373774391990981,
        0.5,
        0.57282196186948,
        0.57282196186948,
        0.3535533905932738,
        0.625,
        0.5863019699779287,
        0.57282196186948,
        0.375,
        0.649519052838329,
        0.81967981553775,
        0.39528470752104744,
        0.57282196186948,
        0.4330127018922193,
        1.0383279828647594,
        0.46770717334674267,
        0.45069390943299864,
        0.5,
        0.39528470752104744,
        0.45069390943299864,
        0.6123724356957945,
        0.39528470752104744,
        0.3535533905932738,
        0.673145600891813,
        0.3535533905932738,
        0.39528470752104744,
        0.46770717334674267,
        0.4330127018922193,
        0.6959705453537527,
        0.33071891388307384,
        0.2795084971874737,
        0.45069390943299864,
        0.25,
        0.4841229182759271,
        0.4330127018922193,
        1.0752906583803283
    ],
    [
        0.875,
        0.5994789404140899,
        0.6959705453537527,
        1.2183492931011204,
        0.649519052838329,
        0.6123724356957945,
        0.0,
        0.7180703308172536,
        0.5590169943749475,
        0.9100137361600648,
        1.192424001771182,
        0.8003905296791061,
        0.8100925873009825,
        0.7071067811865476,
        0.6846531968814576,
        0.7288689868556626,
        0.81967981553775,
        0.6846531968814576,
        0.6373774391990981,
        0.7806247497997998,
        0.6373774391990981,
        0.6373774391990981,
        0.5863019699779287,
        0.6373774391990981,
        0.7905694150420949,
        0.6959705453537527,
        0.625,
        0.7905694150420949,
        0.8569568250501305,
        0.739509972887452,
        0.6123724356957945,
        0.5863019699779287,
        0.7071067811865476,
        0.5994789404140899,
        0.6373774391990981,
        0.7071067811865476,
        0.7071067811865476,
        0.8926785535678563,
        0.6373774391990981,
        0.5590169943749475,
        0.5863019699779287,
        0.7180703308172536,
        0.8003905296791061,
        0.57282196186948,
        0.5994789404140899,
        0.6373774391990981,
        0.6123724356957945,
        0.7180703308172536,
        0.625,
        0.9100137361600648
    ],
    [
        0.82915619758885,
        0.7071067811865476,
        0.770551750371122,
        1.1388041973930374,
        0.7180703308172536,
        0.6959705453537527,
        0.7180703308172536,
        0.0,
        0.6614378277661477,
        0.9519716382329886,
        1.165922381636102,
        0.9100137361600648,
        0.8569568250501305,
        0.7071067811865476,
        0.6959705453537527,
        0.75,
        0.8660254037844386,
        0.770551750371122,
        0.739509972887452,
        0.8838834764831844,
        0.7288689868556626,
        0.6373774391990981,
        0.649519052838329,
        0.6614378277661477,
        0.82915619758885,
        0.770551750371122,
        0.6614378277661477,
        0.8100925873009825,
        0.9013878188659973,
        0.8100925873009825,
        0.649519052838329,
        0.7180703308172536,
        0.7905694150420949,
        0.673145600891813,
        0.673145600891813,
        0.739509972887452,
        0.7905694150420949,
        0.9437293044088437,
        0.7071067811865476,
        0.649519052838329,
        0.7071067811865476,
        0.7806247497997998,
        0.81967981553775,
        0.6959705453537527,
        0.7071067811865476,
        0.7180703308172536,
        0.7071067811865476,
        0.81967981553775,
        0.7180703308172536,
        0.9100137361600648
    ],
    [
        0.9100137361600648,
        0.57282196186948,
        0.7288689868556626,
        1.25,
        0.649519052838329,
        0.46770717334674267,
        0.5590169943749475,
        0.6614378277661477,
        0.0,
        0.8838834764831844,
        0.9270248108869579,
        0.8100925873009825,
        0.6846531968814576,
        0.673145600891813,
        0.6123724356957945,
        0.6123724356957945,
        0.6959705453537527,
        0.5994789404140899,
        0.5,
        0.6846531968814576,
        0.5448623679425842,
        0.5590169943749475,
        0.4841229182759271,
        0.625,
        0.7806247497997998,
        0.5590169943749475,
        0.5590169943749475,
        0.649519052838329,
        0.9762812094883317,
        0.5863019699779287,
        0.5,
        0.5448623679425842,
        0.57282196186948,
        0.5153882032022076,
        0.625,
        0.673145600891813,
        0.57282196186948,
        0.7806247497997998,
        0.5448623679425842,
        0.5,
        0.5153882032022076,
        0.5590169943749475,
        0.6959705453537527,
        0.46770717334674267,
        0.46770717334674267,
        0.5303300858899106,
        0.5,
        0.625,
        0.4841229182759271,
        0.9682458365518543
    ],
    [
        1.0383279828647594,
        0.9185586535436918,
        0.9519716382329886,
        1.3635890143294642,
        0.82915619758885,
        0.8838834764831844,
        0.9100137361600648,
        0.9519716382329886,
        0.8838834764831844,
        0.0,
        1.3287682265918312,
        0.739509972887452,
        0.649519052838329,
        0.8926785535678563,
        0.875,
        0.8100925873009825,
        0.7806247497997998,
        0.75,
        0.8838834764831844,
        1.0383279828647594,
        0.7603453162872774,
        0.8926785535678563,
        0.9100137361600648,
        0.8385254915624212,
        1.0077822185373186,
        0.8385254915624212,
        0.7288689868556626,
        0.9013878188659973,
        1.0,
        0.960143218483576,
        0.8385254915624212,
        0.9519716382329886,
        0.9682458365518543,
        0.8569568250501305,
        0.770551750371122,
        0.8477912478906585,
        0.9519716382329886,
        0.7603453162872774,
        0.8838834764831844,
        0.8385254915624212,
        0.770551750371122,
        0.9762812094883317,
        1.0383279828647594,
        0.8838834764831844,
        0.8838834764831844,
        0.7905694150420949,
        0.8838834764831844,
        0.9842509842514764,
        0.9437293044088437,
        1.0307764064044151
    ],
    [
        1.4197270864500684,
        1.0307764064044151,
        1.3228756555322954,
        1.625,
        1.1524430571616109,
        0.7603453162872774,
        1.192424001771182,
        1.165922381636102,
        0.9270248108869579,
        1.3287682265918312,
        0.0,
        1.231107225224513,
        0.875,
        1.1858541225631423,
        1.1524430571616109,
        0.770551750371122,
        0.75,
        1.0307764064044151,
        0.75,
        0.960143218483576,
        1.0,
        1.0897247358851685,
        0.8385254915624212,
        1.1858541225631423,
        1.2562344526401112,
        0.770551750371122,
        1.1110243021644486,
        0.5994789404140899,
        1.403121520040228,
        0.5994789404140899,
        0.9354143466934853,
        0.9762812094883317,
        0.625,
        0.8660254037844386,
        1.14564392373896,
        0.8003905296791061,
        0.5863019699779287,
        0.770551750371122,
        0.7806247497997998,
        0.8385254915624212,
        0.9100137361600648,
        0.6123724356957945,
        1.0680004681646913,
        0.739509972887452,
        0.7288689868556626,
        1.0,
        0.7288689868556626,
        0.57282196186948,
        0.7603453162872774,
        1.4086784586980805
    ],
    [
        0.9921567416492215,
        0.7806247497997998,
        0.8100925873009825,
        1.243734296383275,
        0.7288689868556626,
        0.7905694150420949,
        0.8003905296791061,
        0.9100137361600648,
        0.8100925873009825,
        0.739509972887452,
        1.231107225224513,
        0.0,
        0.6373774391990981,
        0.770551750371122,
        0.82915619758885,
        0.673145600891813,
        0.649519052838329,
        0.6123724356957945,
        0.7806247497997998,
        0.9270248108869579,
        0.7288689868556626,
        0.8003905296791061,
        0.7905694150420949,
        0.7603453162872774,
        0.8926785535678563,
        0.6846531968814576,
        0.7071067811865476,
        0.7905694150420949,
        0.9519716382329886,
        0.8477912478906585,
        0.7905694150420949,
        0.75,
        0.82915619758885,
        0.7806247497997998,
        0.7288689868556626,
        0.6959705453537527,
        0.8477912478906585,
        0.6959705453537527,
        0.7288689868556626,
        0.81967981553775,
        0.6959705453537527,
        0.82915619758885,
        0.9519716382329886,
        0.7905694150420949,
        0.81967981553775,
        0.7288689868556626,
        0.8003905296791061,
        0.8385254915624212,
        0.8003905296791061,
        0.9842509842514764
    ],
    [
        1.0825317547305484,
        0.7288689868556626,
        0.9354143466934853,
        1.403121520040228,
        0.7180703308172536,
        0.5448623679425842,
        0.8100925873009825,
        0.8569568250501305,
        0.6846531968814576,
        0.649519052838329,
        0.875,
        0.6373774391990981,
        0.0,
        0.75,
        0.7806247497997998,
        0.5153882032022076,
        0.46770717334674267,
        0.5863019699779287,
        0.57282196186948,
        0.7806247497997998,
        0.57282196186948,
        0.75,
        0.6373774391990981,
        0.75,
        0.9842509842514764,
        0.5590169943749475,
        0.673145600891813,
        0.6123724356957945,
        1.165922381636102,
        0.6614378277661477,
        0.649519052838329,
        0.7288689868556626,
        0.625,
        0.649519052838329,
        0.739509972887452,
        0.6123724356957945,
        0.5994789404140899,
        0.45069390943299864,
        0.625,
        0.625,
        0.5994789404140899,
        0.6373774391990981,
        0.8385254915624212,
        0.5863019699779287,
        0.5303300858899106,
        0.649519052838329,
        0.57282196186948,
        0.7071067811865476,
        0.673145600891813,
        1.165922381636102
    ],
    [
        0.8100925873009825,
        0.6959705453537527,
        0.7180703308172536,
        1.224744871391589,
        0.6373774391990981,
        0.6123724356957945,
        0.7071067811865476,
        0.7071067811865476,
        0.673145600891813,
        0.8926785535678563,
        1.1858541225631423,
        0.770551750371122,
        0.75,
        0.0,
        0.673145600891813,
        0.625,
        0.7180703308172536,
        0.6846531968814576,
        0.649519052838329,
        0.8003905296791061,
        0.673145600891813,
        0.6846531968814576,
        0.5590169943749475,
        0.625,
        0.739509972887452,
        0.625,
        0.6373774391990981,
        0.6959705453537527,
        0.9354143466934853,
        0.75,
        0.649519052838329,
        0.649519052838329,
        0.7180703308172536,
        0.6614378277661477,
        0.6123724356957945,
        0.5994789404140899,
        0.7288689868556626,
        0.8385254915624212,
        0.625,
        0.673145600891813,
        0.6614378277661477,
        0.7180703308172536,
        0.8100925873009825,
        0.6614378277661477,
        0.673145600891813,
        0.6123724356957945,
        0.6123724356957945,
        0.75,
        0.7071067811865476,
        0.9185586535436918
    ],
    [
        0.9437293044088437,
        0.5994789404140899,
        0.6846531968814576,
        1.2624381172952597,
        0.6123724356957945,
        0.6373774391990981,
        0.6846531968814576,
        0.6959705453537527,
        0.6123724356957945,
        0.875,
        1.1524430571616109,
        0.82915619758885,
        0.7806247497997998,
        0.673145600891813,
        0.0,
        0.739509972887452,
        0.8003905296791061,
        0.5994789404140899,
        0.6123724356957945,
        0.770551750371122,
        0.7180703308172536,
        0.6373774391990981,
        0.625,
        0.5994789404140899,
        0.8100925873009825,
        0.649519052838329,
        0.625,
        0.6846531968814576,
        1.0077822185373186,
        0.7288689868556626,
        0.5,
        0.649519052838329,
        0.7180703308172536,
        0.5863019699779287,
        0.6846531968814576,
        0.6373774391990981,
        0.6959705453537527,
        0.8660254037844386,
        0.6373774391990981,
        0.57282196186948,
        0.6123724356957945,
        0.739509972887452,
        0.8569568250501305,
        0.625,
        0.6373774391990981,
        0.649519052838329,
        0.5863019699779287,
        0.7180703308172536,
        0.6373774391990981,
        0.9270248108869579
    ],
    [
        1.0231690964840563,
        0.5863019699779287,
        0.7806247497997998,
        1.352081728298996,
        0.7071067811865476,
        0.5,
        0.7288689868556626,
        0.75,
        0.6123724356957945,
        0.8100925873009825,
        0.770551750371122,
        0.673145600891813,
        0.5153882032022076,
        0.625,
        0.739509972887452,
        0.0,
        0.45069390943299864,
        0.5994789404140899,
        0.5448623679425842,
        0.7288689868556626,
        0.5994789404140899,
        0.6123724356957945,
        0.5,
        0.6846531968814576,
        0.8926785535678563,
        0.375,
        0.6123724356957945,
        0.45069390943299864,
        1.0383279828647594,
        0.5153882032022076,
        0.5994789404140899,
        0.5863019699779287,
        0.414578098794425,
        0.5994789404140899,
        0.6846531968814576,
        0.414578098794425,
        0.414578098794425,
        0.5,
        0.4841229182759271,
        0.5863019699779287,
        0.5994789404140899,
        0.5,
        0.739509972887452,
        0.5153882032022076,
        0.5303300858899106,
        0.57282196186948,
        0.4841229182759271,
        0.4841229182759271,
        0.46770717334674267,
        1.0606601717798212
    ],
    [
        1.118033988749895,
        0.7603453162872774,
        0.9100137361600648,
        1.357847561400027,
        0.7806247497997998,
        0.57282196186948,
        0.81967981553775,
        0.8660254037844386,
        0.6959705453537527,
        0.7806247497997998,
        0.75,
        0.649519052838329,
        0.46770717334674267,
        0.7180703308172536,
        0.8003905296791061,
        0.45069390943299864,
        0.0,
        0.57282196186948,
        0.57282196186948,
        0.7603453162872774,
        0.6123724356957945,
        0.75,
        0.5863019699779287,
        0.7603453162872774,
        0.9519716382329886,
        0.4330127018922193,
        0.7288689868556626,
        0.45069390943299864,
        1.1388041973930374,
        0.45069390943299864,
        0.6959705453537527,
        0.673145600891813,
        0.4841229182759271,
        0.6846531968814576,
        0.739509972887452,
        0.5153882032022076,
        0.4841229182759271,
        0.30618621784789724,
        0.57282196186948,
        0.6373774391990981,
        0.6373774391990981,
        0.5,
        0.8385254915624212,
        0.5863019699779287,
        0.5994789404140899,
        0.5863019699779287,
        0.5863019699779287,
        0.5,
        0.5590169943749475,
        1.1989578808281798
    ],
    [
        0.9519716382329886,
        0.5863019699779287,
        0.8100925873009825,
        1.2747548783981961,
        0.6959705453537527,
        0.57282196186948,
        0.6846531968814576,
        0.770551750371122,
        0.5994789404140899,
        0.75,
        1.0307764064044151,
        0.6123724356957945,
        0.5863019699779287,
        0.6846531968814576,
        0.5994789404140899,
        0.5994789404140899,
        0.57282196186948,
        0.0,
        0.5448623679425842,
        0.75,
        0.6373774391990981,
        0.673145600891813,
        0.5994789404140899,
        0.6373774391990981,
        0.7603453162872774,
        0.5863019699779287,
        0.5863019699779287,
        0.673145600891813,
        0.9354143466934853,
        0.649519052838329,
        0.5863019699779287,
        0.625,
        0.625,
        0.6373774391990981,
        0.5994789404140899,
        0.5994789404140899,
        0.625,
        0.6373774391990981,
        0.5994789404140899,
        0.5994789404140899,
        0.57282196186948,
        0.6373774391990981,
        0.7905694150420949,
        0.5590169943749475,
        0.5863019699779287,
        0.5448623679425842,
        0.6123724356957945,
        0.6614378277661477,
        0.5448623679425842,
        0.9354143466934853
    ],
    [
        1.0,
        0.4841229182759271,
        0.7071067811865476,
        1.357847561400027,
        0.6123724356957945,
        0.3535533905932738,
        0.6373774391990981,
        0.739509972887452,
        0.5,
        0.8838834764831844,
        0.75,
        0.7806247497997998,
        0.57282196186948,
        0.649519052838329,
        0.6123724356957945,
        0.5448623679425842,
        0.57282196186948,
        0.5448623679425842,
        0.0,
        0.6123724356957945,
        0.6123724356957945,
        0.5448623679425842,
        0.414578098794425,
        0.5863019699779287,
        0.7905694150420949,
        0.39528470752104744,
        0.5590169943749475,
        0.5,
        1.0383279828647594,
        0.45069390943299864,
        0.4330127018922193,
        0.5,
        0.39528470752104744,
        0.414578098794425,
        0.625,
        0.4841229182759271,
        0.3535533905932738,
        0.6373774391990981,
        0.4330127018922193,
        0.4330127018922193,
        0.45069390943299864,
        0.39528470752104744,
        0.6846531968814576,
        0.30618621784789724,
        0.30618621784789724,
        0.45069390943299864,
        0.2795084971874737,
        0.4841229182759271,
        0.375,
        1.0968705484240153
    ],
    [
        1.118033988749895,
        0.6959705453537527,
        0.9100137361600648,
        1.4415703243338496,
        0.8385254915624212,
        0.625,
        0.7806247497997998,
        0.8838834764831844,
        0.6846531968814576,
        1.0383279828647594,
        0.960143218483576,
        0.9270248108869579,
        0.7806247497997998,
        0.8003905296791061,
        0.770551750371122,
        0.7288689868556626,
        0.7603453162872774,
        0.75,
        0.6123724356957945,
        0.0,
        0.770551750371122,
        0.7806247497997998,
        0.673145600891813,
        0.8100925873009825,
        0.9354143466934853,
        0.6959705453537527,
        0.770551750371122,
        0.7180703308172536,
        1.1726039399558574,
        0.7071067811865476,
        0.7288689868556626,
        0.739509972887452,
        0.673145600891813,
        0.649519052838329,
        0.81967981553775,
        0.7071067811865476,
        0.649519052838329,
        0.8660254037844386,
        0.6614378277661477,
        0.649519052838329,
        0.7071067811865476,
        0.6846531968814576,
        0.46770717334674267,
        0.6373774391990981,
        0.5994789404140899,
        0.673145600891813,
        0.6123724356957945,
        0.6959705453537527,
        0.6614378277661477,
        1.2119199643540823
    ],
    [
        0.960143218483576,
        0.6959705453537527,
        0.8385254915624212,
        1.3228756555322954,
        0.673145600891813,
        0.5863019699779287,
        0.6373774391990981,
        0.7288689868556626,
        0.5448623679425842,
        0.7603453162872774,
        1.0,
        0.7288689868556626,
        0.57282196186948,
        0.673145600891813,
        0.7180703308172536,
        0.5994789404140899,
        0.6123724356957945,
        0.6373774391990981,
        0.6123724356957945,
        0.770551750371122,
        0.0,
        0.6959705453537527,
        0.6373774391990981,
        0.6373774391990981,
        0.82915619758885,
        0.6123724356957945,
        0.625,
        0.6846531968814576,
        0.9762812094883317,
        0.6959705453537527,
        0.5863019699779287,
        0.673145600891813,
        0.6614378277661477,
        0.6123724356957945,
        0.6373774391990981,
        0.6123724356957945,
        0.649519052838329,
        0.6959705453537527,
        0.6614378277661477,
        0.5590169943749475,
        0.5590169943749475,
        0.6959705453537527,
        0.8100925873009825,
        0.5994789404140899,
        0.57282196186948,
        0.5590169943749475,
        0.5863019699779287,
        0.7071067811865476,
        0.6123724356957945,
        0.9682458365518543
    ],
    [
        0.9100137361600648,
        0.57282196186948,
        0.6846531968814576,
        1.231107225224513,
        0.5994789404140899,
        0.57282196186948,
        0.6373774391990981,
        0.6373774391990981,
        0.5590169943749475,
        0.8926785535678563,
        1.0897247358851685,
        0.8003905296791061,
        0.75,
        0.6846531968814576,
        0.6373774391990981,
        0.6123724356957945,
        0.75,
        0.673145600891813,
        0.5448623679425842,
        0.7806247497997998,
        0.6959705453537527,
        0.0,
        0.5303300858899106,
        0.7180703308172536,
        0.8100925873009825,
        0.5448623679425842,
        0.6123724356957945,
        0.673145600891813,
        0.9842509842514764,
        0.6373774391990981,
        0.5448623679425842,
        0.5994789404140899,
        0.6373774391990981,
        0.5590169943749475,
        0.6846531968814576,
        0.6123724356957945,
        0.625,
        0.82915619758885,
        0.5863019699779287,
        0.6123724356957945,
        0.5303300858899106,
        0.625,
        0.8003905296791061,
        0.5590169943749475,
        0.5863019699779287,
        0.6373774391990981,
        0.5448623679425842,
        0.6846531968814576,
        0.57282196186948,
        0.9270248108869579
    ],
    [
        0.960143218483576,
        0.5303300858899106,
        0.7071067811865476,
        1.2808688457449497,
        0.5863019699779287,
        0.375,
        0.5863019699779287,
        0.649519052838329,
        0.4841229182759271,
        0.9100137361600648,
        0.8385254915624212,
        0.7905694150420949,
        0.6373774391990981,
        0.5590169943749475,
        0.625,
        0.5,
        0.5863019699779287,
        0.5994789404140899,
        0.414578098794425,
        0.673145600891813,
        0.6373774391990981,
        0.5303300858899106,
        0.0,
        0.5863019699779287,
        0.8100925873009825,
        0.414578098794425,
        0.5590169943749475,
        0.5,
        1.015504800579495,
        0.46770717334674267,
        0.5303300858899106,
        0.46770717334674267,
        0.45069390943299864,
        0.5153882032022076,
        0.625,
        0.45069390943299864,
        0.39528470752104744,
        0.6959705453537527,
        0.414578098794425,
        0.46770717334674267,
        0.5303300858899106,
        0.4330127018922193,
        0.7180703308172536,
        0.414578098794425,
        0.4330127018922193,
        0.5,
        0.375,
        0.5,
        0.39528470752104744,
        0.9842509842514764
    ],
    [
        0.8838834764831844,
        0.5590169943749475,
        0.6846531968814576,
        1.2930100540985752,
        0.673145600891813,
        0.649519052838329,
        0.6373774391990981,
        0.6614378277661477,
        0.625,
        0.8385254915624212,
        1.1858541225631423,
        0.7603453162872774,
        0.75,
        0.625,
        0.5994789404140899,
        0.6846531968814576,
        0.7603453162872774,
        0.6373774391990981,
        0.5863019699779287,
        0.8100925873009825,
        0.6373774391990981,
        0.7180703308172536,
        0.5863019699779287,
        0.0,
        0.7180703308172536,
        0.7071067811865476,
        0.5,
        0.7603453162872774,
        0.9270248108869579,
        0.739509972887452,
        0.5994789404140899,
        0.6614378277661477,
        0.739509972887452,
        0.6373774391990981,
        0.6614378277661477,
        0.7180703308172536,
        0.7288689868556626,
        0.7806247497997998,
        0.6846531968814576,
        0.57282196186948,
        0.673145600891813,
        0.7603453162872774,
        0.8569568250501305,
        0.6373774391990981,
        0.6614378277661477,
        0.5863019699779287,
        0.649519052838329,
        0.75,
        0.6373774391990981,
        0.8660254037844386
    ],
    [
        0.9270248108869579,
        0.8003905296791061,
        0.75,
        1.159202311936963,
        0.8003905296791061,
        0.81967981553775,
        0.7905694150420949,
        0.82915619758885,
        0.7806247497997998,
        1.0077822185373186,
        1.2562344526401112,
        0.8926785535678563,
        0.9842509842514764,
        0.739509972887452,
        0.8100925873009825,
        0.8926785535678563,
        0.9519716382329886,
        0.7603453162872774,
        0.7905694150420949,
        0.9354143466934853,
        0.82915619758885,
        0.8100925873009825,
        0.8100925873009825,
        0.7180703308172536,
        0.0,
        0.8660254037844386,
        0.75,
        0.9270248108869579,
        0.8838834764831844,
        0.9185586535436918,
        0.770551750371122,
        0.7905694150420949,
        0.8838834764831844,
        0.739509972887452,
        0.8100925873009825,
        0.8660254037844386,
        0.9013878188659973,
        1.0077822185373186,
        0.81967981553775,
        0.8100925873009825,
        0.8100925873009825,
        0.9185586535436918,
        0.9519716382329886,
        0.82915619758885,
        0.8477912478906585,
        0.770551750371122,
        0.8477912478906585,
        0.9185586535436918,
        0.8003905296791061,
        0.9270248108869579
    ],
    [
        1.0307764064044151,
        0.5994789404140899,
        0.7905694150420949,
        1.334634781503914,
        0.6373774391990981,
        0.39528470752104744,
        0.6959705453537527,
        0.770551750371122,
        0.5590169943749475,
        0.8385254915624212,
        0.770551750371122,
        0.6846531968814576,
        0.5590169943749475,
        0.625,
        0.649519052838329,
        0.375,
        0.4330127018922193,
        0.5863019699779287,
        0.39528470752104744,
        0.6959705453537527,
        0.6123724356957945,
        0.5448623679425842,
        0.414578098794425,
        0.7071067811865476,
        0.8660254037844386,
        0.0,
        0.625,
        0.4330127018922193,
        1.0532687216470449,
        0.39528470752104744,
        0.5590169943749475,
        0.5303300858899106,
        0.33071891388307384,
        0.5448623679425842,
        0.6373774391990981,
        0.375,
        0.33071891388307384,
        0.5448623679425842,
        0.39528470752104744,
        0.5448623679425842,
        0.5,
        0.30618621784789724,
        0.7071067811865476,
        0.46770717334674267,
        0.46770717334674267,
        0.5303300858899106,
        0.414578098794425,
        0.45069390943299864,
        0.4330127018922193,
        1.0532687216470449
    ],
    [
        0.8569568250501305,
        0.5448623679425842,
        0.625,
        1.2562344526401112,
        0.6373774391990981,
        0.57282196186948,
        0.625,
        0.6614378277661477,
        0.5590169943749475,
        0.7288689868556626,
        1.1110243021644486,
        0.7071067811865476,
        0.673145600891813,
        0.6373774391990981,
        0.625,
        0.6123724356957945,
        0.7288689868556626,
        0.5863019699779287,
        0.5590169943749475,
        0.770551750371122,
        0.625,
        0.6123724356957945,
        0.5590169943749475,
        0.5,
        0.75,
        0.625,
        0.0,
        0.6959705453537527,
        0.8569568250501305,
        0.7180703308172536,
        0.4841229182759271,
        0.6123724356957945,
        0.6373774391990981,
        0.57282196186948,
        0.6123724356957945,
        0.649519052838329,
        0.6614378277661477,
        0.770551750371122,
        0.5863019699779287,
        0.5448623679425842,
        0.57282196186948,
        0.7071067811865476,
        0.8003905296791061,
        0.5863019699779287,
        0.57282196186948,
        0.5448623679425842,
        0.57282196186948,
        0.7071067811865476,
        0.57282196186948,
        0.9100137361600648
    ],
    [
        1.118033988749895,
        0.649519052838329,
        0.8660254037844386,
        1.4142135623730951,
        0.75,
        0.4330127018922193,
        0.7905694150420949,
        0.8100925873009825,
        0.649519052838329,
        0.9013878188659973,
        0.5994789404140899,
        0.7905694150420949,
        0.6123724356957945,
        0.6959705453537527,
        0.6846531968814576,
        0.45069390943299864,
        0.45069390943299864,
        0.673145600891813,
        0.5,
        0.7180703308172536,
        0.6846531968814576,
        0.673145600891813,
        0.5,
        0.7603453162872774,
        0.9270248108869579,
        0.4330127018922193,
        0.6959705453537527,
        0.0,
        1.1858541225631423,
        0.375,
        0.625,
        0.6123724356957945,
        0.414578098794425,
        0.625,
        0.739509972887452,
        0.414578098794425,
        0.414578098794425,
        0.5,
        0.4841229182759271,
        0.5994789404140899,
        0.625,
        0.375,
        0.7905694150420949,
        0.5153882032022076,
        0.5448623679425842,
        0.5863019699779287,
        0.46770717334674267,
        0.33071891388307384,
        0.46770717334674267,
        1.1726039399558574
    ],
    [
        0.875,
        0.9682458365518543,
        0.9100137361600648,
        1.0968705484240153,
        0.9270248108869579,
        1.0383279828647594,
        0.8569568250501305,
        0.9013878188659973,
        0.9762812094883317,
        1.0,
        1.403121520040228,
        0.9519716382329886,
        1.165922381636102,
        0.9354143466934853,
        1.0077822185373186,
        1.0383279828647594,
        1.1388041973930374,
        0.9354143466934853,
        1.0383279828647594,
        1.1726039399558574,
        0.9762812094883317,
        0.9842509842514764,
        1.015504800579495,
        0.9270248108869579,
        0.8838834764831844,
        1.0532687216470449,
        0.8569568250501305,
        1.1858541225631423,
        0.0,
        1.1388041973930374,
        0.9762812094883317,
        0.9270248108869579,
        1.103970108290981,
        0.9921567416492215,
        0.9013878188659973,
        1.0458250331675945,
        1.159202311936963,
        1.1792476415070754,
        1.0231690964840563,
        1.0077822185373186,
        0.960143218483576,
        1.1388041973930374,
        1.0897247358851685,
        1.015504800579495,
        1.0532687216470449,
        0.9682458365518543,
        1.0606601717798212,
        1.118033988749895,
        1.0307764064044151,
        0.960143218483576
    ],
    [
        1.103970108290981,
        0.6373774391990981,
        0.8385254915624212,
        1.3693063937629153,
        0.7603453162872774,
        0.46770717334674267,
        0.739509972887452,
        0.8100925873009825,
        0.5863019699779287,
        0.960143218483576,
        0.5994789404140899,
        0.8477912478906585,
        0.6614378277661477,
        0.75,
        0.7288689868556626,
        0.5153882032022076,
        0.45069390943299864,
        0.649519052838329,
        0.45069390943299864,
        0.7071067811865476,
        0.6959705453537527,
        0.6373774391990981,
        0.46770717334674267,
        0.739509972887452,
        0.9185586535436918,
        0.39528470752104744,
        0.7180703308172536,
        0.375,
        1.1388041973930374,
        0.0,
        0.5863019699779287,
        0.5590169943749475,
        0.30618621784789724,
        0.5448623679425842,
        0.7603453162872774,
        0.57282196186948,
        0.30618621784789724,
        0.5590169943749475,
        0.45069390943299864,
        0.5153882032022076,
        0.5863019699779287,
        0.25,
        0.739509972887452,
        0.45069390943299864,
        0.45069390943299864,
        0.6373774391990981,
        0.45069390943299864,
        0.33071891388307384,
        0.414578098794425,
        1.1524430571616109
    ],
    [
        0.9437293044088437,
        0.5153882032022076,
        0.739509972887452,
        1.2747548783981961,
        0.625,
        0.45069390943299864,
        0.6123724356957945,
        0.649519052838329,
        0.5,
