[
    [
        0.0,
        0.9762812094883317,
        0.6614378277661477,
        0.8003905296791061,
        0.6959705453537527,
        1.1388041973930374,
        0.7603453162872774,
        0.5448623679425842,
        1.3975424859373686,
        0.7288689868556626,
        1.3693063937629153,
        0.5590169943749475,
        0.6614378277661477,
        0.39528470752104744,
        0.75,
        0.5303300858899106,
        0.4841229182759271,
        1.6056540723331412,
        1.357847561400027,
        0.5,
        0.4841229182759271,
        0.8477912478906585,
        0.739509972887452,
        0.5,
        0.39528470752104744,
        1.4415703243338496,
        0.8926785535678563,
        1.8200274723201295,
        0.5994789404140899,
        1.776583800443987,
        0.625,
        0.9682458365518543,
        0.7180703308172536,
        0.9921567416492215,
        0.649519052838329,
        1.7544586059522749,
        1.3919410907075054,
        0.7071067811865476,
        0.81967981553775,
        0.9100137361600648,
        1.346291201783626,
        0.9270248108869579,
        1.4197270864500684,
        1.0606601717798212,
        1.0606601717798212,
        1.4197270864500684,
        0.8660254037844386,
        1.2808688457449497,
        1.0077822185373186,
        0.7806247497997998
    ],
    [
        0.9762812094883317,
        0.0,
        0.39528470752104744,
        0.46770717334674267,
        0.4330127018922193,
        0.57282196186948,
        0.46770717334674267,
        0.414578098794425,
        0.7071067811865476,
        0.4841229182759271,
        0.739509972887452,
        0.414578098794425,
        0.39528470752104744,
        0.57282196186948,
        0.7071067811865476,
        0.5,
        0.5448623679425842,
        0.7905694150420949,
        0.7288689868556626,
        0.4841229182759271,
        0.5,
        0.39528470752104744,
        0.414578098794425,
        0.5,
        0.57282196186948,
        0.75,
        0.5153882032022076,
        1.0231690964840563,
        0.39528470752104744,
        0.8926785535678563,
        0.4330127018922193,
        0.46770717334674267,
        0.46770717334674267,
        0.5303300858899106,
        0.45069390943299864,
        0.875,
        0.7905694150420949,
        0.4330127018922193,
        0.5,
        0.5303300858899106,
        0.8660254037844386,
        0.4841229182759271,
        0.649519052838329,
        0.649519052838329,
        0.5448623679425842,
        0.673145600891813,
        0.5153882032022076,
        0.625,
        0.5448623679425842,
        0.414578098794425
    ],
    [
        0.6614378277661477,
        0.39528470752104744,
        0.0,
        0.414578098794425,
        0.21650635094610965,
        0.6123724356957945,
        0.375,
        0.1767766952966369,
        0.81967981553775,
        0.3535533905932738,
        0.673145600891813,
        0.1767766952966369,
        0.1767766952966369,
        0.4330127018922193,
        0.5863019699779287,
        0.33071891388307384,
        0.414578098794425,
        0.9437293044088437,
        0.75,
        0.30618621784789724,
        0.33071891388307384,
        0.33071891388307384,
        0.21650635094610965,
        0.33071891388307384,
        0.4330127018922193,
        0.7806247497997998,
        0.414578098794425,
        1.1858541225631423,
        0.125,
        1.0606601717798212,
        0.21650635094610965,
        0.5303300858899106,
        0.21650635094610965,
        0.414578098794425,
        0.25,
        1.0532687216470449,
        0.8477912478906585,
        0.25,
        0.414578098794425,
        0.4841229182759271,
        0.9013878188659973,
        0.4841229182759271,
        0.7603453162872774,
        0.57282196186948,
        0.5863019699779287,
        0.7603453162872774,
        0.3535533905932738,
        0.739509972887452,
        0.5303300858899106,
        0.375
    ],
    [
        0.8003905296791061,
        0.46770717334674267,
        0.414578098794425,
        0.0,
        0.4330127018922193,
        0.5,
        0.5,
        0.45069390943299864,
        0.6959705453537527,
        0.5,
        0.625,
        0.45069390943299864,
        0.39528470752104744,
        0.5994789404140899,
        0.7288689868556626,
        0.5303300858899106,
        0.5590169943749475,
        0.81967981553775,
        0.673145600891813,
        0.5153882032022076,
        0.5303300858899106,
        0.39528470752104744,
        0.4330127018922193,
        0.5303300858899106,
        0.5994789404140899,
        0.649519052838329,
        0.4330127018922193,
        1.0968705484240153,
        0.39528470752104744,
        0.9519716382329886,
        0.46770717334674267,
        0.625,
        0.4330127018922193,
        0.45069390943299864,
        0.33071891388307384,
        0.9100137361600648,
        0.7288689868556626,
        0.45069390943299864,
        0.5153882032022076,
        0.30618621784789724,
        0.8660254037844386,
        0.375,
        0.6959705453537527,
        0.5,
        0.46770717334674267,
        0.6846531968814576,
        0.5,
        0.6614378277661477,
        0.4330127018922193,
        0.4841229182759271
    ],
    [
        0.6959705453537527,
        0.4330127018922193,
        0.21650635094610965,
        0.4330127018922193,
        0.0,
        0.5863019699779287,
        0.4330127018922193,
        0.2795084971874737,
        0.81967981553775,
        0.33071891388307384,
        0.6846531968814576,
        0.2795084971874737,
        0.21650635094610965,
        0.4841229182759271,
        0.625,
        0.3535533905932738,
        0.46770717334674267,
        0.9519716382329886,
        0.75,
        0.375,
        0.39528470752104744,
        0.3535533905932738,
        0.30618621784789724,
        0.39528470752104744,
        0.4841229182759271,
        0.7603453162872774,
        0.375,
        1.0458250331675945,
        0.1767766952966369,
        1.0077822185373186,
        0.30618621784789724,
        0.5590169943749475,
        0.1767766952966369,
        0.39528470752104744,
        0.2795084971874737,
        1.0458250331675945,
        0.81967981553775,
        0.25,
        0.46770717334674267,
        0.5,
        0.8660254037844386,
        0.4841229182759271,
        0.75,
        0.5303300858899106,
        0.5863019699779287,
        0.7603453162872774,
        0.33071891388307384,
        0.6614378277661477,
        0.5303300858899106,
        0.414578098794425
    ],
    [
        1.1388041973930374,
        0.57282196186948,
        0.6123724356957945,
        0.5,
        0.5863019699779287,
        0.0,
        0.5994789404140899,
        0.6373774391990981,
        0.625,
        0.625,
        0.7071067811865476,
        0.6373774391990981,
        0.57282196186948,
        0.8100925873009825,
        0.8569568250501305,
        0.673145600891813,
        0.75,
        0.6959705453537527,
        0.6123724356957945,
        0.6846531968814576,
        0.6959705453537527,
        0.5448623679425842,
        0.5863019699779287,
        0.6959705453537527,
        0.8100925873009825,
        0.649519052838329,
        0.5448623679425842,
        0.9100137361600648,
        0.6123724356957945,
        0.8569568250501305,
        0.6373774391990981,
        0.6373774391990981,
        0.57282196186948,
        0.5590169943749475,
        0.5590169943749475,
        0.81967981553775,
        0.7288689868556626,
        0.6123724356957945,
        0.7071067811865476,
        0.5,
        0.8100925873009825,
        0.5,
        0.6959705453537527,
        0.5448623679425842,
        0.57282196186948,
        0.649519052838329,
        0.5994789404140899,
        0.673145600891813,
        0.5303300858899106,
        0.5590169943749475
    ],
    [
        0.7603453162872774,
        0.46770717334674267,
        0.375,
        0.5,
        0.4330127018922193,
        0.5994789404140899,
        0.0,
        0.33071891388307384,
        0.7180703308172536,
        0.4330127018922193,
        0.7180703308172536,
        0.33071891388307384,
        0.39528470752104744,
        0.45069390943299864,
        0.5994789404140899,
        0.3535533905932738,
        0.414578098794425,
        0.82915619758885,
        0.739509972887452,
        0.33071891388307384,
        0.3535533905932738,
        0.45069390943299864,
        0.414578098794425,
        0.3535533905932738,
        0.45069390943299864,
        0.7806247497997998,
        0.5153882032022076,
        1.0606601717798212,
        0.39528470752104744,
        0.9437293044088437,
        0.33071891388307384,
        0.45069390943299864,
        0.4330127018922193,
        0.4841229182759271,
        0.45069390943299864,
        0.9185586535436918,
        0.8385254915624212,
        0.414578098794425,
        0.5,
        0.5303300858899106,
        0.8926785535678563,
        0.5303300858899106,
        0.7180703308172536,
        0.5863019699779287,
        0.5590169943749475,
        0.7288689868556626,
        0.4841229182759271,
        0.7288689868556626,
        0.5448623679425842,
        0.3535533905932738
    ],
    [
        0.5448623679425842,
        0.414578098794425,
        0.1767766952966369,
        0.45069390943299864,
        0.2795084971874737,
        0.6373774391990981,
        0.33071891388307384,
        0.0,
        0.8385254915624212,
        0.30618621784789724,
        0.6959705453537527,
        0.0,
        0.25,
        0.39528470752104744,
        0.5590169943749475,
        0.2795084971874737,
        0.375,
        0.960143218483576,
        0.770551750371122,
        0.25,
        0.2795084971874737,
        0.375,
        0.2795084971874737,
        0.2795084971874737,
        0.39528470752104744,
        0.8003905296791061,
        0.45069390943299864,
        1.1989578808281798,
        0.21650635094610965,
        1.0752906583803283,
        0.125,
        0.5,
        0.2795084971874737,
        0.45069390943299864,
        0.30618621784789724,
        1.0680004681646913,
        0.8569568250501305,
        0.2795084971874737,
        0.375,
        0.5153882032022076,
        0.9185586535436918,
        0.5153882032022076,
        0.7806247497997998,
        0.5863019699779287,
        0.6123724356957945,
        0.7806247497997998,
        0.3535533905932738,
        0.7603453162872774,
        0.5590169943749475,
        0.30618621784789724
    ],
    [
        1.3975424859373686,
        0.7071067811865476,
        0.81967981553775,
        0.6959705453537527,
        0.81967981553775,
        0.625,
        0.7180703308172536,
        0.8385254915624212,
        0.0,
        0.8385254915624212,
        0.7288689868556626,
        0.8385254915624212,
        0.739509972887452,
        0.960143218483576,
        1.0077822185373186,
        0.8838834764831844,
        0.9354143466934853,
        0.81967981553775,
        0.7288689868556626,
        0.875,
        0.8838834764831844,
        0.739509972887452,
        0.81967981553775,
        0.8838834764831844,
        0.960143218483576,
        0.7071067811865476,
        0.6959705453537527,
        0.9437293044088437,
        0.8100925873009825,
        0.9013878188659973,
        0.8385254915624212,
        0.7603453162872774,
        0.770551750371122,
        0.673145600891813,
        0.7806247497997998,
        0.81967981553775,
        0.75,
        0.8477912478906585,
        0.8838834764831844,
        0.6846531968814576,
        0.9682458365518543,
        0.625,
        0.6846531968814576,
        0.7603453162872774,
        0.6959705453537527,
        0.7180703308172536,
        0.739509972887452,
        0.673145600891813,
        0.6846531968814576,
        0.7806247497997998
    ],
    [
        0.7288689868556626,
        0.4841229182759271,
        0.3535533905932738,
        0.5,
        0.33071891388307384,
        0.625,
        0.4330127018922193,
        0.30618621784789724,
        0.8385254915624212,
        0.0,
        0.7603453162872774,
        0.30618621784789724,
        0.39528470752104744,
        0.5,
        0.6373774391990981,
        0.33071891388307384,
        0.4841229182759271,
        0.9354143466934853,
        0.7806247497997998,
        0.39528470752104744,
        0.414578098794425,
        0.46770717334674267,
        0.39528470752104744,
        0.414578098794425,
        0.5,
        0.8003905296791061,
        0.5303300858899106,
        1.0752906583803283,
        0.375,
        1.0077822185373186,
        0.375,
        0.5303300858899106,
        0.414578098794425,
        0.46770717334674267,
        0.4330127018922193,
        1.0307764064044151,
        0.875,
        0.3535533905932738,
        0.5,
        0.5448623679425842,
        0.8569568250501305,
        0.5448623679425842,
        0.7603453162872774,
        0.57282196186948,
        0.6123724356957945,
        0.7905694150420949,
        0.33071891388307384,
        0.739509972887452,
        0.5303300858899106,
        0.45069390943299864
    ],
    [
        1.3693063937629153,
        0.739509972887452,
        0.673145600891813,
        0.625,
        0.6846531968814576,
        0.7071067811865476,
        0.7180703308172536,
        0.6959705453537527,
        0.7288689868556626,
        0.7603453162872774,
        0.0,
        0.6959705453537527,
        0.6373774391990981,
        0.82915619758885,
        0.8926785535678563,
        0.75,
        0.8003905296791061,
        0.739509972887452,
        0.739509972887452,
        0.739509972887452,
        0.75,
        0.649519052838329,
        0.6614378277661477,
        0.75,
        0.82915619758885,
        0.673145600891813,
        0.625,
        0.9842509842514764,
        0.6614378277661477,
        0.9100137361600648,
        0.6959705453537527,
        0.770551750371122,
        0.649519052838329,
        0.649519052838329,
        0.625,
        0.875,
        0.7905694150420949,
        0.6959705453537527,
        0.739509972887452,
        0.5994789404140899,
        0.9270248108869579,
        0.625,
        0.7288689868556626,
        0.649519052838329,
        0.649519052838329,
        0.7180703308172536,
        0.6846531968814576,
        0.7288689868556626,
        0.5448623679425842,
        0.7180703308172536
    ],
    [
        0.5590169943749475,
        0.414578098794425,
        0.1767766952966369,
        0.45069390943299864,
        0.2795084971874737,
        0.6373774391990981,
        0.33071891388307384,
        0.0,
        0.8385254915624212,
        0.30618621784789724,
        0.6959705453537527,
        0.0,
        0.25,
        0.39528470752104744,
        0.5590169943749475,
        0.2795084971874737,
        0.375,
        0.960143218483576,
        0.770551750371122,
        0.25,
        0.2795084971874737,
        0.375,
        0.2795084971874737,
        0.2795084971874737,
        0.39528470752104744,
        0.8003905296791061,
        0.45069390943299864,
        1.1989578808281798,
        0.21650635094610965,
        1.0752906583803283,
        0.125,
        0.5,
        0.2795084971874737,
        0.45069390943299864,
        0.30618621784789724,
        1.0680004681646913,
        0.8569568250501305,
        0.2795084971874737,
        0.375,
        0.5153882032022076,
        0.9185586535436918,
        0.5153882032022076,
        0.7806247497997998,
        0.5863019699779287,
        0.6123724356957945,
        0.7806247497997998,
        0.3535533905932738,
        0.7603453162872774,
        0.5590169943749475,
        0.30618621784789724
    ],
    [
        0.6614378277661477,
        0.39528470752104744,
        0.1767766952966369,
        0.39528470752104744,
        0.21650635094610965,
        0.57282196186948,
        0.39528470752104744,
        0.25,
        0.739509972887452,
        0.39528470752104744,
        0.6373774391990981,
        0.25,
        0.0,
        0.46770717334674267,
        0.6123724356957945,
        0.375,
        0.45069390943299864,
        0.9013878188659973,
        0.7071067811865476,
        0.3535533905932738,
        0.375,
        0.2795084971874737,
        0.2795084971874737,
        0.375,
        0.46770717334674267,
        0.7603453162872774,
        0.414578098794425,
        1.1524430571616109,
        0.125,
        0.9842509842514764,
        0.2795084971874737,
        0.5303300858899106,
        0.21650635094610965,
        0.39528470752104744,
        0.25,
        1.015504800579495,
        0.81967981553775,
        0.2795084971874737,
        0.45069390943299864,
        0.4841229182759271,
        0.8660254037844386,
        0.46770717334674267,
        0.7071067811865476,
        0.5153882032022076,
        0.5448623679425842,
        0.7288689868556626,
        0.3535533905932738,
        0.6959705453537527,
        0.5,
        0.39528470752104744
    ],
    [
        0.39528470752104744,
        0.57282196186948,
        0.4330127018922193,
        0.5994789404140899,
        0.4841229182759271,
        0.8100925873009825,
        0.45069390943299864,
        0.39528470752104744,
        0.960143218483576,
        0.5,
        0.82915619758885,
        0.39528470752104744,
        0.46770717334674267,
        0.0,
        0.5863019699779287,
        0.33071891388307384,
        0.21650635094610965,
        1.0606601717798212,
        0.9270248108869579,
        0.30618621784789724,
        0.2795084971874737,
        0.5448623679425842,
        0.4841229182759271,
        0.2795084971874737,
        0.0,
        0.9519716382329886,
        0.5994789404140899,
        1.2808688457449497,
        0.45069390943299864,
        1.1726039399558574,
        0.414578098794425,
        0.5863019699779287,
        0.4841229182759271,
        0.625,
        0.5,
        1.159202311936963,
        1.0307764064044151,
        0.4841229182759271,
        0.5448623679425842,
        0.649519052838329,
        1.0077822185373186,
        0.6614378277661477,
        0.9270248108869579,
        0.739509972887452,
        0.7288689868556626,
        0.9185586535436918,
        0.5590169943749475,
        0.875,
        0.6959705453537527,
        0.5
    ],
    [
        0.75,
        0.7071067811865476,
        0.5863019699779287,
        0.7288689868556626,
        0.625,
        0.8569568250501305,
        0.5994789404140899,
        0.5590169943749475,
        1.0077822185373186,
        0.6373774391990981,
        0.8926785535678563,
        0.5590169943749475,
        0.6123724356957945,
        0.5863019699779287,
        0.0,
        0.5153882032022076,
        0.5863019699779287,
        1.1110243021644486,
        0.9519716382329886,
        0.5,
        0.5153882032022076,
        0.673145600891813,
        0.625,
        0.5153882032022076,
        0.5863019699779287,
        0.9842509842514764,
        0.7180703308172536,
        1.3228756555322954,
        0.5994789404140899,
        1.2119199643540823,
        0.57282196186948,
        0.7180703308172536,
        0.625,
        0.7180703308172536,
        0.6373774391990981,
        1.2054563451241194,
        1.0458250331675945,
        0.625,
        0.673145600891813,
        0.7603453162872774,
        0.8100925873009825,
        0.7603453162872774,
        0.960143218483576,
        0.8100925873009825,
        0.82915619758885,
        0.960143218483576,
        0.6614378277661477,
        0.9437293044088437,
        0.7905694150420949,
        0.6373774391990981
    ],
    [
        0.5303300858899106,
        0.5,
        0.33071891388307384,
        0.5303300858899106,
        0.3535533905932738,
        0.673145600891813,
        0.3535533905932738,
        0.2795084971874737,
        0.8838834764831844,
        0.33071891388307384,
        0.75,
        0.2795084971874737,
        0.375,
        0.33071891388307384,
        0.5153882032022076,
        0.0,
        0.30618621784789724,
        1.0,
        0.8100925873009825,
        0.125,
        0.1767766952966369,
        0.46770717334674267,
        0.39528470752104744,
        0.1767766952966369,
        0.33071891388307384,
        0.8385254915624212,
        0.5303300858899106,
        1.192424001771182,
        0.33071891388307384,
        1.0968705484240153,
        0.30618621784789724,
        0.5,
        0.39528470752104744,
        0.4841229182759271,
        0.414578098794425,
        1.0897247358851685,
        0.9185586535436918,
        0.3535533905932738,
        0.46770717334674267,
        0.5863019699779287,
        0.9270248108869579,
        0.5863019699779287,
        0.8003905296791061,
        0.6123724356957945,
        0.673145600891813,
        0.82915619758885,
        0.375,
        0.770551750371122,
        0.5994789404140899,
        0.414578098794425
    ],
    [
        0.4841229182759271,
        0.5448623679425842,
        0.414578098794425,
        0.5590169943749475,
        0.46770717334674267,
        0.75,
        0.414578098794425,
        0.375,
        0.9354143466934853,
        0.4841229182759271,
        0.8003905296791061,
        0.375,
        0.45069390943299864,
        0.21650635094610965,
        0.5863019699779287,
        0.30618621784789724,
        0.0,
        1.015504800579495,
        0.875,
        0.2795084971874737,
        0.25,
        0.5153882032022076,
        0.4330127018922193,
        0.25,
        0.21650635094610965,
        0.9100137361600648,
        0.57282196186948,
        1.2562344526401112,
        0.4330127018922193,
        1.0968705484240153,
        0.3535533905932738,
        0.5590169943749475,
        0.46770717334674267,
        0.5863019699779287,
        0.4841229182759271,
        1.0752906583803283,
        0.9762812094883317,
        0.4330127018922193,
        0.4841229182759271,
        0.6123724356957945,
        0.960143218483576,
        0.6123724356957945,
        0.9013878188659973,
        0.6846531968814576,
        0.673145600891813,
        0.8569568250501305,
        0.5303300858899106,
        0.8477912478906585,
        0.6614378277661477,
        0.45069390943299864
    ],
    [
        1.6056540723331412,
        0.7905694150420949,
        0.9437293044088437,
        0.81967981553775,
        0.9519716382329886,
        0.6959705453537527,
        0.82915619758885,
        0.960143218483576,
        0.81967981553775,
        0.9354143466934853,
        0.739509972887452,
        0.960143218483576,
        0.9013878188659973,
        1.0606601717798212,
        1.1110243021644486,
        1.0,
        1.015504800579495,
        0.0,
        0.7180703308172536,
        0.9921567416492215,
        1.0,
        0.8003905296791061,
        0.8660254037844386,
        1.0,
        1.0606601717798212,
        0.739509972887452,
        0.82915619758885,
        1.0532687216470449,
        0.9354143466934853,
        0.9013878188659973,
        0.9270248108869579,
        0.82915619758885,
        0.9354143466934853,
        0.8385254915624212,
        0.9100137361600648,
        0.82915619758885,
        0.770551750371122,
        0.9185586535436918,
        0.9682458365518543,
        0.7288689868556626,
        0.9270248108869579,
        0.81967981553775,
        0.7905694150420949,
        0.75,
        0.739509972887452,
        0.7905694150420949,
        0.9013878188659973,
        0.82915619758885,
        0.75,
        0.82915619758885
    ],
    [
        1.357847561400027,
        0.7288689868556626,
        0.75,
        0.673145600891813,
        0.75,
        0.6123724356957945,
        0.739509972887452,
        0.770551750371122,
        0.7288689868556626,
        0.7806247497997998,
        0.739509972887452,
        0.770551750371122,
        0.7071067811865476,
        0.9270248108869579,
        0.9519716382329886,
        0.8100925873009825,
        0.875,
        0.7180703308172536,
        0.0,
        0.8100925873009825,
        0.81967981553775,
        0.7071067811865476,
        0.6959705453537527,
        0.81967981553775,
        0.9270248108869579,
        0.7071067811865476,
        0.6614378277661477,
        0.8926785535678563,
        0.739509972887452,
        0.8100925873009825,
        0.7603453162872774,
        0.7288689868556626,
        0.739509972887452,
        0.673145600891813,
        0.7071067811865476,
        0.7905694150420949,
        0.6614378277661477,
        0.7180703308172536,
        0.8003905296791061,
        0.6959705453537527,
        0.8838834764831844,
        0.6373774391990981,
        0.739509972887452,
        0.625,
        0.6614378277661477,
        0.6959705453537527,
        0.739509972887452,
        0.6959705453537527,
        0.6373774391990981,
        0.7288689868556626
    ],
    [
        0.5,
        0.4841229182759271,
        0.30618621784789724,
        0.5153882032022076,
        0.375,
        0.6846531968814576,
        0.33071891388307384,
        0.25,
        0.875,
        0.39528470752104744,
        0.739509972887452,
        0.25,
        0.3535533905932738,
        0.30618621784789724,
        0.5,
        0.125,
        0.2795084971874737,
        0.9921567416492215,
        0.8100925873009825,
        0.0,
        0.125,
        0.45069390943299864,
        0.375,
        0.125,
        0.30618621784789724,
        0.8477912478906585,
        0.5153882032022076,
        1.224744871391589,
        0.33071891388307384,
        1.103970108290981,
        0.2795084971874737,
        0.5,
        0.375,
        0.5153882032022076,
        0.39528470752104744,
        1.0968705484240153,
        0.9185586535436918,
        0.375,
        0.45069390943299864,
        0.57282196186948,
        0.9519716382329886,
        0.57282196186948,
        0.81967981553775,
        0.6373774391990981,
        0.6614378277661477,
        0.81967981553775,
        0.4330127018922193,
        0.8003905296791061,
        0.6123724356957945,
        0.39528470752104744
    ],
    [
        0.4841229182759271,
        0.5,
        0.33071891388307384,
        0.5303300858899106,
        0.39528470752104744,
        0.6959705453537527,
        0.3535533905932738,
        0.2795084971874737,
        0.8838834764831844,
        0.414578098794425,
        0.75,
        0.2795084971874737,
        0.375,
        0.2795084971874737,
        0.5153882032022076,
        0.1767766952966369,
        0.25,
        1.0,
        0.81967981553775,
        0.125,
        0.0,
        0.46770717334674267,
        0.39528470752104744,
        0.0,
        0.2795084971874737,
        0.8660254037844386,
        0.5303300858899106,
        1.231107225224513,
        0.3535533905932738,
        1.1110243021644486,
        0.30618621784789724,
        0.5303300858899106,
        0.39528470752104744,
        0.5303300858899106,
        0.414578098794425,
        1.103970108290981,
        0.9354143466934853,
        0.39528470752104744,
        0.46770717334674267,
        0.5863019699779287,
        0.960143218483576,
        0.5863019699779287,
        0.8385254915624212,
        0.6373774391990981,
        0.673145600891813,
        0.82915619758885,
        0.45069390943299864,
        0.8003905296791061,
        0.625,
        0.414578098794425
    ],
    [
        0.8477912478906585,
        0.39528470752104744,
        0.33071891388307384,
        0.39528470752104744,
        0.3535533905932738,
        0.5448623679425842,
        0.45069390943299864,
        0.375,
        0.739509972887452,
        0.46770717334674267,
        0.649519052838329,
        0.375,
        0.2795084971874737,
        0.5448623679425842,
        0.673145600891813,
        0.46770717334674267,
        0.5153882032022076,
        0.8003905296791061,
        0.7071067811865476,
        0.45069390943299864,
        0.46770717334674267,
        0.0,
        0.3535533905932738,
        0.46770717334674267,
        0.5448623679425842,
        0.6846531968814576,
        0.414578098794425,
        1.125,
        0.30618621784789724,
        0.9519716382329886,
        0.3535533905932738,
        0.5153882032022076,
        0.3535533905932738,
        0.414578098794425,
        0.33071891388307384,
        0.9270248108869579,
        0.7603453162872774,
        0.3535533905932738,
        0.4330127018922193,
        0.4841229182759271,
        0.81967981553775,
        0.414578098794425,
        0.625,
        0.5994789404140899,
        0.5,
        0.6846531968814576,
        0.45069390943299864,
        0.6846531968814576,
        0.5153882032022076,
        0.45069390943299864
    ],
    [
        0.739509972887452,
        0.414578098794425,
        0.21650635094610965,
        0.4330127018922193,
        0.30618621784789724,
        0.5863019699779287,
        0.414578098794425,
        0.2795084971874737,
        0.81967981553775,
        0.39528470752104744,
        0.6614378277661477,
        0.2795084971874737,
        0.2795084971874737,
        0.4841229182759271,
        0.625,
        0.39528470752104744,
        0.4330127018922193,
        0.8660254037844386,
        0.6959705453537527,
        0.375,
        0.39528470752104744,
        0.3535533905932738,
        0.0,
        0.39528470752104744,
        0.4841229182759271,
        0.7180703308172536,
        0.4330127018922193,
        1.14564392373896,
        0.25,
        0.9437293044088437,
        0.30618621784789724,
        0.5303300858899106,
        0.30618621784789724,
        0.4330127018922193,
        0.33071891388307384,
        0.9762812094883317,
        0.8003905296791061,
        0.30618621784789724,
        0.3535533905932738,
        0.4841229182759271,
        0.82915619758885,
        0.46770717334674267,
        0.75,
        0.57282196186948,
        0.5590169943749475,
        0.649519052838329,
        0.414578098794425,
        0.7288689868556626,
        0.5303300858899106,
        0.39528470752104744
    ],
    [
        0.5,
        0.5,
        0.33071891388307384,
        0.5303300858899106,
        0.39528470752104744,
        0.6959705453537527,
        0.3535533905932738,
        0.2795084971874737,
        0.8838834764831844,
        0.414578098794425,
        0.75,
        0.2795084971874737,
        0.375,
        0.2795084971874737,
        0.5153882032022076,
        0.1767766952966369,
        0.25,
        1.0,
        0.81967981553775,
        0.125,
        0.0,
        0.46770717334674267,
        0.39528470752104744,
        0.0,
        0.2795084971874737,
        0.8660254037844386,
        0.5303300858899106,
        1.231107225224513,
        0.3535533905932738,
        1.1110243021644486,
        0.30618621784789724,
        0.5153882032022076,
        0.39528470752104744,
        0.5303300858899106,
        0.414578098794425,
        1.103970108290981,
        0.9354143466934853,
        0.39528470752104744,
        0.46770717334674267,
        0.5863019699779287,
        0.960143218483576,
        0.5863019699779287,
        0.8385254915624212,
        0.6614378277661477,
        0.673145600891813,
        0.82915619758885,
        0.45069390943299864,
        0.8100925873009825,
        0.625,
        0.414578098794425
    ],
    [
        0.39528470752104744,
        0.57282196186948,
        0.4330127018922193,
        0.5994789404140899,
        0.4841229182759271,
        0.8100925873009825,
        0.45069390943299864,
        0.39528470752104744,
        0.960143218483576,
        0.5,
        0.82915619758885,
        0.39528470752104744,
        0.46770717334674267,
        0.0,
        0.5863019699779287,
        0.33071891388307384,
        0.21650635094610965,
        1.0606601717798212,
        0.9270248108869579,
        0.30618621784789724,
        0.2795084971874737,
        0.5448623679425842,
        0.4841229182759271,
        0.2795084971874737,
        0.0,
        0.9519716382329886,
        0.5994789404140899,
        1.2808688457449497,
        0.45069390943299864,
        1.1726039399558574,
        0.414578098794425,
        0.5994789404140899,
        0.4841229182759271,
        0.625,
        0.5,
        1.159202311936963,
        1.0307764064044151,
        0.4841229182759271,
        0.5448623679425842,
        0.649519052838329,
        1.0077822185373186,
        0.6614378277661477,
        0.9270248108869579,
        0.739509972887452,
        0.7288689868556626,
        0.9185586535436918,
        0.5448623679425842,
        0.875,
        0.6959705453537527,
        0.5153882032022076
    ],
    [
        1.4415703243338496,
        0.75,
        0.7806247497997998,
        0.649519052838329,
        0.7603453162872774,
        0.649519052838329,
        0.7806247497997998,
        0.8003905296791061,
        0.7071067811865476,
        0.8003905296791061,
        0.673145600891813,
        0.8003905296791061,
        0.7603453162872774,
        0.9519716382329886,
        0.9842509842514764,
        0.8385254915624212,
        0.9100137361600648,
        0.739509972887452,
        0.7071067811865476,
        0.8477912478906585,
        0.8660254037844386,
        0.6846531968814576,
        0.7180703308172536,
        0.8660254037844386,
        0.9519716382329886,
        0.0,
        0.673145600891813,
        0.9270248108869579,
        0.770551750371122,
        0.8838834764831844,
        0.7806247497997998,
        0.82915619758885,
        0.7603453162872774,
        0.7071067811865476,
        0.739509972887452,
        0.7905694150420949,
        0.673145600891813,
        0.7180703308172536,
        0.8385254915624212,
        0.6373774391990981,
        0.9100137361600648,
        0.6123724356957945,
        0.75,
        0.625,
        0.673145600891813,
        0.7071067811865476,
        0.7603453162872774,
        0.673145600891813,
        0.649519052838329,
        0.7905694150420949
    ],
    [
        0.8926785535678563,
        0.5153882032022076,
        0.414578098794425,
        0.4330127018922193,
        0.375,
        0.5448623679425842,
        0.5153882032022076,
        0.45069390943299864,
        0.6959705453537527,
        0.5303300858899106,
        0.625,
        0.45069390943299864,
        0.414578098794425,
        0.5994789404140899,
        0.7180703308172536,
        0.5303300858899106,
        0.57282196186948,
        0.82915619758885,
        0.6614378277661477,
        0.5153882032022076,
        0.5303300858899106,
        0.414578098794425,
        0.4330127018922193,
        0.5303300858899106,
        0.5994789404140899,
        0.673145600891813,
        0.0,
        1.0077822185373186,
        0.39528470752104744,
        0.9437293044088437,
        0.45069390943299864,
        0.5590169943749475,
        0.33071891388307384,
        0.4841229182759271,
        0.33071891388307384,
        0.8660254037844386,
        0.739509972887452,
        0.414578098794425,
        0.5,
        0.45069390943299864,
        0.9013878188659973,
        0.375,
        0.7180703308172536,
        0.5303300858899106,
        0.5590169943749475,
        0.6959705453537527,
        0.5303300858899106,
        0.649519052838329,
        0.5,
        0.4841229182759271
    ],
    [
        1.8200274723201295,
        1.0231690964840563,
        1.1858541225631423,
        1.0968705484240153,
        1.0458250331675945,
        0.9100137361600648,
        1.0606601717798212,
        1.1989578808281798,
        0.9437293044088437,
        1.0752906583803283,
        0.9842509842514764,
        1.1989578808281798,
        1.1524430571616109,
        1.2808688457449497,
        1.3228756555322954,
        1.192424001771182,
        1.2562344526401112,
        1.0532687216470449,
        0.8926785535678563,
        1.224744871391589,
        1.231107225224513,
        1.125,
        1.14564392373896,
        1.231107225224513,
        1.2808688457449497,
        0.9270248108869579,
        1.0077822185373186,
        0.0,
        1.1792476415070754,
        0.875,
        1.192424001771182,
        1.0383279828647594,
        1.0752906583803283,
        0.9437293044088437,
        1.159202311936963,
        0.9921567416492215,
        0.9270248108869579,
        1.1388041973930374,
        1.2183492931011204,
        1.0458250331675945,
        1.1388041973930374,
        1.0077822185373186,
        0.960143218483576,
        1.0307764064044151,
        1.0077822185373186,
        0.9682458365518543,
        1.0383279828647594,
        0.9437293044088437,
        0.9013878188659973,
        1.0307764064044151
    ],
    [
        0.5994789404140899,
        0.39528470752104744,
        0.125,
        0.39528470752104744,
        0.1767766952966369,
        0.6123724356957945,
        0.39528470752104744,
        0.21650635094610965,
        0.8100925873009825,
        0.375,
        0.6614378277661477,
        0.21650635094610965,
        0.125,
        0.45069390943299864,
        0.5994789404140899,
        0.33071891388307384,
        0.4330127018922193,
        0.9354143466934853,
        0.739509972887452,
        0.33071891388307384,
        0.3535533905932738,
        0.30618621784789724,
        0.25,
        0.3535533905932738,
        0.45069390943299864,
        0.770551750371122,
        0.39528470752104744,
        1.1792476415070754,
        0.0,
        1.0532687216470449,
        0.25,
        0.5448623679425842,
        0.1767766952966369,
        0.39528470752104744,
        0.21650635094610965,
        1.0458250331675945,
        0.8385254915624212,
        0.21650635094610965,
        0.4330127018922193,
        0.46770717334674267,
        0.8926785535678563,
        0.46770717334674267,
        0.75,
        0.5303300858899106,
        0.57282196186948,
        0.75,
        0.375,
        0.7180703308172536,
        0.5153882032022076,
        0.375
    ],
    [
        1.776583800443987,
        0.8926785535678563,
        1.0606601717798212,
        0.9519716382329886,
        1.0077822185373186,
        0.8569568250501305,
        0.9437293044088437,
        1.0752906583803283,
        0.9013878188659973,
        1.0077822185373186,
        0.9100137361600648,
        1.0752906583803283,
        0.9842509842514764,
        1.1726039399558574,
        1.2119199643540823,
        1.0968705484240153,
        1.0968705484240153,
        0.9013878188659973,
        0.8100925873009825,
        1.103970108290981,
        1.1110243021644486,
        0.9519716382329886,
        0.9437293044088437,
        1.1110243021644486,
        1.1726039399558574,
        0.8838834764831844,
        0.9437293044088437,
        0.875,
        1.0532687216470449,
        0.0,
        1.0307764064044151,
        0.9100137361600648,
        1.0231690964840563,
        0.8926785535678563,
        1.0307764064044151,
        0.9185586535436918,
        0.8477912478906585,
        1.0077822185373186,
        1.0606601717798212,
        0.9437293044088437,
        0.9842509842514764,
        0.9100137361600648,
        0.8660254037844386,
        0.9519716382329886,
        0.9100137361600648,
        0.9185586535436918,
        0.9100137361600648,
        0.8838834764831844,
        0.8477912478906585,
        0.9185586535436918
    ],
    [
        0.625,
        0.4330127018922193,
        0.21650635094610965,
        0.46770717334674267,
        0.30618621784789724,
        0.6373774391990981,
        0.33071891388307384,
        0.125,
        0.8385254915624212,
        0.375,
        0.6959705453537527,
        0.125,
        0.2795084971874737,
        0.414578098794425,
        0.57282196186948,
        0.30618621784789724,
        0.3535533905932738,
        0.9270248108869579,
        0.7603453162872774,
        0.2795084971874737,
        0.30618621784789724,
        0.3535533905932738,
        0.30618621784789724,
        0.30618621784789724,
        0.414578098794425,
        0.7806247497997998,
