[
    [
        0.0,
        0.07967217989988726,
        0.7716598890541091,
        0.09110862335695782,
        0.06810779599282303,
        0.07328774624724109,
        0.06442352540027595,
        0.0924387466109315,
        0.06442352540027595,
        0.12597277731716483,
        0.06442352540027595,
        0.08699631816921909,
        0.07493486755176124,
        0.06987712429686843,
        0.06442352540027595,
        0.0855816496101822,
        0.0625,
        0.0855816496101822,
        0.06442352540027595,
        0.05182226234930312,
        0.08699631816921909,
        0.0625,
        0.07654655446197431,
        0.0855816496101822,
        0.07967217989988726,
        0.9780301471580516,
        0.06810779599282303,
        0.06810779599282303,
        0.078125,
        0.06810779599282303,
        0.071602745233685,
        0.07967217989988726,
        0.08699631816921909,
        0.071602745233685,
        0.07967217989988726,
        0.07328774624724109,
        0.1137517170200081,
        0.05633673867912483,
        0.071602745233685,
        0.07967217989988726,
        0.06810779599282303,
        0.08838834764831845,
        0.09432692852226474,
        0.06810779599282303,
        0.07654655446197431,
        0.07967217989988726,
        0.06442352540027595,
        0.06810779599282303,
        0.12597277731716483
    ],
    [
        0.07967217989988726,
        0.0,
        0.6921010809484407,
        0.05412658773652741,
        0.06442352540027595,
        0.02209708691207961,
        0.046875,
        0.09504316453590968,
        0.05412658773652741,
        0.05633673867912483,
        0.05846339666834283,
        0.05182226234930312,
        0.046875,
        0.0625,
        0.04941058844013093,
        0.06051536478449089,
        0.06442352540027595,
        0.0625,
        0.046875,
        0.04941058844013093,
        0.07328774624724109,
        0.04941058844013093,
        0.06810779599282303,
        0.038273277230987154,
        0.06051536478449089,
        0.9177609472242758,
        0.078125,
        0.027063293868263706,
        0.04941058844013093,
        0.04133986423538423,
        0.038273277230987154,
        0.05412658773652741,
        0.08699631816921909,
        0.03125,
        0.03125,
        0.046875,
        0.09631896879639025,
        0.0625,
        0.05846339666834283,
        0.08838834764831845,
        0.06051536478449089,
        0.046875,
        0.06073908223797186,
        0.04133986423538423,
        0.04133986423538423,
        0.034938562148434216,
        0.07493486755176124,
        0.0625,
        0.04133986423538423
    ],
    [
        0.7716598890541091,
        0.6921010809484407,
        0.0,
        0.6978972323164779,
        0.7530860985803681,
        0.7129521591593646,
        0.741488157356542,
        0.6006994620856589,
        0.7287014885225637,
        0.7779618302815376,
        0.7553519978294888,
        0.7745021082121081,
        0.7449373400662636,
        0.7733980419227864,
        0.7555135877335364,
        0.7293712510614879,
        0.7263524561980912,
        0.6625442202223184,
        0.740994106336211,
        0.7143205906664037,
        0.6579219772321031,
        0.7380228549137214,
        0.6605144183702578,
        0.7555135877335364,
        0.6857221330466153,
        0.28683687110446593,
        0.6999930245188162,
        0.691748238161833,
        0.6998186148924591,
        0.7008644216251814,
        0.6796425990916108,
        0.6926300081031719,
        0.6362272834844479,
        0.7371953820053405,
        0.7224767513560557,
        0.7119241093684073,
        0.6523320545358782,
        0.764827390657526,
        0.6704199360289042,
        0.598051850281395,
        0.7091753573693885,
        0.678743957155421,
        0.6915521366020707,
        0.748044325224114,
        0.7338761603635862,
        0.727192267388756,
        0.7444455780982248,
        0.7493486755176124,
        0.7779618302815376
    ],
    [
        0.09110862335695782,
        0.05412658773652741,
        0.6978972323164779,
        0.0,
        0.038273277230987154,
        0.06629126073623882,
        0.06987712429686843,
        0.078125,
        0.04133986423538423,
        0.0855816496101822,
        0.06810779599282303,
        0.071602745233685,
        0.05633673867912483,
        0.05846339666834283,
        0.06629126073623882,
        0.05182226234930312,
        0.06810779599282303,
        0.03125,
        0.04941058844013093,
        0.0625,
        0.05633673867912483,
        0.06442352540027595,
        0.05633673867912483,
        0.06810779599282303,
        0.038273277230987154,
        0.9038221789987232,
        0.06051536478449089,
        0.04133986423538423,
        0.046875,
        0.07328774624724109,
        0.046875,
        0.078125,
        0.06629126073623882,
        0.06051536478449089,
        0.046875,
        0.05412658773652741,
        0.07967217989988726,
        0.06629126073623882,
        0.05633673867912483,
        0.08118988160479113,
        0.04133986423538423,
        0.04941058844013093,
        0.05049666518142008,
        0.06810779599282303,
        0.05846339666834283,
        0.04941058844013093,
        0.0625,
        0.06442352540027595,
        0.0855816496101822
    ],
    [
        0.06810779599282303,
        0.06442352540027595,
        0.7530860985803681,
        0.038273277230987154,
        0.0,
        0.06987712429686843,
        0.04133986423538423,
        0.08838834764831845,
        0.04133986423538423,
        0.07493486755176124,
        0.04133986423538423,
        0.05412658773652741,
        0.04419417382415922,
        0.05182226234930312,
        0.04133986423538423,
        0.038273277230987154,
        0.05182226234930312,
        0.05412658773652741,
        0.034938562148434216,
        0.04941058844013093,
        0.046875,
        0.046875,
        0.04941058844013093,
        0.05182226234930312,
        0.04133986423538423,
        0.980398715128187,
        0.04941058844013093,
        0.04419417382415922,
        0.04133986423538423,
        0.0625,
        0.046875,
        0.08118988160479113,
        0.06442352540027595,
        0.06442352540027595,
        0.04941058844013093,
        0.04133986423538423,
        0.0855816496101822,
        0.04941058844013093,
        0.06810779599282303,
        0.08118988160479113,
        0.04133986423538423,
        0.04941058844013093,
        0.06588078458684123,
        0.05182226234930312,
        0.046875,
        0.06051536478449089,
        0.04133986423538423,
        0.04419417382415922,
        0.07493486755176124
    ],
    [
        0.07328774624724109,
        0.02209708691207961,
        0.7129521591593646,
        0.06629126073623882,
        0.06987712429686843,
        0.0,
        0.046875,
        0.10364452469860624,
        0.05846339666834283,
        0.046875,
        0.06051536478449089,
        0.04133986423538423,
        0.05412658773652741,
        0.0625,
        0.038273277230987154,
        0.07493486755176124,
        0.06442352540027595,
        0.06987712429686843,
        0.04419417382415922,
        0.046875,
        0.08267972847076846,
        0.05182226234930312,
        0.078125,
        0.034938562148434216,
        0.06810779599282303,
        0.9338470498427459,
        0.08414320011147662,
        0.03125,
        0.05846339666834283,
        0.034938562148434216,
        0.046875,
        0.04941058844013093,
        0.09757809372497497,
        0.02209708691207961,
        0.046875,
        0.0625,
        0.11048543456039805,
        0.06629126073623882,
        0.05846339666834283,
        0.09110862335695782,
        0.06442352540027595,
        0.06442352540027595,
        0.07565541169965596,
        0.038273277230987154,
        0.04941058844013093,
        0.03125,
        0.06810779599282303,
        0.0625,
        0.046875
    ],
    [
        0.06442352540027595,
        0.046875,
        0.741488157356542,
        0.06987712429686843,
        0.04133986423538423,
        0.046875,
        0.0,
        0.09631896879639025,
        0.05182226234930312,
        0.046875,
        0.015625,
        0.03125,
        0.038273277230987154,
        0.04133986423538423,
        0.0,
        0.05846339666834283,
        0.034938562148434216,
        0.078125,
        0.034938562148434216,
        0.04133986423538423,
        0.06987712429686843,
        0.027063293868263706,
        0.0625,
        0.027063293868263706,
        0.04941058844013093,
        0.9747796225301388,
        0.0625,
        0.04133986423538423,
        0.04133986423538423,
        0.04419417382415922,
        0.034938562148434216,
        0.06629126073623882,
        0.08118988160479113,
        0.034938562148434216,
        0.04941058844013093,
        0.04419417382415922,
        0.10004881620988826,
        0.034938562148434216,
        0.06810779599282303,
        0.08838834764831845,
        0.04419417382415922,
        0.04941058844013093,
        0.0723564791117177,
        0.02209708691207961,
        0.034938562148434216,
        0.046875,
        0.034938562148434216,
        0.027063293868263706,
        0.046875
    ],
    [
        0.0924387466109315,
        0.09504316453590968,
        0.6006994620856589,
        0.078125,
        0.08838834764831845,
        0.10364452469860624,
        0.09631896879639025,
        0.0,
        0.08838834764831845,
        0.15934435979977452,
        0.09504316453590968,
        0.1307281291459493,
        0.09882117688026186,
        0.09375,
        0.11048543456039805,
        0.09757809372497497,
        0.08838834764831845,
        0.07654655446197431,
        0.09882117688026186,
        0.0855816496101822,
        0.09110862335695782,
        0.09757809372497497,
        0.07493486755176124,
        0.12401959270615269,
        0.07967217989988726,
        0.7843687748756958,
        0.08414320011147662,
        0.07967217989988726,
        0.07654655446197431,
        0.08838834764831845,
        0.08267972847076846,
        0.09375,
        0.06987712429686843,
        0.09882117688026186,
        0.09375,
        0.09375,
        0.08838834764831845,
        0.09110862335695782,
        0.08414320011147662,
        0.071602745233685,
        0.08699631816921909,
        0.07328774624724109,
        0.0921448229841361,
        0.09631896879639025,
        0.09757809372497497,
        0.09110862335695782,
        0.10481568644530265,
        0.10004881620988826,
        0.15934435979977452
    ],
    [
        0.06442352540027595,
        0.05412658773652741,
        0.7287014885225637,
        0.04133986423538423,
        0.04133986423538423,
        0.05846339666834283,
        0.05182226234930312,
        0.08838834764831845,
        0.0,
        0.08267972847076846,
        0.05412658773652741,
        0.05412658773652741,
        0.04419417382415922,
        0.05412658773652741,
        0.05412658773652741,
        0.04133986423538423,
        0.04941058844013093,
        0.05182226234930312,
        0.038273277230987154,
        0.05182226234930312,
        0.04941058844013093,
        0.038273277230987154,
        0.05633673867912483,
        0.05412658773652741,
        0.05182226234930312,
        0.9582342566538727,
        0.06051536478449089,
        0.04133986423538423,
        0.04941058844013093,
        0.06442352540027595,
        0.04941058844013093,
        0.08267972847076846,
        0.0625,
        0.05633673867912483,
        0.046875,
        0.034938562148434216,
        0.08838834764831845,
        0.046875,
        0.06987712429686843,
        0.08414320011147662,
        0.05633673867912483,
        0.046875,
        0.06206445462402595,
        0.05182226234930312,
        0.046875,
        0.04941058844013093,
        0.05412658773652741,
        0.04419417382415922,
        0.08267972847076846
    ],
    [
        0.12597277731716483,
        0.05633673867912483,
        0.7779618302815376,
        0.0855816496101822,
        0.07493486755176124,
        0.046875,
        0.046875,
        0.15934435979977452,
        0.08267972847076846,
        0.0,
        0.05412658773652741,
        0.027063293868263706,
        0.046875,
        0.08838834764831845,
        0.046875,
        0.06442352540027595,
        0.10364452469860624,
        0.11158481919598204,
        0.05412658773652741,
        0.07328774624724109,
        0.10004881620988826,
        0.04941058844013093,
        0.10481568644530265,
        0.03125,
        0.0855816496101822,
        1.010564314813758,
        0.10364452469860624,
        0.05633673867912483,
        0.07967217989988726,
        0.08118988160479113,
        0.05633673867912483,
        0.10245997694221876,
        0.1269381000724369,
        0.034938562148434216,
        0.06051536478449089,
        0.05846339666834283,
        0.14405538214520136,
        0.06987712429686843,
        0.12103072956898178,
        0.14490028899212037,
        0.07967217989988726,
        0.08838834764831845,
        0.09170217115447399,
        0.06051536478449089,
        0.046875,
        0.04941058844013093,
        0.06987712429686843,
        0.04941058844013093,
        0.0
    ],
    [
        0.06442352540027595,
        0.05846339666834283,
        0.7553519978294888,
        0.06810779599282303,
        0.04133986423538423,
        0.06051536478449089,
        0.015625,
        0.09504316453590968,
        0.05412658773652741,
        0.05412658773652741,
        0.0,
        0.027063293868263706,
        0.034938562148434216,
        0.0625,
        0.015625,
        0.05633673867912483,
        0.03125,
        0.07654655446197431,
        0.03125,
        0.038273277230987154,
        0.071602745233685,
        0.02209708691207961,
        0.06442352540027595,
        0.034938562148434216,
        0.05846339666834283,
        0.9962086330809425,
        0.06987712429686843,
        0.04133986423538423,
        0.05182226234930312,
        0.05182226234930312,
        0.038273277230987154,
        0.07493486755176124,
        0.07967217989988726,
        0.04941058844013093,
        0.05412658773652741,
        0.04941058844013093,
        0.109375,
        0.03125,
        0.07328774624724109,
        0.08699631816921909,
        0.05846339666834283,
        0.05412658773652741,
        0.08035025323198702,
        0.04133986423538423,
        0.034938562148434216,
        0.04941058844013093,
        0.03125,
        0.027063293868263706,
        0.05412658773652741
    ],
    [
        0.08699631816921909,
        0.05182226234930312,
        0.7745021082121081,
        0.071602745233685,
        0.05412658773652741,
        0.04133986423538423,
        0.03125,
        0.1307281291459493,
        0.05412658773652741,
        0.027063293868263706,
        0.027063293868263706,
        0.0,
        0.02209708691207961,
        0.05846339666834283,
        0.03125,
        0.05412658773652741,
        0.06051536478449089,
        0.08838834764831845,
        0.027063293868263706,
        0.04419417382415922,
        0.078125,
        0.027063293868263706,
        0.08118988160479113,
        0.02209708691207961,
        0.071602745233685,
        1.0054781589497606,
        0.08267972847076846,
        0.04419417382415922,
        0.0625,
        0.0625,
        0.04419417382415922,
        0.08118988160479113,
        0.10597390598633231,
        0.034938562148434216,
        0.04419417382415922,
        0.046875,
        0.125,
        0.04133986423538423,
        0.08699631816921909,
        0.11481983169296148,
        0.06051536478449089,
        0.07493486755176124,
        0.08333333333333331,
        0.04419417382415922,
        0.03125,
        0.04941058844013093,
        0.05182226234930312,
        0.03125,
        0.027063293868263706
    ],
    [
        0.07493486755176124,
        0.046875,
        0.7449373400662636,
        0.05633673867912483,
        0.04419417382415922,
        0.05412658773652741,
        0.038273277230987154,
        0.09882117688026186,
        0.04419417382415922,
        0.046875,
        0.034938562148434216,
        0.02209708691207961,
        0.0,
        0.05412658773652741,
        0.038273277230987154,
        0.034938562148434216,
        0.038273277230987154,
        0.06987712429686843,
        0.02209708691207961,
        0.034938562148434216,
        0.05846339666834283,
        0.03125,
        0.0625,
        0.027063293868263706,
        0.05846339666834283,
        0.9888292082685463,
        0.06987712429686843,
        0.038273277230987154,
        0.04941058844013093,
        0.0625,
        0.04133986423538423,
        0.078125,
        0.08414320011147662,
        0.04133986423538423,
        0.03125,
        0.03125,
        0.10481568644530265,
        0.038273277230987154,
        0.071602745233685,
        0.09375,
        0.04941058844013093,
        0.046875,
        0.07179192058380322,
        0.04941058844013093,
        0.015625,
        0.046875,
        0.05633673867912483,
        0.04133986423538423,
        0.046875
    ],
    [
        0.06987712429686843,
        0.0625,
        0.7733980419227864,
        0.05846339666834283,
        0.05182226234930312,
        0.0625,
        0.04133986423538423,
        0.09375,
        0.05412658773652741,
        0.08838834764831845,
        0.0625,
        0.05846339666834283,
        0.05412658773652741,
        0.0,
        0.04133986423538423,
        0.05846339666834283,
        0.05182226234930312,
        0.0625,
        0.046875,
        0.05182226234930312,
        0.06810779599282303,
        0.05182226234930312,
        0.05846339666834283,
        0.05182226234930312,
        0.05633673867912483,
        1.0376223572427494,
        0.06051536478449089,
        0.04941058844013093,
        0.046875,
        0.05846339666834283,
        0.04941058844013093,
        0.07328774624724109,
        0.08414320011147662,
        0.06051536478449089,
        0.05182226234930312,
        0.06051536478449089,
        0.0924387466109315,
        0.05182226234930312,
        0.06051536478449089,
        0.08118988160479113,
        0.038273277230987154,
        0.06810779599282303,
        0.06830665129481249,
        0.046875,
        0.05182226234930312,
        0.0625,
        0.06987712429686843,
        0.06810779599282303,
        0.08838834764831845
    ],
    [
        0.06442352540027595,
        0.04941058844013093,
        0.7555135877335364,
        0.06629126073623882,
        0.04133986423538423,
        0.038273277230987154,
        0.0,
        0.11048543456039805,
        0.05412658773652741,
        0.046875,
        0.015625,
        0.03125,
        0.038273277230987154,
        0.04133986423538423,
        0.0,
        0.05846339666834283,
        0.034938562148434216,
        0.07493486755176124,
        0.034938562148434216,
        0.04133986423538423,
        0.06987712429686843,
        0.027063293868263706,
        0.06810779599282303,
        0.027063293868263706,
        0.05633673867912483,
        0.9791528146183311,
        0.06442352540027595,
        0.038273277230987154,
        0.04941058844013093,
        0.038273277230987154,
        0.04419417382415922,
        0.0625,
        0.0924387466109315,
        0.03125,
        0.04941058844013093,
        0.04941058844013093,
        0.10481568644530265,
        0.034938562148434216,
        0.06442352540027595,
        0.0897587913521567,
        0.04419417382415922,
        0.07493486755176124,
        0.07725206757391313,
        0.02209708691207961,
        0.04419417382415922,
        0.046875,
        0.034938562148434216,
        0.027063293868263706,
        0.046875
    ],
    [
        0.0855816496101822,
        0.06051536478449089,
        0.7293712510614879,
        0.05182226234930312,
        0.038273277230987154,
        0.07493486755176124,
        0.05846339666834283,
        0.09757809372497497,
        0.04133986423538423,
        0.06442352540027595,
        0.05633673867912483,
        0.05412658773652741,
        0.034938562148434216,
        0.05846339666834283,
        0.05846339666834283,
        0.0,
        0.05846339666834283,
        0.07328774624724109,
        0.04133986423538423,
        0.05846339666834283,
        0.04133986423538423,
        0.05182226234930312,
        0.05182226234930312,
        0.05412658773652741,
        0.05633673867912483,
        1.0117715357851298,
        0.06810779599282303,
        0.05412658773652741,
        0.046875,
        0.07967217989988726,
        0.04941058844013093,
        0.0924387466109315,
        0.07328774624724109,
        0.06442352540027595,
        0.034938562148434216,
        0.034938562148434216,
        0.09110862335695782,
        0.06051536478449089,
        0.08118988160479113,
        0.09110862335695782,
        0.05412658773652741,
        0.038273277230987154,
        0.0551198189805123,
        0.0625,
        0.038273277230987154,
        0.05412658773652741,
        0.071602745233685,
        0.06051536478449089,
        0.06442352540027595
    ],
    [
        0.0625,
        0.06442352540027595,
        0.7263524561980912,
        0.06810779599282303,
        0.05182226234930312,
        0.06442352540027595,
        0.034938562148434216,
        0.08838834764831845,
        0.04941058844013093,
        0.10364452469860624,
        0.03125,
        0.06051536478449089,
        0.038273277230987154,
        0.05182226234930312,
        0.034938562148434216,
        0.05846339666834283,
        0.0,
        0.071602745233685,
        0.034938562148434216,
        0.04941058844013093,
        0.06987712429686843,
        0.027063293868263706,
        0.06810779599282303,
        0.06051536478449089,
        0.071602745233685,
        0.9836306709710714,
        0.07493486755176124,
        0.05182226234930312,
        0.05182226234930312,
        0.05633673867912483,
        0.046875,
        0.07654655446197431,
        0.08414320011147662,
        0.06442352540027595,
        0.046875,
        0.046875,
        0.109375,
        0.04133986423538423,
        0.05633673867912483,
        0.07967217989988726,
        0.06629126073623882,
        0.04133986423538423,
        0.08185538357032139,
        0.04419417382415922,
        0.038273277230987154,
        0.05412658773652741,
        0.05412658773652741,
        0.06051536478449089,
        0.10364452469860624
    ],
    [
        0.0855816496101822,
        0.0625,
        0.6625442202223184,
        0.03125,
        0.05412658773652741,
        0.06987712429686843,
        0.078125,
        0.07654655446197431,
        0.05182226234930312,
        0.11158481919598204,
        0.07654655446197431,
        0.08838834764831845,
        0.06987712429686843,
        0.0625,
        0.07493486755176124,
        0.07328774624724109,
        0.071602745233685,
        0.0,
        0.06442352540027595,
        0.05846339666834283,
        0.071602745233685,
        0.07328774624724109,
        0.05182226234930312,
        0.08699631816921909,
        0.04133986423538423,
        0.8569568250501305,
        0.0625,
        0.038273277230987154,
        0.05633673867912483,
        0.06629126073623882,
        0.04419417382415922,
        0.06629126073623882,
        0.071602745233685,
        0.06987712429686843,
        0.06051536478449089,
        0.06629126073623882,
        0.08699631816921909,
        0.06051536478449089,
        0.04133986423538423,
        0.078125,
        0.038273277230987154,
        0.046875,
        0.06400107149710679,
        0.07328774624724109,
        0.06629126073623882,
        0.06442352540027595,
        0.05846339666834283,
        0.06629126073623882,
        0.11158481919598204
    ],
    [
        0.06442352540027595,
        0.046875,
        0.740994106336211,
        0.04941058844013093,
        0.034938562148434216,
        0.04419417382415922,
        0.034938562148434216,
        0.09882117688026186,
        0.038273277230987154,
        0.05412658773652741,
        0.03125,
        0.027063293868263706,
        0.02209708691207961,
        0.046875,
        0.034938562148434216,
        0.04133986423538423,
        0.034938562148434216,
        0.06442352540027595,
        0.0,
        0.034938562148434216,
        0.05846339666834283,
        0.03125,
        0.05633673867912483,
        0.03125,
        0.05633673867912483,
        0.967489098775795,
        0.06442352540027595,
        0.03125,
        0.038273277230987154,
        0.05633673867912483,
        0.038273277230987154,
        0.07328774624724109,
        0.078125,
        0.04133986423538423,
        0.034938562148434216,
        0.034938562148434216,
        0.10126157341262282,
        0.034938562148434216,
        0.06051536478449089,
        0.08699631816921909,
        0.046875,
        0.05182226234930312,
        0.07007095857850888,
        0.04419417382415922,
        0.027063293868263706,
        0.04419417382415922,
        0.04419417382415922,
        0.03125,
        0.05412658773652741
    ],
    [
        0.05182226234930312,
        0.04941058844013093,
        0.7143205906664037,
        0.0625,
        0.04941058844013093,
        0.046875,
        0.04133986423538423,
        0.0855816496101822,
        0.05182226234930312,
        0.07328774624724109,
        0.038273277230987154,
        0.04419417382415922,
        0.034938562148434216,
        0.05182226234930312,
        0.04133986423538423,
        0.05846339666834283,
        0.04941058844013093,
        0.05846339666834283,
        0.034938562148434216,
        0.0,
        0.07654655446197431,
        0.038273277230987154,
        0.06051536478449089,
        0.04941058844013093,
        0.05846339666834283,
        0.9296546737902198,
        0.05846339666834283,
        0.038273277230987154,
        0.04941058844013093,
        0.05633673867912483,
        0.04419417382415922,
        0.06987712429686843,
        0.07328774624724109,
        0.04419417382415922,
        0.046875,
        0.04419417382415922,
        0.10481568644530265,
        0.03125,
        0.05846339666834283,
        0.06629126073623882,
        0.04133986423538423,
        0.05412658773652741,
        0.08478552393801927,
        0.05182226234930312,
        0.04133986423538423,
        0.05633673867912483,
        0.04133986423538423,
        0.034938562148434216,
        0.07328774624724109
    ],
    [
        0.08699631816921909,
        0.07328774624724109,
        0.6579219772321031,
        0.05633673867912483,
        0.046875,
        0.08267972847076846,
        0.06987712429686843,
        0.09110862335695782,
        0.04941058844013093,
        0.10004881620988826,
        0.071602745233685,
        0.078125,
        0.05846339666834283,
        0.06810779599282303,
        0.06987712429686843,
        0.04133986423538423,
        0.06987712429686843,
        0.071602745233685,
        0.05846339666834283,
        0.07654655446197431,
        0.0,
        0.06810779599282303,
        0.05412658773652741,
        0.078125,
        0.06051536478449089,
        0.9432117670491607,
        0.06442352540027595,
        0.06629126073623882,
        0.05182226234930312,
        0.0855816496101822,
        0.0625,
        0.10004881620988826,
        0.06987712429686843,
        0.08118988160479113,
        0.05846339666834283,
        0.046875,
        0.08414320011147662,
        0.07328774624724109,
        0.07328774624724109,
        0.09110862335695782,
        0.06987712429686843,
        0.05633673867912483,
        0.058694935779086695,
        0.07654655446197431,
        0.0625,
        0.06051536478449089,
        0.08414320011147662,
        0.078125,
        0.10004881620988826
    ],
    [
        0.0625,
        0.04941058844013093,
        0.7380228549137214,
        0.06442352540027595,
        0.046875,
        0.05182226234930312,
        0.027063293868263706,
        0.09757809372497497,
        0.038273277230987154,
        0.04941058844013093,
        0.02209708691207961,
        0.027063293868263706,
        0.03125,
        0.05182226234930312,
        0.027063293868263706,
        0.05182226234930312,
        0.027063293868263706,
        0.07328774624724109,
        0.03125,
        0.038273277230987154,
        0.06810779599282303,
        0.0,
        0.06810779599282303,
        0.027063293868263706,
        0.06051536478449089,
        0.9683719020216355,
        0.07328774624724109,
        0.038273277230987154,
        0.05182226234930312,
        0.05633673867912483,
        0.038273277230987154,
        0.07493486755176124,
        0.07967217989988726,
        0.04419417382415922,
        0.046875,
        0.04133986423538423,
        0.11158481919598204,
        0.03125,
        0.06987712429686843,
        0.0897587913521567,
        0.04941058844013093,
        0.046875,
        0.07725206757391313,
        0.04133986423538423,
        0.03125,
        0.05182226234930312,
        0.038273277230987154,
        0.027063293868263706,
        0.04941058844013093
    ],
    [
        0.07654655446197431,
        0.06810779599282303,
        0.6605144183702578,
        0.05633673867912483,
        0.04941058844013093,
        0.078125,
        0.0625,
        0.07493486755176124,
        0.05633673867912483,
        0.10481568644530265,
        0.06442352540027595,
        0.08118988160479113,
        0.0625,
        0.05846339666834283,
        0.06810779599282303,
        0.05182226234930312,
        0.06810779599282303,
        0.05182226234930312,
        0.05633673867912483,
        0.06051536478449089,
        0.05412658773652741,
        0.06810779599282303,
        0.0,
        0.078125,
        0.05412658773652741,
        0.9241233176638278,
        0.046875,
        0.05846339666834283,
        0.04419417382415922,
        0.071602745233685,
        0.05412658773652741,
        0.07967217989988726,
        0.05412658773652741,
        0.07967217989988726,
        0.04941058844013093,
        0.046875,
        0.06051536478449089,
        0.06987712429686843,
        0.06442352540027595,
        0.06442352540027595,
        0.05412658773652741,
        0.04941058844013093,
        0.05729166666666666,
        0.06629126073623882,
        0.05846339666834283,
        0.05633673867912483,
        0.07654655446197431,
        0.07654655446197431,
        0.10481568644530265
    ],
    [
        0.0855816496101822,
        0.038273277230987154,
        0.7555135877335364,
        0.06810779599282303,
        0.05182226234930312,
        0.034938562148434216,
        0.027063293868263706,
        0.12401959270615269,
        0.05412658773652741,
        0.03125,
        0.034938562148434216,
        0.02209708691207961,
        0.027063293868263706,
        0.05182226234930312,
        0.027063293868263706,
        0.05412658773652741,
        0.06051536478449089,
        0.08699631816921909,
        0.03125,
        0.04941058844013093,
        0.078125,
        0.027063293868263706,
        0.078125,
        0.0,
        0.0625,
        0.986728337740434,
        0.07654655446197431,
        0.04133986423538423,
        0.05412658773652741,
        0.05412658773652741,
        0.04133986423538423,
        0.07328774624724109,
        0.09882117688026186,
        0.027063293868263706,
        0.04133986423538423,
        0.046875,
        0.11158481919598204,
        0.04133986423538423,
        0.08267972847076846,
        0.1137517170200081,
        0.05412658773652741,
        0.06442352540027595,
        0.07064927065755484,
        0.03125,
        0.03125,
        0.04419417382415922,
        0.05412658773652741,
        0.038273277230987154,
        0.03125
    ],
    [
        0.07967217989988726,
        0.06051536478449089,
        0.6857221330466153,
        0.038273277230987154,
        0.04133986423538423,
        0.06810779599282303,
        0.04941058844013093,
        0.07967217989988726,
        0.05182226234930312,
        0.0855816496101822,
        0.05846339666834283,
        0.071602745233685,
        0.05846339666834283,
        0.05633673867912483,
        0.05633673867912483,
        0.05633673867912483,
        0.071602745233685,
        0.04133986423538423,
        0.05633673867912483,
        0.05846339666834283,
        0.06051536478449089,
        0.06051536478449089,
        0.05412658773652741,
        0.0625,
        0.0,
        0.9237269533660908,
        0.038273277230987154,
        0.04133986423538423,
        0.03125,
        0.05633673867912483,
        0.038273277230987154,
        0.06810779599282303,
        0.06987712429686843,
        0.06442352540027595,
        0.04941058844013093,
        0.05182226234930312,
        0.06442352540027595,
        0.0625,
        0.05412658773652741,
        0.071602745233685,
        0.038273277230987154,
        0.05846339666834283,
        0.05362307365097394,
        0.04941058844013093,
        0.05633673867912483,
        0.05412658773652741,
        0.05633673867912483,
        0.05633673867912483,
        0.0855816496101822
    ],
    [
        0.9780301471580516,
        0.9177609472242758,
        0.28683687110446593,
        0.9038221789987232,
        0.980398715128187,
        0.9338470498427459,
        0.9747796225301388,
        0.7843687748756958,
        0.9582342566538727,
        1.010564314813758,
        0.9962086330809425,
        1.0054781589497606,
        0.9888292082685463,
        1.0376223572427494,
        0.9791528146183311,
        1.0117715357851298,
        0.9836306709710714,
        0.8569568250501305,
        0.967489098775795,
        0.9296546737902198,
        0.9432117670491607,
        0.9683719020216355,
        0.9241233176638278,
        0.986728337740434,
        0.9237269533660908,
        0.0,
        0.9615407151415898,
        0.9073269463098734,
        0.9286036223814766,
        0.9153636572423006,
        0.912425082541027,
        0.897587913521567,
        0.8733242882801325,
        0.9577245575451222,
        0.9588709995353911,
        0.9526125671672614,
        0.9008459565874734,
        0.9835065613660134,
        0.9595073198652525,
        0.8393985011602058,
        0.9650888479176412,
        0.9122912860621875,
        0.9685539676210326,
        0.9789034442298178,
        0.9702609185162515,
        0.9669842779228626,
        0.9558107651360702,
        0.9864808823540373,
        1.010564314813758
    ],
    [
        0.06810779599282303,
        0.078125,
        0.6999930245188162,
        0.06051536478449089,
        0.04941058844013093,
        0.08414320011147662,
        0.0625,
        0.08414320011147662,
        0.06051536478449089,
        0.10364452469860624,
        0.06987712429686843,
        0.08267972847076846,
        0.06987712429686843,
        0.06051536478449089,
        0.06442352540027595,
        0.06810779599282303,
        0.07493486755176124,
        0.0625,
        0.06442352540027595,
        0.05846339666834283,
        0.06442352540027595,
        0.07328774624724109,
        0.046875,
        0.07654655446197431,
        0.038273277230987154,
        0.9615407151415898,
        0.0,
        0.0625,
        0.04419417382415922,
        0.07654655446197431,
        0.05846339666834283,
        0.08838834764831845,
        0.05846339666834283,
        0.078125,
        0.0625,
        0.06051536478449089,
        0.071602745233685,
        0.06987712429686843,
        0.06987712429686843,
        0.0625,
        0.046875,
        0.06810779599282303,
        0.06770833333333333,
        0.06629126073623882,
        0.06629126073623882,
        0.06987712429686843,
        0.06442352540027595,
        0.071602745233685,
        0.10364452469860624
    ],
    [
        0.06810779599282303,
        0.027063293868263706,
        0.691748238161833,
        0.04133986423538423,
        0.04419417382415922,
        0.03125,
        0.04133986423538423,
        0.07967217989988726,
        0.04133986423538423,
        0.05633673867912483,
        0.04133986423538423,
        0.04419417382415922,
        0.038273277230987154,
        0.04941058844013093,
        0.038273277230987154,
        0.05412658773652741,
        0.05182226234930312,
        0.038273277230987154,
        0.03125,
        0.038273277230987154,
        0.06629126073623882,
        0.038273277230987154,
        0.05846339666834283,
        0.04133986423538423,
        0.04133986423538423,
        0.9073269463098734,
        0.0625,
        0.0,
        0.038273277230987154,
        0.04419417382415922,
        0.02209708691207961,
        0.05846339666834283,
        0.07967217989988726,
        0.03125,
        0.03125,
        0.04133986423538423,
        0.09631896879639025,
        0.04133986423538423,
        0.046875,
        0.07654655446197431,
        0.034938562148434216,
        0.046875,
        0.06271663843120985,
        0.034938562148434216,
        0.034938562148434216,
        0.03125,
        0.046875,
        0.04419417382415922,
        0.05633673867912483
    ],
    [
        0.078125,
        0.04941058844013093,
        0.6998186148924591,
        0.046875,
        0.04133986423538423,
        0.05846339666834283,
        0.04133986423538423,
        0.07654655446197431,
        0.04941058844013093,
        0.07967217989988726,
        0.05182226234930312,
        0.0625,
        0.04941058844013093,
        0.046875,
        0.04941058844013093,
        0.046875,
        0.05182226234930312,
        0.05633673867912483,
        0.038273277230987154,
        0.04941058844013093,
        0.05182226234930312,
        0.05182226234930312,
        0.04419417382415922,
        0.05412658773652741,
        0.03125,
        0.9286036223814766,
        0.04419417382415922,
        0.038273277230987154,
        0.0,
        0.05846339666834283,
        0.038273277230987154,
        0.078125,
        0.06810779599282303,
        0.05182226234930312,
        0.04419417382415922,
        0.04133986423538423,
        0.078125,
        0.05412658773652741,
        0.05412658773652741,
        0.07493486755176124,
        0.038273277230987154,
        0.04419417382415922,
        0.05799754544614604,
        0.046875,
        0.046875,
        0.038273277230987154,
        0.06810779599282303,
        0.06629126073623882,
        0.07967217989988726
    ],
    [
        0.06810779599282303,
        0.04133986423538423,
        0.7008644216251814,
        0.07328774624724109,
        0.0625,
        0.034938562148434216,
        0.04419417382415922,
        0.08838834764831845,
        0.06442352540027595,
        0.08118988160479113,
        0.05182226234930312,
        0.0625,
        0.0625,
        0.05846339666834283,
        0.038273277230987154,
        0.07967217989988726,
        0.05633673867912483,
        0.06629126073623882,
        0.05633673867912483,
        0.05633673867912483,
        0.0855816496101822,
        0.05633673867912483,
        0.071602745233685,
        0.05412658773652741,
        0.05633673867912483,
        0.9153636572423006,
        0.07654655446197431,
        0.04419417382415922,
        0.05846339666834283,
        0.0,
        0.04941058844013093,
        0.034938562148434216,
        0.08118988160479113,
        0.03125,
        0.05846339666834283,
        0.06629126073623882,
        0.09631896879639025,
        0.05846339666834283,
        0.05633673867912483,
        0.07654655446197431,
        0.05846339666834283,
        0.06810779599282303,
        0.06889977372564035,
        0.03125,
        0.0625,
        0.046875,
        0.0625,
        0.06051536478449089,
        0.08118988160479113
    ],
    [
        0.071602745233685,
        0.038273277230987154,
        0.6796425990916108,
