[
    [
        0.0,
        0.649519052838329,
        0.3535533905932738,
        2.8339460121886586,
        0.46770717334674267,
        0.4841229182759271,
        0.2795084971874737,
        0.2795084971874737,
        0.8003905296791061,
        0.46770717334674267,
        0.1428571428571429,
        0.30618621784789724,
        0.21650635094610965,
        0.33071891388307384,
        0.5303300858899106,
        0.3138999255579812,
        0.375,
        0.6846531968814576,
        0.57282196186948,
        0.46770717334674267,
        0.39528470752104744,
        0.6959705453537527,
        0.3535533905932738,
        0.625,
        0.25,
        0.5590169943749475,
        3.58115243710426,
        0.6263873490988712,
        0.375,
        0.4639803635691685,
        0.45069390943299864,
        0.375,
        0.5590169943749475,
        0.6373774391990981,
        0.2795084971874737,
        0.4841229182759271,
        0.3535533905932738,
        0.739509972887452,
        0.4330127018922193,
        0.7071067811865476,
        0.7614861201040444,
        0.5303300858899106,
        0.5,
        0.5464532103585001,
        0.414578098794425,
        0.33071891388307384,
        0.30618621784789724,
        0.3535533905932738,
        0.30618621784789724,
        0.0
    ],
    [
        0.649519052838329,
        0.0,
        0.57282196186948,
        1.695582495781317,
        0.39528470752104744,
        0.39528470752104744,
        0.46770717334674267,
        0.46770717334674267,
        0.3535533905932738,
        0.2795084971874737,
        0.6650437303405741,
        0.4330127018922193,
        0.5,
        0.39528470752104744,
        0.1767766952966369,
        0.4559694762429895,
        0.39528470752104744,
        0.39528470752104744,
        0.414578098794425,
        0.4841229182759271,
        0.39528470752104744,
        0.6614378277661477,
        0.46770717334674267,
        0.375,
        0.46770717334674267,
        0.414578098794425,
        2.2699730786460393,
        0.46955948623269356,
        0.414578098794425,
        0.3908679799852858,
        0.414578098794425,
        0.4330127018922193,
        0.30618621784789724,
        0.414578098794425,
        0.5448623679425842,
        0.39528470752104744,
        0.414578098794425,
        0.30618621784789724,
        0.4330127018922193,
        0.375,
        0.452615853800009,
        0.39528470752104744,
        0.3535533905932738,
        0.4350127712046063,
        0.375,
        0.39528470752104744,
        0.4330127018922193,
        0.5303300858899106,
        0.5303300858899106,
        0.649519052838329
    ],
    [
        0.3535533905932738,
        0.57282196186948,
        0.0,
        1.6817030058842137,
        0.3535533905932738,
        0.414578098794425,
        0.30618621784789724,
        0.30618621784789724,
        0.6614378277661477,
        0.46770717334674267,
        0.2719918966379967,
        0.33071891388307384,
        0.2795084971874737,
        0.375,
        0.5153882032022076,
        0.2415669510440836,
        0.375,
        0.5153882032022076,
        0.4330127018922193,
        0.2795084971874737,
        0.375,
        0.414578098794425,
        0.3535533905932738,
        0.5590169943749475,
        0.30618621784789724,
        0.4330127018922193,
        2.3097769252558664,
        0.384147685720537,
        0.3535533905932738,
        0.34105636549468543,
        0.414578098794425,
        0.3535533905932738,
        0.5,
        0.5153882032022076,
        0.33071891388307384,
        0.414578098794425,
        0.3535533905932738,
        0.6123724356957945,
        0.375,
        0.57282196186948,
        0.4912427551063165,
        0.4330127018922193,
        0.45069390943299864,
        0.384147685720537,
        0.375,
        0.375,
        0.33071891388307384,
        0.33071891388307384,
        0.33071891388307384,
        0.3535533905932738
    ],
    [
        2.8339460121886586,
        1.695582495781317,
        1.6817030058842137,
        0.0,
        1.7230060940112777,
        1.6441183047457382,
        2.0463381929681126,
        2.0463381929681126,
        1.620185174601965,
        2.0155644370746373,
        1.9680159386280074,
        2.042516829796024,
        2.053959590644373,
        2.0348525745124633,
        2.019436802675439,
        1.9543580291549572,
        2.0348525745124633,
        1.5811388300841898,
        1.6393596310755,
        1.6153559979150107,
        2.0348525745124633,
        1.7001838135919305,
        1.776583800443987,
        1.6153559979150107,
        2.0463381929681126,
        1.6441183047457382,
        1.4654587829224146,
        1.6121285101794254,
        1.71846588560844,
        1.8814703174792728,
        1.79843682124227,
        1.713913650100261,
        1.6630168369562588,
        1.590990257669732,
        1.7633419974582356,
        1.71846588560844,
        2.038688303787511,
        1.590990257669732,
        1.709349291397168,
        1.620185174601965,
        1.5377201739371613,
        1.6583123951777,
        1.7275343701356567,
        1.7863292591855016,
        2.03100960115899,
        2.0348525745124633,
        2.042516829796024,
        1.776583800443987,
        1.7677669529663689,
        2.8339460121886586
    ],
    [
        0.46770717334674267,
        0.39528470752104744,
        0.3535533905932738,
        1.7230060940112777,
        0.0,
        0.25,
        0.30618621784789724,
        0.30618621784789724,
        0.4841229182759271,
        0.30618621784789724,
        0.45104753358268174,
        0.2795084971874737,
        0.33071891388307384,
        0.21650635094610965,
        0.375,
        0.25063694370746786,
        0.21650635094610965,
        0.375,
        0.33071891388307384,
        0.2795084971874737,
        0.21650635094610965,
        0.45069390943299864,
        0.25,
        0.39528470752104744,
        0.30618621784789724,
        0.30618621784789724,
        2.2779894888061074,
        0.32542706982944397,
        0.2795084971874737,
        0.2204792759220492,
        0.21650635094610965,
        0.30618621784789724,
        0.2795084971874737,
        0.414578098794425,
        0.3535533905932738,
        0.30618621784789724,
        0.25,
        0.375,
        0.2795084971874737,
        0.5,
        0.39086797998528583,
        0.2795084971874737,
        0.2795084971874737,
        0.3486083443891982,
        0.1767766952966369,
        0.21650635094610965,
        0.2795084971874737,
        0.39528470752104744,
        0.375,
        0.46770717334674267
    ],
    [
        0.4841229182759271,
        0.39528470752104744,
        0.414578098794425,
        1.6441183047457382,
        0.25,
        0.0,
        0.2795084971874737,
        0.2795084971874737,
        0.5,
        0.33071891388307384,
        0.5047605008965204,
        0.25,
        0.30618621784789724,
        0.1767766952966369,
        0.39528470752104744,
        0.2879377767249482,
        0.1767766952966369,
        0.5,
        0.33071891388307384,
        0.30618621784789724,
        0.21650635094610965,
        0.5590169943749475,
        0.25,
        0.375,
        0.2795084971874737,
        0.30618621784789724,
        2.2596244771593748,
        0.4350127712046063,
        0.25,
        0.3004626062886657,
        0.25,
        0.25,
        0.33071891388307384,
        0.2795084971874737,
        0.3535533905932738,
        0.33071891388307384,
        0.21650635094610965,
        0.375,
        0.1767766952966369,
        0.45069390943299864,
        0.501733107449679,
        0.33071891388307384,
        0.30618621784789724,
        0.46955948623269356,
        0.21650635094610965,
        0.1767766952966369,
        0.25,
        0.39528470752104744,
        0.375,
        0.4841229182759271
    ],
    [
        0.2795084971874737,
        0.46770717334674267,
        0.30618621784789724,
        2.0463381929681126,
        0.30618621784789724,
        0.2795084971874737,
        0.0,
        0.0,
        0.5994789404140899,
        0.3535533905932738,
        0.3138999255579812,
        0.125,
        0.125,
        0.21650635094610965,
        0.414578098794425,
        0.18982403237026163,
        0.21650635094610965,
        0.5303300858899106,
        0.3535533905932738,
        0.33071891388307384,
        0.21650635094610965,
        0.57282196186948,
        0.1767766952966369,
        0.45069390943299864,
        0.0,
        0.3535533905932738,
        2.7916666666666665,
        0.46955948623269356,
        0.21650635094610965,
        0.3254270698294439,
        0.2795084971874737,
        0.1767766952966369,
        0.39528470752104744,
        0.414578098794425,
        0.21650635094610965,
        0.33071891388307384,
        0.1767766952966369,
        0.5153882032022076,
        0.21650635094610965,
        0.5303300858899106,
        0.5605676686280713,
        0.3535533905932738,
        0.33071891388307384,
        0.4859126579037751,
        0.25,
        0.21650635094610965,
        0.125,
        0.21650635094610965,
        0.21650635094610965,
        0.2795084971874737
    ],
    [
        0.2795084971874737,
        0.46770717334674267,
        0.30618621784789724,
        2.0463381929681126,
        0.30618621784789724,
        0.2795084971874737,
        0.0,
        0.0,
        0.5994789404140899,
        0.3535533905932738,
        0.3138999255579812,
        0.125,
        0.125,
        0.21650635094610965,
        0.414578098794425,
        0.18982403237026163,
        0.21650635094610965,
        0.5303300858899106,
        0.3535533905932738,
        0.33071891388307384,
        0.21650635094610965,
        0.57282196186948,
        0.1767766952966369,
        0.45069390943299864,
        0.0,
        0.3535533905932738,
        2.7916666666666665,
        0.46955948623269356,
        0.21650635094610965,
        0.3254270698294439,
        0.2795084971874737,
        0.1767766952966369,
        0.39528470752104744,
        0.414578098794425,
        0.21650635094610965,
        0.33071891388307384,
        0.1767766952966369,
        0.5153882032022076,
        0.21650635094610965,
        0.5303300858899106,
        0.5605676686280713,
        0.3535533905932738,
        0.33071891388307384,
        0.4859126579037751,
        0.25,
        0.21650635094610965,
        0.125,
        0.21650635094610965,
        0.21650635094610965,
        0.2795084971874737
    ],
    [
        0.8003905296791061,
        0.3535533905932738,
        0.6614378277661477,
        1.620185174601965,
        0.4841229182759271,
        0.5,
        0.5994789404140899,
        0.5994789404140899,
        0.0,
        0.46770717334674267,
        0.8130394598451579,
        0.57282196186948,
        0.625,
        0.5448623679425842,
        0.414578098794425,
        0.590366973386305,
        0.5448623679425842,
        0.5303300858899106,
        0.4841229182759271,
        0.6123724356957945,
        0.5448623679425842,
        0.6959705453537527,
        0.5153882032022076,
        0.4841229182759271,
        0.5994789404140899,
        0.46770717334674267,
        2.1094200098078564,
        0.5877806658194119,
        0.5153882032022076,
        0.5416666666666666,
        0.46770717334674267,
        0.57282196186948,
        0.414578098794425,
        0.5,
        0.625,
        0.5153882032022076,
        0.5590169943749475,
        0.4330127018922193,
        0.5590169943749475,
        0.414578098794425,
        0.5605676686280713,
        0.45069390943299864,
        0.5,
        0.5743353646704259,
        0.5303300858899106,
        0.5448623679425842,
        0.57282196186948,
        0.625,
        0.625,
        0.8003905296791061
    ],
    [
        0.46770717334674267,
        0.2795084971874737,
        0.46770717334674267,
        2.0155644370746373,
        0.30618621784789724,
        0.33071891388307384,
        0.3535533905932738,
        0.3535533905932738,
        0.46770717334674267,
        0.0,
        0.48903799777246976,
        0.33071891388307384,
        0.375,
        0.2795084971874737,
        0.21650635094610965,
        0.3602543036041431,
        0.2795084971874737,
        0.3535533905932738,
        0.30618621784789724,
        0.414578098794425,
        0.2795084971874737,
        0.5994789404140899,
        0.3535533905932738,
        0.25,
        0.3535533905932738,
        0.3535533905932738,
        2.786064029734022,
        0.3974746672570607,
        0.33071891388307384,
        0.27322660517925,
        0.2795084971874737,
        0.3535533905932738,
        0.21650635094610965,
        0.33071891388307384,
        0.4330127018922193,
        0.2795084971874737,
        0.30618621784789724,
        0.2795084971874737,
        0.33071891388307384,
        0.39528470752104744,
        0.4350127712046063,
        0.30618621784789724,
        0.21650635094610965,
        0.33333333333333337,
        0.25,
        0.2795084971874737,
        0.33071891388307384,
        0.414578098794425,
        0.414578098794425,
        0.46770717334674267
    ],
    [
        0.1428571428571429,
        0.6650437303405741,
        0.2719918966379967,
        1.9680159386280074,
        0.45104753358268174,
        0.5047605008965204,
        0.3138999255579812,
        0.3138999255579812,
        0.8130394598451579,
        0.48903799777246976,
        0.0,
        0.3378729987218661,
        0.2593899829702491,
        0.3602543036041431,
        0.549234160686775,
        0.2795084971874737,
        0.401289375968647,
        0.6463200382447807,
        0.590366973386305,
        0.40954803361356124,
        0.4203072248549936,
        0.6016028759972506,
        0.3813242232868326,
        0.6331106393298513,
        0.2879377767249482,
        0.5680704900209596,
        2.7108047332088128,
        0.5634990498113746,
        0.401289375968647,
        0.43366680000207103,
        0.4727929391026331,
        0.401289375968647,
        0.5635619227878393,
        0.6531907556489958,
        0.3138999255579812,
        0.49454937229022256,
        0.3813242232868326,
        0.7255803447825016,
        0.4559694762429895,
        0.7213932098830056,
        0.7106554574041642,
        0.5398648734939634,
        0.5200078492343227,
        0.4730551544358459,
        0.4385010413503099,
        0.3602543036041431,
        0.3378729987218661,
        0.3813242232868326,
        0.3378729987218661,
        0.1428571428571429
    ],
    [
        0.30618621784789724,
        0.4330127018922193,
        0.33071891388307384,
        2.042516829796024,
        0.2795084971874737,
        0.25,
        0.125,
        0.125,
        0.57282196186948,
        0.33071891388307384,
        0.3378729987218661,
        0.0,
        0.1767766952966369,
        0.1767766952966369,
        0.39528470752104744,
        0.1428571428571429,
        0.1767766952966369,
        0.5153882032022076,
        0.33071891388307384,
        0.30618621784789724,
        0.1767766952966369,
        0.5590169943749475,
        0.1767766952966369,
        0.39528470752104744,
        0.125,
        0.33071891388307384,
        2.788866755113585,
        0.452615853800009,
        0.1767766952966369,
        0.3004626062886657,
        0.2795084971874737,
        0.125,
        0.375,
        0.39528470752104744,
        0.2795084971874737,
        0.30618621784789724,
        0.125,
        0.46770717334674267,
        0.1767766952966369,
        0.5153882032022076,
        0.5464532103585001,
        0.33071891388307384,
        0.30618621784789724,
        0.46955948623269356,
        0.21650635094610965,
        0.1767766952966369,
        0.0,
        0.25,
        0.25,
        0.30618621784789724
    ],
    [
        0.21650635094610965,
        0.5,
        0.2795084971874737,
        2.053959590644373,
        0.33071891388307384,
        0.30618621784789724,
        0.125,
        0.125,
        0.625,
        0.375,
        0.2593899829702491,
        0.1767766952966369,
        0.0,
        0.25,
        0.4330127018922193,
        0.22728432252424743,
        0.25,
        0.5590169943749475,
        0.375,
        0.3535533905932738,
        0.25,
        0.5863019699779287,
        0.21650635094610965,
        0.4841229182759271,
        0.125,
        0.375,
        2.7944637728512025,
        0.4859126579037751,
        0.25,
        0.34860834438919813,
        0.30618621784789724,
        0.21650635094610965,
        0.414578098794425,
        0.4330127018922193,
        0.1767766952966369,
        0.3535533905932738,
        0.21650635094610965,
        0.5590169943749475,
        0.25,
        0.5448623679425842,
        0.5743353646704259,
        0.375,
        0.3535533905932738,
        0.501733107449679,
        0.2795084971874737,
        0.25,
        0.1767766952966369,
        0.1767766952966369,
        0.1767766952966369,
        0.21650635094610965
    ],
    [
        0.33071891388307384,
        0.39528470752104744,
        0.375,
        2.0348525745124633,
        0.21650635094610965,
        0.1767766952966369,
        0.21650635094610965,
        0.21650635094610965,
        0.5448623679425842,
        0.2795084971874737,
        0.3602543036041431,
        0.1767766952966369,
        0.25,
        0.0,
        0.3535533905932738,
        0.22728432252424743,
        0.0,
        0.45069390943299864,
        0.2795084971874737,
        0.30618621784789724,
        0.0,
        0.5303300858899106,
        0.21650635094610965,
        0.3535533905932738,
        0.21650635094610965,
        0.2795084971874737,
        2.7832584820274557,
        0.4166666666666667,
        0.1767766952966369,
        0.24295632895188748,
        0.1767766952966369,
        0.21650635094610965,
        0.33071891388307384,
        0.3535533905932738,
        0.30618621784789724,
        0.25,
        0.125,
        0.39528470752104744,
        0.1767766952966369,
        0.4841229182759271,
        0.5170697352496191,
        0.2795084971874737,
        0.25,
        0.4350127712046063,
        0.125,
        0.0,
        0.1767766952966369,
        0.30618621784789724,
        0.30618621784789724,
        0.33071891388307384
    ],
    [
        0.5303300858899106,
        0.1767766952966369,
        0.5153882032022076,
        2.019436802675439,
        0.375,
        0.39528470752104744,
        0.414578098794425,
        0.414578098794425,
        0.414578098794425,
        0.21650635094610965,
        0.549234160686775,
        0.39528470752104744,
        0.4330127018922193,
        0.3535533905932738,
        0.0,
        0.4203072248549936,
        0.3535533905932738,
        0.375,
        0.375,
        0.46770717334674267,
        0.3535533905932738,
        0.6373774391990981,
        0.414578098794425,
        0.30618621784789724,
        0.414578098794425,
        0.414578098794425,
        2.7944637728512025,
        0.452615853800009,
        0.39528470752104744,
        0.34860834438919813,
        0.3535533905932738,
        0.414578098794425,
        0.2795084971874737,
        0.39528470752104744,
        0.4841229182759271,
        0.3535533905932738,
        0.375,
        0.30618621784789724,
        0.39528470752104744,
        0.33071891388307384,
        0.452615853800009,
        0.375,
        0.30618621784789724,
        0.3974746672570607,
        0.33071891388307384,
        0.3535533905932738,
        0.39528470752104744,
        0.46770717334674267,
        0.46770717334674267,
        0.5303300858899106
    ],
    [
        0.3138999255579812,
        0.4559694762429895,
        0.2415669510440836,
        1.9543580291549572,
        0.25063694370746786,
        0.2879377767249482,
        0.18982403237026163,
        0.18982403237026163,
        0.590366973386305,
        0.3602543036041431,
        0.2795084971874737,
        0.1428571428571429,
        0.22728432252424743,
        0.22728432252424743,
        0.4203072248549936,
        0.0,
        0.22728432252424743,
        0.44607128559988557,
        0.3602543036041431,
        0.20671137326411115,
        0.22728432252424743,
        0.4359484148476322,
        0.18982403237026163,
        0.4203072248549936,
        0.18982403237026163,
        0.3602543036041431,
        2.725176563378472,
        0.36059836263954664,
        0.22728432252424743,
        0.25113122749677363,
        0.2879377767249482,
        0.18982403237026163,
        0.38174211297199917,
        0.4203072248549936,
        0.2879377767249482,
        0.3378729987218661,
        0.18982403237026163,
        0.46256549453530793,
        0.22728432252424743,
        0.5348206832811406,
        0.4730551544358459,
        0.3602543036041431,
        0.3378729987218661,
        0.3816492881407248,
        0.2593899829702491,
        0.22728432252424743,
        0.1428571428571429,
        0.2879377767249482,
        0.2879377767249482,
        0.3138999255579812
    ],
    [
        0.375,
        0.39528470752104744,
        0.375,
        2.0348525745124633,
        0.21650635094610965,
        0.1767766952966369,
        0.21650635094610965,
        0.21650635094610965,
        0.5448623679425842,
        0.2795084971874737,
        0.401289375968647,
        0.1767766952966369,
        0.25,
        0.0,
        0.3535533905932738,
        0.22728432252424743,
        0.0,
        0.46770717334674267,
        0.30618621784789724,
        0.30618621784789724,
        0.0,
        0.5303300858899106,
        0.21650635094610965,
        0.375,
        0.21650635094610965,
        0.30618621784789724,
        2.786064029734022,
        0.4166666666666667,
        0.1767766952966369,
        0.24295632895188748,
        0.1767766952966369,
        0.21650635094610965,
        0.33071891388307384,
        0.3535533905932738,
        0.33071891388307384,
        0.2795084971874737,
        0.125,
        0.39528470752104744,
        0.1767766952966369,
        0.4841229182759271,
        0.5170697352496191,
        0.30618621784789724,
        0.25,
        0.4350127712046063,
        0.125,
        0.0,
        0.1767766952966369,
        0.30618621784789724,
        0.30618621784789724,
        0.375
    ],
    [
        0.6846531968814576,
        0.39528470752104744,
        0.5153882032022076,
        1.5811388300841898,
        0.375,
        0.5,
        0.5303300858899106,
        0.5303300858899106,
        0.5303300858899106,
        0.3535533905932738,
        0.6463200382447807,
        0.5153882032022076,
        0.5590169943749475,
        0.45069390943299864,
        0.375,
        0.44607128559988557,
        0.46770717334674267,
        0.0,
        0.4330127018922193,
        0.4330127018922193,
        0.45069390943299864,
        0.4841229182759271,
        0.4841229182759271,
        0.39528470752104744,
        0.5303300858899106,
        0.414578098794425,
        2.255009854622468,
        0.34105636549468543,
        0.4841229182759271,
        0.34105636549468543,
        0.46770717334674267,
        0.5153882032022076,
        0.375,
        0.45069390943299864,
        0.5863019699779287,
        0.414578098794425,
        0.4841229182759271,
        0.4330127018922193,
        0.5153882032022076,
        0.46770717334674267,
        0.2916666666666667,
        0.4330127018922193,
        0.414578098794425,
        0.26352313834736496,
        0.45069390943299864,
        0.45069390943299864,
        0.5153882032022076,
        0.5994789404140899,
        0.5863019699779287,
        0.6846531968814576
    ],
    [
        0.57282196186948,
        0.414578098794425,
        0.4330127018922193,
        1.6393596310755,
        0.33071891388307384,
        0.33071891388307384,
        0.3535533905932738,
        0.3535533905932738,
        0.4841229182759271,
        0.30618621784789724,
        0.590366973386305,
        0.33071891388307384,
        0.375,
        0.2795084971874737,
        0.375,
        0.3602543036041431,
        0.30618621784789724,
        0.4330127018922193,
        0.0,
        0.414578098794425,
        0.2795084971874737,
        0.5994789404140899,
        0.39528470752104744,
        0.33071891388307384,
        0.3535533905932738,
        0.25,
        2.2802747154186878,
        0.3974746672570607,
        0.33071891388307384,
        0.27322660517925,
        0.3535533905932738,
        0.3535533905932738,
        0.33071891388307384,
        0.3535533905932738,
        0.46770717334674267,
        0.125,
        0.30618621784789724,
        0.375,
        0.33071891388307384,
        0.375,
        0.4859126579037751,
        0.1767766952966369,
        0.25,
        0.4350127712046063,
        0.2795084971874737,
        0.2795084971874737,
        0.33071891388307384,
        0.45069390943299864,
        0.45069390943299864,
        0.57282196186948
    ],
    [
        0.46770717334674267,
        0.4841229182759271,
        0.2795084971874737,
        1.6153559979150107,
        0.2795084971874737,
        0.30618621784789724,
        0.33071891388307384,
        0.33071891388307384,
        0.6123724356957945,
        0.414578098794425,
        0.40954803361356124,
        0.30618621784789724,
        0.3535533905932738,
        0.30618621784789724,
        0.46770717334674267,
        0.20671137326411115,
        0.30618621784789724,
        0.4330127018922193,
        0.414578098794425,
        0.0,
        0.30618621784789724,
        0.3535533905932738,
        0.33071891388307384,
        0.4330127018922193,
        0.33071891388307384,
        0.39528470752104744,
        2.279132388529557,
        0.31732387941099616,
        0.30618621784789724,
        0.26352313834736496,
        0.3535533905932738,
        0.30618621784789724,
        0.4330127018922193,
        0.414578098794425,
        0.375,
        0.39528470752104744,
        0.2795084971874737,
        0.4841229182759271,
        0.30618621784789724,
        0.5153882032022076,
        0.384147685720537,
        0.414578098794425,
        0.39528470752104744,
        0.34105636549468543,
        0.33071891388307384,
        0.30618621784789724,
        0.30618621784789724,
        0.414578098794425,
        0.39528470752104744,
        0.46770717334674267
    ],
    [
        0.39528470752104744,
        0.39528470752104744,
        0.375,
        2.0348525745124633,
        0.21650635094610965,
        0.21650635094610965,
        0.21650635094610965,
        0.21650635094610965,
        0.5448623679425842,
        0.2795084971874737,
        0.4203072248549936,
        0.1767766952966369,
        0.25,
        0.0,
        0.3535533905932738,
        0.22728432252424743,
        0.0,
        0.45069390943299864,
        0.2795084971874737,
        0.30618621784789724,
        0.0,
        0.5303300858899106,
        0.21650635094610965,
        0.3535533905932738,
        0.21650635094610965,
        0.2795084971874737,
        2.7832584820274557,
        0.4166666666666667,
        0.1767766952966369,
        0.24295632895188748,
        0.1767766952966369,
        0.21650635094610965,
        0.33071891388307384,
        0.3535533905932738,
        0.33071891388307384,
        0.25,
        0.125,
        0.414578098794425,
        0.1767766952966369,
        0.4841229182759271,
        0.5170697352496191,
        0.2795084971874737,
        0.25,
        0.4350127712046063,
        0.125,
        0.0,
        0.1767766952966369,
        0.30618621784789724,
        0.30618621784789724,
        0.39528470752104744
    ],
    [
        0.6959705453537527,
        0.6614378277661477,
        0.414578098794425,
        1.7001838135919305,
        0.45069390943299864,
        0.5590169943749475,
        0.57282196186948,
        0.57282196186948,
        0.6959705453537527,
        0.5994789404140899,
        0.6016028759972506,
        0.5590169943749475,
        0.5863019699779287,
        0.5303300858899106,
        0.6373774391990981,
        0.4359484148476322,
        0.5303300858899106,
        0.4841229182759271,
        0.5994789404140899,
        0.3535533905932738,
        0.5303300858899106,
        0.0,
        0.57282196186948,
        0.6123724356957945,
        0.57282196186948,
        0.5863019699779287,
        2.271120012485274,
        0.3254270698294439,
        0.5590169943749475,
        0.4166666666666667,
        0.5590169943749475,
        0.5590169943749475,
        0.5994789404140899,
        0.5994789404140899,
        0.6123724356957945,
        0.5863019699779287,
        0.5448623679425842,
        0.649519052838329,
        0.5303300858899106,
        0.673145600891813,
        0.41036907507483766,
        0.5994789404140899,
        0.57282196186948,
        0.3703414340548162,
        0.5448623679425842,
        0.5303300858899106,
        0.5590169943749475,
        0.5994789404140899,
        0.5863019699779287,
        0.6959705453537527
    ],
    [
        0.3535533905932738,
        0.46770717334674267,
        0.3535533905932738,
        1.776583800443987,
        0.25,
        0.25,
        0.1767766952966369,
        0.1767766952966369,
        0.5153882032022076,
        0.3535533905932738,
        0.3813242232868326,
        0.1767766952966369,
        0.21650635094610965,
        0.21650635094610965,
        0.414578098794425,
        0.18982403237026163,
        0.21650635094610965,
        0.4841229182759271,
        0.39528470752104744,
        0.33071891388307384,
        0.21650635094610965,
        0.57282196186948,
        0.0,
        0.4330127018922193,
        0.1767766952966369,
        0.2795084971874737,
        2.2768460153857086,
        0.46955948623269356,
        0.21650635094610965,
        0.3254270698294439,
        0.21650635094610965,
        0.1767766952966369,
        0.3535533905932738,
        0.414578098794425,
        0.21650635094610965,
        0.33071891388307384,
        0.21650635094610965,
        0.46770717334674267,
        0.2795084971874737,
        0.5303300858899106,
        0.5170697352496191,
        0.30618621784789724,
        0.33071891388307384,
        0.4859126579037751,
        0.2795084971874737,
        0.21650635094610965,
        0.1767766952966369,
        0.2795084971874737,
        0.25,
        0.3535533905932738
    ],
    [
        0.625,
        0.375,
        0.5590169943749475,
        1.6153559979150107,
        0.39528470752104744,
        0.375,
        0.45069390943299864,
        0.45069390943299864,
        0.4841229182759271,
        0.25,
        0.6331106393298513,
        0.39528470752104744,
        0.4841229182759271,
        0.3535533905932738,
        0.30618621784789724,
        0.4203072248549936,
        0.375,
        0.39528470752104744,
        0.33071891388307384,
        0.4330127018922193,
        0.3535533905932738,
        0.6123724356957945,
        0.4330127018922193,
        0.0,
        0.4330127018922193,
        0.3535533905932738,
        2.2699730786460393,
        0.452615853800009,
        0.3535533905932738,
        0.34860834438919813,
        0.375,
        0.39528470752104744,
        0.2795084971874737,
        0.33071891388307384,
        0.5303300858899106,
        0.30618621784789724,
        0.375,
        0.33071891388307384,
        0.3535533905932738,
        0.375,
        0.4859126579037751,
        0.33071891388307384,
        0.2795084971874737,
        0.3974746672570607,
        0.3535533905932738,
        0.3535533905932738,
        0.39528470752104744,
        0.5590169943749475,
        0.5448623679425842,
        0.625
    ],
    [
        0.25,
        0.46770717334674267,
        0.30618621784789724,
        2.0463381929681126,
        0.30618621784789724,
        0.2795084971874737,
        0.0,
        0.0,
        0.5994789404140899,
        0.3535533905932738,
        0.2879377767249482,
        0.125,
        0.125,
        0.21650635094610965,
        0.414578098794425,
        0.18982403237026163,
        0.21650635094610965,
        0.5303300858899106,
        0.3535533905932738,
        0.33071891388307384,
        0.21650635094610965,
        0.57282196186948,
        0.1767766952966369,
        0.4330127018922193,
        0.0,
        0.3535533905932738,
        2.7916666666666665,
        0.46955948623269356,
        0.21650635094610965,
        0.3254270698294439,
        0.2795084971874737,
        0.1767766952966369,
        0.39528470752104744,
        0.414578098794425,
        0.21650635094610965,
        0.33071891388307384,
        0.1767766952966369,
        0.5153882032022076,
        0.21650635094610965,
        0.5303300858899106,
        0.5605676686280713,
        0.3535533905932738,
        0.33071891388307384,
        0.4859126579037751,
        0.25,
        0.21650635094610965,
        0.125,
        0.21650635094610965,
        0.21650635094610965,
        0.25
    ],
    [
        0.5590169943749475,
        0.414578098794425,
        0.4330127018922193,
        1.6441183047457382,
        0.30618621784789724,
        0.30618621784789724,
        0.3535533905932738,
        0.3535533905932738,
        0.46770717334674267,
        0.3535533905932738,
        0.5680704900209596,
        0.33071891388307384,
        0.375,
        0.2795084971874737,
        0.414578098794425,
        0.3602543036041431,
        0.30618621784789724,
        0.414578098794425,
        0.25,
        0.39528470752104744,
        0.2795084971874737,
        0.5863019699779287,
        0.2795084971874737,
        0.3535533905932738,
        0.3535533905932738,
        0.0,
        2.2734121442839568,
        0.452615853800009,
        0.25,
        0.3254270698294439,
        0.30618621784789724,
        0.3535533905932738,
        0.3535533905932738,
        0.3535533905932738,
        0.375,
        0.21650635094610965,
        0.30618621784789724,
        0.45069390943299864,
        0.33071891388307384,
        0.414578098794425,
        0.501733107449679,
        0.21650635094610965,
        0.30618621784789724,
        0.46955948623269356,
        0.2795084971874737,
        0.2795084971874737,
        0.33071891388307384,
        0.4330127018922193,
        0.39528470752104744,
        0.5590169943749475
    ],
    [
        3.58115243710426,
        2.2699730786460393,
        2.3097769252558664,
        1.4654587829224146,
        2.2779894888061074,
        2.2596244771593748,
        2.7916666666666665,
        2.7916666666666665,
        2.1094200098078564,
        2.786064029734022,
        2.7108047332088128,
        2.788866755113585,
        2.7944637728512025,
        2.7832584820274557,
        2.7944637728512025,
        2.725176563378472,
        2.786064029734022,
        2.255009854622468,
        2.2802747154186878,
        2.279132388529557,
        2.7832584820274557,
        2.271120012485274,
        2.2768460153857086,
        2.2699730786460393,
        2.7916666666666665,
        2.2734121442839568,
        0.0,
        2.2657626873870864,
        2.2768460153857086,
        2.63226507868118,
        2.2768460153857086,
        2.2665287948265247,
        2.260008603720103,
        2.1094200098078564,
        2.2699730786460393,
        2.3109041039770077,
        2.786064029734022,
        2.2360679774997894,
        2.2939382680834672,
        2.124182849421814,
        2.238783772001615,
        2.2802747154186878,
        2.290530021147459,
        2.260008603720102,
        2.7832584820274557,
        2.7832584820274557,
        2.788866755113585,
        2.2596244771593748,
        2.2561643951134807,
        3.58115243710426
    ],
    [
        0.6263873490988712,
        0.46955948623269356,
        0.384147685720537,
        1.6121285101794254,
        0.32542706982944397,
        0.4350127712046063,
        0.46955948623269356,
        0.46955948623269356,
        0.5877806658194119,
        0.3974746672570607,
        0.5634990498113746,
        0.452615853800009,
        0.4859126579037751,
        0.4166666666666667,
        0.452615853800009,
        0.36059836263954664,
        0.4166666666666667,
        0.34105636549468543,
        0.3974746672570607,
        0.31732387941099616,
        0.4166666666666667,
        0.3254270698294439,
        0.46955948623269356,
        0.452615853800009,
        0.46955948623269356,
        0.452615853800009,
        2.2657626873870864,
        0.0,
        0.452615853800009,
        0.24295632895188757,
        0.4166666666666667,
        0.46955948623269356,
        0.4166666666666667,
        0.46955948623269356,
        0.5319643889501544,
        0.4166666666666667,
        0.4350127712046063,
        0.452615853800009,
        0.452615853800009,
        0.5605676686280713,
        0.33071891388307384,
        0.4350127712046063,
        0.37730771408905905,
        0.21650635094610965,
        0.3974746672570607,
        0.4166666666666667,
        0.452615853800009,
        0.5170697352496191,
        0.5170697352496191,
        0.6263873490988712
    ],
    [
        0.375,
        0.414578098794425,
        0.3535533905932738,
        1.71846588560844,
        0.2795084971874737,
        0.25,
        0.21650635094610965,
        0.21650635094610965,
        0.5153882032022076,
        0.33071891388307384,
        0.401289375968647,
        0.1767766952966369,
        0.25,
        0.1767766952966369,
        0.39528470752104744,
        0.22728432252424743,
        0.1767766952966369,
        0.4841229182759271,
        0.33071891388307384,
        0.30618621784789724,
        0.1767766952966369,
        0.5590169943749475,
        0.21650635094610965,
        0.3535533905932738,
        0.21650635094610965,
        0.25,
        2.2768460153857086,
        0.452615853800009,
        0.0,
        0.3004626062886657,
        0.25,
        0.21650635094610965,
        0.3535533905932738,
        0.3535533905932738,
        0.25,
        0.30618621784789724,
        0.1767766952966369,
        0.46770717334674267,
        0.21650635094610965,
        0.46770717334674267,
        0.501733107449679,
        0.30618621784789724,
        0.30618621784789724,
        0.46955948623269356,
        0.21650635094610965,
        0.1767766952966369,
        0.1767766952966369,
        0.30618621784789724,
        0.2795084971874737,
        0.375
    ],
    [
        0.4639803635691685,
        0.3908679799852858,
        0.34105636549468543,
        1.8814703174792728,
        0.2204792759220492,
        0.3004626062886657,
        0.3254270698294439,
        0.3254270698294439,
        0.5416666666666666,
        0.27322660517925,
        0.43366680000207103,
        0.3004626062886657,
        0.34860834438919813,
        0.24295632895188748,
        0.34860834438919813,
        0.25113122749677363,
        0.24295632895188748,
        0.34105636549468543,
        0.27322660517925,
        0.26352313834736496,
        0.24295632895188748,
        0.4166666666666667,
        0.3254270698294439,
        0.34860834438919813,
        0.3254270698294439,
        0.3254270698294439,
        2.63226507868118,
        0.24295632895188757,
        0.3004626062886657,
        0.0,
        0.24295632895188748,
        0.3254270698294439,
        0.3033379120533549,
        0.34860834438919813,
        0.42898458920779164,
        0.24295632895188748,
        0.27322660517925,
        0.3726779962499649,
        0.3004626062886657,
        0.4805234414446165,
        0.39086797998528583,
        0.3004626062886657,
        0.24295632895188748,
        0.27322660517925007,
        0.2083333333333333,
        0.24295632895188748,
        0.3004626062886657,
        0.41036907507483766,
        0.41036907507483766,
        0.4639803635691685
    ],
    [
        0.45069390943299864,
        0.414578098794425,
