[
    [
        0.0,
        1.8157298807917437,
        1.920286436967152,
        1.741048534648015,
        1.7455300054711176,
        1.7230060940112777,
        1.7544586059522749,
        1.8157298807917437,
        1.79843682124227,
        1.758905909933786,
        1.7275343701356567,
        1.7001838135919305,
        1.845602882529175,
        1.5811388300841898,
        1.6677080080157918,
        1.741048534648015,
        1.79843682124227,
        1.7455300054711176,
        1.824314939915803,
        1.8114220932736798,
        1.7230060940112777,
        1.7320508075688772,
        1.8708286933869707,
        1.80710403685012,
        1.8540496217739157,
        1.7544586059522749,
        1.7940875118009154,
        1.964529205687714,
        1.758905909933786,
        1.824314939915803,
        1.8027756377319946,
        1.824314939915803,
        1.6630168369562588,
        1.695582495781317,
        1.7809758560968758,
        1.7275343701356567,
        1.9243505397925815,
        1.9121323175972944,
        1.6909686573085854,
        1.758905909933786,
        1.8540496217739157,
        1.5512092057488571,
        2.003902442735175,
        1.976423537605237,
        1.8200274723201295,
        1.71846588560844,
        2.011684617428885,
        1.6393596310755,
        1.7455300054711176,
        1.7809758560968758
    ],
    [
        1.8157298807917437,
        0.0,
        1.704772712123232,
        1.9243505397925815,
        1.758905909933786,
        1.625,
        1.7365554986812255,
        1.71846588560844,
        1.8200274723201295,
        1.7230060940112777,
        1.7721808598447282,
        1.6630168369562588,
        1.75,
        1.7230060940112777,
        1.704772712123232,
        1.9882467150733583,
        1.8708286933869707,
        1.8624580532189174,
        1.875,
        1.9685019685029528,
        1.6817030058842137,
        1.6583123951777,
        1.899835519196333,
        1.6630168369562588,
        2.0155644370746373,
        1.71846588560844,
        1.9243505397925815,
        2.011684617428885,
        2.038688303787511,
        1.6723860200324565,
        1.8708286933869707,
        1.9724667297574374,
        1.6677080080157918,
        1.8027756377319946,
        1.8157298807917437,
        1.9121323175972944,
        1.9162137145944864,
        1.9324531042175384,
        1.6909686573085854,
        1.920286436967152,
        1.79843682124227,
        1.704772712123232,
        1.9724667297574374,
        1.875,
        2.03100960115899,
        1.7455300054711176,
        1.80710403685012,
        1.7897276329095442,
        1.58607219255619,
        2.042516829796024
    ],
    [
        1.920286436967152,
        1.704772712123232,
        0.0,
        1.8540496217739157,
        1.80710403685012,
        1.8624580532189174,
        1.6298006013006623,
        1.6770509831248424,
        1.8027756377319946,
        1.75,
        1.7455300054711176,
        1.709349291397168,
        1.7633419974582356,
        1.7809758560968758,
        1.6770509831248424,
        1.9039432764659772,
        1.8666480653835098,
        1.79843682124227,
        1.9921721813136535,
        1.984313483298443,
        1.6583123951777,
        1.8157298807917437,
        1.8957188610128877,
        1.8285923547909742,
        1.9525624189766635,
        1.8157298807917437,
        1.8582585934148133,
        1.9525624189766635,
        2.065338955232288,
        1.7721808598447282,
        1.976423537605237,
        2.0077973005261263,
        1.7721808598447282,
        1.8540496217739157,
        1.7897276329095442,
        2.0,
        1.8957188610128877,
        2.003902442735175,
        1.8285923547909742,
        1.8624580532189174,
        1.8833148966649205,
        1.7633419974582356,
        1.996089927833914,
        1.8708286933869707,
        2.03100960115899,
        1.7853571071357126,
        1.9243505397925815,
        1.80710403685012,
        1.7365554986812255,
        1.9685019685029528
    ],
    [
        1.741048534648015,
        1.9243505397925815,
        1.8540496217739157,
        0.0,
        1.620185174601965,
        1.6007810593582121,
        1.875,
        1.956559480312316,
        1.8285923547909742,
        1.6770509831248424,
        1.9525624189766635,
        1.8114220932736798,
        1.6393596310755,
        1.6583123951777,
        1.7677669529663689,
        1.8413649828320293,
        1.5103807466993215,
        1.824314939915803,
        1.653594569415369,
        1.7455300054711176,
        1.7275343701356567,
        1.79843682124227,
        1.9525624189766635,
        2.019436802675439,
        2.019436802675439,
        1.590990257669732,
        1.8624580532189174,
        1.7633419974582356,
        1.9364916731037085,
        1.6056540723331412,
        1.6441183047457382,
        1.8957188610128877,
        1.709349291397168,
        1.899835519196333,
        1.6105123408406408,
        1.8157298807917437,
        1.6441183047457382,
        1.7544586059522749,
        1.8540496217739157,
        1.5461646096066226,
        1.8498310733685928,
        1.7230060940112777,
        1.7544586059522749,
        1.7230060940112777,
        1.6863421954040052,
        2.0077973005261263,
        1.6909686573085854,
        1.899835519196333,
        1.8498310733685928,
        1.8371173070873836
    ],
    [
        1.7455300054711176,
        1.758905909933786,
        1.80710403685012,
        1.620185174601965,
        0.0,
        1.5811388300841898,
        1.6630168369562588,
        1.7544586059522749,
        1.6441183047457382,
        1.6007810593582121,
        1.845602882529175,
        1.6909686573085854,
        1.4415703243338496,
        1.571225636247067,
        1.6393596310755,
        1.7275343701356567,
        1.541103500742244,
        1.7320508075688772,
        1.5761900266148114,
        1.6909686573085854,
        1.6441183047457382,
        1.6863421954040052,
        1.7677669529663689,
        1.8915932438026946,
        1.7853571071357126,
        1.5662455107677085,
        1.776583800443987,
        1.741048534648015,
        1.875,
        1.58607219255619,
        1.5309310892394863,
        1.845602882529175,
        1.6007810593582121,
        1.7365554986812255,
        1.5309310892394863,
        1.5612494995995996,
        1.58607219255619,
        1.6863421954040052,
        1.7001838135919305,
        1.541103500742244,
        1.6583123951777,
        1.5811388300841898,
        1.704772712123232,
        1.7721808598447282,
        1.71846588560844,
        1.8413649828320293,
        1.6723860200324565,
        1.7365554986812255,
        1.7320508075688772,
        1.7940875118009154
    ],
    [
        1.7230060940112777,
        1.625,
        1.8624580532189174,
        1.6007810593582121,
        1.5811388300841898,
        0.0,
        1.709349291397168,
        1.7721808598447282,
        1.7809758560968758,
        1.6298006013006623,
        1.8413649828320293,
        1.6441183047457382,
        1.541103500742244,
        1.5811388300841898,
        1.653594569415369,
        1.7897276329095442,
        1.6817030058842137,
        1.7320508075688772,
        1.709349291397168,
        1.6863421954040052,
        1.620185174601965,
        1.58607219255619,
        1.875,
        1.80710403685012,
        1.8027756377319946,
        1.5103807466993215,
        1.713913650100261,
        1.7853571071357126,
        1.8328597873268975,
        1.648863244784115,
        1.6817030058842137,
        1.7320508075688772,
        1.5461646096066226,
        1.695582495781317,
        1.505199322349037,
        1.75,
        1.7633419974582356,
        1.7721808598447282,
        1.6441183047457382,
        1.758905909933786,
        1.7455300054711176,
        1.5461646096066226,
        1.80710403685012,
        1.7001838135919305,
        1.7365554986812255,
        1.7230060940112777,
        1.71846588560844,
        1.58607219255619,
        1.6345871038277526,
        1.776583800443987
    ],
    [
        1.7544586059522749,
        1.7365554986812255,
        1.6298006013006623,
        1.875,
        1.6630168369562588,
        1.709349291397168,
        0.0,
        1.5512092057488571,
        1.709349291397168,
        1.648863244784115,
        1.58607219255619,
        1.5309310892394863,
        1.6909686573085854,
        1.5512092057488571,
        1.5206906325745548,
        1.79843682124227,
        1.7677669529663689,
        1.7633419974582356,
        1.9039432764659772,
        1.9525624189766635,
        1.505199322349037,
        1.7320508075688772,
        1.8666480653835098,
        1.7001838135919305,
        1.7940875118009154,
        1.595893166850463,
        1.8582585934148133,
        2.027159342528357,
        1.976423537605237,
        1.6909686573085854,
        1.8624580532189174,
        1.9162137145944864,
        1.6817030058842137,
        1.595893166850463,
        1.71846588560844,
        1.948557158514987,
        1.7940875118009154,
        1.9162137145944864,
        1.8157298807917437,
        1.776583800443987,
        1.709349291397168,
        1.6105123408406408,
        1.9605483926697653,
        1.8328597873268975,
        2.099106952968333,
        1.653594569415369,
        1.7721808598447282,
        1.7633419974582356,
        1.5360257159305635,
        1.9243505397925815
    ],
    [
        1.8157298807917437,
        1.71846588560844,
        1.6770509831248424,
        1.956559480312316,
        1.7544586059522749,
        1.7721808598447282,
        1.5512092057488571,
        0.0,
        1.8285923547909742,
        1.7940875118009154,
        1.6863421954040052,
        1.6393596310755,
        1.8027756377319946,
        1.6723860200324565,
        1.6393596310755,
        1.8874586088176875,
        1.8874586088176875,
        1.713913650100261,
        2.038688303787511,
        2.023301757029831,
        1.541103500742244,
        1.79843682124227,
        1.9080421903092184,
        1.6153559979150107,
        1.7365554986812255,
        1.8157298807917437,
        1.8833148966649205,
        2.1972994789058684,
        2.0463381929681126,
        1.899835519196333,
        2.019436802675439,
        1.996089927833914,
        1.75,
        1.6677080080157918,
        1.8540496217739157,
        2.038688303787511,
        1.984313483298443,
        2.080414622136655,
        1.9364916731037085,
        1.8791620472966135,
        1.8708286933869707,
        1.7455300054711176,
        2.019436802675439,
        1.9882467150733583,
        2.1578345627040085,
        1.625,
        1.9882467150733583,
        1.7853571071357126,
        1.709349291397168,
        1.9685019685029528
    ],
    [
        1.79843682124227,
        1.8200274723201295,
        1.8027756377319946,
        1.8285923547909742,
        1.6441183047457382,
        1.7809758560968758,
        1.709349291397168,
        1.8285923547909742,
        0.0,
        1.5206906325745548,
        1.9080421903092184,
        1.6817030058842137,
        1.7275343701356567,
        1.7275343701356567,
        1.648863244784115,
        1.9921721813136535,
        1.7633419974582356,
        1.8328597873268975,
        1.80710403685012,
        1.8540496217739157,
        1.6630168369562588,
        1.8791620472966135,
        1.8498310733685928,
        1.8791620472966135,
        2.099106952968333,
        1.713913650100261,
        2.0348525745124633,
        1.920286436967152,
        2.1102428770167667,
        1.5512092057488571,
        1.6630168369562588,
        1.9921721813136535,
        1.709349291397168,
        1.8833148966649205,
        1.7230060940112777,
        1.920286436967152,
        1.648863244784115,
        1.9921721813136535,
        1.8413649828320293,
        1.7320508075688772,
        1.704772712123232,
        1.7320508075688772,
        1.7230060940112777,
        1.7853571071357126,
        2.0077973005261263,
        1.964529205687714,
        1.71846588560844,
        1.845602882529175,
        1.80710403685012,
        2.027159342528357
    ],
    [
        1.758905909933786,
        1.7230060940112777,
        1.75,
        1.6770509831248424,
        1.6007810593582121,
        1.6298006013006623,
        1.648863244784115,
        1.7940875118009154,
        1.5206906325745548,
        0.0,
        1.8200274723201295,
        1.6105123408406408,
        1.6056540723331412,
        1.6393596310755,
        1.4947825928876748,
        1.9121323175972944,
        1.648863244784115,
        1.8114220932736798,
        1.776583800443987,
        1.8582585934148133,
        1.5258194519667128,
        1.7809758560968758,
        1.8582585934148133,
        1.7455300054711176,
        2.038688303787511,
        1.590990257669732,
        1.9364916731037085,
        1.8708286933869707,
        1.920286436967152,
        1.5103807466993215,
        1.7897276329095442,
        2.0,
        1.648863244784115,
        1.8413649828320293,
        1.6677080080157918,
        1.80710403685012,
        1.541103500742244,
        1.7853571071357126,
        1.7455300054711176,
        1.6441183047457382,
        1.6056540723331412,
        1.6393596310755,
        1.7275343701356567,
        1.6153559979150107,
        1.875,
        1.8708286933869707,
        1.653594569415369,
        1.845602882529175,
        1.590990257669732,
        1.976423537605237
    ],
    [
        1.7275343701356567,
        1.7721808598447282,
        1.7455300054711176,
        1.9525624189766635,
        1.845602882529175,
        1.8413649828320293,
        1.58607219255619,
        1.6863421954040052,
        1.9080421903092184,
        1.8200274723201295,
        0.0,
        1.695582495781317,
        1.845602882529175,
        1.7320508075688772,
        1.7455300054711176,
        1.996089927833914,
        1.9324531042175384,
        1.8157298807917437,
        1.996089927833914,
        2.0615528128088303,
        1.6817030058842137,
        1.758905909933786,
        1.9080421903092184,
        1.7809758560968758,
        1.9882467150733583,
        1.8874586088176875,
        1.8915932438026946,
        2.1758618981911515,
        2.011684617428885,
        1.79843682124227,
        2.011684617428885,
        2.0953818267800264,
        1.8114220932736798,
        1.8027756377319946,
        1.8791620472966135,
        2.069118169655856,
        1.899835519196333,
        2.0155644370746373,
        1.8915932438026946,
        2.050152433357091,
        1.9162137145944864,
        1.713913650100261,
        2.050152433357091,
        2.0463381929681126,
        2.0463381929681126,
        1.6863421954040052,
        1.9243505397925815,
        1.648863244784115,
        1.541103500742244,
        2.069118169655856
    ],
    [
        1.7001838135919305,
        1.6630168369562588,
        1.709349291397168,
        1.8114220932736798,
        1.6909686573085854,
        1.6441183047457382,
        1.5309310892394863,
        1.6393596310755,
        1.6817030058842137,
        1.6105123408406408,
        1.695582495781317,
        0.0,
        1.6677080080157918,
        1.5512092057488571,
        1.5512092057488571,
        1.8915932438026946,
        1.7633419974582356,
        1.7365554986812255,
        1.7940875118009154,
        1.9525624189766635,
        1.5512092057488571,
        1.8285923547909742,
        1.8833148966649205,
        1.6817030058842137,
        1.8957188610128877,
        1.741048534648015,
        1.9364916731037085,
        2.0077973005261263,
        1.9445436482630056,
        1.6583123951777,
        1.8666480653835098,
        1.9605483926697653,
        1.695582495781317,
        1.713913650100261,
        1.741048534648015,
        1.9080421903092184,
        1.653594569415369,
        1.920286436967152,
        1.7897276329095442,
        1.704772712123232,
        1.6677080080157918,
        1.648863244784115,
        1.845602882529175,
        1.7897276329095442,
        2.042516829796024,
        1.7455300054711176,
        1.80710403685012,
        1.741048534648015,
        1.5461646096066226,
        1.9121323175972944
    ],
    [
        1.845602882529175,
        1.75,
        1.7633419974582356,
        1.6393596310755,
        1.4415703243338496,
        1.541103500742244,
        1.6909686573085854,
        1.8027756377319946,
        1.7275343701356567,
        1.6056540723331412,
        1.845602882529175,
        1.6677080080157918,
        0.0,
        1.571225636247067,
        1.6630168369562588,
        1.6817030058842137,
        1.4415703243338496,
        1.6677080080157918,
        1.5811388300841898,
        1.5662455107677085,
        1.695582495781317,
        1.6056540723331412,
        1.8114220932736798,
        1.9243505397925815,
        1.8833148966649205,
        1.5,
        1.8200274723201295,
        1.590990257669732,
        1.9882467150733583,
        1.4737282653189494,
        1.5360257159305635,
        1.8285923547909742,
        1.571225636247067,
        1.7897276329095442,
        1.4737282653189494,
        1.6298006013006623,
        1.5761900266148114,
        1.58607219255619,
        1.6723860200324565,
        1.5612494995995996,
        1.6153559979150107,
        1.5103807466993215,
        1.6393596310755,
        1.595893166850463,
        1.713913650100261,
        1.8498310733685928,
        1.648863244784115,
        1.6863421954040052,
        1.6630168369562588,
        1.7544586059522749
    ],
    [
        1.5811388300841898,
        1.7230060940112777,
        1.7809758560968758,
        1.6583123951777,
        1.571225636247067,
        1.5811388300841898,
        1.5512092057488571,
        1.6723860200324565,
        1.7275343701356567,
        1.6393596310755,
        1.7320508075688772,
        1.5512092057488571,
        1.571225636247067,
        0.0,
        1.5811388300841898,
        1.5103807466993215,
        1.620185174601965,
        1.6153559979150107,
        1.6056540723331412,
        1.6007810593582121,
        1.6105123408406408,
        1.6056540723331412,
        1.7320508075688772,
        1.7633419974582356,
        1.6677080080157918,
        1.5662455107677085,
        1.6056540723331412,
        1.8027756377319946,
        1.7544586059522749,
        1.6105123408406408,
        1.713913650100261,
        1.6056540723331412,
        1.5612494995995996,
        1.5258194519667128,
        1.5811388300841898,
        1.6393596310755,
        1.7544586059522749,
        1.6056540723331412,
        1.6441183047457382,
        1.6909686573085854,
        1.6909686573085854,
        1.3919410907075054,
        1.8027756377319946,
        1.758905909933786,
        1.6817030058842137,
        1.58607219255619,
        1.741048534648015,
        1.571225636247067,
        1.5309310892394863,
        1.6863421954040052
    ],
    [
        1.6677080080157918,
        1.704772712123232,
        1.6770509831248424,
        1.7677669529663689,
        1.6393596310755,
        1.653594569415369,
        1.5206906325745548,
        1.6393596310755,
        1.648863244784115,
        1.4947825928876748,
        1.7455300054711176,
        1.5512092057488571,
        1.6630168369562588,
        1.5811388300841898,
        0.0,
        1.845602882529175,
        1.741048534648015,
        1.7275343701356567,
        1.8200274723201295,
        1.824314939915803,
        1.4947825928876748,
        1.7633419974582356,
        1.8285923547909742,
        1.590990257669732,
        1.9080421903092184,
        1.590990257669732,
        1.8666480653835098,
        1.948557158514987,
        2.03100960115899,
        1.6345871038277526,
        1.6630168369562588,
        1.9243505397925815,
        1.6105123408406408,
        1.6007810593582121,
        1.6583123951777,
        1.8027756377319946,
        1.7365554986812255,
        1.875,
        1.7677669529663689,
        1.713913650100261,
        1.7230060940112777,
        1.5461646096066226,
        1.8200274723201295,
        1.7940875118009154,
        1.9445436482630056,
        1.6909686573085854,
        1.741048534648015,
        1.80710403685012,
        1.5612494995995996,
        1.9080421903092184
    ],
    [
        1.741048534648015,
        1.9882467150733583,
        1.9039432764659772,
        1.8413649828320293,
        1.7275343701356567,
        1.7897276329095442,
        1.79843682124227,
        1.8874586088176875,
        1.9921721813136535,
        1.9121323175972944,
        1.996089927833914,
        1.8915932438026946,
        1.6817030058842137,
        1.5103807466993215,
        1.845602882529175,
        0.0,
        1.8200274723201295,
        1.7275343701356567,
        1.7544586059522749,
        1.590990257669732,
        1.8371173070873836,
        1.7455300054711176,
        1.80710403685012,
        2.03100960115899,
        1.5360257159305635,
        1.7230060940112777,
        1.590990257669732,
        1.948557158514987,
        1.6677080080157918,
        1.9364916731037085,
        1.8708286933869707,
        1.6153559979150107,
        1.6723860200324565,
        1.6583123951777,
        1.7633419974582356,
        1.541103500742244,
        2.0953818267800264,
        1.9080421903092184,
        1.7320508075688772,
        1.8666480653835098,
        2.069118169655856,
        1.6723860200324565,
        2.172268399622846,
        2.0879116360612584,
        1.6677080080157918,
        1.6677080080157918,
        2.050152433357091,
        1.6863421954040052,
        1.928406077567689,
        1.5512092057488571
    ],
    [
        1.79843682124227,
        1.8708286933869707,
        1.8666480653835098,
        1.5103807466993215,
        1.541103500742244,
        1.6817030058842137,
        1.7677669529663689,
        1.8874586088176875,
        1.7633419974582356,
        1.648863244784115,
        1.9324531042175384,
        1.7633419974582356,
        1.4415703243338496,
        1.620185174601965,
        1.741048534648015,
        1.8200274723201295,
        0.0,
        1.7544586059522749,
        1.6441183047457382,
        1.6153559979150107,
        1.776583800443987,
        1.79843682124227,
        1.8413649828320293,
        2.084166500066633,
        1.9921721813136535,
        1.5461646096066226,
        1.8624580532189174,
        1.695582495781317,
        1.956559480312316,
        1.5461646096066226,
        1.5562374497485916,
        1.9445436482630056,
        1.6817030058842137,
        1.8833148966649205,
        1.5206906325745548,
        1.7275343701356567,
        1.5512092057488571,
        1.6909686573085854,
        1.758905909933786,
        1.4630874888399532,
        1.6770509831248424,
        1.5761900266148114,
        1.6441183047457382,
        1.709349291397168,
        1.7320508075688772,
        2.0,
        1.695582495781317,
        1.8874586088176875,
        1.7275343701356567,
        1.8540496217739157
    ],
    [
        1.7455300054711176,
        1.8624580532189174,
        1.79843682124227,
        1.824314939915803,
        1.7320508075688772,
        1.7320508075688772,
        1.7633419974582356,
        1.713913650100261,
        1.8328597873268975,
        1.8114220932736798,
        1.8157298807917437,
        1.7365554986812255,
        1.6677080080157918,
        1.6153559979150107,
        1.7275343701356567,
        1.7275343701356567,
        1.7544586059522749,
        0.0,
        1.845602882529175,
        1.79843682124227,
        1.71846588560844,
        1.709349291397168,
        1.7940875118009154,
        1.824314939915803,
        1.620185174601965,
        1.7721808598447282,
        1.7940875118009154,
        1.9162137145944864,
        1.8328597873268975,
        1.8114220932736798,
        1.8582585934148133,
        1.824314939915803,
        1.704772712123232,
        1.7275343701356567,
        1.6863421954040052,
        1.8114220932736798,
        1.8833148966649205,
        1.8957188610128877,
        1.80710403685012,
        1.8371173070873836,
        1.845602882529175,
        1.6583123951777,
        2.053959590644373,
        1.920286436967152,
        1.7809758560968758,
        1.7001838135919305,
        1.928406077567689,
        1.71846588560844,
        1.7365554986812255,
        1.8027756377319946
    ],
    [
        1.824314939915803,
        1.875,
        1.9921721813136535,
        1.653594569415369,
        1.5761900266148114,
        1.709349291397168,
        1.9039432764659772,
        2.038688303787511,
        1.80710403685012,
        1.776583800443987,
        1.996089927833914,
        1.7940875118009154,
        1.5811388300841898,
        1.6056540723331412,
        1.8200274723201295,
        1.7544586059522749,
        1.6441183047457382,
        1.845602882529175,
        0.0,
        1.6817030058842137,
        1.80710403685012,
        1.6677080080157918,
        1.79843682124227,
        2.0155644370746373,
        2.0155644370746373,
        1.620185174601965,
        1.9364916731037085,
        1.6393596310755,
        1.9525624189766635,
        1.6007810593582121,
        1.709349291397168,
        1.9039432764659772,
        1.590990257669732,
        1.8413649828320293,
        1.6056540723331412,
        1.695582495781317,
        1.713913650100261,
        1.6105123408406408,
        1.7544586059522749,
        1.7320508075688772,
        1.7455300054711176,
        1.620185174601965,
        1.7853571071357126,
        1.7001838135919305,
        1.7230060940112777,
        1.9803724397193574,
        1.6723860200324565,
        1.8498310733685928,
        1.845602882529175,
        1.9445436482630056
    ],
    [
        1.8114220932736798,
        1.9685019685029528,
        1.984313483298443,
        1.7455300054711176,
        1.6909686573085854,
        1.6863421954040052,
        1.9525624189766635,
        2.023301757029831,
        1.8540496217739157,
        1.8582585934148133,
        2.0615528128088303,
        1.9525624189766635,
        1.5662455107677085,
        1.6007810593582121,
        1.824314939915803,
        1.590990257669732,
        1.6153559979150107,
        1.79843682124227,
        1.6817030058842137,
        0.0,
        1.9364916731037085,
        1.7230060940112777,
        1.8285923547909742,
        2.0879116360612584,
        1.8666480653835098,
        1.5612494995995996,
        1.6863421954040052,
        1.713913650100261,
        1.8157298807917437,
        1.704772712123232,
        1.6393596310755,
        1.6770509831248424,
        1.5612494995995996,
        1.8157298807917437,
        1.5258194519667128,
        1.58607219255619,
        1.920286436967152,
        1.653594569415369,
        1.6583123951777,
        1.7809758560968758,
        1.9162137145944864,
        1.4842927608797396,
        1.9080421903092184,
        1.8666480653835098,
        1.590990257669732,
        1.9445436482630056,
        1.8285923547909742,
        1.7544586059522749,
        1.845602882529175,
        1.7365554986812255
    ],
    [
        1.7230060940112777,
        1.6817030058842137,
        1.6583123951777,
        1.7275343701356567,
        1.6441183047457382,
        1.620185174601965,
        1.505199322349037,
        1.541103500742244,
        1.6630168369562588,
        1.5258194519667128,
        1.6817030058842137,
        1.5512092057488571,
        1.695582495781317,
        1.6105123408406408,
        1.4947825928876748,
        1.8371173070873836,
        1.776583800443987,
        1.71846588560844,
        1.80710403685012,
        1.9364916731037085,
        0.0,
        1.776583800443987,
        1.9039432764659772,
        1.6153559979150107,
        1.9162137145944864,
        1.6441183047457382,
        1.7809758560968758,
        2.03100960115899,
        1.964529205687714,
        1.620185174601965,
        1.928406077567689,
        1.8957188610128877,
        1.6909686573085854,
        1.6393596310755,
        1.71846588560844,
        1.9364916731037085,
        1.741048534648015,
        1.964529205687714,
        1.7275343701356567,
        1.7809758560968758,
        1.7320508075688772,
        1.6007810593582121,
        1.8413649828320293,
        1.7853571071357126,
        2.011684617428885,
        1.8157298807917437,
        1.7455300054711176,
        1.7275343701356567,
        1.5360257159305635,
        1.9080421903092184
    ],
    [
        1.7320508075688772,
        1.6583123951777,
        1.8157298807917437,
        1.79843682124227,
        1.6863421954040052,
        1.58607219255619,
        1.7320508075688772,
        1.79843682124227,
        1.8791620472966135,
        1.7809758560968758,
        1.758905909933786,
        1.8285923547909742,
        1.6056540723331412,
        1.6056540723331412,
        1.7633419974582356,
        1.7455300054711176,
        1.79843682124227,
        1.709349291397168,
        1.6677080080157918,
        1.7230060940112777,
        1.776583800443987,
        0.0,
        1.7230060940112777,
        1.899835519196333,
        1.8540496217739157,
        1.6441183047457382,
        1.7809758560968758,
        1.7677669529663689,
        1.8833148966649205,
        1.5811388300841898,
        1.7633419974582356,
        1.8157298807917437,
        1.6007810593582121,
        1.758905909933786,
        1.58607219255619,
        1.7365554986812255,
        1.899835519196333,
        1.6630168369562588,
        1.571225636247067,
        1.8200274723201295,
        1.8540496217739157,
        1.58607219255619,
        1.8957188610128877,
        1.8285923547909742,
        1.6677080080157918,
        1.625,
        1.776583800443987,
        1.6393596310755,
        1.6056540723331412,
        1.8285923547909742
    ],
    [
        1.8708286933869707,
        1.899835519196333,
        1.8957188610128877,
        1.9525624189766635,
        1.7677669529663689,
        1.875,
        1.8666480653835098,
        1.9080421903092184,
        1.8498310733685928,
        1.8582585934148133,
        1.9080421903092184,
        1.8833148966649205,
        1.8114220932736798,
        1.7320508075688772,
        1.8285923547909742,
        1.80710403685012,
        1.8413649828320293,
        1.7940875118009154,
        1.79843682124227,
        1.8285923547909742,
        1.9039432764659772,
        1.7230060940112777,
        0.0,
        1.9121323175972944,
        1.8624580532189174,
        1.8328597873268975,
        1.8624580532189174,
        1.956559480312316,
        2.0077973005261263,
        1.776583800443987,
        1.8328597873268975,
        1.9324531042175384,
        1.704772712123232,
        1.845602882529175,
        1.7809758560968758,
        1.8157298807917437,
        2.027159342528357,
        1.9121323175972944,
        1.75,
        1.9121323175972944,
        1.928406077567689,
        1.7544586059522749,
        2.027159342528357,
        1.9803724397193574,
        1.8157298807917437,
        1.8157298807917437,
        1.996089927833914,
        1.776583800443987,
        1.8498310733685928,
        1.8624580532189174
    ],
    [
        1.80710403685012,
        1.6630168369562588,
        1.8285923547909742,
        2.019436802675439,
        1.8915932438026946,
        1.80710403685012,
        1.7001838135919305,
        1.6153559979150107,
        1.8791620472966135,
        1.7455300054711176,
        1.7809758560968758,
        1.6817030058842137,
        1.9243505397925815,
        1.7633419974582356,
        1.590990257669732,
        2.03100960115899,
        2.084166500066633,
        1.824314939915803,
        2.0155644370746373,
        2.0879116360612584,
        1.6153559979150107,
        1.899835519196333,
        1.9121323175972944,
        0.0,
        1.8957188610128877,
        1.8200274723201295,
        1.8874586088176875,
        2.179449471770337,
        2.011684617428885,
        1.8498310733685928,
        1.976423537605237,
        2.0348525745124633,
        1.8200274723201295,
        1.7677669529663689,
        1.940521837032503,
        2.065338955232288,
        2.03100960115899,
        2.143303524935281,
        1.845602882529175,
        1.928406077567689,
        1.9162137145944864,
        1.7809758560968758,
        2.1758618981911515,
        2.0,
        2.1102428770167667,
        1.7809758560968758,
        1.948557158514987,
        1.8157298807917437,
        1.7230060940112777,
        2.057759704144291
    ],
    [
        1.8540496217739157,
        2.0155644370746373,
        1.9525624189766635,
        2.019436802675439,
        1.7853571071357126,
        1.8027756377319946,
        1.7940875118009154,
        1.7365554986812255,
        2.099106952968333,
        2.038688303787511,
        1.9882467150733583,
        1.8957188610128877,
        1.8833148966649205,
        1.6677080080157918,
        1.9080421903092184,
        1.5360257159305635,
        1.9921721813136535,
        1.620185174601965,
        2.0155644370746373,
        1.8666480653835098,
        1.9162137145944864,
        1.8540496217739157,
        1.8624580532189174,
        1.8957188610128877,
        0.0,
        1.758905909933786,
        1.620185174601965,
        2.1102428770167667,
        1.653594569415369,
        2.091650066335189,
        1.8957188610128877,
        1.695582495781317,
        1.8285923547909742,
        1.6345871038277526,
        1.8666480653835098,
        1.6441183047457382,
        2.1866069605669876,
        2.1028254801575903,
        1.9080421903092184,
        1.928406077567689,
        2.0615528128088303,
        1.80710403685012,
        2.3217719526258387,
        2.2395591083961146,
        1.899835519196333,
        1.625,
        2.1578345627040085,
        1.6863421954040052,
        1.9445436482630056,
        1.6007810593582121
    ],
    [
        1.7544586059522749,
        1.71846588560844,
        1.8157298807917437,
        1.590990257669732,
        1.5662455107677085,
        1.5103807466993215,
        1.595893166850463,
        1.8157298807917437,
        1.713913650100261,
        1.590990257669732,
        1.8874586088176875,
        1.741048534648015,
        1.5,
        1.5662455107677085,
        1.590990257669732,
        1.7230060940112777,
        1.5461646096066226,
        1.7721808598447282,
        1.620185174601965,
        1.5612494995995996,
        1.6441183047457382,
        1.6441183047457382,
        1.8328597873268975,
        1.8200274723201295,
        1.758905909933786,
        0.0,
        1.709349291397168,
        1.6863421954040052,
        1.8624580532189174,
        1.5103807466993215,
        1.648863244784115,
        1.80710403685012,
        1.4684175155588413,
        1.6863421954040052,
        1.505199322349037,
        1.620185174601965,
        1.6153559979150107,
        1.6677080080157918,
        1.6723860200324565,
        1.625,
        1.7809758560968758,
        1.5461646096066226,
        1.7633419974582356,
        1.625,
        1.6630168369562588,
        1.8200274723201295,
        1.648863244784115,
        1.71846588560844,
        1.6770509831248424,
        1.79843682124227
    ],
    [
        1.7940875118009154,
        1.9243505397925815,
        1.8582585934148133,
        1.8624580532189174,
        1.776583800443987,
        1.713913650100261,
        1.8582585934148133,
        1.8833148966649205,
        2.0348525745124633,
        1.9364916731037085,
        1.8915932438026946,
        1.9364916731037085,
        1.8200274723201295,
        1.6056540723331412,
        1.8666480653835098,
        1.590990257669732,
        1.8624580532189174,
        1.7940875118009154,
        1.9364916731037085,
        1.6863421954040052,
        1.7809758560968758,
        1.7809758560968758,
        1.8624580532189174,
        1.8874586088176875,
        1.620185174601965,
        1.709349291397168,
        0.0,
        2.091650066335189,
        1.7365554986812255,
        1.920286436967152,
        1.9364916731037085,
        1.5512092057488571,
        1.75,
        1.709349291397168,
        1.7721808598447282,
        1.7677669529663689,
        2.161452058223823,
        1.9324531042175384,
        1.7940875118009154,
        1.928406077567689,
        2.080414622136655,
        1.7897276329095442,
        2.2150056433336687,
        2.168668946612184,
        1.758905909933786,
        1.6863421954040052,
        2.072890493972125,
        1.8200274723201295,
        1.928406077567689,
        1.695582495781317
    ],
    [
        1.964529205687714,
        2.011684617428885,
        1.9525624189766635,
        1.7633419974582356,
        1.741048534648015,
        1.7853571071357126,
        2.027159342528357,
        2.1972994789058684,
        1.920286436967152,
        1.8708286933869707,
        2.1758618981911515,
        2.0077973005261263,
        1.590990257669732,
        1.8027756377319946,
        1.948557158514987,
        1.948557158514987,
        1.695582495781317,
        1.9162137145944864,
        1.6393596310755,
        1.713913650100261,
        2.03100960115899,
        1.7677669529663689,
        1.956559480312316,
        2.179449471770337,
        2.1102428770167667,
        1.6863421954040052,
        2.091650066335189,
        0.0,
        2.027159342528357,
        1.6630168369562588,
        1.7230060940112777,
        1.996089927833914,
        1.758905909933786,
        1.996089927833914,
        1.58607219255619,
        1.8371173070873836,
        1.7275343701356567,
        1.648863244784115,
        1.824314939915803,
        1.824314939915803,
        1.875,
        1.776583800443987,
        1.8157298807917437,
        1.7897276329095442,
        1.741048534648015,
        2.117634293262177,
        1.7230060940112777,
        2.019436802675439,
        1.9364916731037085,
        2.0615528128088303
    ],
    [
        1.758905909933786,
        2.038688303787511,
        2.065338955232288,
        1.9364916731037085,
        1.875,
        1.8328597873268975,
        1.976423537605237,
        2.0463381929681126,
        2.1102428770167667,
        1.920286436967152,
        2.011684617428885,
        1.9445436482630056,
        1.9882467150733583,
        1.7544586059522749,
        2.03100960115899,
        1.6677080080157918,
        1.956559480312316,
        1.8328597873268975,
        1.9525624189766635,
        1.8157298807917437,
        1.964529205687714,
        1.8833148966649205,
        2.0077973005261263,
        2.011684617428885,
        1.653594569415369,
        1.8624580532189174,
        1.7365554986812255,
        2.027159342528357,
        0.0,
        2.065338955232288,
        2.0348525745124633,
        1.7365554986812255,
        1.7940875118009154,
        1.741048534648015,
        1.940521837032503,
        1.7320508075688772,
        2.1758618981911515,
        2.0766559657295187,
        1.8027756377319946,
        1.9724667297574374,
        2.1578345627040085,
        1.7544586059522749,
        2.207940216581962,
        2.165063509461097,
        1.8413649828320293,
        1.7721808598447282,
        2.229069312515876,
        1.7633419974582356,
        2.0,
        1.8200274723201295
    ],
    [
        1.824314939915803,
        1.6723860200324565,
        1.7721808598447282,
        1.6056540723331412,
        1.58607219255619,
        1.648863244784115,
        1.6909686573085854,
        1.899835519196333,
        1.5512092057488571,
        1.5103807466993215,
        1.79843682124227,
        1.6583123951777,
        1.4737282653189494,
        1.6105123408406408,
        1.6345871038277526,
        1.9364916731037085,
        1.5461646096066226,
        1.8114220932736798,
        1.6007810593582121,
        1.704772712123232,
