[
    [
        0.0,
        1.8162078931419474,
        0.81967981553775,
        0.8569568250501305,
        1.4684175155588413,
        1.505199322349037,
        0.8569568250501305,
        0.8457409637576849,
        1.6630168369562588,
        1.3894693231590254,
        0.9185586535436918,
        1.159202311936963,
        1.6630168369562588,
        1.3693063937629153,
        1.8708286933869707,
        1.4753501832667748,
        1.7001838135919305,
        1.2686114456365274,
        1.4252192813739224,
        1.375,
        1.4469796128487782,
        1.625,
        0.9842509842514764,
        1.2930100540985752,
        1.192424001771182,
        1.2884098726725126,
        0.7083333333333334,
        1.1388041973930374,
        0.9682458365518543,
        1.5512092057488571,
        1.3775229379013783,
        1.1989578808281798,
        1.824314939915803,
        1.442172358323065,
        0.57282196186948,
        1.664143924064262,
        1.3050383136138188,
        1.0307764064044151,
        1.4737282653189494,
        1.5258194519667128,
        1.1711224435462664,
        1.5761900266148114,
        1.571225636247067,
        1.442172358323065,
        1.6132265804901678,
        1.289648961711847,
        1.192424001771182,
        1.2054563451241194,
        1.5662455107677085,
        0.649519052838329
    ],
    [
        1.8162078931419474,
        0.0,
        1.4607123452465087,
        1.3411230782859234,
        1.162193806748446,
        1.2197734306920374,
        1.420338379088276,
        1.3404756618454512,
        1.256925260749863,
        1.0895654077556693,
        1.4901295618539723,
        1.198233653712367,
        1.3313787757225382,
        1.1865859054915118,
        1.2346276991690879,
        1.1148604541374434,
        1.1531960419248373,
        1.0857345183996152,
        1.1599509089229212,
        1.1733439866940603,
        1.1880481191152712,
        1.116480083914522,
        1.2318121249245402,
        1.1931517552730295,
        1.37310475444034,
        1.1710334941599427,
        1.4713702985841313,
        1.3176156917368247,
        1.4258282193557228,
        1.375631168268265,
        1.3057033013326997,
        1.4092945437739803,
        1.3116730198914328,
        1.1785113019775793,
        1.5109553637057287,
        1.1710334941599427,
        1.3411230782859234,
        1.2047360245667467,
        1.1188101318414627,
        1.1031835245728105,
        1.21335164821342,
        1.102396379610246,
        1.1554520519885039,
        1.104756131963571,
        1.2327419753451156,
        1.2381381631753021,
        1.2692955176439846,
        1.2815463749358083,
        1.176299517791092,
        1.516117116555021
    ],
    [
        0.81967981553775,
        1.4607123452465087,
        0.0,
        0.7288689868556626,
        0.9842509842514764,
        1.0752906583803283,
        0.6123724356957945,
        0.7580585582775105,
        1.1110243021644486,
        1.1008519428152,
        0.7603453162872774,
        0.9354143466934853,
        1.4469796128487782,
        1.0752906583803283,
        1.4737282653189494,
        1.0702374331265498,
        1.299038105676658,
        1.0968705484240153,
        0.9921567416492215,
        0.9842509842514764,
        1.0383279828647594,
        1.159202311936963,
        0.8100925873009825,
        0.9519716382329886,
        0.7905694150420949,
        0.9457140159688869,
        0.7783975705112252,
        0.9013878188659973,
        0.649519052838329,
        1.1524430571616109,
        1.1211353372561426,
        0.625,
        1.2624381172952597,
        0.9771699499632145,
        0.6846531968814576,
        1.1056672193747992,
        0.82915619758885,
        0.9013878188659973,
        1.2119199643540823,
        1.224744871391589,
        0.7783975705112252,
        1.1989578808281798,
        0.9437293044088437,
        1.1666666666666667,
        1.1629703349613008,
        1.0416666666666667,
        0.7806247497997998,
        1.0307764064044151,
        1.0752906583803283,
        0.649519052838329
    ],
    [
        0.8569568250501305,
        1.3411230782859234,
        0.7288689868556626,
        0.0,
        1.015504800579495,
        1.0606601717798212,
        0.6959705453537527,
        0.5965758776365148,
        1.14564392373896,
        1.0647769719523428,
        0.673145600891813,
        0.75,
        1.3975424859373686,
        1.0231690964840563,
        1.346291201783626,
        1.0922091916695018,
        1.1792476415070754,
        0.8569568250501305,
        1.0606601717798212,
        0.8660254037844386,
        1.0680004681646913,
        1.2054563451241194,
        0.6846531968814576,
        0.9682458365518543,
        0.82915619758885,
        0.912071817347735,
        0.6859199013814303,
        0.6614378277661477,
        0.6959705453537527,
        1.1319231422671772,
        1.1486707293408518,
        0.9354143466934853,
        1.334634781503914,
        1.0976616560266244,
        0.57282196186948,
        1.232629303562105,
        0.8838834764831844,
        0.75,
        1.0680004681646913,
        1.125,
        0.8281086214313247,
        1.1524430571616109,
        1.1319231422671772,
        1.0976616560266244,
        1.1895377253370318,
        0.9474014167418394,
        0.875,
        0.75,
        1.0606601717798212,
        0.7071067811865476
    ],
    [
        1.4684175155588413,
        1.162193806748446,
        0.9842509842514764,
        1.015504800579495,
        0.0,
        0.9519716382329886,
        1.0383279828647594,
        1.0034662148993578,
        1.0077822185373186,
        1.0395311443145896,
        1.015504800579495,
        0.9519716382329886,
        1.1989578808281798,
        1.0307764064044151,
        1.2054563451241194,
        0.9579820415001185,
        1.0968705484240153,
        0.9437293044088437,
        0.960143218483576,
        1.0077822185373186,
        0.9354143466934853,
        0.9519716382329886,
        0.9682458365518543,
        0.9013878188659973,
        0.9100137361600648,
        0.851836251870041,
        1.1755613316388236,
        1.0077822185373186,
        0.9519716382329886,
        1.0231690964840563,
        0.9771699499632145,
        0.9354143466934853,
        1.0825317547305484,
        0.8518770125108697,
        1.2054563451241194,
        0.9637167633698192,
        0.9519716382329886,
        0.9100137361600648,
        1.0307764064044151,
        1.0532687216470449,
        0.8239049972202162,
        1.015504800579495,
        0.9185586535436918,
        0.9307628293203615,
        1.0167349703831376,
        1.0614782669047498,
        0.8926785535678563,
        1.0,
        0.9100137361600648,
        1.1792476415070754
    ],
    [
        1.505199322349037,
        1.2197734306920374,
        1.0752906583803283,
        1.0606601717798212,
        0.9519716382329886,
        0.0,
        1.0077822185373186,
        1.0663736576724772,
        0.9682458365518543,
        0.9807522622966516,
        1.1989578808281798,
        0.9100137361600648,
        1.3693063937629153,
        0.875,
        1.2183492931011204,
        0.9945643082603086,
        1.0307764064044151,
        0.960143218483576,
        0.9682458365518543,
        0.9354143466934853,
        0.9354143466934853,
        1.0752906583803283,
        1.0077822185373186,
        0.9437293044088437,
        0.9682458365518543,
        0.9620940702446928,
        1.2754356554178305,
        1.0383279828647594,
        1.0458250331675945,
        1.0968705484240153,
        1.155452051988504,
        1.1110243021644486,
        1.0606601717798212,
        1.0008676791220261,
        1.2119199643540823,
        1.084262422110072,
        1.0,
        0.9437293044088437,
        0.8926785535678563,
        1.0077822185373186,
        1.0,
        1.0825317547305484,
        0.9842509842514764,
        1.1188101318414627,
        1.0425329730996522,
        1.1141451630934116,
        0.9682458365518543,
        0.9921567416492215,
        0.9842509842514764,
        1.159202311936963
    ],
    [
        0.8569568250501305,
        1.420338379088276,
        0.6123724356957945,
        0.6959705453537527,
        1.0383279828647594,
        1.0077822185373186,
        0.0,
        0.6934715407122183,
        1.1319231422671772,
        1.0425329730996522,
        0.6959705453537527,
        0.8477912478906585,
        1.375,
        1.0231690964840563,
        1.4306903927824497,
        1.0330939760086233,
        1.2374368670764582,
        0.9921567416492215,
        1.0077822185373186,
        0.8477912478906585,
        1.0077822185373186,
        1.1726039399558574,
        0.673145600891813,
        0.9354143466934853,
        0.8838834764831844,
        1.001873245475694,
        0.8111634305804911,
        0.7071067811865476,
        0.6123724356957945,
        1.0606601717798212,
        1.162193806748446,
        0.8100925873009825,
        1.2054563451241194,
        1.1395661942647786,
        0.6614378277661477,
        1.1808365678619543,
        0.8100925873009825,
        0.75,
        1.1110243021644486,
        1.14564392373896,
        0.768295371441074,
        1.1726039399558574,
        1.1726039399558574,
        1.068812944865055,
        1.149456393257265,
        0.9307628293203616,
        0.7806247497997998,
        0.75,
        1.0825317547305484,
        0.5590169943749475
    ],
    [
        0.8457409637576849,
        1.3404756618454512,
        0.7580585582775105,
        0.5965758776365148,
        1.0034662148993578,
        1.0663736576724772,
        0.6934715407122183,
        0.0,
        1.2040152730666573,
        1.042766086479183,
        0.5965758776365148,
        0.7938566201357354,
        1.2815463749358083,
        0.9727181274940627,
        1.3591255358583407,
        1.0827935599291476,
        1.25,
        0.8789592962387077,
        1.0590220855949029,
        0.9251501379656049,
        0.982485510212633,
        1.1967838846954226,
        0.7476816018719317,
        0.9700372272352347,
        0.7883703303510209,
        0.8613619706281701,
        0.49651563699220774,
        0.6588078458684123,
        0.6934715407122183,
        1.2423376263229644,
        1.0383279828647594,
        0.9081039465709737,
        1.3565683830083088,
        0.9664511253952668,
        0.5416666666666666,
        1.16246266367761,
        1.006058038970803,
        0.7156485015549029,
        1.102396379610246,
        1.1509356097444277,
        0.81967981553775,
        1.1008204011352423,
        1.107110854632202,
        1.0549157417643469,
        1.225198396632607,
        0.8385254915624212,
        0.9204467514322717,
        0.8175590362645243,
        1.0590220855949029,
        0.6705615391429617
    ],
    [
        1.6630168369562588,
        1.256925260749863,
        1.1110243021644486,
        1.14564392373896,
        1.0077822185373186,
        0.9682458365518543,
        1.1319231422671772,
        1.2040152730666573,
        0.0,
        1.05,
        1.286953767623375,
        0.9921567416492215,
        1.352081728298996,
        1.015504800579495,
        1.118033988749895,
        1.0178571428571428,
        1.0680004681646913,
        1.0458250331675945,
        0.9354143466934853,
        1.0231690964840563,
        0.9842509842514764,
        1.0752906583803283,
        0.9842509842514764,
        0.960143218483576,
        1.015504800579495,
        1.0325938214031691,
        1.3831827227248195,
        1.118033988749895,
        1.0968705484240153,
        1.0752906583803283,
        1.2083333333333335,
        1.1319231422671772,
        1.0077822185373186,
        1.0017346066809423,
        1.2624381172952597,
        1.0173494974687902,
        1.0077822185373186,
        1.015504800579495,
        1.0458250331675945,
        1.0307764064044151,
        1.0736748938937604,
        1.015504800579495,
        0.9185586535436918,
        1.0172129679778086,
        1.116915395184434,
        1.2527746981977423,
        0.9437293044088437,
        1.0897247358851685,
        0.9519716382329886,
        1.286953767623375
    ],
    [
        1.3894693231590254,
        1.0895654077556693,
        1.1008519428152,
        1.0647769719523428,
        1.0395311443145896,
        0.9807522622966516,
        1.0425329730996522,
        1.042766086479183,
        1.05,
        0.0,
        1.1629703349613008,
        0.9400797838481583,
        1.1986972094736852,
        0.9646890690787369,
        1.1736694594305503,
        0.9536851189582697,
        1.0659502802663923,
        0.9144670579085942,
        0.9317322576792112,
        0.9565563234854496,
        1.0274361294017258,
        1.013348409975562,
        0.9509863300805118,
        0.8888194417315589,
        1.0350120772242226,
        0.8975661535508122,
        1.1668452244311487,
        0.972753822917186,
        1.0574142991278301,
        1.1357816691600546,
        1.0303047014246698,
        1.0865656906050365,
        1.1426394882026438,
        0.9935556238972119,
        1.182951816432098,
        0.9807522622966516,
        0.9233092656309694,
        0.9886859966642595,
        1.0647769719523428,
        1.0574142991278301,
        0.9768500965404626,
        0.9836157786453001,
        1.074418447347215,
        0.954412268245635,
        0.960143218483576,
        1.0330308697119257,
        0.9496709956611289,
        0.972753822917186,
        1.0043654713300334,
        1.093732142711368
    ],
    [
        0.9185586535436918,
        1.4901295618539723,
        0.7603453162872774,
        0.673145600891813,
        1.015504800579495,
        1.1989578808281798,
        0.6959705453537527,
        0.5965758776365148,
        1.286953767623375,
        1.1629703349613008,
        0.0,
        0.875,
        1.4737282653189494,
        1.14564392373896,
        1.4469796128487782,
        1.2138917428112386,
        1.3287682265918312,
        0.960143218483576,
        1.1989578808281798,
        1.0307764064044151,
        1.0968705484240153,
        1.3228756555322954,
        0.8100925873009825,
        1.0825317547305484,
        0.82915619758885,
        0.986154146165801,
        0.5743353646704259,
        0.6959705453537527,
        0.625,
        1.1726039399558574,
        1.233924407913404,
        0.7806247497997998,
        1.357847561400027,
        1.2126360175712707,
        0.6123724356957945,
        1.3242922638149028,
        1.015504800579495,
        0.7806247497997998,
        1.125,
        1.125,
        0.8994597143717876,
        1.2686114456365274,
        1.2562344526401112,
        1.2381381631753021,
        1.3437354650376687,
        1.0112217582926333,
        1.0,
        0.770551750371122,
        1.1726039399558574,
        0.6959705453537527
    ],
    [
        1.159202311936963,
        1.198233653712367,
        0.9354143466934853,
        0.75,
        0.9519716382329886,
        0.9100137361600648,
        0.8477912478906585,
        0.7938566201357354,
        0.9921567416492215,
        0.9400797838481583,
        0.875,
        0.0,
        1.3050383136138188,
        0.8838834764831844,
        1.1989578808281798,
        0.9945643082603086,
        1.0077822185373186,
        0.8569568250501305,
        0.9013878188659973,
        0.8838834764831844,
        0.8477912478906585,
        1.103970108290981,
        0.82915619758885,
        0.9013878188659973,
        0.81967981553775,
        0.9034655499796326,
        0.9930312739844155,
        0.8477912478906585,
        0.8926785535678563,
        1.0307764064044151,
        1.107110854632202,
        0.9354143466934853,
        1.165922381636102,
        0.927960727138337,
        0.9100137361600648,
        1.077032961426901,
        0.8926785535678563,
        0.8100925873009825,
        0.9842509842514764,
        0.9842509842514764,
        0.8228507357554792,
        1.0606601717798212,
        0.960143218483576,
        0.9771699499632145,
        1.0793516572461452,
        1.0112217582926333,
        0.875,
        0.7806247497997998,
        0.9354143466934853,
        0.9519716382329886
    ],
    [
        1.6630168369562588,
        1.3313787757225382,
        1.4469796128487782,
        1.3975424859373686,
        1.1989578808281798,
        1.3693063937629153,
        1.375,
        1.2815463749358083,
        1.352081728298996,
        1.1986972094736852,
        1.4737282653189494,
        1.3050383136138188,
        0.0,
        1.346291201783626,
        1.571225636247067,
        1.2439906571602701,
        1.4197270864500684,
        1.1726039399558574,
        1.3050383136138188,
        1.3287682265918312,
        1.3635890143294642,
        1.0606601717798212,
        1.403121520040228,
        1.346291201783626,
        1.3635890143294642,
        1.0003124511871277,
        1.3076962355396013,
        1.357847561400027,
        1.3635890143294642,
        1.4252192813739224,
        0.961046882889233,
        1.3693063937629153,
        1.479019945774904,
        1.0785149254620654,
        1.5258194519667128,
        1.0755812382149477,
        1.334634781503914,
        1.340475661845451,
        1.3806701271484076,
        1.403121520040228,
        1.2154960121512353,
        1.0307764064044151,
        1.165922381636102,
        1.1141451630934114,
        1.2308533625091171,
        0.9446486707295528,
        1.3050383136138188,
        1.4086784586980805,
        1.3693063937629153,
        1.4684175155588413
    ],
    [
        1.3693063937629153,
        1.1865859054915118,
        1.0752906583803283,
        1.0231690964840563,
        1.0307764064044151,
        0.875,
        1.0231690964840563,
        0.9727181274940627,
        1.015504800579495,
        0.9646890690787369,
        1.14564392373896,
        0.8838834764831844,
        1.346291201783626,
        0.0,
        1.165922381636102,
        0.9462600928208408,
        0.9921567416492215,
        1.0,
        0.9185586535436918,
        0.9100137361600648,
        0.9270248108869579,
        1.0383279828647594,
        0.9682458365518543,
        0.8569568250501305,
        0.9842509842514764,
        0.9781998773256926,
        1.2190615698606495,
        1.0383279828647594,
        1.0680004681646913,
        1.0897247358851685,
        1.107110854632202,
        1.0680004681646913,
        1.1524430571616109,
        1.0540925533894598,
        1.1726039399558574,
        1.001873245475694,
        0.9519716382329886,
        0.875,
        0.960143218483576,
        0.9354143466934853,
        0.9147707666708396,
        1.0825317547305484,
        0.9682458365518543,
        1.0316182002616623,
        1.0274361294017258,
        1.1280821975567403,
        0.9100137361600648,
        0.960143218483576,
        0.9437293044088437,
        1.103970108290981
    ],
    [
        1.8708286933869707,
        1.2346276991690879,
        1.4737282653189494,
        1.346291201783626,
        1.2054563451241194,
        1.2183492931011204,
        1.4306903927824497,
        1.3591255358583407,
        1.118033988749895,
        1.1736694594305503,
        1.4469796128487782,
        1.1989578808281798,
        1.571225636247067,
        1.165922381636102,
        0.0,
        1.1746417169781203,
        1.14564392373896,
        1.1792476415070754,
        1.2183492931011204,
        1.2808688457449497,
        1.1792476415070754,
        1.2374368670764582,
        1.1524430571616109,
        1.118033988749895,
        1.2562344526401112,
        1.25124937562422,
        1.5723301886761007,
        1.2562344526401112,
        1.4252192813739224,
        1.334634781503914,
        1.4654587829224146,
        1.3919410907075054,
        1.2374368670764582,
        1.1770372409854613,
        1.5155444566227676,
        1.2944593465999619,
        1.2119199643540823,
        1.192424001771182,
        1.1989578808281798,
        1.1319231422671772,
        1.2360330811826103,
        1.1989578808281798,
        1.165922381636102,
        1.1902380714238083,
        1.2658988901172163,
        1.4055939827860835,
        1.231107225224513,
        1.2624381172952597,
        1.125,
        1.5612494995995996
    ],
    [
        1.4753501832667748,
        1.1148604541374434,
        1.0702374331265498,
        1.0922091916695018,
        0.9579820415001185,
        0.9945643082603086,
        1.0330939760086233,
        1.0827935599291476,
        1.0178571428571428,
        0.9536851189582697,
        1.2138917428112386,
        0.9945643082603086,
        1.2439906571602701,
        0.9462600928208408,
        1.1746417169781203,
        0.0,
        1.0629125849595094,
        0.9667626916885117,
        0.9626308551388253,
        0.9611390457712778,
        0.9626308551388253,
        0.9354143466934854,
        0.9544805724923405,
        0.9147320339189784,
        1.0255038582400877,
        0.9289765599731739,
        1.2705928455403492,
        0.9876469149303454,
        1.091917196157889,
        1.0990487538163656,
        1.0647776374593712,
        1.0330939760086233,
        1.1061343332820412,
        0.994688986135024,
        1.2203106830907062,
        0.9860894731106259,
        0.9211585983234951,
        0.9462600928208408,
        1.0101525445522108,
        1.0330939760086233,
        0.9604383860633832,
        1.0745490273807417,
        1.0134616874044795,
        0.9614339076245224,
        0.9859083659866413,
        1.1293064464026674,
        0.9273687266141989,
        0.9707127089233488,
        0.90403714706051,
        1.188271768543866
    ],
    [
        1.7001838135919305,
        1.1531960419248373,
        1.299038105676658,
        1.1792476415070754,
        1.0968705484240153,
        1.0307764064044151,
        1.2374368670764582,
        1.25,
        1.0680004681646913,
        1.0659502802663923,
        1.3287682265918312,
        1.0077822185373186,
        1.4197270864500684,
        0.9921567416492215,
        1.14564392373896,
        1.0629125849595094,
        0.0,
        1.0825317547305484,
        0.9270248108869579,
        0.9842509842514764,
        1.015504800579495,
        1.1388041973930374,
        1.0897247358851685,
        1.0307764064044151,
        1.1726039399558574,
        1.1269427669584644,
        1.4535636285427007,
        1.1110243021644486,
        1.192424001771182,
        1.1388041973930374,
        1.3076962355396013,
        1.231107225224513,
        1.1524430571616109,
        1.0614782669047498,
        1.403121520040228,
        1.2134661099511597,
        1.0680004681646913,
        1.0383279828647594,
        1.0307764064044151,
        1.0307764064044151,
        1.0913167378090662,
        1.118033988749895,
        1.0752906583803283,
        1.084134319271474,
        1.1355064949175764,
        1.2527746981977423,
        1.0532687216470449,
        1.1110243021644486,
        0.9921567416492215,
        1.3863170633011772
    ],
    [
        1.2686114456365274,
        1.0857345183996152,
        1.0968705484240153,
        0.8569568250501305,
        0.9437293044088437,
        0.960143218483576,
        0.9921567416492215,
        0.8789592962387077,
        1.0458250331675945,
        0.9144670579085942,
        0.960143218483576,
        0.8569568250501305,
        1.1726039399558574,
        1.0,
        1.1792476415070754,
        0.9667626916885117,
        1.0825317547305484,
        0.0,
        0.960143218483576,
        0.9185586535436918,
        1.0077822185373186,
        1.015504800579495,
        0.9354143466934853,
        0.9354143466934853,
        0.9682458365518543,
        0.8426149773176358,
        0.9956502621123767,
        0.8477912478906585,
        0.9682458365518543,
        1.14564392373896,
        1.0905210273585335,
        1.1388041973930374,
        1.2119199643540823,
        1.0034662148993578,
        1.0680004681646913,
        1.0784827305061495,
        0.9842509842514764,
        0.8838834764831844,
        0.960143218483576,
        0.9921567416492215,
        0.8975274678557507,
        0.960143218483576,
        1.0458250331675945,
        0.9798313346920706,
        1.0908712114635715,
        0.9363418772601764,
        0.9762812094883317,
        0.9100137361600648,
        1.015504800579495,
        1.0680004681646913
    ],
    [
        1.4252192813739224,
        1.1599509089229212,
        0.9921567416492215,
        1.0606601717798212,
        0.960143218483576,
        0.9682458365518543,
        1.0077822185373186,
        1.0590220855949029,
        0.9354143466934853,
        0.9317322576792112,
        1.1989578808281798,
        0.9013878188659973,
        1.3050383136138188,
        0.9185586535436918,
        1.2183492931011204,
        0.9626308551388253,
        0.9270248108869579,
        0.960143218483576,
        0.0,
        0.9270248108869579,
        0.9100137361600648,
        1.0231690964840563,
        0.9842509842514764,
        0.9519716382329886,
        0.9437293044088437,
        0.986154146165801,
        1.2296962136144753,
        1.0,
        1.0231690964840563,
        0.9842509842514764,
        1.155452051988504,
        1.0383279828647594,
        1.0458250331675945,
        0.9691419458010839,
        1.2119199643540823,
        1.0250000000000001,
        0.7905694150420949,
        0.9842509842514764,
        1.0077822185373186,
        1.0077822185373186,
        0.9537935951882998,
        1.0897247358851685,
        0.960143218483576,
        1.0466547239233726,
        0.9646890690787369,
        1.2018504251546631,
        0.8838834764831844,
        1.103970108290981,
        0.9270248108869579,
        1.118033988749895
    ],
    [
        1.375,
        1.1733439866940603,
        0.9842509842514764,
        0.8660254037844386,
        1.0077822185373186,
        0.9354143466934853,
        0.8477912478906585,
        0.9251501379656049,
        1.0231690964840563,
        0.9565563234854496,
        1.0307764064044151,
        0.8838834764831844,
        1.3287682265918312,
        0.9100137361600648,
        1.2808688457449497,
        0.9611390457712778,
        0.9842509842514764,
        0.9185586535436918,
        0.9270248108869579,
        0.0,
        0.9185586535436918,
        1.0680004681646913,
        0.8660254037844386,
        0.9270248108869579,
        0.9682458365518543,
        0.9290452088031024,
        1.0833333333333333,
        0.9185586535436918,
        0.9100137361600648,
        0.9519716382329886,
        1.1349865393230198,
        1.0606601717798212,
        1.14564392373896,
        0.9851325347947408,
        1.0532687216470449,
        1.0173494974687902,
        0.81967981553775,
        0.82915619758885,
        1.0532687216470449,
        1.0307764064044151,
        0.8528953954357802,
        1.0383279828647594,
        1.0383279828647594,
        0.961046882889233,
        1.0274361294017258,
        1.0639287779003088,
        0.8477912478906585,
        0.8838834764831844,
        0.8838834764831844,
        0.9682458365518543
    ],
    [
        1.4469796128487782,
        1.1880481191152712,
        1.0383279828647594,
        1.0680004681646913,
        0.9354143466934853,
        0.9354143466934853,
        1.0077822185373186,
        0.982485510212633,
        0.9842509842514764,
        1.0274361294017258,
        1.0968705484240153,
        0.8477912478906585,
        1.3635890143294642,
        0.9270248108869579,
        1.1792476415070754,
        0.9626308551388253,
        1.015504800579495,
        1.0077822185373186,
        0.9100137361600648,
        0.9185586535436918,
        0.0,
        1.0606601717798212,
        0.9437293044088437,
        0.9762812094883317,
        0.9100137361600648,
        1.0173494974687902,
        1.1614466553971963,
        0.960143218483576,
        1.0383279828647594,
        1.0458250331675945,
        1.107110854632202,
        0.9842509842514764,
        1.0825317547305484,
        0.9691419458010839,
        1.1792476415070754,
        1.077032961426901,
        0.9354143466934853,
        0.8838834764831844,
        1.0231690964840563,
        1.0231690964840563,
        0.9437293044088437,
        1.0968705484240153,
        0.8926785535678563,
        1.024017143953709,
        1.0647769719523428,
        1.1211353372561426,
        0.8838834764831844,
        0.9013878188659973,
        0.9100137361600648,
        1.14564392373896
    ],
    [
        1.625,
        1.116480083914522,
        1.159202311936963,
        1.2054563451241194,
        0.9519716382329886,
        1.0752906583803283,
        1.1726039399558574,
        1.1967838846954226,
        1.0752906583803283,
        1.013348409975562,
        1.3228756555322954,
        1.103970108290981,
        1.0606601717798212,
        1.0383279828647594,
        1.2374368670764582,
        0.9354143466934854,
        1.1388041973930374,
        1.015504800579495,
        1.0231690964840563,
        1.0680004681646913,
        1.0606601717798212,
        0.0,
        1.1319231422671772,
        1.0825317547305484,
        1.125,
        0.9733961166965892,
        1.2795127110653406,
        1.1524430571616109,
        1.1319231422671772,
        1.0968705484240153,
        0.8730136183232068,
        1.165922381636102,
        1.1858541225631423,
        0.9418878796214429,
        1.403121520040228,
        0.9653367288153911,
        1.0532687216470449,
        1.0968705484240153,
        1.1989578808281798,
        1.1388041973930374,
        0.9109671295448104,
        0.9682458365518543,
        0.9100137361600648,
        0.9583333333333334,
        0.9981232388838565,
        1.0214708893442719,
        0.9762812094883317,
        1.2054563451241194,
        1.0752906583803283,
        1.224744871391589
    ],
    [
        0.9842509842514764,
        1.2318121249245402,
        0.8100925873009825,
        0.6846531968814576,
        0.9682458365518543,
        1.0077822185373186,
        0.673145600891813,
        0.7476816018719317,
        0.9842509842514764,
        0.9509863300805118,
        0.8100925873009825,
        0.82915619758885,
        1.403121520040228,
        0.9682458365518543,
        1.1524430571616109,
        0.9544805724923405,
        1.0897247358851685,
        0.9354143466934853,
        0.9842509842514764,
        0.8660254037844386,
        0.9437293044088437,
        1.1319231422671772,
        0.0,
        0.9013878188659973,
        0.8477912478906585,
        1.0173494974687902,
        0.8848650242331376,
        0.8100925873009825,
        0.7905694150420949,
        1.0307764064044151,
        1.1280821975567403,
        0.9270248108869579,
        1.2374368670764582,
        0.961046882889233,
        0.7288689868556626,
        1.200520720354297,
        0.9519716382329886,
        0.739509972887452,
        1.0532687216470449,
        1.0606601717798212,
        0.7580585582775105,
        1.0606601717798212,
        0.9437293044088437,
        0.9363418772601764,
        1.151629280628102,
        1.0112217582926333,
        0.8569568250501305,
        0.7288689868556626,
        0.9762812094883317,
        0.8100925873009825
    ],
    [
        1.2930100540985752,
        1.1931517552730295,
        0.9519716382329886,
        0.9682458365518543,
        0.9013878188659973,
        0.9437293044088437,
        0.9354143466934853,
        0.9700372272352347,
        0.960143218483576,
        0.8888194417315589,
        1.0825317547305484,
        0.9013878188659973,
        1.346291201783626,
        0.8569568250501305,
        1.118033988749895,
        0.9147320339189784,
        1.0307764064044151,
        0.9354143466934853,
        0.9519716382329886,
        0.9270248108869579,
        0.9762812094883317,
        1.0825317547305484,
        0.9013878188659973,
        0.0,
        0.9013878188659973,
        0.9290452088031024,
        1.1531960419248373,
        0.9437293044088437,
        1.0307764064044151,
        1.0825317547305484,
        1.1486707293408518,
        0.9519716382329886,
        1.125,
        0.961046882889233,
        1.015504800579495,
        1.0325938214031691,
        0.9354143466934853,
        0.8477912478906585,
        1.0825317547305484,
        1.0606601717798212,
        0.8508574106942557,
        1.0606601717798212,
        0.8838834764831844,
        1.0540925533894598,
        1.0425329730996522,
        1.1000315652036738,
        0.8100925873009825,
        0.9519716382329886,
        0.8926785535678563,
        1.118033988749895
    ],
    [
        1.192424001771182,
        1.37310475444034,
        0.7905694150420949,
        0.82915619758885,
        0.9100137361600648,
        0.9682458365518543,
        0.8838834764831844,
        0.7883703303510209,
        1.015504800579495,
        1.0350120772242226,
        0.82915619758885,
        0.81967981553775,
        1.3635890143294642,
        0.9842509842514764,
        1.2562344526401112,
        1.0255038582400877,
        1.1726039399558574,
        0.9682458365518543,
        0.9437293044088437,
        0.9682458365518543,
        0.9100137361600648,
        1.125,
        0.8477912478906585,
        0.9013878188659973,
        0.0,
        0.9034655499796326,
        0.8740073734751264,
        0.8838834764831844,
        0.8003905296791061,
        1.224744871391589,
        1.1141451630934116,
        0.7180703308172536,
        1.2686114456365274,
        0.9363418772601764,
        0.7905694150420949,
        1.0550473923004597,
        0.9270248108869579,
        0.81967981553775,
        1.0968705484240153,
        1.103970108290981,
        0.8549285220284663,
        1.1524430571616109,
        1.0231690964840563,
        1.1188101318414627,
        1.1219402836158439,
        1.0491398593345145,
        0.8477912478906585,
        0.9013878188659973,
        0.9270248108869579,
        1.0
    ],
    [
        1.2884098726725126,
        1.1710334941599427,
        0.9457140159688869,
        0.912071817347735,
        0.851836251870041,
        0.9620940702446928,
        1.001873245475694,
        0.8613619706281701,
        1.0325938214031691,
        0.8975661535508122,
        0.986154146165801,
        0.9034655499796326,
        1.0003124511871277,
        0.9781998773256926,
        1.25124937562422,
        0.9289765599731739,
        1.1269427669584644,
        0.8426149773176358,
        0.986154146165801,
        0.9290452088031024,
        1.0173494974687902,
        0.9733961166965892,
        1.0173494974687902,
        0.9290452088031024,
        0.9034655499796326,
        0.0,
        0.9865061806417862,
        0.868187767709267,
        0.8591420138719792,
        1.1675294428835619,
        0.8343327340522552,
        0.9374166629626337,
        1.1675294428835619,
        0.8646209831159803,
        1.0985786271359916,
        0.8477912478906585,
        0.9374166629626337,
        0.868187767709267,
        1.0325938214031691,
        1.062426468043789,
        0.8969082698049141,
        0.9020809276334357,
        0.9447221813845592,
        0.949707557327225,
        1.0274361294017258,
        0.8887413071929937,
        0.8860022573334675,
        1.0096410253154338,
        0.9290452088031024,
        0.9940447676035522
    ],
    [
        0.7083333333333334,
        1.4713702985841313,
        0.7783975705112252,
        0.6859199013814303,
        1.1755613316388236,
        1.2754356554178305,
        0.8111634305804911,
        0.49651563699220774,
        1.3831827227248195,
        1.1668452244311487,
        0.5743353646704259,
        0.9930312739844155,
        1.3076962355396013,
        1.2190615698606495,
        1.5723301886761007,
        1.2705928455403492,
        1.4535636285427007,
        0.9956502621123767,
        1.2296962136144753,
        1.0833333333333333,
        1.1614466553971963,
        1.2795127110653406,
        0.8848650242331376,
        1.1531960419248373,
        0.8740073734751264,
        0.9865061806417862,
        0.0,
        0.8207381501496754,
        0.7626252174051302,
        1.3469358229370512,
        1.0833333333333333,
        0.8302024518821365,
        1.5246812052943324,
        1.0736748938937604,
        0.5464532103585001,
        1.2886793412034059,
        1.1326897682556822,
        0.8670271686118671,
        1.2720281268728124,
        1.3076962355396013,
        0.9090593428863095,
        1.140327681950334,
        1.070436048222094,
        1.2527746981977423,
        1.2978614889287856,
        0.8848650242331376,
        1.0316182002616623,
        0.9691419458010839,
        1.2289901003127186,
        0.6972166887783964
    ],
    [
        1.1388041973930374,
        1.3176156917368247,
        0.9013878188659973,
        0.6614378277661477,
        1.0077822185373186,
        1.0383279828647594,
        0.7071067811865476,
        0.6588078458684123,
        1.118033988749895,
        0.972753822917186,
        0.6959705453537527,
        0.8477912478906585,
        1.357847561400027,
        1.0383279828647594,
        1.2562344526401112,
        0.9876469149303454,
        1.1110243021644486,
        0.8477912478906585,
        1.0,
        0.9185586535436918,
        0.960143218483576,
        1.1524430571616109,
        0.8100925873009825,
        0.9437293044088437,
        0.8838834764831844,
        0.868187767709267,
        0.8207381501496754,
        0.0,
        0.7806247497997998,
        1.0752906583803283,
        1.1211353372561426,
        0.9270248108869579,
        1.224744871391589,
        1.104756131963571,
        0.8003905296791061,
        1.1335784048754634,
        0.9013878188659973,
        0.75,
        0.9762812094883317,
        1.103970108290981,
        0.8789592962387079,
        1.1319231422671772,
        1.103970108290981,
        1.0086432030758503,
        1.114955156048888,
        1.003466214899358,
        0.9842509842514764,
        0.770551750371122,
        1.1110243021644486,
        0.75
    ],
    [
        0.9682458365518543,
        1.4258282193557228,
        0.649519052838329,
        0.6959705453537527,
        0.9519716382329886,
        1.0458250331675945,
        0.6123724356957945,
        0.6934715407122183,
        1.0968705484240153,
        1.0574142991278301,
        0.625,
        0.8926785535678563,
        1.3635890143294642,
        1.0680004681646913,
        1.4252192813739224,
        1.091917196157889,
        1.192424001771182,
        0.9682458365518543,
        1.0231690964840563,
        0.9100137361600648,
        1.0383279828647594,
        1.1319231422671772,
        0.7905694150420949,
        1.0307764064044151,
        0.8003905296791061,
        0.8591420138719792,
        0.7626252174051302,
        0.7806247497997998,
        0.0,
        1.0383279828647594,
        1.0341394704992382,
        0.673145600891813,
        1.2374368670764582,
        0.9691419458010839,
        0.739509972887452,
        1.1197097838279346,
        0.9100137361600648,
        0.8569568250501305,
        1.125,
        1.0752906583803283,
        0.8270597183866336,
        1.1388041973930374,
        0.9762812094883317,
        1.1055415967851334,
        1.1629703349613008,
        0.9877724659274749,
        0.8660254037844386,
        0.7806247497997998,
        1.0458250331675945,
        0.5994789404140899
    ],
    [
        1.5512092057488571,
        1.375631168268265,
        1.1524430571616109,
        1.1319231422671772,
        1.0231690964840563,
        1.0968705484240153,
        1.0606601717798212,
        1.2423376263229644,
        1.0752906583803283,
        1.1357816691600546,
        1.1726039399558574,
        1.0307764064044151,
        1.4252192813739224,
