[
    [
        0.0,
        1.306964490389208,
        0.6950535877153058,
        1.1747774430998947,
        1.1111677990074318,
        1.27049524330684,
        0.9462600928208408,
        0.7935887872603204,
        1.1791124299442268,
        1.2161540248853753,
        0.590366973386305,
        1.0178571428571428,
        0.9689042833036097,
        1.1458331787260254,
        1.5590011846940817,
        1.0629125849595094,
        1.0970158966719763,
        1.0057234171663374,
        1.0647110846974173,
        0.9821428571428571,
        1.1517203439059733,
        1.1803287764043384,
        0.8663526380314406,
        1.1855851909069879,
        1.2312079498902757,
        1.1045822924600621,
        0.9112782256452457,
        1.017978967925331,
        0.6993984295559336,
        0.6881374595713462,
        1.0400156984686455,
        0.8033729913715709,
        1.231107225224513,
        1.4188034105942346,
        0.5965461817317881,
        1.1127450429510999,
        0.7213932098830056,
        0.8225923433057872,
        1.2009509412400268,
        1.3466464393644908,
        0.8305438004916703,
        1.0891393344269218,
        0.9601432184835761,
        1.0101525445522108,
        1.212183053462653,
        0.8842441716528534,
        1.0481093279163707,
        0.9497918676408714,
        0.9866778416815217,
        0.8597430798007659
    ],
    [
        1.306964490389208,
        0.0,
        1.4831226442131404,
        1.087332362558324,
        1.0881304047667162,
        0.952883052169106,
        1.0833333333333333,
        0.961046882889233,
        0.8994597143717876,
        0.9448691855372244,
        1.1799835215421914,
        0.9930312739844155,
        0.961046882889233,
        1.1039386557030946,
        1.147158324828017,
        0.952883052169106,
        0.8819171036881969,
        0.8609990966571593,
        0.962759668421108,
        0.8700255424092125,
        1.0017346066809423,
        1.0086432030758503,
        0.8364524958285304,
        1.1531960419248373,
        1.0474837574980447,
        1.0624918300339485,
        0.9081039465709737,
        0.8477912478906585,
        1.104756131963571,
        0.9851325347947408,
        1.2815463749358083,
        1.0976616560266244,
        1.3385315336840842,
        1.4842927608797396,
        0.9982623792259117,
        1.1733439866940603,
        1.2381381631753021,
        0.9023503261544882,
        0.961046882889233,
        0.9930312739844155,
        0.8907315969346646,
        0.8819171036881969,
        0.9583333333333334,
        0.961046882889233,
        1.1288514320120056,
        0.927960727138337,
        0.9363418772601764,
        0.9956502621123767,
        1.0316182002616623,
        1.2997061633735185
    ],
    [
        0.6950535877153058,
        1.4831226442131404,
        0.0,
        1.192424001771182,
        1.0825317547305484,
        1.299038105676658,
        1.103970108290981,
        1.118033988749895,
        1.1858541225631423,
        1.2609520212918492,
        1.243734296383275,
        1.1726039399558574,
        1.1989578808281798,
        1.0505950694725348,
        1.3919410907075054,
        1.2562344526401112,
        1.2930100540985752,
        1.159202311936963,
        1.1191742582851711,
        1.0897247358851685,
        1.1577036657874837,
        1.2930100540985752,
        1.1799835215421914,
        1.25,
        1.1799835215421914,
        1.0880027573494473,
        1.206176235510844,
        1.2733922324946771,
        0.9013878188659973,
        1.1524430571616109,
        1.0383279828647594,
        1.0077822185373186,
        1.1319231422671772,
        1.2486103386476415,
        0.9100137361600648,
        1.1792476415070754,
        0.9682458365518543,
        1.2119199643540823,
        1.334634781503914,
        1.479019945774904,
        1.0466547239233726,
        1.2624381172952597,
        1.0606601717798212,
        1.2374368670764582,
        1.224744871391589,
        1.2054563451241194,
        1.192424001771182,
        1.0680004681646913,
        1.159202311936963,
        0.9519716382329886
    ],
    [
        1.1747774430998947,
        1.087332362558324,
        1.192424001771182,
        0.0,
        0.8838834764831844,
        1.0307764064044151,
        0.9100137361600648,
        0.9682458365518543,
        0.9013878188659973,
        0.8692669325356855,
        1.2686114456365274,
        0.8385254915624212,
        0.960143218483576,
        0.9797958971132712,
        1.159202311936963,
        0.9185586535436918,
        0.875,
        1.0307764064044151,
        0.9521391061977343,
        0.8003905296791061,
        0.8819171036881969,
        0.8569568250501305,
        1.015504800579495,
        0.8003905296791061,
        0.9363418772601764,
        0.8721381771256205,
        0.9780578828587919,
        1.0358169078880044,
        0.9185586535436918,
        1.015504800579495,
        0.875,
        0.9185586535436918,
        0.9437293044088437,
        1.1777745020918808,
        1.0307764064044151,
        0.9682458365518543,
        0.9354143466934853,
        1.0077822185373186,
        1.0077822185373186,
        0.9437293044088437,
        0.9119195261766371,
        1.0,
        0.8477912478906585,
        0.9519716382329886,
        0.9100137361600648,
        0.9921567416492215,
        0.960143218483576,
        1.0077822185373186,
        0.9013878188659973,
        1.0458250331675945
    ],
    [
        1.1111677990074318,
        1.0881304047667162,
        1.0825317547305484,
        0.8838834764831844,
        0.0,
        1.0680004681646913,
        0.875,
        1.015504800579495,
        1.0383279828647594,
        0.954921462739214,
        1.346291201783626,
        0.8660254037844386,
        1.0383279828647594,
        1.0491067629178643,
        1.1989578808281798,
        0.9921567416492215,
        1.0307764064044151,
        1.0231690964840563,
        0.9844129608812657,
        0.875,
        1.0366546087187274,
        0.8838834764831844,
        1.016359243137539,
        0.8100925873009825,
        1.0391636594449938,
        0.9300537618869137,
        1.0008676791220261,
        1.0881304047667162,
        0.8660254037844386,
        1.0825317547305484,
        0.8926785535678563,
        0.8838834764831844,
        0.9185586535436918,
        1.0663736576724772,
        1.0,
        0.9013878188659973,
        0.960143218483576,
        1.0,
        0.9682458365518543,
        0.9270248108869579,
        0.9771699499632145,
        1.0458250331675945,
        0.875,
        0.9842509842514764,
        0.8838834764831844,
        1.0458250331675945,
        0.960143218483576,
        0.960143218483576,
        0.8477912478906585,
        0.9519716382329886
    ],
    [
        1.27049524330684,
        0.952883052169106,
        1.299038105676658,
        1.0307764064044151,
        1.0680004681646913,
        0.0,
        1.1110243021644486,
        0.9270248108869579,
        1.1110243021644486,
        1.037725879025863,
        1.2374368670764582,
        0.9921567416492215,
        0.9921567416492215,
        1.2313610356024751,
        1.3169567191065923,
        0.9270248108869579,
        0.9100137361600648,
        1.0077822185373186,
        0.9544805724923405,
        0.9842509842514764,
        1.0905210273585335,
        0.9762812094883317,
        0.8730136183232068,
        1.118033988749895,
        0.9982623792259117,
        0.9886859966642595,
        0.950146187582615,
        0.9851325347947408,
        1.0077822185373186,
        1.0231690964840563,
        1.125,
        1.0532687216470449,
        1.159202311936963,
        1.505775916632721,
        1.0680004681646913,
        0.9013878188659973,
        1.0897247358851685,
        0.9437293044088437,
        1.0,
        0.9354143466934853,
        0.9418878796214429,
        1.1110243021644486,
        0.9354143466934853,
        1.0231690964840563,
        1.1110243021644486,
        0.9682458365518543,
        0.8926785535678563,
        0.9762812094883317,
        0.9354143466934853,
        1.0458250331675945
    ],
    [
        0.9462600928208408,
        1.0833333333333333,
        1.103970108290981,
        0.9100137361600648,
        0.875,
        1.1110243021644486,
        0.0,
        0.8569568250501305,
        1.0752906583803283,
        0.9483538369195329,
        0.9354143466934853,
        0.739509972887452,
        0.75,
        1.118313462317252,
        1.3693063937629153,
        0.770551750371122,
        0.960143218483576,
        0.9354143466934853,
        0.9379675704763497,
        0.8838834764831844,
        1.0540925533894598,
        0.9682458365518543,
        0.8549285220284663,
        1.0,
        1.0663736576724772,
        0.9565563234854496,
        0.798218502527834,
        0.8936504412303007,
        0.6846531968814576,
        0.8003905296791061,
        0.8838834764831844,
        0.7180703308172536,
        1.0606601717798212,
        1.2190615698606495,
        0.7603453162872774,
        0.960143218483576,
        0.9013878188659973,
        0.8385254915624212,
        0.9762812094883317,
        1.0383279828647594,
        0.8175590362645243,
        0.960143218483576,
        0.6959705453537527,
        0.9100137361600648,
        1.0458250331675945,
        0.739509972887452,
        0.8385254915624212,
        0.739509972887452,
        0.81967981553775,
        0.75
    ],
    [
        0.7935887872603204,
        0.961046882889233,
        1.118033988749895,
        0.9682458365518543,
        1.015504800579495,
        0.9270248108869579,
        0.8569568250501305,
        0.0,
        0.9762812094883317,
        0.9062284480195929,
        0.6959705453537527,
        0.7180703308172536,
        0.6373774391990981,
        1.12527774349269,
        1.3228756555322954,
        0.6614378277661477,
        0.770551750371122,
        0.8100925873009825,
        0.7935887872603204,
        0.8385254915624212,
        0.9930312739844155,
        0.9270248108869579,
        0.5697830971323893,
        1.0458250331675945,
        1.107894650025694,
        0.9447221813845592,
        0.5697830971323893,
        0.7083333333333334,
        0.649519052838329,
        0.5,
        1.0077822185373186,
        0.7180703308172536,
        1.1524430571616109,
        1.4848774734337884,
        0.649519052838329,
        0.9437293044088437,
        0.8660254037844386,
        0.5863019699779287,
        0.8660254037844386,
        1.015504800579495,
        0.5833333333333334,
        0.9354143466934853,
        0.6959705453537527,
        0.7806247497997998,
        1.0231690964840563,
        0.5590169943749475,
        0.7071067811865476,
        0.770551750371122,
        0.75,
        0.8838834764831844
    ],
    [
        1.1791124299442268,
        0.8994597143717876,
        1.1858541225631423,
        0.9013878188659973,
        1.0383279828647594,
        1.1110243021644486,
        1.0752906583803283,
        0.9762812094883317,
        0.0,
        0.8728545125048046,
        1.243734296383275,
        1.0,
        0.9921567416492215,
        0.9653367288153911,
        1.0825317547305484,
        0.9762812094883317,
        0.9185586535436918,
        0.8660254037844386,
        0.9533105582170813,
        0.8660254037844386,
        0.9081039465709737,
        0.9762812094883317,
        0.9195031871130797,
        1.1110243021644486,
        1.059841445164742,
        0.88175960442742,
        0.8395600699837452,
        0.8549285220284663,
        0.9842509842514764,
        1.0383279828647594,
        1.103970108290981,
        1.0,
        1.1319231422671772,
        1.2548516955312996,
        1.015504800579495,
        1.0897247358851685,
        1.14564392373896,
        1.0752906583803283,
        1.0383279828647594,
        1.1319231422671772,
        0.9109671295448103,
        0.8569568250501305,
        0.9013878188659973,
        0.8660254037844386,
        1.0825317547305484,
        1.015504800579495,
        1.0,
        1.0,
        0.9762812094883317,
        1.2054563451241194
    ],
    [
        1.2161540248853753,
        0.9448691855372244,
        1.2609520212918492,
        0.8692669325356855,
        0.954921462739214,
        1.037725879025863,
        0.9483538369195329,
        0.9062284480195929,
        0.8728545125048046,
        0.0,
        1.2283118496538248,
        0.9006941767325911,
        0.8888194417315589,
        1.0136567466356647,
        1.0591860082157432,
        0.852936105461599,
        0.938416218956173,
        0.919918474648705,
        0.9287843162556358,
        0.8616843969807043,
        0.950803753556841,
        0.9148087231765993,
        0.9472914604867454,
        1.0425329730996522,
        1.0018039284765812,
        0.8954747344286158,
        0.9191632668417027,
        0.9932410471671909,
        0.8888194417315589,
        0.9400797838481583,
        1.0720890821195783,
        0.8250000000000001,
        1.0720890821195783,
        1.3061021314498258,
        0.9300537618869137,
        0.9555757426808196,
        1.0043654713300334,
        0.9646890690787369,
        0.9400797838481583,
        0.9965565713997374,
        0.9106240229156658,
        0.8580501150865257,
        0.7842193570679061,
        0.9676001240181814,
        0.9899494936611666,
        0.8250000000000001,
        0.9062284480195929,
        0.8306623862918076,
        0.8975661535508122,
        1.05
    ],
    [
        0.590366973386305,
        1.1799835215421914,
        1.243734296383275,
        1.2686114456365274,
        1.346291201783626,
        1.2374368670764582,
        0.9354143466934853,
        0.6959705453537527,
        1.243734296383275,
        1.2283118496538248,
        0.0,
        0.9437293044088437,
        0.75,
        1.3808964479641477,
        1.6153559979150107,
        0.8926785535678563,
        1.0532687216470449,
        0.9100137361600648,
        1.251911803309365,
        1.015504800579495,
        1.3116730198914328,
        1.2808688457449497,
        0.6934715407122183,
        1.3693063937629153,
        1.4337208778404378,
        1.2876820259675912,
        0.6821127309893709,
        0.7406828681096325,
        0.82915619758885,
        0.5303300858899106,
        1.479019945774904,
        0.8926785535678563,
        1.6630168369562588,
        2.0581815058714112,
        0.6123724356957945,
        1.340475661845451,
        0.9437293044088437,
        0.6846531968814576,
        1.118033988749895,
        1.3110110602126894,
        0.8819171036881969,
        1.0752906583803283,
        0.81967981553775,
        0.9921567416492215,
        1.4415703243338496,
        0.649519052838329,
        0.9682458365518543,
        0.81967981553775,
        1.0231690964840563,
        1.1726039399558574
    ],
    [
        1.0178571428571428,
        0.9930312739844155,
        1.1726039399558574,
        0.8385254915624212,
        0.8660254037844386,
        0.9921567416492215,
        0.739509972887452,
        0.7180703308172536,
        1.0,
        0.9006941767325911,
        0.9437293044088437,
        0.0,
        0.7071067811865476,
        1.0080922576827975,
        1.2686114456365274,
        0.75,
        0.770551750371122,
        0.75,
        0.9213316671081737,
        0.75,
        0.9930312739844155,
        0.8477912478906585,
        0.7371585838730889,
        0.9437293044088437,
        1.0663736576724772,
        0.8975661535508122,
        0.7046472718869902,
        0.8111634305804911,
        0.7603453162872774,
        0.6959705453537527,
        1.0458250331675945,
        0.81967981553775,
        1.0307764064044151,
        1.3294213444619847,
        0.7180703308172536,
        0.8660254037844386,
        0.7905694150420949,
        0.7288689868556626,
        0.8477912478906585,
        0.9100137361600648,
        0.7488416981504762,
        0.9013878188659973,
        0.7288689868556626,
        0.7603453162872774,
        0.9354143466934853,
        0.7603453162872774,
        0.875,
        0.7905694150420949,
        0.7288689868556626,
        0.8660254037844386
    ],
    [
        0.9689042833036097,
        0.961046882889233,
        1.1989578808281798,
        0.960143218483576,
        1.0383279828647594,
        0.9921567416492215,
        0.75,
        0.6373774391990981,
        0.9921567416492215,
        0.8888194417315589,
        0.75,
        0.7071067811865476,
        0.0,
        1.0971554128745844,
        1.3287682265918312,
        0.5448623679425842,
        0.75,
        0.6846531968814576,
        0.90403714706051,
        0.8003905296791061,
        0.9691419458010839,
        0.875,
        0.5965758776365148,
        1.015504800579495,
        1.0793194872490515,
        0.8760707733967616,
        0.551198189805123,
        0.6508541396588879,
        0.7180703308172536,
        0.5590169943749475,
        0.9682458365518543,
        0.8100925873009825,
        1.125,
        1.5109553637057287,
        0.5994789404140899,
        0.960143218483576,
        0.7905694150420949,
        0.5448623679425842,
        0.7806247497997998,
        0.9921567416492215,
        0.6821127309893709,
        0.875,
        0.7288689868556626,
        0.7180703308172536,
        1.0532687216470449,
        0.5590169943749475,
        0.7806247497997998,
        0.7288689868556626,
        0.75,
        0.9842509842514764
    ],
    [
        1.1458331787260254,
        1.1039386557030946,
        1.0505950694725348,
        0.9797958971132712,
        1.0491067629178643,
        1.2313610356024751,
        1.118313462317252,
        1.12527774349269,
        0.9653367288153911,
        1.0136567466356647,
        1.3808964479641477,
        1.0080922576827975,
        1.0971554128745844,
        0.0,
        1.1014195385955345,
        1.1527141883398504,
        1.0638961415476607,
        0.9908960591303206,
        1.099536080279649,
        0.8735702604828074,
        0.8057518917825208,
        1.16619037896906,
        1.0467874134173036,
        1.0609547586961472,
        1.0681305059672146,
        0.9330728803260763,
        1.056691640083436,
        1.0154706079230238,
        1.0828203913853858,
        1.186117616427646,
        1.1459166636365838,
        1.0755812382149477,
        1.1527141883398504,
        1.1828931106026068,
        1.0111874208078342,
        1.031079531365064,
        1.0682930309610748,
        1.1795126112085448,
        1.2626856299174392,
        1.2249999999999999,
        0.9719682207882222,
        0.9653367288153911,
        1.1070794912742263,
        1.118313462317252,
        1.1042531412678886,
        1.12527774349269,
        1.2376893794486563,
        0.9588404455382553,
        1.0682930309610748,
        1.1926860441876563
    ],
    [
        1.5590011846940817,
        1.147158324828017,
        1.3919410907075054,
        1.159202311936963,
        1.1989578808281798,
        1.3169567191065923,
        1.3693063937629153,
        1.3228756555322954,
        1.0825317547305484,
        1.0591860082157432,
        1.6153559979150107,
        1.2686114456365274,
        1.3287682265918312,
        1.1014195385955345,
        0.0,
        1.299038105676658,
        1.159202311936963,
        1.1524430571616109,
        1.2246146832571374,
        1.118033988749895,
        1.0881304047667162,
        1.286953767623375,
        1.2233265213252664,
        1.231107225224513,
        1.2126360175712707,
        1.1467344941179716,
        1.2624381172952597,
        1.2147816447594375,
        1.3806701271484076,
        1.4142135623730951,
        1.224744871391589,
        1.2930100540985752,
        1.2624381172952597,
        1.3648616128466,
        1.352081728298996,
        1.2562344526401112,
        1.489546910976623,
        1.3806701271484076,
        1.2686114456365274,
        1.2930100540985752,
        1.1865859054915118,
        1.103970108290981,
        1.1792476415070754,
        1.1792476415070754,
        1.118033988749895,
        1.3110110602126894,
        1.3919410907075054,
        1.243734296383275,
        1.2562344526401112,
        1.571225636247067
    ],
    [
        1.0629125849595094,
        0.952883052169106,
        1.2562344526401112,
        0.9185586535436918,
        0.9921567416492215,
        0.9270248108869579,
        0.770551750371122,
        0.6614378277661477,
        0.9762812094883317,
        0.852936105461599,
        0.8926785535678563,
        0.75,
        0.5448623679425842,
        1.1527141883398504,
        1.299038105676658,
        0.0,
        0.739509972887452,
        0.82915619758885,
        0.8413727849564104,
        0.8477912478906585,
        0.9195031871130797,
        0.8477912478906585,
        0.7371585838730889,
        0.9762812094883317,
        1.044163673845139,
        0.9072623655812028,
        0.7156485015549029,
        0.7817359599705717,
        0.7180703308172536,
        0.7071067811865476,
        0.9013878188659973,
        0.770551750371122,
        1.0968705484240153,
        1.463680672520858,
        0.7603453162872774,
        0.960143218483576,
        0.9100137361600648,
        0.7071067811865476,
        0.8100925873009825,
        0.960143218483576,
        0.7580585582775105,
        0.9354143466934853,
        0.6959705453537527,
        0.770551750371122,
        1.0752906583803283,
        0.649519052838329,
        0.739509972887452,
        0.6846531968814576,
        0.8100925873009825,
        0.9437293044088437
    ],
    [
        1.0970158966719763,
        0.8819171036881969,
        1.2930100540985752,
        0.875,
        1.0307764064044151,
        0.9100137361600648,
        0.960143218483576,
        0.770551750371122,
        0.9185586535436918,
        0.938416218956173,
        1.0532687216470449,
        0.770551750371122,
        0.75,
        1.0638961415476607,
        1.159202311936963,
        0.739509972887452,
        0.0,
        0.770551750371122,
        0.829348465695223,
        0.7905694150420949,
        0.8994597143717876,
        0.8838834764831844,
        0.8302024518821365,
        0.9437293044088437,
        0.9930312739844155,
        0.9086390922693124,
        0.7511565157216644,
        0.8457409637576849,
        0.875,
        0.8385254915624212,
        0.9682458365518543,
        0.9100137361600648,
        1.0825317547305484,
        1.3680379299485002,
        0.8838834764831844,
        1.0077822185373186,
        0.9519716382329886,
        0.7806247497997998,
        0.8100925873009825,
        0.8838834764831844,
        0.8207381501496754,
        0.8569568250501305,
        0.8385254915624212,
        0.7288689868556626,
        1.0077822185373186,
        0.7905694150420949,
        0.82915619758885,
        0.8926785535678563,
        0.81967981553775,
        1.1110243021644486
    ],
    [
        1.0057234171663374,
        0.8609990966571593,
        1.159202311936963,
        1.0307764064044151,
        1.0231690964840563,
        1.0077822185373186,
        0.9354143466934853,
        0.8100925873009825,
        0.8660254037844386,
        0.919918474648705,
        0.9100137361600648,
        0.75,
        0.6846531968814576,
        0.9908960591303206,
        1.1524430571616109,
        0.82915619758885,
        0.770551750371122,
        0.0,
        0.872627980205044,
        0.8100925873009825,
        0.9223309842157773,
        1.0532687216470449,
        0.689706056551952,
        1.1319231422671772,
        1.1349865393230196,
        0.9695359714832659,
        0.689706056551952,
        0.6666666666666667,
        0.8569568250501305,
        0.7071067811865476,
        1.1524430571616109,
        0.9100137361600648,
        1.165922381636102,
        1.454757520841341,
        0.7071067811865476,
        1.0458250331675945,
        0.9185586535436918,
        0.6959705453537527,
        0.770551750371122,
        0.9842509842514764,
        0.733617369235792,
        0.75,
        0.8003905296791061,
        0.7905694150420949,
        1.0307764064044151,
        0.7288689868556626,
        0.8926785535678563,
        0.673145600891813,
        0.82915619758885,
        1.0968705484240153
    ],
    [
        1.0647110846974173,
        0.962759668421108,
        1.1191742582851711,
        0.9521391061977343,
        0.9844129608812657,
        0.9544805724923405,
        0.9379675704763497,
        0.7935887872603204,
        0.9533105582170813,
        0.9287843162556358,
        1.251911803309365,
        0.9213316671081737,
        0.90403714706051,
        1.099536080279649,
        1.2246146832571374,
        0.8413727849564104,
        0.829348465695223,
        0.872627980205044,
        0.0,
        0.8547212816981656,
        0.8954921435380223,
        0.8413727849564104,
        0.8202199528023302,
        0.9462600928208408,
        1.0592729772645066,
        0.847136533341851,
        0.8603198398022504,
        0.9297344670056725,
        0.773649250801231,
        0.8865851133790292,
        0.9626308551388253,
        0.9211585983234951,
        1.0255038582400877,
        1.3070864763623493,
        0.8994400185330734,
        0.9787278290031944,
        0.9211585983234951,
        0.8225923433057872,
        0.8506075259867538,
        1.0178571428571428,
        0.8039901907096688,
        0.9533105582170813,
        0.7808289681812659,
        0.8132355383382643,
        0.9866778416815217,
        0.9379675704763497,
        0.7836824377675604,
        1.0057234171663374,
        0.9042134929408688,
        1.0481093279163707
    ],
    [
        0.9821428571428571,
        0.8700255424092125,
        1.0897247358851685,
        0.8003905296791061,
        0.875,
        0.9842509842514764,
        0.8838834764831844,
        0.8385254915624212,
        0.8660254037844386,
        0.8616843969807043,
        1.015504800579495,
        0.75,
        0.8003905296791061,
        0.8735702604828074,
        1.118033988749895,
        0.8477912478906585,
        0.7905694150420949,
        0.8100925873009825,
        0.8547212816981656,
        0.0,
        0.8239049972202162,
        0.8569568250501305,
        0.7949493345141213,
        0.82915619758885,
        1.034139470499238,
        0.8019507466172721,
        0.7557648811340439,
        0.7949493345141213,
        0.8003905296791061,
        0.8569568250501305,
        1.0077822185373186,
        0.8838834764831844,
        1.0,
        1.2211959074794037,
        0.8100925873009825,
        0.82915619758885,
        0.8385254915624212,
        0.7806247497997998,
        0.9100137361600648,
        0.8838834764831844,
        0.7132184486926537,
        0.875,
        0.81967981553775,
        0.7905694150420949,
        0.9437293044088437,
        0.875,
        0.9100137361600648,
        0.81967981553775,
        0.82915619758885,
        0.9354143466934853
    ],
    [
        1.1517203439059733,
        1.0017346066809423,
        1.1577036657874837,
        0.8819171036881969,
        1.0366546087187274,
        1.0905210273585335,
        1.0540925533894598,
        0.9930312739844155,
        0.9081039465709737,
        0.950803753556841,
        1.3116730198914328,
        0.9930312739844155,
        0.9691419458010839,
        0.8057518917825208,
        1.0881304047667162,
        0.9195031871130797,
        0.8994597143717876,
        0.9223309842157773,
        0.8954921435380223,
        0.8239049972202162,
        0.0,
        0.952883052169106,
        0.9762812094883317,
        0.9363418772601764,
        0.8730136183232068,
        0.850530879967199,
        0.9565200236040831,
        0.9474014167418394,
        0.9851325347947408,
        1.1531960419248373,
        0.9363418772601764,
        0.9771699499632145,
        1.0086432030758503,
        1.140327681950334,
        1.0290907529357056,
        0.9109671295448103,
        1.0466547239233726,
        1.0905210273585335,
        1.1931517552730295,
        1.1326897682556822,
        0.9147707666708396,
        0.982485510212633,
        0.9982623792259117,
        1.0540925533894598,
        0.9930312739844155,
        0.9930312739844155,
        1.0466547239233726,
        1.011221758292633,
        0.9109671295448103,
        1.1326897682556822
    ],
    [
        1.1803287764043384,
        1.0086432030758503,
        1.2930100540985752,
        0.8569568250501305,
        0.8838834764831844,
        0.9762812094883317,
        0.9682458365518543,
        0.9270248108869579,
        0.9762812094883317,
        0.9148087231765993,
        1.2808688457449497,
        0.8477912478906585,
        0.875,
        1.16619037896906,
        1.286953767623375,
        0.8477912478906585,
        0.8838834764831844,
        1.0532687216470449,
        0.8413727849564104,
        0.8569568250501305,
        0.952883052169106,
        0.0,
        0.982485510212633,
        0.9842509842514764,
        0.9727181274940627,
        0.9280355596635294,
        0.9354143466934853,
        1.0466547239233726,
        0.8569568250501305,
        0.9842509842514764,
        0.9519716382329886,
        0.8838834764831844,
        0.9270248108869579,
        1.2254534308210618,
        1.0897247358851685,
        0.9100137361600648,
        1.0307764064044151,
        1.0383279828647594,
        0.9270248108869579,
        0.9100137361600648,
        0.9166666666666666,
        1.1110243021644486,
        0.8838834764831844,
        0.9354143466934853,
        0.8926785535678563,
        1.015504800579495,
        0.8838834764831844,
        1.0897247358851685,
        0.9270248108869579,
        1.0532687216470449
    ],
    [
        0.8663526380314406,
        0.8364524958285304,
        1.1799835215421914,
        1.015504800579495,
        1.016359243137539,
        0.8730136183232068,
        0.8549285220284663,
        0.5697830971323893,
        0.9195031871130797,
        0.9472914604867454,
        0.6934715407122183,
        0.7371585838730889,
        0.5965758776365148,
        1.0467874134173036,
        1.2233265213252664,
        0.7371585838730889,
        0.8302024518821365,
        0.689706056551952,
        0.8202199528023302,
        0.7949493345141213,
        0.9762812094883317,
        0.982485510212633,
        0.0,
        1.102396379610246,
        1.0960788698304922,
        0.9341514271727517,
        0.46955948623269356,
        0.49651563699220774,
        0.7883703303510209,
        0.5559026693385972,
        1.0825317547305482,
        0.8270597183866336,
        1.299038105676658,
        1.504045470648337,
        0.6387379048648288,
        1.0841343192714739,
        0.950146187582615,
        0.5270462766947299,
        0.8640183897219884,
        1.0736748938937604,
        0.5743353646704259,
        0.7511565157216644,
        0.6508541396588878,
        0.798218502527834,
        1.0663736576724772,
        0.5270462766947299,
        0.7476816018719317,
        0.6782841915041544,
        0.8175590362645243,
        1.0290907529357056
    ],
    [
        1.1855851909069879,
        1.1531960419248373,
        1.25,
        0.8003905296791061,
        0.8100925873009825,
        1.118033988749895,
        1.0,
        1.0458250331675945,
        1.1110243021644486,
        1.0425329730996522,
        1.3693063937629153,
        0.9437293044088437,
        1.015504800579495,
        1.0609547586961472,
        1.231107225224513,
        0.9762812094883317,
        0.9437293044088437,
        1.1319231422671772,
        0.9462600928208408,
        0.82915619758885,
        0.9363418772601764,
        0.9842509842514764,
        1.102396379610246,
        0.0,
        0.9664511253952668,
        0.8757139944068497,
        1.0736748938937604,
        1.1388041973930372,
        0.9354143466934853,
        1.1726039399558574,
        0.8660254037844386,
        1.0,
        1.015504800579495,
        1.1395661942647786,
        1.118033988749895,
        0.8926785535678563,
        0.9185586535436918,
        1.0680004681646913,
        0.9842509842514764,
        1.0606601717798212,
        1.006058038970803,
        1.14564392373896,
        0.9842509842514764,
        0.9270248108869579,
        0.8569568250501305,
        1.0897247358851685,
        1.015504800579495,
        1.1110243021644486,
        0.9100137361600648,
        1.0532687216470449
    ],
    [
        1.2312079498902757,
        1.0474837574980447,
        1.1799835215421914,
        0.9363418772601764,
        1.0391636594449938,
        0.9982623792259117,
        1.0663736576724772,
        1.107894650025694,
        1.059841445164742,
        1.0018039284765812,
        1.4337208778404378,
        1.0663736576724772,
        1.0793194872490515,
        1.0681305059672146,
        1.2126360175712707,
        1.044163673845139,
        0.9930312739844155,
        1.1349865393230196,
        1.0592729772645066,
        1.034139470499238,
        0.8730136183232068,
        0.9727181274940627,
        1.0960788698304922,
        0.9664511253952668,
        0.0,
        0.9787676491952066,
        1.118033988749895,
        1.2254534308210618,
        1.0809268142560706,
        1.2104865871944959,
        1.0736748938937604,
        1.0197698542100346,
        1.0137937550497031,
        1.2119199643540823,
        1.1733439866940603,
        1.0290907529357056,
        1.1133657679906155,
        1.1547005383792515,
        1.1711224435462664,
        1.114924013354971,
        1.1326897682556822,
        1.125771340508858,
        1.0316182002616623,
        1.116480083914522,
        1.0516191220103301,
        1.1441275181454984,
        0.982485510212633,
        1.2018504251546631,
        0.9982623792259117,
        1.093700395700557
    ],
    [
        1.1045822924600621,
        1.0624918300339485,
        1.0880027573494473,
        0.8721381771256205,
        0.9300537618869137,
        0.9886859966642595,
        0.9565563234854496,
        0.9447221813845592,
        0.88175960442742,
        0.8954747344286158,
        1.2876820259675912,
        0.8975661535508122,
        0.8760707733967616,
        0.9330728803260763,
        1.1467344941179716,
        0.9072623655812028,
        0.9086390922693124,
        0.9695359714832659,
        0.847136533341851,
        0.8019507466172721,
        0.850530879967199,
        0.9280355596635294,
        0.9341514271727517,
        0.8757139944068497,
        0.9787676491952066,
        0.0,
        0.8923284148787374,
        0.9457874438206975,
        0.8874119674649424,
        1.0574142991278301,
        0.8634958019585272,
        0.9624188277460078,
        0.9965565713997374,
        1.2199442154823674,
        0.9467048114380744,
        0.8710625695092173,
        0.9500000000000001,
        1.031079531365064,
        1.0121141239998581,
        1.0467210707729162,
        0.8565920849505907,
        0.9165151389911681,
        0.9130991183874837,
        0.8250000000000001,
        0.9233092656309694,
        0.9886859966642595,
        0.9646890690787369,
        1.0243900624273938,
        0.8838834764831844,
        0.986470982847443
    ],
    [
        0.9112782256452457,
        0.9081039465709737,
        1.206176235510844,
        0.9780578828587919,
        1.0008676791220261,
        0.950146187582615,
        0.798218502527834,
        0.5697830971323893,
        0.8395600699837452,
        0.9191632668417027,
        0.6821127309893709,
        0.7046472718869902,
        0.551198189805123,
        1.056691640083436,
        1.2624381172952597,
        0.7156485015549029,
        0.7511565157216644,
        0.689706056551952,
        0.8603198398022504,
        0.7557648811340439,
        0.9565200236040831,
        0.9354143466934853,
        0.46955948623269356,
        1.0736748938937604,
        1.118033988749895,
        0.8923284148787374,
        0.0,
        0.5270462766947299,
        0.7371585838730889,
        0.5120085719768545,
        1.0663736576724772,
        0.7783975705112252,
        1.2190615698606495,
        1.5405401289446794,
        0.5400617248673217,
        0.9982623792259117,
        0.8549285220284663,
        0.6095307849303248,
        0.8819171036881969,
        1.0736748938937604,
        0.5863019699779287,
        0.7095577652469334,
        0.6627489050244527,
        0.7694243880258078,
        1.0017346066809423,
        0.5187458165828638,
        0.8270597183866336,
        0.6666666666666667,
        0.8302024518821366,
        0.982485510212633
    ],
    [
        1.017978967925331,
        0.8477912478906585,
        1.2733922324946771,
        1.0358169078880044,
        1.0881304047667162,
        0.9851325347947408,
        0.8936504412303007,
        0.7083333333333334,
        0.8549285220284663,
        0.9932410471671909,
        0.7406828681096325,
        0.8111634305804911,
        0.6508541396588879,
        1.0154706079230238,
        1.2147816447594375,
        0.7817359599705717,
        0.8457409637576849,
        0.6666666666666667,
        0.9297344670056725,
        0.7949493345141213,
        0.9474014167418394,
        1.0466547239233726,
        0.49651563699220774,
        1.1388041973930372,
        1.2254534308210618,
        0.9457874438206975,
        0.5270462766947299,
        0.0,
        0.8488145328109735,
        0.6387379048648288,
        1.1464013743498005,
        0.8848650242331376,
        1.3030413142593242,
        1.5467259327725487,
        0.649519052838329,
        1.104756131963571,
        1.0086432030758503,
        0.6387379048648288,
        0.8579691784155834,
        1.1118053386771944,
        0.6588078458684123,
        0.7264831572567789,
        0.7476816018719317,
        0.8014743359029727,
        1.1078946500256943,
        0.7021791477646966,
        0.9023503261544882,
        0.6548430685625714,
        0.9109671295448103,
        1.0391636594449938
    ],
    [
        0.6993984295559336,
        1.104756131963571,
        0.9013878188659973,
        0.9185586535436918,
        0.8660254037844386,
        1.0077822185373186,
        0.6846531968814576,
        0.649519052838329,
        0.9842509842514764,
        0.8888194417315589,
        0.82915619758885,
        0.7603453162872774,
        0.7180703308172536,
        1.0828203913853858,
        1.3806701271484076,
        0.7180703308172536,
        0.875,
        0.8569568250501305,
        0.773649250801231,
        0.8003905296791061,
        0.9851325347947408,
        0.8569568250501305,
        0.7883703303510209,
        0.9354143466934853,
        1.0809268142560706,
        0.8874119674649424,
        0.7371585838730889,
        0.8488145328109735,
        0.0,
        0.649519052838329,
        0.8477912478906585,
        0.6846531968814576,
        0.960143218483576,
        1.2254534308210618,
        0.6959705453537527,
        0.7905694150420949,
        0.673145600891813,
        0.7071067811865476,
        0.9354143466934853,
        1.0532687216470449,
        0.6821127309893709,
        1.0077822185373186,
        0.6123724356957945,
        0.8100925873009825,
        0.9100137361600648,
        0.7180703308172536,
        0.7905694150420949,
        0.770551750371122,
        0.8100925873009825,
        0.770551750371122
    ],
    [
        0.6881374595713462,
        0.9851325347947408,
        1.1524430571616109,
        1.015504800579495,
        1.0825317547305484,
        1.0231690964840563,
        0.8003905296791061,
        0.5,
        1.0383279828647594,
        0.9400797838481583,
        0.5303300858899106,
        0.6959705453537527,
        0.5590169943749475,
        1.186117616427646,
        1.4142135623730951,
        0.7071067811865476,
        0.8385254915624212,
