[
    [
        0.0,
        0.6029306681742106,
        0.26005182776708186,
        0.28512949360772905,
        0.1288470508005519,
        0.18355218944485516,
        0.17399263633843817,
        0.1795175827043134,
        0.2275034340400162,
        0.33071891388307384,
        0.120017902310447,
        0.12401959270615269,
        0.20787710461953235,
        0.271083618326523,
        0.15857643070456592,
        0.12303137303143455,
        0.14657549249448218,
        0.2430679560328757,
        0.17608480733726006,
        0.21763106683100186,
        0.2049199538844375,
        0.12303137303143451,
        0.29563887388163285,
        0.25194555463432966,
        0.30737993082665627,
        0.14657549249448218,
        0.1514899955442603,
        0.18814991529362962,
        0.19452968121857395,
        0.47547262670946683,
        0.24206145913796356,
        0.42216425269082175,
        0.7385188936310296,
        0.16461958988832404,
        0.2960514893983815,
        0.19640320453088336,
        0.13258252147247765,
        0.14905300022139775,
        0.17469281074217108,
        0.22426093897511443,
        0.16237976320958225,
        0.15780476466190746,
        0.21194781197266463,
        0.2764344689524083,
        0.16237976320958225,
        0.16010860571811872,
        0.14905300022139775,
        0.19702375332685143,
        0.3065846385991966
    ],
    [
        0.6029306681742106,
        0.0,
        0.2679129406169101,
        0.28384222069663984,
        0.4435959239555747,
        0.30055287596361474,
        0.433294519495689,
        0.275106513463422,
        0.3336586953759785,
        0.7020825605831553,
        0.46666201634587745,
        0.5510997527671374,
        0.3401803290168319,
        0.44055850562099014,
        0.4310348195041788,
        0.46692352492137296,
        0.5539718094136199,
        0.38177474133970674,
        0.3590351654086268,
        0.29563887388163285,
        0.30935921676911454,
        0.4726688043557678,
        0.18684782411095935,
        0.1753901900050285,
        0.23070036031614688,
        0.5077524002897476,
        0.6296700524878089,
        0.2614562582918986,
        0.5277920548142042,
        0.19702375332685143,
        0.1907274314958391,
        0.273772116686488,
        0.1316585902058806,
        0.37434839220971683,
        0.2509746625657658,
        0.3779183319514945,
        0.6027281725620597,
        0.46113608010542834,
        0.4035366115670299,
        0.3965180481390475,
        0.443871022229431,
        0.3661054535581244,
        0.4759858191164943,
        0.255314603724503,
        0.43694160794092385,
        0.3232525135246438,
        0.6075694404757369,
        0.3511282039725661,
        0.12103072956898178
    ],
    [
        0.26005182776708186,
        0.2679129406169101,
        0.0,
        0.16461958988832404,
        0.18154609435347266,
        0.20787710461953235,
        0.20551478809321727,
        0.14490028899212037,
        0.20009763241977652,
        0.5132521158017763,
        0.22316963839196408,
        0.3140586131600278,
        0.15625,
        0.17399263633843817,
        0.26052081250832915,
        0.19578068884596356,
        0.23070036031614688,
        0.140625,
        0.14320549046737,
        0.11481983169296148,
        0.10597390598633231,
        0.27128368006469616,
        0.15934435979977452,
        0.14823176532039278,
        0.08118988160479113,
        0.2821167200823092,
        0.3247595264191645,
        0.12979099785809492,
        0.30257682392245444,
        0.18619336387207788,
        0.1887975933374152,
        0.15388840315306412,
        0.3694247005480278,
        0.2786336640644845,
        0.0924387466109315,
        0.17399263633843817,
        0.3128903811640748,
        0.13799626353637262,
        0.14905300022139775,
        0.15229366163764005,
        0.2170694373351532,
        0.19702375332685143,
        0.19452968121857395,
        0.10126157341262282,
        0.2670001170411728,
        0.1788362990978062,
        0.3391021002220423,
        0.20610790559801437,
        0.23175620272173947
    ],
    [
        0.28512949360772905,
        0.28384222069663984,
        0.16461958988832404,
        0.0,
        0.2430679560328757,
        0.18553659510996745,
        0.28895690638917076,
        0.19452968121857395,
        0.18619336387207788,
        0.5029211543572213,
        0.2390165396996618,
        0.3365728004459065,
        0.17746588580625855,
        0.18553659510996745,
        0.2415566380271923,
        0.26608416196760004,
        0.28598445652692384,
        0.27775607554111215,
        0.22426093897511443,
        0.22207297505549836,
        0.2275034340400162,
        0.3097973407908969,
        0.13710881855300192,
        0.14320549046737,
        0.16387638252658618,
        0.34089725358236606,
        0.37629983058725924,
        0.1988737822087165,
        0.3769480650567131,
        0.23280725665236468,
        0.16973094517500337,
        0.1926379375927805,
        0.3651037951733726,
        0.28598445652692384,
        0.13710881855300192,
        0.2543565718140579,
        0.3217384419058438,
        0.20070675904164265,
        0.17044862679118303,
        0.28168369339562416,
        0.25242960033442985,
        0.2405438174740727,
        0.3049878327491115,
        0.1660960283239789,
        0.24902152266420668,
        0.2181912506838897,
        0.3121091305537215,
        0.21930732574403436,
        0.184877493221863
    ],
    [
        0.1288470508005519,
        0.4435959239555747,
        0.18154609435347266,
        0.2430679560328757,
        0.0,
        0.18814991529362962,
        0.14149039278339715,
        0.15780476466190746,
        0.19327057620082783,
        0.3968257843500092,
        0.14405538214520136,
        0.1690102160373745,
        0.1690102160373745,
        0.21650635094610965,
        0.14905300022139775,
        0.11587810136086973,
        0.1616262567623219,
        0.203125,
        0.15388840315306412,
        0.19764235376052372,
        0.18087245160609727,
        0.13360161810813187,
        0.265625,
        0.18355218944485516,
        0.22207297505549836,
        0.1711632992203644,
        0.1887975933374152,
        0.16237976320958225,
        0.20009763241977652,
        0.33693529145074724,
        0.24407030237208294,
        0.29563887388163285,
        0.5603256586575346,
        0.1926379375927805,
        0.21763106683100186,
        0.17258376589355096,
        0.14235052467412967,
        0.13531646934131855,
        0.12789613706050704,
        0.18154609435347266,
        0.16973094517500337,
        0.1269381000724369,
        0.17328963291264715,
        0.225888004606265,
        0.1781524101717403,
        0.11267347735824966,
        0.1788362990978062,
        0.14149039278339715,
        0.28598445652692384
    ],
    [
        0.18355218944485516,
        0.30055287596361474,
        0.20787710461953235,
        0.18553659510996745,
        0.18814991529362962,
        0.0,
        0.22371595411369302,
        0.17258376589355096,
        0.12401959270615269,
        0.2764344689524083,
        0.1570293065800139,
        0.18087245160609727,
        0.15934435979977452,
        0.20191949973937634,
        0.140625,
        0.18221724671391565,
        0.1514899955442603,
        0.27421763710600383,
        0.18221724671391565,
        0.25194555463432966,
        0.22534695471649932,
        0.16860847975248586,
        0.258639771206982,
        0.18619336387207788,
        0.18553659510996745,
        0.19200321449132043,
        0.214808235701055,
        0.18684782411095935,
        0.20432338797846908,
        0.3647692978102735,
        0.07654655446197431,
        0.33108781406901705,
        0.4544699866327808,
        0.09375,
        0.17469281074217108,
        0.19640320453088336,
        0.16535945694153692,
        0.1781524101717403,
        0.1767766952966369,
        0.23696485762661096,
        0.17258376589355096,
        0.09882117688026186,
        0.23541436208311506,
        0.19825902406952375,
        0.09631896879639025,
        0.14574029770451274,
        0.15467960838455727,
        0.07654655446197431,
        0.18684782411095935
    ],
    [
        0.17399263633843817,
        0.433294519495689,
        0.20551478809321727,
        0.28895690638917076,
        0.14149039278339715,
        0.22371595411369302,
        0.0,
        0.14740595518838442,
        0.2647042866577721,
        0.31366968593569894,
        0.13975424859373686,
        0.18087245160609727,
        0.20787710461953235,
        0.2576941016011038,
        0.20009763241977652,
        0.13531646934131855,
        0.15546678704790937,
        0.20191949973937634,
        0.13887803777055607,
        0.18288593610499415,
        0.15780476466190746,
        0.1430159397681873,
        0.30257682392245444,
        0.2430679560328757,
        0.225888004606265,
        0.140625,
        0.14405538214520136,
        0.15934435979977452,
        0.15467960838455727,
        0.3640993811790951,
        0.27466243486323355,
        0.3332926407453366,
        0.5437410200407911,
        0.17608480733726006,
        0.22803936748947537,
        0.16973094517500337,
        0.14740595518838442,
        0.16237976320958225,
        0.184877493221863,
        0.1514899955442603,
        0.19452968121857395,
        0.15625,
        0.15780476466190746,
        0.21763106683100186,
        0.19390115071860714,
        0.1307281291459493,
        0.22207297505549836,
        0.17469281074217108,
        0.34089725358236606
    ],
    [
        0.1795175827043134,
        0.275106513463422,
        0.14490028899212037,
        0.19452968121857395,
        0.15780476466190746,
        0.17258376589355096,
        0.14740595518838442,
        0.0,
        0.19825902406952375,
        0.5144399260360728,
        0.21079277442550065,
        0.2619227283475033,
        0.14574029770451274,
        0.2209708691207961,
        0.20846350100197397,
        0.14405538214520136,
        0.22316963839196408,
        0.13531646934131855,
        0.11796616305110547,
        0.11481983169296148,
        0.10126157341262282,
        0.1798195468920007,
        0.16461958988832404,
        0.1753901900050285,
        0.1288470508005519,
        0.22152260748059102,
        0.24506854908372067,
        0.09110862335695782,
        0.20070675904164265,
        0.2628531850196988,
        0.14823176532039278,
        0.24902152266420668,
        0.3801726581436387,
        0.2795084971874737,
        0.1288470508005519,
        0.15229366163764005,
        0.214808235701055,
        0.14490028899212037,
        0.18288593610499415,
        0.120017902310447,
        0.1788362990978062,
        0.14823176532039278,
        0.11587810136086973,
        0.11158481919598204,
        0.24407030237208294,
        0.12203515118604147,
        0.3205981957606749,
        0.13531646934131855,
        0.24655834121967968
    ],
    [
        0.2275034340400162,
        0.3336586953759785,
        0.20009763241977652,
        0.18619336387207788,
        0.19327057620082783,
        0.12401959270615269,
        0.2647042866577721,
        0.19825902406952375,
        0.0,
        0.47547262670946683,
        0.20846350100197397,
        0.2557922741210141,
        0.17469281074217108,
        0.1801962905417312,
        0.11692679333668567,
        0.20372507516258279,
        0.2385052737886523,
        0.2976962325509008,
        0.21423920626253262,
        0.2651650429449553,
        0.23541436208311506,
        0.25669211521565843,
        0.2170694373351532,
        0.13441133229754104,
        0.20252314682524564,
        0.2781952158557009,
        0.3097535562749845,
        0.2049199538844375,
        0.3113259194558012,
        0.3340243488504992,
        0.11796616305110547,
        0.2706329386826371,
        0.4550068680800324,
        0.23280725665236468,
        0.18355218944485516,
        0.2533949178160446,
        0.27775607554111215,
        0.2170694373351532,
        0.1514899955442603,
        0.28683687110446593,
        0.20669932117692114,
        0.1788362990978062,
        0.28555729503901667,
        0.18154609435347266,
        0.18221724671391565,
        0.15229366163764005,
        0.2576941016011038,
        0.15546678704790937,
        0.18221724671391565
    ],
    [
        0.33071891388307384,
        0.7020825605831553,
        0.5132521158017763,
        0.5029211543572213,
        0.3968257843500092,
        0.2764344689524083,
        0.31366968593569894,
        0.5144399260360728,
        0.47547262670946683,
        0.0,
        0.31093357409581873,
        0.20252314682524564,
        0.43273070075394465,
        0.5698307040253272,
        0.2981060004427955,
        0.33729739288942034,
        0.2533949178160446,
        0.42790824805091104,
        0.3843241836327764,
        0.4767545719497612,
        0.4813413062734176,
        0.21918359804688348,
        0.5808634467325345,
        0.5745242597140698,
        0.5477671294674408,
        0.20669932117692114,
        0.18553659510996745,
        0.3955934031616301,
        0.18944305707784595,
        0.716197914772865,
        0.44524396402421895,
        0.6623599498195826,
        0.8515266620899196,
        0.23541436208311506,
        0.5203383064170848,
        0.32211762700137975,
        0.19702375332685143,
        0.3465792658252943,
        0.4552750713854208,
        0.36073113689422487,
        0.36241917202322504,
        0.3053878169639385,
        0.38337012957454053,
        0.5493248697264671,
        0.2724311839712921,
        0.3733688482921413,
        0.1907274314958391,
        0.397747564417433,
        0.48988798145596507
    ],
    [
        0.120017902310447,
        0.46666201634587745,
        0.22316963839196408,
        0.2390165396996618,
        0.14405538214520136,
        0.1570293065800139,
        0.13975424859373686,
        0.21079277442550065,
        0.20846350100197397,
        0.31093357409581873,
        0.0,
        0.14986973510352247,
        0.18087245160609727,
        0.20846350100197397,
        0.17469281074217108,
        0.120017902310447,
        0.11481983169296148,
        0.23644915547533682,
        0.15546678704790937,
        0.2533949178160446,
        0.24356964481437338,
        0.13207002430318715,
        0.30055287596361474,
        0.28683687110446593,
        0.2181912506838897,
        0.120017902310447,
        0.14405538214520136,
        0.19825902406952375,
        0.17469281074217108,
        0.4375,
        0.1907274314958391,
        0.35869500885153116,
        0.5972348391755122,
        0.14235052467412967,
        0.20787710461953235,
        0.16682934768798924,
        0.1335000585205864,
        0.125,
        0.1616262567623219,
        0.19008632907181935,
        0.1570293065800139,
        0.11481983169296148,
        0.15309310892394862,
        0.23017062285400366,
        0.11587810136086973,
        0.14905300022139775,
        0.14823176532039278,
        0.13441133229754104,
        0.2893790496476896
    ],
    [
        0.12401959270615269,
        0.5510997527671374,
        0.3140586131600278,
        0.3365728004459065,
        0.1690102160373745,
        0.18087245160609727,
        0.18087245160609727,
        0.2619227283475033,
        0.2557922741210141,
        0.20252314682524564,
        0.14986973510352247,
        0.0,
        0.22803936748947537,
        0.31171777098843756,
        0.14823176532039278,
        0.13441133229754104,
        0.14405538214520136,
        0.3081731706768128,
        0.23280725665236468,
        0.3217384419058438,
        0.28470104934825935,
        0.09813251917404568,
        0.4186800314679457,
        0.34303903750156484,
        0.33548297739974825,
        0.09375,
        0.109375,
        0.2557922741210141,
        0.10597390598633231,
        0.5224454217906402,
        0.2960514893983815,
        0.46034124570800733,
        0.7017347366526756,
        0.15229366163764005,
        0.3190715290103459,
        0.20904825250405706,
        0.11899645477912357,
        0.171875,
        0.23541436208311506,
        0.23644915547533682,
        0.17258376589355096,
        0.1570293065800139,
        0.2013140426050801,
        0.32960973608951544,
        0.1335000585205864,
        0.14149039278339715,
        0.0924387466109315,
        0.1801962905417312,
        0.35596205468420367
    ],
    [
        0.20787710461953235,
        0.3401803290168319,
        0.15625,
        0.17746588580625855,
        0.1690102160373745,
        0.15934435979977452,
        0.20787710461953235,
        0.14574029770451274,
        0.17469281074217108,
        0.43273070075394465,
        0.18087245160609727,
        0.22803936748947537,
        0.0,
        0.1660960283239789,
        0.203125,
        0.15229366163764005,
        0.1795175827043134,
        0.20846350100197397,
        0.13887803777055607,
        0.1608692209529219,
        0.15934435979977452,
        0.20969606394997287,
        0.17399263633843817,
        0.13531646934131855,
        0.16312978920172735,
        0.23070036031614688,
        0.25194555463432966,
        0.109375,
        0.21194781197266463,
        0.2548360379734389,
        0.16755945773068137,
        0.20252314682524564,
        0.4558110045567132,
        0.2096313728906053,
        0.12789613706050704,
        0.13441133229754104,
        0.203125,
        0.16237976320958225,
        0.15546678704790937,
        0.16312978920172735,
        0.1926379375927805,
        0.15780476466190746,
        0.12597277731716483,
        0.13975424859373686,
        0.19764235376052372,
        0.14490028899212037,
        0.23799290955824715,
        0.14823176532039278,
        0.22426093897511443
    ],
    [
        0.271083618326523,
        0.44055850562099014,
        0.17399263633843817,
        0.18553659510996745,
        0.21650635094610965,
        0.20191949973937634,
        0.2576941016011038,
        0.2209708691207961,
        0.1801962905417312,
        0.5698307040253272,
        0.20846350100197397,
        0.31171777098843756,
        0.1660960283239789,
        0.0,
        0.2275034340400162,
        0.2576941016011038,
        0.27599252707274524,
        0.3053878169639385,
        0.2312288841710741,
        0.26608416196760004,
        0.22480460265528374,
        0.3004626062886657,
        0.213668661424646,
        0.2096313728906053,
        0.213668661424646,
        0.3101473943949876,
        0.350780380010057,
        0.2538762001448738,
        0.3538984891533164,
        0.31792171795899693,
        0.19136638615493579,
        0.23644915547533682,
        0.5689731705010351,
        0.3121091305537215,
        0.19452968121857395,
        0.24407030237208294,
        0.3236299246438747,
        0.23070036031614688,
        0.18944305707784595,
        0.2572199630180364,
        0.24206145913796356,
        0.2096313728906053,
        0.258639771206982,
        0.18944305707784595,
        0.23070036031614688,
        0.2181912506838897,
        0.30378472023786846,
        0.20432338797846908,
        0.240035804620894
    ],
    [
        0.15857643070456592,
        0.4310348195041788,
        0.26052081250832915,
        0.2415566380271923,
        0.14905300022139775,
        0.140625,
        0.20009763241977652,
        0.20846350100197397,
        0.11692679333668567,
        0.2981060004427955,
        0.17469281074217108,
        0.14823176532039278,
        0.203125,
        0.2275034340400162,
        0.0,
        0.14740595518838442,
        0.18355218944485516,
        0.29522568168267477,
        0.21423920626253262,
        0.2651650429449553,
        0.240035804620894,
        0.1360163005958395,
        0.2781952158557009,
        0.20904825250405706,
        0.24407030237208294,
        0.1660960283239789,
        0.1887975933374152,
        0.22152260748059102,
        0.1887975933374152,
        0.4352621336620037,
        0.14823176532039278,
        0.33729739288942034,
        0.5579240959799101,
        0.15546678704790937,
        0.23385358667337133,
        0.22696623509896796,
        0.1690102160373745,
        0.2096313728906053,
        0.17399263633843817,
        0.2509746625657658,
        0.17399263633843817,
        0.1288470508005519,
        0.23017062285400366,
        0.22534695471649932,
        0.14740595518838442,
        0.13441133229754104,
        0.12789613706050704,
        0.14905300022139775,
        0.23070036031614688
    ],
    [
        0.12303137303143455,
        0.46692352492137296,
        0.19578068884596356,
        0.26608416196760004,
        0.11587810136086973,
        0.18221724671391565,
        0.13531646934131855,
        0.14405538214520136,
        0.20372507516258279,
        0.33729739288942034,
        0.120017902310447,
        0.13441133229754104,
        0.15229366163764005,
        0.2576941016011038,
        0.14740595518838442,
        0.0,
        0.10126157341262282,
        0.19515618744994995,
        0.12203515118604147,
        0.19390115071860714,
        0.1616262567623219,
        0.12281068877657912,
        0.29064180058966055,
        0.23280725665236468,
        0.22426093897511443,
        0.12203515118604147,
        0.14740595518838442,
        0.15388840315306412,
        0.10126157341262282,
        0.39590185810374773,
        0.2509746625657658,
        0.3455210060546247,
        0.6157518904761885,
        0.14574029770451274,
        0.21763106683100186,
        0.13710881855300192,
        0.11481983169296148,
        0.10825317547305482,
        0.15229366163764005,
        0.15068204314051492,
        0.1788362990978062,
        0.12597277731716483,
        0.13710881855300192,
        0.23799290955824715,
        0.14657549249448218,
        0.10711960313126631,
        0.15780476466190746,
        0.14235052467412967,
        0.29189908894170946
    ],
    [
        0.14657549249448218,
        0.5539718094136199,
        0.23070036031614688,
        0.28598445652692384,
        0.1616262567623219,
        0.1514899955442603,
        0.15546678704790937,
        0.22316963839196408,
        0.2385052737886523,
        0.2533949178160446,
        0.11481983169296148,
        0.14405538214520136,
        0.1795175827043134,
        0.27599252707274524,
        0.18355218944485516,
        0.10126157341262282,
        0.0,
        0.18355218944485516,
        0.10825317547305482,
        0.21079277442550065,
        0.22480460265528374,
        0.12358135955942368,
        0.3243834295629171,
        0.32700702400713044,
        0.24902152266420668,
        0.10245997694221876,
        0.14490028899212037,
        0.15388840315306412,
        0.0897587913521567,
        0.49853300417324425,
        0.240035804620894,
        0.3846416757840991,
        0.6938626034742037,
        0.07493486755176124,
        0.23070036031614688,
        0.11899645477912357,
        0.12203515118604147,
        0.11267347735824966,
        0.213668661424646,
        0.13975424859373686,
        0.17258376589355096,
        0.10711960313126631,
        0.13621559198564606,
        0.255314603724503,
        0.14405538214520136,
        0.15625,
        0.14986973510352247,
        0.13531646934131855,
        0.3159960690024482
    ],
    [
        0.2430679560328757,
        0.38177474133970674,
        0.140625,
        0.27775607554111215,
        0.203125,
        0.27421763710600383,
        0.20191949973937634,
        0.13531646934131855,
        0.2976962325509008,
        0.42790824805091104,
        0.23644915547533682,
        0.3081731706768128,
        0.20846350100197397,
        0.3053878169639385,
        0.29522568168267477,
        0.19515618744994995,
        0.18355218944485516,
        0.0,
        0.11796616305110547,
        0.09757809372497497,
        0.11796616305110547,
        0.24776562275554784,
        0.234375,
        0.23175620272173947,
        0.17044862679118303,
        0.23799290955824715,
        0.2557922741210141,
        0.12203515118604147,
        0.2096313728906053,
        0.24655834121967968,
        0.293567097313374,
        0.25958199571618984,
        0.47186465220442186,
        0.25048780534189685,
        0.18221724671391565,
        0.12401959270615269,
        0.24506854908372067,
        0.14657549249448218,
        0.23333100817293873,
        0.12789613706050704,
        0.27332587007087344,
        0.23175620272173947,
        0.16828640022295324,
        0.18421603316486868,
        0.28853414550967793,
        0.20669932117692114,
        0.36241917202322504,
        0.2312288841710741,
        0.3128903811640748
    ],
    [
        0.17608480733726006,
        0.3590351654086268,
        0.14320549046737,
        0.22426093897511443,
        0.15388840315306412,
        0.18221724671391565,
        0.13887803777055607,
        0.11796616305110547,
        0.21423920626253262,
        0.3843241836327764,
        0.15546678704790937,
        0.23280725665236468,
        0.13887803777055607,
        0.2312288841710741,
        0.21423920626253262,
        0.12203515118604147,
        0.10825317547305482,
        0.11796616305110547,
        0.0,
        0.10825317547305482,
        0.109375,
        0.18582877890532576,
        0.19200321449132043,
        0.20009763241977652,
        0.16312978920172735,
        0.1660960283239789,
        0.184877493221863,
        0.10597390598633231,
        0.19008632907181935,
        0.30055287596361474,
        0.19764235376052372,
        0.2910615001593306,
        0.4938587696649721,
        0.16237976320958225,
        0.14740595518838442,
        0.109375,
        0.18421603316486868,
        0.11796616305110547,
        0.14986973510352247,
        0.09757809372497497,
        0.203125,
        0.14320549046737,
        0.14574029770451274,
        0.15780476466190746,
        0.19452968121857395,
        0.12979099785809492,
        0.2688226645950821,
        0.1514899955442603,
        0.26052081250832915
    ],
    [
        0.21763106683100186,
        0.29563887388163285,
        0.11481983169296148,
        0.22207297505549836,
        0.19764235376052372,
        0.25194555463432966,
        0.18288593610499415,
        0.11481983169296148,
        0.2651650429449553,
        0.4767545719497612,
        0.2533949178160446,
        0.3217384419058438,
        0.1608692209529219,
        0.26608416196760004,
        0.2651650429449553,
        0.19390115071860714,
        0.21079277442550065,
        0.09757809372497497,
        0.10825317547305482,
        0.0,
        0.08118988160479113,
        0.24528982998576285,
        0.19008632907181935,
        0.17258376589355096,
        0.14235052467412967,
        0.24655834121967968,
        0.2679129406169101,
        0.10004881620988826,
        0.2415566380271923,
        0.19640320453088336,
        0.22642776165920997,
        0.18684782411095935,
        0.390625,
        0.2688226645950821,
        0.13887803777055607,
        0.09375,
        0.2572199630180364,
        0.14574029770451274,
        0.20846350100197397,
        0.1269381000724369,
        0.22316963839196408,
        0.21930732574403436,
        0.16010860571811872,
        0.1288470508005519,
        0.29189908894170946,
        0.1660960283239789,
        0.37662408728731095,
        0.20191949973937634,
        0.2647042866577721
    ],
    [
        0.2049199538844375,
        0.30935921676911454,
        0.10597390598633231,
        0.2275034340400162,
        0.18087245160609727,
        0.22534695471649932,
        0.15780476466190746,
        0.10126157341262282,
        0.23541436208311506,
        0.4813413062734176,
        0.24356964481437338,
        0.28470104934825935,
        0.15934435979977452,
        0.22480460265528374,
        0.240035804620894,
        0.1616262567623219,
        0.22480460265528374,
        0.11796616305110547,
        0.109375,
        0.08118988160479113,
        0.0,
        0.21487136817433614,
        0.2072890493972125,
        0.1781524101717403,
        0.14823176532039278,
        0.23175620272173947,
        0.24105075969596113,
        0.11267347735824966,
        0.2096313728906053,
        0.23747943989954162,
        0.21137108216357317,
        0.20432338797846908,
        0.4038389994787527,
        0.27332587007087344,
        0.14490028899212037,
        0.1269381000724369,
        0.22262198201210948,
        0.13887803777055607,
        0.19825902406952375,
        0.109375,
        0.19452968121857395,
        0.18814991529362962,
        0.14320549046737,
        0.1307281291459493,
        0.2790714234295586,
        0.140625,
        0.35008369535012623,
        0.1753901900050285,
        0.2786336640644845
    ],
    [
        0.12303137303143451,
        0.4726688043557678,
        0.27128368006469616,
        0.3097973407908969,
        0.13360161810813187,
        0.16860847975248586,
        0.1430159397681873,
        0.1798195468920007,
        0.25669211521565843,
        0.21918359804688348,
        0.13207002430318715,
        0.09813251917404568,
        0.20969606394997287,
        0.3004626062886657,
        0.1360163005958395,
        0.12281068877657912,
        0.12358135955942368,
        0.24776562275554784,
        0.18582877890532576,
        0.24528982998576285,
        0.21487136817433614,
        0.0,
        0.34165237520923386,
        0.28057403335740894,
        0.29554710331481476,
        0.06588078458684125,
        0.08333333333333336,
        0.18972922500090608,
        0.10986991202983848,
        0.45261585380000896,
        0.2572726882339264,
        0.4114583333333333,
        0.6199885891647074,
        0.11243246429647345,
        0.28028383431403564,
        0.19729892630078968,
        0.08573998767267879,
        0.16095351187877546,
        0.21943098367646766,
        0.20715814376407649,
        0.1280021429942136,
        0.1094989377168158,
        0.18604761561970573,
        0.28801659505621857,
        0.11206997287161463,
        0.1357168147999519,
        0.0777770027243129,
        0.15264948843492546,
        0.3341867330841313
    ],
    [
        0.29563887388163285,
        0.18684782411095935,
        0.15934435979977452,
        0.13710881855300192,
        0.265625,
        0.258639771206982,
        0.30257682392245444,
        0.16461958988832404,
        0.2170694373351532,
        0.5808634467325345,
        0.30055287596361474,
        0.4186800314679457,
        0.17399263633843817,
        0.213668661424646,
        0.2781952158557009,
        0.29064180058966055,
        0.3243834295629171,
        0.234375,
        0.19200321449132043,
        0.19008632907181935,
        0.2072890493972125,
        0.34165237520923386,
        0.0,
        0.10126157341262282,
        0.1137517170200081,
        0.3614072970693868,
        0.40625,
        0.16755945773068137,
        0.3899994991983964,
        0.18288593610499415,
        0.16237976320958225,
        0.16237976320958225,
        0.28168369339562416,
        0.3391021002220423,
        0.12597277731716483,
        0.23799290955824715,
        0.37041467472280304,
        0.22642776165920997,
        0.22316963839196408,
        0.26608416196760004,
        0.26052081250832915,
        0.2799448885495143,
        0.30055287596361474,
        0.12597277731716483,
        0.3299798762803574,
        0.2170694373351532,
        0.46034124570800733,
        0.2445699350390395,
        0.14235052467412967
    ],
    [
        0.25194555463432966,
        0.1753901900050285,
        0.14823176532039278,
        0.14320549046737,
        0.18355218944485516,
        0.18619336387207788,
        0.2430679560328757,
        0.1753901900050285,
        0.13441133229754104,
        0.5745242597140698,
        0.28683687110446593,
        0.34303903750156484,
        0.13531646934131855,
        0.2096313728906053,
        0.20904825250405706,
        0.23280725665236468,
        0.32700702400713044,
        0.23175620272173947,
        0.20009763241977652,
        0.17258376589355096,
        0.1781524101717403,
        0.28057403335740894,
        0.10126157341262282,
        0.0,
        0.13621559198564606,
        0.33108781406901705,
        0.37629983058725924,
        0.17469281074217108,
        0.3376591060152236,
        0.23017062285400366,
        0.11587810136086973,
        0.22534695471649932,
        0.2799448885495143,
        0.3398212995458054,
        0.14235052467412967,
        0.20610790559801437,
        0.33693529145074724,
        0.225888004606265,
        0.15780476466190746,
        0.24105075969596113,
        0.19640320453088336,
        0.20372507516258279,
        0.24853083938416978,
        0.13799626353637262,
        0.2872621298570349,
        0.15546678704790937,
        0.3843241836327764,
        0.184877493221863,
        0.15546678704790937
    ],
    [
        0.30737993082665627,
        0.23070036031614688,
        0.08118988160479113,
        0.16387638252658618,
        0.22207297505549836,
        0.18553659510996745,
        0.225888004606265,
        0.1288470508005519,
        0.20252314682524564,
        0.5477671294674408,
        0.2181912506838897,
        0.33548297739974825,
        0.16312978920172735,
        0.213668661424646,
        0.24407030237208294,
        0.22426093897511443,
        0.24902152266420668,
        0.17044862679118303,
        0.16312978920172735,
        0.14235052467412967,
        0.14823176532039278,
        0.29554710331481476,
        0.1137517170200081,
        0.13621559198564606,
        0.0,
        0.30737993082665627,
        0.3535533905932738,
        0.12303137303143455,
        0.338381372307933,
        0.19578068884596356,
        0.15467960838455727,
        0.213668661424646,
        0.3217384419058438,
        0.3029799910885206,
        0.06442352540027595,
        0.19825902406952375,
        0.3486861500690843,
        0.17328963291264715,
        0.1711632992203644,
        0.16237976320958225,
        0.22910747341586218,
        0.1988737822087165,
        0.213668661424646,
        0.0897587913521567,
        0.26836818808308854,
        0.20070675904164265,
        0.3630921887069453,
        0.20372507516258279,
        0.1875
    ],
    [
        0.14657549249448218,
        0.5077524002897476,
        0.2821167200823092,
        0.34089725358236606,
        0.1711632992203644,
        0.19200321449132043,
        0.140625,
        0.22152260748059102,
        0.2781952158557009,
        0.20669932117692114,
        0.120017902310447,
        0.09375,
        0.23070036031614688,
        0.3101473943949876,
        0.1660960283239789,
        0.12203515118604147,
        0.10245997694221876,
        0.23799290955824715,
        0.1660960283239789,
        0.24655834121967968,
        0.23175620272173947,
        0.06588078458684125,
        0.3614072970693868,
        0.33108781406901705,
        0.30737993082665627,
        0.0,
        0.06051536478449089,
        0.18944305707784595,
        0.109375,
        0.5004880430639677,
        0.2781952158557009,
        0.4259066615762191,
        0.6586637158861872,
        0.12103072956898178,
        0.2943975575221371,
        0.19825902406952375,
        0.09631896879639025,
        0.1608692209529219,
        0.2390165396996618,
        0.19764235376052372,
        0.14574029770451274,
        0.13621559198564606,
        0.19640320453088336,
        0.29481191037676885,
        0.1307281291459493,
        0.17469281074217108,
        0.09375,
        0.1660960283239789,
        0.3569893643373707
    ],
    [
        0.1514899955442603,
        0.6296700524878089,
        0.3247595264191645,
        0.37629983058725924,
        0.1887975933374152,
        0.214808235701055,
        0.14405538214520136,
        0.24506854908372067,
        0.3097535562749845,
        0.18553659510996745,
        0.14405538214520136,
        0.109375,
        0.25194555463432966,
        0.350780380010057,
        0.1887975933374152,
        0.14740595518838442,
        0.14490028899212037,
        0.2557922741210141,
        0.184877493221863,
        0.2679129406169101,
        0.24105075969596113,
        0.08333333333333336,
        0.40625,
        0.37629983058725924,
        0.3535533905932738,
        0.06051536478449089,
        0.0,
        0.21650635094610965,
        0.12789613706050704,
        0.5625,
        0.34693130173710185,
        0.45821494683172437,
        0.7789027237884073,
        0.16312978920172735,
        0.3423265984407288,
        0.20904825250405706,
        0.08414320011147662,
        0.16828640022295324,
        0.2609889545076573,
        0.2181912506838897,
        0.1875,
        0.18944305707784595,
        0.20610790559801437,
        0.3483358876501243,
        0.18553659510996745,
        0.19578068884596356,
        0.12401959270615269,
        0.22152260748059102,
        0.40293115494461335
    ],
    [
        0.18814991529362962,
        0.2614562582918986,
        0.12979099785809492,
        0.1988737822087165,
        0.16237976320958225,
        0.18684782411095935,
        0.15934435979977452,
        0.09110862335695782,
        0.2049199538844375,
        0.3955934031616301,
        0.19825902406952375,
        0.2557922741210141,
        0.109375,
        0.2538762001448738,
        0.22152260748059102,
        0.15388840315306412,
        0.15388840315306412,
        0.12203515118604147,
        0.10597390598633231,
        0.10004881620988826,
        0.11267347735824966,
        0.18972922500090608,
        0.16755945773068137,
        0.17469281074217108,
        0.12303137303143455,
        0.18944305707784595,
        0.21650635094610965,
        0.0,
        0.19136638615493579,
        0.23333100817293873,
        0.15388840315306412,
        0.22207297505549836,
        0.34375,
        0.19640320453088336,
        0.14149039278339715,
        0.13621559198564606,
        0.2072890493972125,
        0.13887803777055607,
        0.184877493221863,
        0.09882117688026186,
        0.19825902406952375,
        0.14986973510352247,
        0.11587810136086973,
        0.11158481919598204,
        0.23070036031614688,
        0.13887803777055607,
        0.3001464486296648,
        0.15467960838455727,
        0.23696485762661096
    ],
    [
        0.19452968121857395,
        0.5277920548142042,
        0.30257682392245444,
        0.3769480650567131,
        0.20009763241977652,
        0.20432338797846908,
        0.15467960838455727,
        0.20070675904164265,
        0.3113259194558012,
        0.18944305707784595,
        0.17469281074217108,
        0.10597390598633231,
        0.21194781197266463,
        0.3538984891533164,
        0.1887975933374152,
        0.10126157341262282,
        0.0897587913521567,
        0.2096313728906053,
        0.19008632907181935,
        0.2415566380271923,
        0.2096313728906053,
        0.10986991202983848,
        0.3899994991983964,
        0.3376591060152236,
        0.338381372307933,
        0.109375,
        0.12789613706050704,
        0.19136638615493579,
        0.0,
        0.48889024522381297,
        0.3535533905932738,
        0.4477046494342001,
        0.6751374281396344,
        0.13621559198564606,
        0.3236299246438747,
        0.16682934768798924,
        0.12203515118604147,
        0.14986973510352247,
        0.27421763710600383,
        0.1801962905417312,
        0.23228232417685166,
        0.19327057620082783,
        0.15625,
        0.33071891388307384,
        0.20610790559801437,
        0.15625,
        0.15068204314051492,
        0.21875,
        0.3814548629916782
