[
    [
        0.0,
        1.2374368670764582,
        1.3975424859373686,
        1.243734296383275,
        1.2562344526401112,
        1.3050383136138188,
        1.3110110602126894,
        1.286953767623375,
        1.2119199643540823,
        1.2686114456365274,
        1.648863244784115,
        1.2747548783981961,
        1.3050383136138188,
        1.192424001771182,
        1.1524430571616109,
        1.286953767623375,
        1.1726039399558574,
        1.2747548783981961,
        1.1858541225631423,
        1.118033988749895,
        1.1726039399558574,
        1.224744871391589,
        1.3169567191065923,
        1.2624381172952597,
        1.3169567191065923,
        1.192424001771182,
        1.2624381172952597,
        1.3693063937629153,
        1.1388041973930374,
        1.346291201783626,
        1.352081728298996,
        1.125,
        1.3228756555322954,
        1.6817030058842137,
        1.2686114456365274,
        1.25,
        1.1524430571616109,
        1.340475661845451,
        1.3050383136138188,
        1.2374368670764582,
        1.3228756555322954,
        1.2808688457449497,
        1.224744871391589,
        1.2183492931011204,
        1.2808688457449497,
        1.1858541225631423,
        1.286953767623375,
        1.340475661845451,
        1.103970108290981,
        1.2808688457449497
    ],
    [
        1.2374368670764582,
        0.0,
        1.824314939915803,
        1.0752906583803283,
        1.3975424859373686,
        0.9437293044088437,
        1.159202311936963,
        0.9100137361600648,
        0.9682458365518543,
        0.9354143466934853,
        1.125,
        0.9270248108869579,
        0.8838834764831844,
        1.1319231422671772,
        1.2374368670764582,
        0.8385254915624212,
        0.8838834764831844,
        0.8838834764831844,
        0.9519716382329886,
        1.0307764064044151,
        1.0968705484240153,
        1.1388041973930374,
        0.8569568250501305,
        1.3975424859373686,
        1.4086784586980805,
        1.1989578808281798,
        0.81967981553775,
        0.8569568250501305,
        1.0231690964840563,
        0.8477912478906585,
        1.6345871038277526,
        1.231107225224513,
        1.4469796128487782,
        1.824314939915803,
        0.9270248108869579,
        1.231107225224513,
        1.14564392373896,
        0.82915619758885,
        0.9762812094883317,
        0.9682458365518543,
        0.9762812094883317,
        0.8838834764831844,
        0.9185586535436918,
        0.9354143466934853,
        1.243734296383275,
        0.9013878188659973,
        1.0532687216470449,
        0.875,
        1.1524430571616109,
        1.4523687548277813
    ],
    [
        1.3975424859373686,
        1.824314939915803,
        0.0,
        1.5811388300841898,
        1.403121520040228,
        1.713913650100261,
        1.7320508075688772,
        1.741048534648015,
        1.5761900266148114,
        1.590990257669732,
        2.6721947908039936,
        1.7455300054711176,
        1.899835519196333,
        1.595893166850463,
        1.5,
        1.713913650100261,
        1.7001838135919305,
        1.8540496217739157,
        1.6677080080157918,
        1.6056540723331412,
        1.5103807466993215,
        1.5612494995995996,
        1.9445436482630056,
        1.4086784586980805,
        1.5612494995995996,
        1.4947825928876748,
        1.9039432764659772,
        2.0463381929681126,
        1.648863244784115,
        1.8957188610128877,
        1.3635890143294642,
        1.4523687548277813,
        1.5103807466993215,
        1.5512092057488571,
        1.845602882529175,
        1.5206906325745548,
        1.6345871038277526,
        1.8791620472966135,
        1.713913650100261,
        1.6770509831248424,
        1.704772712123232,
        1.79843682124227,
        1.741048534648015,
        1.7721808598447282,
        1.505199322349037,
        1.776583800443987,
        1.6441183047457382,
        1.8915932438026946,
        1.58607219255619,
        1.5
    ],
    [
        1.243734296383275,
        1.0752906583803283,
        1.5811388300841898,
        0.0,
        1.3228756555322954,
        1.2183492931011204,
        1.165922381636102,
        1.231107225224513,
        1.118033988749895,
        1.0968705484240153,
        1.6298006013006623,
        1.1110243021644486,
        1.286953767623375,
        1.1110243021644486,
        1.357847561400027,
        1.1319231422671772,
        1.103970108290981,
        1.25,
        1.165922381636102,
        1.0307764064044151,
        1.1388041973930374,
        1.1792476415070754,
        1.2747548783981961,
        1.2119199643540823,
        1.3228756555322954,
        1.118033988749895,
        1.2562344526401112,
        1.3287682265918312,
        1.14564392373896,
        1.2686114456365274,
        1.3693063937629153,
        1.224744871391589,
        1.243734296383275,
        1.6105123408406408,
        1.286953767623375,
        1.1792476415070754,
        1.1726039399558574,
        1.2119199643540823,
        1.159202311936963,
        1.125,
        1.1858541225631423,
        1.1792476415070754,
        1.103970108290981,
        1.1726039399558574,
        1.1388041973930374,
        1.299038105676658,
        1.1792476415070754,
        1.286953767623375,
        1.2374368670764582,
        1.3863170633011772
    ],
    [
        1.2562344526401112,
        1.3975424859373686,
        1.403121520040228,
        1.3228756555322954,
        0.0,
        1.403121520040228,
        1.3287682265918312,
        1.4415703243338496,
        1.346291201783626,
        1.352081728298996,
        1.8833148966649205,
        1.25,
        1.4737282653189494,
        1.346291201783626,
        1.2808688457449497,
        1.3693063937629153,
        1.3635890143294642,
        1.4523687548277813,
        1.3806701271484076,
        1.2808688457449497,
        1.334634781503914,
        1.3110110602126894,
        1.4523687548277813,
        1.224744871391589,
        1.4415703243338496,
        1.2808688457449497,
        1.4197270864500684,
        1.5206906325745548,
        1.2374368670764582,
        1.505199322349037,
        1.375,
        1.192424001771182,
        1.357847561400027,
        1.6056540723331412,
        1.4086784586980805,
        1.3287682265918312,
        1.3635890143294642,
        1.4737282653189494,
        1.346291201783626,
        1.3110110602126894,
        1.403121520040228,
        1.403121520040228,
        1.334634781503914,
        1.334634781503914,
        1.3169567191065923,
        1.3169567191065923,
        1.299038105676658,
        1.4361406616345072,
        1.1858541225631423,
        1.2808688457449497
    ],
    [
        1.3050383136138188,
        0.9437293044088437,
        1.713913650100261,
        1.2183492931011204,
        1.403121520040228,
        0.0,
        1.2054563451241194,
        1.0532687216470449,
        1.14564392373896,
        1.0968705484240153,
        1.3975424859373686,
        1.0532687216470449,
        1.0231690964840563,
        1.1858541225631423,
        1.243734296383275,
        1.015504800579495,
        1.0077822185373186,
        1.0897247358851685,
        1.0897247358851685,
        1.1319231422671772,
        1.2054563451241194,
        1.1110243021644486,
        1.0,
        1.489546910976623,
        1.3806701271484076,
        1.192424001771182,
        1.0458250331675945,
        1.0307764064044151,
        1.165922381636102,
        1.0680004681646913,
        1.6298006013006623,
        1.2930100540985752,
        1.352081728298996,
        1.8624580532189174,
        1.1388041973930374,
        1.159202311936963,
        1.1858541225631423,
        1.0383279828647594,
        1.0897247358851685,
        1.0825317547305484,
        1.0680004681646913,
        1.118033988749895,
        0.9762812094883317,
        1.1110243021644486,
        1.243734296383275,
        1.1792476415070754,
        1.1792476415070754,
        1.0307764064044151,
        1.2562344526401112,
        1.4469796128487782
    ],
    [
        1.3110110602126894,
        1.159202311936963,
        1.7320508075688772,
        1.165922381636102,
        1.3287682265918312,
        1.2054563451241194,
        0.0,
        1.224744871391589,
        1.2747548783981961,
        1.1858541225631423,
        1.7230060940112777,
        1.1858541225631423,
        1.2624381172952597,
        1.1524430571616109,
        1.286953767623375,
        1.159202311936963,
        1.2374368670764582,
        1.2808688457449497,
        1.3050383136138188,
        1.2183492931011204,
        1.25,
        1.3169567191065923,
        1.224744871391589,
        1.4142135623730951,
        1.375,
        1.3287682265918312,
        1.2562344526401112,
        1.3863170633011772,
        1.25,
        1.3635890143294642,
        1.505199322349037,
        1.2624381172952597,
        1.3635890143294642,
        1.704772712123232,
        1.25,
        1.2183492931011204,
        1.3287682265918312,
        1.3110110602126894,
        1.1319231422671772,
        1.2183492931011204,
        1.2562344526401112,
        1.2562344526401112,
        1.192424001771182,
        1.2747548783981961,
        1.286953767623375,
        1.357847561400027,
        1.1726039399558574,
        1.3110110602126894,
        1.3110110602126894,
        1.3975424859373686
    ],
    [
        1.286953767623375,
        0.9100137361600648,
        1.741048534648015,
        1.231107225224513,
        1.4415703243338496,
        1.0532687216470449,
        1.224744871391589,
        0.0,
        1.0606601717798212,
        1.0383279828647594,
        1.0752906583803283,
        0.9921567416492215,
        0.8477912478906585,
        1.1319231422671772,
        1.2930100540985752,
        0.9437293044088437,
        0.9100137361600648,
        0.8477912478906585,
        0.9842509842514764,
        1.0077822185373186,
        1.2183492931011204,
        1.165922381636102,
        0.8100925873009825,
        1.4684175155588413,
        1.4306903927824497,
        1.2054563451241194,
        0.82915619758885,
        0.8926785535678563,
        1.0383279828647594,
        0.7603453162872774,
        1.6441183047457382,
        1.3110110602126894,
        1.4197270864500684,
        1.9364916731037085,
        0.9185586535436918,
        1.165922381636102,
        1.0752906583803283,
        0.8569568250501305,
        0.960143218483576,
        1.0825317547305484,
        0.8477912478906585,
        0.9100137361600648,
        0.9354143466934853,
        0.9185586535436918,
        1.2183492931011204,
        0.9921567416492215,
        1.0606601717798212,
        0.9354143466934853,
        1.14564392373896,
        1.5155444566227676
    ],
    [
        1.2119199643540823,
        0.9682458365518543,
        1.5761900266148114,
        1.118033988749895,
        1.346291201783626,
        1.14564392373896,
        1.2747548783981961,
        1.0606601717798212,
        0.0,
        1.0,
        1.4415703243338496,
        1.118033988749895,
        1.1524430571616109,
        1.1388041973930374,
        1.192424001771182,
        1.0231690964840563,
        1.0680004681646913,
        1.0383279828647594,
        1.0968705484240153,
        1.0231690964840563,
        1.1110243021644486,
        1.0897247358851685,
        1.103970108290981,
        1.352081728298996,
        1.3975424859373686,
        1.0752906583803283,
        1.0458250331675945,
        1.1524430571616109,
        1.0825317547305484,
        1.14564392373896,
        1.489546910976623,
        1.192424001771182,
        1.3110110602126894,
        1.7275343701356567,
        1.1110243021644486,
        1.1524430571616109,
        1.165922381636102,
        1.1792476415070754,
        1.0532687216470449,
        1.159202311936963,
        1.118033988749895,
        1.0752906583803283,
        1.0606601717798212,
        0.9354143466934853,
        1.14564392373896,
        1.103970108290981,
        1.0752906583803283,
        1.2054563451241194,
        1.1726039399558574,
        1.3693063937629153
    ],
    [
        1.2686114456365274,
        0.9354143466934853,
        1.590990257669732,
        1.0968705484240153,
        1.352081728298996,
        1.0968705484240153,
        1.1858541225631423,
        1.0383279828647594,
        1.0,
        0.0,
        1.4577379737113252,
        1.0077822185373186,
        1.0752906583803283,
        1.0680004681646913,
        1.2374368670764582,
        1.015504800579495,
        1.015504800579495,
        1.0458250331675945,
        1.103970108290981,
        1.0680004681646913,
        1.192424001771182,
        1.1858541225631423,
        1.0825317547305484,
        1.3806701271484076,
        1.4086784586980805,
        1.14564392373896,
        0.9842509842514764,
        1.125,
        1.0231690964840563,
        1.0231690964840563,
        1.5461646096066226,
        1.2374368670764582,
        1.340475661845451,
        1.758905909933786,
        1.103970108290981,
        1.159202311936963,
        1.118033988749895,
        1.0897247358851685,
        1.0458250331675945,
        1.0680004681646913,
        1.0680004681646913,
        0.960143218483576,
        0.9842509842514764,
        1.0825317547305484,
        1.243734296383275,
        1.0825317547305484,
        1.159202311936963,
        0.9762812094883317,
        1.231107225224513,
        1.4630874888399532
    ],
    [
        1.648863244784115,
        1.125,
        2.6721947908039936,
        1.6298006013006623,
        1.8833148966649205,
        1.3975424859373686,
        1.7230060940112777,
        1.0752906583803283,
        1.4415703243338496,
        1.4577379737113252,
        0.0,
        1.25,
        0.9762812094883317,
        1.5155444566227676,
        1.6583123951777,
        1.1792476415070754,
        1.1388041973930374,
        0.9682458365518543,
        1.4630874888399532,
        1.346291201783626,
        1.6630168369562588,
        1.6863421954040052,
        1.0897247358851685,
        1.928406077567689,
        2.0077973005261263,
        1.6863421954040052,
        1.0231690964840563,
        0.7905694150420949,
        1.4142135623730951,
        0.8003905296791061,
        2.4109126902482387,
        1.7365554986812255,
        2.0953818267800264,
        2.831187913226531,
        1.0383279828647594,
        1.758905909933786,
        1.357847561400027,
        0.8660254037844386,
        1.2747548783981961,
        1.4415703243338496,
        1.299038105676658,
        1.165922381636102,
        1.2686114456365274,
        1.159202311936963,
        1.7677669529663689,
        1.0897247358851685,
        1.5,
        0.960143218483576,
        1.5206906325745548,
        2.1866069605669876
    ],
    [
        1.2747548783981961,
        0.9270248108869579,
        1.7455300054711176,
        1.1110243021644486,
        1.25,
        1.0532687216470449,
        1.1858541225631423,
        0.9921567416492215,
        1.118033988749895,
        1.0077822185373186,
        1.25,
        0.0,
        0.9354143466934853,
        1.0231690964840563,
        1.2686114456365274,
        0.8477912478906585,
        0.8477912478906585,
        0.8926785535678563,
        1.103970108290981,
        0.9519716382329886,
        1.165922381636102,
        1.1726039399558574,
        0.9270248108869579,
        1.3806701271484076,
        1.4142135623730951,
        1.1989578808281798,
        0.875,
        0.9682458365518543,
        1.0231690964840563,
        0.9100137361600648,
        1.620185174601965,
        1.2686114456365274,
        1.3693063937629153,
        1.7853571071357126,
        0.9437293044088437,
        1.1524430571616109,
        0.9842509842514764,
        0.8926785535678563,
        0.9921567416492215,
        1.0,
        0.9437293044088437,
        0.9270248108869579,
        0.9437293044088437,
        0.9100137361600648,
        1.192424001771182,
        1.0231690964840563,
        1.103970108290981,
        0.8477912478906585,
        1.1110243021644486,
        1.4469796128487782
    ],
    [
        1.3050383136138188,
        0.8838834764831844,
        1.899835519196333,
        1.286953767623375,
        1.4737282653189494,
        1.0231690964840563,
        1.2624381172952597,
        0.8477912478906585,
        1.1524430571616109,
        1.0752906583803283,
        0.9762812094883317,
        0.9354143466934853,
        0.0,
        1.125,
        1.3169567191065923,
        0.8477912478906585,
        0.75,
        0.75,
        1.0752906583803283,
        1.0458250331675945,
        1.3050383136138188,
        1.1989578808281798,
        0.7905694150420949,
        1.4947825928876748,
        1.5512092057488571,
        1.2930100540985752,
        0.6846531968814576,
        0.673145600891813,
        1.0897247358851685,
        0.6373774391990981,
        1.6909686573085854,
        1.346291201783626,
        1.5360257159305635,
        1.9921721813136535,
        0.7603453162872774,
        1.2747548783981961,
        0.9013878188659973,
        0.6846531968814576,
        0.8926785535678563,
        1.125,
        0.9682458365518543,
        0.8385254915624212,
        0.875,
        0.8477912478906585,
        1.3169567191065923,
        0.9013878188659973,
        1.2054563451241194,
        0.770551750371122,
        1.243734296383275,
        1.625
    ],
    [
        1.192424001771182,
        1.1319231422671772,
        1.595893166850463,
        1.1110243021644486,
        1.346291201783626,
        1.1858541225631423,
        1.1524430571616109,
        1.1319231422671772,
        1.1388041973930374,
        1.0680004681646913,
        1.5155444566227676,
        1.0231690964840563,
        1.125,
        0.0,
        1.3806701271484076,
        1.103970108290981,
        1.0383279828647594,
        1.0606601717798212,
        1.14564392373896,
        1.0077822185373186,
        1.0458250331675945,
        1.192424001771182,
        1.0825317547305484,
        1.2747548783981961,
        1.357847561400027,
        1.165922381636102,
        1.1319231422671772,
        1.1792476415070754,
        0.9921567416492215,
        1.1388041973930374,
        1.4523687548277813,
        1.3287682265918312,
        1.3228756555322954,
        1.6863421954040052,
        1.0383279828647594,
        1.118033988749895,
        0.9437293044088437,
        1.0968705484240153,
        1.14564392373896,
        1.159202311936963,
        1.0752906583803283,
        1.1388041973930374,
        1.125,
        1.0825317547305484,
        1.1726039399558574,
        1.1989578808281798,
        1.1524430571616109,
        1.0897247358851685,
        1.1792476415070754,
        1.4142135623730951
    ],
    [
        1.1524430571616109,
        1.2374368670764582,
        1.5,
        1.357847561400027,
        1.2808688457449497,
        1.243734296383275,
        1.286953767623375,
        1.2930100540985752,
        1.192424001771182,
        1.2374368670764582,
        1.6583123951777,
        1.2686114456365274,
        1.3169567191065923,
        1.3806701271484076,
        0.0,
        1.243734296383275,
        1.2183492931011204,
        1.3228756555322954,
        1.2562344526401112,
        1.2183492931011204,
        1.3050383136138188,
        1.2686114456365274,
        1.286953767623375,
        1.286953767623375,
        1.479019945774904,
        1.2562344526401112,
        1.243734296383275,
        1.3169567191065923,
        1.3110110602126894,
        1.3287682265918312,
        1.3635890143294642,
        1.14564392373896,
        1.3919410907075054,
        1.8371173070873836,
        1.346291201783626,
        1.2624381172952597,
        1.352081728298996,
        1.3110110602126894,
        1.2808688457449497,
        1.243734296383275,
        1.243734296383275,
        1.2054563451241194,
        1.2374368670764582,
        1.2747548783981961,
        1.3287682265918312,
        1.1110243021644486,
        1.2747548783981961,
        1.2747548783981961,
        1.1110243021644486,
        1.357847561400027
    ],
    [
        1.286953767623375,
        0.8385254915624212,
        1.713913650100261,
        1.1319231422671772,
        1.3693063937629153,
        1.015504800579495,
        1.159202311936963,
        0.9437293044088437,
        1.0231690964840563,
        1.015504800579495,
        1.1792476415070754,
        0.8477912478906585,
        0.8477912478906585,
        1.103970108290981,
        1.243734296383275,
        0.0,
        0.8660254037844386,
        0.8926785535678563,
        0.9842509842514764,
        0.960143218483576,
        1.159202311936963,
        1.125,
        0.9100137361600648,
        1.3919410907075054,
        1.4197270864500684,
        1.192424001771182,
        0.82915619758885,
        0.875,
        1.0606601717798212,
        0.875,
        1.5761900266148114,
        1.2808688457449497,
        1.4415703243338496,
        1.8833148966649205,
        0.960143218483576,
        1.1989578808281798,
        1.0458250331675945,
        0.8569568250501305,
        0.8926785535678563,
        1.0383279828647594,
        0.9100137361600648,
        0.8838834764831844,
        0.8926785535678563,
        0.8838834764831844,
        1.299038105676658,
        0.9437293044088437,
        1.103970108290981,
        0.82915619758885,
        1.2054563451241194,
        1.489546910976623
    ],
    [
        1.1726039399558574,
        0.8838834764831844,
        1.7001838135919305,
        1.103970108290981,
        1.3635890143294642,
        1.0077822185373186,
        1.2374368670764582,
        0.9100137361600648,
        1.0680004681646913,
        1.015504800579495,
        1.1388041973930374,
        0.8477912478906585,
        0.75,
        1.0383279828647594,
        1.2183492931011204,
        0.8660254037844386,
        0.0,
        0.8385254915624212,
        0.960143218483576,
        0.960143218483576,
        1.118033988749895,
        1.159202311936963,
        0.8838834764831844,
        1.352081728298996,
        1.4361406616345072,
        1.14564392373896,
        0.8100925873009825,
        0.8477912478906585,
        1.015504800579495,
        0.8003905296791061,
        1.5258194519667128,
        1.2054563451241194,
        1.3806701271484076,
        1.8624580532189174,
        0.9013878188659973,
        1.192424001771182,
        0.9682458365518543,
        0.8477912478906585,
        0.8926785535678563,
        1.0231690964840563,
        0.9437293044088437,
        0.8385254915624212,
        0.8660254037844386,
        0.8003905296791061,
        1.2374368670764582,
        0.9682458365518543,
        1.125,
        0.8838834764831844,
        1.1726039399558574,
        1.4469796128487782
    ],
    [
        1.2747548783981961,
        0.8838834764831844,
        1.8540496217739157,
        1.25,
        1.4523687548277813,
        1.0897247358851685,
        1.2808688457449497,
        0.8477912478906585,
        1.0383279828647594,
        1.0458250331675945,
        0.9682458365518543,
        0.8926785535678563,
        0.75,
        1.0606601717798212,
        1.3228756555322954,
        0.8926785535678563,
        0.8385254915624212,
        0.0,
        0.9762812094883317,
        0.960143218483576,
        1.2183492931011204,
        1.2624381172952597,
        0.7806247497997998,
        1.5155444566227676,
        1.5206906325745548,
        1.299038105676658,
        0.75,
        0.7288689868556626,
        1.0231690964840563,
        0.6373774391990981,
        1.7365554986812255,
        1.3228756555322954,
        1.4737282653189494,
        1.9803724397193574,
        0.739509972887452,
        1.357847561400027,
        0.9842509842514764,
        0.673145600891813,
        0.8838834764831844,
        1.0968705484240153,
        0.9013878188659973,
        0.8569568250501305,
        0.9437293044088437,
        0.8477912478906585,
        1.3050383136138188,
        0.9437293044088437,
        1.2183492931011204,
        0.6959705453537527,
        1.2183492931011204,
        1.620185174601965
    ],
    [
        1.1858541225631423,
        0.9519716382329886,
        1.6677080080157918,
        1.165922381636102,
        1.3806701271484076,
        1.0897247358851685,
        1.3050383136138188,
        0.9842509842514764,
        1.0968705484240153,
        1.103970108290981,
        1.4630874888399532,
        1.103970108290981,
        1.0752906583803283,
        1.14564392373896,
        1.2562344526401112,
        0.9842509842514764,
        0.960143218483576,
        0.9762812094883317,
        0.0,
        1.0231690964840563,
        1.1110243021644486,
        1.1319231422671772,
        1.0458250331675945,
        1.3169567191065923,
        1.4142135623730951,
        1.1110243021644486,
        1.015504800579495,
        1.0752906583803283,
        1.0231690964840563,
        1.015504800579495,
        1.541103500742244,
        1.231107225224513,
        1.334634781503914,
        1.7897276329095442,
        1.0383279828647594,
        1.2054563451241194,
        1.0458250331675945,
        0.9682458365518543,
        0.9519716382329886,
        1.0606601717798212,
        0.9437293044088437,
        1.0606601717798212,
        1.0307764064044151,
        0.9519716382329886,
        1.1388041973930374,
        1.1726039399558574,
        1.0897247358851685,
        1.1388041973930374,
        1.2374368670764582,
        1.4306903927824497
    ],
    [
        1.118033988749895,
        1.0307764064044151,
        1.6056540723331412,
        1.0307764064044151,
        1.2808688457449497,
        1.1319231422671772,
        1.2183492931011204,
        1.0077822185373186,
        1.0231690964840563,
        1.0680004681646913,
        1.346291201783626,
        0.9519716382329886,
        1.0458250331675945,
        1.0077822185373186,
        1.2183492931011204,
        0.960143218483576,
        0.960143218483576,
        0.960143218483576,
        1.0231690964840563,
        0.0,
        1.0897247358851685,
        1.0968705484240153,
        1.0307764064044151,
        1.231107225224513,
        1.3863170633011772,
        1.0968705484240153,
        0.9921567416492215,
        1.0458250331675945,
        0.9437293044088437,
        1.0231690964840563,
        1.5461646096066226,
        1.2808688457449497,
        1.2930100540985752,
        1.709349291397168,
        1.0231690964840563,
        1.0897247358851685,
        0.960143218483576,
        0.9437293044088437,
        1.0,
        1.0383279828647594,
        0.9842509842514764,
        1.0606601717798212,
        1.0752906583803283,
        0.9185586535436918,
        1.1319231422671772,
        1.1110243021644486,
        1.1388041973930374,
        1.0458250331675945,
        1.165922381636102,
        1.334634781503914
    ],
    [
        1.1726039399558574,
        1.0968705484240153,
        1.5103807466993215,
        1.1388041973930374,
        1.334634781503914,
        1.2054563451241194,
        1.25,
        1.2183492931011204,
        1.1110243021644486,
        1.192424001771182,
        1.6630168369562588,
        1.165922381636102,
        1.3050383136138188,
        1.0458250331675945,
        1.3050383136138188,
        1.159202311936963,
        1.118033988749895,
        1.2183492931011204,
        1.1110243021644486,
        1.0897247358851685,
        0.0,
        1.0680004681646913,
        1.2183492931011204,
        1.243734296383275,
        1.2054563451241194,
        1.159202311936963,
        1.243734296383275,
        1.340475661845451,
        1.0458250331675945,
        1.2808688457449497,
        1.4361406616345072,
        1.2747548783981961,
        1.2686114456365274,
        1.595893166850463,
        1.2624381172952597,
        1.165922381636102,
        1.1524430571616109,
        1.286953767623375,
        1.1792476415070754,
        1.1792476415070754,
        1.1989578808281798,
        1.231107225224513,
        1.1989578808281798,
        1.1858541225631423,
        1.1524430571616109,
        1.3287682265918312,
        1.1524430571616109,
        1.299038105676658,
        1.1726039399558574,
        1.375
    ],
    [
        1.224744871391589,
        1.1388041973930374,
        1.5612494995995996,
        1.1792476415070754,
        1.3110110602126894,
        1.1110243021644486,
        1.3169567191065923,
        1.165922381636102,
        1.0897247358851685,
        1.1858541225631423,
        1.6863421954040052,
        1.1726039399558574,
        1.1989578808281798,
        1.192424001771182,
        1.2686114456365274,
        1.125,
        1.159202311936963,
        1.2624381172952597,
        1.1319231422671772,
        1.0968705484240153,
        1.0680004681646913,
        0.0,
        1.2119199643540823,
        1.3693063937629153,
        1.2747548783981961,
        1.1726039399558574,
        1.231107225224513,
        1.357847561400027,
        1.1319231422671772,
        1.231107225224513,
        1.479019945774904,
        1.2054563451241194,
        1.2747548783981961,
        1.648863244784115,
        1.286953767623375,
        1.1989578808281798,
        1.2054563451241194,
        1.3169567191065923,
        1.1792476415070754,
        1.1792476415070754,
        1.2119199643540823,
        1.286953767623375,
        1.103970108290981,
        1.192424001771182,
        1.1110243021644486,
        1.286953767623375,
        1.2119199643540823,
        1.346291201783626,
        1.2930100540985752,
        1.3693063937629153
    ],
    [
        1.3169567191065923,
        0.8569568250501305,
        1.9445436482630056,
        1.2747548783981961,
        1.4523687548277813,
        1.0,
        1.224744871391589,
        0.8100925873009825,
        1.103970108290981,
        1.0825317547305484,
        1.0897247358851685,
        0.9270248108869579,
        0.7905694150420949,
        1.0825317547305484,
        1.286953767623375,
        0.9100137361600648,
        0.8838834764831844,
        0.7806247497997998,
        1.0458250331675945,
        1.0307764064044151,
        1.2183492931011204,
        1.2119199643540823,
        0.0,
        1.4469796128487782,
        1.4684175155588413,
        1.2686114456365274,
        0.7180703308172536,
        0.7180703308172536,
        1.1110243021644486,
        0.8100925873009825,
        1.7365554986812255,
        1.334634781503914,
        1.6298006013006623,
        2.0463381929681126,
        0.770551750371122,
        1.3693063937629153,
        1.125,
        0.7071067811865476,
        0.9762812094883317,
        1.1110243021644486,
        0.9100137361600648,
        0.9100137361600648,
        0.9519716382329886,
        0.9519716382329886,
        1.299038105676658,
        0.9013878188659973,
        1.0968705484240153,
        0.8838834764831844,
        1.192424001771182,
        1.6153559979150107
    ],
    [
        1.2624381172952597,
        1.3975424859373686,
        1.4086784586980805,
        1.2119199643540823,
        1.224744871391589,
        1.489546910976623,
        1.4142135623730951,
        1.4684175155588413,
        1.352081728298996,
        1.3806701271484076,
        1.928406077567689,
        1.3806701271484076,
        1.4947825928876748,
        1.2747548783981961,
        1.286953767623375,
        1.3919410907075054,
        1.352081728298996,
        1.5155444566227676,
        1.3169567191065923,
        1.231107225224513,
        1.243734296383275,
        1.3693063937629153,
        1.4469796128487782,
        0.0,
        1.403121520040228,
        1.2624381172952597,
        1.489546910976623,
        1.5662455107677085,
        1.2930100540985752,
        1.590990257669732,
        1.3228756555322954,
        1.2686114456365274,
        1.3806701271484076,
        1.590990257669732,
        1.4684175155588413,
        1.3050383136138188,
        1.3693063937629153,
        1.5309310892394863,
        1.3635890143294642,
        1.4469796128487782,
        1.340475661845451,
        1.4577379737113252,
        1.4197270864500684,
        1.3050383136138188,
        1.224744871391589,
        1.4252192813739224,
        1.3863170633011772,
        1.5512092057488571,
        1.1792476415070754,
        1.3287682265918312
    ],
    [
        1.3169567191065923,
        1.4086784586980805,
        1.5612494995995996,
        1.3228756555322954,
        1.4415703243338496,
        1.3806701271484076,
        1.375,
        1.4306903927824497,
        1.3975424859373686,
        1.4086784586980805,
        2.0077973005261263,
        1.4142135623730951,
        1.5512092057488571,
        1.357847561400027,
        1.479019945774904,
        1.4197270864500684,
        1.4361406616345072,
        1.5206906325745548,
        1.4142135623730951,
        1.3863170633011772,
        1.2054563451241194,
        1.2747548783981961,
        1.4684175155588413,
        1.403121520040228,
        0.0,
        1.3050383136138188,
        1.5103807466993215,
        1.6677080080157918,
        1.299038105676658,
        1.625,
        1.5309310892394863,
        1.403121520040228,
        1.357847561400027,
        1.6298006013006623,
        1.4947825928876748,
        1.3806701271484076,
        1.4197270864500684,
        1.571225636247067,
        1.4306903927824497,
        1.357847561400027,
        1.5,
        1.4469796128487782,
        1.4142135623730951,
        1.4684175155588413,
        1.334634781503914,
        1.58607219255619,
        1.3228756555322954,
        1.6583123951777,
        1.4415703243338496,
        1.489546910976623
    ],
    [
        1.192424001771182,
        1.1989578808281798,
        1.4947825928876748,
        1.118033988749895,
        1.2808688457449497,
        1.192424001771182,
        1.3287682265918312,
        1.2054563451241194,
        1.0752906583803283,
        1.14564392373896,
        1.6863421954040052,
        1.1989578808281798,
        1.2930100540985752,
        1.165922381636102,
        1.2562344526401112,
        1.192424001771182,
        1.14564392373896,
        1.299038105676658,
        1.1110243021644486,
        1.0968705484240153,
        1.159202311936963,
        1.1726039399558574,
        1.2686114456365274,
        1.2624381172952597,
        1.3050383136138188,
        0.0,
        1.2562344526401112,
        1.3919410907075054,
        1.0825317547305484,
        1.352081728298996,
        1.3863170633011772,
        1.3110110602126894,
        1.2183492931011204,
        1.6345871038277526,
        1.2686114456365274,
        1.1319231422671772,
        1.1792476415070754,
        1.3169567191065923,
        1.1319231422671772,
        1.1524430571616109,
        1.192424001771182,
        1.192424001771182,
        1.192424001771182,
        1.1110243021644486,
        1.1524430571616109,
        1.340475661845451,
        1.192424001771182,
        1.403121520040228,
        1.243734296383275,
        1.3050383136138188
    ],
    [
        1.2624381172952597,
        0.81967981553775,
        1.9039432764659772,
        1.2562344526401112,
        1.4197270864500684,
        1.0458250331675945,
        1.2562344526401112,
        0.82915619758885,
        1.0458250331675945,
        0.9842509842514764,
        1.0231690964840563,
        0.875,
        0.6846531968814576,
        1.1319231422671772,
        1.243734296383275,
        0.82915619758885,
        0.8100925873009825,
        0.75,
        1.015504800579495,
        0.9921567416492215,
        1.243734296383275,
        1.231107225224513,
        0.7180703308172536,
        1.489546910976623,
        1.5103807466993215,
        1.2562344526401112,
        0.0,
        0.6373774391990981,
        1.0825317547305484,
        0.6959705453537527,
        1.7001838135919305,
        1.3287682265918312,
        1.5155444566227676,
        2.023301757029831,
        0.75,
        1.2686114456365274,
        1.0752906583803283,
        0.7180703308172536,
        0.9519716382329886,
        1.0532687216470449,
        0.875,
        0.8003905296791061,
        0.8569568250501305,
        0.8477912478906585,
        1.2562344526401112,
        0.8569568250501305,
        1.159202311936963,
        0.7905694150420949,
        1.165922381636102,
        1.5612494995995996
    ],
    [
        1.3693063937629153,
        0.8569568250501305,
        2.0463381929681126,
        1.3287682265918312,
        1.5206906325745548,
        1.0307764064044151,
        1.3863170633011772,
        0.8926785535678563,
        1.1524430571616109,
        1.125,
        0.7905694150420949,
        0.9682458365518543,
        0.673145600891813,
        1.1792476415070754,
        1.3169567191065923,
        0.875,
        0.8477912478906585,
        0.7288689868556626,
        1.0752906583803283,
        1.0458250331675945,
        1.340475661845451,
        1.357847561400027,
        0.7180703308172536,
        1.5662455107677085,
        1.6677080080157918,
        1.3919410907075054,
        0.6373774391990981,
        0.0,
        1.159202311936963,
        0.649519052838329,
        1.7809758560968758,
        1.4086784586980805,
        1.6393596310755,
        2.1213203435596424,
        0.81967981553775,
        1.4415703243338496,
        1.1319231422671772,
        0.6614378277661477,
        0.9682458365518543,
        1.1792476415070754,
        0.9842509842514764,
        0.8003905296791061,
        1.0,
        0.8385254915624212,
        1.3863170633011772,
        0.8926785535678563,
        1.25,
        0.6959705453537527,
        1.25,
        1.6583123951777
    ],
    [
        1.1388041973930374,
        1.0231690964840563,
        1.648863244784115,
        1.14564392373896,
        1.2374368670764582,
        1.165922381636102,
        1.25,
        1.0383279828647594,
        1.0825317547305484,
        1.0231690964840563,
        1.4142135623730951,
        1.0231690964840563,
        1.0897247358851685,
        0.9921567416492215,
        1.3110110602126894,
        1.0606601717798212,
        1.015504800579495,
        1.0231690964840563,
        1.0231690964840563,
        0.9437293044088437,
        1.0458250331675945,
        1.1319231422671772,
        1.1110243021644486,
        1.2930100540985752,
        1.299038105676658,
        1.0825317547305484,
        1.0825317547305484,
        1.159202311936963,
        0.0,
        1.0897247358851685,
        1.5103807466993215,
        1.2930100540985752,
        1.2747548783981961,
        1.695582495781317,
        1.0532687216470449,
        1.1388041973930374,
        0.9921567416492215,
        1.0680004681646913,
        1.1110243021644486,
        1.0606601717798212,
        1.0606601717798212,
        1.103970108290981,
        1.0077822185373186,
        1.0077822185373186,
        1.1388041973930374,
        1.165922381636102,
        1.1524430571616109,
        1.0680004681646913,
        1.2054563451241194,
        1.3975424859373686
    ],
    [
        1.346291201783626,
        0.8477912478906585,
        1.8957188610128877,
        1.2686114456365274,
        1.505199322349037,
        1.0680004681646913,
        1.3635890143294642,
        0.7603453162872774,
        1.14564392373896,
        1.0231690964840563,
        0.8003905296791061,
        0.9100137361600648,
        0.6373774391990981,
        1.1388041973930374,
        1.3287682265918312,
        0.875,
        0.8003905296791061,
        0.6373774391990981,
        1.015504800579495,
        1.0231690964840563,
        1.2808688457449497,
        1.231107225224513,
        0.8100925873009825,
        1.590990257669732,
        1.625,
        1.352081728298996,
