[
    [
        0.0,
        0.4568809849129202,
        1.059047700176909,
        0.22534695471649932,
        0.13441133229754104,
        0.10364452469860624,
        0.12303137303143455,
        0.1269381000724369,
        0.31093357409581873,
        0.24407030237208294,
        0.14574029770451274,
        0.1887975933374152,
        0.10825317547305482,
        0.25,
        0.15857643070456592,
        0.14905300022139775,
        0.33620991861484395,
        0.21875,
        0.21079277442550065,
        0.14823176532039278,
        0.4151665704870757,
        0.28081563680642857,
        0.13258252147247765,
        0.08838834764831845,
        0.5879652413195868,
        1.0411457030598552,
        0.3909373750999001,
        0.1288470508005519,
        0.1316585902058806,
        0.21875,
        0.20070675904164265,
        0.3733688482921413,
        0.45204612942154476,
        0.16237976320958225,
        0.4841229182759271,
        0.1288470508005519,
        0.3694247005480278,
        0.16010860571811872,
        0.2415566380271923,
        0.35008369535012623,
        0.12401959270615269,
        0.11158481919598204,
        0.7746947203397105,
        0.28512949360772905,
        0.15546678704790937,
        0.225888004606265,
        0.16682934768798924,
        0.10597390598633231,
        0.24407030237208294
    ],
    [
        0.4568809849129202,
        0.0,
        0.6165443642796519,
        0.2170694373351532,
        0.30095875444153475,
        0.16973094517500337,
        0.40924377667839984,
        0.25291271962872885,
        0.3451675317871019,
        0.449880626527749,
        0.4180965050081141,
        0.4539324701979359,
        0.3472829807952011,
        0.4113264556590057,
        0.42129589883477386,
        0.43385760552858815,
        0.4014135180832853,
        0.20551478809321727,
        0.1887975933374152,
        0.20252314682524564,
        0.15388840315306412,
        0.23017062285400366,
        0.34693130173710185,
        0.3329261836353518,
        0.22803936748947537,
        0.7585772558711472,
        0.29189908894170946,
        0.2872621298570349,
        0.22642776165920997,
        0.1660960283239789,
        0.22963966338592295,
        0.16682934768798924,
        0.2170694373351532,
        0.3398212995458054,
        0.20787710461953235,
        0.22152260748059102,
        0.16973094517500337,
        0.3552755312781898,
        0.25,
        0.2405438174740727,
        0.3284968131504475,
        0.23175620272173947,
        0.41274193241997814,
        0.171875,
        0.3504322108125907,
        0.18814991529362962,
        0.33548297739974825,
        0.24902152266420668,
        0.2893790496476896
    ],
    [
        1.059047700176909,
        0.6165443642796519,
        0.0,
        0.6771233962506391,
        0.840996665049868,
        0.7514634160256906,
        1.0471081829854068,
        0.8115980570762845,
        0.7574499777213014,
        1.0752906583803283,
        1.049320836898801,
        1.0816292687422988,
        0.9701350985172117,
        1.0145426925467453,
        1.046758389027764,
        0.9663528810041392,
        0.8701034870203659,
        0.6963212485986623,
        0.6764019006847926,
        0.839107598881097,
        0.5048592006688597,
        0.8106951106920529,
        0.9288664967313656,
        0.9570870519445972,
        0.46561451330472936,
        0.37565047750535335,
        0.7219696907592451,
        0.9698834095524059,
        0.8247277012747904,
        0.7418173419043262,
        0.7292038680986271,
        0.5910712599805543,
        0.5441898364771249,
        1.0293543182500378,
        0.5151512975573292,
        0.7371953820053405,
        0.5627169720427846,
        0.9456675469608756,
        0.7727664386798899,
        0.6069663937360947,
        0.9424349281250138,
        0.8175922157469456,
        0.507405018136947,
        0.6667683841672459,
        0.9914182549509566,
        0.658292951029403,
        0.9200193187509705,
        0.8748604799480887,
        1.0752906583803283
    ],
    [
        0.22534695471649932,
        0.2170694373351532,
        0.6771233962506391,
        0.0,
        0.1316585902058806,
        0.17399263633843817,
        0.2773162398327945,
        0.13799626353637262,
        0.14740595518838442,
        0.3472829807952011,
        0.2768757054167086,
        0.31715286140913185,
        0.22207297505549836,
        0.21986323874172325,
        0.28853414550967793,
        0.213668661424646,
        0.1988737822087165,
        0.12401959270615269,
        0.14740595518838442,
        0.15780476466190746,
        0.20191949973937634,
        0.16535945694153692,
        0.1788362990978062,
        0.2013140426050801,
        0.3045873232752801,
        0.6525191568069094,
        0.21137108216357317,
        0.24754655496491967,
        0.15309310892394862,
        0.1608692209529219,
        0.20432338797846908,
        0.19390115071860714,
        0.265625,
        0.298923851089203,
        0.2609889545076573,
        0.1137517170200081,
        0.18944305707784595,
        0.1767766952966369,
        0.125,
        0.2312288841710741,
        0.1660960283239789,
        0.14905300022139775,
        0.41874481754670373,
        0.18619336387207788,
        0.25291271962872885,
        0.203125,
        0.15934435979977452,
        0.17044862679118303,
        0.3472829807952011
    ],
    [
        0.13441133229754104,
        0.30095875444153475,
        0.840996665049868,
        0.1316585902058806,
        0.0,
        0.1269381000724369,
        0.2049199538844375,
        0.13710881855300192,
        0.2170694373351532,
        0.31444705933590794,
        0.24256522962906288,
        0.27018150727797785,
        0.18221724671391565,
        0.25911131174651564,
        0.2312288841710741,
        0.18221724671391565,
        0.28125,
        0.15625,
        0.12979099785809492,
        0.13975424859373686,
        0.2548360379734389,
        0.23644915547533682,
        0.16755945773068137,
        0.16387638252658618,
        0.4416654382844553,
        0.8323887876167002,
        0.22316963839196408,
        0.203125,
        0.10597390598633231,
        0.120017902310447,
        0.20372507516258279,
        0.23799290955824715,
        0.35458767868469426,
        0.23644915547533682,
        0.3535533905932738,
        0.11692679333668567,
        0.22426093897511443,
        0.15068204314051492,
        0.12203515118604147,
        0.21930732574403436,
        0.14149039278339715,
        0.1514899955442603,
        0.5317858816839098,
        0.19200321449132043,
        0.22803936748947537,
        0.15546678704790937,
        0.18288593610499415,
        0.1307281291459493,
        0.31444705933590794
    ],
    [
        0.10364452469860624,
        0.16973094517500337,
        0.7514634160256906,
        0.17399263633843817,
        0.1269381000724369,
        0.0,
        0.14823176532039278,
        0.08838834764831845,
        0.2679129406169101,
        0.21423920626253262,
        0.1788362990978062,
        0.19702375332685143,
        0.12303137303143455,
        0.25048780534189685,
        0.16387638252658618,
        0.13799626353637262,
        0.26972932033800107,
        0.15388840315306412,
        0.15388840315306412,
        0.07654655446197431,
        0.24506854908372067,
        0.14740595518838442,
        0.1288470508005519,
        0.12401959270615269,
        0.3518228202874282,
        0.839107598881097,
        0.2538762001448738,
        0.13441133229754104,
        0.11158481919598204,
        0.10364452469860624,
        0.16973094517500337,
        0.21021287573552672,
        0.30935921676911454,
        0.16237976320958225,
        0.3236299246438747,
        0.0924387466109315,
        0.23385358667337133,
        0.17044862679118303,
        0.18087245160609727,
        0.2405438174740727,
        0.13799626353637262,
        0.109375,
        0.48375856832779257,
        0.19764235376052372,
        0.15934435979977452,
        0.16312978920172735,
        0.1616262567623219,
        0.06810779599282303,
        0.20252314682524564
    ],
    [
        0.12303137303143455,
        0.40924377667839984,
        1.0471081829854068,
        0.2773162398327945,
        0.2049199538844375,
        0.14823176532039278,
        0.0,
        0.21423920626253262,
        0.34375,
        0.04941058844013093,
        0.06051536478449089,
        0.05182226234930312,
        0.07328774624724109,
        0.2910615001593306,
        0.03125,
        0.14657549249448218,
        0.40564859330459907,
        0.29933193844793776,
        0.2764344689524083,
        0.1753901900050285,
        0.5115845482420281,
        0.258167369404036,
        0.14149039278339715,
        0.09631896879639025,
        0.59375,
        1.1583595620531648,
        0.4555431167847891,
        0.034938562148434216,
        0.17608480733726006,
        0.2706329386826371,
        0.20252314682524564,
        0.44138896536954797,
        0.5053425508998821,
        0.02209708691207961,
        0.5450863607035128,
        0.1801962905417312,
        0.46192954684670257,
        0.18087245160609727,
        0.3029799910885206,
        0.4460657007381312,
        0.1616262567623219,
        0.17469281074217108,
        0.7973514370941531,
        0.34798527267687634,
        0.07654655446197431,
        0.26836818808308854,
        0.19640320453088336,
        0.15546678704790937,
        0.04941058844013093
    ],
    [
        0.1269381000724369,
        0.25291271962872885,
        0.8115980570762845,
        0.13799626353637262,
        0.13710881855300192,
        0.08838834764831845,
        0.21423920626253262,
        0.0,
        0.213668661424646,
        0.3140586131600278,
        0.21079277442550065,
        0.2543565718140579,
        0.1660960283239789,
        0.1801962905417312,
        0.2385052737886523,
        0.13621559198564606,
        0.20787710461953235,
        0.13621559198564606,
        0.1788362990978062,
        0.12789613706050704,
        0.265625,
        0.14986973510352247,
        0.10004881620988826,
        0.11267347735824966,
        0.374022162612057,
        0.847935221950946,
        0.2567449488305466,
        0.2013140426050801,
        0.13975424859373686,
        0.15857643070456592,
        0.20551478809321727,
        0.2460627460628691,
        0.30338262248355624,
        0.24655834121967968,
        0.30578727798095195,
        0.11481983169296148,
        0.2665425329567497,
        0.14405538214520136,
        0.15068204314051492,
        0.19948664585630788,
        0.11481983169296148,
        0.08699631816921909,
        0.5023544824540404,
        0.22696623509896796,
        0.19825902406952375,
        0.21423920626253262,
        0.11796616305110547,
        0.11796616305110547,
        0.3140586131600278
    ],
    [
        0.31093357409581873,
        0.3451675317871019,
        0.7574499777213014,
        0.14740595518838442,
        0.2170694373351532,
        0.2679129406169101,
        0.34375,
        0.213668661424646,
        0.0,
        0.3881169483866944,
        0.3262595784034547,
        0.34938562148434216,
        0.28768675999253074,
        0.22642776165920997,
        0.34053897996411514,
        0.24105075969596113,
        0.21763106683100186,
        0.22480460265528374,
        0.29563887388163285,
        0.25242960033442985,
        0.3376591060152236,
        0.22696623509896796,
        0.22696623509896796,
        0.2576941016011038,
        0.2533949178160446,
        0.7134656285519296,
        0.26972932033800107,
        0.3128903811640748,
        0.24803918541230538,
        0.26005182776708186,
        0.24803918541230538,
        0.358013726168425,
        0.2572199630180364,
        0.3518228202874282,
        0.255314603724503,
        0.20252314682524564,
        0.3563048203434806,
        0.22316963839196408,
        0.1907274314958391,
        0.225888004606265,
        0.2405438174740727,
        0.23644915547533682,
        0.42200358122822185,
        0.2781952158557009,
        0.2976962325509008,
        0.31792171795899693,
        0.1788362990978062,
        0.26608416196760004,
        0.3881169483866944
    ],
    [
        0.24407030237208294,
        0.449880626527749,
        1.0752906583803283,
        0.3472829807952011,
        0.31444705933590794,
        0.21423920626253262,
        0.04941058844013093,
        0.3140586131600278,
        0.3881169483866944,
        0.0,
        0.07328774624724109,
        0.038273277230987154,
        0.14823176532039278,
        0.34053897996411514,
        0.04419417382415922,
        0.19327057620082783,
        0.43498159084609545,
        0.3775951866748304,
        0.3727143888086426,
        0.2385052737886523,
        0.5760096434739613,
        0.28341183042526646,
        0.18221724671391565,
        0.13258252147247765,
        0.6226518389116024,
        1.2205515530898317,
        0.5079927564690269,
        0.08699631816921909,
        0.26836818808308854,
        0.33145630368119416,
        0.214808235701055,
        0.4982880849719367,
        0.5300998579277304,
        0.03125,
        0.5749490466554406,
        0.2567449488305466,
        0.5530896881383706,
        0.25146057717861064,
        0.3968257843500092,
        0.5101508661660784,
        0.23644915547533682,
        0.25146057717861064,
        0.8353328875281466,
        0.4352621336620037,
        0.0855816496101822,
        0.34938562148434216,
        0.24206145913796356,
        0.2633171804117612,
        0.0
    ],
    [
        0.14574029770451274,
        0.4180965050081141,
        1.049320836898801,
        0.2768757054167086,
        0.24256522962906288,
        0.1788362990978062,
        0.06051536478449089,
        0.21079277442550065,
        0.3262595784034547,
        0.07328774624724109,
        0.0,
        0.034938562148434216,
        0.078125,
        0.2619227283475033,
        0.05633673867912483,
        0.14405538214520136,
        0.37205877811845806,
        0.3029799910885206,
        0.3217384419058438,
        0.184877493221863,
        0.518458125719908,
        0.22910747341586218,
        0.11796616305110547,
        0.09375,
        0.5555121510822243,
        1.1695810881999589,
        0.45258588618625745,
        0.06442352540027595,
        0.2096313728906053,
        0.28254908312539256,
        0.2072890493972125,
        0.45607873497895074,
        0.4705693858242374,
        0.05846339666834283,
        0.5084731279772806,
        0.19200321449132043,
        0.4836183606419425,
        0.1690102160373745,
        0.3053878169639385,
        0.4287632104378826,
        0.13799626353637262,
        0.15309310892394862,
        0.760684170984326,
        0.37304176207229134,
        0.04941058844013093,
        0.3097535562749845,
        0.16755945773068137,
        0.16535945694153692,
        0.07328774624724109
    ],
    [
        0.1887975933374152,
        0.4539324701979359,
        1.0816292687422988,
        0.31715286140913185,
        0.27018150727797785,
        0.19702375332685143,
        0.05182226234930312,
        0.2543565718140579,
        0.34938562148434216,
        0.038273277230987154,
        0.034938562148434216,
        0.0,
        0.10245997694221876,
        0.28768675999253074,
        0.04133986423538423,
        0.15780476466190746,
        0.39744054193677825,
        0.350780380010057,
        0.34798527267687634,
        0.22803936748947537,
        0.5648821088289131,
        0.2670001170411728,
        0.14149039278339715,
        0.10245997694221876,
        0.585051413339033,
        1.2058613363484212,
        0.47315637280396,
        0.05846339666834283,
        0.22910747341586218,
        0.3101473943949876,
        0.213096589015404,
        0.48839061275274326,
        0.49509310992983935,
        0.04941058844013093,
        0.533542846217621,
        0.23385358667337133,
        0.5254741162750074,
        0.19452968121857395,
        0.3465792658252943,
        0.4684895109551547,
        0.17044862679118303,
        0.1907274314958391,
        0.7962790527579582,
        0.4139887906091178,
        0.06987712429686843,
        0.3247595264191645,
        0.19327057620082783,
        0.21079277442550065,
        0.038273277230987154
    ],
    [
        0.10825317547305482,
        0.3472829807952011,
        0.9701350985172117,
        0.22207297505549836,
        0.18221724671391565,
        0.12303137303143455,
        0.07328774624724109,
        0.1660960283239789,
        0.28768675999253074,
        0.14823176532039278,
        0.078125,
        0.10245997694221876,
        0.0,
        0.21986323874172325,
        0.07967217989988726,
        0.1335000585205864,
        0.3243834295629171,
        0.24356964481437338,
        0.2415566380271923,
        0.12303137303143455,
        0.44276960360327355,
        0.18684782411095935,
        0.109375,
        0.06051536478449089,
        0.4810876349481454,
        1.089276566120836,
        0.363763960213213,
        0.038273277230987154,
        0.13531646934131855,
        0.2072890493972125,
        0.18087245160609727,
        0.36843206632973735,
        0.40625,
        0.07967217989988726,
        0.4386146514880687,
        0.14657549249448218,
        0.39805435008928114,
        0.13258252147247765,
        0.23747943989954162,
        0.3694247005480278,
        0.11899645477912357,
        0.13887803777055607,
        0.6694683965862599,
        0.29481191037676885,
        0.06629126073623882,
        0.23175620272173947,
        0.14905300022139775,
        0.10825317547305482,
        0.14823176532039278
    ],
    [
        0.25,
        0.4113264556590057,
        1.0145426925467453,
        0.21986323874172325,
        0.25911131174651564,
        0.25048780534189685,
        0.2910615001593306,
        0.1801962905417312,
        0.22642776165920997,
        0.34053897996411514,
        0.2619227283475033,
        0.28768675999253074,
        0.21986323874172325,
        0.0,
        0.28853414550967793,
        0.2538762001448738,
        0.26238836912104163,
        0.21021287573552672,
        0.3049878327491115,
        0.20846350100197397,
        0.4316008536541604,
        0.15780476466190746,
        0.20610790559801437,
        0.18553659510996745,
        0.23541436208311506,
        1.1110243021644486,
        0.271083618326523,
        0.24705294220065463,
        0.23747943989954162,
        0.24853083938416978,
        0.11267347735824966,
        0.38177474133970674,
        0.20551478809321727,
        0.29189908894170946,
        0.240035804620894,
        0.21930732574403436,
        0.4186800314679457,
        0.213668661424646,
        0.2312288841710741,
        0.2385052737886523,
        0.2072890493972125,
        0.2072890493972125,
        0.34438073447534456,
        0.3167677333236452,
        0.22041774968227945,
        0.2976962325509008,
        0.1335000585205864,
        0.2153757617514097,
        0.34053897996411514
    ],
    [
        0.15857643070456592,
        0.42129589883477386,
        1.046758389027764,
        0.28853414550967793,
        0.2312288841710741,
        0.16387638252658618,
        0.03125,
        0.2385052737886523,
        0.34053897996411514,
        0.04419417382415922,
        0.05633673867912483,
        0.04133986423538423,
        0.07967217989988726,
        0.28853414550967793,
        0.0,
        0.15068204314051492,
        0.40019526483955303,
        0.3101473943949876,
        0.30095875444153475,
        0.1907274314958391,
        0.5432918328348034,
        0.24506854908372067,
        0.13975424859373686,
        0.0924387466109315,
        0.5810735619308454,
        1.1981430945425509,
        0.45285552331841994,
        0.046875,
        0.20372507516258279,
        0.2893790496476896,
        0.184877493221863,
        0.46034124570800733,
        0.48938936760518204,
        0.03125,
        0.5307902422332197,
        0.1988737822087165,
        0.489139870078079,
        0.19452968121857395,
        0.32775276505317236,
        0.47238176430721796,
        0.17746588580625855,
        0.19702375332685143,
        0.7899172007418105,
        0.3644344934278313,
        0.05633673867912483,
        0.293567097313374,
        0.19515618744994995,
        0.1875,
        0.04419417382415922
    ],
    [
        0.14905300022139775,
        0.43385760552858815,
        0.9663528810041392,
        0.213668661424646,
        0.18221724671391565,
        0.13799626353637262,
        0.14657549249448218,
        0.13621559198564606,
        0.24105075969596113,
        0.19327057620082783,
        0.14405538214520136,
        0.15780476466190746,
        0.1335000585205864,
        0.2538762001448738,
        0.15068204314051492,
        0.0,
        0.2706329386826371,
        0.19008632907181935,
        0.265625,
        0.19008632907181935,
        0.3671043788897103,
        0.2628531850196988,
        0.10597390598633231,
        0.08838834764831845,
        0.5275607192541917,
        0.9228014412645875,
        0.34938562148434216,
        0.14149039278339715,
        0.1616262567623219,
        0.19640320453088336,
        0.2125229766989913,
        0.38305158350410196,
        0.3955934031616301,
        0.16010860571811872,
        0.40924377667839984,
        0.14740595518838442,
        0.3798514306607256,
        0.13441133229754104,
        0.258639771206982,
        0.2881107642904027,
        0.15388840315306412,
        0.13887803777055607,
        0.642337649721702,
        0.2981060004427955,
        0.14490028899212037,
        0.2460627460628691,
        0.1316585902058806,
        0.15780476466190746,
        0.19327057620082783
    ],
    [
        0.33620991861484395,
        0.4014135180832853,
        0.8701034870203659,
        0.1988737822087165,
        0.28125,
        0.26972932033800107,
        0.40564859330459907,
        0.20787710461953235,
        0.21763106683100186,
        0.43498159084609545,
        0.37205877811845806,
        0.39744054193677825,
        0.3243834295629171,
        0.26238836912104163,
        0.40019526483955303,
        0.2706329386826371,
        0.0,
        0.22642776165920997,
        0.3535533905932738,
        0.30136408628102984,
        0.3874873989886639,
        0.1988737822087165,
        0.2628531850196988,
        0.28384222069663984,
        0.2939826206597934,
        0.7815624375249876,
        0.2724311839712921,
        0.3465792658252943,
        0.2764344689524083,
        0.24754655496491967,
        0.23696485762661096,
        0.36005370693134103,
        0.2509746625657658,
        0.4017175041307013,
        0.27198273727389394,
        0.19948664585630788,
        0.4358226775306673,
        0.20787710461953235,
        0.22696623509896796,
        0.19702375332685143,
        0.2445699350390395,
        0.22696623509896796,
        0.3138426019829756,
        0.3433947027474361,
        0.338381372307933,
        0.31483502624390447,
        0.24105075969596113,
        0.258167369404036,
        0.43498159084609545
    ],
    [
        0.21875,
        0.20551478809321727,
        0.6963212485986623,
        0.12401959270615269,
        0.15625,
        0.15388840315306412,
        0.29933193844793776,
        0.13621559198564606,
        0.22480460265528374,
        0.3775951866748304,
        0.3029799910885206,
        0.350780380010057,
        0.24356964481437338,
        0.21021287573552672,
        0.3101473943949876,
        0.19008632907181935,
        0.22642776165920997,
        0.0,
        0.14905300022139775,
        0.1570293065800139,
        0.18288593610499415,
        0.15546678704790937,
        0.19515618744994995,
        0.20432338797846908,
        0.27332587007087344,
        0.7292038680986271,
        0.21137108216357317,
        0.2728788936964528,
        0.16973094517500337,
        0.140625,
        0.20787710461953235,
        0.1753901900050285,
        0.20787710461953235,
        0.3262595784034547,
        0.22041774968227945,
        0.10825317547305482,
        0.16828640022295324,
        0.17469281074217108,
        0.15229366163764005,
        0.1988737822087165,
        0.16828640022295324,
        0.13710881855300192,
        0.441696146814879,
        0.15309310892394862,
        0.28125,
        0.1767766952966369,
        0.14657549249448218,
        0.1753901900050285,
        0.3775951866748304
    ],
    [
        0.21079277442550065,
        0.1887975933374152,
        0.6764019006847926,
        0.14740595518838442,
        0.12979099785809492,
        0.15388840315306412,
        0.2764344689524083,
        0.1788362990978062,
        0.29563887388163285,
        0.3727143888086426,
        0.3217384419058438,
        0.34798527267687634,
        0.2415566380271923,
        0.3049878327491115,
        0.30095875444153475,
        0.265625,
        0.3535533905932738,
        0.14905300022139775,
        0.0,
        0.16755945773068137,
        0.171875,
        0.2543565718140579,
        0.2405438174740727,
        0.22963966338592295,
        0.3644344934278313,
        0.6758602735588177,
        0.22316963839196408,
        0.2633171804117612,
        0.14740595518838442,
        0.13887803777055607,
        0.23280725665236468,
        0.15309310892394862,
        0.2976962325509008,
        0.3049878327491115,
        0.2960514893983815,
        0.140625,
        0.13975424859373686,
        0.22642776165920997,
        0.15934435979977452,
        0.20669932117692114,
        0.20669932117692114,
        0.2013140426050801,
        0.42200358122822185,
        0.11796616305110547,
        0.29481191037676885,
        0.12103072956898178,
        0.27332587007087344,
        0.1788362990978062,
        0.3727143888086426
    ],
    [
        0.14823176532039278,
        0.20252314682524564,
        0.839107598881097,
        0.15780476466190746,
        0.13975424859373686,
        0.07654655446197431,
        0.1753901900050285,
        0.12789613706050704,
        0.25242960033442985,
        0.2385052737886523,
        0.184877493221863,
        0.22803936748947537,
        0.12303137303143455,
        0.20846350100197397,
        0.1907274314958391,
        0.19008632907181935,
        0.30136408628102984,
        0.1570293065800139,
        0.16755945773068137,
        0.0,
        0.31638213642682167,
        0.12789613706050704,
        0.16461958988832404,
        0.120017902310447,
        0.3775951866748304,
        0.967489098775795,
        0.28512949360772905,
        0.14149039278339715,
        0.10825317547305482,
        0.1288470508005519,
        0.11481983169296148,
        0.2642427269576213,
        0.3125,
        0.18421603316486868,
        0.3376591060152236,
        0.10597390598633231,
        0.2781952158557009,
        0.14986973510352247,
        0.16535945694153692,
        0.296875,
        0.12979099785809492,
        0.120017902310447,
        0.55794840586842,
        0.19515618744994995,
        0.1608692209529219,
        0.17399263633843817,
        0.15780476466190746,
        0.08267972847076846,
        0.23385358667337133
    ],
    [
        0.4151665704870757,
        0.15388840315306412,
        0.5048592006688597,
        0.20191949973937634,
        0.2548360379734389,
        0.24506854908372067,
        0.5115845482420281,
        0.265625,
        0.3376591060152236,
        0.5760096434739613,
        0.518458125719908,
        0.5648821088289131,
        0.44276960360327355,
        0.4316008536541604,
        0.5432918328348034,
        0.3671043788897103,
        0.3874873989886639,
        0.18288593610499415,
        0.171875,
        0.31638213642682167,
        0.0,
        0.2773162398327945,
        0.359375,
        0.4077496359593715,
        0.18087245160609727,
        0.5869262490935296,
        0.2395267143243108,
        0.4658766098711117,
        0.3049878327491115,
        0.22426093897511443,
        0.2619227283475033,
        0.15857643070456592,
        0.19008632907181935,
        0.5236123775036262,
        0.17044862679118303,
        0.2125229766989913,
        0.1288470508005519,
        0.37629983058725924,
        0.2312288841710741,
        0.23017062285400366,
        0.3563048203434806,
        0.2927342811749249,
        0.2889099635074721,
        0.16010860571811872,
        0.4908836897626565,
        0.2275034340400162,
        0.36241917202322504,
        0.3401803290168319,
        0.5760096434739613
    ],
    [
        0.28081563680642857,
        0.23017062285400366,
        0.8106951106920529,
        0.16535945694153692,
        0.23644915547533682,
        0.14740595518838442,
        0.258167369404036,
        0.14986973510352247,
        0.22696623509896796,
        0.28341183042526646,
        0.22910747341586218,
        0.2670001170411728,
        0.18684782411095935,
        0.15780476466190746,
        0.24506854908372067,
        0.2628531850196988,
        0.1988737822087165,
        0.15546678704790937,
        0.2543565718140579,
        0.12789613706050704,
        0.2773162398327945,
        0.0,
        0.1753901900050285,
        0.1875,
        0.265625,
        0.8998969124988706,
        0.2665425329567497,
        0.19578068884596356,
        0.17399263633843817,
        0.1788362990978062,
        0.14490028899212037,
        0.31171777098843756,
        0.2430679560328757,
        0.2728788936964528,
        0.23747943989954162,
        0.14574029770451274,
        0.33548297739974825,
        0.14235052467412967,
        0.19515618744994995,
        0.23280725665236468,
        0.11692679333668567,
        0.10825317547305482,
        0.4408354993645589,
        0.26005182776708186,
        0.1767766952966369,
        0.25194555463432966,
        0.11048543456039805,
        0.12597277731716483,
        0.28341183042526646
    ],
    [
        0.13258252147247765,
        0.34693130173710185,
        0.9288664967313656,
        0.1788362990978062,
        0.16755945773068137,
        0.1288470508005519,
        0.14149039278339715,
        0.10004881620988826,
        0.22696623509896796,
        0.18221724671391565,
        0.11796616305110547,
        0.14149039278339715,
        0.109375,
        0.20610790559801437,
        0.13975424859373686,
        0.10597390598633231,
        0.2628531850196988,
        0.19515618744994995,
        0.2405438174740727,
        0.16461958988832404,
        0.359375,
        0.1753901900050285,
        0.0,
        0.07967217989988726,
        0.42475866309588084,
        0.9663528810041392,
        0.2976962325509008,
        0.120017902310447,
        0.1570293065800139,
        0.20252314682524564,
        0.20070675904164265,
        0.32960973608951544,
        0.35869500885153116,
        0.14490028899212037,
        0.37727176461405115,
        0.14320549046737,
        0.3458741190809165,
        0.11587810136086973,
        0.214808235701055,
        0.28168369339562416,
        0.06810779599282303,
        0.08267972847076846,
        0.5985279250656007,
        0.28470104934825935,
        0.11899645477912357,
        0.2533949178160446,
        0.10825317547305482,
        0.12203515118604147,
        0.18221724671391565
    ],
    [
        0.08838834764831845,
        0.3329261836353518,
        0.9570870519445972,
        0.2013140426050801,
        0.16387638252658618,
        0.12401959270615269,
        0.09631896879639025,
        0.11267347735824966,
        0.2576941016011038,
        0.13258252147247765,
        0.09375,
        0.10245997694221876,
        0.06051536478449089,
        0.18553659510996745,
        0.0924387466109315,
        0.08838834764831845,
        0.28384222069663984,
        0.20432338797846908,
        0.22963966338592295,
        0.120017902310447,
        0.4077496359593715,
        0.1875,
        0.07967217989988726,
        0.0,
        0.4590134631740119,
        1.0495534764841665,
        0.3175375223890871,
        0.08118988160479113,
        0.11796616305110547,
        0.18154609435347266,
        0.16237976320958225,
        0.3451675317871019,
        0.369754986443726,
        0.09757809372497497,
        0.3928064090617667,
        0.13441133229754104,
        0.3775951866748304,
        0.12303137303143455,
        0.21423920626253262,
        0.3167677333236452,
        0.09375,
        0.11158481919598204,
        0.6410271434277266,
        0.28512949360772905,
        0.06987712429686843,
        0.2170694373351532,
        0.12401959270615269,
        0.08838834764831845,
        0.13258252147247765
    ],
    [
        0.5879652413195868,
        0.22803936748947537,
        0.46561451330472936,
        0.3045873232752801,
        0.4416654382844553,
        0.3518228202874282,
        0.59375,
        0.374022162612057,
        0.2533949178160446,
        0.6226518389116024,
        0.5555121510822243,
        0.585051413339033,
        0.4810876349481454,
        0.23541436208311506,
        0.5810735619308454,
        0.5275607192541917,
        0.2939826206597934,
        0.27332587007087344,
        0.3644344934278313,
        0.3775951866748304,
        0.18087245160609727,
        0.265625,
        0.42475866309588084,
        0.4590134631740119,
        0.0,
        0.5243113042363287,
        0.3247595264191645,
        0.5134898976610932,
        0.37952993129659746,
        0.2981060004427955,
        0.16010860571811872,
        0.2786336640644845,
        0.14405538214520136,
        0.5854685623498498,
        0.08267972847076846,
        0.3563048203434806,
        0.2651650429449553,
        0.34798527267687634,
        0.3412551510600243,
        0.28598445652692384,
        0.35869500885153116,
        0.3458741190809165,
        0.25568620226319955,
        0.28980057798424075,
        0.4955859852235533,
        0.3535533905932738,
        0.3358466446906981,
        0.36241917202322504,
        0.6226518389116024
    ],
    [
        1.0411457030598552,
        0.7585772558711472,
        0.37565047750535335,
        0.6525191568069094,
        0.8323887876167002,
        0.839107598881097,
        1.1583595620531648,
        0.847935221950946,
        0.7134656285519296,
        1.2205515530898317,
        1.1695810881999589,
        1.2058613363484212,
        1.089276566120836,
        1.1110243021644486,
        1.1981430945425509,
        0.9228014412645875,
        0.7815624375249876,
        0.7292038680986271,
        0.6758602735588177,
        0.967489098775795,
        0.5869262490935296,
        0.8998969124988706,
        0.9663528810041392,
        1.0495534764841665,
        0.5243113042363287,
        0.0,
        0.7098635432250342,
        1.0992051460600973,
        0.9129600723744714,
        0.8181892163491279,
        0.8340003840676574,
        0.6083725729353683,
        0.5401370630451127,
        1.1707286059330744,
        0.57282196186948,
        0.7534102157025746,
        0.6033354555096194,
        0.997555606219523,
        0.7640289486498532,
        0.5798117286024835,
        0.9757809372497497,
        0.8787586681649291,
        0.45360367437089594,
        0.6973723001381686,
        1.1349387373334299,
        0.6551329779136447,
        1.0237654531800728,
        0.9862333648787187,
        1.2205515530898317
    ],
    [
        0.3909373750999001,
        0.29189908894170946,
        0.7219696907592451,
        0.21137108216357317,
        0.22316963839196408,
        0.2538762001448738,
        0.4555431167847891,
        0.2567449488305466,
        0.26972932033800107,
        0.5079927564690269,
        0.45258588618625745,
        0.47315637280396,
        0.363763960213213,
        0.271083618326523,
        0.45285552331841994,
        0.34938562148434216,
        0.2724311839712921,
        0.21137108216357317,
        0.22316963839196408,
        0.28512949360772905,
        0.2395267143243108,
        0.2665425329567497,
        0.2976962325509008,
        0.3175375223890871,
        0.3247595264191645,
        0.7098635432250342,
        0.0,
        0.38937299357428473,
        0.22371595411369302,
        0.20904825250405706,
        0.23070036031614688,
        0.20432338797846908,
        0.28427195935406646,
        0.4648273368951099,
        0.3101473943949876,
        0.2415566380271923,
        0.19515618744994995,
        0.22480460265528374,
        0.1781524101717403,
        0.240035804620894,
        0.2576941016011038,
        0.26836818808308854,
        0.2318147196277905,
        0.17044862679118303,
        0.39897329171261575,
        0.22371595411369302,
        0.2821167200823092,
        0.2460627460628691,
        0.5079927564690269
    ],
    [
        0.1288470508005519,
        0.2872621298570349,
        0.9698834095524059,
        0.24754655496491967,
        0.203125,
        0.13441133229754104,
        0.034938562148434216,
        0.2013140426050801,
        0.3128903811640748,
        0.08699631816921909,
        0.06442352540027595,
        0.05846339666834283,
        0.038273277230987154,
        0.24705294220065463,
        0.046875,
        0.14149039278339715,
        0.3465792658252943,
        0.2728788936964528,
        0.2633171804117612,
        0.14149039278339715,
        0.4658766098711117,
        0.19578068884596356,
        0.120017902310447,
        0.08118988160479113,
        0.5134898976610932,
        1.0992051460600973,
        0.38937299357428473,
        0.0,
        0.1608692209529219,
        0.22910747341586218,
        0.19327057620082783,
        0.38337012957454053,
        0.42904781930456193,
        0.04133986423538423,
        0.4690103443688636,
        0.16828640022295324,
        0.426193178030808,
        0.1570293065800139,
        0.2715335499528557,
        0.40110930165604486,
        0.13441133229754104,
        0.15625,
        0.7040117864681749,
        0.31715286140913185,
        0.04941058844013093,
        0.25242960033442985,
        0.16828640022295324,
        0.14149039278339715,
        0.08699631816921909
    ],
    [
        0.1316585902058806,
        0.22642776165920997,
        0.8247277012747904,
        0.15309310892394862,
        0.10597390598633231,
        0.11158481919598204,
        0.17608480733726006,
        0.13975424859373686,
        0.24803918541230538,
        0.26836818808308854,
        0.2096313728906053,
        0.22910747341586218,
        0.13531646934131855,
        0.23747943989954162,
        0.20372507516258279,
        0.1616262567623219,
        0.2764344689524083,
        0.16973094517500337,
        0.14740595518838442,
        0.10825317547305482,
        0.3049878327491115,
        0.17399263633843817,
        0.1570293065800139,
        0.11796616305110547,
        0.37952993129659746,
        0.9129600723744714,
        0.22371595411369302,
        0.1608692209529219,
        0.0,
        0.11692679333668567,
        0.19702375332685143,
        0.23385358667337133,
        0.3336586953759785,
        0.2013140426050801,
        0.3563048203434806,
        0.12979099785809492,
        0.26238836912104163,
        0.10711960313126631,
        0.15546678704790937,
        0.26005182776708186,
        0.12979099785809492,
        0.12789613706050704,
        0.5093260030967941,
        0.17258376589355096,
        0.184877493221863,
        0.14490028899212037,
        0.18553659510996745,
        0.10245997694221876,
        0.2679129406169101
    ],
    [
        0.21875,
        0.1660960283239789,
        0.7418173419043262,
        0.1608692209529219,
        0.120017902310447,
        0.10364452469860624,
        0.2706329386826371,
        0.15857643070456592,
