[
    [
        0.0,
        1.14564392373896,
        1.0458250331675945,
        3.7228181529588578,
        1.5206906325745548,
        1.334634781503914,
        0.8660254037844386,
        0.25,
        1.375,
        1.875,
        0.14285714285714285,
        0.46770717334674267,
        0.30618621784789724,
        0.75,
        1.4630874888399532,
        0.30618621784789724,
        0.81967981553775,
        1.79843682124227,
        1.5,
        1.4523687548277813,
        1.2126360175712707,
        2.0953818267800264,
        1.192424001771182,
        0.9354143466934853,
        0.6614378277661477,
        2.276098635824028,
        4.067998415819641,
        2.0348525745124633,
        0.4330127018922193,
        1.159202311936963,
        1.2119199643540823,
        0.875,
        1.776583800443987,
        1.875,
        0.25,
        2.1028254801575903,
        1.0458250331675945,
        2.1866069605669876,
        1.206176235510844,
        1.5461646096066226,
        1.9449900028306344,
        1.0825317547305484,
        1.0680004681646913,
        2.806552353174818,
        1.7633419974582356,
        0.5448623679425842,
        1.4086784586980805,
        1.14564392373896,
        1.2183492931011204,
        0.0
    ],
    [
        1.14564392373896,
        0.0,
        0.75,
        2.1866069605669876,
        0.8477912478906585,
        0.57282196186948,
        0.673145600891813,
        0.8385254915624212,
        0.6123724356957945,
        1.0606601717798212,
        1.1545164196603295,
        0.7180703308172536,
        0.81967981553775,
        0.5994789404140899,
        1.0,
        0.8003905296791061,
        0.6614378277661477,
        1.0825317547305484,
        0.770551750371122,
        0.81967981553775,
        0.8395600699837452,
        1.0968705484240153,
        0.649519052838329,
        0.6373774391990981,
        0.5863019699779287,
        1.107925990308017,
        1.9808107206674521,
        0.9921567416492215,
        0.770551750371122,
        0.673145600891813,
        0.625,
        0.8100925873009825,
        0.875,
        0.9100137361600648,
        1.0606601717798212,
        0.9842509842514764,
        0.6373774391990981,
        1.14564392373896,
        0.6972166887783963,
        0.82915619758885,
        1.0976616560266244,
        0.6614378277661477,
        0.6123724356957945,
        1.4148272371958037,
        0.9519716382329886,
        0.6614378277661477,
        0.6846531968814576,
        0.75,
        0.6373774391990981,
        1.14564392373896
    ],
    [
        1.0458250331675945,
        0.75,
        0.0,
        1.8027756377319946,
        0.9519716382329886,
        0.8660254037844386,
        0.625,
        0.7288689868556626,
        0.8926785535678563,
        1.1319231422671772,
        0.7367018337405811,
        0.6846531968814576,
        0.5994789404140899,
        0.6614378277661477,
        0.8569568250501305,
        0.7071067811865476,
        0.6123724356957945,
        0.9762812094883317,
        0.8838834764831844,
        0.8100925873009825,
        0.7949493345141213,
        1.0077822185373186,
        0.739509972887452,
        0.625,
        0.5590169943749475,
        1.083685840084662,
        1.9180248810806508,
        1.1319231422671772,
        0.7071067811865476,
        0.739509972887452,
        0.6373774391990981,
        0.5590169943749475,
        0.9682458365518543,
        0.9682458365518543,
        0.770551750371122,
        1.0231690964840563,
        0.6959705453537527,
        1.334634781503914,
        0.754615428178118,
        1.1110243021644486,
        1.0639287779003088,
        0.7905694150420949,
        0.6123724356957945,
        1.3775229379013783,
        1.0606601717798212,
        0.5863019699779287,
        0.8385254915624212,
        0.7071067811865476,
        0.82915619758885,
        1.0458250331675945
    ],
    [
        3.7228181529588578,
        2.1866069605669876,
        1.8027756377319946,
        0.0,
        1.6723860200324565,
        1.7633419974582356,
        2.125,
        2.8939592256975564,
        1.8540496217739157,
        1.7230060940112777,
        2.703396861697657,
        2.414150989478496,
        2.358495283014151,
        2.222048604328897,
        1.875,
        2.8339460121886586,
        2.0463381929681126,
        1.58607219255619,
        1.7320508075688772,
        1.8285923547909742,
        1.8796239281066602,
        1.4523687548277813,
        1.7677669529663689,
        1.984313483298443,
        2.190176933491904,
        1.515132007450176,
        1.4385563751360058,
        1.6723860200324565,
        2.8284271247461903,
        1.9364916731037085,
        1.8200274723201295,
        1.9162137145944864,
        1.6863421954040052,
        1.6817030058842137,
        2.384848003542364,
        1.6007810593582121,
        1.9803724397193574,
        1.590990257669732,
        1.799884255537932,
        2.0155644370746373,
        1.5166895602667747,
        2.03100960115899,
        1.8328597873268975,
        1.4154406459552524,
        1.595893166850463,
        2.25,
        1.6909686573085854,
        1.8371173070873836,
        1.8200274723201295,
        3.7228181529588578
    ],
    [
        1.5206906325745548,
        0.8477912478906585,
        0.9519716382329886,
        1.6723860200324565,
        0.0,
        0.7806247497997998,
        0.7806247497997998,
        1.159202311936963,
        0.75,
        0.7806247497997998,
        1.2960890936874327,
        0.9842509842514764,
        1.159202311936963,
        0.8838834764831844,
        1.0383279828647594,
        1.0968705484240153,
        0.8926785535678563,
        1.0752906583803283,
        0.8477912478906585,
        0.82915619758885,
        0.8457409637576849,
        1.0,
        0.75,
        0.75,
        0.875,
        0.9630680142129111,
        1.8782379449307742,
        0.9013878188659973,
        1.0680004681646913,
        0.8003905296791061,
        0.8660254037844386,
        0.9519716382329886,
        0.8926785535678563,
        0.9354143466934853,
        1.3919410907075054,
        0.8926785535678563,
        0.75,
        1.0825317547305484,
        0.8364524958285304,
        0.9519716382329886,
        1.006058038970803,
        0.82915619758885,
        0.7071067811865476,
        1.2795127110653406,
        0.8477912478906585,
        0.9519716382329886,
        0.8100925873009825,
        0.6959705453537527,
        0.75,
        1.5206906325745548
    ],
    [
        1.334634781503914,
        0.57282196186948,
        0.8660254037844386,
        1.7633419974582356,
        0.7806247497997998,
        0.0,
        0.739509972887452,
        0.9762812094883317,
        0.770551750371122,
        1.015504800579495,
        1.2997743132198465,
        0.81967981553775,
        0.9921567416492215,
        0.6614378277661477,
        0.9185586535436918,
        0.9100137361600648,
        0.75,
        1.0383279828647594,
        0.7905694150420949,
        0.8003905296791061,
        0.8488145328109735,
        0.9842509842514764,
        0.739509972887452,
        0.625,
        0.7180703308172536,
        1.0071618539241844,
        2.0467623484691893,
        0.960143218483576,
        0.875,
        0.6959705453537527,
        0.739509972887452,
        0.8926785535678563,
        0.7905694150420949,
        0.8100925873009825,
        1.2624381172952597,
        0.8385254915624212,
        0.6846531968814576,
        0.9921567416492215,
        0.7511565157216644,
        0.8477912478906585,
        1.0540925533894598,
        0.7288689868556626,
        0.625,
        1.3294213444619847,
        0.82915619758885,
        0.770551750371122,
        0.7180703308172536,
        0.6959705453537527,
        0.6123724356957945,
        1.334634781503914
    ],
    [
        0.8660254037844386,
        0.673145600891813,
        0.625,
        2.125,
        0.7806247497997998,
        0.739509972887452,
        0.0,
        0.5863019699779287,
        0.75,
        0.9842509842514764,
        0.8451542547285168,
        0.4330127018922193,
        0.57282196186948,
        0.5,
        1.0825317547305484,
        0.5448623679425842,
        0.4330127018922193,
        1.0968705484240153,
        0.7806247497997998,
        0.8477912478906585,
        0.8579691784155834,
        1.165922381636102,
        0.5863019699779287,
        0.5448623679425842,
        0.414578098794425,
        1.1895377253370318,
        2.1254084574761416,
        1.1989578808281798,
        0.5153882032022076,
        0.5994789404140899,
        0.625,
        0.75,
        0.8838834764831844,
        0.9270248108869579,
        0.75,
        1.0,
        0.5303300858899106,
        1.3110110602126894,
        0.7716774657271723,
        0.9519716382329886,
        1.1599509089229212,
        0.6614378277661477,
        0.57282196186948,
        1.4953632037438633,
        1.0680004681646913,
        0.4841229182759271,
        0.75,
        0.625,
        0.649519052838329,
        0.8660254037844386
    ],
    [
        0.25,
        0.8385254915624212,
        0.7288689868556626,
        2.8939592256975564,
        1.159202311936963,
        0.9762812094883317,
        0.5863019699779287,
        0.0,
        1.0383279828647594,
        1.5461646096066226,
        0.2879377767249482,
        0.33071891388307384,
        0.1767766952966369,
        0.6123724356957945,
        1.2183492931011204,
        0.21650635094610965,
        0.57282196186948,
        1.3919410907075054,
        1.0307764064044151,
        1.0077822185373186,
        0.9930312739844155,
        1.5360257159305635,
        0.770551750371122,
        0.7180703308172536,
        0.5153882032022076,
        1.5439397656644511,
        3.2042723216217297,
        1.489546910976623,
        0.25,
        0.8003905296791061,
        0.7603453162872774,
        0.6959705453537527,
        1.14564392373896,
        1.243734296383275,
        0.25,
        1.375,
        0.739509972887452,
        1.571225636247067,
        0.9771699499632145,
        1.1858541225631423,
        1.442172358323065,
        0.7806247497997998,
        0.75,
        2.039114050540359,
        1.25,
        0.414578098794425,
        1.015504800579495,
        0.8477912478906585,
        0.9519716382329886,
        0.25
    ],
    [
        1.375,
        0.6123724356957945,
        0.8926785535678563,
        1.8540496217739157,
        0.75,
        0.770551750371122,
        0.75,
        1.0383279828647594,
        0.0,
        0.9519716382329886,
        1.2362767093336413,
        0.875,
        1.0,
        0.770551750371122,
        1.0077822185373186,
        0.9682458365518543,
        0.7603453162872774,
        1.0,
        0.6614378277661477,
        0.7603453162872774,
        0.8488145328109735,
        1.0307764064044151,
        0.75,
        0.7180703308172536,
        0.770551750371122,
        1.1219402836158439,
        2.06197383860977,
        0.9842509842514764,
        0.9682458365518543,
        0.7180703308172536,
        0.739509972887452,
        0.9762812094883317,
        0.8100925873009825,
        0.9185586535436918,
        1.2562344526401112,
        0.9842509842514764,
        0.75,
        1.0532687216470449,
        0.7511565157216644,
        0.6959705453537527,
        0.961046882889233,
        0.7806247497997998,
        0.7806247497997998,
        1.2876280950302037,
        0.875,
        0.82915619758885,
        0.625,
        0.75,
        0.7180703308172536,
        1.375
    ],
    [
        1.875,
        1.0606601717798212,
        1.1319231422671772,
        1.7230060940112777,
        0.7806247497997998,
        1.015504800579495,
        0.9842509842514764,
        1.5461646096066226,
        0.9519716382329886,
        0.0,
        1.6553292107367539,
        1.3110110602126894,
        1.4252192813739224,
        1.2183492931011204,
        1.340475661845451,
        1.5103807466993215,
        1.1319231422671772,
        1.0077822185373186,
        1.015504800579495,
        0.9519716382329886,
        1.2631255326020099,
        1.1989578808281798,
        1.0752906583803283,
        0.9682458365518543,
        1.1989578808281798,
        1.2409673645990857,
        1.803257084031867,
        1.0680004681646913,
        1.479019945774904,
        1.0532687216470449,
        1.0606601717798212,
        1.3050383136138188,
        1.0752906583803283,
        1.0606601717798212,
        1.625,
        1.0825317547305484,
        1.0825317547305484,
        1.25,
        1.0833333333333333,
        1.14564392373896,
        1.1326897682556822,
        1.1792476415070754,
        1.015504800579495,
        1.3981634779635432,
        1.0307764064044151,
        1.2374368670764582,
        0.8660254037844386,
        1.0383279828647594,
        0.9921567416492215,
        1.875
    ],
    [
        0.14285714285714285,
        1.1545164196603295,
        0.7367018337405811,
        2.703396861697657,
        1.2960890936874327,
        1.2997743132198465,
        0.8451542547285168,
        0.2879377767249482,
        1.2362767093336413,
        1.6553292107367539,
        0.0,
        0.48903799777246976,
        0.3378729987218661,
        0.7634842259439982,
        1.1661958476611218,
        0.3378729987218661,
        0.8320355540872675,
        1.4302445559399688,
        1.2184801506594276,
        1.0983231653344134,
        1.0655759463809555,
        1.4595961490656744,
        0.9138601129945709,
        0.9408528480228209,
        0.676689118624872,
        1.4883947317667519,
        3.092008388251215,
        1.6668473541511875,
        0.45596947624298945,
        1.0335568663205565,
        0.8974879909377906,
        0.6964285714285714,
        1.1793828375684554,
        1.2718749216517051,
        0.2879377767249482,
        1.3546735053592986,
        0.9646163454335365,
        1.7322349018253955,
        1.1372319399580595,
        1.3297277993665335,
        1.4174542628605653,
        0.9837648943456662,
        0.9383074753871182,
        1.9771315171938308,
        1.3523175496539421,
        0.5632789391281252,
        1.1449478644221747,
        1.1231560852511706,
        1.1449478644221747,
        0.14285714285714285
    ],
    [
        0.46770717334674267,
        0.7180703308172536,
        0.6846531968814576,
        2.414150989478496,
        0.9842509842514764,
        0.81967981553775,
        0.4330127018922193,
        0.33071891388307384,
        0.875,
        1.3110110602126894,
        0.48903799777246976,
        0.0,
        0.33071891388307384,
        0.46770717334674267,
        1.118033988749895,
        0.30618621784789724,
        0.33071891388307384,
        1.224744871391589,
        0.875,
        0.82915619758885,
        0.8395600699837452,
        1.4361406616345072,
        0.6123724356957945,
        0.57282196186948,
        0.30618621784789724,
        1.42828568570857,
        2.5314000298473394,
        1.346291201783626,
        0.21650635094610965,
        0.6373774391990981,
        0.6614378277661477,
        0.6373774391990981,
        0.9682458365518543,
        1.1319231422671772,
        0.39528470752104744,
        1.286953767623375,
        0.57282196186948,
        1.5206906325745548,
        0.8395600699837452,
        1.0307764064044151,
        1.3176156917368247,
        0.6123724356957945,
        0.625,
        1.6822191031821958,
        1.118033988749895,
        0.2795084971874737,
        0.8926785535678563,
        0.7071067811865476,
        0.739509972887452,
        0.46770717334674267
    ],
    [
        0.30618621784789724,
        0.81967981553775,
        0.5994789404140899,
        2.358495283014151,
        1.159202311936963,
        0.9921567416492215,
        0.57282196186948,
        0.1767766952966369,
        1.0,
        1.4252192813739224,
        0.3378729987218661,
        0.33071891388307384,
        0.0,
        0.6123724356957945,
        1.224744871391589,
        0.25,
        0.5,
        1.2808688457449497,
        1.0231690964840563,
        1.0077822185373186,
        0.9930312739844155,
        1.4577379737113252,
        0.7603453162872774,
        0.6614378277661477,
        0.5153882032022076,
        1.3838352503098048,
        2.5283119093796773,
        1.4252192813739224,
        0.33071891388307384,
        0.770551750371122,
        0.739509972887452,
        0.6846531968814576,
        1.0968705484240153,
        1.14564392373896,
        0.1767766952966369,
        1.243734296383275,
        0.7071067811865476,
        1.571225636247067,
        0.927960727138337,
        1.1792476415070754,
        1.3469358229370512,
        0.7905694150420949,
        0.75,
        1.6493896177407905,
        1.2374368670764582,
        0.39528470752104744,
        0.9842509842514764,
        0.8838834764831844,
        0.9437293044088437,
        0.30618621784789724
    ],
    [
        0.75,
        0.5994789404140899,
        0.6614378277661477,
        2.222048604328897,
        0.8838834764831844,
        0.6614378277661477,
        0.5,
        0.6123724356957945,
        0.770551750371122,
        1.2183492931011204,
        0.7634842259439982,
        0.46770717334674267,
        0.6123724356957945,
        0.0,
        0.9842509842514764,
        0.5590169943749475,
        0.46770717334674267,
        1.125,
        0.8003905296791061,
        0.7288689868556626,
        0.7916666666666667,
        1.2183492931011204,
        0.649519052838329,
        0.5448623679425842,
        0.39528470752104744,
        1.2842799539041323,
        2.5221243250702594,
        1.125,
        0.4841229182759271,
        0.4330127018922193,
        0.57282196186948,
        0.6959705453537527,
        0.8477912478906585,
        0.9921567416492215,
        0.7071067811865476,
        1.118033988749895,
        0.4841229182759271,
        1.25,
        0.6859199013814303,
        0.9013878188659973,
        1.206176235510844,
        0.4841229182759271,
        0.5863019699779287,
        1.5567951410224503,
        0.9185586535436918,
        0.39528470752104744,
        0.770551750371122,
        0.6373774391990981,
        0.5303300858899106,
        0.75
    ],
    [
        1.4630874888399532,
        1.0,
        0.8569568250501305,
        1.875,
        1.0383279828647594,
        0.9185586535436918,
        1.0825317547305484,
        1.2183492931011204,
        1.0077822185373186,
        1.340475661845451,
        1.1661958476611218,
        1.118033988749895,
        1.224744871391589,
        0.9842509842514764,
        0.0,
        1.14564392373896,
        1.0307764064044151,
        1.0532687216470449,
        1.118033988749895,
        0.875,
        0.7216878364870322,
        1.0077822185373186,
        0.9354143466934853,
        0.9354143466934853,
        0.9842509842514764,
        1.2103718436910205,
        2.271120012485274,
        1.3169567191065923,
        1.0897247358851685,
        1.0532687216470449,
        1.0,
        0.81967981553775,
        1.0,
        1.1792476415070754,
        1.4197270864500684,
        1.0307764064044151,
        0.8926785535678563,
        1.352081728298996,
        0.7144345083117601,
        1.1388041973930374,
        1.1188101318414625,
        0.8569568250501305,
        1.1110243021644486,
        1.3294213444619847,
        1.118033988749895,
        1.0825317547305484,
        1.0532687216470449,
        1.0752906583803283,
        0.8569568250501305,
        1.4630874888399532
    ],
    [
        0.30618621784789724,
        0.8003905296791061,
        0.7071067811865476,
        2.8339460121886586,
        1.0968705484240153,
        0.9100137361600648,
        0.5448623679425842,
        0.21650635094610965,
        0.9682458365518543,
        1.5103807466993215,
        0.3378729987218661,
        0.30618621784789724,
        0.25,
        0.5590169943749475,
        1.14564392373896,
        0.0,
        0.5448623679425842,
        1.3693063937629153,
        0.9682458365518543,
        0.960143218483576,
        0.8936504412303007,
        1.4523687548277813,
        0.7180703308172536,
        0.6614378277661477,
        0.414578098794425,
        1.5388713396512392,
        3.1969495008697137,
        1.4684175155588413,
        0.1767766952966369,
        0.75,
        0.739509972887452,
        0.6614378277661477,
        1.103970108290981,
        1.2374368670764582,
        0.30618621784789724,
        1.3635890143294642,
        0.6614378277661477,
        1.5103807466993215,
        0.927960727138337,
        1.0606601717798212,
        1.4258282193557228,
        0.7180703308172536,
        0.7071067811865476,
        2.0004339806929674,
        1.1989578808281798,
        0.375,
        0.9682458365518543,
        0.7806247497997998,
        0.8660254037844386,
        0.30618621784789724
    ],
    [
        0.81967981553775,
        0.6614378277661477,
        0.6123724356957945,
        2.0463381929681126,
        0.8926785535678563,
        0.75,
        0.4330127018922193,
        0.57282196186948,
        0.7603453162872774,
        1.1319231422671772,
        0.8320355540872675,
        0.33071891388307384,
        0.5,
        0.46770717334674267,
        1.0307764064044151,
        0.5448623679425842,
        0.0,
        1.0752906583803283,
        0.8003905296791061,
        0.7806247497997998,
        0.8111634305804911,
        1.224744871391589,
        0.6123724356957945,
        0.5303300858899106,
        0.39528470752104744,
        1.2409673645990857,
        2.0845829585581646,
        1.1858541225631423,
        0.5,
        0.5863019699779287,
        0.6373774391990981,
        0.7071067811865476,
        0.9100137361600648,
        0.9270248108869579,
        0.5994789404140899,
        1.0532687216470449,
        0.45069390943299864,
        1.3635890143294642,
        0.7716774657271723,
        0.9762812094883317,
        1.1395661942647786,
        0.6373774391990981,
        0.5448623679425842,
        1.4848774734337884,
        1.0383279828647594,
        0.375,
        0.8477912478906585,
        0.6373774391990981,
        0.6846531968814576,
        0.81967981553775
    ],
    [
        1.79843682124227,
        1.0825317547305484,
        0.9762812094883317,
        1.58607219255619,
        1.0752906583803283,
        1.0383279828647594,
        1.0968705484240153,
        1.3919410907075054,
        1.0,
        1.0077822185373186,
        1.4302445559399688,
        1.224744871391589,
        1.2808688457449497,
        1.125,
        1.0532687216470449,
        1.3693063937629153,
        1.0752906583803283,
        0.0,
        1.0307764064044151,
        1.0077822185373186,
        1.034139470499238,
        1.125,
        0.9842509842514764,
        1.0458250331675945,
        1.125,
        1.1467344941179716,
        1.8601261904624764,
        1.103970108290981,
        1.346291201783626,
        1.0458250331675945,
        1.0752906583803283,
        1.125,
        1.0532687216470449,
        1.0532687216470449,
        1.4086784586980805,
        1.0825317547305484,
        1.0458250331675945,
        1.2562344526401112,
        1.011221758292633,
        1.118033988749895,
        1.0639287779003088,
        1.0077822185373186,
        1.0307764064044151,
        1.1755613316388236,
        1.0606601717798212,
        1.14564392373896,
        1.0077822185373186,
        1.0825317547305484,
        0.9921567416492215,
        1.79843682124227
    ],
    [
        1.5,
        0.770551750371122,
        0.8838834764831844,
        1.7320508075688772,
        0.8477912478906585,
        0.7905694150420949,
        0.7806247497997998,
        1.0307764064044151,
        0.6614378277661477,
        1.015504800579495,
        1.2184801506594276,
        0.875,
        1.0231690964840563,
        0.8003905296791061,
        1.118033988749895,
        0.9682458365518543,
        0.8003905296791061,
        1.0307764064044151,
        0.0,
        0.81967981553775,
        0.9023503261544882,
        1.0752906583803283,
        0.7806247497997998,
        0.7071067811865476,
        0.7905694150420949,
        1.0793516572461452,
        1.964971020425266,
        1.0383279828647594,
        0.9682458365518543,
        0.6846531968814576,
        0.7288689868556626,
        0.9921567416492215,
        0.8100925873009825,
        0.9100137361600648,
        1.25,
        0.9354143466934853,
        0.6846531968814576,
        1.0825317547305484,
        0.8395600699837452,
        0.7905694150420949,
        1.0833333333333333,
        0.8003905296791061,
        0.75,
        1.369940185231133,
        0.9519716382329886,
        0.8477912478906585,
        0.7603453162872774,
        0.7905694150420949,
        0.7806247497997998,
        1.5
    ],
    [
        1.4523687548277813,
        0.81967981553775,
        0.8100925873009825,
        1.8285923547909742,
        0.82915619758885,
        0.8003905296791061,
        0.8477912478906585,
        1.0077822185373186,
        0.7603453162872774,
        0.9519716382329886,
        1.0983231653344134,
        0.82915619758885,
        1.0077822185373186,
        0.7288689868556626,
        0.875,
        0.960143218483576,
        0.7806247497997998,
        1.0077822185373186,
        0.81967981553775,
        0.0,
        0.8143675119038359,
        1.0,
        0.8477912478906585,
        0.75,
        0.770551750371122,
        1.1467344941179716,
        2.032718486275078,
        0.9842509842514764,
        0.9354143466934853,
        0.6846531968814576,
        0.75,
        0.8660254037844386,
        0.770551750371122,
        0.9185586535436918,
        1.192424001771182,
        1.0077822185373186,
        0.770551750371122,
        1.159202311936963,
        0.8518770125108697,
        0.9354143466934853,
        1.0189182717197902,
        0.739509972887452,
        0.8003905296791061,
        1.337233877990101,
        0.8660254037844386,
        0.8477912478906585,
        0.6959705453537527,
        0.8926785535678563,
        0.770551750371122,
        1.4523687548277813
    ],
    [
        1.2126360175712707,
        0.8395600699837452,
        0.7949493345141213,
        1.8796239281066602,
        0.8457409637576849,
        0.8488145328109735,
        0.8579691784155834,
        0.9930312739844155,
        0.8488145328109735,
        1.2631255326020099,
        1.0655759463809555,
        0.8395600699837452,
        0.9930312739844155,
        0.7916666666666667,
        0.7216878364870322,
        0.8936504412303007,
        0.8111634305804911,
        1.034139470499238,
        0.9023503261544882,
        0.8143675119038359,
        0.0,
        0.982485510212633,
        0.8759915017345267,
        0.8111634305804911,
        0.8207381501496754,
        1.0791907976710038,
        2.172268399622846,
        1.125771340508858,
        0.8759915017345267,
        0.8302024518821365,
        0.8111634305804911,
        0.6821127309893709,
        0.9023503261544882,
        1.0086432030758503,
        1.1326897682556822,
        1.024017143953709,
        0.7192781875680029,
        1.1599509089229212,
        0.6718548123582124,
        0.9446486707295528,
        1.044994683665371,
        0.7406828681096325,
        0.7817359599705717,
        1.2367351733046525,
        0.9851325347947408,
        0.8207381501496754,
        0.8848650242331376,
        0.7817359599705717,
        0.8207381501496754,
        1.2126360175712707
    ],
    [
        2.0953818267800264,
        1.0968705484240153,
        1.0077822185373186,
        1.4523687548277813,
        1.0,
        0.9842509842514764,
        1.165922381636102,
        1.5360257159305635,
        1.0307764064044151,
        1.1989578808281798,
        1.4595961490656744,
        1.4361406616345072,
        1.4577379737113252,
        1.2183492931011204,
        1.0077822185373186,
        1.4523687548277813,
        1.224744871391589,
        1.125,
        1.0752906583803283,
        1.0,
        0.982485510212633,
        0.0,
        1.0383279828647594,
        1.165922381636102,
        1.125,
        1.0662434056068062,
        1.7219981933143187,
        1.14564392373896,
        1.4415703243338496,
        1.1524430571616109,
        1.0968705484240153,
        1.0458250331675945,
        1.0307764064044151,
        1.0825317547305484,
        1.5461646096066226,
        1.0458250331675945,
        1.0752906583803283,
        1.1524430571616109,
        0.941887879621443,
        1.159202311936963,
        1.0214708893442719,
        1.0752906583803283,
        1.125,
        1.1094605796411956,
        1.1110243021644486,
        1.3050383136138188,
        1.0606601717798212,
        1.1319231422671772,
        0.9921567416492215,
        2.0953818267800264
    ],
    [
        1.192424001771182,
        0.649519052838329,
        0.739509972887452,
        1.7677669529663689,
        0.75,
        0.739509972887452,
        0.5863019699779287,
        0.770551750371122,
        0.75,
        1.0752906583803283,
        0.9138601129945709,
        0.6123724356957945,
        0.7603453162872774,
        0.649519052838329,
        0.9354143466934853,
        0.7180703308172536,
        0.6123724356957945,
        0.9842509842514764,
        0.7806247497997998,
        0.8477912478906585,
        0.8759915017345267,
        1.0383279828647594,
        0.0,
        0.673145600891813,
        0.5590169943749475,
        1.0647769719523428,
        2.015995067233824,
        0.9842509842514764,
        0.6614378277661477,
        0.6123724356957945,
        0.6373774391990981,
        0.770551750371122,
        0.82915619758885,
        0.82915619758885,
        1.0231690964840563,
        0.9013878188659973,
        0.625,
        1.1726039399558574,
        0.7916666666666667,
        0.9354143466934853,
        0.9930312739844155,
        0.5994789404140899,
        0.6373774391990981,
        1.2876280950302037,
        0.8660254037844386,
        0.5863019699779287,
        0.739509972887452,
        0.673145600891813,
        0.673145600891813,
        1.192424001771182
    ],
    [
        0.9354143466934853,
        0.6373774391990981,
        0.625,
        1.984313483298443,
        0.75,
        0.625,
        0.5448623679425842,
        0.7180703308172536,
        0.7180703308172536,
        0.9682458365518543,
        0.9408528480228209,
        0.57282196186948,
        0.6614378277661477,
        0.5448623679425842,
        0.9354143466934853,
        0.6614378277661477,
        0.5303300858899106,
        1.0458250331675945,
        0.7071067811865476,
        0.75,
        0.8111634305804911,
        1.165922381636102,
        0.673145600891813,
        0.0,
        0.5153882032022076,
        1.1763290356018592,
        1.9926078668697238,
        1.0680004681646913,
        0.5994789404140899,
        0.5153882032022076,
        0.649519052838329,
        0.7288689868556626,
        0.9270248108869579,
        0.8838834764831844,
        0.82915619758885,
        0.9842509842514764,
        0.5863019699779287,
        1.2808688457449497,
        0.6627489050244527,
        0.9437293044088437,
        1.0391636594449938,
        0.6373774391990981,
        0.5153882032022076,
        1.463680672520858,
        0.875,
        0.46770717334674267,
        0.7288689868556626,
        0.5448623679425842,
        0.6614378277661477,
        0.9354143466934853
    ],
    [
        0.6614378277661477,
        0.5863019699779287,
        0.5590169943749475,
        2.190176933491904,
        0.875,
        0.7180703308172536,
        0.414578098794425,
        0.5153882032022076,
        0.770551750371122,
        1.1989578808281798,
        0.676689118624872,
        0.30618621784789724,
        0.5153882032022076,
        0.39528470752104744,
        0.9842509842514764,
        0.414578098794425,
        0.39528470752104744,
        1.125,
        0.7905694150420949,
        0.770551750371122,
        0.8207381501496754,
        1.125,
        0.5590169943749475,
        0.5153882032022076,
        0.0,
        1.2219349409849938,
        2.5003471981129164,
        1.14564392373896,
        0.414578098794425,
        0.5153882032022076,
        0.5994789404140899,
        0.625,
        0.875,
        0.9842509842514764,
        0.6123724356957945,
        1.0458250331675945,
        0.414578098794425,
        1.2747548783981961,
        0.7406828681096325,
        0.9270248108869579,
        1.1666666666666667,
        0.5590169943749475,
        0.5448623679425842,
        1.5109553637057287,
        1.0077822185373186,
        0.25,
        0.7905694150420949,
        0.625,
        0.625,
        0.6614378277661477
    ],
    [
        2.276098635824028,
        1.107925990308017,
        1.083685840084662,
        1.515132007450176,
        0.9630680142129111,
        1.0071618539241844,
        1.1895377253370318,
        1.5439397656644511,
        1.1219402836158439,
        1.2409673645990857,
        1.4883947317667519,
        1.42828568570857,
        1.3838352503098048,
        1.2842799539041323,
        1.2103718436910205,
        1.5388713396512392,
        1.2409673645990857,
        1.1467344941179716,
        1.0793516572461452,
        1.1467344941179716,
        1.0791907976710038,
        1.0662434056068062,
        1.0647769719523428,
        1.1763290356018592,
        1.2219349409849938,
        0.0,
        1.8291809035133124,
        1.093732142711368,
        1.523564898519259,
        1.1629703349613008,
        1.1219402836158439,
        1.1842719282327012,
        1.0464224768228174,
        0.9842509842514764,
        1.3894693231590254,
        0.8154753215150046,
        1.114955156048888,
        1.2090802289343747,
        1.2049089407733495,
        1.2781823031164217,
        0.9922967186168549,
        1.1629703349613008,
        0.972753822917186,
        1.2558474341168109,
        1.114955156048888,
        1.3320566804757221,
        1.114955156048888,
        1.019803902718557,
        1.0943034314119644,
        2.276098635824028
    ],
    [
        4.067998415819641,
        1.9808107206674521,
        1.9180248810806508,
        1.4385563751360058,
        1.8782379449307742,
        2.0467623484691893,
        2.1254084574761416,
        3.2042723216217297,
        2.06197383860977,
        1.803257084031867,
        3.092008388251215,
        2.5314000298473394,
        2.5283119093796773,
        2.5221243250702594,
        2.271120012485274,
        3.1969495008697137,
        2.0845829585581646,
        1.8601261904624764,
        1.964971020425266,
        2.032718486275078,
        2.172268399622846,
        1.7219981933143187,
        2.015995067233824,
        1.9926078668697238,
        2.5003471981129164,
        1.8291809035133124,
        0.0,
        1.8754629058211498,
        3.1945048303471246,
        2.0429417786885438,
        2.0581815058714112,
        2.157029850924131,
        1.99434965729572,
        1.8796239281066602,
        2.534484387624258,
        1.9288561665171178,
        2.136407290549045,
        1.8712926310738016,
        1.984313483298443,
        2.092065035105532,
        1.7230060940112777,
        2.239946675952602,
        2.008229596214315,
        1.5937159582421065,
        1.8418363421083621,
        2.52522001241696,
        1.9329022507905336,
        2.050575799894047,
        2.069537656364607,
        4.067998415819641
    ],
    [
        2.0348525745124633,
        0.9921567416492215,
        1.1319231422671772,
        1.6723860200324565,
        0.9013878188659973,
        0.960143218483576,
        1.1989578808281798,
        1.489546910976623,
        0.9842509842514764,
        1.0680004681646913,
        1.6668473541511875,
        1.346291201783626,
        1.4252192813739224,
        1.125,
        1.3169567191065923,
        1.4684175155588413,
        1.1858541225631423,
        1.103970108290981,
        1.0383279828647594,
        0.9842509842514764,
        1.125771340508858,
        1.14564392373896,
        0.9842509842514764,
        1.0680004681646913,
        1.14564392373896,
        1.093732142711368,
        1.8754629058211498,
        0.0,
        1.4469796128487782,
        0.9921567416492215,
        0.9921567416492215,
        1.2624381172952597,
        0.9437293044088437,
        0.9354143466934853,
        1.7365554986812255,
        0.9437293044088437,
        1.0752906583803283,
        1.118033988749895,
        1.0905210273585335,
        1.0968705484240153,
        1.0466547239233726,
        1.0,
        0.9682458365518543,
        1.1996816707406641,
        0.9185586535436918,
        1.2686114456365274,
        0.9270248108869579,
        1.0307764064044151,
        0.9185586535436918,
        2.0348525745124633
    ],
    [
        0.4330127018922193,
        0.770551750371122,
        0.7071067811865476,
        2.8284271247461903,
        1.0680004681646913,
        0.875,
        0.5153882032022076,
        0.25,
        0.9682458365518543,
        1.479019945774904,
        0.45596947624298945,
        0.21650635094610965,
        0.33071891388307384,
        0.4841229182759271,
        1.0897247358851685,
        0.1767766952966369,
        0.5,
        1.346291201783626,
        0.9682458365518543,
        0.9354143466934853,
        0.8759915017345267,
        1.4415703243338496,
        0.6614378277661477,
        0.5994789404140899,
        0.414578098794425,
        1.523564898519259,
        3.1945048303471246,
        1.4469796128487782,
        0.0,
        0.7071067811865476,
        0.7071067811865476,
        0.649519052838329,
        1.0825317547305484,
        1.2183492931011204,
        0.4330127018922193,
        1.346291201783626,
        0.649519052838329,
        1.5103807466993215,
        0.9023503261544882,
        1.0680004681646913,
        1.4037400439935848,
        0.6614378277661477,
        0.673145600891813,
        2.0004339806929674,
        1.1792476415070754,
        0.33071891388307384,
        0.960143218483576,
        0.75,
        0.8100925873009825,
        0.4330127018922193
    ],
    [
        1.159202311936963,
        0.673145600891813,
        0.739509972887452,
        1.9364916731037085,
        0.8003905296791061,
        0.6959705453537527,
        0.5994789404140899,
        0.8003905296791061,
        0.7180703308172536,
        1.0532687216470449,
        1.0335568663205565,
        0.6373774391990981,
        0.770551750371122,
        0.4330127018922193,
        1.0532687216470449,
        0.75,
        0.5863019699779287,
        1.0458250331675945,
        0.6846531968814576,
        0.6846531968814576,
        0.8302024518821365,
        1.1524430571616109,
        0.6123724356957945,
        0.5153882032022076,
        0.5153882032022076,
        1.1629703349613008,
        2.0429417786885438,
        0.9921567416492215,
        0.7071067811865476,
        0.0,
        0.5994789404140899,
        0.75,
        0.8100925873009825,
        0.8926785535678563,
        1.015504800579495,
        0.9921567416492215,
        0.5153882032022076,
        1.159202311936963,
        0.7300589778306347,
        0.8477912478906585,
        1.0540925533894598,
        0.625,
        0.57282196186948,
        1.4312970031098058,
        0.8569568250501305,
        0.5994789404140899,
        0.6846531968814576,
        0.5994789404140899,
        0.6614378277661477,
        1.159202311936963
    ],
    [
        1.2119199643540823,
        0.625,
        0.6373774391990981,
        1.8200274723201295,
        0.8660254037844386,
        0.739509972887452,
        0.625,
        0.7603453162872774,
