[
    [
        0.0,
        1.6007810593582121,
        0.39528470752104744,
        0.875,
        1.2686114456365274,
        1.595893166850463,
        0.6123724356957945,
        0.8640183897219884,
        1.346291201783626,
        1.5512092057488571,
        0.9013878188659973,
        1.4306903927824497,
        1.0897247358851685,
        1.3287682265918312,
        1.5206906325745548,
        1.0458250331675945,
        1.25,
        1.9039432764659772,
        1.2686114456365274,
        1.5309310892394863,
        1.4630874888399532,
        1.334634781503914,
        1.5195485440675391,
        1.159202311936963,
        1.2233265213252664,
        1.8381376444651798,
        0.5153882032022076,
        2.5124689052802225,
        0.9483538369195329,
        1.076097630845413,
        1.5416666666666667,
        0.9437293044088437,
        1.1989578808281798,
        1.2936812246883354,
        0.5303300858899106,
        1.9813190051074563,
        1.2686114456365274,
        1.7544586059522749,
        2.468552207266437,
        1.375,
        2.1469455046647083,
        1.103970108290981,
        1.2930100540985752,
        1.4197270864500684,
        1.1629703349613008,
        1.159202311936963,
        1.2944593465999619,
        0.960143218483576,
        1.571225636247067,
        0.3535533905932738
    ],
    [
        1.6007810593582121,
        0.0,
        1.4737282653189494,
        1.1792476415070754,
        1.2183492931011204,
        1.125,
        1.243734296383275,
        1.2090515107122424,
        1.2119199643540823,
        1.1726039399558574,
        1.165922381636102,
        1.1792476415070754,
        1.1319231422671772,
        1.1110243021644486,
        1.0606601717798212,
        1.1388041973930374,
        1.125,
        1.192424001771182,
        1.25,
        1.165922381636102,
        1.1726039399558574,
        1.1989578808281798,
        1.2486103386476415,
        1.165922381636102,
        1.1494261853444767,
        1.3301785594423028,
        1.3693063937629153,
        1.5811388300841898,
        1.2472469683266423,
        1.1666666666666667,
        1.2936812246883354,
        1.1726039399558574,
        1.0752906583803283,
        1.1464013743498005,
        1.357847561400027,
        1.4320003491619686,
        1.2808688457449497,
        1.3169567191065923,
        1.590990257669732,
        1.0752906583803283,
        1.7230060940112777,
        1.0231690964840563,
        1.165922381636102,
        1.0532687216470449,
        1.219118534023661,
        1.2183492931011204,
        1.2884098726725126,
        1.1110243021644486,
        1.1989578808281798,
        1.4197270864500684
    ],
    [
        0.39528470752104744,
        1.4737282653189494,
        0.0,
        0.625,
        1.0968705484240153,
        1.3635890143294642,
        0.6373774391990981,
        0.7783975705112252,
        1.1858541225631423,
        1.357847561400027,
        0.7603453162872774,
        1.25,
        0.9842509842514764,
        1.224744871391589,
        1.3806701271484076,
        0.8569568250501305,
        1.1110243021644486,
        1.4306903927824497,
        1.015504800579495,
        1.346291201783626,
        1.352081728298996,
        1.0383279828647594,
        1.3507970897872772,
        1.0383279828647594,
        1.0366546087187274,
        1.4210471491122314,
        0.4330127018922193,
        1.8791620472966135,
        0.7862092596758194,
        0.9446486707295528,
        1.2381381631753021,
        0.7603453162872774,
        1.0383279828647594,
        1.1666666666666667,
        0.5,
        1.5116216457830975,
        1.0231690964840563,
        1.4361406616345072,
        1.7809758560968758,
        1.2930100540985752,
        1.6863421954040052,
        1.015504800579495,
        1.159202311936963,
        1.3169567191065923,
        0.972753822917186,
        0.9270248108869579,
        1.1056672193747992,
        0.9100137361600648,
        1.2374368670764582,
        0.30618621784789724
    ],
    [
        0.875,
        1.1792476415070754,
        0.625,
        0.0,
        0.9100137361600648,
        1.192424001771182,
        0.5448623679425842,
        0.5877806658194118,
        1.0,
        1.1858541225631423,
        0.6123724356957945,
        1.1388041973930374,
        0.8385254915624212,
        1.0231690964840563,
        1.125,
        0.8477912478906585,
        0.9185586535436918,
        1.2562344526401112,
        0.9354143466934853,
        1.0752906583803283,
        1.0680004681646913,
        0.9519716382329886,
        1.1599509089229212,
        0.8569568250501305,
        0.8014743359029727,
        1.333697866834914,
        0.5153882032022076,
        1.713913650100261,
        0.7110731326663946,
        0.798218502527834,
        0.9583333333333334,
        0.7071067811865476,
        0.8100925873009825,
        0.9664511253952668,
        0.5303300858899106,
        1.3683932183404008,
        0.9762812094883317,
        1.3050383136138188,
        1.704772712123232,
        1.0825317547305484,
        1.6007810593582121,
        0.7905694150420949,
        0.9682458365518543,
        1.0458250331675945,
        0.7537406715840668,
        0.7905694150420949,
        0.8370334521391604,
        0.6959705453537527,
        1.125,
        0.6123724356957945
    ],
    [
        1.2686114456365274,
        1.2183492931011204,
        1.0968705484240153,
        0.9100137361600648,
        0.0,
        0.9270248108869579,
        0.8926785535678563,
        0.7850601533923655,
        0.9100137361600648,
        1.0532687216470449,
        0.8385254915624212,
        0.9519716382329886,
        0.9185586535436918,
        0.9519716382329886,
        1.1110243021644486,
        0.9762812094883317,
        0.9842509842514764,
        1.103970108290981,
        0.9519716382329886,
        1.0,
        0.9100137361600648,
        0.8385254915624212,
        0.9637527921850314,
        0.9100137361600648,
        0.8518770125108697,
        1.0188841936157416,
        1.0458250331675945,
        1.505199322349037,
        0.7516648189186454,
        0.733617369235792,
        0.9474014167418394,
        0.8385254915624212,
        0.8477912478906585,
        0.7648983229452424,
        0.9354143466934853,
        1.121104366238933,
        1.0077822185373186,
        1.0752906583803283,
        1.4197270864500684,
        0.9842509842514764,
        1.2624381172952597,
        0.81967981553775,
        0.8100925873009825,
        0.9437293044088437,
        0.9367496997597597,
        0.8569568250501305,
        0.8965210538520554,
        0.875,
        0.8926785535678563,
        1.165922381636102
    ],
    [
        1.595893166850463,
        1.125,
        1.3635890143294642,
        1.192424001771182,
        0.9270248108869579,
        0.0,
        1.1792476415070754,
        1.059841445164742,
        0.9270248108869579,
        1.0897247358851685,
        1.0307764064044151,
        1.0383279828647594,
        1.0077822185373186,
        0.9354143466934853,
        1.0532687216470449,
        0.960143218483576,
        1.0680004681646913,
        1.0752906583803283,
        1.0307764064044151,
        1.0307764064044151,
        1.0383279828647594,
        1.0825317547305484,
        1.1273124382057236,
        1.0825317547305484,
        1.0146496384904933,
        1.084262422110072,
        1.2930100540985752,
        1.4361406616345072,
        1.0350120772242226,
        1.024017143953709,
        1.1531960419248373,
        1.0,
        1.0231690964840563,
        0.952883052169106,
        1.2562344526401112,
        1.2944593465999619,
        1.0458250331675945,
        1.0752906583803283,
        1.375,
        1.0532687216470449,
        1.352081728298996,
        0.9762812094883317,
        1.015504800579495,
        1.0231690964840563,
        1.1034038245356956,
        1.0231690964840563,
        1.1335784048754634,
        1.0383279828647594,
        0.9682458365518543,
        1.3919410907075054
    ],
    [
        0.6123724356957945,
        1.243734296383275,
        0.6373774391990981,
        0.5448623679425842,
        0.8926785535678563,
        1.1792476415070754,
        0.0,
        0.5697830971323893,
        1.0307764064044151,
        1.2054563451241194,
        0.6123724356957945,
        1.0383279828647594,
        0.8477912478906585,
        1.0231690964840563,
        1.1792476415070754,
        0.82915619758885,
        0.9682458365518543,
        1.340475661845451,
        1.0231690964840563,
        1.1726039399558574,
        1.125,
        0.8926785535678563,
        1.0881304047667162,
        0.8477912478906585,
        0.8640183897219884,
        1.3592277219068187,
        0.414578098794425,
        1.776583800443987,
        0.6796138609534094,
        0.8111634305804911,
        1.0905210273585335,
        0.649519052838329,
        0.81967981553775,
        0.9771699499632145,
        0.46770717334674267,
        1.404457190518814,
        0.9519716382329886,
        1.2686114456365274,
        1.7677669529663689,
        1.103970108290981,
        1.6441183047457382,
        0.7905694150420949,
        0.9437293044088437,
        1.0383279828647594,
        0.8799857953399021,
        0.8100925873009825,
        0.9290452088031024,
        0.6846531968814576,
        1.1319231422671772,
        0.5
    ],
    [
        0.8640183897219884,
        1.2090515107122424,
        0.7783975705112252,
        0.5877806658194118,
        0.7850601533923655,
        1.059841445164742,
        0.5697830971323893,
        0.0,
        1.0146496384904935,
        1.102396379610246,
        0.5951190357119042,
        0.9982623792259117,
        0.7557648811340439,
        0.9251501379656049,
        1.0809268142560706,
        0.722889648870728,
        0.8239049972202162,
        1.2204848763230673,
        0.8848650242331376,
        1.0663736576724772,
        0.9736101204623271,
        0.9344858955002419,
        1.0857345183996152,
        0.8068715304598786,
        0.82915619758885,
        1.2078734757139646,
        0.6414501799308605,
        1.726529112925055,
        0.6522929641741594,
        0.7192781875680029,
        0.9753916592266355,
        0.6821127309893709,
        0.8539125638299666,
        0.8281086214313247,
        0.6180165405913053,
        1.3012814197295424,
        0.8730136183232068,
        1.147158324828017,
        1.6239312724920898,
        0.9673488971869917,
        1.381298704520898,
        0.7580585582775105,
        0.8680277773333192,
        1.0366546087187274,
        0.8298259523003068,
        0.7960405489392833,
        0.8969082698049141,
        0.7046472718869902,
        1.0034662148993578,
        0.7476816018719317
    ],
    [
        1.346291201783626,
        1.2119199643540823,
        1.1858541225631423,
        1.0,
        0.9100137361600648,
        0.9270248108869579,
        1.0307764064044151,
        1.0146496384904935,
        0.0,
        1.0077822185373186,
        1.0458250331675945,
        1.0,
        0.9842509842514764,
        0.9437293044088437,
        1.125,
        0.9519716382329886,
        0.9762812094883317,
        1.0606601717798212,
        0.9762812094883317,
        0.9762812094883317,
        0.9519716382329886,
        0.9354143466934853,
        1.102396379610246,
        1.0231690964840563,
        0.9745012969605417,
        1.1017032268265352,
        1.1792476415070754,
        1.357847561400027,
        0.9740379869389079,
        0.9109671295448103,
        1.004330899432829,
        0.960143218483576,
        0.9682458365518543,
        0.952883052169106,
        1.159202311936963,
        1.203380654655874,
        1.015504800579495,
        0.9519716382329886,
        1.224744871391589,
        0.9437293044088437,
        1.25,
        1.0077822185373186,
        0.960143218483576,
        0.9682458365518543,
        0.9832980219648567,
        0.8003905296791061,
        1.077032961426901,
        1.0,
        1.0458250331675945,
        1.2119199643540823
    ],
    [
        1.5512092057488571,
        1.1726039399558574,
        1.357847561400027,
        1.1858541225631423,
        1.0532687216470449,
        1.0897247358851685,
        1.2054563451241194,
        1.102396379610246,
        1.0077822185373186,
        0.0,
        1.118033988749895,
        1.0383279828647594,
        1.0752906583803283,
        0.960143218483576,
        1.1319231422671772,
        0.9762812094883317,
        1.0825317547305484,
        1.118033988749895,
        1.0307764064044151,
        1.0606601717798212,
        1.015504800579495,
        0.9842509842514764,
        1.044163673845139,
        1.0825317547305484,
        0.9904053603337261,
        1.1132722039106158,
        1.375,
        1.3287682265918312,
        1.0574142991278301,
        1.0180659769058846,
        1.0992421631894098,
        1.0680004681646913,
        1.0897247358851685,
        1.1188101318414627,
        1.334634781503914,
        1.2644168616401792,
        1.0458250331675945,
        1.0606601717798212,
        1.340475661845451,
        0.9842509842514764,
        1.3110110602126894,
        1.0606601717798212,
        1.0231690964840563,
        1.0458250331675945,
        1.093732142711368,
        0.9762812094883317,
        1.0482127646618313,
        1.0077822185373186,
        1.0606601717798212,
        1.3919410907075054
    ],
    [
        0.9013878188659973,
        1.165922381636102,
        0.7603453162872774,
        0.6123724356957945,
        0.8385254915624212,
        1.0307764064044151,
        0.6123724356957945,
        0.5951190357119042,
        1.0458250331675945,
        1.118033988749895,
        0.0,
        0.9519716382329886,
        0.7603453162872774,
        0.9100137361600648,
        1.0606601717798212,
        0.7180703308172536,
        0.8385254915624212,
        1.2930100540985752,
        0.9354143466934853,
        1.0897247358851685,
        0.960143218483576,
        0.9682458365518543,
        1.0590220855949029,
        0.8003905296791061,
        0.8343743497708661,
        1.2884098726725126,
        0.5994789404140899,
        1.741048534648015,
        0.7132671308843553,
        0.7817359599705717,
        1.0833333333333333,
        0.7180703308172536,
        0.8660254037844386,
        0.8759915017345267,
        0.649519052838329,
        1.3932874793092773,
        0.8838834764831844,
        1.2119199643540823,
        1.625,
        0.9921567416492215,
        1.5662455107677085,
        0.6614378277661477,
        0.8569568250501305,
        1.0383279828647594,
        0.8620469824783334,
        0.81967981553775,
        0.9940447676035522,
        0.673145600891813,
        1.015504800579495,
        0.7071067811865476
    ],
    [
        1.4306903927824497,
        1.1792476415070754,
        1.25,
        1.1388041973930374,
        0.9519716382329886,
        1.0383279828647594,
        1.0383279828647594,
        0.9982623792259117,
        1.0,
        1.0383279828647594,
        0.9519716382329886,
        0.0,
        0.9013878188659973,
        0.960143218483576,
        1.0752906583803283,
        0.9354143466934853,
        1.0231690964840563,
        1.2183492931011204,
        1.0532687216470449,
        1.0752906583803283,
        0.9185586535436918,
        1.0606601717798212,
        0.986893273527251,
        1.0077822185373186,
        1.0299339245256895,
        1.1742018565817378,
        1.159202311936963,
        1.5103807466993215,
        0.9688911187538051,
        0.9023503261544882,
        1.125771340508858,
        0.9682458365518543,
        1.0077822185373186,
        0.9771699499632145,
        1.1524430571616109,
        1.2389511693363868,
        1.0532687216470449,
        1.0968705484240153,
        1.375,
        1.0532687216470449,
        1.3169567191065923,
        0.8838834764831844,
        0.9354143466934853,
        1.0606601717798212,
        1.052675163571365,
        0.9842509842514764,
        1.1197097838279346,
        0.9682458365518543,
        0.9842509842514764,
        1.299038105676658
    ],
    [
        1.0897247358851685,
        1.1319231422671772,
        0.9842509842514764,
        0.8385254915624212,
        0.9185586535436918,
        1.0077822185373186,
        0.8477912478906585,
        0.7557648811340439,
        0.9842509842514764,
        1.0752906583803283,
        0.7603453162872774,
        0.9013878188659973,
        0.0,
        0.8385254915624212,
        1.0825317547305484,
        0.7806247497997998,
        0.7905694150420949,
        1.2183492931011204,
        0.9013878188659973,
        0.9682458365518543,
        1.0077822185373186,
        1.0,
        1.0590220855949029,
        0.875,
        0.9483172230617535,
        1.1056672193747992,
        0.875,
        1.6007810593582121,
        0.9148087231765993,
        0.8488145328109735,
        1.0614782669047498,
        0.82915619758885,
        0.9013878188659973,
        0.8848650242331376,
        0.9100137361600648,
        1.2700885795880539,
        0.8926785535678563,
        1.125,
        1.489546910976623,
        0.9185586535436918,
        1.4577379737113252,
        0.75,
        0.8477912478906585,
        1.0680004681646913,
        0.8888194417315589,
        0.8477912478906585,
        1.0914439976471537,
        0.82915619758885,
        0.9682458365518543,
        1.0
    ],
    [
        1.3287682265918312,
        1.1110243021644486,
        1.224744871391589,
        1.0231690964840563,
        0.9519716382329886,
        0.9354143466934853,
        1.0231690964840563,
        0.9251501379656049,
        0.9437293044088437,
        0.960143218483576,
        0.9100137361600648,
        0.960143218483576,
        0.8385254915624212,
        0.0,
        1.118033988749895,
        0.8926785535678563,
        0.9437293044088437,
        1.0968705484240153,
        1.0231690964840563,
        1.0532687216470449,
        0.9270248108869579,
        1.0752906583803283,
        1.0516191220103301,
        0.9354143466934853,
        0.9418878796214429,
        1.1837440601751714,
        1.0825317547305484,
        1.571225636247067,
        0.9820259670701178,
        0.9147707666708396,
        1.1219093348196882,
        0.9519716382329886,
        0.9270248108869579,
        0.9363418772601764,
        1.0968705484240153,
        1.3386093530227554,
        0.9437293044088437,
        1.159202311936963,
        1.4142135623730951,
        0.9013878188659973,
        1.3806701271484076,
        0.8477912478906585,
        0.8385254915624212,
        0.9842509842514764,
        1.0425329730996522,
        0.9354143466934853,
        1.0914439976471537,
        0.8838834764831844,
        0.9921567416492215,
        1.2183492931011204
    ],
    [
        1.5206906325745548,
        1.0606601717798212,
        1.3806701271484076,
        1.125,
        1.1110243021644486,
        1.0532687216470449,
        1.1792476415070754,
        1.0809268142560706,
        1.125,
        1.1319231422671772,
        1.0606601717798212,
        1.0752906583803283,
        1.0825317547305484,
        1.118033988749895,
        0.0,
        1.0752906583803283,
        1.0,
        1.1989578808281798,
        1.0752906583803283,
        1.0897247358851685,
        1.14564392373896,
        1.0752906583803283,
        1.2388390622765422,
        1.103970108290981,
        1.116480083914522,
        1.276224901810022,
        1.3050383136138188,
        1.5562374497485916,
        1.1090536506409416,
        1.0793194872490515,
        1.2720281268728124,
        1.1110243021644486,
        1.015504800579495,
        1.1188101318414627,
        1.2808688457449497,
        1.37067501618728,
        1.231107225224513,
        1.1726039399558574,
        1.4523687548277813,
        1.0307764064044151,
        1.5,
        0.9437293044088437,
        1.103970108290981,
        1.0231690964840563,
        1.1616260155488942,
        1.0307764064044151,
        1.2577261228105268,
        0.9762812094883317,
        1.0606601717798212,
        1.3919410907075054
    ],
    [
        1.0458250331675945,
        1.1388041973930374,
        0.8569568250501305,
        0.8477912478906585,
        0.9762812094883317,
        0.960143218483576,
        0.82915619758885,
        0.722889648870728,
        0.9519716382329886,
        0.9762812094883317,
        0.7180703308172536,
        0.9354143466934853,
        0.7806247497997998,
        0.8926785535678563,
        1.0752906583803283,
        0.0,
        0.82915619758885,
        1.1319231422671772,
        0.9185586535436918,
        1.0231690964840563,
        0.9921567416492215,
        0.9013878188659973,
        1.1234557302260635,
        0.81967981553775,
        0.8799463367476198,
        1.2389511693363868,
        0.8003905296791061,
        1.489546910976623,
        0.8250000000000001,
        0.8207381501496754,
        1.0391636594449938,
        0.75,
        0.9013878188659973,
        0.9195031871130797,
        0.8926785535678563,
        1.232629303562105,
        0.82915619758885,
        1.1110243021644486,
        1.4415703243338496,
        0.9185586535436918,
        1.4630874888399532,
        0.75,
        0.8926785535678563,
        1.0532687216470449,
        0.9483538369195329,
        0.8100925873009825,
        1.0325938214031691,
        0.7806247497997998,
        0.9354143466934853,
        0.9013878188659973
    ],
    [
        1.25,
        1.125,
        1.1110243021644486,
        0.9185586535436918,
        0.9842509842514764,
        1.0680004681646913,
        0.9682458365518543,
        0.8239049972202162,
        0.9762812094883317,
        1.0825317547305484,
        0.8385254915624212,
        1.0231690964840563,
        0.7905694150420949,
        0.9437293044088437,
        1.0,
        0.82915619758885,
        0.0,
        1.192424001771182,
        0.9682458365518543,
        1.0231690964840563,
        1.0532687216470449,
        1.103970108290981,
        1.0857345183996152,
        0.8926785535678563,
        0.9138213416442212,
        1.188749342796874,
        1.0383279828647594,
        1.648863244784115,
        0.8674675786448737,
        0.8609990966571593,
        1.0565601944254972,
        0.9185586535436918,
        1.0606601717798212,
        0.8965597829729172,
        1.0,
        1.2956658519849937,
        0.9921567416492215,
        1.159202311936963,
        1.4415703243338496,
        0.9921567416492215,
        1.3863170633011772,
        0.7905694150420949,
        0.9185586535436918,
        1.125,
        0.9724325169388363,
        0.8926785535678563,
        0.9877373132569205,
        0.8385254915624212,
        0.9921567416492215,
        1.1319231422671772
    ],
    [
        1.9039432764659772,
        1.192424001771182,
        1.4306903927824497,
        1.2562344526401112,
        1.103970108290981,
        1.0752906583803283,
        1.340475661845451,
        1.2204848763230673,
        1.0606601717798212,
        1.118033988749895,
        1.2930100540985752,
        1.2183492931011204,
        1.2183492931011204,
        1.0968705484240153,
        1.1989578808281798,
        1.1319231422671772,
        1.192424001771182,
        0.0,
        1.2054563451241194,
        1.125,
        1.0680004681646913,
        1.0532687216470449,
        1.1777745020918808,
        1.25,
        1.070436048222094,
        1.0914439976471537,
        1.5662455107677085,
        1.286953767623375,
        1.182951816432098,
        1.1464013743498005,
        1.1395661942647786,
        1.1110243021644486,
        1.0458250331675945,
        1.0905210273585335,
        1.4252192813739224,
        1.1404494727957044,
        1.0680004681646913,
        1.0532687216470449,
        1.2119199643540823,
        1.0968705484240153,
        1.340475661845451,
        1.2054563451241194,
        1.0825317547305484,
        1.0752906583803283,
        1.26663925408934,
        1.0,
        1.2070107704573312,
        1.299038105676658,
        1.2054563451241194,
        1.5103807466993215
    ],
    [
        1.2686114456365274,
        1.25,
        1.015504800579495,
        0.9354143466934853,
        0.9519716382329886,
        1.0307764064044151,
        1.0231690964840563,
        0.8848650242331376,
        0.9762812094883317,
        1.0307764064044151,
        0.9354143466934853,
        1.0532687216470449,
        0.9013878188659973,
        1.0231690964840563,
        1.0752906583803283,
        0.9185586535436918,
        0.9682458365518543,
        1.2054563451241194,
        0.0,
        0.960143218483576,
        1.1110243021644486,
        0.9354143466934853,
        1.167410477176825,
        0.9842509842514764,
        1.0137937550497031,
        1.16081867662439,
        0.9921567416492215,
        1.4842927608797396,
        0.9330728803260762,
        0.871022706681953,
        1.0274023338281628,
        0.9100137361600648,
        0.9185586535436918,
        1.004330899432829,
        1.0307764064044151,
        1.3242922638149028,
        0.9762812094883317,
        1.0680004681646913,
        1.4630874888399532,
        1.0231690964840563,
        1.334634781503914,
        0.8838834764831844,
        1.0231690964840563,
        1.1319231422671772,
        0.9565563234854496,
        0.81967981553775,
        1.1197097838279346,
        0.9842509842514764,
        1.0458250331675945,
        1.103970108290981
    ],
    [
        1.5309310892394863,
        1.165922381636102,
        1.346291201783626,
        1.0752906583803283,
        1.0,
        1.0307764064044151,
        1.1726039399558574,
        1.0663736576724772,
        0.9762812094883317,
        1.0606601717798212,
        1.0897247358851685,
        1.0752906583803283,
        0.9682458365518543,
        1.0532687216470449,
        1.0897247358851685,
        1.0231690964840563,
        1.0231690964840563,
        1.125,
        0.960143218483576,
        0.0,
        1.0,
        0.9762812094883317,
        1.1777745020918808,
        1.0077822185373186,
        0.9583333333333334,
        1.084262422110072,
        1.3228756555322954,
        1.25,
        1.0350120772242226,
        1.0086432030758503,
        1.076097630845413,
        0.8660254037844386,
        0.9842509842514764,
        1.0391636594449938,
        1.334634781503914,
        1.2262748468430722,
        1.0825317547305484,
        1.0825317547305484,
        1.286953767623375,
        1.0458250331675945,
        1.357847561400027,
        1.015504800579495,
        1.015504800579495,
        1.0458250331675945,
        0.9886859966642595,
        0.9437293044088437,
        1.1056672193747992,
        1.015504800579495,
        1.0458250331675945,
        1.3919410907075054
    ],
    [
        1.4630874888399532,
        1.1726039399558574,
        1.352081728298996,
        1.0680004681646913,
        0.9100137361600648,
        1.0383279828647594,
        1.125,
        0.9736101204623271,
        0.9519716382329886,
        1.015504800579495,
        0.960143218483576,
        0.9185586535436918,
        1.0077822185373186,
        0.9270248108869579,
        1.14564392373896,
        0.9921567416492215,
        1.0532687216470449,
        1.0680004681646913,
        1.1110243021644486,
        1.0,
        0.0,
        1.0077822185373186,
        1.0663736576724772,
        0.9437293044088437,
        0.9166666666666666,
        1.1742018565817378,
        1.2624381172952597,
        1.4306903927824497,
        0.972753822917186,
        0.952883052169106,
        1.0614782669047498,
        0.9519716382329886,
        0.9185586535436918,
        0.8936504412303007,
        1.2747548783981961,
        1.200520720354297,
        1.015504800579495,
        1.015504800579495,
        1.352081728298996,
        1.0077822185373186,
        1.346291201783626,
        0.9100137361600648,
        0.8100925873009825,
        1.015504800579495,
        1.0574142991278301,
        0.9842509842514764,
        1.1404494727957044,
        0.9762812094883317,
        1.0458250331675945,
        1.346291201783626
    ],
    [
        1.334634781503914,
        1.1989578808281798,
        1.0383279828647594,
        0.9519716382329886,
        0.8385254915624212,
        1.0825317547305484,
        0.8926785535678563,
        0.9344858955002419,
        0.9354143466934853,
        0.9842509842514764,
        0.9682458365518543,
        1.0606601717798212,
        1.0,
        1.0752906583803283,
        1.0752906583803283,
        0.9013878188659973,
        1.103970108290981,
        1.0532687216470449,
        0.9354143466934853,
        0.9762812094883317,
        1.0077822185373186,
        0.0,
        1.0736748938937604,
        0.9100137361600648,
        0.8175590362645243,
        1.0550473923004597,
        1.1524430571616109,
        1.299038105676658,
        0.8058380730643099,
        0.8488145328109735,
        0.9363418772601764,
        0.82915619758885,
        0.7603453162872774,
        0.9195031871130797,
        1.015504800579495,
        1.077032961426901,
        1.0,
        1.0,
        1.3919410907075054,
        0.9682458365518543,
        1.299038105676658,
        0.9270248108869579,
        0.81967981553775,
        0.9013878188659973,
        1.0600707523557096,
        0.8100925873009825,
        0.9290452088031024,
        0.9185586535436918,
        1.103970108290981,
        1.0968705484240153
    ],
    [
        1.5195485440675391,
        1.2486103386476415,
        1.3507970897872772,
        1.1599509089229212,
        0.9637527921850314,
        1.1273124382057236,
        1.0881304047667162,
        1.0857345183996152,
        1.102396379610246,
        1.044163673845139,
        1.0590220855949029,
        0.986893273527251,
        1.0590220855949029,
        1.0516191220103301,
        1.2388390622765422,
        1.1234557302260635,
        1.0857345183996152,
        1.1777745020918808,
        1.167410477176825,
        1.1777745020918808,
        1.0663736576724772,
        1.0736748938937604,
        0.0,
        1.0809268142560706,
        0.9033118078616167,
        1.135261839596683,
        1.3215626272628087,
        1.5399765510480274,
        0.9360080721399314,
        0.9583333333333334,
        1.0736748938937606,
        0.982485510212633,
        1.1509356097444277,
        0.9982623792259117,
        1.227576655221353,
        1.142122779934121,
        1.0881304047667162,
        1.1234557302260635,
        1.4185037108791,
        1.1226827987756232,
        1.3456462718295952,
        1.0952866190079096,
        0.8488145328109735,
        1.136515141415488,
        1.171211386177197,
        1.0590220855949029,
        1.1003156112881634,
        1.102396379610246,
        1.0265570828962431,
        1.4403655014536336
    ],
    [
        1.159202311936963,
        1.165922381636102,
        1.0383279828647594,
        0.8569568250501305,
        0.9100137361600648,
        1.0825317547305484,
        0.8477912478906585,
        0.8068715304598786,
        1.0231690964840563,
        1.0825317547305484,
        0.8003905296791061,
        1.0077822185373186,
        0.875,
        0.9354143466934853,
        1.103970108290981,
        0.81967981553775,
        0.8926785535678563,
        1.25,
        0.9842509842514764,
        1.0077822185373186,
        0.9437293044088437,
        0.9100137361600648,
        1.0809268142560706,
        0.0,
        0.7783975705112252,
        1.1197097838279346,
        0.9437293044088437,
        1.5612494995995996,
        0.9062284480195929,
        0.8395600699837452,
        0.9023503261544882,
        0.7806247497997998,
        0.9100137361600648,
        0.927960727138337,
        0.9682458365518543,
        1.2198872898755853,
        0.8477912478906585,
        1.1388041973930374,
        1.5103807466993215,
        0.9842509842514764,
        1.4142135623730951,
        0.8569568250501305,
        0.8385254915624212,
        1.0606601717798212,
        0.8154753215150046,
        0.8838834764831844,
        0.9290452088031024,
        0.7806247497997998,
        0.9842509842514764,
        1.0458250331675945
    ],
    [
        1.2233265213252664,
        1.1494261853444767,
        1.0366546087187274,
        0.8014743359029727,
        0.8518770125108697,
        1.0146496384904933,
        0.8640183897219884,
        0.82915619758885,
        0.9745012969605417,
        0.9904053603337261,
        0.8343743497708661,
        1.0299339245256895,
        0.9483172230617535,
        0.9418878796214429,
        1.116480083914522,
        0.8799463367476198,
        0.9138213416442212,
        1.070436048222094,
        1.0137937550497031,
        0.9583333333333334,
        0.9166666666666666,
        0.8175590362645243,
        0.9033118078616167,
        0.7783975705112252,
        0.0,
        1.0071963286492085,
        1.0631125685144227,
        1.4565465244123779,
        0.7524035560197141,
        0.7795119555779045,
        0.858980338670346,
        0.7465197027987049,
        0.8720187306856813,
        0.855943274340589,
        0.9798313346920706,
        1.0527081477999705,
        0.8907315969346646,
        1.0248644896874035,
        1.4403655014536336,
        0.8829008375173788,
        1.3057033013326997,
        0.8819171036881969,
        0.7728015412913087,
        0.9081039465709737,
        0.893300683482953,
        0.8528953954357801,
        0.7953423441791871,
        0.9081039465709737,
        1.011221758292633,
        1.0290907529357056
    ],
    [
        1.8381376444651798,
        1.3301785594423028,
        1.4210471491122314,
        1.333697866834914,
        1.0188841936157416,
        1.084262422110072,
        1.3592277219068187,
        1.2078734757139646,
        1.1017032268265352,
        1.1132722039106158,
        1.2884098726725126,
        1.1742018565817378,
        1.1056672193747992,
        1.1837440601751714,
        1.276224901810022,
        1.2389511693363868,
        1.188749342796874,
        1.0914439976471537,
        1.16081867662439,
        1.084262422110072,
        1.1742018565817378,
        1.0550473923004597,
        1.135261839596683,
        1.1197097838279346,
        1.0071963286492085,
        0.0,
        1.469693845669907,
        1.2864680330268607,
        1.1008519428152,
        1.017690741062551,
        0.9294188745901626,
        1.077032961426901,
        1.1335784048754634,
        1.017690741062551,
        1.3718144918318949,
        0.960143218483576,
        1.126665433924375,
        1.0697546447667334,
        1.2864680330268607,
        1.0914439976471537,
        1.1,
        1.232629303562105,
        0.9908960591303207,
        1.0977249200050074,
        1.1524430571616109,
        1.077032961426901,
        1.0565273304557719,
        1.2514991010783827,
        1.0857025375304232,
        1.5116216457830975
    ],
    [
        0.5153882032022076,
        1.3693063937629153,
        0.4330127018922193,
        0.5153882032022076,
        1.0458250331675945,
        1.2930100540985752,
        0.414578098794425,
        0.6414501799308605,
        1.1792476415070754,
        1.375,
        0.5994789404140899,
        1.159202311936963,
        0.875,
        1.0825317547305484,
        1.3050383136138188,
        0.8003905296791061,
        1.0383279828647594,
        1.5662455107677085,
        0.9921567416492215,
        1.3228756555322954,
        1.2624381172952597,
        1.1524430571616109,
        1.3215626272628087,
        0.9437293044088437,
        1.0631125685144227,
        1.469693845669907,
        0.0,
        1.920286436967152,
        0.7454025757937788,
        0.8936504412303007,
        1.2815463749358083,
        0.7905694150420949,
        1.0752906583803283,
        1.1326897682556822,
        0.414578098794425,
        1.592168332809066,
        1.0825317547305484,
        1.4306903927824497,
        1.8328597873268975,
        1.1792476415070754,
        1.7677669529663689,
        0.8926785535678563,
        1.125,
        1.2686114456365274,
        0.972753822917186,
        0.9100137361600648,
        1.0914439976471537,
        0.770551750371122,
        1.2054563451241194,
        0.3535533905932738
    ],
    [
        2.5124689052802225,
        1.5811388300841898,
        1.8791620472966135,
        1.713913650100261,
        1.505199322349037,
        1.4361406616345072,
        1.776583800443987,
        1.726529112925055,
        1.357847561400027,
        1.3287682265918312,
        1.741048534648015,
        1.5103807466993215,
        1.6007810593582121,
        1.571225636247067,
        1.5562374497485916,
        1.489546910976623,
        1.648863244784115,
        1.286953767623375,
        1.4842927608797396,
        1.25,
        1.4306903927824497,
        1.299038105676658,
        1.5399765510480274,
        1.5612494995995996,
        1.4565465244123779,
        1.2864680330268607,
        1.920286436967152,
        0.0,
        1.5439397656644511,
        1.5292291086252139,
        1.3975424859373686,
        1.5258194519667128,
        1.4737282653189494,
        1.4197270864500684,
        1.8708286933869707,
        1.2884098726725126,
        1.505199322349037,
        1.2562344526401112,
        1.3635890143294642,
        1.541103500742244,
        1.346291201783626,
        1.620185174601965,
        1.357847561400027,
        1.3975424859373686,
        1.6372614330032942,
        1.479019945774904,
        1.4560219778561039,
        1.6817030058842137,
        1.4630874888399532,
        1.940521837032503
    ],
    [
        0.9483538369195329,
        1.2472469683266423,
        0.7862092596758194,
        0.7110731326663946,
        0.7516648189186454,
        1.0350120772242226,
        0.6796138609534094,
        0.6522929641741594,
        0.9740379869389079,
        1.0574142991278301,
        0.7132671308843553,
        0.9688911187538051,
        0.9148087231765993,
        0.9820259670701178,
        1.1090536506409416,
        0.8250000000000001,
        0.8674675786448737,
        1.182951816432098,
        0.9330728803260762,
        1.0350120772242226,
        0.972753822917186,
        0.8058380730643099,
        0.9360080721399314,
        0.9062284480195929,
        0.7524035560197141,
        1.1008519428152,
        0.7454025757937788,
        1.5439397656644511,
        0.0,
        0.7303442871535163,
        0.8938835370325252,
        0.6680194607943694,
        0.8620469824783334,
        0.7997829566687314,
        0.686476510887299,
        1.1763290356018592,
        0.8975661535508122,
        1.1731368206650066,
        1.5286840746210448,
        1.0671222985206523,
        1.332994748676828,
        0.852936105461599,
        0.85110222652746,
        1.0121141239998581,
        0.9216154295583381,
        0.8058380730643099,
        0.7558108228915488,
        0.724137417898012,
        1.0319883720275147,
        0.8250000000000001
    ],
    [
        1.076097630845413,
        1.1666666666666667,
        0.9446486707295528,
        0.798218502527834,
        0.733617369235792,
        1.024017143953709,
        0.8111634305804911,
        0.7192781875680029,
        0.9109671295448103,
        1.0180659769058846,
        0.7817359599705717,
        0.9023503261544882,
        0.8488145328109735,
        0.9147707666708396,
        1.0793194872490515,
        0.8207381501496754,
        0.8609990966571593,
        1.1464013743498005,
        0.871022706681953,
        1.0086432030758503,
        0.952883052169106,
        0.8488145328109735,
        0.9583333333333334,
        0.8395600699837452,
        0.7795119555779045,
