[
    [
        0.0,
        1.519222075368086,
        0.7927847457293968,
        1.140483025131126,
        1.620578757791204,
        1.8602309490150597,
        1.0346361383479268,
        0.9432223318745898,
        1.5128067238327136,
        1.8444794907606687,
        0.9538121686481172,
        1.3106461640530365,
        1.4434493127115156,
        1.9478991823217637,
        2.1281489273880387,
        1.1612636062777935,
        1.8338164174914633,
        1.2813666572078741,
        1.3679084287289682,
        1.419165463307537,
        1.4399226602750912,
        1.353496040116943,
        1.0623124084097035,
        1.3700048413440449,
        1.5020653770143952,
        1.4890159056729173,
        1.0746149708620791,
        1.2256702548794047,
        0.896784220855558,
        0.9177675825615693,
        1.1449633370042465,
        1.1938939036033414,
        2.427528078868738,
        1.6356596996506407,
        1.0813528469430487,
        1.3662803294988584,
        1.3526712046004015,
        1.2514022746747844,
        1.8500034473216642,
        1.913049307535283,
        0.9939228607196962,
        1.670573651932357,
        1.601577666055619,
        1.7978161355218887,
        1.8146758579393059,
        1.0248817751629817,
        1.5481226286923746,
        1.1740986555912687,
        1.4862250152377219,
        0.7738553100007304
    ],
    [
        1.519222075368086,
        0.0,
        1.3050383136138188,
        1.0383279828647594,
        1.4415703243338496,
        1.4469796128487782,
        1.2624381172952597,
        1.2119199643540823,
        1.3635890143294642,
        1.4523687548277813,
        1.5360257159305635,
        1.1524430571616109,
        1.0231690964840563,
        1.705872210923198,
        1.505199322349037,
        1.0702374331265498,
        1.2562344526401112,
        1.165922381636102,
        1.1439726698604977,
        1.3919410907075054,
        1.3925645805890337,
        1.1989578808281798,
        1.1319231422671772,
        1.224744871391589,
        1.5394127668259305,
        1.2409673645990857,
        1.16443238437351,
        1.1326897682556822,
        1.2597122687344122,
        1.0214708893442719,
        1.3981634779635432,
        1.4415703243338496,
        2.709615081314851,
        1.7940875118009154,
        1.1319231422671772,
        1.2409673645990857,
        1.6909686573085854,
        1.0231690964840563,
        1.346291201783626,
        1.4197270864500684,
        1.159202311936963,
        1.3228756555322954,
        1.541103500742244,
        1.5512092057488571,
        1.6056540723331412,
        1.0752906583803283,
        1.3169567191065923,
        1.0825317547305484,
        1.3050383136138188,
        1.2183492931011204
    ],
    [
        0.7927847457293968,
        1.3050383136138188,
        0.0,
        1.103970108290981,
        1.3975424859373686,
        1.5811388300841898,
        0.7806247497997998,
        1.0077822185373186,
        1.334634781503914,
        1.5562374497485916,
        0.9270248108869579,
        1.1726039399558574,
        1.2747548783981961,
        1.7421251390184347,
        1.8708286933869707,
        1.0255038582400877,
        1.4252192813739224,
        1.14564392373896,
        1.1740986555912687,
        1.2119199643540823,
        1.3584866989084254,
        1.1319231422671772,
        0.81967981553775,
        1.165922381636102,
        1.3274610268394993,
        1.3143439428094916,
        0.8549285220284663,
        1.125771340508858,
        0.852936105461599,
        0.8175590362645243,
        1.0540925533894598,
        1.0,
        2.3946555075835017,
        1.4523687548277813,
        0.9270248108869579,
        1.1357816691600546,
        1.3110110602126894,
        1.1388041973930374,
        1.489546910976623,
        1.6909686573085854,
        0.8385254915624212,
        1.5,
        1.352081728298996,
        1.620185174601965,
        1.6677080080157918,
        0.9270248108869579,
        1.2183492931011204,
        1.103970108290981,
        1.4306903927824497,
        0.673145600891813
    ],
    [
        1.140483025131126,
        1.0383279828647594,
        1.103970108290981,
        0.0,
        1.3863170633011772,
        1.4630874888399532,
        1.015504800579495,
        0.8569568250501305,
        1.299038105676658,
        1.375,
        1.2374368670764582,
        0.9437293044088437,
        1.1110243021644486,
        1.6414551471179466,
        1.5811388300841898,
        0.93319590217528,
        1.2686114456365274,
        0.8569568250501305,
        0.9444048444412394,
        1.2054563451241194,
        1.200405024240661,
        1.103970108290981,
        0.8838834764831844,
        1.2183492931011204,
        1.3076962355396013,
        1.2129509470708204,
        0.7916666666666667,
        0.8609990966571593,
        1.0243900624273938,
        0.8207381501496754,
        1.0639287779003088,
        1.4361406616345072,
        2.5806437612003372,
        1.7677669529663689,
        0.9354143466934853,
        1.1669940016983806,
        1.357847561400027,
        0.9270248108869579,
        1.2747548783981961,
        1.5258194519667128,
        0.9437293044088437,
        1.375,
        1.4197270864500684,
        1.6056540723331412,
        1.4684175155588413,
        0.8477912478906585,
        1.340475661845451,
        0.8926785535678563,
        1.243734296383275,
        1.0532687216470449
    ],
    [
        1.620578757791204,
        1.4415703243338496,
        1.3975424859373686,
        1.3863170633011772,
        0.0,
        1.375,
        1.3110110602126894,
        1.6770509831248424,
        1.1524430571616109,
        1.3693063937629153,
        2.019436802675439,
        1.340475661845451,
        1.352081728298996,
        1.3615248804190103,
        1.5562374497485916,
        1.3864320674129766,
        1.224744871391589,
        1.5,
        1.3518458658064385,
        1.103970108290981,
        1.2651855375574148,
        1.2562344526401112,
        1.4306903927824497,
        1.2747548783981961,
        1.2430361575146915,
        1.2646639869941738,
        1.5109553637057287,
        1.4018836534383934,
        1.4106735979665885,
        1.463680672520858,
        1.2733922324946771,
        1.25,
        1.7931195659458345,
        1.1792476415070754,
        1.25,
        1.3190905958272918,
        1.2374368670764582,
        1.4577379737113252,
        1.4197270864500684,
        1.3975424859373686,
        1.648863244784115,
        1.3169567191065923,
        1.2183492931011204,
        1.403121520040228,
        1.346291201783626,
        1.4630874888399532,
        1.2747548783981961,
        1.5662455107677085,
        1.243734296383275,
        1.286953767623375
    ],
    [
        1.8602309490150597,
        1.4469796128487782,
        1.5811388300841898,
        1.4630874888399532,
        1.375,
        0.0,
        1.595893166850463,
        1.7721808598447282,
        1.3228756555322954,
        1.334634781503914,
        2.1028254801575903,
        1.4630874888399532,
        1.3919410907075054,
        1.5674421839417236,
        1.5662455107677085,
        1.5365446260213538,
        1.2747548783981961,
        1.5811388300841898,
        1.2985470687641314,
        1.3228756555322954,
        1.4037400439935848,
        1.286953767623375,
        1.6677080080157918,
        1.340475661845451,
        1.2444320435890066,
        1.3261787209874845,
        1.6703085210689539,
        1.551768704128006,
        1.4607361157991543,
        1.5948049340837198,
        1.4690085469836829,
        1.709349291397168,
        2.075819784513525,
        1.5811388300841898,
        1.5,
        1.4819750335278932,
        1.4684175155588413,
        1.5155444566227676,
        1.357847561400027,
        1.2930100540985752,
        1.653594569415369,
        1.4737282653189494,
        1.479019945774904,
        1.4523687548277813,
        1.375,
        1.7230060940112777,
        1.334634781503914,
        1.7001838135919305,
        1.357847561400027,
        1.4947825928876748
    ],
    [
        1.0346361383479268,
        1.2624381172952597,
        0.7806247497997998,
        1.015504800579495,
        1.3110110602126894,
        1.595893166850463,
        0.0,
        1.0307764064044151,
        1.2054563451241194,
        1.4469796128487782,
        1.103970108290981,
        1.103970108290981,
        1.0752906583803283,
        1.724275210052038,
        1.8791620472966135,
        0.9842509842514765,
        1.352081728298996,
        0.9185586535436918,
        1.0449099170234137,
        1.2183492931011204,
        1.286279086702761,
        1.0383279828647594,
        0.75,
        1.165922381636102,
        1.3856907623596575,
        1.1696687565289585,
        0.9851325347947407,
        1.0833333333333333,
        0.9646890690787369,
        0.8640183897219884,
        1.1531960419248373,
        1.1726039399558574,
        2.394655507583502,
        1.58607219255619,
        0.9013878188659973,
        1.1219402836158439,
        1.5103807466993215,
        1.0307764064044151,
        1.3806701271484076,
        1.571225636247067,
        0.82915619758885,
        1.3975424859373686,
        1.3287682265918312,
        1.5206906325745548,
        1.571225636247067,
        0.8003905296791061,
        1.286953767623375,
        0.8838834764831844,
        1.286953767623375,
        0.7806247497997998
    ],
    [
        0.9432223318745898,
        1.2119199643540823,
        1.0077822185373186,
        0.8569568250501305,
        1.6770509831248424,
        1.7721808598447282,
        1.0307764064044151,
        0.0,
        1.4415703243338496,
        1.713913650100261,
        0.8385254915624212,
        0.9762812094883317,
        1.1989578808281798,
        1.9946804255318695,
        1.8874586088176875,
        1.0892857142857144,
        1.4737282653189494,
        0.9185586535436918,
        1.0892857142857142,
        1.5206906325745548,
        1.3037073205968346,
        1.2562344526401112,
        0.82915619758885,
        1.352081728298996,
        1.560693400027337,
        1.3273563952458285,
        0.8207381501496754,
        0.9081039465709737,
        1.0204165815979276,
        0.7192781875680029,
        1.3507970897872772,
        1.3693063937629153,
        2.7294052058603864,
        1.9039432764659772,
        0.875,
        1.144006118864755,
        1.571225636247067,
        1.0606601717798212,
        1.5258194519667128,
        1.7633419974582356,
        0.81967981553775,
        1.5258194519667128,
        1.6909686573085854,
        1.8371173070873836,
        1.8114220932736798,
        0.8100925873009825,
        1.625,
        0.8838834764831844,
        1.4577379737113252,
        1.0
    ],
    [
        1.5128067238327136,
        1.3635890143294642,
        1.334634781503914,
        1.299038105676658,
        1.1524430571616109,
        1.3228756555322954,
        1.2054563451241194,
        1.4415703243338496,
        0.0,
        1.3228756555322954,
        1.741048534648015,
        1.243734296383275,
        1.243734296383275,
        1.475,
        1.5360257159305635,
        1.2266960353996854,
        1.2562344526401112,
        1.3635890143294642,
        1.215335680512397,
        1.192424001771182,
        1.2603736218545145,
        1.0606601717798212,
        1.2183492931011204,
        1.0968705484240153,
        1.1288514320120056,
        1.2219349409849938,
        1.49362069407791,
        1.2754356554178305,
        1.3143439428094916,
        1.3450010326307478,
        1.2692955176439846,
        1.3050383136138188,
        2.0017353582440522,
        1.3287682265918312,
        1.2562344526401112,
        1.2155245781143218,
        1.1989578808281798,
        1.2930100540985752,
        1.2686114456365274,
        1.340475661845451,
        1.2930100540985752,
        1.352081728298996,
        1.334634781503914,
        1.4306903927824497,
        1.3050383136138188,
        1.2562344526401112,
        1.1388041973930374,
        1.3635890143294642,
        1.2374368670764582,
        1.192424001771182
    ],
    [
        1.8444794907606687,
        1.4523687548277813,
        1.5562374497485916,
        1.375,
        1.3693063937629153,
        1.334634781503914,
        1.4469796128487782,
        1.713913650100261,
        1.3228756555322954,
        0.0,
        2.065338955232288,
        1.3919410907075054,
        1.2808688457449497,
        1.4802871343087463,
        1.541103500742244,
        1.3008778433293828,
        1.2119199643540823,
        1.5155444566227676,
        1.318287773235125,
        1.299038105676658,
        1.224744871391589,
        1.25,
        1.590990257669732,
        1.2054563451241194,
        1.3391798899990164,
        1.2963892162464172,
        1.5898986690282426,
        1.4583333333333333,
        1.2903487900563941,
        1.445779297741456,
        1.2692955176439846,
        1.489546910976623,
        1.979934061752787,
        1.4684175155588413,
        1.1989578808281798,
        1.2963892162464172,
        1.4469796128487782,
        1.2119199643540823,
        1.357847561400027,
        1.3693063937629153,
        1.5461646096066226,
        1.4361406616345072,
        1.2624381172952597,
        1.4737282653189494,
        1.3863170633011772,
        1.590990257669732,
        1.2747548783981961,
        1.5258194519667128,
        1.2747548783981961,
        1.3693063937629153
    ],
    [
        0.9538121686481172,
        1.5360257159305635,
        0.9270248108869579,
        1.2374368670764582,
        2.019436802675439,
        2.1028254801575903,
        1.103970108290981,
        0.8385254915624212,
        1.741048534648015,
        2.065338955232288,
        0.0,
        1.3693063937629153,
        1.4737282653189494,
        2.24735956179691,
        2.2325713874364688,
        1.306869604537999,
        1.7940875118009154,
        1.2119199643540823,
        1.5011687623519299,
        2.065338955232288,
        2.008229596214315,
        1.595893166850463,
        0.8660254037844386,
        1.6007810593582121,
        2.214221709264404,
        1.739073028943868,
        0.9745012969605417,
        1.1996816707406641,
        1.2597122687344122,
        0.8364524958285304,
        1.8503002759312097,
        1.6441183047457382,
        4.094796833923645,
        2.384848003542364,
        1.1726039399558574,
        1.523564898519259,
        2.3082731640774234,
        1.231107225224513,
        1.984313483298443,
        2.027159342528357,
        0.7905694150420949,
        1.7809758560968758,
        1.9162137145944864,
        2.080414622136655,
        2.172268399622846,
        0.7806247497997998,
        1.7677669529663689,
        0.9762812094883317,
        1.996089927833914,
        1.0458250331675945
    ],
    [
        1.3106461640530365,
        1.1524430571616109,
        1.1726039399558574,
        0.9437293044088437,
        1.340475661845451,
        1.4630874888399532,
        1.103970108290981,
        0.9762812094883317,
        1.243734296383275,
        1.3919410907075054,
        1.3693063937629153,
        0.0,
        1.14564392373896,
        1.6232683080747925,
        1.5562374497485916,
        1.0980327956888005,
        1.25,
        1.0825317547305484,
        0.9094879698747745,
        1.159202311936963,
        1.0881304047667162,
        1.1319231422671772,
        1.0825317547305484,
        1.2054563451241194,
        1.2788341044352338,
        1.1508149286483904,
        1.0248644896874037,
        0.93355652093367,
        1.036520622081394,
        0.9771699499632145,
        1.0663736576724772,
        1.2624381172952597,
        2.2768460153857086,
        1.6153559979150107,
        1.0077822185373186,
        1.0977249200050074,
        1.3919410907075054,
        1.0825317547305484,
        1.2374368670764582,
        1.4469796128487782,
        1.0752906583803283,
        1.2747548783981961,
        1.3635890143294642,
        1.489546910976623,
        1.4142135623730951,
        1.0383279828647594,
        1.2374368670764582,
        1.0825317547305484,
        1.2374368670764582,
        1.0825317547305484
    ],
    [
        1.4434493127115156,
        1.0231690964840563,
        1.2747548783981961,
        1.1110243021644486,
        1.352081728298996,
        1.3919410907075054,
        1.0752906583803283,
        1.1989578808281798,
        1.243734296383275,
        1.2808688457449497,
        1.4737282653189494,
        1.14564392373896,
        0.0,
        1.5321553446044562,
        1.505199322349037,
        0.9787278290031944,
        1.1792476415070754,
        1.118033988749895,
        1.1622242925194985,
        1.2747548783981961,
        1.226161580796847,
        1.125,
        1.0752906583803283,
        1.1524430571616109,
        1.3623152270226513,
        1.2026013470805694,
        1.2233265213252664,
        1.1509356097444277,
        1.2346558224865747,
        1.1094605796411956,
        1.3235316811890492,
        1.3110110602126894,
        2.236844255244925,
        1.595893166850463,
        1.0077822185373186,
        1.1562331079847177,
        1.505199322349037,
        1.0825317547305484,
        1.1989578808281798,
        1.352081728298996,
        1.125,
        1.3287682265918312,
        1.4306903927824497,
        1.403121520040228,
        1.403121520040228,
        1.1388041973930374,
        1.118033988749895,
        1.0897247358851685,
        1.357847561400027,
        1.165922381636102
    ],
    [
        1.9478991823217637,
        1.705872210923198,
        1.7421251390184347,
        1.6414551471179466,
        1.3615248804190103,
        1.5674421839417236,
        1.724275210052038,
        1.9946804255318695,
        1.475,
        1.4802871343087463,
        2.24735956179691,
        1.6232683080747925,
        1.5321553446044562,
        0.0,
        1.5858751527153705,
        1.6261142176918544,
        1.6309506430300091,
        1.7829049329675433,
        1.6217078110713397,
        1.4682046860026021,
        1.4573329902408867,
        1.5674421839417236,
        1.8718306547334884,
        1.5241801074676182,
        1.4333333333333333,
        1.4510771860931453,
        1.9141106144746296,
        1.6830238989522532,
        1.7921704718022782,
        1.8770174331754206,
        1.4745997573729774,
        1.5664450197820539,
        1.8364556745112157,
        1.4155387666892065,
        1.581534065393471,
        1.5690363284513205,
        1.4570947120897804,
        1.8124568960391858,
        1.6688319268278637,
        1.5915794042397005,
        1.9334231300985307,
        1.3836094102021712,
        1.310295768137866,
        1.46990645960891,
        1.501249479600243,
        1.8634645153584224,
        1.4037895141366459,
        1.8338824935093307,
        1.460094175044884,
        1.5872539179349976
    ],
    [
        2.1281489273880387,
        1.505199322349037,
        1.8708286933869707,
        1.5811388300841898,
        1.5562374497485916,
        1.5662455107677085,
        1.8791620472966135,
        1.8874586088176875,
        1.5360257159305635,
        1.541103500742244,
        2.2325713874364688,
        1.5562374497485916,
        1.505199322349037,
        1.5858751527153705,
        0.0,
        1.6503130500802887,
        1.4361406616345072,
        1.7544586059522749,
        1.5115414824149633,
        1.5258194519667128,
        1.5109553637057287,
        1.6007810593582121,
        1.8027756377319946,
        1.5258194519667128,
        1.5948049340837198,
        1.5388713396512392,
        1.8147734783652139,
        1.62553410026093,
        1.8437394067492292,
        1.8061430668077703,
        1.6110512440984337,
        1.7365554986812255,
        2.284838311809199,
        1.8027756377319946,
        1.6909686573085854,
        1.6180621125284407,
        1.8114220932736798,
        1.6393596310755,
        1.5206906325745548,
        1.489546910976623,
        1.8874586088176875,
        1.5612494995995996,
        1.6630168369562588,
        1.5562374497485916,
        1.5612494995995996,
        1.8027756377319946,
        1.5662455107677085,
        1.7940875118009154,
        1.6007810593582121,
        1.741048534648015
    ],
    [
        1.1612636062777935,
        1.0702374331265498,
        1.0255038582400877,
        0.93319590217528,
        1.3864320674129766,
        1.5365446260213538,
        0.9842509842514765,
        1.0892857142857144,
        1.2266960353996854,
        1.3008778433293828,
        1.306869604537999,
        1.0980327956888005,
        0.9787278290031944,
        1.6261142176918544,
        1.6503130500802887,
        0.0,
        1.299774313219846,
        1.0057234171663374,
        0.9996810715913147,
        1.2662212786597025,
        1.2387675601286994,
        1.0629125849595094,
        0.9707127089233488,
        1.1594773629105661,
        1.424809033629744,
        1.192188649295993,
        1.1458913096031562,
        1.0407478941311012,
        0.9944424650659942,
        0.884204101677908,
        1.1747472830946757,
        1.0990487538163656,
        2.2825188477314775,
        1.5477106200014608,
        0.8903536330227079,
        1.05133539959852,
        1.4532467169782848,
        0.9379675704763497,
        1.3781272415410528,
        1.509219118265726,
        1.0406287345952476,
        1.3472382938471439,
        1.1972278779901238,
        1.461779213625558,
        1.3956016916128517,
        1.0389420148420612,
        1.2643311129863515,
        0.9126380242271884,
        1.2853422080662935,
        0.9126380242271884
    ],
    [
        1.8338164174914633,
        1.2562344526401112,
        1.4252192813739224,
        1.2686114456365274,
        1.224744871391589,
        1.2747548783981961,
        1.352081728298996,
        1.4737282653189494,
        1.2562344526401112,
        1.2119199643540823,
        1.7940875118009154,
        1.25,
        1.1792476415070754,
        1.6309506430300091,
        1.4361406616345072,
        1.299774313219846,
        0.0,
        1.352081728298996,
        1.2833559720593535,
        1.286953767623375,
        1.378782675647858,
        1.2686114456365274,
        1.340475661845451,
        1.165922381636102,
        1.3674032567851615,
        1.2090802289343747,
        1.3962996733430033,
        1.2692955176439846,
        1.2781823031164217,
        1.315637783653912,
        1.3869430814244366,
        1.5360257159305635,
        2.2519281861452765,
        1.4947825928876748,
        1.2808688457449497,
        1.2155245781143218,
        1.4630874888399532,
        1.3050383136138188,
        1.286953767623375,
        1.2686114456365274,
        1.357847561400027,
        1.3806701271484076,
        1.4737282653189494,
        1.5103807466993215,
        1.3635890143294642,
        1.3228756555322954,
        1.231107225224513,
        1.3863170633011772,
        1.224744871391589,
        1.340475661845451
    ],
    [
        1.2813666572078741,
        1.165922381636102,
        1.14564392373896,
        0.8569568250501305,
        1.5,
        1.5811388300841898,
        0.9185586535436918,
        0.9185586535436918,
        1.3635890143294642,
        1.5155444566227676,
        1.2119199643540823,
        1.0825317547305484,
        1.118033988749895,
        1.7829049329675433,
        1.7544586059522749,
        1.0057234171663374,
        1.352081728298996,
        0.0,
        0.9689042833036098,
        1.4086784586980805,
        1.4055939827860833,
        1.192424001771182,
        0.9519716382329886,
        1.3050383136138188,
        1.5023130314433288,
        1.3059957886608977,
        0.9307628293203615,
        0.9556120784316429,
        1.1602801385872292,
        0.9147707666708396,
        1.3718398027628607,
        1.4842927608797396,
        2.756935698278878,
        1.8708286933869707,
        1.0458250331675945,
        1.1958260743101399,
        1.648863244784115,
        0.960143218483576,
        1.4086784586980805,
        1.620185174601965,
        0.9270248108869579,
        1.4306903927824497,
        1.5,
        1.6770509831248424,
        1.5512092057488571,
        0.9354143466934853,
        1.3919410907075054,
        0.8477912478906585,
        1.4252192813739224,
        1.118033988749895
    ],
    [
        1.3679084287289682,
        1.1439726698604977,
        1.1740986555912687,
        0.9444048444412394,
        1.3518458658064385,
        1.2985470687641314,
        1.0449099170234137,
        1.0892857142857142,
        1.215335680512397,
        1.318287773235125,
        1.5011687623519299,
        0.9094879698747745,
        1.1622242925194985,
        1.6217078110713397,
        1.5115414824149633,
        0.9996810715913147,
        1.2833559720593535,
        0.9689042833036098,
        0.0,
        1.0831207274371963,
        1.0979037178624294,
        1.0248817751629817,
        1.0549325348387093,
        1.1334715051827393,
        1.3173736584618163,
        1.132773596270748,
        1.0898547823962685,
        1.0875767233863092,
        1.0148137458546322,
        0.9548517057875279,
        1.028505288878818,
        1.3648745924300973,
        2.2505038488516624,
        1.6067459827431418,
        0.9360958872915112,
        1.1081389528283492,
        1.3401187885209798,
        1.1607142857142858,
        1.298301480663824,
        1.3932005071278235,
        1.2004197820184506,
        1.2926400764895614,
        1.2752550765255088,
        1.4099229245108489,
        1.3705866091061976,
        1.0549325348387093,
        1.2836044196412106,
        1.1334715051827393,
        1.225265485600603,
        1.0172303834732939
    ],
    [
        1.419165463307537,
        1.3919410907075054,
        1.2119199643540823,
        1.2054563451241194,
        1.103970108290981,
        1.3228756555322954,
        1.2183492931011204,
        1.5206906325745548,
        1.192424001771182,
        1.299038105676658,
        2.065338955232288,
        1.159202311936963,
        1.2747548783981961,
        1.4682046860026021,
        1.5258194519667128,
        1.2662212786597025,
        1.286953767623375,
        1.4086784586980805,
        1.0831207274371963,
        0.0,
        1.125,
        1.14564392373896,
        1.3863170633011772,
        1.118033988749895,
        1.2211959074794037,
        1.1736694594305501,
        1.4221706804896677,
        1.375631168268265,
        1.207010770457331,
        1.4166666666666665,
        1.135751097536584,
        1.1858541225631423,
        1.8879184598681988,
        1.3110110602126894,
        1.159202311936963,
        1.1808365678619543,
        1.2374368670764582,
        1.479019945774904,
        1.286953767623375,
        1.3635890143294642,
        1.58607219255619,
        1.2624381172952597,
        1.243734296383275,
        1.3635890143294642,
        1.3228756555322954,
        1.3863170633011772,
        1.231107225224513,
        1.5612494995995996,
        1.1989578808281798,
        1.14564392373896
    ],
    [
        1.4399226602750912,
        1.3925645805890337,
        1.3584866989084254,
        1.200405024240661,
        1.2651855375574148,
        1.4037400439935848,
        1.286279086702761,
        1.3037073205968346,
        1.2603736218545145,
        1.224744871391589,
        2.008229596214315,
        1.0881304047667162,
        1.226161580796847,
        1.4573329902408867,
        1.5109553637057287,
        1.2387675601286994,
        1.378782675647858,
        1.4055939827860833,
        1.0979037178624294,
        1.125,
        0.0,
        1.1395661942647786,
        1.4907119849998598,
        1.1531960419248373,
        1.1441275181454984,
        1.174260996920569,
        1.4796067420470587,
        1.2416387021459447,
        1.2047936660597853,
        1.3756311682682647,
        1.0873323625583238,
        1.2781551375148306,
        1.8247907033715158,
        1.442172358323065,
        1.1000315652036738,
        1.280245202208459,
        1.1577036657874837,
        1.4848774734337884,
        1.391317321422,
        1.4583333333333333,
        1.6446461963325458,
        1.2104865871944959,
        1.2527746981977423,
        1.4367449707972224,
        1.3176156917368247,
        1.4397627119309162,
        1.2638125740085917,
        1.5109553637057287,
        1.1280821975567403,
        1.104756131963571
    ],
    [
        1.353496040116943,
        1.1989578808281798,
        1.1319231422671772,
        1.103970108290981,
        1.2562344526401112,
        1.286953767623375,
        1.0383279828647594,
        1.2562344526401112,
        1.0606601717798212,
        1.25,
        1.595893166850463,
        1.1319231422671772,
        1.125,
        1.5674421839417236,
        1.6007810593582121,
        1.0629125849595094,
        1.2686114456365274,
        1.192424001771182,
        1.0248817751629817,
        1.14564392373896,
        1.1395661942647786,
        0.0,
        1.0532687216470449,
        0.9437293044088437,
        1.2423376263229644,
        1.1858541225631423,
        1.2169234888758527,
        1.1865859054915118,
        1.0043654713300334,
        1.1102427162061854,
        1.1748226816559737,
        1.3050383136138188,
        2.1180441711898057,
        1.3919410907075054,
        1.0077822185373186,
        1.1696687565289585,
        1.286953767623375,
        1.118033988749895,
        1.299038105676658,
        1.375,
        1.125,
        1.346291201783626,
        1.2808688457449497,
        1.4306903927824497,
        1.4086784586980805,
        1.231107225224513,
        1.0,
        1.1110243021644486,
        1.231107225224513,
        0.9270248108869579
    ],
    [
        1.0623124084097035,
        1.1319231422671772,
        0.81967981553775,
        0.8838834764831844,
        1.4306903927824497,
        1.6677080080157918,
        0.75,
        0.82915619758885,
        1.2183492931011204,
        1.590990257669732,
        0.8660254037844386,
        1.0825317547305484,
        1.0752906583803283,
        1.8718306547334884,
        1.8027756377319946,
        0.9707127089233488,
        1.340475661845451,
        0.9519716382329886,
        1.0549325348387093,
        1.3863170633011772,
        1.4907119849998598,
        1.0532687216470449,
        0.0,
        1.2374368670764582,
        1.5360257159305633,
        1.1696687565289585,
        0.8819171036881969,
        1.0008676791220261,
        1.05,
        0.7046472718869902,
        1.4258282193557228,
        1.159202311936963,
        2.8873526898450685,
        1.6007810593582121,
        0.9270248108869579,
        0.972753822917186,
        1.7365554986812255,
        0.8477912478906585,
        1.346291201783626,
        1.695582495781317,
        0.6123724356957945,
        1.479019945774904,
        1.595893166850463,
        1.595893166850463,
        1.6630168369562588,
        0.649519052838329,
        1.3693063937629153,
        0.739509972887452,
        1.3635890143294642,
        0.875
    ],
    [
        1.3700048413440449,
        1.224744871391589,
        1.165922381636102,
        1.2183492931011204,
        1.2747548783981961,
        1.340475661845451,
        1.165922381636102,
        1.352081728298996,
        1.0968705484240153,
        1.2054563451241194,
        1.6007810593582121,
        1.2054563451241194,
        1.1524430571616109,
        1.5241801074676182,
        1.5258194519667128,
        1.1594773629105661,
        1.165922381636102,
        1.3050383136138188,
        1.1334715051827393,
        1.118033988749895,
        1.1531960419248373,
        0.9437293044088437,
        1.2374368670764582,
        0.0,
        1.16443238437351,
        1.2346558224865747,
        1.2104865871944959,
        1.1777745020918804,
        1.107925990308017,
        1.1711224435462664,
        1.0905210273585335,
        1.125,
        1.9856254262406425,
        1.4086784586980805,
        0.9842509842514764,
        1.1895377253370318,
        1.224744871391589,
        1.2624381172952597,
        1.340475661845451,
        1.25,
        1.2119199643540823,
        1.286953767623375,
        1.2562344526401112,
        1.3975424859373686,
        1.3050383136138188,
        1.224744871391589,
        1.159202311936963,
        1.192424001771182,
        1.1726039399558574,
        0.960143218483576
    ],
    [
        1.5020653770143952,
        1.5394127668259305,
        1.3274610268394993,
        1.3076962355396013,
        1.2430361575146915,
        1.2444320435890066,
        1.3856907623596575,
        1.560693400027337,
        1.1288514320120056,
        1.3391798899990164,
        2.214221709264404,
        1.2788341044352338,
        1.3623152270226513,
        1.4333333333333333,
        1.5948049340837198,
        1.424809033629744,
        1.3674032567851615,
        1.5023130314433288,
        1.3173736584618163,
        1.2211959074794037,
        1.1441275181454984,
        1.2423376263229644,
        1.5360257159305633,
        1.16443238437351,
        0.0,
        1.2941105911869442,
        1.3844373104863457,
        1.3819269959814164,
        1.2059171244787559,
        1.4361406616345072,
        1.1807189429420626,
        1.379412113103904,
        1.871292631073802,
        1.5121039426353378,
        1.2465229418042993,
        1.3460590625971804,
        1.167410477176825,
        1.4695993407123664,
        1.2240359017973652,
        1.3775229379013783,
        1.5280934017410204,
        1.4080621040596502,
        1.271345525199363,
        1.473139127471974,
        1.3391798899990164,
        1.7001838135919305,
        1.2781551375148306,
        1.6822191031821956,
        1.2589954108115107,
        1.2233265213252664
    ],
    [
        1.4890159056729173,
        1.2409673645990857,
        1.3143439428094916,
        1.2129509470708204,
        1.2646639869941738,
        1.3261787209874845,
        1.1696687565289585,
        1.3273563952458285,
        1.2219349409849938,
        1.2963892162464172,
        1.739073028943868,
        1.1508149286483904,
        1.2026013470805694,
        1.4510771860931453,
        1.5388713396512392,
        1.192188649295993,
        1.2090802289343747,
        1.3059957886608977,
        1.132773596270748,
        1.1736694594305501,
        1.174260996920569,
        1.1858541225631423,
        1.1696687565289585,
        1.2346558224865747,
        1.2941105911869442,
        0.0,
        1.443159150382706,
        1.2708265027138834,
        1.2374368670764582,
        1.2287358001892297,
        1.2755989878397433,
        1.2781823031164217,
        2.015667796703283,
        1.4607361157991543,
        1.1191514642799696,
        0.9100137361600648,
        1.4128871150944793,
        1.2346558224865747,
        1.3437354650376687,
        1.3743180126884753,
        1.400669482783144,
        1.164313102219502,
        1.3759087905817013,
        1.3376752221671746,
        1.3724977231310804,
        1.2283118496538248,
        1.182951816432098,
        1.3024016277631105,
        1.2064928512013653,
        1.1895377253370318
    ],
    [
        1.0746149708620791,
        1.16443238437351,
        0.8549285220284663,
        0.7916666666666667,
        1.5109553637057287,
        1.6703085210689539,
        0.9851325347947407,
        0.8207381501496754,
        1.49362069407791,
        1.5898986690282426,
        0.9745012969605417,
        1.0248644896874037,
        1.2233265213252664,
        1.9141106144746296,
        1.8147734783652139,
        1.1458913096031562,
        1.3962996733430033,
        0.9307628293203615,
        1.0898547823962685,
        1.4221706804896677,
        1.4796067420470587,
        1.2169234888758527,
        0.8819171036881969,
        1.2104865871944959,
        1.3844373104863457,
        1.443159150382706,
        0.0,
        0.9418878796214429,
        1.0758071904905224,
        0.7905694150420949,
        1.1569536147429016,
        1.4129854131510975,
        2.7185703963664425,
        1.7667845872595158,
        0.9565200236040831,
        1.2504443654601796,
        1.5005785921140922,
        1.0137937550497031,
        1.3248427579653872,
        1.6472831167308997,
        0.8640183897219884,
        1.536590742882148,
        1.565691185671328,
        1.7280367794439768,
        1.7460272366464136,
        0.7580585582775105,
        1.4831226442131404,
        0.8819171036881969,
        1.4971036852684736,
        0.9664511253952668
    ],
    [
        1.2256702548794047,
        1.1326897682556822,
        1.125771340508858,
        0.8609990966571593,
        1.4018836534383934,
        1.551768704128006,
        1.0833333333333333,
        0.9081039465709737,
        1.2754356554178305,
        1.4583333333333333,
        1.1996816707406641,
        0.93355652093367,
        1.1509356097444277,
        1.6830238989522532,
        1.62553410026093,
        1.0407478941311012,
        1.2692955176439846,
        0.9556120784316429,
        1.0875767233863092,
        1.375631168268265,
        1.2416387021459447,
        1.1865859054915118,
        1.0008676791220261,
        1.1777745020918804,
        1.3819269959814164,
        1.2708265027138834,
        0.9418878796214429,
        0.0,
        1.061674515931214,
        0.8730136183232068,
        1.0968705484240153,
        1.369940185231133,
        2.5262510652040198,
        1.6061946056163652,
        0.9537935951882998,
        1.1801600644733652,
        1.2889756915215016,
        0.9930312739844155,
        1.3057033013326997,
        1.5309310892394865,
        0.9930312739844155,
        1.3737367934862112,
        1.339827932567794,
        1.6244657241348277,
        1.4901295618539723,
        0.9363418772601764,
        1.3469358229370512,
        0.9691419458010839,
        1.3775229379013783,
        1.016359243137539
    ],
    [
        0.896784220855558,
        1.2597122687344122,
        0.852936105461599,
        1.0243900624273938,
        1.4106735979665885,
        1.4607361157991543,
        0.9646890690787369,
        1.0204165815979276,
        1.3143439428094916,
        1.2903487900563941,
        1.2597122687344122,
        1.036520622081394,
        1.2346558224865747,
        1.7921704718022782,
        1.8437394067492292,
        0.9944424650659942,
        1.2781823031164217,
        1.1602801385872292,
        1.0148137458546322,
        1.207010770457331,
        1.2047936660597853,
        1.0043654713300334,
        1.05,
        1.107925990308017,
        1.2059171244787559,
        1.2374368670764582,
        1.0758071904905224,
        1.061674515931214,
        0.0,
        0.8203573069773384,
        0.9878779164338971,
        1.3379088160259651,
        2.476360456619979,
        1.6420261873673025,
        0.8284020762890445,
        1.1065147988165365,
        1.1022703842524302,
        0.972753822917186,
        1.3083864108129524,
        1.4615915982243466,
        1.0121141239998581,
        1.407346794503757,
        1.4424371736751656,
        1.5839034061457158,
        1.466074691139575,
        1.107925990308017,
        1.2842799539041323,
        1.1426394882026438,
        1.2447389284504602,
        0.8058380730643099
    ],
    [
        0.9177675825615693,
        1.0214708893442719,
        0.8175590362645243,
        0.8207381501496754,
        1.463680672520858,
        1.5948049340837198,
        0.8640183897219884,
        0.7192781875680029,
        1.3450010326307478,
        1.445779297741456,
        0.8364524958285304,
        0.9771699499632145,
