[
    [
        0.0,
        1.505199322349037,
        1.4252192813739224,
        1.5612494995995996,
        1.5461646096066226,
        1.4197270864500684,
        1.3975424859373686,
        1.653594569415369,
        1.352081728298996,
        1.375,
        1.9162137145944864,
        1.3863170633011772,
        1.505199322349037,
        1.6056540723331412,
        1.4469796128487782,
        1.3635890143294642,
        1.4684175155588413,
        1.653594569415369,
        1.357847561400027,
        1.7721808598447282,
        1.4142135623730951,
        1.6583123951777,
        1.571225636247067,
        1.334634781503914,
        1.79843682124227,
        1.620185174601965,
        1.7544586059522749,
        1.5206906325745548,
        1.357847561400027,
        1.5309310892394863,
        1.5,
        1.7853571071357126,
        2.6780356607035687,
        1.8915932438026946,
        1.3919410907075054,
        1.4469796128487782,
        1.6770509831248424,
        1.5761900266148114,
        1.6298006013006623,
        1.3806701271484076,
        1.620185174601965,
        1.4361406616345072,
        1.7940875118009154,
        1.595893166850463,
        1.4684175155588413,
        1.590990257669732,
        1.6153559979150107,
        1.695582495781317,
        1.4523687548277813,
        1.286953767623375
    ],
    [
        1.505199322349037,
        0.0,
        1.6583123951777,
        1.165922381636102,
        1.80710403685012,
        1.6770509831248424,
        1.489546910976623,
        1.1726039399558574,
        1.6345871038277526,
        1.709349291397168,
        1.620185174601965,
        1.1858541225631423,
        1.1792476415070754,
        2.1469455046647083,
        1.6105123408406408,
        1.2374368670764582,
        1.375,
        1.0968705484240153,
        1.2747548783981961,
        1.7230060940112777,
        1.5512092057488571,
        1.3919410907075054,
        1.1989578808281798,
        1.505199322349037,
        1.920286436967152,
        1.4577379737113252,
        1.3050383136138188,
        1.243734296383275,
        1.4577379737113252,
        1.1524430571616109,
        1.5612494995995996,
        2.172268399622846,
        3.1598061649411346,
        2.3351927115336757,
        1.3863170633011772,
        1.4737282653189494,
        1.984313483298443,
        1.2119199643540823,
        1.4306903927824497,
        1.6153559979150107,
        1.1524430571616109,
        1.5612494995995996,
        1.976423537605237,
        1.7455300054711176,
        1.8413649828320293,
        1.14564392373896,
        1.8498310733685928,
        1.1858541225631423,
        1.7455300054711176,
        1.4197270864500684
    ],
    [
        1.4252192813739224,
        1.6583123951777,
        0.0,
        1.6007810593582121,
        1.713913650100261,
        1.4415703243338496,
        1.4947825928876748,
        1.6630168369562588,
        1.5512092057488571,
        1.541103500742244,
        2.318404623873926,
        1.4361406616345072,
        1.541103500742244,
        1.7721808598447282,
        1.5612494995995996,
        1.5,
        1.5258194519667128,
        1.713913650100261,
        1.4947825928876748,
        1.920286436967152,
        1.5512092057488571,
        1.7809758560968758,
        1.6056540723331412,
        1.5103807466993215,
        1.824314939915803,
        1.7940875118009154,
        1.7544586059522749,
        1.6007810593582121,
        1.5461646096066226,
        1.6007810593582121,
        1.648863244784115,
        1.9162137145944864,
        2.75,
        2.03100960115899,
        1.4197270864500684,
        1.5612494995995996,
        1.7809758560968758,
        1.6105123408406408,
        1.6298006013006623,
        1.357847561400027,
        1.6863421954040052,
        1.6105123408406408,
        2.0155644370746373,
        1.6909686573085854,
        1.5811388300841898,
        1.71846588560844,
        1.6583123951777,
        1.7897276329095442,
        1.5562374497485916,
        1.4197270864500684
    ],
    [
        1.5612494995995996,
        1.165922381636102,
        1.6007810593582121,
        0.0,
        1.9445436482630056,
        1.625,
        1.4252192813739224,
        1.0077822185373186,
        1.704772712123232,
        1.620185174601965,
        1.3863170633011772,
        1.0897247358851685,
        1.352081728298996,
        2.165063509461097,
        1.5662455107677085,
        1.2119199643540823,
        1.5612494995995996,
        1.1858541225631423,
        1.224744871391589,
        2.019436802675439,
        1.7455300054711176,
        1.8285923547909742,
        1.118033988749895,
        1.5612494995995996,
        2.0879116360612584,
        1.8708286933869707,
        1.0383279828647594,
        1.0606601717798212,
        1.375,
        1.0532687216470449,
        1.8328597873268975,
        2.2810359488618324,
        3.3517719194479807,
        2.384848003542364,
        1.2747548783981961,
        1.489546910976623,
        2.172268399622846,
        1.0606601717798212,
        1.505199322349037,
        1.6298006013006623,
        1.0897247358851685,
        1.8114220932736798,
        2.3979157616563596,
        2.03100960115899,
        1.80710403685012,
        1.0,
        2.027159342528357,
        1.015504800579495,
        1.80710403685012,
        1.346291201783626
    ],
    [
        1.5461646096066226,
        1.80710403685012,
        1.713913650100261,
        1.9445436482630056,
        0.0,
        1.7001838135919305,
        1.8540496217739157,
        2.065338955232288,
        1.5309310892394863,
        1.6677080080157918,
        2.6634094690828145,
        1.79843682124227,
        1.7853571071357126,
        1.6105123408406408,
        1.6056540723331412,
        1.776583800443987,
        1.648863244784115,
        1.964529205687714,
        1.7809758560968758,
        1.7721808598447282,
        1.58607219255619,
        1.9162137145944864,
        1.996089927833914,
        1.5662455107677085,
        1.9080421903092184,
        1.8833148966649205,
        2.0953818267800264,
        1.8498310733685928,
        1.776583800443987,
        1.9724667297574374,
        1.741048534648015,
        1.6817030058842137,
        2.2672946434021317,
        1.7275343701356567,
        1.7853571071357126,
        1.7001838135919305,
        1.7455300054711176,
        1.984313483298443,
        1.8833148966649205,
        1.7275343701356567,
        2.03100960115899,
        1.6817030058842137,
        1.758905909933786,
        1.695582495781317,
        1.704772712123232,
        2.027159342528357,
        1.79843682124227,
        2.168668946612184,
        1.6393596310755,
        1.5612494995995996
    ],
    [
        1.4197270864500684,
        1.6770509831248424,
        1.4415703243338496,
        1.625,
        1.7001838135919305,
        0.0,
        1.5562374497485916,
        1.7677669529663689,
        1.5360257159305635,
        1.4306903927824497,
        2.331844763272204,
        1.489546910976623,
        1.5761900266148114,
        1.6630168369562588,
        1.5562374497485916,
        1.5761900266148114,
        1.505199322349037,
        1.75,
        1.4252192813739224,
        1.875,
        1.5360257159305635,
        1.80710403685012,
        1.7230060940112777,
        1.4252192813739224,
        1.79843682124227,
        1.7809758560968758,
        1.7853571071357126,
        1.6441183047457382,
        1.479019945774904,
        1.6393596310755,
        1.595893166850463,
        2.0155644370746373,
        2.70993542358485,
        1.996089927833914,
        1.4523687548277813,
        1.5562374497485916,
        1.7809758560968758,
        1.6723860200324565,
        1.6007810593582121,
        1.3919410907075054,
        1.709349291397168,
        1.590990257669732,
        1.9080421903092184,
        1.6583123951777,
        1.5309310892394863,
        1.7677669529663689,
        1.704772712123232,
        1.8708286933869707,
        1.590990257669732,
        1.4469796128487782
    ],
    [
        1.3975424859373686,
        1.489546910976623,
        1.4947825928876748,
        1.4252192813739224,
        1.8540496217739157,
        1.5562374497485916,
        0.0,
        1.489546910976623,
        1.58607219255619,
        1.5155444566227676,
        2.1213203435596424,
        1.340475661845451,
        1.4630874888399532,
        1.9324531042175384,
        1.5512092057488571,
        1.3863170633011772,
        1.5155444566227676,
        1.5,
        1.3693063937629153,
        1.956559480312316,
        1.6153559979150107,
        1.7320508075688772,
        1.3287682265918312,
        1.4252192813739224,
        2.042516829796024,
        1.8582585934148133,
        1.5612494995995996,
        1.4469796128487782,
        1.4947825928876748,
        1.3863170633011772,
        1.741048534648015,
        2.0348525745124633,
        3.025929609227551,
        2.2569337606584736,
        1.3919410907075054,
        1.5612494995995996,
        2.125,
        1.4415703243338496,
        1.6817030058842137,
        1.5562374497485916,
        1.4142135623730951,
        1.625,
        2.1102428770167667,
        1.8114220932736798,
        1.75,
        1.4469796128487782,
        1.776583800443987,
        1.5761900266148114,
        1.625,
        1.4252192813739224
    ],
    [
        1.653594569415369,
        1.1726039399558574,
        1.6630168369562588,
        1.0077822185373186,
        2.065338955232288,
        1.7677669529663689,
        1.489546910976623,
        0.0,
        1.7455300054711176,
        1.741048534648015,
        1.125,
        1.1989578808281798,
        1.4142135623730951,
        2.1937410968480306,
        1.6630168369562588,
        1.286953767623375,
        1.6583123951777,
        1.0383279828647594,
        1.2930100540985752,
        2.190176933491904,
        1.79843682124227,
        1.8328597873268975,
        0.9842509842514764,
        1.6441183047457382,
        2.2707377655731187,
        1.9525624189766635,
        1.0307764064044151,
        1.0307764064044151,
        1.4577379737113252,
        0.9682458365518543,
        2.0,
        2.2707377655731187,
        3.564144357345813,
        2.5031230493125984,
        1.357847561400027,
        1.505199322349037,
        2.318404623873926,
        1.0383279828647594,
        1.6153559979150107,
        1.776583800443987,
        0.8569568250501305,
        1.8708286933869707,
        2.4238399287081647,
        2.019436802675439,
        1.7677669529663689,
        0.9185586535436918,
        2.1469455046647083,
        0.9354143466934853,
        1.8498310733685928,
        1.4469796128487782
    ],
    [
        1.352081728298996,
        1.6345871038277526,
        1.5512092057488571,
        1.704772712123232,
        1.5309310892394863,
        1.5360257159305635,
        1.58607219255619,
        1.7455300054711176,
        0.0,
        1.5,
        2.1286732957408003,
        1.4197270864500684,
        1.6298006013006623,
        1.71846588560844,
        1.5512092057488571,
        1.541103500742244,
        1.5103807466993215,
        1.7320508075688772,
        1.489546910976623,
        1.7677669529663689,
        1.489546910976623,
        1.704772712123232,
        1.6153559979150107,
        1.3919410907075054,
        1.8582585934148133,
        1.7320508075688772,
        1.8666480653835098,
        1.6007810593582121,
        1.5662455107677085,
        1.6583123951777,
        1.6441183047457382,
        1.7544586059522749,
        2.5799709300687867,
        1.7721808598447282,
        1.5461646096066226,
        1.4630874888399532,
        1.71846588560844,
        1.6345871038277526,
        1.6345871038277526,
        1.5,
        1.6630168369562588,
        1.590990257669732,
        1.8833148966649205,
        1.6630168369562588,
        1.4523687548277813,
        1.6393596310755,
        1.6723860200324565,
        1.7897276329095442,
        1.4842927608797396,
        1.286953767623375
    ],
    [
        1.375,
        1.709349291397168,
        1.541103500742244,
        1.620185174601965,
        1.6677080080157918,
        1.4306903927824497,
        1.5155444566227676,
        1.741048534648015,
        1.5,
        0.0,
        2.345207879911715,
        1.4361406616345072,
        1.5662455107677085,
        1.7809758560968758,
        1.653594569415369,
        1.505199322349037,
        1.4469796128487782,
        1.758905909933786,
        1.5103807466993215,
        1.875,
        1.4630874888399532,
        1.7721808598447282,
        1.6863421954040052,
        1.4142135623730951,
        1.9080421903092184,
        1.776583800443987,
        1.8027756377319946,
        1.6441183047457382,
        1.4142135623730951,
        1.571225636247067,
        1.4737282653189494,
        1.7544586059522749,
        2.613068120045859,
        2.0348525745124633,
        1.489546910976623,
        1.505199322349037,
        1.8114220932736798,
        1.4577379737113252,
        1.6105123408406408,
        1.4361406616345072,
        1.7365554986812255,
        1.58607219255619,
        1.7897276329095442,
        1.713913650100261,
        1.5360257159305635,
        1.8157298807917437,
        1.6770509831248424,
        1.7940875118009154,
        1.5612494995995996,
        1.4630874888399532
    ],
    [
        1.9162137145944864,
        1.620185174601965,
        2.318404623873926,
        1.3863170633011772,
        2.6634094690828145,
        2.331844763272204,
        2.1213203435596424,
        1.125,
        2.1286732957408003,
        2.345207879911715,
        0.0,
        1.58607219255619,
        1.8285923547909742,
        2.721442632134655,
        2.2465250944514286,
        1.6770509831248424,
        2.1937410968480306,
        1.4252192813739224,
        1.8027756377319946,
        2.5341418665891617,
        2.414150989478496,
        2.3217719526258387,
        1.3863170633011772,
        2.0077973005261263,
        2.9288436284649952,
        2.3217719526258387,
        1.165922381636102,
        1.4086784586980805,
        2.023301757029831,
        1.2054563451241194,
        2.6634094690828145,
        3.0998991919093113,
        5.739120141624499,
        3.377314021526574,
        1.8791620472966135,
        2.0077973005261263,
        3.25,
        1.4577379737113252,
        2.25,
        2.2430448056157952,
        1.192424001771182,
        2.3651109910530628,
        3.2161700825671518,
        2.6516504294495533,
        2.5186802099512358,
        1.1989578808281798,
        2.692582403567252,
        1.0968705484240153,
        2.301494079940246,
        1.8285923547909742
    ],
    [
        1.3863170633011772,
        1.1858541225631423,
        1.4361406616345072,
        1.0897247358851685,
        1.79843682124227,
        1.489546910976623,
        1.340475661845451,
        1.1989578808281798,
        1.4197270864500684,
        1.4361406616345072,
        1.58607219255619,
        0.0,
        1.3169567191065923,
        1.9605483926697653,
        1.4252192813739224,
        1.14564392373896,
        1.4142135623730951,
        1.3169567191065923,
        1.118033988749895,
        1.8200274723201295,
        1.5309310892394863,
        1.648863244784115,
        1.1989578808281798,
        1.4086784586980805,
        1.956559480312316,
        1.695582495781317,
        1.1989578808281798,
        1.1726039399558574,
        1.3050383136138188,
        1.1524430571616109,
        1.5258194519667128,
        1.9685019685029528,
        3.0771334062727926,
        2.2638462845343543,
        1.165922381636102,
        1.3919410907075054,
        2.019436802675439,
        1.1858541225631423,
        1.403121520040228,
        1.4306903927824497,
        1.1726039399558574,
        1.6007810593582121,
        2.0953818267800264,
        1.7455300054711176,
        1.5612494995995996,
        1.103970108290981,
        1.8200274723201295,
        1.192424001771182,
        1.595893166850463,
        1.2624381172952597
    ],
    [
        1.505199322349037,
        1.1792476415070754,
        1.541103500742244,
        1.352081728298996,
        1.7853571071357126,
        1.5761900266148114,
        1.4630874888399532,
        1.4142135623730951,
        1.6298006013006623,
        1.5662455107677085,
        1.8285923547909742,
        1.3169567191065923,
        0.0,
        1.920286436967152,
        1.58607219255619,
        1.346291201783626,
        1.3975424859373686,
        1.3050383136138188,
        1.3863170633011772,
        1.741048534648015,
        1.5360257159305635,
        1.4842927608797396,
        1.352081728298996,
        1.5461646096066226,
        1.7853571071357126,
        1.4577379737113252,
        1.5258194519667128,
        1.3635890143294642,
        1.4306903927824497,
        1.334634781503914,
        1.5562374497485916,
        2.011684617428885,
        2.8668362352949286,
        2.2878756522153907,
        1.340475661845451,
        1.4684175155588413,
        1.8708286933869707,
        1.3806701271484076,
        1.3863170633011772,
        1.5309310892394863,
        1.3635890143294642,
        1.5155444566227676,
        1.9121323175972944,
        1.6770509831248424,
        1.704772712123232,
        1.403121520040228,
        1.6441183047457382,
        1.4737282653189494,
        1.7365554986812255,
        1.4361406616345072
    ],
    [
        1.6056540723331412,
        2.1469455046647083,
        1.7721808598447282,
        2.165063509461097,
        1.6105123408406408,
        1.6630168369562588,
        1.9324531042175384,
        2.1937410968480306,
        1.71846588560844,
        1.7809758560968758,
        2.721442632134655,
        1.9605483926697653,
        1.920286436967152,
        0.0,
        1.6863421954040052,
        1.9724667297574374,
        1.8285923547909742,
        2.2325713874364688,
        1.9243505397925815,
        1.9364916731037085,
        1.6393596310755,
        2.099106952968333,
        2.161452058223823,
        1.7455300054711176,
        1.9685019685029528,
        1.9364916731037085,
        2.38812164681785,
        2.1102428770167667,
        1.8624580532189174,
        2.2741756748325317,
        1.8371173070873836,
        1.8498310733685928,
        2.3251344047172844,
        1.7940875118009154,
        1.8915932438026946,
        1.758905909933786,
        1.758905909933786,
        2.168668946612184,
        1.928406077567689,
        1.713913650100261,
        2.1578345627040085,
        1.75,
        1.8498310733685928,
        1.6723860200324565,
        1.6630168369562588,
        2.2569337606584736,
        1.8498310733685928,
        2.361805453461398,
        1.6630168369562588,
        1.7275343701356567
    ],
    [
        1.4469796128487782,
        1.6105123408406408,
        1.5612494995995996,
        1.5662455107677085,
        1.6056540723331412,
        1.5562374497485916,
        1.5512092057488571,
        1.6630168369562588,
        1.5512092057488571,
        1.653594569415369,
        2.2465250944514286,
        1.4252192813739224,
        1.58607219255619,
        1.6863421954040052,
        0.0,
        1.6007810593582121,
        1.5662455107677085,
        1.7275343701356567,
        1.4630874888399532,
        1.824314939915803,
        1.5512092057488571,
        1.8540496217739157,
        1.6056540723331412,
        1.4842927608797396,
        1.8624580532189174,
        1.79843682124227,
        1.7677669529663689,
        1.58607219255619,
        1.4737282653189494,
        1.6630168369562588,
        1.595893166850463,
        1.8285923547909742,
        2.7556759606310752,
        1.996089927833914,
        1.5206906325745548,
        1.5562374497485916,
        1.8328597873268975,
        1.6345871038277526,
        1.648863244784115,
        1.5103807466993215,
        1.6909686573085854,
        1.6393596310755,
        1.7897276329095442,
        1.6770509831248424,
        1.648863244784115,
        1.6770509831248424,
        1.6817030058842137,
        1.8413649828320293,
        1.489546910976623,
        1.375
    ],
    [
        1.3635890143294642,
        1.2374368670764582,
        1.5,
        1.2119199643540823,
        1.776583800443987,
        1.5761900266148114,
        1.3863170633011772,
        1.286953767623375,
        1.541103500742244,
        1.505199322349037,
        1.6770509831248424,
        1.14564392373896,
        1.346291201783626,
        1.9724667297574374,
        1.6007810593582121,
        0.0,
        1.4842927608797396,
        1.346291201783626,
        1.231107225224513,
        1.9364916731037085,
        1.5461646096066226,
        1.709349291397168,
        1.2183492931011204,
        1.4842927608797396,
        2.050152433357091,
        1.6630168369562588,
        1.4842927608797396,
        1.2808688457449497,
        1.286953767623375,
        1.1524430571616109,
        1.625,
        1.984313483298443,
        3.025929609227551,
        2.2114757516192665,
        1.2930100540985752,
        1.3635890143294642,
        1.9803724397193574,
        1.2183492931011204,
        1.5662455107677085,
        1.4737282653189494,
        1.299038105676658,
        1.5562374497485916,
        1.9605483926697653,
        1.6909686573085854,
        1.595893166850463,
        1.3169567191065923,
        1.75,
        1.2374368670764582,
        1.648863244784115,
        1.2930100540985752
    ],
    [
        1.4684175155588413,
        1.375,
        1.5258194519667128,
        1.5612494995995996,
        1.648863244784115,
        1.505199322349037,
        1.5155444566227676,
        1.6583123951777,
        1.5103807466993215,
        1.4469796128487782,
        2.1937410968480306,
        1.4142135623730951,
        1.3975424859373686,
        1.8285923547909742,
        1.5662455107677085,
        1.4842927608797396,
        0.0,
        1.5103807466993215,
        1.4947825928876748,
        1.6007810593582121,
        1.375,
        1.5,
        1.5309310892394863,
        1.4469796128487782,
        1.7275343701356567,
        1.4684175155588413,
        1.709349291397168,
        1.4842927608797396,
        1.4737282653189494,
        1.5360257159305635,
        1.5612494995995996,
        1.9803724397193574,
        2.7950849718747373,
        2.1102428770167667,
        1.541103500742244,
        1.479019945774904,
        1.8371173070873836,
        1.541103500742244,
        1.403121520040228,
        1.4737282653189494,
        1.6153559979150107,
        1.5155444566227676,
        1.824314939915803,
        1.6630168369562588,
        1.6105123408406408,
        1.5258194519667128,
        1.6007810593582121,
        1.6677080080157918,
        1.5811388300841898,
        1.4523687548277813
    ],
    [
        1.653594569415369,
        1.0968705484240153,
        1.713913650100261,
        1.1858541225631423,
        1.964529205687714,
        1.75,
        1.5,
        1.0383279828647594,
        1.7320508075688772,
        1.758905909933786,
        1.4252192813739224,
        1.3169567191065923,
        1.3050383136138188,
        2.2325713874364688,
        1.7275343701356567,
        1.346291201783626,
        1.5103807466993215,
        0.0,
        1.3287682265918312,
        1.8708286933869707,
        1.6817030058842137,
        1.5512092057488571,
        1.1989578808281798,
        1.6298006013006623,
        1.9525624189766635,
        1.6677080080157918,
        1.192424001771182,
        1.2119199643540823,
        1.5562374497485916,
        1.118033988749895,
        1.8114220932736798,
        2.345207879911715,
        3.2210246816812815,
        2.5495097567963922,
        1.4523687548277813,
        1.6345871038277526,
        2.1505813167606567,
        1.1726039399558574,
        1.5103807466993215,
        1.7721808598447282,
        1.1726039399558574,
        1.71846588560844,
        2.179449471770337,
        1.9162137145944864,
        1.8540496217739157,
        1.165922381636102,
        1.964529205687714,
        1.0752906583803283,
        1.8791620472966135,
        1.5
    ],
    [
        1.357847561400027,
        1.2747548783981961,
        1.4947825928876748,
        1.224744871391589,
        1.7809758560968758,
        1.4252192813739224,
        1.3693063937629153,
        1.2930100540985752,
        1.489546910976623,
        1.5103807466993215,
        1.8027756377319946,
        1.118033988749895,
        1.3863170633011772,
        1.9243505397925815,
        1.4630874888399532,
        1.231107225224513,
        1.4947825928876748,
        1.3287682265918312,
        0.0,
        1.875,
        1.5360257159305635,
        1.6770509831248424,
        1.2808688457449497,
        1.4415703243338496,
        1.9921721813136535,
        1.7544586059522749,
        1.4086784586980805,
        1.3169567191065923,
        1.25,
        1.1989578808281798,
        1.653594569415369,
        1.9724667297574374,
        3.0618621784789726,
        2.1323402636539974,
        1.2119199643540823,
        1.375,
        2.0,
        1.286953767623375,
        1.479019945774904,
        1.4737282653189494,
        1.334634781503914,
        1.58607219255619,
        2.027159342528357,
        1.709349291397168,
        1.5662455107677085,
        1.2930100540985752,
        1.7809758560968758,
        1.334634781503914,
        1.58607219255619,
        1.299038105676658
    ],
    [
        1.7721808598447282,
        1.7230060940112777,
        1.920286436967152,
        2.019436802675439,
        1.7721808598447282,
        1.875,
        1.956559480312316,
        2.190176933491904,
        1.7677669529663689,
        1.875,
        2.5341418665891617,
        1.8200274723201295,
        1.741048534648015,
        1.9364916731037085,
        1.824314939915803,
        1.9364916731037085,
        1.6007810593582121,
        1.8708286933869707,
        1.875,
        0.0,
        1.5662455107677085,
        1.4630874888399532,
        2.0,
        1.71846588560844,
        1.625,
        1.5258194519667128,
        2.1469455046647083,
        2.0463381929681126,
        1.8833148966649205,
        2.084166500066633,
        1.6345871038277526,
        2.027159342528357,
        2.496873044429772,
        1.9882467150733583,
        1.9080421903092184,
        1.824314939915803,
        1.7897276329095442,
        2.091650066335189,
        1.6909686573085854,
        1.8498310733685928,
        2.038688303787511,
        1.6393596310755,
        1.8791620472966135,
        1.6441183047457382,
        1.8791620472966135,
        2.0766559657295187,
        1.7455300054711176,
        2.2043990110685496,
        1.8285923547909742,
        1.7721808598447282
    ],
    [
        1.4142135623730951,
        1.5512092057488571,
        1.5512092057488571,
        1.7455300054711176,
        1.58607219255619,
        1.5360257159305635,
        1.6153559979150107,
        1.79843682124227,
        1.489546910976623,
        1.4630874888399532,
        2.414150989478496,
        1.5309310892394863,
        1.5360257159305635,
        1.6393596310755,
        1.5512092057488571,
        1.5461646096066226,
        1.375,
        1.6817030058842137,
        1.5360257159305635,
        1.5662455107677085,
        0.0,
        1.4842927608797396,
        1.8027756377319946,
        1.4684175155588413,
        1.6056540723331412,
        1.489546910976623,
        1.8833148966649205,
        1.704772712123232,
        1.5309310892394863,
        1.7230060940112777,
        1.403121520040228,
        1.948557158514987,
        2.4653853654145026,
        1.9525624189766635,
        1.595893166850463,
        1.571225636247067,
        1.620185174601965,
        1.709349291397168,
        1.5612494995995996,
        1.541103500742244,
        1.7677669529663689,
        1.4086784586980805,
        1.71846588560844,
        1.571225636247067,
        1.571225636247067,
        1.8157298807917437,
        1.5562374497485916,
        1.920286436967152,
        1.5,
        1.4415703243338496
    ],
    [
        1.6583123951777,
        1.3919410907075054,
        1.7809758560968758,
        1.8285923547909742,
        1.9162137145944864,
        1.80710403685012,
        1.7320508075688772,
        1.8328597873268975,
        1.704772712123232,
        1.7721808598447282,
        2.3217719526258387,
        1.648863244784115,
        1.4842927608797396,
        2.099106952968333,
        1.8540496217739157,
        1.709349291397168,
        1.5,
        1.5512092057488571,
        1.6770509831248424,
        1.4630874888399532,
        1.4842927608797396,
        0.0,
        1.7455300054711176,
        1.6393596310755,
        1.648863244784115,
        1.375,
        1.9039432764659772,
        1.7721808598447282,
        1.713913650100261,
        1.741048534648015,
        1.541103500742244,
        2.143303524935281,
        2.721442632134655,
        2.218529918662356,
        1.7230060940112777,
        1.7721808598447282,
        1.8328597873268975,
        1.741048534648015,
        1.6056540723331412,
        1.75,
        1.7853571071357126,
        1.489546910976623,
        1.9080421903092184,
        1.648863244784115,
        1.8833148966649205,
        1.875,
        1.6817030058842137,
        1.8582585934148133,
        1.875,
        1.6630168369562588
    ],
    [
        1.571225636247067,
        1.1989578808281798,
        1.6056540723331412,
        1.118033988749895,
        1.996089927833914,
        1.7230060940112777,
        1.3287682265918312,
        0.9842509842514764,
        1.6153559979150107,
        1.6863421954040052,
        1.3863170633011772,
        1.1989578808281798,
        1.352081728298996,
        2.161452058223823,
        1.6056540723331412,
        1.2183492931011204,
        1.5309310892394863,
        1.1989578808281798,
        1.2808688457449497,
        2.0,
        1.8027756377319946,
        1.7455300054711176,
        0.0,
        1.5,
        2.1830311495716224,
        1.8582585934148133,
        1.1726039399558574,
        1.1319231422671772,
        1.5,
        1.0,
        2.019436802675439,
        2.1286732957408003,
        3.409545424246464,
        2.2878756522153907,
        1.3110110602126894,
        1.4252192813739224,
        2.348536778506992,
        1.1388041973930374,
        1.5258194519667128,
        1.6677080080157918,
        0.9682458365518543,
        1.7721808598447282,
        2.384848003542364,
        1.8915932438026946,
        1.9121323175972944,
        0.960143218483576,
        1.9724667297574374,
        1.0231690964840563,
        1.7809758560968758,
        1.4142135623730951
    ],
    [
        1.334634781503914,
        1.505199322349037,
        1.5103807466993215,
        1.5612494995995996,
        1.5662455107677085,
        1.4252192813739224,
        1.4252192813739224,
        1.6441183047457382,
        1.3919410907075054,
        1.4142135623730951,
        2.0077973005261263,
        1.4086784586980805,
        1.5461646096066226,
        1.7455300054711176,
        1.4842927608797396,
        1.4842927608797396,
        1.4469796128487782,
        1.6298006013006623,
        1.4415703243338496,
        1.71846588560844,
        1.4684175155588413,
        1.6393596310755,
        1.5,
        0.0,
        1.8833148966649205,
        1.7721808598447282,
        1.6345871038277526,
        1.5,
        1.3975424859373686,
        1.4947825928876748,
        1.541103500742244,
        1.7001838135919305,
        2.582997289971478,
        1.9121323175972944,
        1.4361406616345072,
        1.4577379737113252,
        1.7721808598447282,
        1.590990257669732,
        1.5206906325745548,
        1.4577379737113252,
        1.5761900266148114,
        1.4737282653189494,
        1.8791620472966135,
        1.5761900266148114,
        1.4630874888399532,
        1.5761900266148114,
        1.7320508075688772,
        1.6393596310755,
        1.479019945774904,
        1.286953767623375
    ],
    [
        1.79843682124227,
        1.920286436967152,
        1.824314939915803,
        2.0879116360612584,
        1.9080421903092184,
        1.79843682124227,
        2.042516829796024,
        2.2707377655731187,
        1.8582585934148133,
        1.9080421903092184,
        2.9288436284649952,
        1.956559480312316,
        1.7853571071357126,
        1.9685019685029528,
        1.8624580532189174,
        2.050152433357091,
        1.7275343701356567,
        1.9525624189766635,
        1.9921721813136535,
        1.625,
        1.6056540723331412,
        1.648863244784115,
        2.1830311495716224,
        1.8833148966649205,
        0.0,
        1.695582495781317,
        2.1937410968480306,
        2.0953818267800264,
        1.9080421903092184,
        2.165063509461097,
        1.6583123951777,
        2.161452058223823,
        2.5495097567963922,
        2.229069312515876,
        1.940521837032503,
        1.996089927833914,
        1.7001838135919305,
        2.1505813167606567,
        1.6677080080157918,
        1.8413649828320293,
        2.179449471770337,
        1.7275343701356567,
        1.8582585934148133,
        1.7721808598447282,
        1.8915932438026946,
        2.3717082451262845,
        1.7544586059522749,
        2.3717082451262845,
        1.940521837032503,
        1.8791620472966135
    ],
    [
        1.620185174601965,
        1.4577379737113252,
        1.7940875118009154,
        1.8708286933869707,
        1.8833148966649205,
        1.7809758560968758,
        1.8582585934148133,
        1.9525624189766635,
        1.7320508075688772,
        1.776583800443987,
        2.3217719526258387,
        1.695582495781317,
        1.4577379737113252,
        1.9364916731037085,
        1.79843682124227,
        1.6630168369562588,
        1.4684175155588413,
        1.6677080080157918,
        1.7544586059522749,
        1.5258194519667128,
        1.489546910976623,
        1.375,
        1.8582585934148133,
        1.7721808598447282,
        1.695582495781317,
        0.0,
        2.0879116360612584,
        1.824314939915803,
        1.7809758560968758,
        1.8498310733685928,
        1.5811388300841898,
        2.1065374432940898,
        2.6896793489187516,
        2.1972994789058684,
        1.741048534648015,
        1.6630168369562588,
        1.79843682124227,
        1.8157298807917437,
        1.6441183047457382,
        1.7544586059522749,
        1.9080421903092184,
        1.4684175155588413,
        1.845602882529175,
        1.595893166850463,
        1.8285923547909742,
        1.8540496217739157,
        1.648863244784115,
        1.948557158514987,
        1.8498310733685928,
        1.625
    ],
    [
        1.7544586059522749,
        1.3050383136138188,
        1.7544586059522749,
        1.0383279828647594,
        2.0953818267800264,
        1.7853571071357126,
        1.5612494995995996,
        1.0307764064044151,
        1.8666480653835098,
        1.8027756377319946,
        1.165922381636102,
        1.1989578808281798,
        1.5258194519667128,
        2.38812164681785,
        1.7677669529663689,
        1.4842927608797396,
        1.709349291397168,
        1.192424001771182,
        1.4086784586980805,
        2.1469455046647083,
        1.8833148966649205,
        1.9039432764659772,
        1.1726039399558574,
        1.6345871038277526,
        2.1937410968480306,
        2.0879116360612584,
        0.0,
        1.118033988749895,
        1.5562374497485916,
        1.0307764064044151,
        1.9243505397925815,
        2.484325864293974,
        3.7186186951608793,
        2.54644359843292,
        1.4469796128487782,
        1.6441183047457382,
        2.3651109910530628,
        1.192424001771182,
        1.571225636247067,
        1.80710403685012,
        1.015504800579495,
        1.920286436967152,
        2.598076211353316,
        2.1396553460779613,
        2.1139418156609704,
        0.9762812094883317,
        2.190176933491904,
        0.9921567416492215,
        2.023301757029831,
        1.5512092057488571
    ],
    [
        1.5206906325745548,
        1.243734296383275,
        1.6007810593582121,
        1.0606601717798212,
        1.8498310733685928,
        1.6441183047457382,
        1.4469796128487782,
        1.0307764064044151,
        1.6007810593582121,
        1.6441183047457382,
        1.4086784586980805,
        1.1726039399558574,
        1.3635890143294642,
        2.1102428770167667,
        1.58607219255619,
        1.2808688457449497,
        1.4842927608797396,
        1.2119199643540823,
        1.3169567191065923,
        2.0463381929681126,
        1.704772712123232,
        1.7721808598447282,
        1.1319231422671772,
        1.5,
        2.0953818267800264,
        1.824314939915803,
        1.118033988749895,
        0.0,
        1.3228756555322954,
        1.0752906583803283,
        1.6583123951777,
        2.1542109924517607,
        3.184434800714249,
        2.2946949688357274,
        1.286953767623375,
        1.4684175155588413,
        2.0,
        1.1110243021644486,
        1.4577379737113252,
        1.6345871038277526,
        1.0825317547305484,
        1.7544586059522749,
        2.091650066335189,
        1.976423537605237,
        1.7275343701356567,
        0.9921567416492215,
        1.928406077567689,
        1.103970108290981,
        1.8027756377319946,
        1.375
    ],
    [
        1.357847561400027,
        1.4577379737113252,
        1.5461646096066226,
        1.375,
        1.776583800443987,
        1.479019945774904,
        1.4947825928876748,
        1.4577379737113252,
        1.5662455107677085,
        1.4142135623730951,
        2.023301757029831,
        1.3050383136138188,
        1.4306903927824497,
        1.8624580532189174,
        1.4737282653189494,
        1.286953767623375,
        1.4737282653189494,
        1.5562374497485916,
        1.25,
        1.8833148966649205,
        1.5309310892394863,
        1.713913650100261,
        1.5,
        1.3975424859373686,
        1.9080421903092184,
        1.7809758560968758,
        1.5562374497485916,
        1.3228756555322954,
        0.0,
        1.357847561400027,
        1.5662455107677085,
        2.0155644370746373,
        3.1024184114977142,
        2.168668946612184,
        1.286953767623375,
        1.4523687548277813,
        1.9080421903092184,
        1.352081728298996,
        1.5103807466993215,
        1.4086784586980805,
        1.5,
        1.6056540723331412,
        2.0348525745124633,
        1.6723860200324565,
        1.571225636247067,
        1.5662455107677085,
        1.7633419974582356,
        1.571225636247067,
        1.5206906325745548,
        1.286953767623375
    ],
    [
        1.5309310892394863,
        1.1524430571616109,
        1.6007810593582121,
        1.0532687216470449,
        1.9724667297574374,
        1.6393596310755,
        1.3863170633011772,
        0.9682458365518543,
        1.6583123951777,
        1.571225636247067,
        1.2054563451241194,
        1.1524430571616109,
        1.334634781503914,
        2.2741756748325317,
        1.6630168369562588,
        1.1524430571616109,
        1.5360257159305635,
        1.118033988749895,
        1.1989578808281798,
        2.084166500066633,
        1.7230060940112777,
        1.741048534648015,
        1.0,
        1.4947825928876748,
        2.165063509461097,
        1.8498310733685928,
        1.0307764064044151,
        1.0752906583803283,
        1.357847561400027,
        0.0,
        1.7809758560968758,
        2.2707377655731187,
        3.3260336739125176,
        2.3979157616563596,
        1.2562344526401112,
