[
    [
        0.0,
        2.1139418156609704,
        2.03100960115899,
        2.6896793489187516,
        1.9039432764659772,
        1.984313483298443,
        2.2946949688357274,
        2.5799709300687867,
        2.190176933491904,
        2.2114757516192665,
        1.7897276329095442,
        2.7128168017763383,
        2.6368778887161235,
        2.414150989478496,
        2.091650066335189,
        2.6604745817240953,
        2.368411915187052,
        2.0,
        1.5562374497485916,
        1.928406077567689,
        1.58607219255619,
        2.1830311495716224,
        2.080414622136655,
        2.23606797749979,
        2.038688303787511,
        1.625,
        2.1102428770167667,
        2.1286732957408003,
        2.080414622136655,
        2.168668946612184,
        1.590990257669732,
        2.003902442735175,
        1.7320508075688772,
        2.023301757029831,
        2.2946949688357274,
        1.541103500742244,
        1.7633419974582356,
        1.79843682124227,
        2.200852107707376,
        1.928406077567689,
        1.9445436482630056,
        1.71846588560844,
        1.8624580532189174,
        1.75,
        2.0615528128088303,
        2.168668946612184,
        1.758905909933786,
        1.4630874888399532,
        2.0615528128088303,
        1.7897276329095442
    ],
    [
        2.1139418156609704,
        0.0,
        1.7275343701356567,
        1.8582585934148133,
        1.7809758560968758,
        1.75,
        1.9080421903092184,
        1.8708286933869707,
        1.7940875118009154,
        1.6863421954040052,
        2.0953818267800264,
        1.8791620472966135,
        1.845602882529175,
        1.8200274723201295,
        2.080414622136655,
        1.8027756377319946,
        1.695582495781317,
        1.899835519196333,
        2.2741756748325317,
        2.0077973005261263,
        1.8582585934148133,
        1.9039432764659772,
        1.8582585934148133,
        1.7897276329095442,
        1.8285923547909742,
        2.011684617428885,
        1.6770509831248424,
        1.9685019685029528,
        1.7455300054711176,
        1.7721808598447282,
        1.9685019685029528,
        1.8413649828320293,
        2.1028254801575903,
        1.75,
        1.8540496217739157,
        2.143303524935281,
        1.8328597873268975,
        1.8582585934148133,
        1.8285923547909742,
        2.0953818267800264,
        1.956559480312316,
        1.8791620472966135,
        1.7940875118009154,
        1.9685019685029528,
        1.9324531042175384,
        1.8027756377319946,
        2.1360009363293826,
        1.964529205687714,
        1.899835519196333,
        1.9121323175972944
    ],
    [
        2.03100960115899,
        1.7275343701356567,
        0.0,
        1.8200274723201295,
        1.489546910976623,
        1.5761900266148114,
        1.7455300054711176,
        2.0155644370746373,
        1.653594569415369,
        1.541103500742244,
        1.8413649828320293,
        1.8957188610128877,
        1.8791620472966135,
        1.758905909933786,
        1.6583123951777,
        1.996089927833914,
        1.8791620472966135,
        1.590990257669732,
        2.0615528128088303,
        1.653594569415369,
        1.6393596310755,
        1.71846588560844,
        1.6298006013006623,
        1.5512092057488571,
        1.7230060940112777,
        1.8157298807917437,
        1.5103807466993215,
        1.6583123951777,
        1.6345871038277526,
        1.758905909933786,
        1.7677669529663689,
        1.709349291397168,
        1.7320508075688772,
        1.6345871038277526,
        1.571225636247067,
        1.940521837032503,
        1.6677080080157918,
        1.6909686573085854,
        1.741048534648015,
        1.6105123408406408,
        1.71846588560844,
        1.5662455107677085,
        1.5360257159305635,
        1.6770509831248424,
        1.5761900266148114,
        1.5662455107677085,
        1.8915932438026946,
        1.8582585934148133,
        1.620185174601965,
        1.5
    ],
    [
        2.6896793489187516,
        1.8582585934148133,
        1.8200274723201295,
        0.0,
        1.9039432764659772,
        2.0077973005261263,
        1.9243505397925815,
        1.6153559979150107,
        1.9364916731037085,
        1.6298006013006623,
        2.4906073556464094,
        1.4361406616345072,
        1.8540496217739157,
        1.6056540723331412,
        1.9162137145944864,
        1.5258194519667128,
        1.653594569415369,
        1.9445436482630056,
        2.8201285431696195,
        2.1360009363293826,
        2.1830311495716224,
        1.79843682124227,
        1.928406077567689,
        1.7809758560968758,
        2.0879116360612584,
        2.5433737436719754,
        1.79843682124227,
        1.9364916731037085,
        1.9685019685029528,
        2.053959590644373,
        2.45903944661325,
        2.011684617428885,
        2.4653853654145026,
        2.117634293262177,
        1.8027756377319946,
        2.6487025125521364,
        2.179449471770337,
        2.1578345627040085,
        1.9525624189766635,
        2.1830311495716224,
        2.2325713874364688,
        2.1139418156609704,
        2.027159342528357,
        2.2569337606584736,
        1.7320508075688772,
        1.8328597873268975,
        2.7300412084801944,
        2.7414640249326636,
        2.084166500066633,
        2.172268399622846
    ],
    [
        1.9039432764659772,
        1.7809758560968758,
        1.489546910976623,
        1.9039432764659772,
        0.0,
        1.625,
        1.7365554986812255,
        2.019436802675439,
        1.6817030058842137,
        1.6583123951777,
        1.75,
        1.9724667297574374,
        2.011684617428885,
        1.7809758560968758,
        1.7275343701356567,
        1.996089927833914,
        1.940521837032503,
        1.6105123408406408,
        1.8666480653835098,
        1.6817030058842137,
        1.5258194519667128,
        1.6007810593582121,
        1.6298006013006623,
        1.6345871038277526,
        1.6909686573085854,
        1.713913650100261,
        1.5,
        1.6909686573085854,
        1.5461646096066226,
        1.7897276329095442,
        1.709349291397168,
        1.648863244784115,
        1.7365554986812255,
        1.625,
        1.7230060940112777,
        1.8328597873268975,
        1.6441183047457382,
        1.625,
        1.7455300054711176,
        1.6441183047457382,
        1.620185174601965,
        1.5103807466993215,
        1.5811388300841898,
        1.5155444566227676,
        1.6007810593582121,
        1.590990257669732,
        1.8157298807917437,
        1.776583800443987,
        1.653594569415369,
        1.5309310892394863
    ],
    [
        1.984313483298443,
        1.75,
        1.5761900266148114,
        2.0077973005261263,
        1.625,
        0.0,
        1.7455300054711176,
        2.165063509461097,
        1.6583123951777,
        1.7940875118009154,
        1.7940875118009154,
        2.072890493972125,
        2.069118169655856,
        1.8027756377319946,
        1.7633419974582356,
        2.1286732957408003,
        2.027159342528357,
        1.71846588560844,
        2.011684617428885,
        1.71846588560844,
        1.6723860200324565,
        1.653594569415369,
        1.7001838135919305,
        1.653594569415369,
        1.7940875118009154,
        1.6817030058842137,
        1.7001838135919305,
        1.709349291397168,
        1.7633419974582356,
        1.758905909933786,
        1.79843682124227,
        1.7897276329095442,
        1.7897276329095442,
        1.6583123951777,
        1.695582495781317,
        1.899835519196333,
        1.6677080080157918,
        1.7677669529663689,
        1.8328597873268975,
        1.79843682124227,
        1.713913650100261,
        1.6056540723331412,
        1.6909686573085854,
        1.7230060940112777,
        1.758905909933786,
        1.7001838135919305,
        1.8833148966649205,
        1.845602882529175,
        1.6630168369562588,
        1.595893166850463
    ],
    [
        2.2946949688357274,
        1.9080421903092184,
        1.7455300054711176,
        1.9243505397925815,
        1.7365554986812255,
        1.7455300054711176,
        0.0,
        2.2741756748325317,
        1.8027756377319946,
        1.7853571071357126,
        1.8540496217739157,
        2.0615528128088303,
        2.3351927115336757,
        1.7320508075688772,
        1.8540496217739157,
        2.1139418156609704,
        2.0953818267800264,
        1.7230060940112777,
        2.25,
        1.824314939915803,
        1.8371173070873836,
        1.6817030058842137,
        1.7809758560968758,
        1.7853571071357126,
        1.9724667297574374,
        1.8666480653835098,
        1.7275343701356567,
        1.7809758560968758,
        1.845602882529175,
        1.75,
        2.1102428770167667,
        1.653594569415369,
        1.8833148966649205,
        1.8666480653835098,
        1.8874586088176875,
        2.1102428770167667,
        1.9243505397925815,
        2.011684617428885,
        1.9724667297574374,
        1.8371173070873836,
        1.984313483298443,
        1.80710403685012,
        1.7897276329095442,
        1.8833148966649205,
        1.709349291397168,
        1.80710403685012,
        2.190176933491904,
        2.1578345627040085,
        1.79843682124227,
        1.7633419974582356
    ],
    [
        2.5799709300687867,
        1.8708286933869707,
        2.0155644370746373,
        1.6153559979150107,
        2.019436802675439,
        2.165063509461097,
        2.2741756748325317,
        0.0,
        2.0766559657295187,
        1.8285923547909742,
        2.6368778887161235,
        1.489546910976623,
        1.4684175155588413,
        1.71846588560844,
        1.8874586088176875,
        1.4947825928876748,
        1.375,
        2.0879116360612584,
        2.7698149757700423,
        2.1830311495716224,
        2.207940216581962,
        2.1505813167606567,
        2.011684617428885,
        1.9121323175972944,
        2.072890493972125,
        2.5708704751503917,
        1.8791620472966135,
        2.229069312515876,
        2.003902442735175,
        2.29128784747792,
        2.368411915187052,
        2.179449471770337,
        2.809025631780529,
        2.1972994789058684,
        1.7940875118009154,
        2.707050978463464,
        2.053959590644373,
        2.2638462845343543,
        2.0155644370746373,
        2.2980970388562794,
        2.2325713874364688,
        2.161452058223823,
        2.2395591083961146,
        2.394655507583502,
        2.0615528128088303,
        1.9525624189766635,
        2.6780356607035687,
        2.6867731575255847,
        2.218529918662356,
        2.2465250944514286
    ],
    [
        2.190176933491904,
        1.7940875118009154,
        1.653594569415369,
        1.9364916731037085,
        1.6817030058842137,
        1.6583123951777,
        1.8027756377319946,
        2.0766559657295187,
        0.0,
        1.695582495781317,
        1.8791620472966135,
        2.03100960115899,
        2.027159342528357,
        1.8498310733685928,
        1.80710403685012,
        2.080414622136655,
        2.011684617428885,
        1.6393596310755,
        2.1102428770167667,
        1.7275343701356567,
        1.6630168369562588,
        1.7001838135919305,
        1.75,
        1.7633419974582356,
        1.8114220932736798,
        1.8328597873268975,
        1.7721808598447282,
        1.8027756377319946,
        1.8027756377319946,
        1.8027756377319946,
        1.899835519196333,
        1.875,
        1.7544586059522749,
        1.8624580532189174,
        1.80710403685012,
        1.9525624189766635,
        1.7320508075688772,
        1.7455300054711176,
        1.7633419974582356,
        1.8582585934148133,
        1.704772712123232,
        1.71846588560844,
        1.6393596310755,
        1.7853571071357126,
        1.7677669529663689,
        1.6441183047457382,
        2.038688303787511,
        2.050152433357091,
        1.776583800443987,
        1.695582495781317
    ],
    [
        2.2114757516192665,
        1.6863421954040052,
        1.541103500742244,
        1.6298006013006623,
        1.6583123951777,
        1.7940875118009154,
        1.7853571071357126,
        1.8285923547909742,
        1.695582495781317,
        0.0,
        1.940521837032503,
        1.824314939915803,
        1.8328597873268975,
        1.6863421954040052,
        1.7853571071357126,
        1.8027756377319946,
        1.7455300054711176,
        1.6105123408406408,
        2.1578345627040085,
        1.776583800443987,
        1.776583800443987,
        1.741048534648015,
        1.7001838135919305,
        1.58607219255619,
        1.6298006013006623,
        1.9882467150733583,
        1.6007810593582121,
        1.7721808598447282,
        1.7455300054711176,
        1.7320508075688772,
        1.8874586088176875,
        1.8157298807917437,
        2.038688303787511,
        1.625,
        1.595893166850463,
        2.0155644370746373,
        1.7455300054711176,
        1.7721808598447282,
        1.7455300054711176,
        1.8791620472966135,
        1.8582585934148133,
        1.7275343701356567,
        1.7544586059522749,
        1.80710403685012,
        1.595893166850463,
        1.6153559979150107,
        2.1830311495716224,
        2.1830311495716224,
        1.6677080080157918,
        1.7940875118009154
    ],
    [
        1.7897276329095442,
        2.0953818267800264,
        1.8413649828320293,
        2.4906073556464094,
        1.75,
        1.7940875118009154,
        1.8540496217739157,
        2.6368778887161235,
        1.8791620472966135,
        1.940521837032503,
        0.0,
        2.5860201081971503,
        2.5310570914145734,
        2.331844763272204,
        2.091650066335189,
        2.5525722320827673,
        2.55868618630734,
        1.7544586059522749,
        1.7897276329095442,
        1.8624580532189174,
        1.6345871038277526,
        1.928406077567689,
        1.9039432764659772,
        1.976423537605237,
        1.964529205687714,
        1.505199322349037,
        1.9039432764659772,
        1.8624580532189174,
        1.8874586088176875,
        1.875,
        1.79843682124227,
        1.7677669529663689,
        1.5461646096066226,
        1.741048534648015,
        2.222048604328897,
        1.6770509831248424,
        1.7320508075688772,
        1.7897276329095442,
        1.984313483298443,
        1.7320508075688772,
        1.8114220932736798,
        1.709349291397168,
        1.653594569415369,
        1.6583123951777,
        1.8285923547909742,
        1.9882467150733583,
        1.8957188610128877,
        1.7853571071357126,
        1.8157298807917437,
        1.5360257159305635
    ],
    [
        2.7128168017763383,
        1.8791620472966135,
        1.8957188610128877,
        1.4361406616345072,
        1.9724667297574374,
        2.072890493972125,
        2.0615528128088303,
        1.489546910976623,
        2.03100960115899,
        1.824314939915803,
        2.5860201081971503,
        0.0,
        1.7275343701356567,
        1.5662455107677085,
        1.9080421903092184,
        1.4361406616345072,
        1.590990257669732,
        2.080414622136655,
        2.8559149146989657,
        2.053959590644373,
        2.1065374432940898,
        1.8874586088176875,
        1.920286436967152,
        1.7544586059522749,
        2.1323402636539974,
        2.5708704751503917,
        1.8285923547909742,
        2.084166500066633,
        2.0155644370746373,
        2.161452058223823,
        2.4462982238476156,
        2.0615528128088303,
        2.6721947908039936,
        2.0766559657295187,
        1.7001838135919305,
        2.7726341266023544,
        2.23606797749979,
        2.2150056433336687,
        2.0,
        2.2395591083961146,
        2.207940216581962,
        2.084166500066633,
        2.1360009363293826,
        2.277608394786075,
        1.8874586088176875,
        1.7853571071357126,
        2.817356917396161,
        2.7726341266023544,
        2.050152433357091,
        2.1578345627040085
    ],
    [
        2.6368778887161235,
        1.845602882529175,
        1.8791620472966135,
        1.8540496217739157,
        2.011684617428885,
        2.069118169655856,
        2.3351927115336757,
        1.4684175155588413,
        2.027159342528357,
        1.8328597873268975,
        2.5310570914145734,
        1.7275343701356567,
        0.0,
        1.79843682124227,
        1.7809758560968758,
        1.6817030058842137,
        1.6007810593582121,
        2.0463381929681126,
        2.5799709300687867,
        2.0,
        2.072890493972125,
        2.143303524935281,
        1.9724667297574374,
        1.8200274723201295,
        1.9803724397193574,
        2.6100766272276377,
        1.79843682124227,
        2.2430448056157952,
        2.091650066335189,
        2.439902661992892,
        2.172268399622846,
        2.368411915187052,
        2.75,
        2.2043990110685496,
        1.8027756377319946,
        2.6040833319999575,
        1.9605483926697653,
        2.1286732957408003,
        1.8200274723201295,
        2.190176933491904,
        1.9882467150733583,
        2.053959590644373,
        2.2043990110685496,
        2.38812164681785,
        2.1323402636539974,
        1.75,
        2.62797450520358,
        2.6487025125521364,
        2.117634293262177,
        2.1286732957408003
    ],
    [
        2.414150989478496,
        1.8200274723201295,
        1.758905909933786,
        1.6056540723331412,
        1.7809758560968758,
        1.8027756377319946,
        1.7320508075688772,
        1.71846588560844,
        1.8498310733685928,
        1.6863421954040052,
        2.331844763272204,
        1.5662455107677085,
        1.79843682124227,
        0.0,
        1.6393596310755,
        1.5258194519667128,
        1.625,
        1.7721808598447282,
        2.4558603380485624,
        1.9162137145944864,
        1.9803724397193574,
        1.6007810593582121,
        1.7853571071357126,
        1.6863421954040052,
        1.8957188610128877,
        2.207940216581962,
        1.6723860200324565,
        1.79843682124227,
        1.7897276329095442,
        1.8114220932736798,
        2.200852107707376,
        1.713913650100261,
        2.23606797749979,
        1.9080421903092184,
        1.7320508075688772,
        2.375,
        2.0155644370746373,
        2.038688303787511,
        1.9039432764659772,
        1.9724667297574374,
        2.0953818267800264,
        1.8540496217739157,
        1.8874586088176875,
        2.003902442735175,
        1.709349291397168,
        1.75,
        2.361805453461398,
        2.331844763272204,
        1.9039432764659772,
        1.940521837032503
    ],
    [
        2.091650066335189,
        2.080414622136655,
        1.6583123951777,
        1.9162137145944864,
        1.7275343701356567,
        1.7633419974582356,
        1.8540496217739157,
        1.8874586088176875,
        1.80710403685012,
        1.7853571071357126,
        2.091650066335189,
        1.9080421903092184,
        1.7809758560968758,
        1.6393596310755,
        0.0,
        1.8833148966649205,
        1.8666480653835098,
        1.6007810593582121,
        2.161452058223823,
        1.75,
        1.80710403685012,
        1.653594569415369,
        1.695582495781317,
        1.7230060940112777,
        1.8413649828320293,
        2.023301757029831,
        1.620185174601965,
        1.7940875118009154,
        1.7544586059522749,
        2.0077973005261263,
        1.9162137145944864,
        1.8624580532189174,
        1.9685019685029528,
        1.9080421903092184,
        1.7455300054711176,
        2.080414622136655,
        1.7940875118009154,
        1.875,
        1.7230060940112777,
        1.776583800443987,
        1.75,
        1.648863244784115,
        1.776583800443987,
        1.8708286933869707,
        1.695582495781317,
        1.7365554986812255,
        2.069118169655856,
        2.053959590644373,
        1.7365554986812255,
        1.6630168369562588
    ],
    [
        2.6604745817240953,
        1.8027756377319946,
        1.996089927833914,
        1.5258194519667128,
        1.996089927833914,
        2.1286732957408003,
        2.1139418156609704,
        1.4947825928876748,
        2.080414622136655,
        1.8027756377319946,
        2.5525722320827673,
        1.4361406616345072,
        1.6817030058842137,
        1.5258194519667128,
        1.8833148966649205,
        0.0,
        1.4947825928876748,
        1.984313483298443,
        2.6983791431153628,
        2.117634293262177,
        2.1286732957408003,
        1.920286436967152,
        2.084166500066633,
        1.8708286933869707,
        2.053959590644373,
        2.391390808713624,
        1.7897276329095442,
        2.0077973005261263,
        2.0077973005261263,
        2.069118169655856,
        2.4717149916606487,
        2.084166500066633,
        2.576941016011038,
        2.1286732957408003,
        1.8624580532189174,
        2.6516504294495533,
        2.1505813167606567,
        2.2430448056157952,
        2.0077973005261263,
        2.229069312515876,
        2.2946949688357274,
        2.0879116360612584,
        2.117634293262177,
        2.2465250944514286,
        1.9364916731037085,
        1.9243505397925815,
        2.715695122800054,
        2.707050978463464,
        2.125,
        2.1505813167606567
    ],
    [
        2.368411915187052,
        1.695582495781317,
        1.8791620472966135,
        1.653594569415369,
        1.940521837032503,
        2.027159342528357,
        2.0953818267800264,
        1.375,
        2.011684617428885,
        1.7455300054711176,
        2.55868618630734,
        1.590990257669732,
        1.6007810593582121,
        1.625,
        1.8666480653835098,
        1.4947825928876748,
        0.0,
        1.928406077567689,
        2.692582403567252,
        2.065338955232288,
        2.0615528128088303,
        2.019436802675439,
        2.050152433357091,
        1.80710403685012,
        1.9039432764659772,
        2.3518609652783473,
        1.80710403685012,
        2.091650066335189,
        1.8157298807917437,
        2.038688303787511,
        2.2603926650031405,
        1.996089927833914,
        2.38812164681785,
        2.027159342528357,
        1.7809758560968758,
        2.4558603380485624,
        2.0155644370746373,
        2.072890493972125,
        1.948557158514987,
        2.179449471770337,
        2.1758618981911515,
        2.0463381929681126,
        1.9724667297574374,
        2.2430448056157952,
        2.03100960115899,
        1.7897276329095442,
        2.436698586202241,
        2.381569860407206,
        2.1213203435596424,
        2.084166500066633
    ],
    [
        2.0,
        1.899835519196333,
        1.590990257669732,
        1.9445436482630056,
        1.6105123408406408,
        1.71846588560844,
        1.7230060940112777,
        2.0879116360612584,
        1.6393596310755,
        1.6105123408406408,
        1.7544586059522749,
        2.080414622136655,
        2.0463381929681126,
        1.7721808598447282,
        1.6007810593582121,
        1.984313483298443,
        1.928406077567689,
        0.0,
        2.050152433357091,
        1.75,
        1.6630168369562588,
        1.709349291397168,
        1.695582495781317,
        1.6677080080157918,
        1.6817030058842137,
        1.704772712123232,
        1.5103807466993215,
        1.6909686573085854,
        1.6393596310755,
        1.6345871038277526,
        1.7809758560968758,
        1.5461646096066226,
        1.713913650100261,
        1.625,
        1.79843682124227,
        1.7897276329095442,
        1.6153559979150107,
        1.75,
        1.6909686573085854,
        1.713913650100261,
        1.6863421954040052,
        1.620185174601965,
        1.6723860200324565,
        1.7320508075688772,
        1.6441183047457382,
        1.7677669529663689,
        1.984313483298443,
        1.9605483926697653,
        1.704772712123232,
        1.6393596310755
    ],
    [
        1.5562374497485916,
        2.2741756748325317,
        2.0615528128088303,
        2.8201285431696195,
        1.8666480653835098,
        2.011684617428885,
        2.25,
        2.7698149757700423,
        2.1102428770167667,
        2.1578345627040085,
        1.7897276329095442,
        2.8559149146989657,
        2.5799709300687867,
        2.4558603380485624,
        2.161452058223823,
        2.6983791431153628,
        2.692582403567252,
        2.050152433357091,
        0.0,
        1.9080421903092184,
        1.7230060940112777,
        2.143303524935281,
        2.084166500066633,
        2.1578345627040085,
        2.0,
        1.7853571071357126,
        2.172268399622846,
        2.1323402636539974,
        2.099106952968333,
        2.331844763272204,
        1.6677080080157918,
        2.042516829796024,
        1.7721808598447282,
        2.03100960115899,
        2.2980970388562794,
        1.6441183047457382,
        1.8027756377319946,
        1.7544586059522749,
        2.143303524935281,
        1.920286436967152,
        1.956559480312316,
        1.7853571071357126,
        1.9162137145944864,
        1.8624580532189174,
        2.2150056433336687,
        2.1937410968480306,
        1.776583800443987,
        1.6677080080157918,
        2.072890493972125,
        1.7320508075688772
    ],
    [
        1.928406077567689,
        2.0077973005261263,
        1.653594569415369,
        2.1360009363293826,
        1.6817030058842137,
        1.71846588560844,
        1.824314939915803,
        2.1830311495716224,
        1.7275343701356567,
        1.776583800443987,
        1.8624580532189174,
        2.053959590644373,
        2.0,
        1.9162137145944864,
        1.75,
        2.117634293262177,
        2.065338955232288,
        1.75,
        1.9080421903092184,
        0.0,
        1.6153559979150107,
        1.8027756377319946,
        1.709349291397168,
        1.776583800443987,
        1.80710403685012,
        1.8413649828320293,
        1.79843682124227,
        1.6863421954040052,
        1.7275343701356567,
        1.8957188610128877,
        1.713913650100261,
        1.79843682124227,
        1.7455300054711176,
        1.8540496217739157,
        1.7853571071357126,
        1.8498310733685928,
        1.6677080080157918,
        1.6723860200324565,
        1.899835519196333,
        1.709349291397168,
        1.6441183047457382,
        1.5811388300841898,
        1.695582495781317,
        1.620185174601965,
        1.713913650100261,
        1.6105123408406408,
        1.8874586088176875,
        1.8708286933869707,
        1.6909686573085854,
        1.6056540723331412
    ],
    [
        1.58607219255619,
        1.8582585934148133,
        1.6393596310755,
        2.1830311495716224,
        1.5258194519667128,
        1.6723860200324565,
        1.8371173070873836,
        2.207940216581962,
        1.6630168369562588,
        1.776583800443987,
        1.6345871038277526,
        2.1065374432940898,
        2.072890493972125,
        1.9803724397193574,
        1.80710403685012,
        2.1286732957408003,
        2.0615528128088303,
        1.6630168369562588,
        1.7230060940112777,
        1.6153559979150107,
        0.0,
        1.7677669529663689,
        1.75,
        1.79843682124227,
        1.7940875118009154,
        1.5309310892394863,
        1.6105123408406408,
        1.6393596310755,
        1.713913650100261,
        1.8157298807917437,
        1.648863244784115,
        1.620185174601965,
        1.6630168369562588,
        1.6863421954040052,
        1.8200274723201295,
        1.6909686573085854,
        1.6723860200324565,
        1.6393596310755,
        1.9324531042175384,
        1.6441183047457382,
        1.7001838135919305,
        1.4842927608797396,
        1.5761900266148114,
        1.590990257669732,
        1.7001838135919305,
        1.6723860200324565,
        1.758905909933786,
        1.595893166850463,
        1.5811388300841898,
        1.4684175155588413
    ],
    [
        2.1830311495716224,
        1.9039432764659772,
        1.71846588560844,
        1.79843682124227,
        1.6007810593582121,
        1.653594569415369,
        1.6817030058842137,
        2.1505813167606567,
        1.7001838135919305,
        1.741048534648015,
        1.928406077567689,
        1.8874586088176875,
        2.143303524935281,
        1.6007810593582121,
        1.653594569415369,
        1.920286436967152,
        2.019436802675439,
        1.709349291397168,
        2.143303524935281,
        1.8027756377319946,
        1.7677669529663689,
        0.0,
        1.71846588560844,
        1.7275343701356567,
        1.9243505397925815,
        1.776583800443987,
        1.625,
        1.653594569415369,
        1.7001838135919305,
        1.7853571071357126,
        2.038688303787511,
        1.6298006013006623,
        1.8833148966649205,
        1.824314939915803,
        1.695582495781317,
        2.069118169655856,
        1.8791620472966135,
        1.8791620472966135,
        1.928406077567689,
        1.7544586059522749,
        1.8708286933869707,
        1.695582495781317,
        1.7544586059522749,
        1.7230060940112777,
        1.6007810593582121,
        1.713913650100261,
        2.1139418156609704,
        2.072890493972125,
        1.776583800443987,
        1.7320508075688772
    ],
    [
        2.080414622136655,
        1.8582585934148133,
        1.6298006013006623,
        1.928406077567689,
        1.6298006013006623,
        1.7001838135919305,
        1.7809758560968758,
        2.011684617428885,
        1.75,
        1.7001838135919305,
        1.9039432764659772,
        1.920286436967152,
        1.9724667297574374,
        1.7853571071357126,
        1.695582495781317,
        2.084166500066633,
        2.050152433357091,
        1.695582495781317,
        2.084166500066633,
        1.709349291397168,
        1.75,
        1.71846588560844,
        0.0,
        1.7320508075688772,
        1.776583800443987,
        1.8157298807917437,
        1.709349291397168,
        1.7721808598447282,
        1.6630168369562588,
        1.9724667297574374,
        1.79843682124227,
        1.7853571071357126,
        1.8874586088176875,
        1.845602882529175,
        1.758905909933786,
        1.9803724397193574,
        1.7809758560968758,
        1.7721808598447282,
        1.8666480653835098,
        1.758905909933786,
        1.80710403685012,
        1.6007810593582121,
        1.7940875118009154,
        1.7275343701356567,
        1.7721808598447282,
        1.5811388300841898,
        1.899835519196333,
        1.9324531042175384,
        1.6007810593582121,
        1.6677080080157918
    ],
    [
        2.23606797749979,
        1.7897276329095442,
        1.5512092057488571,
        1.7809758560968758,
        1.6345871038277526,
        1.653594569415369,
        1.7853571071357126,
        1.9121323175972944,
        1.7633419974582356,
        1.58607219255619,
        1.976423537605237,
        1.7544586059522749,
        1.8200274723201295,
        1.6863421954040052,
        1.7230060940112777,
        1.8708286933869707,
        1.80710403685012,
        1.6677080080157918,
        2.1578345627040085,
        1.776583800443987,
        1.79843682124227,
        1.7275343701356567,
        1.7320508075688772,
        0.0,
        1.7809758560968758,
        1.956559480312316,
        1.5258194519667128,
        1.7633419974582356,
        1.7230060940112777,
        1.9121323175972944,
        1.9685019685029528,
        1.8371173070873836,
        2.003902442735175,
        1.7230060940112777,
        1.6677080080157918,
        2.027159342528357,
        1.625,
        1.79843682124227,
        1.695582495781317,
        1.8285923547909742,
        1.7320508075688772,
        1.6105123408406408,
        1.8157298807917437,
        1.8371173070873836,
        1.653594569415369,
        1.6630168369562588,
        2.011684617428885,
        2.143303524935281,
        1.776583800443987,
        1.704772712123232
    ],
    [
        2.038688303787511,
        1.8285923547909742,
        1.7230060940112777,
        2.0879116360612584,
        1.6909686573085854,
        1.7940875118009154,
        1.9724667297574374,
        2.072890493972125,
        1.8114220932736798,
        1.6298006013006623,
        1.964529205687714,
        2.1323402636539974,
        1.9803724397193574,
        1.8957188610128877,
        1.8413649828320293,
        2.053959590644373,
        1.9039432764659772,
        1.6817030058842137,
        2.0,
        1.80710403685012,
        1.7940875118009154,
        1.9243505397925815,
        1.776583800443987,
        1.7809758560968758,
        0.0,
        1.8582585934148133,
        1.6630168369562588,
        1.928406077567689,
        1.6677080080157918,
        1.8957188610128877,
        1.8285923547909742,
        1.8540496217739157,
        1.9685019685029528,
        1.6393596310755,
        1.8285923547909742,
        1.8582585934148133,
        1.6105123408406408,
        1.6298006013006623,
        1.6723860200324565,
        1.8666480653835098,
        1.625,
        1.71846588560844,
        1.7544586059522749,
        1.7897276329095442,
        1.8708286933869707,
        1.824314939915803,
        1.9080421903092184,
        1.8915932438026946,
        1.7721808598447282,
        1.8498310733685928
    ],
    [
        1.625,
        2.011684617428885,
        1.8157298807917437,
        2.5433737436719754,
        1.713913650100261,
        1.6817030058842137,
        1.8666480653835098,
        2.5708704751503917,
        1.8328597873268975,
        1.9882467150733583,
        1.505199322349037,
        2.5708704751503917,
        2.6100766272276377,
        2.207940216581962,
        2.023301757029831,
        2.391390808713624,
        2.3518609652783473,
        1.704772712123232,
        1.7853571071357126,
        1.8413649828320293,
        1.5309310892394863,
        1.776583800443987,
        1.8157298807917437,
        1.956559480312316,
        1.8582585934148133,
        0.0,
        1.8328597873268975,
        1.7853571071357126,
        1.845602882529175,
        1.7230060940112777,
        1.709349291397168,
        1.6345871038277526,
        1.5206906325745548,
        1.709349291397168,
        2.207940216581962,
        1.6441183047457382,
        1.7001838135919305,
        1.695582495781317,
        1.9803724397193574,
        1.7544586059522749,
        1.79843682124227,
        1.5562374497485916,
        1.6630168369562588,
        1.6345871038277526,
        1.8157298807917437,
        2.023301757029831,
        1.7721808598447282,
        1.5662455107677085,
        1.7001838135919305,
        1.5206906325745548
    ],
    [
        2.1102428770167667,
        1.6770509831248424,
        1.5103807466993215,
        1.79843682124227,
        1.5,
        1.7001838135919305,
        1.7275343701356567,
        1.8791620472966135,
        1.7721808598447282,
        1.6007810593582121,
        1.9039432764659772,
        1.8285923547909742,
        1.79843682124227,
        1.6723860200324565,
        1.620185174601965,
        1.7897276329095442,
        1.80710403685012,
        1.5103807466993215,
        2.172268399622846,
        1.79843682124227,
        1.6105123408406408,
        1.625,
        1.709349291397168,
        1.5258194519667128,
        1.6630168369562588,
        1.8328597873268975,
        0.0,
        1.6583123951777,
        1.6583123951777,
        1.6863421954040052,
        1.8833148966649205,
        1.6770509831248424,
        1.928406077567689,
        1.6007810593582121,
        1.6441183047457382,
        1.9445436482630056,
        1.6583123951777,
        1.80710403685012,
        1.71846588560844,
        1.7275343701356567,
        1.6817030058842137,
        1.6345871038277526,
        1.709349291397168,
        1.776583800443987,
        1.6298006013006623,
        1.6909686573085854,
        2.050152433357091,
        1.9882467150733583,
        1.6298006013006623,
        1.620185174601965
    ],
    [
        2.1286732957408003,
        1.9685019685029528,
        1.6583123951777,
        1.9364916731037085,
        1.6909686573085854,
        1.709349291397168,
        1.7809758560968758,
        2.229069312515876,
        1.8027756377319946,
        1.7721808598447282,
        1.8624580532189174,
        2.084166500066633,
        2.2430448056157952,
        1.79843682124227,
        1.7940875118009154,
        2.0077973005261263,
        2.091650066335189,
        1.6909686573085854,
        2.1323402636539974,
        1.6863421954040052,
        1.6393596310755,
        1.653594569415369,
        1.7721808598447282,
        1.7633419974582356,
        1.928406077567689,
        1.7853571071357126,
        1.6583123951777,
        0.0,
        1.776583800443987,
        1.7320508075688772,
        1.9243505397925815,
        1.5662455107677085,
        1.7853571071357126,
        1.8114220932736798,
        1.7897276329095442,
        2.03100960115899,
        1.9039432764659772,
        1.9324531042175384,
        2.1028254801575903,
        1.7633419974582356,
        1.9525624189766635,
        1.6153559979150107,
        1.7455300054711176,
        1.5761900266148114,
        1.6105123408406408,
        1.776583800443987,
        1.948557158514987,
        1.9605483926697653,
        1.7455300054711176,
        1.6105123408406408
    ],
    [
        2.080414622136655,
        1.7455300054711176,
        1.6345871038277526,
        1.9685019685029528,
        1.5461646096066226,
        1.7633419974582356,
        1.845602882529175,
        2.003902442735175,
        1.8027756377319946,
        1.7455300054711176,
        1.8874586088176875,
        2.0155644370746373,
        2.091650066335189,
        1.7897276329095442,
        1.7544586059522749,
        2.0077973005261263,
        1.8157298807917437,
        1.6393596310755,
        2.099106952968333,
        1.7275343701356567,
        1.713913650100261,
        1.7001838135919305,
        1.6630168369562588,
        1.7230060940112777,
        1.6677080080157918,
        1.845602882529175,
        1.6583123951777,
        1.776583800443987,
        0.0,
        1.6441183047457382,
        1.8791620472966135,
        1.7365554986812255,
        1.8540496217739157,
        1.6770509831248424,
        1.741048534648015,
        1.9324531042175384,
        1.7544586059522749,
        1.776583800443987,
        1.7853571071357126,
        1.75,
        1.776583800443987,
        1.6007810593582121,
        1.6630168369562588,
        1.7275343701356567,
        1.7365554986812255,
        1.6770509831248424,
        1.8915932438026946,
        1.984313483298443,
        1.709349291397168,
        1.7721808598447282
    ],
    [
        2.168668946612184,
        1.7721808598447282,
        1.758905909933786,
        2.053959590644373,
        1.7897276329095442,
        1.758905909933786,
        1.75,
        2.29128784747792,
        1.8027756377319946,
        1.7320508075688772,
        1.875,
        2.161452058223823,
        2.439902661992892,
        1.8114220932736798,
        2.0077973005261263,
        2.069118169655856,
        2.038688303787511,
        1.6345871038277526,
        2.331844763272204,
        1.8957188610128877,
        1.8157298807917437,
        1.7853571071357126,
        1.9724667297574374,
        1.9121323175972944,
        1.8957188610128877,
        1.7230060940112777,
        1.6863421954040052,
        1.7320508075688772,
        1.6441183047457382,
        0.0,
        2.027159342528357,
        1.6105123408406408,
