[
    [
        0.0,
        1.159202311936963,
        1.1989578808281798,
        1.4086784586980805,
        1.3110110602126894,
        1.2747548783981961,
        1.299038105676658,
        1.352081728298996,
        1.299038105676658,
        1.352081728298996,
        1.118033988749895,
        1.2183492931011204,
        1.3975424859373686,
        1.224744871391589,
        1.2119199643540823,
        1.2686114456365274,
        1.286953767623375,
        1.3228756555322954,
        1.352081728298996,
        1.334634781503914,
        1.192424001771182,
        1.243734296383275,
        1.4577379737113252,
        1.2374368670764582,
        1.3635890143294642,
        1.2686114456365274,
        1.25,
        1.2808688457449497,
        1.357847561400027,
        1.25,
        1.3635890143294642,
        1.299038105676658,
        1.346291201783626,
        1.4197270864500684,
        1.2747548783981961,
        1.3693063937629153,
        1.6393596310755,
        1.2562344526401112,
        1.118033988749895,
        1.2624381172952597,
        1.2374368670764582,
        1.2374368670764582,
        1.403121520040228,
        1.2374368670764582,
        1.3635890143294642,
        1.286953767623375,
        1.352081728298996,
        1.2119199643540823,
        1.1858541225631423,
        1.224744871391589
    ],
    [
        1.159202311936963,
        0.0,
        0.9762812094883317,
        0.9762812094883317,
        1.1989578808281798,
        1.015504800579495,
        1.0897247358851685,
        1.4361406616345072,
        0.960143218483576,
        1.243734296383275,
        1.0458250331675945,
        1.015504800579495,
        1.1726039399558574,
        1.0077822185373186,
        1.1388041973930374,
        0.9842509842514764,
        0.9354143466934853,
        1.299038105676658,
        1.3919410907075054,
        1.1792476415070754,
        1.159202311936963,
        1.125,
        1.4306903927824497,
        1.0458250331675945,
        1.2562344526401112,
        1.231107225224513,
        1.0,
        1.0825317547305484,
        1.2747548783981961,
        1.1319231422671772,
        1.0968705484240153,
        1.1110243021644486,
        1.0077822185373186,
        1.0680004681646913,
        0.9270248108869579,
        1.4947825928876748,
        1.4415703243338496,
        1.0752906583803283,
        1.0897247358851685,
        1.1110243021644486,
        1.2054563451241194,
        1.0532687216470449,
        1.3863170633011772,
        1.0825317547305484,
        1.0231690964840563,
        1.0231690964840563,
        1.0231690964840563,
        1.118033988749895,
        0.9762812094883317,
        0.9682458365518543
    ],
    [
        1.1989578808281798,
        0.9762812094883317,
        0.0,
        0.9270248108869579,
        1.1792476415070754,
        0.960143218483576,
        1.125,
        1.4142135623730951,
        1.0,
        1.1726039399558574,
        1.0606601717798212,
        1.015504800579495,
        1.243734296383275,
        1.0231690964840563,
        1.2562344526401112,
        0.9842509842514764,
        0.9921567416492215,
        1.3228756555322954,
        1.375,
        1.2374368670764582,
        1.2119199643540823,
        1.118033988749895,
        1.334634781503914,
        1.0968705484240153,
        1.1524430571616109,
        1.3050383136138188,
        1.0606601717798212,
        1.0752906583803283,
        1.3110110602126894,
        1.165922381636102,
        0.960143218483576,
        1.3635890143294642,
        0.9682458365518543,
        0.8569568250501305,
        0.8569568250501305,
        1.571225636247067,
        1.3806701271484076,
        0.9185586535436918,
        1.0532687216470449,
        1.0383279828647594,
        1.14564392373896,
        1.0458250331675945,
        1.5258194519667128,
        1.0680004681646913,
        0.8838834764831844,
        0.8838834764831844,
        0.9519716382329886,
        1.1388041973930374,
        1.0606601717798212,
        0.8926785535678563
    ],
    [
        1.4086784586980805,
        0.9762812094883317,
        0.9270248108869579,
        0.0,
        1.2686114456365274,
        1.0231690964840563,
        1.14564392373896,
        1.58607219255619,
        1.015504800579495,
        1.346291201783626,
        1.118033988749895,
        1.0,
        1.3050383136138188,
        1.015504800579495,
        1.299038105676658,
        1.0231690964840563,
        0.9354143466934853,
        1.489546910976623,
        1.5360257159305635,
        1.3110110602126894,
        1.334634781503914,
        1.192424001771182,
        1.3693063937629153,
        1.2747548783981961,
        1.2808688457449497,
        1.4523687548277813,
        1.0825317547305484,
        1.159202311936963,
        1.403121520040228,
        1.2054563451241194,
        1.0825317547305484,
        1.125,
        0.7806247497997998,
        0.875,
        0.8003905296791061,
        1.7275343701356567,
        1.4577379737113252,
        1.0897247358851685,
        1.1792476415070754,
        1.103970108290981,
        1.340475661845451,
        1.159202311936963,
        1.5512092057488571,
        1.1319231422671772,
        0.8569568250501305,
        1.0307764064044151,
        0.9762812094883317,
        1.2747548783981961,
        1.0825317547305484,
        1.0383279828647594
    ],
    [
        1.3110110602126894,
        1.1989578808281798,
        1.1792476415070754,
        1.2686114456365274,
        0.0,
        1.224744871391589,
        1.2183492931011204,
        1.375,
        1.2119199643540823,
        1.125,
        1.1858541225631423,
        1.224744871391589,
        1.1110243021644486,
        1.243734296383275,
        1.243734296383275,
        1.2374368670764582,
        1.1989578808281798,
        1.3169567191065923,
        1.3693063937629153,
        1.165922381636102,
        1.25,
        1.2562344526401112,
        1.2562344526401112,
        1.1319231422671772,
        1.125,
        1.286953767623375,
        1.2930100540985752,
        1.1792476415070754,
        1.165922381636102,
        1.14564392373896,
        1.243734296383275,
        1.4630874888399532,
        1.243734296383275,
        1.299038105676658,
        1.224744871391589,
        1.2183492931011204,
        1.192424001771182,
        1.2930100540985752,
        1.243734296383275,
        1.1792476415070754,
        1.1989578808281798,
        1.159202311936963,
        1.299038105676658,
        1.243734296383275,
        1.231107225224513,
        1.224744871391589,
        1.2930100540985752,
        1.1388041973930374,
        1.2183492931011204,
        1.1388041973930374
    ],
    [
        1.2747548783981961,
        1.015504800579495,
        0.960143218483576,
        1.0231690964840563,
        1.224744871391589,
        0.0,
        1.1110243021644486,
        1.3919410907075054,
        0.9270248108869579,
        1.25,
        1.0897247358851685,
        1.0231690964840563,
        1.2054563451241194,
        1.0231690964840563,
        1.159202311936963,
        1.0383279828647594,
        1.0458250331675945,
        1.3287682265918312,
        1.352081728298996,
        1.3050383136138188,
        1.1792476415070754,
        1.165922381636102,
        1.346291201783626,
        1.1319231422671772,
        1.1524430571616109,
        1.2747548783981961,
        1.118033988749895,
        1.0897247358851685,
        1.286953767623375,
        1.0897247358851685,
        1.0,
        1.2808688457449497,
        1.0307764064044151,
        0.9185586535436918,
        0.9270248108869579,
        1.5206906325745548,
        1.4415703243338496,
        1.0307764064044151,
        1.1524430571616109,
        1.1388041973930374,
        1.1989578808281798,
        1.125,
        1.4361406616345072,
        1.1110243021644486,
        0.875,
        1.015504800579495,
        0.9921567416492215,
        1.243734296383275,
        1.0307764064044151,
        1.015504800579495
    ],
    [
        1.299038105676658,
        1.0897247358851685,
        1.125,
        1.14564392373896,
        1.2183492931011204,
        1.1110243021644486,
        0.0,
        1.3050383136138188,
        1.0532687216470449,
        1.2686114456365274,
        1.0897247358851685,
        1.0752906583803283,
        1.2183492931011204,
        1.1524430571616109,
        1.0897247358851685,
        1.165922381636102,
        1.0458250331675945,
        1.25,
        1.2054563451241194,
        1.231107225224513,
        1.0968705484240153,
        1.1110243021644486,
        1.340475661845451,
        1.1319231422671772,
        1.231107225224513,
        1.2119199643540823,
        1.1726039399558574,
        1.118033988749895,
        1.3169567191065923,
        1.0231690964840563,
        1.0968705484240153,
        1.1524430571616109,
        1.14564392373896,
        1.2374368670764582,
        1.14564392373896,
        1.4415703243338496,
        1.5461646096066226,
        1.125,
        1.1319231422671772,
        1.2686114456365274,
        1.192424001771182,
        1.1319231422671772,
        1.4142135623730951,
        1.0968705484240153,
        1.231107225224513,
        1.165922381636102,
        1.125,
        1.1524430571616109,
        1.0968705484240153,
        1.1524430571616109
    ],
    [
        1.352081728298996,
        1.4361406616345072,
        1.4142135623730951,
        1.58607219255619,
        1.375,
        1.3919410907075054,
        1.3050383136138188,
        0.0,
        1.346291201783626,
        1.4306903927824497,
        1.357847561400027,
        1.3228756555322954,
        1.4142135623730951,
        1.5155444566227676,
        1.3050383136138188,
        1.4361406616345072,
        1.4737282653189494,
        1.3050383136138188,
        1.25,
        1.4197270864500684,
        1.3169567191065923,
        1.357847561400027,
        1.4469796128487782,
        1.2374368670764582,
        1.4415703243338496,
        1.3050383136138188,
        1.4630874888399532,
        1.2808688457449497,
        1.4523687548277813,
        1.346291201783626,
        1.3919410907075054,
        1.7001838135919305,
        1.571225636247067,
        1.6105123408406408,
        1.5206906325745548,
        1.4684175155588413,
        1.741048534648015,
        1.4469796128487782,
        1.299038105676658,
        1.299038105676658,
        1.25,
        1.357847561400027,
        1.4577379737113252,
        1.3050383136138188,
        1.5461646096066226,
        1.4142135623730951,
        1.5,
        1.4415703243338496,
        1.3287682265918312,
        1.3919410907075054
    ],
    [
        1.299038105676658,
        0.960143218483576,
        1.0,
        1.015504800579495,
        1.2119199643540823,
        0.9270248108869579,
        1.0532687216470449,
        1.346291201783626,
        0.0,
        1.2562344526401112,
        1.103970108290981,
        0.9682458365518543,
        1.2562344526401112,
        1.0458250331675945,
        1.1319231422671772,
        1.015504800579495,
        1.0383279828647594,
        1.340475661845451,
        1.375,
        1.2930100540985752,
        1.2119199643540823,
        1.125,
        1.286953767623375,
        1.159202311936963,
        1.1858541225631423,
        1.25,
        1.015504800579495,
        1.0897247358851685,
        1.346291201783626,
        1.0897247358851685,
        1.0532687216470449,
        1.165922381636102,
        0.9682458365518543,
        1.015504800579495,
        0.9519716382329886,
        1.5155444566227676,
        1.4415703243338496,
        1.0680004681646913,
        1.0680004681646913,
        1.1524430571616109,
        1.1726039399558574,
        1.125,
        1.4630874888399532,
        1.0606601717798212,
        0.9762812094883317,
        0.9921567416492215,
        1.0231690964840563,
        1.2119199643540823,
        1.0,
        1.0307764064044151
    ],
    [
        1.352081728298996,
        1.243734296383275,
        1.1726039399558574,
        1.346291201783626,
        1.125,
        1.25,
        1.2686114456365274,
        1.4306903927824497,
        1.2562344526401112,
        0.0,
        1.2930100540985752,
        1.243734296383275,
        1.1524430571616109,
        1.299038105676658,
        1.3228756555322954,
        1.243734296383275,
        1.2624381172952597,
        1.3693063937629153,
        1.2930100540985752,
        1.1858541225631423,
        1.2808688457449497,
        1.3110110602126894,
        1.224744871391589,
        1.1858541225631423,
        1.159202311936963,
        1.3287682265918312,
        1.3050383136138188,
        1.2054563451241194,
        1.2119199643540823,
        1.286953767623375,
        1.25,
        1.5258194519667128,
        1.3110110602126894,
        1.334634781503914,
        1.25,
        1.3975424859373686,
        1.224744871391589,
        1.243734296383275,
        1.2183492931011204,
        1.2374368670764582,
        1.3169567191065923,
        1.2119199643540823,
        1.3050383136138188,
        1.224744871391589,
        1.2183492931011204,
        1.1989578808281798,
        1.2054563451241194,
        1.0825317547305484,
        1.2808688457449497,
        1.1792476415070754
    ],
    [
        1.118033988749895,
        1.0458250331675945,
        1.0606601717798212,
        1.118033988749895,
        1.1858541225631423,
        1.0897247358851685,
        1.0897247358851685,
        1.357847561400027,
        1.103970108290981,
        1.2930100540985752,
        0.0,
        1.0458250331675945,
        1.231107225224513,
        1.1388041973930374,
        1.14564392373896,
        1.0680004681646913,
        1.0752906583803283,
        1.2562344526401112,
        1.3228756555322954,
        1.2119199643540823,
        1.14564392373896,
        1.103970108290981,
        1.3635890143294642,
        1.103970108290981,
        1.224744871391589,
        1.286953767623375,
        1.103970108290981,
        1.14564392373896,
        1.2374368670764582,
        1.0968705484240153,
        1.14564392373896,
        1.14564392373896,
        1.165922381636102,
        1.1726039399558574,
        1.0532687216470449,
        1.4306903927824497,
        1.505199322349037,
        1.118033988749895,
        1.0606601717798212,
        1.1524430571616109,
        1.165922381636102,
        1.125,
        1.334634781503914,
        1.1319231422671772,
        1.1989578808281798,
        1.125,
        1.14564392373896,
        1.2054563451241194,
        1.0680004681646913,
        1.0458250331675945
    ],
    [
        1.2183492931011204,
        1.015504800579495,
        1.015504800579495,
        1.0,
        1.224744871391589,
        1.0231690964840563,
        1.0752906583803283,
        1.3228756555322954,
        0.9682458365518543,
        1.243734296383275,
        1.0458250331675945,
        0.0,
        1.1792476415070754,
        1.0680004681646913,
        1.1858541225631423,
        1.0077822185373186,
        1.0231690964840563,
        1.357847561400027,
        1.3635890143294642,
        1.224744871391589,
        1.1989578808281798,
        1.118033988749895,
        1.3635890143294642,
        1.1726039399558574,
        1.159202311936963,
        1.299038105676658,
        1.0231690964840563,
        1.0825317547305484,
        1.2808688457449497,
        1.0968705484240153,
        1.0458250331675945,
        1.125,
        1.0,
        1.0383279828647594,
        0.9519716382329886,
        1.505199322349037,
        1.4577379737113252,
        1.0458250331675945,
        1.0968705484240153,
        1.1388041973930374,
        1.1524430571616109,
        1.1110243021644486,
        1.4737282653189494,
        1.0752906583803283,
        1.0458250331675945,
        1.0307764064044151,
        1.0,
        1.165922381636102,
        1.0383279828647594,
        1.0606601717798212
    ],
    [
        1.3975424859373686,
        1.1726039399558574,
        1.243734296383275,
        1.3050383136138188,
        1.1110243021644486,
        1.2054563451241194,
        1.2183492931011204,
        1.4142135623730951,
        1.2562344526401112,
        1.1524430571616109,
        1.231107225224513,
        1.1792476415070754,
        0.0,
        1.299038105676658,
        1.299038105676658,
        1.224744871391589,
        1.2930100540985752,
        1.4197270864500684,
        1.4630874888399532,
        1.2374368670764582,
        1.334634781503914,
        1.243734296383275,
        1.2930100540985752,
        1.3287682265918312,
        1.0307764064044151,
        1.3635890143294642,
        1.243734296383275,
        1.2119199643540823,
        1.1792476415070754,
        1.299038105676658,
        1.3110110602126894,
        1.5155444566227676,
        1.243734296383275,
        1.2562344526401112,
        1.165922381636102,
        1.3919410907075054,
        1.2624381172952597,
        1.2686114456365274,
        1.2686114456365274,
        1.2808688457449497,
        1.2930100540985752,
        1.2054563451241194,
        1.346291201783626,
        1.2054563451241194,
        1.2183492931011204,
        1.1858541225631423,
        1.1858541225631423,
        1.125,
        1.2374368670764582,
        1.2562344526401112
    ],
    [
        1.224744871391589,
        1.0077822185373186,
        1.0231690964840563,
        1.015504800579495,
        1.243734296383275,
        1.0231690964840563,
        1.1524430571616109,
        1.5155444566227676,
        1.0458250331675945,
        1.299038105676658,
        1.1388041973930374,
        1.0680004681646913,
        1.299038105676658,
        0.0,
        1.165922381636102,
        0.9519716382329886,
        1.0458250331675945,
        1.375,
        1.3806701271484076,
        1.2747548783981961,
        1.2183492931011204,
        1.1989578808281798,
        1.4086784586980805,
        1.0897247358851685,
        1.224744871391589,
        1.3635890143294642,
        1.0606601717798212,
        1.118033988749895,
        1.352081728298996,
        1.165922381636102,
        1.125,
        1.0307764064044151,
        0.8926785535678563,
        1.015504800579495,
        0.9682458365518543,
        1.4842927608797396,
        1.4252192813739224,
        1.125,
        1.1858541225631423,
        1.2562344526401112,
        1.2054563451241194,
        1.14564392373896,
        1.403121520040228,
        1.14564392373896,
        1.0458250331675945,
        1.103970108290981,
        1.015504800579495,
        1.192424001771182,
        1.0,
        1.0532687216470449
    ],
    [
        1.2119199643540823,
        1.1388041973930374,
        1.2562344526401112,
        1.299038105676658,
        1.243734296383275,
        1.159202311936963,
        1.0897247358851685,
        1.3050383136138188,
        1.1319231422671772,
        1.3228756555322954,
        1.14564392373896,
        1.1858541225631423,
        1.299038105676658,
        1.165922381636102,
        0.0,
        1.2054563451241194,
        1.2054563451241194,
        1.224744871391589,
        1.286953767623375,
        1.3050383136138188,
        1.0897247358851685,
        1.1858541225631423,
        1.340475661845451,
        1.159202311936963,
        1.3050383136138188,
        1.25,
        1.243734296383275,
        1.1792476415070754,
        1.352081728298996,
        1.159202311936963,
        1.2624381172952597,
        1.2562344526401112,
        1.2808688457449497,
        1.3635890143294642,
        1.2686114456365274,
        1.4197270864500684,
        1.5461646096066226,
        1.2808688457449497,
        1.1110243021644486,
        1.2183492931011204,
        1.2183492931011204,
        1.192424001771182,
        1.3806701271484076,
        1.1388041973930374,
        1.3050383136138188,
        1.1792476415070754,
        1.25,
        1.2054563451241194,
        1.1524430571616109,
        1.1792476415070754
    ],
    [
        1.2686114456365274,
        0.9842509842514764,
        0.9842509842514764,
        1.0231690964840563,
        1.2374368670764582,
        1.0383279828647594,
        1.165922381636102,
        1.4361406616345072,
        1.015504800579495,
        1.243734296383275,
        1.0680004681646913,
        1.0077822185373186,
        1.224744871391589,
        0.9519716382329886,
        1.2054563451241194,
        0.0,
        0.9921567416492215,
        1.3693063937629153,
        1.3975424859373686,
        1.165922381636102,
        1.2183492931011204,
        1.14564392373896,
        1.3975424859373686,
        1.1388041973930374,
        1.2183492931011204,
        1.2686114456365274,
        1.1319231422671772,
        1.165922381636102,
        1.243734296383275,
        1.0680004681646913,
        1.118033988749895,
        1.1858541225631423,
        0.9762812094883317,
        1.103970108290981,
        0.9921567416492215,
        1.5103807466993215,
        1.4469796128487782,
        1.118033988749895,
        1.1388041973930374,
        1.125,
        1.25,
        1.118033988749895,
        1.4684175155588413,
        1.1726039399558574,
        0.9682458365518543,
        1.0532687216470449,
        1.0825317547305484,
        1.1989578808281798,
        1.0231690964840563,
        1.0383279828647594
    ],
    [
        1.286953767623375,
        0.9354143466934853,
        0.9921567416492215,
        0.9354143466934853,
        1.1989578808281798,
        1.0458250331675945,
        1.0458250331675945,
        1.4737282653189494,
        1.0383279828647594,
        1.2624381172952597,
        1.0752906583803283,
        1.0231690964840563,
        1.2930100540985752,
        1.0458250331675945,
        1.2054563451241194,
        0.9921567416492215,
        0.0,
        1.375,
        1.4142135623730951,
        1.231107225224513,
        1.2183492931011204,
        1.1726039399558574,
        1.357847561400027,
        1.0968705484240153,
        1.165922381636102,
        1.299038105676658,
        1.0825317547305484,
        1.118033988749895,
        1.299038105676658,
        1.0680004681646913,
        1.0383279828647594,
        1.159202311936963,
        0.9437293044088437,
        1.015504800579495,
        0.9762812094883317,
        1.5258194519667128,
        1.4523687548277813,
        1.0752906583803283,
        1.1110243021644486,
        1.118033988749895,
        1.2183492931011204,
        1.0968705484240153,
        1.4469796128487782,
        1.125,
        0.9762812094883317,
        0.9921567416492215,
        0.9921567416492215,
        1.1524430571616109,
        0.960143218483576,
        0.9921567416492215
    ],
    [
        1.3228756555322954,
        1.299038105676658,
        1.3228756555322954,
        1.489546910976623,
        1.3169567191065923,
        1.3287682265918312,
        1.25,
        1.3050383136138188,
        1.340475661845451,
        1.3693063937629153,
        1.2562344526401112,
        1.357847561400027,
        1.4197270864500684,
        1.375,
        1.224744871391589,
        1.3693063937629153,
        1.375,
        0.0,
        1.2562344526401112,
        1.357847561400027,
        1.1726039399558574,
        1.3228756555322954,
        1.346291201783626,
        1.2686114456365274,
        1.4577379737113252,
        1.2562344526401112,
        1.3975424859373686,
        1.2747548783981961,
        1.3863170633011772,
        1.25,
        1.3228756555322954,
        1.489546910976623,
        1.489546910976623,
        1.5612494995995996,
        1.4252192813739224,
        1.3635890143294642,
        1.7001838135919305,
        1.357847561400027,
        1.299038105676658,
        1.3287682265918312,
        1.286953767623375,
        1.2747548783981961,
        1.3975424859373686,
        1.3050383136138188,
        1.4737282653189494,
        1.346291201783626,
        1.3693063937629153,
        1.4086784586980805,
        1.286953767623375,
        1.340475661845451
    ],
    [
        1.352081728298996,
        1.3919410907075054,
        1.375,
        1.5360257159305635,
        1.3693063937629153,
        1.352081728298996,
        1.2054563451241194,
        1.25,
        1.375,
        1.2930100540985752,
        1.3228756555322954,
        1.3635890143294642,
        1.4630874888399532,
        1.3806701271484076,
        1.286953767623375,
        1.3975424859373686,
        1.4142135623730951,
        1.2562344526401112,
        0.0,
        1.4523687548277813,
        1.2374368670764582,
        1.3287682265918312,
        1.4947825928876748,
        1.1989578808281798,
        1.4252192813739224,
        1.2119199643540823,
        1.4142135623730951,
        1.352081728298996,
        1.4415703243338496,
        1.286953767623375,
        1.3975424859373686,
        1.4252192813739224,
        1.5155444566227676,
        1.5612494995995996,
        1.4523687548277813,
        1.4415703243338496,
        1.6723860200324565,
        1.4252192813739224,
        1.340475661845451,
        1.3693063937629153,
        1.3169567191065923,
        1.3169567191065923,
        1.4086784586980805,
        1.2808688457449497,
        1.5206906325745548,
        1.4306903927824497,
        1.3806701271484076,
        1.4577379737113252,
        1.3228756555322954,
        1.334634781503914
    ],
    [
        1.334634781503914,
        1.1792476415070754,
        1.2374368670764582,
        1.3110110602126894,
        1.165922381636102,
        1.3050383136138188,
        1.231107225224513,
        1.4197270864500684,
        1.2930100540985752,
        1.1858541225631423,
        1.2119199643540823,
        1.224744871391589,
        1.2374368670764582,
        1.2747548783981961,
        1.3050383136138188,
        1.165922381636102,
        1.231107225224513,
        1.357847561400027,
        1.4523687548277813,
        0.0,
        1.231107225224513,
        1.299038105676658,
        1.340475661845451,
        1.25,
        1.231107225224513,
        1.3228756555322954,
        1.3169567191065923,
        1.2686114456365274,
        1.2119199643540823,
        1.2119199643540823,
        1.340475661845451,
        1.4415703243338496,
        1.286953767623375,
        1.357847561400027,
        1.243734296383275,
        1.3050383136138188,
        1.2747548783981961,
        1.2686114456365274,
        1.2183492931011204,
        1.2808688457449497,
        1.286953767623375,
        1.2054563451241194,
        1.340475661845451,
        1.286953767623375,
        1.299038105676658,
        1.2686114456365274,
        1.2930100540985752,
        1.125,
        1.2054563451241194,
        1.1858541225631423
    ],
    [
        1.192424001771182,
        1.159202311936963,
        1.2119199643540823,
        1.334634781503914,
        1.25,
        1.1792476415070754,
        1.0968705484240153,
        1.3169567191065923,
        1.2119199643540823,
        1.2808688457449497,
        1.14564392373896,
        1.1989578808281798,
        1.334634781503914,
        1.2183492931011204,
        1.0897247358851685,
        1.2183492931011204,
        1.2183492931011204,
        1.1726039399558574,
        1.2374368670764582,
        1.231107225224513,
        0.0,
        1.1858541225631423,
        1.3228756555322954,
        1.1792476415070754,
        1.3287682265918312,
        1.1989578808281798,
        1.2562344526401112,
        1.192424001771182,
        1.3287682265918312,
        1.159202311936963,
        1.2054563451241194,
        1.375,
        1.340475661845451,
        1.3635890143294642,
        1.224744871391589,
        1.4086784586980805,
        1.571225636247067,
        1.2374368670764582,
        1.2054563451241194,
        1.224744871391589,
        1.2054563451241194,
        1.192424001771182,
        1.352081728298996,
        1.1726039399558574,
        1.340475661845451,
        1.2930100540985752,
        1.243734296383275,
        1.2686114456365274,
        1.1858541225631423,
        1.159202311936963
    ],
    [
        1.243734296383275,
        1.125,
        1.118033988749895,
        1.192424001771182,
        1.2562344526401112,
        1.165922381636102,
        1.1110243021644486,
        1.357847561400027,
        1.125,
        1.3110110602126894,
        1.103970108290981,
        1.118033988749895,
        1.243734296383275,
        1.1989578808281798,
        1.1858541225631423,
        1.14564392373896,
        1.1726039399558574,
        1.3228756555322954,
        1.3287682265918312,
        1.299038105676658,
        1.1858541225631423,
        0.0,
        1.3693063937629153,
        1.192424001771182,
        1.2054563451241194,
        1.2119199643540823,
        1.165922381636102,
        1.1388041973930374,
        1.3169567191065923,
        1.0532687216470449,
        1.2119199643540823,
        1.352081728298996,
        1.165922381636102,
        1.1989578808281798,
        1.2054563451241194,
        1.4684175155588413,
        1.5461646096066226,
        1.1524430571616109,
        1.125,
        1.159202311936963,
        1.1858541225631423,
        1.103970108290981,
        1.4415703243338496,
        1.159202311936963,
        1.2119199643540823,
        1.165922381636102,
        1.1792476415070754,
        1.2624381172952597,
        1.1989578808281798,
        1.118033988749895
    ],
    [
        1.4577379737113252,
        1.4306903927824497,
        1.334634781503914,
        1.3693063937629153,
        1.2562344526401112,
        1.346291201783626,
        1.340475661845451,
        1.4469796128487782,
        1.286953767623375,
        1.224744871391589,
        1.3635890143294642,
        1.3635890143294642,
        1.2930100540985752,
        1.4086784586980805,
        1.340475661845451,
        1.3975424859373686,
        1.357847561400027,
        1.346291201783626,
        1.4947825928876748,
        1.340475661845451,
        1.3228756555322954,
        1.3693063937629153,
        0.0,
        1.3693063937629153,
        1.243734296383275,
        1.4197270864500684,
        1.4630874888399532,
        1.3169567191065923,
        1.3050383136138188,
        1.286953767623375,
        1.4142135623730951,
        1.6345871038277526,
        1.4086784586980805,
        1.3975424859373686,
        1.403121520040228,
        1.4142135623730951,
        1.3287682265918312,
        1.3975424859373686,
        1.3806701271484076,
        1.3169567191065923,
        1.4086784586980805,
        1.352081728298996,
        1.4252192813739224,
        1.340475661845451,
        1.4469796128487782,
        1.357847561400027,
        1.4086784586980805,
        1.2747548783981961,
        1.3169567191065923,
        1.352081728298996
    ],
    [
        1.2374368670764582,
        1.0458250331675945,
        1.0968705484240153,
        1.2747548783981961,
        1.1319231422671772,
        1.1319231422671772,
        1.1319231422671772,
        1.2374368670764582,
        1.159202311936963,
        1.1858541225631423,
        1.103970108290981,
        1.1726039399558574,
        1.3287682265918312,
        1.0897247358851685,
        1.159202311936963,
        1.1388041973930374,
        1.0968705484240153,
        1.2686114456365274,
        1.1989578808281798,
        1.25,
        1.1792476415070754,
        1.192424001771182,
        1.3693063937629153,
        0.0,
        1.2686114456365274,
        1.243734296383275,
        1.2119199643540823,
        1.0968705484240153,
        1.2624381172952597,
        1.1726039399558574,
        1.1524430571616109,
        1.4415703243338496,
        1.2183492931011204,
        1.243734296383275,
        1.1989578808281798,
        1.3919410907075054,
        1.489546910976623,
        1.0825317547305484,
        1.118033988749895,
        1.159202311936963,
        1.1524430571616109,
        1.14564392373896,
        1.334634781503914,
        1.14564392373896,
        1.1388041973930374,
        1.159202311936963,
        1.1110243021644486,
        1.1989578808281798,
        1.103970108290981,
        1.0897247358851685
    ],
    [
        1.3635890143294642,
        1.2562344526401112,
        1.1524430571616109,
        1.2808688457449497,
        1.125,
        1.1524430571616109,
        1.231107225224513,
        1.4415703243338496,
        1.1858541225631423,
        1.159202311936963,
        1.224744871391589,
        1.159202311936963,
        1.0307764064044151,
        1.224744871391589,
        1.3050383136138188,
        1.2183492931011204,
        1.165922381636102,
        1.4577379737113252,
        1.4252192813739224,
        1.231107225224513,
        1.3287682265918312,
        1.2054563451241194,
        1.243734296383275,
        1.2686114456365274,
        0.0,
        1.3050383136138188,
        1.2686114456365274,
        1.224744871391589,
        1.2374368670764582,
        1.2374368670764582,
        1.231107225224513,
        1.4684175155588413,
        1.2054563451241194,
        1.2054563451241194,
        1.2054563451241194,
        1.3635890143294642,
        1.1858541225631423,
        1.1726039399558574,
        1.2374368670764582,
        1.25,
        1.2119199643540823,
        1.2808688457449497,
        1.3806701271484076,
        1.1989578808281798,
        1.231107225224513,
        1.2183492931011204,
        1.231107225224513,
        1.103970108290981,
        1.2374368670764582,
        1.1858541225631423
    ],
    [
        1.2686114456365274,
        1.231107225224513,
        1.3050383136138188,
        1.4523687548277813,
        1.286953767623375,
        1.2747548783981961,
        1.2119199643540823,
        1.3050383136138188,
        1.25,
        1.3287682265918312,
        1.286953767623375,
        1.299038105676658,
        1.3635890143294642,
        1.3635890143294642,
        1.25,
        1.2686114456365274,
        1.299038105676658,
        1.2562344526401112,
        1.2119199643540823,
        1.3228756555322954,
        1.1989578808281798,
        1.2119199643540823,
        1.4197270864500684,
        1.243734296383275,
        1.3050383136138188,
        0.0,
        1.3169567191065923,
        1.243734296383275,
        1.3635890143294642,
        1.2119199643540823,
        1.2930100540985752,
        1.4630874888399532,
        1.4086784586980805,
        1.4630874888399532,
        1.3635890143294642,
        1.3919410907075054,
        1.6583123951777,
        1.334634781503914,
        1.286953767623375,
        1.2930100540985752,
        1.165922381636102,
        1.2686114456365274,
        1.4197270864500684,
        1.2183492931011204,
        1.357847561400027,
        1.3228756555322954,
        1.334634781503914,
        1.346291201783626,
        1.299038105676658,
        1.1792476415070754
    ],
    [
        1.25,
        1.0,
        1.0606601717798212,
        1.0825317547305484,
        1.2930100540985752,
        1.118033988749895,
        1.1726039399558574,
        1.4630874888399532,
        1.015504800579495,
        1.3050383136138188,
        1.103970108290981,
        1.0231690964840563,
        1.243734296383275,
        1.0606601717798212,
        1.243734296383275,
        1.1319231422671772,
        1.0825317547305484,
        1.3975424859373686,
        1.4142135623730951,
        1.3169567191065923,
        1.2562344526401112,
        1.165922381636102,
        1.4630874888399532,
        1.2119199643540823,
        1.2686114456365274,
        1.3169567191065923,
        0.0,
        1.2562344526401112,
        1.2808688457449497,
        1.14564392373896,
        1.0897247358851685,
        1.165922381636102,
        1.0231690964840563,
        1.0825317547305484,
        0.9921567416492215,
        1.5612494995995996,
        1.4842927608797396,
        1.118033988749895,
        1.0606601717798212,
        1.243734296383275,
        1.3110110602126894,
        1.165922381636102,
        1.4523687548277813,
        1.159202311936963,
        1.0752906583803283,
        1.125,
        1.0897247358851685,
        1.224744871391589,
        1.103970108290981,
        1.0825317547305484
    ],
    [
        1.2808688457449497,
        1.0825317547305484,
        1.0752906583803283,
        1.159202311936963,
        1.1792476415070754,
        1.0897247358851685,
        1.118033988749895,
        1.2808688457449497,
        1.0897247358851685,
        1.2054563451241194,
        1.14564392373896,
        1.0825317547305484,
        1.2119199643540823,
        1.118033988749895,
        1.1792476415070754,
        1.165922381636102,
        1.118033988749895,
        1.2747548783981961,
        1.352081728298996,
        1.2686114456365274,
        1.192424001771182,
        1.1388041973930374,
        1.3169567191065923,
        1.0968705484240153,
        1.224744871391589,
        1.243734296383275,
        1.2562344526401112,
        0.0,
        1.2686114456365274,
        1.1110243021644486,
        1.14564392373896,
        1.4306903927824497,
        1.165922381636102,
        1.1792476415070754,
        1.125,
        1.4306903927824497,
        1.479019945774904,
        1.0606601717798212,
        1.1858541225631423,
        1.103970108290981,
        1.1726039399558574,
        1.0825317547305484,
        1.4086784586980805,
        1.1388041973930374,
        1.165922381636102,
        1.0383279828647594,
        1.14564392373896,
        1.231107225224513,
        1.1110243021644486,
        1.103970108290981
    ],
    [
        1.357847561400027,
        1.2747548783981961,
        1.3110110602126894,
        1.403121520040228,
        1.165922381636102,
        1.286953767623375,
        1.3169567191065923,
        1.4523687548277813,
        1.346291201783626,
        1.2119199643540823,
        1.2374368670764582,
        1.2808688457449497,
        1.1792476415070754,
        1.352081728298996,
        1.352081728298996,
        1.243734296383275,
        1.299038105676658,
        1.3863170633011772,
        1.4415703243338496,
        1.2119199643540823,
        1.3287682265918312,
        1.3169567191065923,
        1.3050383136138188,
        1.2624381172952597,
        1.2374368670764582,
        1.3635890143294642,
        1.2808688457449497,
        1.2686114456365274,
        0.0,
        1.299038105676658,
        1.3169567191065923,
        1.4142135623730951,
        1.3975424859373686,
        1.3975424859373686,
        1.3228756555322954,
        1.352081728298996,
        1.3228756555322954,
        1.3050383136138188,
        1.2562344526401112,
        1.352081728298996,
        1.3228756555322954,
        1.2747548783981961,
        1.334634781503914,
        1.2808688457449497,
        1.3806701271484076,
        1.3228756555322954,
        1.340475661845451,
        1.2119199643540823,
        1.3110110602126894,
        1.2374368670764582
    ],
    [
        1.25,
        1.1319231422671772,
        1.165922381636102,
        1.2054563451241194,
        1.14564392373896,
        1.0897247358851685,
        1.0231690964840563,
        1.346291201783626,
        1.0897247358851685,
        1.286953767623375,
        1.0968705484240153,
        1.0968705484240153,
        1.299038105676658,
        1.165922381636102,
        1.159202311936963,
        1.0680004681646913,
        1.0680004681646913,
        1.25,
        1.286953767623375,
        1.2119199643540823,
        1.159202311936963,
        1.0532687216470449,
        1.286953767623375,
        1.1726039399558574,
        1.2374368670764582,
        1.2119199643540823,
        1.14564392373896,
        1.1110243021644486,
        1.299038105676658,
        0.0,
        1.118033988749895,
        1.299038105676658,
        1.159202311936963,
        1.2624381172952597,
        1.165922381636102,
        1.403121520040228,
