[
    [
        0.0,
        1.2942151729261249,
        0.5632789391281252,
        0.8453428841817588,
        1.1439726698604975,
        1.1352986660894524,
        0.7145088937050912,
        1.3054997696384618,
        0.9826297494426863,
        1.375695556911529,
        1.1343151759398031,
        1.1241493382526528,
        1.1542401865137366,
        1.0013129136390924,
        1.6760048767646156,
        1.0659083986373852,
        1.2059852860645033,
        1.491472358415793,
        1.306869604537999,
        1.215335680512397,
        1.2616801237611206,
        1.10483630701843,
        1.0102752986876014,
        1.27049524330684,
        1.0296930888098925,
        1.4487415369265584,
        1.0250027653300458,
        1.1327679662252645,
        0.9857078157137559,
        1.049781318335648,
        0.9574456107297526,
        0.8504200642707613,
        0.9206391967607315,
        0.9152547877671073,
        0.7538168185430512,
        1.4540144989873058,
        0.9449111825230684,
        1.1605769149479943,
        1.2984242805203923,
        1.4383593261144474,
        1.2667248464977283,
        1.2757550785351248,
        1.1858541225631423,
        1.2429363913796525,
        1.0573841423483692,
        1.191145645102145,
        0.9415914123201754,
        1.2322722499347223,
        1.0772165094182622,
        0.7266782124777074
    ],
    [
        1.2942151729261249,
        0.0,
        1.2761160692594629,
        0.9556120784316429,
        1.0265570828962431,
        0.982485510212633,
        1.1372786719963484,
        1.165922381636102,
        0.950146187582615,
        1.114924013354971,
        0.946634449006242,
        0.9071475440448851,
        0.982485510212633,
        0.9020039418489871,
        1.1426091000668406,
        1.0088539444236406,
        0.9081039465709737,
        1.182188413259259,
        1.1909671606630376,
        1.0516191220103301,
        1.0590220855949029,
        1.006058038970803,
        1.2104865871944959,
        1.0720566941890506,
        1.006058038970803,
        1.2169234888758527,
        0.9510593508761108,
        1.0358169078880044,
        1.1125858269015574,
        1.0214708893442719,
        1.1843892002959913,
        1.2126360175712707,
        1.006058038970803,
        1.102396379610246,
        1.0881304047667162,
        1.2233265213252664,
        1.0663736576724772,
        1.0516191220103301,
        1.0214708893442719,
        1.0622957319984967,
        1.068812944865055,
        0.9745012969605417,
        1.2040152730666573,
        0.9842509842514764,
        1.0237119277956621,
        1.118033988749895,
        1.0419666234791038,
        0.9877724659274748,
        0.9982623792259117,
        1.1996816707406641
    ],
    [
        0.5632789391281252,
        1.2761160692594629,
        0.0,
        0.81967981553775,
        1.015504800579495,
        1.0752906583803283,
        0.7071067811865476,
        1.2233265213252664,
        0.9270248108869579,
        1.25,
        1.167425652048654,
        1.0532687216470449,
        0.9842509842514764,
        1.0437312872574052,
        1.6817030058842137,
        0.9626308551388253,
        1.1388041973930374,
        1.5103807466993215,
        1.231107225224513,
        1.1319231422671772,
        1.192424001771182,
        1.0383279828647594,
        0.9109671295448103,
        1.1388041973930374,
        0.9100137361600648,
        1.2808688457449497,
        0.9982623792259117,
        1.0532687216470449,
        0.8838834764831844,
        0.9519716382329886,
        0.8207381501496754,
        1.1858541225631423,
        0.82915619758885,
        0.6846531968814576,
        0.625,
        1.2562344526401112,
        0.82915619758885,
        1.0077822185373186,
        1.192424001771182,
        1.2747548783981961,
        1.2183492931011204,
        1.165922381636102,
        1.1388041973930374,
        1.2126360175712707,
        0.8888194417315589,
        1.1141451630934116,
        0.8314144574157946,
        1.165922381636102,
        1.0532687216470449,
        0.7288689868556626
    ],
    [
        0.8453428841817588,
        0.9556120784316429,
        0.81967981553775,
        0.0,
        0.81967981553775,
        0.9762812094883317,
        0.7905694150420949,
        1.1486707293408518,
        0.81967981553775,
        1.0606601717798212,
        0.7913757073628692,
        0.7905694150420949,
        0.8926785535678563,
        0.8212033852828421,
        1.3806701271484076,
        0.8075299324710723,
        0.875,
        1.286953767623375,
        1.1524430571616109,
        0.9762812094883317,
        1.0825317547305484,
        0.8569568250501305,
        0.8965597829729172,
        1.0532687216470449,
        0.8569568250501305,
        1.1858541225631423,
        0.8143675119038359,
        0.9762812094883317,
        0.9100137361600648,
        0.9013878188659973,
        0.8426561840065285,
        0.7905694150420949,
        0.7180703308172536,
        0.739509972887452,
        0.673145600891813,
        1.2562344526401112,
        0.81967981553775,
        0.9519716382329886,
        0.9842509842514764,
        1.0752906583803283,
        1.0077822185373186,
        1.0458250331675945,
        0.9842509842514764,
        0.9223309842157773,
        0.7721722605740251,
        0.8936504412303007,
        0.6666145812986691,
        1.0231690964840563,
        0.8926785535678563,
        0.7806247497997998
    ],
    [
        1.1439726698604975,
        1.0265570828962431,
        1.015504800579495,
        0.81967981553775,
        0.0,
        0.9270248108869579,
        0.9519716382329886,
        0.9637527921850314,
        0.82915619758885,
        0.9842509842514764,
        0.8299250027587323,
        0.9013878188659973,
        0.875,
        0.9113863066779092,
        1.2119199643540823,
        0.8682318415102298,
        0.8926785535678563,
        1.1110243021644486,
        1.015504800579495,
        0.8660254037844386,
        0.8926785535678563,
        0.875,
        0.8518770125108697,
        0.875,
        0.8569568250501305,
        1.0,
        0.9157192073264964,
        0.82915619758885,
        0.9013878188659973,
        0.8660254037844386,
        0.8518770125108697,
        1.1792476415070754,
        0.9013878188659973,
        0.8660254037844386,
        0.8100925873009825,
        0.9921567416492215,
        0.8477912478906585,
        0.9437293044088437,
        0.9762812094883317,
        1.015504800579495,
        0.8477912478906585,
        0.9270248108869579,
        0.9100137361600648,
        0.8789592962387077,
        0.792148975887743,
        0.952883052169106,
        0.9222933372848359,
        0.9270248108869579,
        0.9354143466934853,
        0.9013878188659973
    ],
    [
        1.1352986660894524,
        0.982485510212633,
        1.0752906583803283,
        0.9762812094883317,
        0.9270248108869579,
        0.0,
        0.9762812094883317,
        1.0358169078880044,
        0.7806247497997998,
        0.9519716382329886,
        0.9619681143682594,
        0.875,
        0.7905694150420949,
        0.9233092656309694,
        1.1858541225631423,
        0.8415622619962985,
        0.875,
        1.2054563451241194,
        1.0458250331675945,
        0.9185586535436918,
        0.9682458365518543,
        0.9013878188659973,
        1.0086432030758503,
        0.9013878188659973,
        0.875,
        1.0606601717798212,
        0.9157192073264964,
        0.9185586535436918,
        0.875,
        0.9682458365518543,
        0.927960727138337,
        1.3228756555322954,
        0.8569568250501305,
        0.8100925873009825,
        0.8477912478906585,
        1.192424001771182,
        0.8660254037844386,
        0.875,
        0.9519716382329886,
        0.9842509842514764,
        1.0968705484240153,
        0.9100137361600648,
        1.0532687216470449,
        0.9930312739844155,
        0.8154753215150046,
        1.0491398593345145,
        1.0173494974687902,
        0.9921567416492215,
        0.9013878188659973,
        1.0680004681646913
    ],
    [
        0.7145088937050912,
        1.1372786719963484,
        0.7071067811865476,
        0.7905694150420949,
        0.9519716382329886,
        0.9762812094883317,
        0.0,
        0.9664511253952668,
        0.8385254915624212,
        1.0077822185373186,
        0.8903536330227078,
        0.8569568250501305,
        0.8385254915624212,
        0.9243240773668076,
        1.3635890143294642,
        0.8225923433057872,
        0.9762812094883317,
        1.1989578808281798,
        0.8660254037844386,
        0.960143218483576,
        0.9185586535436918,
        0.7905694150420949,
        0.8759915017345267,
        0.9682458365518543,
        0.7806247497997998,
        1.0383279828647594,
        0.8457409637576849,
        0.9682458365518543,
        0.7288689868556626,
        0.8100925873009825,
        0.7916666666666667,
        0.8569568250501305,
        0.7288689868556626,
        0.8385254915624212,
        0.5994789404140899,
        1.1524430571616109,
        0.8003905296791061,
        0.875,
        0.9437293044088437,
        1.2119199643540823,
        1.0,
        0.9842509842514764,
        0.8660254037844386,
        1.0324593077803224,
        0.9072623655812028,
        1.0189182717197904,
        0.7729812416870153,
        0.9519716382329886,
        0.8660254037844386,
        0.875
    ],
    [
        1.3054997696384618,
        1.165922381636102,
        1.2233265213252664,
        1.1486707293408518,
        0.9637527921850314,
        1.0358169078880044,
        0.9664511253952668,
        0.0,
        0.9664511253952668,
        1.0137937550497031,
        0.9790897711881947,
        1.0728660991319776,
        0.9251501379656049,
        1.158183443539446,
        1.2754356554178305,
        1.031051353436887,
        1.0809268142560706,
        1.0565601944254972,
        0.9745012969605417,
        1.0017346066809423,
        0.932626220233308,
        0.950146187582615,
        0.9565200236040831,
        0.9483172230617535,
        0.9745012969605417,
        0.9166666666666666,
        1.0728660991319778,
        0.9798313346920707,
        0.9372684899334993,
        0.9251501379656049,
        0.9700372272352347,
        1.375631168268265,
        1.1441275181454984,
        1.1909671606630376,
        1.0590220855949029,
        1.0366546087187274,
        0.9982623792259117,
        1.0516191220103301,
        1.0881304047667162,
        1.039998664529057,
        0.9109671295448103,
        1.0206207261596574,
        0.982485510212633,
        1.0137937550497034,
        1.0537960481569055,
        1.1110243021644486,
        1.0814085465005556,
        0.9771699499632145,
        1.0366546087187274,
        1.0905210273585335
    ],
    [
        0.9826297494426863,
        0.950146187582615,
        0.9270248108869579,
        0.81967981553775,
        0.82915619758885,
        0.7806247497997998,
        0.8385254915624212,
        0.9664511253952668,
        0.0,
        0.875,
        0.8858654824866045,
        0.7288689868556626,
        0.81967981553775,
        0.8250000000000001,
        1.231107225224513,
        0.753393682490321,
        0.82915619758885,
        1.2183492931011204,
        1.0532687216470449,
        0.8660254037844386,
        1.0,
        0.8003905296791061,
        0.927960727138337,
        0.9100137361600648,
        0.8003905296791061,
        1.0231690964840563,
        0.816496580927726,
        0.875,
        0.8100925873009825,
        0.8385254915624212,
        0.8848650242331376,
        1.0968705484240153,
        0.75,
        0.7603453162872774,
        0.7288689868556626,
        1.14564392373896,
        0.7806247497997998,
        0.8569568250501305,
        0.8926785535678563,
        1.0383279828647594,
        1.0077822185373186,
        0.9354143466934853,
        1.0,
        0.9195031871130797,
        0.796084166404533,
        1.003466214899358,
        0.8771402396424417,
        0.9185586535436918,
        0.8003905296791061,
        0.9519716382329886
    ],
    [
        1.375695556911529,
        1.114924013354971,
        1.25,
        1.0606601717798212,
        0.9842509842514764,
        0.9519716382329886,
        1.0077822185373186,
        1.0137937550497031,
        0.875,
        0.0,
        1.001752291268268,
        0.9682458365518543,
        0.8838834764831844,
        1.0644834428021885,
        1.243734296383275,
        0.9866778416815217,
        0.9762812094883317,
        1.118033988749895,
        0.9519716382329886,
        0.9437293044088437,
        0.9682458365518543,
        0.9437293044088437,
        1.0391636594449938,
        0.8838834764831844,
        0.9185586535436918,
        1.0606601717798212,
        1.0214708893442719,
        0.9185586535436918,
        0.9185586535436918,
        0.9921567416492215,
        1.0017346066809423,
        1.3975424859373686,
        1.0383279828647594,
        1.1110243021644486,
        1.0,
        1.165922381636102,
        0.9762812094883317,
        0.9437293044088437,
        1.015504800579495,
        0.9842509842514764,
        1.0458250331675945,
        0.9682458365518543,
        1.0307764064044151,
        0.9691419458010839,
        0.9144670579085941,
        1.1141451630934116,
        1.03289641300568,
        1.015504800579495,
        0.9762812094883317,
        1.1524430571616109
    ],
    [
        1.1343151759398031,
        0.946634449006242,
        1.167425652048654,
        0.7913757073628692,
        0.8299250027587323,
        0.9619681143682594,
        0.8903536330227078,
        0.9790897711881947,
        0.8858654824866045,
        1.001752291268268,
        0.0,
        0.7828682220279634,
        0.9455858782052662,
        0.9068334680499558,
        1.2197879541384333,
        0.9103640783236346,
        0.9204659977757051,
        1.090309823033839,
        1.0550836604801748,
        0.8946410749910964,
        0.9289147716885681,
        0.8218166785002751,
        0.9249777836395625,
        0.9497918676408714,
        0.8946410749910964,
        1.102235668715069,
        0.8963226396652141,
        0.9372873908579078,
        0.8770020827006196,
        0.9538121686481172,
        0.9809877767539154,
        0.9514690574826586,
        0.9860312637341803,
        0.9619681143682594,
        0.9455858782052662,
        1.1265578782562502,
        0.9538121686481172,
        0.9538121686481172,
        0.970055489681505,
        1.09846832137355,
        0.9180377810019252,
        0.9455858782052662,
        0.9939228607196962,
        0.8851652804398426,
        0.9720323753741489,
        0.9624836188493225,
        0.9037760920105133,
        0.8846047197500597,
        0.9372873908579078,
        0.9916745269224871
    ],
    [
        1.1241493382526528,
        0.9071475440448851,
        1.0532687216470449,
        0.7905694150420949,
        0.9013878188659973,
        0.875,
        0.8569568250501305,
        1.0728660991319776,
        0.7288689868556626,
        0.9682458365518543,
        0.7828682220279634,
        0.0,
        0.75,
        0.8649421946003097,
        1.224744871391589,
        0.7885500773507006,
        0.8569568250501305,
        1.1319231422671772,
        1.0383279828647594,
        0.875,
        0.960143218483576,
        0.81967981553775,
        0.9851325347947408,
        0.9185586535436918,
        0.82915619758885,
        1.0307764064044151,
        0.8175590362645243,
        0.8926785535678563,
        0.875,
        0.875,
        0.9013878188659973,
        1.0680004681646913,
        0.7603453162872774,
        0.8569568250501305,
        0.81967981553775,
        1.0825317547305484,
        0.8838834764831844,
        0.8385254915624212,
        0.9100137361600648,
        0.9842509842514764,
        1.0,
        0.8838834764831844,
        0.9921567416492215,
        0.9363418772601764,
        0.8374067112222114,
        0.9798313346920706,
        0.9205976319760985,
        0.8569568250501305,
        0.8569568250501305,
        1.0606601717798212
    ],
    [
        1.1542401865137366,
        0.982485510212633,
        0.9842509842514764,
        0.8926785535678563,
        0.875,
        0.7905694150420949,
        0.8385254915624212,
        0.9251501379656049,
        0.81967981553775,
        0.8838834764831844,
        0.9455858782052662,
        0.75,
        0.0,
        0.9317322576792112,
        1.2183492931011204,
        0.8413727849564104,
        0.8003905296791061,
        1.1388041973930374,
        0.9762812094883317,
        0.9519716382329886,
        0.9437293044088437,
        0.770551750371122,
        1.0833333333333333,
        0.9185586535436918,
        0.81967981553775,
        0.960143218483576,
        0.8690272339422589,
        0.875,
        0.8385254915624212,
        0.8926785535678563,
        0.9109671295448103,
        1.2054563451241194,
        0.8003905296791061,
        0.8477912478906585,
        0.8003905296791061,
        1.0968705484240153,
        0.82915619758885,
        0.8477912478906585,
        0.9437293044088437,
        0.9185586535436918,
        1.0231690964840563,
        0.82915619758885,
        0.9762812094883317,
        1.0008676791220261,
        0.7660776723022281,
        0.9391189724653871,
        0.9034655499796326,
        0.9354143466934853,
        0.8477912478906585,
        1.0
    ],
    [
        1.0013129136390924,
        0.9020039418489871,
        1.0437312872574052,
        0.8212033852828421,
        0.9113863066779092,
        0.9233092656309694,
        0.9243240773668076,
        1.158183443539446,
        0.8250000000000001,
        1.0644834428021885,
        0.9068334680499558,
        0.8649421946003097,
        0.9317322576792112,
        0.0,
        1.2216791722870617,
        0.7500510186728934,
        0.8975661535508122,
        1.2757350822173072,
        1.0793516572461452,
        0.9317322576792112,
        1.0121141239998581,
        0.8888194417315589,
        0.9609384880302057,
        0.9313968005098578,
        0.8620469824783334,
        1.1426394882026438,
        0.7639444424243894,
        0.95524865872714,
        0.9076067430335674,
        0.8799857953399021,
        0.9932410471671909,
        0.854766049863938,
        0.7862092596758194,
        0.9062284480195929,
        0.8154753215150046,
        1.1098986440211558,
        0.8344159634139319,
        1.0121141239998581,
        1.0647769719523428,
        1.1299889379989523,
        1.021334910790775,
        0.972753822917186,
        0.9400797838481583,
        0.9375648125744577,
        0.875,
        0.9757831612493515,
        0.8620469824783334,
        0.9017344398435717,
        0.8968695557326049,
        0.9500000000000001
    ],
    [
        1.6760048767646156,
        1.1426091000668406,
        1.6817030058842137,
        1.3806701271484076,
        1.2119199643540823,
        1.1858541225631423,
        1.3635890143294642,
        1.2754356554178305,
        1.231107225224513,
        1.243734296383275,
        1.2197879541384333,
        1.224744871391589,
        1.2183492931011204,
        1.2216791722870617,
        0.0,
        1.2766296108367947,
        1.1858541225631423,
        1.192424001771182,
        1.2054563451241194,
        1.192424001771182,
        1.103970108290981,
        1.1989578808281798,
        1.3469358229370512,
        1.1388041973930374,
        1.25,
        1.2686114456365274,
        1.2795127110653406,
        1.1110243021644486,
        1.352081728298996,
        1.1989578808281798,
        1.464273615900465,
        1.4947825928876748,
        1.346291201783626,
        1.4361406616345072,
        1.3975424859373686,
        1.2747548783981961,
        1.286953767623375,
        1.2808688457449497,
        1.192424001771182,
        1.2183492931011204,
        1.334634781503914,
        1.1858541225631423,
        1.299038105676658,
        1.2254534308210618,
        1.3493053768513634,
        1.4654587829224146,
        1.475211849193193,
        1.2119199643540823,
        1.1858541225631423,
        1.5612494995995996
    ],
    [
        1.0659083986373852,
        1.0088539444236406,
        0.9626308551388253,
        0.8075299324710723,
        0.8682318415102298,
        0.8415622619962985,
        0.8225923433057872,
        1.031051353436887,
        0.753393682490321,
        0.9866778416815217,
        0.9103640783236346,
        0.7885500773507006,
        0.8413727849564104,
        0.7500510186728934,
        1.2766296108367947,
        0.0,
        0.794592695045964,
        1.2166468640639874,
        0.9945643082603086,
        0.820068750228931,
        0.9626308551388253,
        0.8320355540872675,
        0.9166086870965008,
        0.9626308551388253,
        0.773649250801231,
        0.9787278290031944,
        0.8974485122833211,
        0.9761178834797464,
        0.8687825753692958,
        0.8130394598451579,
        0.8778702518814053,
        1.0618620533798933,
        0.8225923433057872,
        0.9215047033886192,
        0.8130394598451579,
        1.0847387534633885,
        0.8033729913715709,
        0.9462600928208408,
        1.0330939760086233,
        1.0847387534633885,
        0.9703841549423947,
        0.9211585983234951,
        0.9787278290031944,
        1.0039427658474889,
        0.8123017811586217,
        0.9646898036330435,
        0.8499249666762307,
        0.8903536330227078,
        0.8687825753692958,
        0.8941062690800032
    ],
    [
        1.2059852860645033,
        0.9081039465709737,
        1.1388041973930374,
        0.875,
        0.8926785535678563,
        0.875,
        0.9762812094883317,
        1.0809268142560706,
        0.82915619758885,
        0.9762812094883317,
        0.9204659977757051,
        0.8569568250501305,
        0.8003905296791061,
        0.8975661535508122,
        1.1858541225631423,
        0.794592695045964,
        0.0,
        1.1858541225631423,
        1.0752906583803283,
        0.9100137361600648,
        0.9682458365518543,
        0.8660254037844386,
        1.0833333333333333,
        0.9013878188659973,
        0.8926785535678563,
        1.0458250331675945,
        0.845740963757685,
        0.9270248108869579,
        0.9437293044088437,
        0.8385254915624212,
        1.0614782669047498,
        1.1989578808281798,
        0.82915619758885,
        0.9921567416492215,
        0.9100137361600648,
        1.0307764064044151,
        0.8660254037844386,
        0.9682458365518543,
        0.9270248108869579,
        0.960143218483576,
        1.0606601717798212,
        0.8569568250501305,
        1.0231690964840563,
        1.0008676791220261,
        0.8799857953399021,
        1.07124667768187,
        0.9701803955966127,
        0.9519716382329886,
        0.8385254915624212,
        1.0752906583803283
    ],
    [
        1.491472358415793,
        1.182188413259259,
        1.5103807466993215,
        1.286953767623375,
        1.1110243021644486,
        1.2054563451241194,
        1.1989578808281798,
        1.0565601944254972,
        1.2183492931011204,
        1.118033988749895,
        1.090309823033839,
        1.1319231422671772,
        1.1388041973930374,
        1.2757350822173072,
        1.192424001771182,
        1.2166468640639874,
        1.1858541225631423,
        0.0,
        1.0968705484240153,
        1.1319231422671772,
        1.0458250331675945,
        1.14564392373896,
        1.182188413259259,
        1.1319231422671772,
        1.1858541225631423,
        1.14564392373896,
        1.1807189429420628,
        1.103970108290981,
        1.1858541225631423,
        1.14564392373896,
        1.2090515107122424,
        1.3693063937629153,
        1.3228756555322954,
        1.4737282653189494,
        1.2686114456365274,
        1.118033988749895,
        1.2930100540985752,
        1.1524430571616109,
        1.1792476415070754,
        1.1792476415070754,
        1.1524430571616109,
        1.118033988749895,
        1.1388041973930374,
        1.1486707293408518,
        1.2509996003196804,
        1.2126360175712707,
        1.2462443580614517,
        1.1726039399558574,
        1.1858541225631423,
        1.346291201783626
    ],
    [
        1.306869604537999,
        1.1909671606630376,
        1.231107225224513,
        1.1524430571616109,
        1.015504800579495,
        1.0458250331675945,
        0.8660254037844386,
        0.9745012969605417,
        1.0532687216470449,
        0.9519716382329886,
        1.0550836604801748,
        1.0383279828647594,
        0.9762812094883317,
        1.0793516572461452,
        1.2054563451241194,
        0.9945643082603086,
        1.0752906583803283,
        1.0968705484240153,
        0.0,
        1.015504800579495,
        0.8569568250501305,
        0.960143218483576,
        1.0086432030758503,
        0.81967981553775,
        1.0680004681646913,
        0.9437293044088437,
        1.0214708893442719,
        1.118033988749895,
        1.015504800579495,
        0.9100137361600648,
        1.0752906583803286,
        1.2624381172952597,
        1.0606601717798212,
        1.1858541225631423,
        1.0532687216470449,
        1.0458250331675945,
        0.9762812094883317,
        1.0383279828647594,
        1.0383279828647594,
        1.192424001771182,
        1.0968705484240153,
        0.9762812094883317,
        0.9013878188659973,
        1.024017143953709,
        1.114955156048888,
        1.233924407913404,
        1.0781929326423914,
        1.0606601717798212,
        1.0383279828647594,
        1.25
    ],
    [
        1.215335680512397,
        1.0516191220103301,
        1.1319231422671772,
        0.9762812094883317,
        0.8660254037844386,
        0.9185586535436918,
        0.960143218483576,
        1.0017346066809423,
        0.8660254037844386,
        0.9437293044088437,
        0.8946410749910964,
        0.875,
        0.9519716382329886,
        0.9317322576792112,
        1.192424001771182,
        0.820068750228931,
        0.9100137361600648,
        1.1319231422671772,
        1.015504800579495,
        0.0,
        0.9100137361600648,
        0.8477912478906585,
        1.024017143953709,
        0.8838834764831844,
        0.9185586535436918,
        1.0,
        0.9583333333333334,
        0.9013878188659973,
        0.8838834764831844,
        0.7806247497997998,
        1.0120798167909266,
        1.224744871391589,
        0.9842509842514764,
        1.0383279828647594,
        0.9682458365518543,
        1.0077822185373186,
        0.875,
        0.9185586535436918,
        0.9519716382329886,
        1.0458250331675945,
        1.0458250331675945,
        0.82915619758885,
        0.9762812094883317,
        1.0008676791220261,
        0.9317322576792112,
        1.0857345183996154,
        1.0096410253154338,
        0.9682458365518543,
        0.9270248108869579,
        1.0752906583803283
    ],
    [
        1.2616801237611206,
        1.0590220855949029,
        1.192424001771182,
        1.0825317547305484,
        0.8926785535678563,
        0.9682458365518543,
        0.9185586535436918,
        0.932626220233308,
        1.0,
        0.9682458365518543,
        0.9289147716885681,
        0.960143218483576,
        0.9437293044088437,
        1.0121141239998581,
        1.103970108290981,
        0.9626308551388253,
        0.9682458365518543,
        1.0458250331675945,
        0.8569568250501305,
        0.9100137361600648,
        0.0,
        0.8660254037844386,
        1.0086432030758503,
        0.9270248108869579,
        0.9013878188659973,
        0.960143218483576,
        0.9851325347947408,
        0.9013878188659973,
        0.9519716382329886,
        0.875,
        1.0680004681646913,
        1.231107225224513,
        1.0825317547305484,
        1.1110243021644486,
        1.015504800579495,
        1.0077822185373186,
        0.9270248108869579,
        0.9921567416492215,
        0.9437293044088437,
        0.9842509842514764,
        0.9921567416492215,
        0.9185586535436918,
        0.8926785535678563,
        1.0008676791220261,
        1.0793516572461452,
        1.162193806748446,
        1.1056672193747992,
        0.9437293044088437,
        0.960143218483576,
        1.1792476415070754
    ],
    [
        1.10483630701843,
        1.006058038970803,
        1.0383279828647594,
        0.8569568250501305,
        0.875,
        0.9013878188659973,
        0.7905694150420949,
        0.950146187582615,
        0.8003905296791061,
        0.9437293044088437,
        0.8218166785002751,
        0.81967981553775,
        0.770551750371122,
        0.8888194417315589,
        1.1989578808281798,
        0.8320355540872675,
        0.8660254037844386,
        1.14564392373896,
        0.960143218483576,
        0.8477912478906585,
        0.8660254037844386,
        0.0,
        1.0316182002616623,
        0.9013878188659973,
        0.7806247497997998,
        0.9270248108869579,
        0.9251501379656049,
        0.875,
        0.81967981553775,
        0.770551750371122,
        0.9771699499632145,
        1.118033988749895,
        0.875,
        0.9185586535436918,
        0.8100925873009825,
        0.9842509842514764,
        0.8003905296791061,
        0.8385254915624212,
        0.875,
        1.0231690964840563,
        0.960143218483576,
        0.9185586535436918,
        0.9013878188659973,
        0.9363418772601764,
        0.9062284480195929,
        1.0491398593345145,
        0.9205976319760985,
        0.9013878188659973,
        0.9354143466934853,
        1.0231690964840563
    ],
    [
        1.0102752986876014,
        1.2104865871944959,
        0.9109671295448103,
        0.8965597829729172,
        0.8518770125108697,
        1.0086432030758503,
        0.8759915017345267,
        0.9565200236040831,
        0.927960727138337,
        1.0391636594449938,
        0.9249777836395625,
        0.9851325347947408,
        1.0833333333333333,
        0.9609384880302057,
        1.3469358229370512,
        0.9166086870965008,
        1.0833333333333333,
        1.182188413259259,
        1.0086432030758503,
        1.024017143953709,
        1.0086432030758503,
        1.0316182002616623,
        0.0,
        0.961046882889233,
        0.9446486707295528,
        1.0524442450262574,
        0.93355652093367,
        1.0008676791220261,
        0.8488145328109735,
        0.9195031871130797,
        0.8322910148099242,
        1.1777745020918808,
        0.952883052169106,
        0.952883052169106,
        0.9204467514322718,
        1.1188101318414627,
        0.9851325347947408,
        1.1464013743498005,
        1.2381381631753021,
        1.1799835215421914,
        0.9745012969605417,
        1.044994683665371,
        1.1188101318414627,
        0.9745012969605417,
        0.9193898943200202,
        1.0905210273585335,
        0.850040848691664,
        1.034139470499238,
        0.952883052169106,
        0.9166666666666666
    ],
    [
        1.27049524330684,
        1.0720566941890506,
        1.1388041973930374,
        1.0532687216470449,
        0.875,
        0.9013878188659973,
        0.9682458365518543,
        0.9483172230617535,
        0.9100137361600648,
        0.8838834764831844,
        0.9497918676408714,
        0.9185586535436918,
        0.9185586535436918,
        0.9313968005098578,
        1.1388041973930374,
        0.9626308551388253,
        0.9013878188659973,
        1.1319231422671772,
        0.81967981553775,
        0.8838834764831844,
        0.9270248108869579,
        0.9013878188659973,
        0.961046882889233,
        0.0,
        0.9437293044088437,
        0.9921567416492215,
        0.9664511253952668,
        0.8477912478906585,
        0.9185586535436918,
        0.875,
        1.0008676791220261,
        1.352081728298996,
        1.0383279828647594,
        1.0532687216470449,
        0.9842509842514764,
        0.9762812094883317,
        0.9185586535436918,
        0.82915619758885,
        0.9921567416492215,
        1.0458250331675945,
        1.0077822185373186,
        0.9519716382329886,
        0.9682458365518543,
        0.9691419458010839,
        0.925675429078681,
        1.1211353372561426,
        1.054454835448157,
        0.9437293044088437,
        0.9437293044088437,
        1.1388041973930374
    ],
    [
        1.0296930888098925,
        1.006058038970803,
        0.9100137361600648,
        0.8569568250501305,
        0.8569568250501305,
        0.875,
        0.7806247497997998,
        0.9745012969605417,
        0.8003905296791061,
        0.9185586535436918,
        0.8946410749910964,
        0.82915619758885,
        0.81967981553775,
        0.8620469824783334,
        1.25,
        0.773649250801231,
        0.8926785535678563,
        1.1858541225631423,
        1.0680004681646913,
        0.9185586535436918,
        0.9013878188659973,
        0.7806247497997998,
        0.9446486707295528,
        0.9437293044088437,
        0.0,
        0.9842509842514764,
        0.8829008375173789,
        0.9013878188659973,
        0.7806247497997998,
        0.8660254037844386,
        0.8936504412303007,
        1.2183492931011204,
        0.739509972887452,
        0.739509972887452,
        0.739509972887452,
        1.159202311936963,
        0.649519052838329,
        0.8385254915624212,
        0.9270248108869579,
        0.9682458365518543,
        0.9762812094883317,
        0.8926785535678563,
        0.9354143466934853,
        1.0008676791220261,
        0.796084166404533,
        1.0416666666666667,
        0.8860022573334675,
        0.7905694150420949,
        0.8003905296791061,
        0.9013878188659973
    ],
    [
        1.4487415369265584,
        1.2169234888758527,
        1.2808688457449497,
        1.1858541225631423,
        1.0,
        1.0606601717798212,
        1.0383279828647594,
        0.9166666666666666,
        1.0231690964840563,
        1.0606601717798212,
        1.102235668715069,
        1.0307764064044151,
        0.960143218483576,
        1.1426394882026438,
        1.2686114456365274,
        0.9787278290031944,
        1.0458250331675945,
        1.14564392373896,
        0.9437293044088437,
        1.0,
        0.960143218483576,
        0.9270248108869579,
        1.0524442450262574,
        0.9921567416492215,
        0.9842509842514764,
        0.0,
        1.059841445164742,
        1.0458250331675945,
        1.0307764064044151,
        0.9437293044088437,
        1.1326897682556822,
        1.3975424859373686,
        1.118033988749895,
        1.192424001771182,
        1.103970108290981,
        1.015504800579495,
        0.9842509842514764,
        1.1110243021644486,
        1.0606601717798212,
        1.159202311936963,
        1.0383279828647594,
        0.9842509842514764,
        1.0383279828647594,
        1.0416666666666667,
        1.0865656906050365,
        1.2211959074794039,
        1.1645814698852117,
        1.0897247358851685,
        1.0458250331675945,
        1.2054563451241194
    ],
    [
        1.0250027653300458,
        0.9510593508761108,
        0.9982623792259117,
        0.8143675119038359,
        0.9157192073264964,
        0.9157192073264964,
        0.8457409637576849,
        1.0728660991319778,
        0.816496580927726,
        1.0214708893442719,
        0.8963226396652141,
        0.8175590362645243,
        0.8690272339422589,
        0.7639444424243894,
        1.2795127110653406,
        0.8974485122833211,
        0.845740963757685,
        1.1807189429420628,
        1.0214708893442719,
        0.9583333333333334,
        0.9851325347947408,
        0.9251501379656049,
        0.93355652093367,
        0.9664511253952668,
        0.8829008375173789,
        1.059841445164742,
        0.0,
        0.9982623792259117,
        0.8640183897219884,
        0.9381941874331419,
        0.8640183897219884,
        0.9673488971869917,
        0.773923984208613,
        0.8270597183866337,
        0.7960405489392833,
        1.107894650025694,
        0.8620067027323833,
        0.969141945801084,
        0.9446486707295529,
        1.1441275181454984,
        1.0086432030758503,
        0.9510593508761106,
        1.039998664529057,
        0.9344858955002419,
        0.8038103701191663,
        0.9904053603337261,
        0.8515100965017646,
        0.8878031563609382,
        0.8312473893025001,
        0.9851325347947408
    ],
    [
        1.1327679662252645,
        1.0358169078880044,
        1.0532687216470449,
        0.9762812094883317,
        0.82915619758885,
        0.9185586535436918,
        0.9682458365518543,
        0.9798313346920707,
        0.875,
        0.9185586535436918,
        0.9372873908579078,
        0.8926785535678563,
        0.875,
        0.95524865872714,
        1.1110243021644486,
        0.9761178834797464,
        0.9270248108869579,
        1.103970108290981,
        1.118033988749895,
        0.9013878188659973,
        0.9013878188659973,
        0.875,
        1.0008676791220261,
        0.8477912478906585,
        0.9013878188659973,
        1.0458250331675945,
        0.9982623792259117,
        0.0,
        0.8477912478906585,
        0.9013878188659973,
        0.9930312739844155,
        1.286953767623375,
        0.9437293044088437,
        0.9354143466934853,
        0.9185586535436918,
        1.1319231422671772,
        0.9013878188659973,
        0.8385254915624212,
        0.960143218483576,
        0.9842509842514764,
        1.0307764064044151,
        0.9185586535436918,
        1.0458250331675945,
        0.9851325347947408,
        0.95524865872714,
        1.0785149254620654,
        1.0250000000000001,
        0.9682458365518543,
        0.9270248108869579,
        1.0825317547305484
    ],
    [
        0.9857078157137559,
        1.1125858269015574,
        0.8838834764831844,
        0.9100137361600648,
        0.9013878188659973,
        0.875,
        0.7288689868556626,
        0.9372684899334993,
        0.8100925873009825,
        0.9185586535436918,
        0.8770020827006196,
        0.875,
        0.8385254915624212,
        0.9076067430335674,
        1.352081728298996,
        0.8687825753692958,
        0.9437293044088437,
        1.1858541225631423,
        1.015504800579495,
        0.8838834764831844,
        0.9519716382329886,
        0.81967981553775,
        0.8488145328109735,
        0.9185586535436918,
        0.7806247497997998,
        1.0307764064044151,
        0.8640183897219884,
        0.8477912478906585,
        0.0,
        0.81967981553775,
        0.8057949835755716,
        1.1110243021644486,
        0.82915619758885,
        0.7905694150420949,
        0.6959705453537527,
        1.0897247358851685,
        0.7288689868556626,
        0.81967981553775,
        0.9842509842514764,
        1.0458250331675945,
        0.9842509842514764,
        0.9270248108869579,
        0.8926785535678563,
        0.9691419458010839,
        0.852936105461599,
        0.9877724659274749,
        0.8771402396424417,
        0.9437293044088437,
        0.8838834764831844,
        0.9354143466934853
    ],
    [
        1.049781318335648,
        1.0214708893442719,
        0.9519716382329886,
        0.9013878188659973,
        0.8660254037844386,
        0.9682458365518543,
        0.8100925873009825,
        0.9251501379656049,
        0.8385254915624212,
        0.9921567416492215,
        0.9538121686481172,
        0.875,
        0.8926785535678563,
        0.8799857953399021,
        1.1989578808281798,
        0.8130394598451579,
        0.8385254915624212,
        1.14564392373896,
        0.9100137361600648,
        0.7806247497997998,
        0.875,
