[
    [
        0.0,
        0.16682934768798924,
        0.17399263633843817,
        0.2013140426050801,
        0.11048543456039805,
        0.17608480733726006,
        0.3159960690024482,
        0.13799626353637262,
        0.125,
        0.09882117688026186,
        0.09375,
        0.1316585902058806,
        0.15857643070456592,
        0.1711632992203644,
        0.14490028899212037,
        0.17328963291264715,
        0.2821167200823092,
        0.3255104164999947,
        0.09882117688026186,
        0.24407030237208294,
        0.10364452469860624,
        0.34837482308730505,
        0.20372507516258279,
        0.20432338797846908,
        0.30055287596361474,
        0.15546678704790937,
        0.14740595518838442,
        0.19702375332685143,
        0.17044862679118303,
        0.17876044064302618,
        0.2509746625657658,
        0.16828640022295324,
        0.23333100817293873,
        0.16312978920172735,
        0.3511282039725661,
        0.12979099785809492,
        0.11587810136086973,
        0.11481983169296148,
        0.14905300022139775,
        0.15068204314051492,
        0.13621559198564606,
        0.26836818808308854,
        0.13329670720905964,
        0.2072890493972125,
        0.1570293065800139,
        0.14235052467412967,
        0.125,
        0.15068204314051492,
        0.21930732574403436
    ],
    [
        0.16682934768798924,
        0.0,
        0.15467960838455727,
        0.20009763241977652,
        0.14235052467412967,
        0.15625,
        0.30378472023786846,
        0.13258252147247765,
        0.21194781197266463,
        0.1788362990978062,
        0.13621559198564606,
        0.13799626353637262,
        0.13887803777055607,
        0.275106513463422,
        0.15309310892394862,
        0.19640320453088336,
        0.45204612942154476,
        0.34161267357930386,
        0.19825902406952375,
        0.2609889545076573,
        0.1926379375927805,
        0.29856063849930237,
        0.16828640022295324,
        0.14574029770451274,
        0.33071891388307384,
        0.13258252147247765,
        0.1690102160373745,
        0.15780476466190746,
        0.17328963291264715,
        0.183404342308948,
        0.23747943989954162,
        0.13441133229754104,
        0.109375,
        0.10825317547305482,
        0.3899994991983964,
        0.1307281291459493,
        0.14149039278339715,
        0.1801962905417312,
        0.14574029770451274,
        0.184877493221863,
        0.1801962905417312,
        0.28341183042526646,
        0.21008379198019483,
        0.1137517170200081,
        0.13975424859373686,
        0.18619336387207788,
        0.19008632907181935,
        0.16237976320958225,
        0.071602745233685
    ],
    [
        0.17399263633843817,
        0.15467960838455727,
        0.0,
        0.25146057717861064,
        0.19390115071860714,
        0.25048780534189685,
        0.4281934251888975,
        0.16461958988832404,
        0.1887975933374152,
        0.18288593610499415,
        0.140625,
        0.19825902406952375,
        0.18684782411095935,
        0.2628531850196988,
        0.19452968121857395,
        0.1795175827043134,
        0.4435959239555747,
        0.409839907768875,
        0.2072890493972125,
        0.3486861500690843,
        0.14657549249448218,
        0.4035702214127191,
        0.2768757054167086,
        0.234375,
        0.3486861500690843,
        0.2125229766989913,
        0.2405438174740727,
        0.2755498763835687,
        0.20432338797846908,
        0.20950193084498714,
        0.29022149407822984,
        0.15309310892394862,
        0.1335000585205864,
        0.17258376589355096,
        0.44633927678392815,
        0.1616262567623219,
        0.184877493221863,
        0.20432338797846908,
        0.1907274314958391,
        0.203125,
        0.22534695471649932,
        0.36073113689422487,
        0.24194936769451944,
        0.14574029770451274,
        0.11899645477912357,
        0.14320549046737,
        0.1795175827043134,
        0.2159417962669571,
        0.18288593610499415
    ],
    [
        0.2013140426050801,
        0.20009763241977652,
        0.25146057717861064,
        0.0,
        0.13799626353637262,
        0.2209708691207961,
        0.22041774968227945,
        0.17044862679118303,
        0.19452968121857395,
        0.1608692209529219,
        0.20669932117692114,
        0.20432338797846908,
        0.15625,
        0.16010860571811872,
        0.10597390598633231,
        0.18553659510996745,
        0.301768873684812,
        0.28598445652692384,
        0.18619336387207788,
        0.16682934768798924,
        0.213096589015404,
        0.20359187797595898,
        0.10711960313126631,
        0.1269381000724369,
        0.22534695471649932,
        0.19578068884596356,
        0.1288470508005519,
        0.2125229766989913,
        0.10481568644530265,
        0.28360319562629127,
        0.31444705933590794,
        0.19825902406952375,
        0.23644915547533682,
        0.1788362990978062,
        0.23385358667337133,
        0.16237976320958225,
        0.21137108216357317,
        0.18421603316486868,
        0.12789613706050704,
        0.23385358667337133,
        0.14740595518838442,
        0.26972932033800107,
        0.18843804703255776,
        0.17044862679118303,
        0.2348952559120767,
        0.2557922741210141,
        0.19640320453088336,
        0.1137517170200081,
        0.13799626353637262
    ],
    [
        0.11048543456039805,
        0.14235052467412967,
        0.19390115071860714,
        0.13799626353637262,
        0.0,
        0.1690102160373745,
        0.23175620272173947,
        0.1269381000724369,
        0.14320549046737,
        0.1269381000724369,
        0.12203515118604147,
        0.13258252147247765,
        0.1137517170200081,
        0.203125,
        0.10597390598633231,
        0.17258376589355096,
        0.31638213642682167,
        0.30257682392245444,
        0.1335000585205864,
        0.21423920626253262,
        0.17469281074217108,
        0.2344328632276437,
        0.12401959270615269,
        0.13441133229754104,
        0.25958199571618984,
        0.13531646934131855,
        0.13887803777055607,
        0.14740595518838442,
        0.13258252147247765,
        0.19313016893478288,
        0.25146057717861064,
        0.14235052467412967,
        0.18814991529362962,
        0.14574029770451274,
        0.3045873232752801,
        0.11587810136086973,
        0.12597277731716483,
        0.12789613706050704,
        0.12597277731716483,
        0.1335000585205864,
        0.13799626353637262,
        0.24105075969596113,
        0.13956001048931524,
        0.14986973510352247,
        0.1608692209529219,
        0.18944305707784595,
        0.1514899955442603,
        0.08118988160479113,
        0.1316585902058806
    ],
    [
        0.17608480733726006,
        0.15625,
        0.25048780534189685,
        0.2209708691207961,
        0.1690102160373745,
        0.0,
        0.1781524101717403,
        0.1801962905417312,
        0.1616262567623219,
        0.12303137303143455,
        0.15857643070456592,
        0.10481568644530265,
        0.1795175827043134,
        0.1988737822087165,
        0.20070675904164265,
        0.2415566380271923,
        0.13975424859373686,
        0.20070675904164265,
        0.14490028899212037,
        0.13975424859373686,
        0.1616262567623219,
        0.2586922070455759,
        0.140625,
        0.14905300022139775,
        0.24356964481437338,
        0.12597277731716483,
        0.13887803777055607,
        0.0855816496101822,
        0.1570293065800139,
        0.13237776069936288,
        0.10825317547305482,
        0.1887975933374152,
        0.23175620272173947,
        0.14823176532039278,
        0.24655834121967968,
        0.15467960838455727,
        0.14149039278339715,
        0.15934435979977452,
        0.19327057620082783,
        0.12979099785809492,
        0.15388840315306412,
        0.13710881855300192,
        0.12863634411696323,
        0.21650635094610965,
        0.20551478809321727,
        0.2159417962669571,
        0.15625,
        0.18154609435347266,
        0.16010860571811872
    ],
    [
        0.3159960690024482,
        0.30378472023786846,
        0.4281934251888975,
        0.22041774968227945,
        0.23175620272173947,
        0.1781524101717403,
        0.0,
        0.2773162398327945,
        0.20787710461953235,
        0.20551478809321727,
        0.3128903811640748,
        0.22803936748947537,
        0.297285899850632,
        0.1926379375927805,
        0.25291271962872885,
        0.3458741190809165,
        0.16010860571811872,
        0.15625,
        0.22480460265528374,
        0.07654655446197431,
        0.27198273727389394,
        0.213223848858945,
        0.15625,
        0.1887975933374152,
        0.1795175827043134,
        0.23228232417685166,
        0.19640320453088336,
        0.10481568644530265,
        0.19825902406952375,
        0.3001916343956159,
        0.29646353064078557,
        0.31792171795899693,
        0.41221581119602874,
        0.25291271962872885,
        0.19515618744994995,
        0.24754655496491967,
        0.26005182776708186,
        0.24754655496491967,
        0.2706329386826371,
        0.19640320453088336,
        0.22041774968227945,
        0.12979099785809492,
        0.2131602284341784,
        0.34938562148434216,
        0.3497348325874905,
        0.3753253796707598,
        0.2647042866577721,
        0.26608416196760004,
        0.22480460265528374
    ],
    [
        0.13799626353637262,
        0.13258252147247765,
        0.16461958988832404,
        0.17044862679118303,
        0.1269381000724369,
        0.1801962905417312,
        0.2773162398327945,
        0.0,
        0.15388840315306412,
        0.13975424859373686,
        0.1335000585205864,
        0.13710881855300192,
        0.13258252147247765,
        0.18288593610499415,
        0.13531646934131855,
        0.13887803777055607,
        0.3843241836327764,
        0.3125,
        0.15780476466190746,
        0.2312288841710741,
        0.1335000585205864,
        0.2792657628844689,
        0.14149039278339715,
        0.17258376589355096,
        0.2914805954090255,
        0.1514899955442603,
        0.1269381000724369,
        0.19136638615493579,
        0.13975424859373686,
        0.18626619523174653,
        0.25242960033442985,
        0.11048543456039805,
        0.1690102160373745,
        0.10364452469860624,
        0.34938562148434216,
        0.0855816496101822,
        0.12789613706050704,
        0.12303137303143455,
        0.09504316453590968,
        0.18553659510996745,
        0.120017902310447,
        0.271083618326523,
        0.15866193970549808,
        0.1335000585205864,
        0.10004881620988826,
        0.19327057620082783,
        0.14740595518838442,
        0.14740595518838442,
        0.12979099785809492
    ],
    [
        0.125,
        0.21194781197266463,
        0.1887975933374152,
        0.19452968121857395,
        0.14320549046737,
        0.1616262567623219,
        0.20787710461953235,
        0.15388840315306412,
        0.0,
        0.12597277731716483,
        0.12103072956898178,
        0.14657549249448218,
        0.184877493221863,
        0.14823176532039278,
        0.1514899955442603,
        0.171875,
        0.2609889545076573,
        0.28081563680642857,
        0.1269381000724369,
        0.19390115071860714,
        0.09375,
        0.2881578373671469,
        0.16237976320958225,
        0.19136638615493579,
        0.25291271962872885,
        0.1616262567623219,
        0.13799626353637262,
        0.1801962905417312,
        0.16010860571811872,
        0.1968860226191229,
        0.2548360379734389,
        0.1690102160373745,
        0.29933193844793776,
        0.16973094517500337,
        0.3175375223890871,
        0.13975424859373686,
        0.13887803777055607,
        0.11692679333668567,
        0.16387638252658618,
        0.10825317547305482,
        0.1616262567623219,
        0.24655834121967968,
        0.14887089508287968,
        0.240035804620894,
        0.15625,
        0.1137517170200081,
        0.14149039278339715,
        0.20009763241977652,
        0.20551478809321727
    ],
    [
        0.09882117688026186,
        0.1788362990978062,
        0.18288593610499415,
        0.1608692209529219,
        0.1269381000724369,
        0.12303137303143455,
        0.20551478809321727,
        0.13975424859373686,
        0.12597277731716483,
        0.0,
        0.11481983169296148,
        0.125,
        0.15229366163764005,
        0.14740595518838442,
        0.14905300022139775,
        0.17328963291264715,
        0.2395267143243108,
        0.27018150727797785,
        0.09757809372497497,
        0.1767766952966369,
        0.09757809372497497,
        0.2861741014128365,
        0.1316585902058806,
        0.16237976320958225,
        0.2415566380271923,
        0.14320549046737,
        0.11692679333668567,
        0.14149039278339715,
        0.14823176532039278,
        0.19522567514574282,
        0.20191949973937634,
        0.16010860571811872,
        0.2567449488305466,
        0.15857643070456592,
        0.30378472023786846,
        0.12103072956898178,
        0.13531646934131855,
        0.109375,
        0.13887803777055607,
        0.10711960313126631,
        0.120017902310447,
        0.21930732574403436,
        0.12895227503270779,
        0.21137108216357317,
        0.16755945773068137,
        0.14823176532039278,
        0.120017902310447,
        0.11692679333668567,
        0.15625
    ],
    [
        0.09375,
        0.13621559198564606,
        0.140625,
        0.20669932117692114,
        0.12203515118604147,
        0.15857643070456592,
        0.3128903811640748,
        0.1335000585205864,
        0.12103072956898178,
        0.11481983169296148,
        0.0,
        0.11158481919598204,
        0.13975424859373686,
        0.20432338797846908,
        0.14574029770451274,
        0.171875,
        0.2923169833417142,
        0.3029799910885206,
        0.14235052467412967,
        0.25958199571618984,
        0.10245997694221876,
        0.3131936745494356,
        0.1926379375927805,
        0.171875,
        0.2939826206597934,
        0.13975424859373686,
        0.17258376589355096,
        0.1801962905417312,
        0.14905300022139775,
        0.13926814538667642,
        0.2170694373351532,
        0.11899645477912357,
        0.1570293065800139,
        0.1514899955442603,
        0.32923917977664807,
        0.13441133229754104,
        0.120017902310447,
        0.11048543456039805,
        0.15309310892394862,
        0.12401959270615269,
        0.11587810136086973,
        0.24206145913796356,
        0.14187331741537745,
        0.1570293065800139,
        0.13799626353637262,
        0.125,
        0.13887803777055607,
        0.15229366163764005,
        0.16682934768798924
    ],
    [
        0.1316585902058806,
        0.13799626353637262,
        0.19825902406952375,
        0.20432338797846908,
        0.13258252147247765,
        0.10481568644530265,
        0.22803936748947537,
        0.13710881855300192,
        0.14657549249448218,
        0.125,
        0.11158481919598204,
        0.0,
        0.11796616305110547,
        0.1887975933374152,
        0.1753901900050285,
        0.18684782411095935,
        0.24705294220065463,
        0.23175620272173947,
        0.13975424859373686,
        0.18553659510996745,
        0.14235052467412967,
        0.26228496483362856,
        0.14490028899212037,
        0.14986973510352247,
        0.26378035962709584,
        0.08414320011147662,
        0.125,
        0.11481983169296148,
        0.1316585902058806,
        0.11842517709272994,
        0.16973094517500337,
        0.10711960313126631,
        0.17258376589355096,
        0.1137517170200081,
        0.30935921676911454,
        0.120017902310447,
        0.08118988160479113,
        0.11267347735824966,
        0.14740595518838442,
        0.11899645477912357,
        0.1269381000724369,
        0.184877493221863,
        0.13750394565045923,
        0.14905300022139775,
        0.15625,
        0.18619336387207788,
        0.12789613706050704,
        0.14149039278339715,
        0.13799626353637262
    ],
    [
        0.15857643070456592,
        0.13887803777055607,
        0.18684782411095935,
        0.15625,
        0.1137517170200081,
        0.1795175827043134,
        0.297285899850632,
        0.13258252147247765,
        0.184877493221863,
        0.15229366163764005,
        0.13975424859373686,
        0.11796616305110547,
        0.0,
        0.1926379375927805,
        0.13975424859373686,
        0.1288470508005519,
        0.3657718722099883,
        0.3159960690024482,
        0.1660960283239789,
        0.2395267143243108,
        0.16387638252658618,
        0.24228548645027095,
        0.14574029770451274,
        0.1288470508005519,
        0.24556615071096424,
        0.12979099785809492,
        0.140625,
        0.1887975933374152,
        0.13975424859373686,
        0.19235609700645195,
        0.25048780534189685,
        0.12597277731716483,
        0.15068204314051492,
        0.14490028899212037,
        0.3125,
        0.12979099785809492,
        0.14657549249448218,
        0.12979099785809492,
        0.10597390598633231,
        0.19764235376052372,
        0.140625,
        0.25626905416963636,
        0.14330017179372506,
        0.1335000585205864,
        0.14905300022139775,
        0.21079277442550065,
        0.13799626353637262,
        0.12203515118604147,
        0.14320549046737
    ],
    [
        0.1711632992203644,
        0.275106513463422,
        0.2628531850196988,
        0.16010860571811872,
        0.203125,
        0.1988737822087165,
        0.1926379375927805,
        0.18288593610499415,
        0.14823176532039278,
        0.14740595518838442,
        0.20432338797846908,
        0.1887975933374152,
        0.1926379375927805,
        0.0,
        0.1711632992203644,
        0.19825902406952375,
        0.2881107642904027,
        0.2728788936964528,
        0.16461958988832404,
        0.16312978920172735,
        0.17399263633843817,
        0.2798479715002018,
        0.140625,
        0.1887975933374152,
        0.24105075969596113,
        0.19640320453088336,
        0.11267347735824966,
        0.19948664585630788,
        0.17399263633843817,
        0.2929195560549764,
        0.29022149407822984,
        0.225888004606265,
        0.363763960213213,
        0.20191949973937634,
        0.275106513463422,
        0.16312978920172735,
        0.20070675904164265,
        0.15309310892394862,
        0.15857643070456592,
        0.184877493221863,
        0.14490028899212037,
        0.2567449488305466,
        0.16860847975248588,
        0.2548360379734389,
        0.24407030237208294,
        0.24356964481437338,
        0.16755945773068137,
        0.18087245160609727,
        0.20070675904164265
    ],
    [
        0.14490028899212037,
        0.15309310892394862,
        0.19452968121857395,
        0.10597390598633231,
        0.10597390598633231,
        0.20070675904164265,
        0.25291271962872885,
        0.13531646934131855,
        0.1514899955442603,
        0.14905300022139775,
        0.14574029770451274,
        0.1753901900050285,
        0.13975424859373686,
        0.1711632992203644,
        0.0,
        0.14149039278339715,
        0.28254908312539256,
        0.3045873232752801,
        0.16010860571811872,
        0.19390115071860714,
        0.17328963291264715,
        0.24345824776083838,
        0.12979099785809492,
        0.13975424859373686,
        0.258639771206982,
        0.16973094517500337,
        0.11899645477912357,
        0.18814991529362962,
        0.09504316453590968,
        0.20872359280743624,
        0.2943975575221371,
        0.14149039278339715,
        0.18684782411095935,
        0.15467960838455727,
        0.2706329386826371,
        0.1307281291459493,
        0.140625,
        0.14574029770451274,
        0.10711960313126631,
        0.19327057620082783,
        0.120017902310447,
        0.271083618326523,
        0.15344708190266912,
        0.14405538214520136,
        0.17746588580625855,
        0.19390115071860714,
        0.16237976320958225,
        0.10825317547305482,
        0.1608692209529219
    ],
    [
        0.17328963291264715,
        0.19640320453088336,
        0.1795175827043134,
        0.18553659510996745,
        0.17258376589355096,
        0.2415566380271923,
        0.3458741190809165,
        0.13887803777055607,
        0.171875,
        0.17328963291264715,
        0.171875,
        0.18684782411095935,
        0.1288470508005519,
        0.19825902406952375,
        0.14149039278339715,
        0.0,
        0.37727176461405115,
        0.35869500885153116,
        0.1753901900050285,
        0.2724311839712921,
        0.15780476466190746,
        0.3276699887505381,
        0.20432338797846908,
        0.203125,
        0.3045873232752801,
        0.21137108216357317,
        0.1767766952966369,
        0.265625,
        0.14740595518838442,
        0.265625,
        0.31444705933590794,
        0.16461958988832404,
        0.214808235701055,
        0.21423920626253262,
        0.3640993811790951,
        0.1288470508005519,
        0.1767766952966369,
        0.14986973510352247,
        0.12103072956898178,
        0.22207297505549836,
        0.1616262567623219,
        0.3347544575879461,
        0.19667924571353337,
        0.1907274314958391,
        0.17399263633843817,
        0.1988737822087165,
        0.13621559198564606,
        0.1753901900050285,
        0.22642776165920997
    ],
    [
        0.2821167200823092,
        0.45204612942154476,
        0.4435959239555747,
        0.301768873684812,
        0.31638213642682167,
        0.13975424859373686,
        0.16010860571811872,
        0.3843241836327764,
        0.2609889545076573,
        0.2395267143243108,
        0.2923169833417142,
        0.24705294220065463,
        0.3657718722099883,
        0.2881107642904027,
        0.28254908312539256,
        0.37727176461405115,
        0.0,
        0.15388840315306412,
        0.24655834121967968,
        0.15229366163764005,
        0.28598445652692384,
        0.30992865722524665,
        0.25958199571618984,
        0.30095875444153475,
        0.21875,
        0.2786336640644845,
        0.2665425329567497,
        0.19452968121857395,
        0.2125229766989913,
        0.22648765526207187,
        0.3511282039725661,
        0.37434839220971683,
        0.5661772166247949,
        0.3661054535581244,
        0.2209708691207961,
        0.3462268719712553,
        0.26836818808308854,
        0.26836818808308854,
        0.3347544575879461,
        0.2390165396996618,
        0.2348952559120767,
        0.1316585902058806,
        0.21992492011163972,
        0.5019493251315316,
        0.40924377667839984,
        0.297285899850632,
        0.28427195935406646,
        0.338020432074749,
        0.3472829807952011
    ],
    [
        0.3255104164999947,
        0.34161267357930386,
        0.409839907768875,
        0.28598445652692384,
        0.30257682392245444,
        0.20070675904164265,
        0.15625,
        0.3125,
        0.28081563680642857,
        0.27018150727797785,
        0.3029799910885206,
        0.23175620272173947,
        0.3159960690024482,
        0.2728788936964528,
        0.3045873232752801,
        0.35869500885153116,
        0.15388840315306412,
        0.0,
        0.273772116686488,
        0.16973094517500337,
        0.3128903811640748,
        0.24093819804625785,
        0.23070036031614688,
        0.21930732574403436,
        0.1788362990978062,
        0.214808235701055,
        0.24951124097923924,
        0.1660960283239789,
        0.25048780534189685,
        0.27530365180005234,
        0.27198273727389394,
        0.29646353064078557,
        0.41251183695137766,
        0.24754655496491967,
        0.20787710461953235,
        0.301768873684812,
        0.28555729503901667,
        0.2790714234295586,
        0.3217384419058438,
        0.2781952158557009,
        0.24407030237208294,
        0.11692679333668567,
        0.23040621208952777,
        0.34089725358236606,
        0.3590351654086268,
        0.3458741190809165,
        0.29851520585223124,
        0.3236299246438747,
        0.2803806007019744
    ],
    [
        0.09882117688026186,
        0.19825902406952375,
        0.2072890493972125,
        0.18619336387207788,
        0.1335000585205864,
        0.14490028899212037,
        0.22480460265528374,
        0.15780476466190746,
        0.1269381000724369,
        0.09757809372497497,
        0.14235052467412967,
        0.13975424859373686,
        0.1660960283239789,
        0.16461958988832404,
        0.16010860571811872,
        0.1753901900050285,
        0.24655834121967968,
        0.273772116686488,
        0.0,
        0.19390115071860714,
        0.13710881855300192,
        0.28144283512721446,
        0.16461958988832404,
        0.19702375332685143,
        0.258639771206982,
        0.14740595518838442,
        0.1288470508005519,
        0.17399263633843817,
        0.15229366163764005,
        0.17616181797174754,
        0.20787710461953235,
        0.16828640022295324,
        0.23228232417685166,
        0.15229366163764005,
        0.29563887388163285,
        0.12203515118604147,
        0.13799626353637262,
        0.09757809372497497,
        0.16010860571811872,
        0.14574029770451274,
        0.15546678704790937,
        0.213096589015404,
        0.13083184049042154,
        0.19825902406952375,
        0.16312978920172735,
        0.1887975933374152,
        0.10825317547305482,
        0.12103072956898178,
        0.1801962905417312
    ],
    [
        0.24407030237208294,
        0.2609889545076573,
        0.3486861500690843,
        0.16682934768798924,
        0.21423920626253262,
        0.13975424859373686,
        0.07654655446197431,
        0.2312288841710741,
        0.19390115071860714,
        0.1767766952966369,
        0.25958199571618984,
        0.18553659510996745,
        0.2395267143243108,
        0.16312978920172735,
        0.19390115071860714,
        0.2724311839712921,
        0.15229366163764005,
        0.16973094517500337,
        0.19390115071860714,
        0.0,
        0.23280725665236468,
        0.1903715300260111,
        0.12203515118604147,
        0.16461958988832404,
        0.16312978920172735,
        0.18619336387207788,
        0.13799626353637262,
        0.10597390598633231,
        0.14740595518838442,
        0.25869220704557594,
        0.24705294220065463,
        0.2647042866577721,
        0.3583545294118661,
        0.20787710461953235,
        0.16312978920172735,
        0.2159417962669571,
        0.2153757617514097,
        0.19200321449132043,
        0.20669932117692114,
        0.19452968121857395,
        0.17469281074217108,
        0.140625,
        0.16836697786713142,
        0.2939826206597934,
        0.2927342811749249,
        0.3053878169639385,
        0.22041774968227945,
        0.23280725665236468,
        0.184877493221863
    ],
    [
        0.10364452469860624,
        0.1926379375927805,
        0.14657549249448218,
        0.213096589015404,
        0.17469281074217108,
        0.1616262567623219,
        0.27198273727389394,
        0.1335000585205864,
        0.09375,
        0.09757809372497497,
        0.10245997694221876,
        0.14235052467412967,
        0.16387638252658618,
        0.17399263633843817,
        0.17328963291264715,
        0.15780476466190746,
        0.28598445652692384,
        0.3128903811640748,
        0.13710881855300192,
        0.23280725665236468,
        0.0,
        0.3581652343115457,
        0.18619336387207788,
        0.21137108216357317,
        0.275106513463422,
        0.14740595518838442,
        0.14490028899212037,
        0.19452968121857395,
        0.17258376589355096,
        0.1507720294388555,
        0.234375,
        0.16010860571811872,
        0.25958199571618984,
        0.16387638252658618,
        0.3630921887069453,
        0.13441133229754104,
        0.1316585902058806,
        0.11899645477912357,
        0.1660960283239789,
        0.10481568644530265,
        0.15388840315306412,
        0.2803806007019744,
        0.1398512664801828,
        0.22207297505549836,
        0.13621559198564606,
        0.10711960313126631,
        0.12303137303143455,
        0.18355218944485516,
        0.21650635094610965
    ],
    [
        0.34837482308730505,
        0.29856063849930237,
        0.4035702214127191,
        0.20359187797595898,
        0.2344328632276437,
        0.2586922070455759,
        0.213223848858945,
        0.2792657628844689,
        0.2881578373671469,
        0.2861741014128365,
        0.3131936745494356,
        0.26228496483362856,
        0.24228548645027095,
        0.2798479715002018,
        0.24345824776083838,
        0.3276699887505381,
        0.30992865722524665,
        0.24093819804625785,
        0.28144283512721446,
        0.1903715300260111,
        0.3581652343115457,
        0.0,
        0.18117215761381336,
        0.1496886235749991,
        0.20438975906613108,
        0.23907327953184376,
        0.24228548645027095,
        0.2182534045808017,
        0.2143025063691769,
        0.35147568372506227,
        0.3345518094323276,
        0.2607289793913297,
        0.3305137914209397,
        0.22268289923366613,
        0.1945993926278063,
        0.24874904033874065,
        0.29582232960756094,
        0.3133235675561465,
        0.27604166666666663,
        0.3148781041706633,
        0.2485854075787859,
        0.2380498933755508,
        0.2642427269576213,
        0.24228548645027095,
        0.3724231487650991,
        0.4096744028120923,
        0.3024871582444084,
        0.23216551133356944,
        0.1880056838310421
    ],
    [
        0.20372507516258279,
        0.16828640022295324,
        0.2768757054167086,
        0.10711960313126631,
        0.12401959270615269,
        0.140625,
        0.15625,
        0.14149039278339715,
        0.16237976320958225,
        0.1316585902058806,
        0.1926379375927805,
        0.14490028899212037,
        0.14574029770451274,
        0.140625,
        0.12979099785809492,
        0.20432338797846908,
        0.25958199571618984,
        0.23070036031614688,
        0.16461958988832404,
        0.12203515118604147,
        0.18619336387207788,
        0.18117215761381336,
        0.0,
        0.09375,
        0.20610790559801437,
        0.13710881855300192,
        0.09504316453590968,
        0.125,
        0.10597390598633231,
        0.23443286322764376,
        0.24407030237208294,
        0.16387638252658618,
        0.2533949178160446,
        0.13887803777055607,
        0.23799290955824715,
        0.13621559198564606,
        0.16387638252658618,
        0.14574029770451274,
        0.12303137303143455,
        0.17746588580625855,
        0.14149039278339715,
        0.2209708691207961,
        0.13083184049042157,
        0.1795175827043134,
        0.22207297505549836,
        0.2688226645950821,
        0.1711632992203644,
        0.13887803777055607,
        0.10004881620988826
    ],
    [
        0.20432338797846908,
        0.14574029770451274,
        0.234375,
        0.1269381000724369,
        0.13441133229754104,
        0.14905300022139775,
        0.1887975933374152,
        0.17258376589355096,
        0.19136638615493579,
        0.16237976320958225,
        0.171875,
        0.14986973510352247,
        0.1288470508005519,
        0.1887975933374152,
        0.13975424859373686,
        0.203125,
        0.30095875444153475,
        0.21930732574403436,
        0.19702375332685143,
        0.16461958988832404,
        0.21137108216357317,
        0.1496886235749991,
        0.09375,
        0.0,
        0.16755945773068137,
        0.13887803777055607,
        0.1316585902058806,
        0.13441133229754104,
        0.13531646934131855,
        0.22940328693276293,
        0.24407030237208294,
        0.14149039278339715,
        0.2049199538844375,
        0.13531646934131855,
        0.2348952559120767,
        0.15780476466190746,
        0.1753901900050285,
        0.1753901900050285,
        0.16461958988832404,
        0.21137108216357317,
        0.14986973510352247,
        0.19327057620082783,
        0.18117215761381342,
        0.15309310892394862,
        0.19948664585630788,
        0.2181912506838897,
        0.19825902406952375,
        0.13887803777055607,
        0.11267347735824966
    ],
    [
        0.30055287596361474,
        0.33071891388307384,
        0.3486861500690843,
        0.22534695471649932,
        0.25958199571618984,
        0.24356964481437338,
        0.1795175827043134,
        0.2914805954090255,
        0.25291271962872885,
        0.2415566380271923,
        0.2939826206597934,
        0.26378035962709584,
        0.24556615071096424,
        0.24105075969596113,
        0.258639771206982,
        0.3045873232752801,
        0.21875,
        0.1788362990978062,
        0.258639771206982,
        0.16312978920172735,
        0.275106513463422,
        0.20438975906613108,
        0.20610790559801437,
        0.16755945773068137,
        0.0,
        0.2619227283475033,
        0.22207297505549836,
        0.21194781197266463,
        0.2395267143243108,
        0.28716768233521295,
        0.32588521272834703,
        0.24356964481437338,
        0.40293115494461335,
        0.24951124097923924,
        0.22480460265528374,
        0.2688226645950821,
        0.2773162398327945,
        0.2460627460628691,
        0.28168369339562416,
        0.258167369404036,
        0.23017062285400366,
        0.20551478809321727,
        0.23058274605394435,
        0.32700702400713044,
        0.32738010687120256,
        0.2803806007019744,
        0.29022149407822984,
        0.25291271962872885,
        0.25
    ],
    [
        0.15546678704790937,
        0.13258252147247765,
        0.2125229766989913,
        0.19578068884596356,
        0.13531646934131855,
        0.12597277731716483,
        0.23228232417685166,
        0.1514899955442603,
        0.1616262567623219,
        0.14320549046737,
        0.13975424859373686,
        0.08414320011147662,
        0.12979099785809492,
        0.19640320453088336,
        0.16973094517500337,
        0.21137108216357317,
        0.2786336640644845,
        0.214808235701055,
        0.14740595518838442,
        0.18619336387207788,
        0.14740595518838442,
        0.23907327953184376,
        0.13710881855300192,
        0.13887803777055607,
        0.2619227283475033,
        0.0,
        0.12401959270615269,
        0.11267347735824966,
        0.140625,
        0.11470164346638148,
        0.18421603316486868,
        0.1288470508005519,
        0.14823176532039278,
        0.11899645477912357,
        0.28598445652692384,
        0.12789613706050704,
        0.09110862335695782,
        0.13531646934131855,
        0.16461958988832404,
        0.14905300022139775,
        0.14740595518838442,
        0.18288593610499415,
        0.14555404804668876,
        0.1608692209529219,
        0.1608692209529219,
        0.17328963291264715,
        0.15857643070456592,
        0.14320549046737,
        0.12979099785809492
    ],
    [
        0.14740595518838442,
        0.1690102160373745,
        0.2405438174740727,
        0.1288470508005519,
        0.13887803777055607,
        0.13887803777055607,
        0.19640320453088336,
        0.1269381000724369,
        0.13799626353637262,
        0.11692679333668567,
        0.17258376589355096,
        0.125,
        0.140625,
        0.11267347735824966,
        0.11899645477912357,
        0.1767766952966369,
        0.2665425329567497,
        0.24951124097923924,
        0.1288470508005519,
        0.13799626353637262,
        0.14490028899212037,
        0.24228548645027095,
        0.09504316453590968,
        0.1316585902058806,
        0.22207297505549836,
        0.12401959270615269,
        0.0,
        0.13887803777055607,
        0.10597390598633231,
        0.2182534045808017,
        0.23799290955824715,
        0.15934435979977452,
        0.24853083938416978,
        0.12103072956898178,
        0.265625,
        0.09631896879639025,
        0.13621559198564606,
        0.120017902310447,
        0.11158481919598204,
        0.15857643070456592,
        0.11267347735824966,
        0.21875,
        0.1260804003844813,
        0.16535945694153692,
        0.184877493221863,
        0.23385358667337133,
        0.14235052467412967,
        0.11796616305110547,
        0.12789613706050704
    ],
    [
        0.19702375332685143,
        0.15780476466190746,
        0.2755498763835687,
        0.2125229766989913,
        0.14740595518838442,
        0.0855816496101822,
        0.10481568644530265,
        0.19136638615493579,
        0.1801962905417312,
        0.14149039278339715,
        0.1801962905417312,
        0.11481983169296148,
        0.1887975933374152,
        0.19948664585630788,
        0.18814991529362962,
        0.265625,
        0.19452968121857395,
        0.1660960283239789,
        0.17399263633843817,
        0.10597390598633231,
        0.19452968121857395,
        0.2182534045808017,
        0.125,
        0.13441133229754104,
        0.21194781197266463,
        0.11267347735824966,
        0.13887803777055607,
        0.0,
        0.1288470508005519,
        0.15917402906183467,
        0.19390115071860714,
        0.18619336387207788,
        0.24556615071096424,
        0.13887803777055607,
        0.22857404434887177,
        0.17328963291264715,
        0.14320549046737,
        0.16682934768798924,
        0.19390115071860714,
        0.14657549249448218,
        0.15229366163764005,
        0.1316585902058806,
        0.1521154361094816,
        0.22642776165920997,
        0.22152260748059102,
        0.225888004606265,
        0.1907274314958391,
        0.17469281074217108,
        0.15388840315306412
    ],
    [
        0.17044862679118303,
        0.17328963291264715,
        0.20432338797846908,
        0.10481568644530265,
        0.13258252147247765,
        0.1570293065800139,
        0.19825902406952375,
        0.13975424859373686,
        0.16010860571811872,
        0.14823176532039278,
        0.14905300022139775,
        0.1316585902058806,
        0.13975424859373686,
        0.17399263633843817,
        0.09504316453590968,
        0.14740595518838442,
        0.2125229766989913,
        0.25048780534189685,
        0.15229366163764005,
        0.14740595518838442,
        0.17258376589355096,
        0.2143025063691769,
        0.10597390598633231,
        0.13531646934131855,
        0.2395267143243108,
        0.140625,
        0.10597390598633231,
        0.1288470508005519,
        0.0,
        0.17453745916787544,
        0.27018150727797785,
        0.13441133229754104,
        0.2312288841710741,
        0.14149039278339715,
        0.23333100817293873,
        0.125,
        0.1307281291459493,
        0.15309310892394862,
        0.1137517170200081,
        0.1570293065800139,
        0.10126157341262282,
        0.19764235376052372,
        0.12863634411696323,
        0.1711632992203644,
        0.19764235376052372,
        0.20432338797846908,
        0.15388840315306412,
        0.11899645477912357,
        0.14657549249448218
    ],
    [
        0.17876044064302618,
        0.183404342308948,
        0.20950193084498714,
        0.28360319562629127,
        0.19313016893478288,
        0.13237776069936288,
        0.3001916343956159,
