[
    [
        0.0,
        2.2639714868840635,
        0.7752961909318717,
        0.875182196774489,
        1.814587995065749,
        1.8615366978792065,
        1.656195850096706,
        1.5222625145701072,
        2.0277884555367613,
        1.623551159448614,
        0.9642857142857145,
        1.98045294757311,
        2.049452390771939,
        1.7609207355059153,
        2.2614504556291535,
        1.7334310379317968,
        2.074581959364934,
        2.029438949310767,
        1.4953158153898798,
        1.827894685038456,
        1.855339096571111,
        1.687098402704526,
        1.3824909327508523,
        1.9457731530847335,
        1.7378811838184722,
        1.9014595629115427,
        0.9714971381030434,
        1.9817227497027283,
        1.6499613477229071,
        1.5349642871454017,
        1.3063815112979915,
        1.318287773235125,
        1.69172279656218,
        1.6370995555092325,
        1.1281136051490774,
        1.9840917060355812,
        1.5375819208306614,
        1.7367391154407852,
        1.9697524937466928,
        1.9920121096263343,
        2.0560888641383084,
        1.7450732397939341,
        1.714657697736829,
        2.145344125597001,
        1.839826550165498,
        1.821496652944864,
        1.4589799343992336,
        1.0729156346999857,
        1.9238533558184412,
        0.6860490254392337
    ],
    [
        2.2639714868840635,
        0.0,
        1.911678291159077,
        2.2434317709953007,
        1.3195906351760929,
        1.375403981058333,
        1.89754958945595,
        1.467234738471584,
        1.5263882570011835,
        1.5273206386785108,
        2.1337936631327308,
        1.5980674092304257,
        1.6919950420205796,
        1.5693682380711884,
        1.4185037108791,
        1.5406321220852521,
        1.4129854131510975,
        1.4971036852684736,
        1.6416489691369713,
        1.4883809249576458,
        1.5080800892378214,
        1.5263882570011835,
        1.5143984871155207,
        1.5640270315936216,
        1.4749058350356548,
        1.576674594765127,
        2.005201569252661,
        1.4889640321004698,
        1.7387335748884716,
        1.4819516036482283,
        1.5728821740147396,
        1.7726706155152205,
        1.536590742882148,
        1.4475793971700175,
        1.784384425446988,
        1.7608986026710591,
        1.534895038032822,
        1.4630874888399532,
        1.4000248013676202,
        1.6287350238076719,
        1.7677669529663689,
        1.4976833963009524,
        1.536590742882148,
        1.5634719199411433,
        1.633779700911696,
        1.4889640321004698,
        1.5536471428366367,
        1.964087291565446,
        1.5063522902104352,
        2.0395397084200697
    ],
    [
        0.7752961909318717,
        1.911678291159077,
        0.0,
        1.015504800579495,
        1.4737282653189494,
        1.4594519519326423,
        1.25,
        1.14564392373896,
        1.571225636247067,
        1.358767824170119,
        0.9201195019991608,
        1.7230060940112777,
        1.7677669529663689,
        1.4206072645175372,
        1.8540496217739157,
        1.4261139577215292,
        1.6863421954040052,
        1.6153559979150107,
        1.0134616874044795,
        1.346291201783626,
        1.5258194519667128,
        1.5155444566227676,
        0.9956502621123767,
        1.7230060940112777,
        1.2318121249245402,
        1.648104972384951,
        1.0565601944254972,
        1.660404903764273,
        1.198175696632176,
        1.2018504251546631,
        0.9921567416492215,
        0.9100137361600648,
        1.3693063937629153,
        1.3718398027628607,
        0.7806247497997998,
        1.6552945357246849,
        1.1858541225631423,
        1.505199322349037,
        1.5467259327725489,
        1.5206906325745548,
        1.6960943697539683,
        1.4415703243338496,
        1.4737282653189494,
        1.811901242096575,
        1.4650085323983613,
        1.5178338000072487,
        0.9307255234493143,
        0.9682458365518543,
        1.4197270864500684,
        0.739509972887452
    ],
    [
        0.875182196774489,
        2.2434317709953007,
        1.015504800579495,
        0.0,
        2.027159342528357,
        1.641074343227631,
        1.79843682124227,
        1.6723860200324565,
        2.069118169655856,
        1.6219201583308596,
        0.7567721464434676,
        2.179449471770337,
        2.200852107707376,
        1.6099301227071938,
        2.072890493972125,
        1.8012715180207155,
        2.0879116360612584,
        1.8582585934148133,
        1.132063990042533,
        1.6007810593582121,
        1.928406077567689,
        1.8413649828320293,
        1.3850641782162219,
        1.996089927833914,
        1.6666666666666667,
        2.070778838987882,
        0.7034142923389222,
        2.169469341157469,
        2.2073740054644113,
        1.4148272371958037,
        1.2686114456365274,
        1.1792476415070754,
        1.8285923547909742,
        1.7310481731534157,
        0.9013878188659973,
        2.22963001415033,
        1.590990257669732,
        1.920286436967152,
        1.9556719504502225,
        1.625,
        2.4519691633007494,
        1.7897276329095442,
        2.065338955232288,
        2.2973414586817036,
        1.904599695474091,
        1.9596626693841412,
        1.2427288521636568,
        0.75,
        1.7633419974582356,
        0.739509972887452
    ],
    [
        1.814587995065749,
        1.3195906351760929,
        1.4737282653189494,
        2.027159342528357,
        0.0,
        1.2879246872391257,
        1.4737282653189494,
        1.103970108290981,
        1.357847561400027,
        1.2634278768493277,
        1.78598212277087,
        1.4306903927824497,
        1.3919410907075054,
        1.2509996003196804,
        1.479019945774904,
        1.1393640814963764,
        1.2747548783981961,
        1.2562344526401112,
        1.2974415562316226,
        1.2686114456365274,
        1.2054563451241194,
        1.1858541225631423,
        1.1887785514739255,
        1.3287682265918312,
        1.1334558757279536,
        1.267625733408722,
        1.702224851317958,
        1.360402309776209,
        1.2083045973594573,
        1.2402396721781015,
        1.2054563451241194,
        1.3287682265918312,
        1.0968705484240153,
        1.2147816447594375,
        1.4252192813739224,
        1.4159802258506295,
        1.14564392373896,
        1.2374368670764582,
        1.2754356554178305,
        1.4142135623730951,
        1.3584866989084254,
        1.299038105676658,
        1.1726039399558574,
        1.2876280950302037,
        1.3883443376914821,
        1.2774758097296577,
        1.2083045973594573,
        1.7365554986812255,
        1.192424001771182,
        1.6723860200324565
    ],
    [
        1.8615366978792065,
        1.375403981058333,
        1.4594519519326423,
        1.641074343227631,
        1.2879246872391257,
        0.0,
        1.613807609351251,
        1.2842799539041323,
        1.3736356867816153,
        1.283062742035634,
        1.5650275475178692,
        1.5710267343364976,
        1.5114149000191839,
        1.2781823031164217,
        1.4713938969562161,
        1.3256496289651765,
        1.4139925742379271,
        1.335571038919308,
        1.3532887002123564,
        1.423464084548676,
        1.36106575888162,
        1.321457528640251,
        1.2755989878397433,
        1.5132745950421556,
        1.3980889734840833,
        1.492690523852818,
        1.4955721684730268,
        1.4925974749483606,
        1.5489916074659669,
        1.2844691943021098,
        1.260952021291849,
        1.390593398517338,
        1.285496013218244,
        1.3087313619600387,
        1.3917165659716781,
        1.6134202800262554,
        1.3320566804757221,
        1.3212210261723811,
        1.286575989896352,
        1.2842799539041323,
        1.6236319027278183,
        1.2742644937374659,
        1.4017845768876187,
        1.5758815874861214,
        1.4792312192487016,
        1.416960753788819,
        1.2026013470805694,
        1.4882876066137218,
        1.2203995247458923,
        1.5937377450509227
    ],
    [
        1.656195850096706,
        1.89754958945595,
        1.25,
        1.79843682124227,
        1.4737282653189494,
        1.613807609351251,
        0.0,
        1.5206906325745548,
        1.6105123408406408,
        1.5153382460691738,
        1.549460900323933,
        1.403121520040228,
        1.4361406616345072,
        1.42148689758295,
        1.9605483926697653,
        1.3680249803782,
        1.625,
        1.653594569415369,
        1.4793433112881746,
        1.2808688457449497,
        1.7001838135919305,
        1.403121520040228,
        1.2990381056766578,
        1.704772712123232,
        1.2506942516503028,
        1.37067501618728,
        1.6775685115997832,
        1.6223268611609822,
        1.3718144918318949,
        1.417891627264463,
        1.4415703243338496,
        1.0307764064044151,
        1.2686114456365274,
        1.4221706804896677,
        1.2747548783981961,
        1.3724977231310804,
        1.375,
        1.7544586059522749,
        1.375631168268265,
        1.704772712123232,
        1.4690085469836829,
        1.4086784586980805,
        1.4947825928876748,
        1.5618054011659426,
        1.3083864108129524,
        1.486630231242606,
        1.218605760695394,
        1.653594569415369,
        1.4737282653189494,
        1.6056540723331412
    ],
    [
        1.5222625145701072,
        1.467234738471584,
        1.14564392373896,
        1.6723860200324565,
        1.103970108290981,
        1.2842799539041323,
        1.5206906325745548,
        0.0,
        1.2808688457449497,
        1.2903487900563941,
        1.4154531617334516,
        1.4737282653189494,
        1.590990257669732,
        1.2090802289343747,
        1.4947825928876748,
        1.1471737675963587,
        1.334634781503914,
        1.299038105676658,
        1.251911803309365,
        1.346291201783626,
        1.224744871391589,
        1.25,
        1.0614782669047498,
        1.192424001771182,
        1.2638125740085917,
        1.3502314616390776,
        1.4294763998673703,
        1.256925260749863,
        1.1808365678619543,
        1.1843892002959913,
        1.0532687216470449,
        1.243734296383275,
        1.3110110602126894,
        1.1666666666666667,
        1.159202311936963,
        1.5049916943292412,
        0.9921567416492215,
        1.2686114456365274,
        1.3430634551071832,
        1.340475661845451,
        1.5023130314433288,
        1.2808688457449497,
        1.159202311936963,
        1.454757520841341,
        1.369078157009307,
        1.1599509089229212,
        1.1594718625305231,
        1.3287682265918312,
        1.286953767623375,
        1.224744871391589
    ],
    [
        2.0277884555367613,
        1.5263882570011835,
        1.571225636247067,
        2.069118169655856,
        1.357847561400027,
        1.3736356867816153,
        1.6105123408406408,
        1.2808688457449497,
        0.0,
        1.509138827278657,
        1.7951536231231704,
        1.3287682265918312,
        1.625,
        1.3962002005443201,
        1.5612494995995996,
        1.3159878341351932,
        1.4361406616345072,
        1.286953767623375,
        1.426113957721529,
        1.3635890143294642,
        1.3169567191065923,
        1.1792476415070754,
        1.2360330811826103,
        1.5309310892394863,
        1.2289901003127188,
        1.3129166005500883,
        1.7751173670117328,
        1.4294763998673703,
        1.372953021774598,
        1.4475793971700175,
        1.505199322349037,
        1.2686114456365274,
        1.3110110602126894,
        1.3274610268394993,
        1.5155444566227676,
        1.4671400751121209,
        1.403121520040228,
        1.4523687548277813,
        1.2909944487358056,
        1.5,
        1.5948049340837198,
        1.299038105676658,
        1.2562344526401112,
        1.3037073205968346,
        1.3962002005443201,
        1.3850641782162219,
        1.224744871391589,
        1.7677669529663689,
        1.3693063937629153,
        1.8027756377319946
    ],
    [
        1.623551159448614,
        1.5273206386785108,
        1.358767824170119,
        1.6219201583308596,
        1.2634278768493277,
        1.283062742035634,
        1.5153382460691738,
        1.2903487900563941,
        1.509138827278657,
        0.0,
        1.5289552255159904,
        1.608182203607539,
        1.5101738310538957,
        1.1202678251204041,
        1.5789632674638128,
        1.228519517175707,
        1.4615915982243466,
        1.4082347105507662,
        1.17914488213333,
        1.325,
        1.3320566804757221,
        1.3235841491949047,
        1.2430920230529106,
        1.4391837964624254,
        1.2986638432549733,
        1.4590236461414874,
        1.4610926276819916,
        1.5259559845115676,
        1.466287829861518,
        1.1091788754649892,
        1.0121141239998581,
        1.2103718436910205,
        1.2295832627357939,
        1.2443483345823139,
        1.2497499749949987,
        1.6058486852751725,
        1.2472469683266423,
        1.3202745926510895,
        1.249360947756003,
        1.2720554233208552,
        1.562738870629952,
        1.2732831578246844,
        1.5194571399022745,
        1.550895798491239,
        1.4142135623730951,
        1.4368899671783424,
        1.1613569649336934,
        1.4966629547095767,
        1.2879246872391257,
        1.466074691139575
    ],
    [
        0.9642857142857145,
        2.1337936631327308,
        0.9201195019991608,
        0.7567721464434676,
        1.78598212277087,
        1.5650275475178692,
        1.549460900323933,
        1.4154531617334516,
        1.7951536231231704,
        1.5289552255159904,
        0.0,
        1.9040270159719426,
        1.9591654043578488,
        1.4531413895279373,
        1.9654217494118722,
        1.602672353748385,
        2.00406156469856,
        1.731037939196821,
        1.0450624920285378,
        1.4548914680049054,
        1.7819603399237662,
        1.6386786924662375,
        1.1625138674714772,
        1.86399833581427,
        1.544009068065202,
        1.872171335696624,
        0.7490309310041255,
        1.8921925308213605,
        2.1359860075594588,
        1.3386374092257711,
        1.300387501116965,
        1.0144051740516988,
        1.58456361081993,
        1.4342644499783348,
        0.9319991679071349,
        1.952271701356747,
        1.4510508155773716,
        1.7012150519735076,
        1.755377226224952,
        1.4794510840862842,
        2.0274826610955476,
        1.5525448167970115,
        1.899247971472619,
        2.1064701643479267,
        1.655660513116707,
        1.7885790512794613,
        1.117600381283443,
        0.8537880777058515,
        1.576291177908137,
        0.8910696392767606
    ],
    [
        1.98045294757311,
        1.5980674092304257,
        1.7230060940112777,
        2.179449471770337,
        1.4306903927824497,
        1.5710267343364976,
        1.403121520040228,
        1.4737282653189494,
        1.3287682265918312,
        1.608182203607539,
        1.9040270159719426,
        0.0,
        1.352081728298996,
        1.5787653403846944,
        1.7001838135919305,
        1.344276415635063,
        1.4361406616345072,
        1.505199322349037,
        1.5959930693931663,
        1.2374368670764582,
        1.5761900266148114,
        1.125,
        1.3944333775567925,
        1.625,
        1.2068956964966866,
        1.245491870708115,
        1.964087291565446,
        1.5540046832476262,
        1.4417870855296213,
        1.4971036852684736,
        1.6345871038277526,
        1.4523687548277813,
        1.3919410907075054,
        1.3775229379013783,
        1.5461646096066226,
        1.4497844667397979,
        1.5562374497485916,
        1.653594569415369,
        1.2451293997903279,
        1.7455300054711176,
        1.3925645805890337,
        1.346291201783626,
        1.2183492931011204,
        1.3241873818392254,
        1.2718097341976904,
        1.3378828631668602,
        1.3704470073665747,
        1.9445436482630056,
        1.489546910976623,
        1.8915932438026946
    ],
    [
        2.049452390771939,
        1.6919950420205796,
        1.7677669529663689,
        2.200852107707376,
        1.3919410907075054,
        1.5114149000191839,
        1.4361406616345072,
        1.590990257669732,
        1.625,
        1.5101738310538957,
        1.9591654043578488,
        1.352081728298996,
        0.0,
        1.5343972758057152,
        1.875,
        1.477402056562361,
        1.5612494995995996,
        1.6909686573085854,
        1.6680903783081062,
        1.3050383136138188,
        1.6298006013006623,
        1.4306903927824497,
        1.5115297622680879,
        1.7633419974582356,
        1.3584866989084254,
        1.3534677683639165,
        1.9978286824561422,
        1.5433549314543447,
        1.5662455107677085,
        1.5651366642494124,
        1.6393596310755,
        1.4947825928876748,
        1.3635890143294642,
        1.4221706804896677,
        1.6677080080157918,
        1.3838352503098048,
        1.595893166850463,
        1.6345871038277526,
        1.3057033013326997,
        1.776583800443987,
        1.3294213444619847,
        1.403121520040228,
        1.5206906325745548,
        1.463680672520858,
        1.3950806428303706,
        1.4760824653265294,
        1.566445019782054,
        1.9162137145944864,
        1.5360257159305635,
        1.9882467150733583
    ],
    [
        1.7609207355059153,
        1.5693682380711884,
        1.4206072645175372,
        1.6099301227071938,
        1.2509996003196804,
        1.2781823031164217,
        1.42148689758295,
        1.2090802289343747,
        1.3962002005443201,
        1.1202678251204041,
        1.4531413895279373,
        1.5787653403846944,
        1.5343972758057152,
        0.0,
        1.5337861650177969,
        1.3474796958070445,
        1.45623658792107,
        1.3984366270946995,
        1.2343716901273114,
        1.352081728298996,
        1.2026013470805694,
        1.390593398517338,
        1.1893917679964738,
        1.400669482783144,
        1.3046657724405044,
        1.3820274961085255,
        1.4419556550432164,
        1.479747538527359,
        1.570429877453941,
        1.0814406543536677,
        1.1853269591129698,
        1.2085631965271821,
        1.2671325897474186,
        1.2125501135119232,
        1.2927683473847897,
        1.5413062641798354,
        1.2472469683266423,
        1.3202745926510895,
        1.3340362730367483,
        1.2720554233208552,
        1.611956195986038,
        1.2295832627357939,
        1.407346794503757,
        1.5609381082470175,
        1.4197270864500684,
        1.474458469329597,
        1.2364263018878239,
        1.4428704030508077,
        1.2275483697190916,
        1.5081031131855673
    ],
    [
        2.2614504556291535,
        1.4185037108791,
        1.8540496217739157,
        2.072890493972125,
        1.479019945774904,
        1.4713938969562161,
        1.9605483926697653,
        1.4947825928876748,
        1.5612494995995996,
        1.5789632674638128,
        1.9654217494118722,
        1.7001838135919305,
        1.875,
        1.5337861650177969,
        0.0,
        1.5623724437730027,
        1.4086784586980805,
        1.4086784586980805,
        1.6644543139615775,
        1.6770509831248424,
        1.4252192813739224,
        1.5258194519667128,
        1.4901295618539723,
        1.375,
        1.567907310185565,
        1.5960889699512368,
        1.8823928330127528,
        1.6729049916570609,
        1.7150072886142496,
        1.509230856356236,
        1.5512092057488571,
        1.7455300054711176,
        1.653594569415369,
        1.5915357712320233,
        1.713913650100261,
        1.8454335533960577,
        1.4630874888399532,
        1.5612494995995996,
        1.5937159582421065,
        1.5811388300841898,
        1.8047006523089764,
        1.4415703243338496,
        1.571225636247067,
        1.6132050568838283,
        1.6294170736800324,
        1.521261355294057,
        1.5461646096066226,
        1.8624580532189174,
        1.5562374497485916,
        1.9243505397925815
    ],
    [
        1.7334310379317968,
        1.5406321220852521,
        1.4261139577215292,
        1.8012715180207155,
        1.1393640814963764,
        1.3256496289651765,
        1.3680249803782,
        1.1471737675963587,
        1.3159878341351932,
        1.228519517175707,
        1.602672353748385,
        1.344276415635063,
        1.477402056562361,
        1.3474796958070445,
        1.5623724437730027,
        0.0,
        1.4642857142857146,
        1.3844756983001447,
        1.2771290747099087,
        1.321669862140238,
        1.203735681882337,
        1.1245747495595564,
        1.1466331469550952,
        1.4368066207065313,
        1.2832455354718322,
        1.1987929728842819,
        1.6857222726472074,
        1.4989485165704652,
        1.2737488859621413,
        1.190074336937673,
        1.1372630948636182,
        1.2682343503260503,
        1.2433496561092292,
        1.2144315972126176,
        1.3021028910095815,
        1.3701724157855435,
        1.2261760285787782,
        1.3852815966585337,
        1.2901845787194683,
        1.4043709100736972,
        1.4437315635755834,
        1.2682343503260503,
        1.2307186385794842,
        1.4566559838646866,
        1.3464617275190072,
        1.3738528506826333,
        1.1715102323453244,
        1.5500781744604935,
        1.2649614820303454,
        1.4859031473367659
    ],
    [
        2.074581959364934,
        1.4129854131510975,
        1.6863421954040052,
        2.0879116360612584,
        1.2747548783981961,
        1.4139925742379271,
        1.625,
        1.334634781503914,
        1.4361406616345072,
        1.4615915982243466,
        2.00406156469856,
        1.4361406616345072,
        1.5612494995995996,
        1.45623658792107,
        1.4086784586980805,
        1.4642857142857146,
        0.0,
        1.2562344526401112,
        1.6462503777136845,
        1.403121520040228,
        1.4684175155588413,
        1.3287682265918312,
        1.4433756729740645,
        1.25,
        1.2451293997903279,
        1.3360389215887387,
        1.9157606554287747,
        1.5969806580614,
        1.5145131230860955,
        1.390693272356553,
        1.489546910976623,
        1.590990257669732,
        1.505199322349037,
        1.3365845776954532,
        1.5258194519667128,
        1.5937377450509227,
        1.3228756555322954,
        1.4684175155588413,
        1.2774758097296577,
        1.5,
        1.4707802162268993,
        1.3287682265918312,
        1.2562344526401112,
        1.3718398027628607,
        1.4173037783058366,
        1.3222193043852026,
        1.4792312192487014,
        1.9121323175972944,
        1.3806701271484076,
        1.8708286933869707
    ],
    [
        2.029438949310767,
        1.4971036852684736,
        1.6153559979150107,
        1.8582585934148133,
        1.2562344526401112,
        1.335571038919308,
        1.653594569415369,
        1.299038105676658,
        1.286953767623375,
        1.4082347105507662,
        1.731037939196821,
        1.505199322349037,
        1.6909686573085854,
        1.3984366270946995,
        1.4086784586980805,
        1.3844756983001447,
        1.2562344526401112,
        0.0,
        1.4016435323707432,
        1.2930100540985752,
        1.3863170633011772,
        1.224744871391589,
        1.340475661845451,
        1.299038105676658,
        1.2815463749358083,
        1.4188463623662713,
        1.6883999657795674,
        1.582236462170627,
        1.6126453422870137,
        1.348867838019887,
        1.2808688457449497,
        1.4415703243338496,
        1.3975424859373686,
        1.3313787757225382,
        1.4142135623730951,
        1.6915229824037272,
        1.3975424859373686,
        1.4577379737113252,
        1.3411230782859234,
        1.3975424859373686,
        1.7098570440569325,
        1.3919410907075054,
        1.2624381172952597,
        1.4312970031098058,
        1.5225389978585113,
        1.2513881181401005,
        1.3254716141811562,
        1.6630168369562588,
        1.286953767623375,
        1.741048534648015
    ],
    [
        1.4953158153898798,
        1.6416489691369713,
        1.0134616874044795,
        1.132063990042533,
        1.2974415562316226,
        1.3532887002123564,
        1.4793433112881746,
        1.251911803309365,
        1.426113957721529,
        1.17914488213333,
        1.0450624920285378,
        1.5959930693931663,
        1.6680903783081062,
        1.2343716901273114,
        1.6644543139615775,
        1.2771290747099087,
        1.6462503777136845,
        1.4016435323707432,
        0.0,
        1.2348572585443192,
        1.3538493872160617,
        1.3928571428571428,
        1.0256247750217045,
        1.5119633471963883,
        1.2658994498906933,
        1.587916745877042,
        1.0559564073579755,
        1.4941424746970677,
        1.4350078219227909,
        1.1252519244258312,
        1.0258147583103623,
        1.039555684130563,
        1.2634480679506235,
        1.2039417027343002,
        1.0341737311121613,
        1.7837703705056538,
        1.2330483215451478,
        1.3824012309258502,
        1.4159537021461241,
        1.1545164196603295,
        1.7658217399368374,
        1.2634480679506235,
        1.4639590227899697,
        1.6228836733523324,
        1.4122098762910127,
        1.4517099347644755,
        1.012977022927762,
        1.0025477748298715,
        1.2731278772522165,
        1.0990487538163656
    ],
    [
        1.827894685038456,
        1.4883809249576458,
        1.346291201783626,
        1.6007810593582121,
        1.2686114456365274,
        1.423464084548676,
        1.2808688457449497,
        1.346291201783626,
        1.3635890143294642,
        1.325,
        1.4548914680049054,
        1.2374368670764582,
        1.3050383136138188,
        1.352081728298996,
        1.6770509831248424,
        1.321669862140238,
        1.403121520040228,
        1.2930100540985752,
        1.2348572585443192,
        0.0,
        1.4684175155588413,
        1.159202311936963,
        1.1733439866940603,
        1.5155444566227676,
        0.9637527921850314,
        1.348842096021621,
        1.355287997274216,
        1.463680672520858,
        1.35069426592401,
        1.1946059322359541,
        1.3110110602126894,
        1.1792476415070754,
        1.3050383136138188,
        1.125,
        1.103970108290981,
        1.6401219466856725,
        1.3693063937629153,
        1.4737282653189494,
        1.1486707293408518,
        1.4306903927824497,
        1.5534459901922708,
        1.165922381636102,
        1.3228756555322954,
        1.2527746981977423,
        1.1261105629555208,
        1.256925260749863,
        1.1437329233697875,
        1.4142135623730951,
        1.25,
        1.5309310892394863
    ],
    [
        1.855339096571111,
        1.5080800892378214,
        1.5258194519667128,
        1.928406077567689,
        1.2054563451241194,
        1.36106575888162,
        1.7001838135919305,
        1.224744871391589,
        1.3169567191065923,
        1.3320566804757221,
        1.7819603399237662,
        1.5761900266148114,
        1.6298006013006623,
        1.2026013470805694,
        1.4252192813739224,
        1.203735681882337,
        1.4684175155588413,
        1.3863170633011772,
        1.3538493872160617,
        1.4684175155588413,
        0.0,
        1.25,
        1.3182743349630313,
        1.403121520040228,
        1.3565683830083088,
        1.3052777482206612,
        1.6713475933442983,
        1.3925645805890337,
        1.3418736900319643,
        1.2040152730666573,
        1.1319231422671772,
        1.3287682265918312,
        1.3975424859373686,
        1.2631255326020099,
        1.4577379737113252,
        1.484082207965583,
        1.299038105676658,
        1.1858541225631423,
        1.3623152270226513,
        1.4630874888399532,
        1.489546910976623,
        1.3287682265918312,
        1.3169567191065923,
        1.5023130314433288,
        1.4735162028291375,
        1.3925645805890337,
        1.3186166994240593,
        1.6056540723331412,
        1.346291201783626,
        1.620185174601965
    ],
    [
        1.687098402704526,
        1.5263882570011835,
        1.5155444566227676,
        1.8413649828320293,
        1.1858541225631423,
        1.321457528640251,
        1.403121520040228,
        1.25,
        1.1792476415070754,
        1.3235841491949047,
        1.6386786924662375,
        1.125,
        1.4306903927824497,
        1.390593398517338,
        1.5258194519667128,
        1.1245747495595564,
        1.3287682265918312,
        1.224744871391589,
        1.3928571428571428,
        1.159202311936963,
        1.25,
        0.0,
        1.1372786719963484,
        1.4361406616345072,
        1.1606990230986765,
        1.2124355652982142,
        1.7628496501088482,
        1.3507970897872772,
        1.2847665157529597,
        1.2254534308210618,
        1.334634781503914,
        1.224744871391589,
        1.224744871391589,
        1.2233265213252664,
        1.340475661845451,
        1.351619399091327,
        1.2808688457449497,
        1.346291201783626,
        1.1938790651578668,
        1.5461646096066226,
        1.3680379299485002,
        1.1524430571616109,
        1.1319231422671772,
        1.2916666666666665,
        1.2742644937374659,
        1.2733922324946771,
        1.2095970403402945,
        1.695582495781317,
        1.3635890143294642,
        1.595893166850463
    ],
    [
        1.3824909327508523,
        1.5143984871155207,
        0.9956502621123767,
        1.3850641782162219,
        1.1887785514739255,
        1.2755989878397433,
        1.2990381056766578,
        1.0614782669047498,
        1.2360330811826103,
        1.2430920230529106,
        1.1625138674714772,
        1.3944333775567925,
        1.5115297622680879,
        1.1893917679964738,
        1.4901295618539723,
        1.1466331469550952,
        1.4433756729740645,
        1.340475661845451,
        1.0256247750217045,
        1.1733439866940603,
        1.3182743349630313,
        1.1372786719963484,
        0.0,
        1.3559283412727485,
        1.0889278621143317,
        1.348198386324835,
        1.211203487812386,
        1.4403655014536336,
        1.2764969425911072,
        1.0214708893442719,
        1.0968705484240153,
        0.9166666666666666,
        1.1577036657874837,
        1.1388041973930374,
        0.9691419458010839,
        1.4950380894441748,
        1.0466547239233726,
        1.2788341044352338,
        1.2754356554178305,
        1.2761160692594629,
        1.521261355294057,
        1.116480083914522,
        1.2169234888758527,
        1.4209494087483279,
        1.1632688616327889,
        1.2610621625351297,
        0.8504083986205948,
        1.3043729868748772,
        1.1740835669671141,
        1.0905210273585335
    ],
    [
        1.9457731530847335,
        1.5640270315936216,
        1.7230060940112777,
        1.996089927833914,
        1.3287682265918312,
        1.5132745950421556,
        1.704772712123232,
        1.192424001771182,
        1.5309310892394863,
        1.4391837964624254,
        1.86399833581427,
        1.625,
        1.7633419974582356,
        1.400669482783144,
        1.375,
        1.4368066207065313,
        1.25,
        1.299038105676658,
        1.5119633471963883,
        1.5155444566227676,
        1.403121520040228,
        1.4361406616345072,
        1.3559283412727485,
        0.0,
        1.43311529349332,
        1.4949916387726052,
        1.8948028334836788,
        1.562361104937723,
        1.5773791554347354,
        1.2977009585331196,
        1.346291201783626,
        1.595893166850463,
        1.4684175155588413,
        1.3925645805890337,
        1.5309310892394863,
        1.7542804792848834,
        1.2808688457449497,
        1.4306903927824497,
        1.5178338000072487,
        1.3975424859373686,
        1.6414763002993509,
        1.3693063937629153,
        1.334634781503914,
        1.4654587829224146,
        1.4945735177635124,
        1.2388390622765422,
        1.5169871456278066,
        1.7897276329095442,
        1.3287682265918312,
        1.7633419974582356
    ],
    [
        1.7378811838184722,
        1.4749058350356548,
        1.2318121249245402,
        1.6666666666666667,
        1.1334558757279536,
        1.3980889734840833,
        1.2506942516503028,
        1.2638125740085917,
        1.2289901003127188,
        1.2986638432549733,
        1.544009068065202,
        1.2068956964966866,
        1.3584866989084254,
        1.3046657724405044,
        1.567907310185565,
        1.2832455354718322,
        1.2451293997903279,
        1.2815463749358083,
        1.2658994498906933,
        0.9637527921850314,
        1.3565683830083088,
        1.1606990230986765,
        1.0889278621143317,
        1.43311529349332,
        0.0,
        1.3245544324203684,
        1.4306903927824497,
        1.4942017564200925,
        1.1860590672943363,
        1.125,
        1.2651855375574148,
        1.16443238437351,
        1.3215626272628087,
        1.16963907063485,
        1.0491398593345143,
        1.500717421028282,
        1.2025724741384844,
        1.4601179556612693,
        1.1110243021644486,
        1.43311529349332,
        1.481365736219265,
        1.1843892002959913,
        1.1953323573150876,
        1.334634781503914,
        1.0835256239599402,
        1.1562030771259673,
        1.0682280239308044,
        1.472549753922691,
        1.2754356554178305,
        1.4707802162268993
    ],
    [
        1.9014595629115427,
        1.576674594765127,
        1.648104972384951,
        2.070778838987882,
        1.267625733408722,
        1.492690523852818,
        1.37067501618728,
        1.3502314616390776,
        1.3129166005500883,
        1.4590236461414874,
        1.872171335696624,
        1.245491870708115,
        1.3534677683639165,
        1.3820274961085255,
        1.5960889699512368,
        1.1987929728842819,
        1.3360389215887387,
        1.4188463623662713,
        1.587916745877042,
        1.348842096021621,
        1.3052777482206612,
        1.2124355652982142,
        1.348198386324835,
        1.4949916387726052,
        1.3245544324203684,
        0.0,
        1.9405934086711152,
        1.366742884053585,
        1.2366790206031637,
        1.3111169962203135,
        1.3865424623862046,
        1.4232445327490282,
        1.4665009376062463,
        1.2361173532926035,
        1.5624499991999745,
        1.1357816691600546,
        1.323111862239924,
        1.4845032839303522,
        1.3892693923226138,
        1.6887495373796555,
        1.3271471073111845,
        1.3325257971236428,
        1.2095970403402945,
        1.2641971541039176,
        1.285739087062379,
        1.265844031115647,
        1.4219265100559875,
        1.8389874931602987,
        1.4243419533244115,
        1.8287632432876597
    ],
    [
        0.9714971381030434,
        2.005201569252661,
        1.0565601944254972,
        0.7034142923389222,
        1.702224851317958,
        1.4955721684730268,
        1.6775685115997832,
        1.4294763998673703,
        1.7751173670117328,
        1.4610926276819916,
        0.7490309310041255,
        1.964087291565446,
        1.9978286824561422,
        1.4419556550432164,
        1.8823928330127528,
        1.6857222726472074,
        1.9157606554287747,
        1.6883999657795674,
        1.0559564073579755,
        1.355287997274216,
        1.6713475933442983,
        1.7628496501088482,
        1.211203487812386,
        1.8948028334836788,
        1.4306903927824497,
        1.9405934086711152,
        0.0,
        1.9794955867032837,
        1.7766033447127259,
        1.3076962355396013,
        1.1711224435462664,
        1.016359243137539,
        1.6067349570549037,
        1.4872140247978956,
        0.9119195261766371,
        2.1237905054668436,
        1.4185037108791,
        1.6142808856508764,
        1.6619725562649275,
        1.4294763998673703,
        2.214221709264404,
        1.5416666666666667,
        1.8961767088304589,
        2.117634293262177,
        1.563494128191369,
        1.8147734783652139,
        1.1831866106221602,
        0.8302024518821365,
        1.531497995790759,
        0.8549285220284663
    ],
    [
        1.9817227497027283,
        1.4889640321004698,
        1.660404903764273,
        2.169469341157469,
        1.360402309776209,
        1.4925974749483606,
        1.6223268611609822,
        1.256925260749863,
        1.4294763998673703,
        1.5259559845115676,
        1.8921925308213605,
        1.5540046832476262,
        1.5433549314543447,
        1.479747538527359,
        1.6729049916570609,
        1.4989485165704652,
        1.5969806580614,
        1.582236462170627,
        1.4941424746970677,
        1.463680672520858,
        1.3925645805890337,
        1.3507970897872772,
        1.4403655014536336,
        1.562361104937723,
        1.4942017564200925,
        1.366742884053585,
        1.9794955867032837,
        0.0,
        1.4740580796638312,
        1.5269568501507245,
        1.5005785921140922,
        1.5898986690282426,
        1.3300741416260307,
        1.3925645805890337,
        1.7746282865872378,
        1.585765675557955,
        1.4258282193557228,
        1.3724724243333837,
        1.5063522902104352,
        1.6067349570549037,
        1.532064692570853,
        1.4185037108791,
        1.4349312798102136,
        1.4312970031098058,
        1.481623546429164,
        1.5309310892394863,
        1.5366585321548976,
        1.8147734783652139,
        1.5195485440675394,
        1.8961767088304589
    ],
    [
        1.6499613477229071,
        1.7387335748884716,
        1.198175696632176,
        2.2073740054644113,
        1.2083045973594573,
        1.5489916074659669,
        1.3718144918318949,
        1.1808365678619543,
        1.372953021774598,
        1.466287829861518,
        2.1359860075594588,
        1.4417870855296213,
        1.5662455107677085,
        1.570429877453941,
        1.7150072886142496,
        1.2737488859621413,
        1.5145131230860955,
        1.6126453422870137,
        1.4350078219227909,
        1.35069426592401,
        1.3418736900319643,
        1.2847665157529597,
        1.2764969425911072,
        1.5773791554347354,
        1.1860590672943363,
        1.2366790206031637,
        1.7766033447127259,
        1.4740580796638312,
        0.0,
        1.3890444357343088,
        1.3004806803639952,
        1.2725466592624413,
        1.3672508913875316,
        1.3323173212281092,
        1.4417870855296213,
        1.3833835332256923,
        1.2514991010783827,
        1.5089317413322578,
        1.4643210409985619,
        1.70898361607126,
        1.3378569098043,
        1.5341935992566258,
        1.2095970403402945,
        1.384010878248835,
        1.373408169482037,
        1.2445157469652381,
        1.231107225224513,
        1.9253246479490154,
        1.5421170513291136,
        1.712454378954371
    ],
    [
        1.5349642871454017,
        1.4819516036482283,
        1.2018504251546631,
        1.4148272371958037,
        1.2402396721781015,
        1.2844691943021098,
        1.417891627264463,
        1.1843892002959913,
        1.4475793971700175,
        1.1091788754649892,
