[
    [
        0.0,
        1.9987240828047468,
        0.9289147716885681,
        1.0975970971878077,
        1.2473185525071655,
        1.645576166079026,
        1.2420666615913716,
        1.248993358841767,
        1.5712256362470665,
        1.5693005071154003,
        1.5895866488762775,
        1.4202884875105837,
        1.580937141349383,
        1.2433547854289129,
        1.9975271702578588,
        1.622938252500252,
        1.5219482680473226,
        1.6051575038745882,
        1.5202711895566259,
        1.3449878612607526,
        1.3604413757900229,
        1.4175917347849525,
        1.2702581780891107,
        1.3915974156870723,
        1.1035367539628838,
        1.4301375344165113,
        0.9835127531460418,
        1.5992974293650615,
        1.1580959478772888,
        1.1916214729073475,
        1.0898872915994673,
        1.098613458233716,
        1.6263839388512442,
        1.5561463791327546,
        0.8590009622004067,
        1.433580503921733,
        1.3074794648561054,
        1.6834086835698472,
        1.6060622469391046,
        1.6299092945283864,
        1.3240937301978306,
        1.7729903829291302,
        1.4325836514379697,
        1.4970326848170115,
        1.456424893150263,
        1.4627726406335129,
        1.0377135875548313,
        1.9174613850780169,
        1.3538493872160617,
        0.7709654694615322
    ],
    [
        1.9987240828047468,
        0.0,
        2.0615528128088303,
        1.8371173070873836,
        1.5,
        1.6145819892467523,
        1.6909686573085854,
        1.5789412767913682,
        1.5512092057488571,
        1.6618889854620253,
        1.5775044875255555,
        1.6630168369562588,
        1.6007810593582121,
        1.6990806337546196,
        1.58607219255619,
        1.6053561496898248,
        1.5662455107677085,
        1.6056540723331412,
        1.5275948148535157,
        1.625,
        1.6414763002993509,
        1.5360257159305635,
        1.685312368013057,
        1.620185174601965,
        1.58607219255619,
        1.4728798321655436,
        1.9409691164753526,
        1.6287350238076719,
        1.7244564360980532,
        1.5360257159305635,
        1.6094339929856638,
        1.7633419974582356,
        1.6045724594974755,
        1.49362069407791,
        2.038688303787511,
        1.4504309704360285,
        1.7544586059522749,
        1.5461646096066226,
        1.4860462083439174,
        1.5728821740147396,
        1.49362069407791,
        1.5612494995995996,
        1.571225636247067,
        1.49362069407791,
        1.5612494995995996,
        1.6478099944404323,
        1.75,
        1.5612494995995996,
        1.7365554986812255,
        1.948557158514987
    ],
    [
        0.9289147716885681,
        2.0615528128088303,
        0.0,
        1.3693063937629153,
        1.375,
        1.6180621125284407,
        1.4306903927824497,
        1.2631255326020099,
        1.5155444566227676,
        1.6180621125284407,
        1.4427864197660112,
        1.5103807466993215,
        1.7633419974582356,
        1.497706580075016,
        2.0,
        1.5892857142857142,
        1.6630168369562588,
        1.6007810593582121,
        1.5222625145701072,
        1.4684175155588413,
        1.4529663145135578,
        1.4142135623730951,
        1.4227809232469895,
        1.4415703243338496,
        1.0825317547305484,
        1.3950806428303706,
        1.3507970897872772,
        1.6791201399674904,
        1.040132203135736,
        1.3919410907075054,
        1.2346276991690879,
        1.0077822185373186,
        1.4924578907143597,
        1.5337635266088303,
        1.224744871391589,
        1.548588066594858,
        1.243734296383275,
        1.9121323175972944,
        1.7726706155152205,
        1.6398890545128688,
        1.43311529349332,
        1.824314939915803,
        1.3050383136138188,
        1.6588357697828653,
        1.375,
        1.611589967151143,
        1.1989578808281798,
        1.940521837032503,
        1.4523687548277813,
        0.81967981553775
    ],
    [
        1.0975970971878077,
        1.8371173070873836,
        1.3693063937629153,
        0.0,
        1.1524430571616109,
        1.3681648292512127,
        1.2119199643540823,
        1.0793194872490515,
        1.4252192813739224,
        1.1855905701379377,
        1.2655915370985658,
        1.14564392373896,
        1.3228756555322954,
        1.0074720839804943,
        1.6583123951777,
        1.3250433185063677,
        1.2374368670764582,
        1.5155444566227676,
        1.4316930180591032,
        1.1858541225631423,
        1.1666666666666667,
        1.340475661845451,
        1.162193806748446,
        1.2686114456365274,
        1.0752906583803283,
        1.2361735315076117,
        0.8926785535678563,
        1.3546473505840715,
        1.3407087677791922,
        1.0458250331675945,
        1.1486707293408518,
        1.3806701271484076,
        1.6223268611609822,
        1.5433549314543447,
        0.9842509842514764,
        1.3171939872319491,
        1.2562344526401112,
        1.4086784586980805,
        1.3320306135954818,
        1.4258282193557228,
        1.2651855375574148,
        1.741048534648015,
        1.334634781503914,
        1.206176235510844,
        1.4197270864500684,
        1.3017082793177757,
        1.0532687216470449,
        1.5662455107677085,
        1.165922381636102,
        1.1388041973930374
    ],
    [
        1.2473185525071655,
        1.5,
        1.375,
        1.1524430571616109,
        0.0,
        1.2422258248804845,
        1.103970108290981,
        1.0976616560266244,
        1.1858541225631423,
        1.158932698649926,
        1.1039701082909807,
        1.2054563451241194,
        1.1726039399558574,
        1.0228636272739393,
        1.403121520040228,
        1.2397539255506986,
        1.1110243021644486,
        1.2930100540985752,
        1.07662430678449,
        1.015504800579495,
        1.076097630845413,
        1.0897247358851685,
        1.0639287779003088,
        1.165922381636102,
        1.015504800579495,
        1.1014195385955345,
        1.2197734306920374,
        1.1887785514739255,
        0.9604686356149273,
        0.9100137361600648,
        0.9637527921850314,
        1.0825317547305484,
        1.3254978100489054,
        1.2211959074794037,
        1.2747548783981961,
        1.0971554128745846,
        1.1319231422671772,
        1.25,
        1.1464013743498005,
        1.2318121249245402,
        0.9391189724653871,
        1.3693063937629153,
        1.0968705484240153,
        1.0833333333333333,
        1.118033988749895,
        1.182188413259259,
        1.015504800579495,
        1.352081728298996,
        1.103970108290981,
        1.2183492931011204
    ],
    [
        1.645576166079026,
        1.6145819892467523,
        1.6180621125284407,
        1.3681648292512127,
        1.2422258248804845,
        0.0,
        1.489966442575134,
        1.2327419753451156,
        1.2283118496538248,
        1.084550598174193,
        1.1969668298815699,
        1.182951816432098,
        1.5610493265749164,
        1.2720554233208552,
        1.5134810867665311,
        1.48208261495472,
        1.3224031155438194,
        1.407346794503757,
        1.2811675558343059,
        1.2384466076500835,
        1.2708265027138834,
        1.2492497748648987,
        1.3165875503656328,
        1.506444489518283,
        1.275245074485685,
        1.165922381636102,
        1.4330426061743982,
        1.4036658355099256,
        1.503329637837291,
        1.2671325897474186,
        1.3165875503656328,
        1.4239030865898141,
        1.5517015749743175,
        1.4083333333333334,
        1.497706580075016,
        1.1895377253370318,
        1.3024016277631105,
        1.5196627915429133,
        1.3302307652767955,
        1.2161528595443003,
        1.3623152270226513,
        1.6005858302509117,
        1.2584712948653218,
        1.147339918633048,
        1.2720554233208552,
        1.3618563719341983,
        1.3437354650376687,
        1.5530212490497355,
        1.2255100978776143,
        1.464368464560747
    ],
    [
        1.2420666615913716,
        1.6909686573085854,
        1.4306903927824497,
        1.2119199643540823,
        1.103970108290981,
        1.489966442575134,
        0.0,
        1.1516895800904376,
        1.5360257159305635,
        1.4139925742379271,
        1.3214285714285714,
        1.5155444566227676,
        1.0968705484240153,
        1.2308533625091171,
        1.6007810593582121,
        1.119601559958374,
        1.352081728298996,
        1.3975424859373686,
        1.4362516762569923,
        1.286953767623375,
        1.2018504251546631,
        1.4142135623730951,
        1.024017143953709,
        1.243734296383275,
        0.9842509842514764,
        1.3167194082263693,
        1.360402309776209,
        1.3176156917368247,
        1.090011467829582,
        1.0825317547305484,
        0.9446486707295528,
        1.0752906583803283,
        1.2876280950302037,
        1.2692955176439846,
        1.4737282653189494,
        1.2811127975318957,
        1.3693063937629153,
        1.1524430571616109,
        1.3718398027628607,
        1.481365736219265,
        1.068812944865055,
        1.299038105676658,
        1.3228756555322954,
        1.3469358229370512,
        1.5103807466993215,
        1.1118053386771944,
        1.299038105676658,
        1.3919410907075054,
        1.5155444566227676,
        1.3975424859373686
    ],
    [
        1.248993358841767,
        1.5789412767913682,
        1.2631255326020099,
        1.0793194872490515,
        1.0976616560266244,
        1.2327419753451156,
        1.1516895800904376,
        0.0,
        1.2318121249245402,
        1.1801600644733654,
        1.1512126358235555,
        1.125,
        1.3430634551071832,
        1.1465830880393177,
        1.547287052302262,
        1.194309305227623,
        1.203294089849471,
        1.3063679505492403,
        1.2767267441149348,
        1.1486707293408518,
        1.1219093348196882,
        1.1118053386771944,
        1.0391636594449938,
        1.1234557302260635,
        0.950146187582615,
        1.1197718021493883,
        1.314317524632292,
        1.1799835215421914,
        1.1546403961599665,
        1.0137937550497031,
        1.024017143953709,
        1.1372786719963484,
        1.3869430814244366,
        1.247219128924647,
        1.2388390622765422,
        1.0949378470437894,
        1.1531960419248373,
        1.360402309776209,
        1.2119199643540823,
        1.2624381172952597,
        1.1118053386771944,
        1.504622507105649,
        1.062295731998497,
        1.192424001771182,
        1.1996816707406641,
        1.1799835215421914,
        1.0540925533894598,
        1.3925645805890337,
        1.2444320435890066,
        1.1242281302693367
    ],
    [
        1.5712256362470665,
        1.5512092057488571,
        1.5155444566227676,
        1.4252192813739224,
        1.1858541225631423,
        1.2283118496538248,
        1.5360257159305635,
        1.2318121249245402,
        0.0,
        1.1763290356018592,
        1.2498724424712224,
        1.2183492931011204,
        1.6007810593582121,
        1.2247448713915892,
        1.4630874888399532,
        1.3956016916128515,
        1.231107225224513,
        1.357847561400027,
        1.2643311129863515,
        1.243734296383275,
        1.2388390622765422,
        1.125,
        1.3546473505840717,
        1.4361406616345072,
        1.1792476415070754,
        1.2026013470805694,
        1.5195485440675391,
        1.319590635176093,
        1.3442005058770066,
        1.243734296383275,
        1.3076962355396013,
        1.3635890143294642,
        1.43311529349332,
        1.4055939827860835,
        1.505199322349037,
        1.2134661099511597,
        1.25,
        1.595893166850463,
        1.2444320435890066,
        1.2254534308210618,
        1.2211959074794039,
        1.625,
        1.1792476415070754,
        1.1629404780794053,
        1.0752906583803283,
        1.3488678380198873,
        1.2374368670764582,
        1.5103807466993215,
        1.243734296383275,
        1.3919410907075054
    ],
    [
        1.5693005071154003,
        1.6618889854620253,
        1.6180621125284407,
        1.1855905701379377,
        1.158932698649926,
        1.084550598174193,
        1.4139925742379271,
        1.1801600644733654,
        1.1763290356018592,
        0.0,
        1.2084998712352064,
        1.1895377253370318,
        1.4945735177635124,
        1.159202311936963,
        1.4861863947701848,
        1.3283409938409518,
        1.2544919290294378,
        1.3858661551535199,
        1.3310748303839393,
        1.1121488209767612,
        1.125956383603636,
        1.2720554233208552,
        1.2243478989967589,
        1.3332291625973383,
        1.2083045973594573,
        1.2579745625409124,
        1.30679314864034,
        1.3689513423704212,
        1.4230249470757708,
        1.1720708169731042,
        1.2253684253226773,
        1.3962002005443201,
        1.600477359345573,
        1.4786912381487145,
        1.4037895141366459,
        1.1898004034290794,
        1.2036403117210723,
        1.401338645724152,
        1.347090486113601,
        1.2632904566162835,
        1.2986638432549733,
        1.6486737093797548,
        1.2088217403736583,
        1.1119927058114085,
        1.35531361684298,
        1.3517221525808394,
        1.2409673645990857,
        1.4756354563373706,
        1.2234684303242156,
        1.3282977828785232
    ],
    [
        1.5895866488762775,
        1.5775044875255555,
        1.4427864197660112,
        1.2655915370985658,
        1.1039701082909807,
        1.1969668298815699,
        1.3214285714285714,
        1.1512126358235555,
        1.2498724424712224,
        1.2084998712352064,
        0.0,
        1.2761299514787765,
        1.3630042598043843,
        1.1889478284498065,
        1.4193901392312611,
        1.254329237773996,
        1.311618994889561,
        1.305160479615829,
        1.2640788773503278,
        1.1851816790032226,
        1.1845238095238095,
        1.1488403647476308,
        1.1478839103564997,
        1.316593470797626,
        1.1315004937457778,
        1.1772232548827495,
        1.4019215635315638,
        1.3550265454135981,
        1.2834752329006538,
        1.0820898148245084,
        1.1004984955807573,
        1.2370502687227138,
        1.4245603411343726,
        1.3317645958560056,
        1.558489751689901,
        1.1922849354692604,
        1.1612636062777935,
        1.4267845968170125,
        1.2278796732837838,
        1.2572634772581146,
        1.1678504684047903,
        1.4509409332694196,
        1.143833288480771,
        1.1397993567712454,
        1.2388533622108893,
        1.182622906414175,
        1.2669765553619114,
        1.379514851130569,
        1.2264360595494839,
        1.4135369590830928
    ],
    [
        1.4202884875105837,
        1.6630168369562588,
        1.5103807466993215,
        1.14564392373896,
        1.2054563451241194,
        1.182951816432098,
        1.5155444566227676,
        1.125,
        1.2183492931011204,
        1.1895377253370318,
        1.2761299514787765,
        0.0,
        1.4842927608797396,
        1.0865656906050365,
        1.4842927608797396,
        1.2602892848995635,
        1.2183492931011204,
        1.3919410907075054,
        1.2948583564488072,
        1.0968705484240153,
        1.1242281302693367,
        1.1524430571616109,
        1.1755613316388238,
        1.346291201783626,
        1.2183492931011204,
        1.1696687565289585,
        1.1577036657874837,
        1.3488678380198873,
        1.4598801320656434,
        1.1726039399558574,
        1.3241873818392254,
        1.3919410907075054,
        1.660404903764273,
        1.542229626943479,
        1.1726039399558574,
        1.185063289449133,
        1.243734296383275,
        1.4947825928876748,
        1.2631255326020099,
        1.3235316811890492,
        1.4166666666666667,
        1.7853571071357126,
        1.2747548783981961,
        1.2444320435890066,
        1.286953767623375,
        1.3533651474093096,
        1.14564392373896,
        1.5612494995995996,
        1.1858541225631423,
        1.231107225224513
    ],
    [
        1.580937141349383,
        1.6007810593582121,
        1.7633419974582356,
        1.3228756555322954,
        1.1726039399558574,
        1.5610493265749164,
        1.0968705484240153,
        1.3430634551071832,
        1.6007810593582121,
        1.4945735177635124,
        1.3630042598043843,
        1.4842927608797396,
        0.0,
        1.3833835332256923,
        1.4737282653189494,
        1.269993170478182,
        1.352081728298996,
        1.2930100540985752,
        1.5001062887512406,
        1.334634781503914,
        1.2781551375148306,
        1.5360257159305635,
        1.1188101318414627,
        1.3919410907075054,
        1.224744871391589,
        1.4519383595731605,
        1.4907119849998598,
        1.3116730198914328,
        1.4146554350795109,
        1.1319231422671772,
        1.206176235510844,
        1.346291201783626,
        1.420338379088276,
        1.4037400439935848,
        1.653594569415369,
        1.352312833629852,
        1.5761900266148114,
        1.0897247358851685,
        1.4385563751360058,
        1.3195906351760929,
        1.0833333333333333,
        1.224744871391589,
        1.489546910976623,
        1.3775229379013783,
        1.5562374497485916,
        1.2936812246883354,
        1.5662455107677085,
        1.3919410907075054,
        1.505199322349037,
        1.6441183047457382
    ],
    [
        1.2433547854289129,
        1.6990806337546196,
        1.497706580075016,
        1.0074720839804943,
        1.0228636272739393,
        1.2720554233208552,
        1.2308533625091171,
        1.1465830880393177,
        1.2247448713915892,
        1.159202311936963,
        1.1889478284498065,
        1.0865656906050365,
        1.3833835332256923,
        0.0,
        1.55,
        1.2681639467822634,
        1.1789826122551597,
        1.3914920050075745,
        1.1734629547294833,
        1.054454835448157,
        0.9657682606781678,
        1.093732142711368,
        1.1520211707159629,
        1.2547410091329605,
        1.1776565713313878,
        1.2255100978776143,
        0.9999305531441226,
        1.3137361903280955,
        1.2285662375305615,
        1.036520622081394,
        1.2179502361663952,
        1.3390761740842079,
        1.5203709342715606,
        1.5100588656664276,
        1.0392304845413265,
        1.2474974949874649,
        1.0948744220229094,
        1.4208272238382822,
        1.2964963469974675,
        1.3177737961341385,
        1.2115187896924164,
        1.6013666038730794,
        1.182687617251487,
        1.2192324543653592,
        1.2963892162464172,
        1.286575989896352,
        1.0350120772242226,
        1.5070666873101535,
        0.9483538369195329,
        1.1720708169731042
    ],
    [
        1.9975271702578588,
        1.58607219255619,
        2.0,
        1.6583123951777,
        1.403121520040228,
        1.5134810867665311,
        1.6007810593582121,
        1.547287052302262,
        1.4630874888399532,
        1.4861863947701848,
        1.4193901392312611,
        1.4842927608797396,
        1.4737282653189494,
        1.55,
        0.0,
        1.4027805841780598,
        1.5103807466993215,
        1.5258194519667128,
        1.5657364440559267,
        1.4737282653189494,
        1.4719601443879746,
        1.5662455107677085,
        1.4074454795045446,
        1.6105123408406408,
        1.5258194519667128,
        1.5083103128998356,
        1.8022940628235142,
        1.4403655014536336,
        1.7122718826167764,
        1.403121520040228,
        1.4240006242195884,
        1.620185174601965,
        1.5996961517043722,
        1.5143984871155207,
        1.928406077567689,
        1.4450346016618425,
        1.620185174601965,
        1.479019945774904,
        1.467234738471584,
        1.3623152270226513,
        1.4349312798102136,
        1.5155444566227676,
        1.5662455107677085,
        1.379412113103904,
        1.5309310892394863,
        1.5399765510480274,
        1.704772712123232,
        1.6105123408406408,
        1.5155444566227676,
        1.80710403685012
    ],
    [
        1.622938252500252,
        1.6053561496898248,
        1.5892857142857142,
        1.3250433185063677,
        1.2397539255506986,
        1.48208261495472,
        1.119601559958374,
        1.194309305227623,
        1.3956016916128515,
        1.3283409938409518,
        1.254329237773996,
        1.2602892848995635,
        1.269993170478182,
        1.2681639467822634,
        1.4027805841780598,
        0.0,
        1.2270858959006772,
        1.3517279191268259,
        1.5190121655811955,
        1.2917763833147733,
        1.24763097504295,
        1.4122956778354359,
        1.0352352477290316,
        1.2433496561092292,
        1.1721959594483078,
        1.3886107431236328,
        1.562213692589843,
        1.2783630228306002,
        1.2759900117963627,
        1.0453675752322429,
        1.1081344765598575,
        1.2558536408940888,
        1.3726660257107661,
        1.1962804930870474,
        1.7123314753962366,
        1.2757450804153947,
        1.4877261447029333,
        1.18073394677261,
        1.3067611551286975,
        1.3363194665024107,
        1.1359850430972185,
        1.3987968591118671,
        1.353378237249744,
        1.2329333787976087,
        1.4612337532484845,
        1.1897319101968264,
        1.4718879310710626,
        1.2713733936662546,
        1.439688883624741,
        1.5892857142857142
    ],
    [
        1.5219482680473226,
        1.5662455107677085,
        1.6630168369562588,
        1.2374368670764582,
        1.1110243021644486,
        1.3224031155438194,
        1.352081728298996,
        1.203294089849471,
        1.231107225224513,
        1.2544919290294378,
        1.311618994889561,
        1.2183492931011204,
        1.352081728298996,
        1.1789826122551597,
        1.5103807466993215,
        1.2270858959006772,
        0.0,
        1.3919410907075054,
        1.360428353910065,
        1.1726039399558574,
        1.1372786719963484,
        1.2624381172952597,
        1.1953323573150876,
        1.334634781503914,
        1.2374368670764582,
        1.255736835487436,
        1.3724724243333837,
        1.2465229418042993,
        1.4035668847618201,
        1.125,
        1.2774758097296577,
        1.3110110602126894,
        1.4276534749176513,
        1.4111411851563416,
        1.4361406616345072,
        1.2059747095192337,
        1.340475661845451,
        1.2930100540985752,
        1.222616729260101,
        1.1967838846954226,
        1.2147816447594375,
        1.5155444566227676,
        1.243734296383275,
        1.1755613316388236,
        1.3919410907075054,
        1.2956926504555177,
        1.2747548783981961,
        1.403121520040228,
        1.2747548783981961,
        1.4361406616345072
    ],
    [
        1.6051575038745882,
        1.6056540723331412,
        1.6007810593582121,
        1.5155444566227676,
        1.2930100540985752,
        1.407346794503757,
        1.3975424859373686,
        1.3063679505492403,
        1.357847561400027,
        1.3858661551535199,
        1.305160479615829,
        1.3919410907075054,
        1.2930100540985752,
        1.3914920050075745,
        1.5258194519667128,
        1.3517279191268259,
        1.3919410907075054,
        0.0,
        1.3530247671081868,
        1.3635890143294642,
        1.3450010326307478,
        1.3110110602126894,
        1.267242193812129,
        1.299038105676658,
        1.2747548783981961,
        1.384963898446454,
        1.6351180725290486,
        1.4185037108791,
        1.3656500283747663,
        1.1726039399558574,
        1.3037073205968346,
        1.3635890143294642,
        1.3215626272628087,
        1.3391798899990164,
        1.7230060940112777,
        1.3308831654206166,
        1.4842927608797396,
        1.299038105676658,
        1.3680379299485002,
        1.2610621625351297,
        1.2233265213252664,
        1.357847561400027,
        1.334634781503914,
        1.3274610268394993,
        1.3050383136138188,
        1.3565683830083088,
        1.5811388300841898,
        1.4630874888399532,
        1.3806701271484076,
        1.5155444566227676
    ],
    [
        1.5202711895566259,
        1.5275948148535157,
        1.5222625145701072,
        1.4316930180591032,
        1.07662430678449,
        1.2811675558343059,
        1.4362516762569923,
        1.2767267441149348,
        1.2643311129863515,
        1.3310748303839393,
        1.2640788773503278,
        1.2948583564488072,
        1.5001062887512406,
        1.1734629547294833,
        1.5657364440559267,
        1.5190121655811955,
        1.360428353910065,
        1.3530247671081868,
        0.0,
        1.1906845055835467,
        1.2394681033162258,
        1.1131748125363357,
        1.3667942117354608,
        1.3937725929348468,
        1.2351154618421845,
        1.2473032133857624,
        1.4254181468692042,
        1.365276898314146,
        1.3301306135036484,
        1.1803287764043386,
        1.1829524154561586,
        1.419951673509363,
        1.4977070532095254,
        1.3610662795152777,
        1.4378049809571902,
        1.3301306135036484,
        1.2266960353996854,
        1.4458773199997972,
        1.3946620377519727,
        1.3500887054085207,
        1.2476309750429495,
        1.5462677250563759,
        1.2375657063570484,
        1.2637424848548895,
        1.1612636062777935,
        1.3480007452039093,
        1.2643311129863515,
        1.549152171021166,
        1.2266960353996854,
        1.336425517290547
    ],
    [
        1.3449878612607526,
        1.625,
        1.4684175155588413,
        1.1858541225631423,
        1.015504800579495,
        1.2384466076500835,
        1.286953767623375,
        1.1486707293408518,
        1.243734296383275,
        1.1121488209767612,
        1.1851816790032226,
        1.0968705484240153,
        1.334634781503914,
        1.054454835448157,
        1.4737282653189494,
        1.2917763833147733,
        1.1726039399558574,
        1.3635890143294642,
        1.1906845055835467,
        0.0,
        1.07124667768187,
        1.1319231422671772,
        1.125771340508858,
        1.1726039399558574,
        1.0383279828647594,
        1.1532562594670797,
        1.1606990230986765,
        1.2381381631753021,
        1.2085631965271821,
        1.0752906583803283,
        1.0905210273585335,
        1.25,
        1.420338379088276,
        1.375631168268265,
        1.1989578808281798,
        1.1755317945508748,
        1.1110243021644486,
        1.3635890143294642,
        1.2589954108115107,
        1.2465229418042993,
        1.125771340508858,
        1.5512092057488571,
        1.0825317547305484,
        1.1953323573150876,
        1.1858541225631423,
        1.2506942516503028,
        1.1319231422671772,
        1.3975424859373686,
        1.0968705484240153,
        1.1858541225631423
    ],
    [
        1.3604413757900229,
        1.6414763002993509,
        1.4529663145135578,
        1.1666666666666667,
        1.076097630845413,
        1.2708265027138834,
        1.2018504251546631,
        1.1219093348196882,
        1.2388390622765422,
        1.125956383603636,
        1.1845238095238095,
        1.1242281302693367,
        1.2781551375148306,
        0.9657682606781678,
        1.4719601443879746,
        1.24763097504295,
        1.1372786719963484,
        1.3450010326307478,
        1.2394681033162258,
        1.07124667768187,
        0.0,
        1.1118053386771944,
        1.0777097630314636,
        1.215496012151235,
        1.1509356097444277,
        1.1933263500726772,
        1.2296962136144756,
        1.2126360175712707,
        1.2072984073726116,
        1.0290907529357056,
        1.1599509089229212,
        1.2562344526401112,
        1.375631168268265,
        1.3057033013326997,
        1.2444320435890066,
        1.1543697173975263,
        1.1873172373979173,
        1.3076962355396013,
        1.2104865871944959,
        1.2395395650536265,
        1.135751097536584,
        1.467234738471584,
        1.070436048222094,
        1.1681538140730154,
        1.2692955176439846,
        1.1219093348196882,
        1.161446655397196,
        1.4475793971700175,
        1.0793194872490515,
        1.2318121249245402
    ],
    [
        1.4175917347849525,
        1.5360257159305635,
        1.4142135623730951,
        1.340475661845451,
        1.0897247358851685,
        1.2492497748648987,
        1.4142135623730951,
        1.1118053386771944,
        1.125,
        1.2720554233208552,
        1.1488403647476308,
        1.1524430571616109,
        1.5360257159305635,
        1.093732142711368,
        1.5662455107677085,
        1.4122956778354359,
        1.2624381172952597,
        1.3110110602126894,
        1.1131748125363357,
        1.1319231422671772,
        1.1118053386771944,
        0.0,
        1.2465229418042993,
        1.3169567191065923,
        1.224744871391589,
        1.1895377253370318,
        1.4062114192238504,
        1.313656897536204,
        1.27033460159125,
        1.0968705484240153,
        1.1953323573150878,
        1.2374368670764582,
        1.4601179556612693,
        1.3661330258962503,
        1.357847561400027,
        1.2070107704573312,
        1.1388041973930374,
        1.5562374497485916,
        1.2444320435890066,
        1.2506942516503028,
        1.2402396721781015,
        1.571225636247067,
        1.0752906583803283,
        1.182188413259259,
        1.1726039399558574,
        1.3313787757225382,
        1.2054563451241194,
        1.4306903927824497,
        1.125,
        1.1858541225631423
    ],
    [
        1.2702581780891107,
        1.685312368013057,
        1.4227809232469895,
        1.162193806748446,
        1.0639287779003088,
        1.3165875503656328,
        1.024017143953709,
        1.0391636594449938,
        1.3546473505840717,
        1.2243478989967589,
        1.1478839103564997,
        1.1755613316388238,
        1.1188101318414627,
        1.1520211707159629,
        1.4074454795045446,
        1.0352352477290316,
        1.1953323573150876,
        1.267242193812129,
        1.3667942117354608,
        1.125771340508858,
        1.0777097630314636,
        1.2465229418042993,
        0.0,
        1.1975089885999928,
        1.116480083914522,
        1.2926340463479127,
        1.2983697042402402,
        1.1989578808281798,
        1.193937230808685,
        0.982485510212633,
        1.0383279828647594,
        1.0223203455321082,
        1.3693063937629153,
        1.2374368670764582,
        1.3718398027628607,
        1.2134088804319472,
        1.3017082793177759,
        1.2506942516503028,
        1.3063679505492403,
        1.2444320435890066,
        1.0532687216470449,
        1.3869430814244366,
        1.2486103386476415,
        1.226161580796847,
        1.3944333775567928,
        1.192424001771182,
        1.2651855375574148,
        1.4055939827860833,
        1.313656897536204,
        1.2774758097296577
    ],
    [
        1.3915974156870723,
        1.620185174601965,
        1.4415703243338496,
        1.2686114456365274,
        1.165922381636102,
        1.506444489518283,
        1.243734296383275,
        1.1234557302260635,
        1.4361406616345072,
        1.3332291625973383,
        1.316593470797626,
        1.346291201783626,
        1.3919410907075054,
        1.2547410091329605,
        1.6105123408406408,
        1.2433496561092292,
        1.334634781503914,
        1.299038105676658,
        1.3937725929348468,
        1.1726039399558574,
        1.215496012151235,
        1.3169567191065923,
        1.1975089885999928,
        0.0,
        0.9921567416492215,
        1.377270852083932,
        1.4043582955293932,
        1.2842529172852033,
        1.1876973520219702,
        1.1792476415070754,
        1.107894650025694,
        1.1524430571616109,
        1.2658714609136092,
        1.2903218806001684,
        1.4142135623730951,
        1.2641696879770532,
        1.2930100540985752,
        1.375,
        1.3274610268394993,
        1.3391798899990164,
        1.2296962136144756,
        1.4142135623730951,
        1.2374368670764582,
        1.3391798899990164,
        1.3050383136138188,
        1.1219093348196882,
        1.3693063937629153,
        1.3287682265918312,
        1.286953767623375,
        1.2930100540985752
    ],
    [
        1.1035367539628838,
        1.58607219255619,
        1.0825317547305484,
        1.0752906583803283,
        1.015504800579495,
        1.275245074485685,
        0.9842509842514764,
        0.950146187582615,
        1.1792476415070754,
        1.2083045973594573,
        1.1315004937457778,
        1.2183492931011204,
        1.224744871391589,
        1.1776565713313878,
        1.5258194519667128,
        1.1721959594483078,
        1.2374368670764582,
        1.2747548783981961,
        1.2351154618421845,
        1.0383279828647594,
        1.1509356097444277,
        1.224744871391589,
        1.116480083914522,
        0.9921567416492215,
        0.0,
        1.1597413504743201,
        1.2747548783981961,
        1.2423376263229644,
        0.9324028099485758,
        0.9682458365518543,
        0.8819171036881969,
        0.9013878188659973,
        1.2104865871944959,
        1.130388330520878,
        1.1726039399558574,
        1.0280442597476045,
        1.2183492931011204,
        1.2119199643540823,
        1.2548516955312996,
        1.2916666666666665,
        1.0366546087187274,
        1.3287682265918312,
        1.0307764064044151,
        1.1372786719963484,
        1.1319231422671772,
        0.9664511253952668,
        1.14564392373896,
        1.3863170633011772,
        1.1989578808281798,
        1.159202311936963
    ],
    [
        1.4301375344165113,
        1.4728798321655436,
        1.3950806428303706,
        1.2361735315076117,
        1.1014195385955345,
        1.165922381636102,
        1.3167194082263693,
        1.1197718021493883,
        1.2026013470805694,
        1.2579745625409124,
        1.1772232548827495,
        1.1696687565289585,
        1.4519383595731605,
        1.2255100978776143,
        1.5083103128998356,
        1.3886107431236328,
        1.255736835487436,
        1.384963898446454,
        1.2473032133857624,
        1.1532562594670797,
        1.1933263500726772,
        1.1895377253370318,
        1.2926340463479127,
        1.377270852083932,
        1.1597413504743201,
        0.0,
        1.2773942661179871,
        1.381223290340044,
        1.3379088160259651,
        1.1908505363814554,
        1.1907047399661166,
        1.3095800853708794,
        1.4083333333333334,
        1.3819018698076133,
        1.2534951136721675,
        1.0951598056904757,
        1.2219349409849938,
        1.462232881588976,
        1.2701432552625271,
        1.3130223828167509,
        1.2548516955312998,
        1.6054594358002323,
        1.1065147988165365,
        1.2563450074632279,
        1.1763290356018592,
        1.2758439472669758,
        1.093732142711368,
        1.4543039572248988,
        1.2036403117210723,
        1.3301785594423028
    ],
    [
        0.9835127531460418,
        1.9409691164753526,
        1.3507970897872772,
        0.8926785535678563,
        1.2197734306920374,
        1.4330426061743982,
        1.360402309776209,
        1.314317524632292,
        1.5195485440675391,
        1.30679314864034,
        1.4019215635315638,
        1.1577036657874837,
        1.4907119849998598,
        0.9999305531441226,
        1.8022940628235142,
        1.562213692589843,
        1.3724724243333837,
        1.6351180725290486,
        1.4254181468692042,
        1.1606990230986765,
        1.2296962136144756,
        1.4062114192238504,
        1.2983697042402402,
        1.4043582955293932,
        1.2747548783981961,
        1.2773942661179871,
        0.0,
        1.5126779050559458,
        1.3777497757011048,
        1.1799835215421914,
        1.3359349618234497,
        1.4825372395547665,
        1.8200274723201295,
        1.7320508075688772,
        0.8079466429027216,
        1.429087704329817,
        1.1909671606630376,
        1.5567951410224503,
        1.4571423708371427,
        1.631929668963845,
        1.450574598794101,
        1.8474832731162805,
        1.3869430814244366,
        1.3869430814244366,
        1.570120306784731,
        1.4221706804896677,
        1.006058038970803,
        1.836172044710892,
        1.1938790651578668,
        1.0736748938937604
    ],
    [
        1.5992974293650615,
        1.6287350238076719,
        1.6791201399674904,
        1.3546473505840715,
        1.1887785514739255,
        1.4036658355099256,
        1.3176156917368247,
        1.1799835215421914,
        1.319590635176093,
        1.3689513423704212,
        1.3550265454135981,
        1.3488678380198873,
        1.3116730198914328,
        1.3137361903280955,
        1.4403655014536336,
        1.2783630228306002,
        1.2465229418042993,
        1.4185037108791,
        1.365276898314146,
        1.2381381631753021,
        1.2126360175712707,
        1.313656897536204,
        1.1989578808281798,
        1.2842529172852033,
        1.2423376263229644,
        1.381223290340044,
        1.5126779050559458,
        0.0,
        1.4445539488406485,
        1.16443238437351,
        1.2624381172952597,
        1.303041314259324,
        1.3693063937629153,
        1.346291201783626,
        1.6126668733636358,
        1.3378569098043,
        1.4707802162268993,
        1.2815463749358083,
        1.2047360245667467,
        1.369940185231133,
        1.189508535301683,
        1.3925645805890337,
        1.4619003994040694,
        1.2576156893988808,
        1.4959435892513535,
        1.2374368670764582,
        1.4971036852684736,
        1.3254978100489054,
        1.4166666666666667,
        1.481365736219265
    ],
    [
        1.1580959478772888,
        1.7244564360980532,
        1.040132203135736,
        1.3407087677791922,
        0.9604686356149273,
        1.503329637837291,
        1.090011467829582,
        1.1546403961599665,
        1.3442005058770066,
        1.4230249470757708,
        1.2834752329006538,
        1.4598801320656434,
        1.4146554350795109,
        1.2285662375305615,
        1.7122718826167764,
        1.2759900117963627,
        1.4035668847618201,
        1.3656500283747663,
        1.3301306135036484,
        1.2085631965271821,
        1.2072984073726116,
        1.27033460159125,
        1.193937230808685,
        1.1876973520219702,
        0.9324028099485758,
        1.3379088160259651,
        1.3777497757011048,
        1.4445539488406485,
        0.0,
        1.0505950694725348,
        0.9886157550388882,
        0.9562295749452638,
        1.2335866856897861,
        1.24719128890123,
        1.3649633694718697,
        1.202341465641105,
        1.1056672193747992,
        1.4033442200686188,
        1.3458526830394344,
        1.4276534749176508,
        1.1623730516108461,
        1.3928388277184118,
        1.107925990308017,
        1.3141325825214305,
        1.2111461513789323,
        1.2781279713358562,
        1.1939953936259553,
        1.527866159059752,
        1.2577261228105268,
        1.040132203135736
    ],
    [
        1.1916214729073475,
        1.5360257159305635,
        1.3919410907075054,
        1.0458250331675945,
