[
    [
        0.0,
        1.58607219255619,
        2.25,
        1.357847561400027,
        1.704772712123232,
        1.403121520040228,
        1.403121520040228,
        1.4197270864500684,
        1.704772712123232,
        1.4523687548277813,
        1.4361406616345072,
        1.2930100540985752,
        1.3863170633011772,
        1.3287682265918312,
        1.4523687548277813,
        1.4252192813739224,
        1.6153559979150107,
        1.6298006013006623,
        1.4947825928876748,
        1.334634781503914,
        1.3110110602126894,
        1.590990257669732,
        1.352081728298996,
        1.6298006013006623,
        1.403121520040228,
        1.4086784586980805,
        1.4086784586980805,
        1.4947825928876748,
        2.042516829796024,
        1.346291201783626,
        1.375,
        1.6863421954040052,
        1.875,
        2.065338955232288,
        1.3287682265918312,
        1.3863170633011772,
        1.595893166850463,
        1.3169567191065923,
        1.4469796128487782,
        1.4142135623730951,
        1.5309310892394863,
        1.7275343701356567,
        1.5811388300841898,
        1.3110110602126894,
        1.9324531042175384,
        1.4361406616345072,
        1.3050383136138188,
        1.709349291397168,
        1.2624381172952597,
        1.4252192813739224
    ],
    [
        1.58607219255619,
        0.0,
        1.948557158514987,
        1.8371173070873836,
        1.845602882529175,
        1.6056540723331412,
        1.5662455107677085,
        1.571225636247067,
        1.8200274723201295,
        1.6677080080157918,
        1.6393596310755,
        1.7320508075688772,
        1.704772712123232,
        1.7365554986812255,
        1.6863421954040052,
        1.5612494995995996,
        1.8498310733685928,
        1.6441183047457382,
        1.5662455107677085,
        1.6393596310755,
        1.6583123951777,
        1.595893166850463,
        1.5811388300841898,
        1.6770509831248424,
        1.5512092057488571,
        1.6007810593582121,
        1.9605483926697653,
        1.648863244784115,
        1.9121323175972944,
        1.571225636247067,
        1.4415703243338496,
        1.4737282653189494,
        1.7001838135919305,
        1.9080421903092184,
        1.8957188610128877,
        1.4306903927824497,
        1.6863421954040052,
        1.5461646096066226,
        1.6770509831248424,
        1.5103807466993215,
        1.595893166850463,
        1.58607219255619,
        1.6056540723331412,
        1.541103500742244,
        1.8114220932736798,
        1.590990257669732,
        1.58607219255619,
        1.6056540723331412,
        1.6007810593582121,
        1.6630168369562588
    ],
    [
        2.25,
        1.948557158514987,
        0.0,
        2.4238399287081647,
        1.920286436967152,
        2.072890493972125,
        2.053959590644373,
        2.072890493972125,
        1.964529205687714,
        2.0766559657295187,
        1.9803724397193574,
        2.143303524935281,
        2.038688303787511,
        2.2465250944514286,
        2.072890493972125,
        2.0,
        2.053959590644373,
        1.741048534648015,
        1.8957188610128877,
        2.0615528128088303,
        2.038688303787511,
        1.9080421903092184,
        2.084166500066633,
        1.8498310733685928,
        1.875,
        2.050152433357091,
        2.7012728481217887,
        1.9882467150733583,
        1.713913650100261,
        2.117634293262177,
        1.9525624189766635,
        1.6630168369562588,
        1.6909686573085854,
        1.8114220932736798,
        2.5617376914898995,
        2.0463381929681126,
        1.9525624189766635,
        1.996089927833914,
        1.9921721813136535,
        1.984313483298443,
        1.7853571071357126,
        1.741048534648015,
        1.956559480312316,
        2.099106952968333,
        1.7940875118009154,
        2.065338955232288,
        2.25,
        1.9080421903092184,
        2.125,
        2.0155644370746373
    ],
    [
        1.357847561400027,
        1.8371173070873836,
        2.4238399287081647,
        0.0,
        1.928406077567689,
        1.5761900266148114,
        1.80710403685012,
        1.58607219255619,
        2.0155644370746373,
        1.5155444566227676,
        1.6863421954040052,
        1.4197270864500684,
        1.6630168369562588,
        1.2374368670764582,
        1.7275343701356567,
        1.6723860200324565,
        1.80710403685012,
        1.79843682124227,
        1.7544586059522749,
        1.5103807466993215,
        1.6056540723331412,
        1.8708286933869707,
        1.625,
        1.7320508075688772,
        1.58607219255619,
        1.6345871038277526,
        1.118033988749895,
        1.6770509831248424,
        2.2430448056157952,
        1.5612494995995996,
        1.58607219255619,
        1.920286436967152,
        2.057759704144291,
        2.3717082451262845,
        1.2119199643540823,
        1.595893166850463,
        1.845602882529175,
        1.5612494995995996,
        1.6770509831248424,
        1.6583123951777,
        1.79843682124227,
        2.03100960115899,
        1.9605483926697653,
        1.5258194519667128,
        2.2043990110685496,
        1.620185174601965,
        1.3110110602126894,
        1.8200274723201295,
        1.3287682265918312,
        1.5258194519667128
    ],
    [
        1.704772712123232,
        1.845602882529175,
        1.920286436967152,
        1.928406077567689,
        0.0,
        1.7897276329095442,
        1.7633419974582356,
        1.776583800443987,
        1.4197270864500684,
        1.8328597873268975,
        1.5103807466993215,
        1.8285923547909742,
        1.4947825928876748,
        1.7809758560968758,
        1.5612494995995996,
        1.79843682124227,
        1.4252192813739224,
        1.6007810593582121,
        1.7809758560968758,
        1.71846588560844,
        1.4737282653189494,
        1.541103500742244,
        1.7940875118009154,
        1.58607219255619,
        1.7365554986812255,
        1.5155444566227676,
        2.011684617428885,
        1.7940875118009154,
        1.713913650100261,
        1.3975424859373686,
        1.7455300054711176,
        1.8540496217739157,
        1.976423537605237,
        1.620185174601965,
        1.899835519196333,
        1.7455300054711176,
        1.5811388300841898,
        1.6723860200324565,
        1.5360257159305635,
        1.758905909933786,
        1.4197270864500684,
        1.9243505397925815,
        1.8328597873268975,
        1.709349291397168,
        1.5461646096066226,
        1.8540496217739157,
        1.7455300054711176,
        1.8666480653835098,
        1.713913650100261,
        1.5309310892394863
    ],
    [
        1.403121520040228,
        1.6056540723331412,
        2.072890493972125,
        1.5761900266148114,
        1.7897276329095442,
        0.0,
        1.5206906325745548,
        1.5562374497485916,
        1.8114220932736798,
        1.346291201783626,
        1.541103500742244,
        1.403121520040228,
        1.6153559979150107,
        1.479019945774904,
        1.5360257159305635,
        1.5155444566227676,
        1.8413649828320293,
        1.6723860200324565,
        1.4947825928876748,
        1.4469796128487782,
        1.5258194519667128,
        1.648863244784115,
        1.4086784586980805,
        1.6909686573085854,
        1.479019945774904,
        1.4842927608797396,
        1.6393596310755,
        1.5360257159305635,
        1.9162137145944864,
        1.4947825928876748,
        1.4086784586980805,
        1.648863244784115,
        1.75,
        2.069118169655856,
        1.6345871038277526,
        1.4306903927824497,
        1.6105123408406408,
        1.5258194519667128,
        1.5811388300841898,
        1.3863170633011772,
        1.590990257669732,
        1.7365554986812255,
        1.5461646096066226,
        1.3975424859373686,
        1.8874586088176875,
        1.5612494995995996,
        1.4306903927824497,
        1.6909686573085854,
        1.4842927608797396,
        1.5562374497485916
    ],
    [
        1.403121520040228,
        1.5662455107677085,
        2.053959590644373,
        1.80710403685012,
        1.7633419974582356,
        1.5206906325745548,
        0.0,
        1.5,
        1.79843682124227,
        1.6007810593582121,
        1.5811388300841898,
        1.590990257669732,
        1.5612494995995996,
        1.5258194519667128,
        1.541103500742244,
        1.479019945774904,
        1.7677669529663689,
        1.6153559979150107,
        1.5309310892394863,
        1.4684175155588413,
        1.5512092057488571,
        1.5461646096066226,
        1.5206906325745548,
        1.6056540723331412,
        1.5206906325745548,
        1.58607219255619,
        1.8114220932736798,
        1.5662455107677085,
        1.8915932438026946,
        1.5761900266148114,
        1.5,
        1.6298006013006623,
        1.709349291397168,
        1.9080421903092184,
        1.8027756377319946,
        1.4252192813739224,
        1.6105123408406408,
        1.4684175155588413,
        1.5360257159305635,
        1.4142135623730951,
        1.5360257159305635,
        1.6007810593582121,
        1.4142135623730951,
        1.4842927608797396,
        1.8582585934148133,
        1.541103500742244,
        1.595893166850463,
        1.6298006013006623,
        1.5461646096066226,
        1.5461646096066226
    ],
    [
        1.4197270864500684,
        1.571225636247067,
        2.072890493972125,
        1.58607219255619,
        1.776583800443987,
        1.5562374497485916,
        1.5,
        0.0,
        1.80710403685012,
        1.5,
        1.5103807466993215,
        1.489546910976623,
        1.6153559979150107,
        1.5155444566227676,
        1.6153559979150107,
        1.4252192813739224,
        1.7455300054711176,
        1.5811388300841898,
        1.6007810593582121,
        1.4523687548277813,
        1.5612494995995996,
        1.571225636247067,
        1.5103807466993215,
        1.4469796128487782,
        1.4197270864500684,
        1.590990257669732,
        1.7320508075688772,
        1.5461646096066226,
        1.956559480312316,
        1.5461646096066226,
        1.4252192813739224,
        1.6393596310755,
        1.7365554986812255,
        1.956559480312316,
        1.595893166850463,
        1.4684175155588413,
        1.6298006013006623,
        1.4630874888399532,
        1.5,
        1.4415703243338496,
        1.590990257669732,
        1.6298006013006623,
        1.541103500742244,
        1.4523687548277813,
        1.9162137145944864,
        1.5155444566227676,
        1.4577379737113252,
        1.6007810593582121,
        1.4469796128487782,
        1.5461646096066226
    ],
    [
        1.704772712123232,
        1.8200274723201295,
        1.964529205687714,
        2.0155644370746373,
        1.4197270864500684,
        1.8114220932736798,
        1.79843682124227,
        1.80710403685012,
        0.0,
        1.776583800443987,
        1.5155444566227676,
        1.7940875118009154,
        1.5761900266148114,
        1.824314939915803,
        1.58607219255619,
        1.776583800443987,
        1.4684175155588413,
        1.541103500742244,
        1.7940875118009154,
        1.824314939915803,
        1.5,
        1.571225636247067,
        1.7633419974582356,
        1.6007810593582121,
        1.704772712123232,
        1.5461646096066226,
        2.218529918662356,
        1.709349291397168,
        1.541103500742244,
        1.479019945774904,
        1.7230060940112777,
        1.7809758560968758,
        1.9121323175972944,
        1.58607219255619,
        2.023301757029831,
        1.776583800443987,
        1.6153559979150107,
        1.7320508075688772,
        1.541103500742244,
        1.7001838135919305,
        1.4630874888399532,
        1.8915932438026946,
        1.7940875118009154,
        1.71846588560844,
        1.5155444566227676,
        1.7544586059522749,
        1.8413649828320293,
        1.8624580532189174,
        1.7853571071357126,
        1.620185174601965
    ],
    [
        1.4523687548277813,
        1.6677080080157918,
        2.0766559657295187,
        1.5155444566227676,
        1.8328597873268975,
        1.346291201783626,
        1.6007810593582121,
        1.5,
        1.776583800443987,
        0.0,
        1.5562374497485916,
        1.505199322349037,
        1.6153559979150107,
        1.4684175155588413,
        1.571225636247067,
        1.590990257669732,
        1.7677669529663689,
        1.6677080080157918,
        1.590990257669732,
        1.5103807466993215,
        1.505199322349037,
        1.704772712123232,
        1.5103807466993215,
        1.7365554986812255,
        1.5612494995995996,
        1.6298006013006623,
        1.6630168369562588,
        1.5612494995995996,
        2.003902442735175,
        1.571225636247067,
        1.4306903927824497,
        1.7544586059522749,
        1.9080421903092184,
        2.0766559657295187,
        1.5811388300841898,
        1.5612494995995996,
        1.704772712123232,
        1.479019945774904,
        1.6393596310755,
        1.4737282653189494,
        1.6393596310755,
        1.75,
        1.6677080080157918,
        1.4523687548277813,
        1.9605483926697653,
        1.590990257669732,
        1.5,
        1.7633419974582356,
        1.4630874888399532,
        1.5562374497485916
    ],
    [
        1.4361406616345072,
        1.6393596310755,
        1.9803724397193574,
        1.6863421954040052,
        1.5103807466993215,
        1.541103500742244,
        1.5811388300841898,
        1.5103807466993215,
        1.5155444566227676,
        1.5562374497485916,
        0.0,
        1.6007810593582121,
        1.4469796128487782,
        1.5258194519667128,
        1.5103807466993215,
        1.5761900266148114,
        1.541103500742244,
        1.5103807466993215,
        1.625,
        1.5811388300841898,
        1.4142135623730951,
        1.5258194519667128,
        1.5360257159305635,
        1.5360257159305635,
        1.571225636247067,
        1.3919410907075054,
        1.7809758560968758,
        1.648863244784115,
        1.7633419974582356,
        1.4197270864500684,
        1.5461646096066226,
        1.6863421954040052,
        1.8027756377319946,
        1.7275343701356567,
        1.695582495781317,
        1.5562374497485916,
        1.505199322349037,
        1.5612494995995996,
        1.3635890143294642,
        1.5206906325745548,
        1.4523687548277813,
        1.695582495781317,
        1.595893166850463,
        1.5309310892394863,
        1.7544586059522749,
        1.5103807466993215,
        1.4737282653189494,
        1.6770509831248424,
        1.4630874888399532,
        1.4306903927824497
    ],
    [
        1.2930100540985752,
        1.7320508075688772,
        2.143303524935281,
        1.4197270864500684,
        1.8285923547909742,
        1.403121520040228,
        1.590990257669732,
        1.489546910976623,
        1.7940875118009154,
        1.505199322349037,
        1.6007810593582121,
        0.0,
        1.479019945774904,
        1.3693063937629153,
        1.5662455107677085,
        1.4197270864500684,
        1.7677669529663689,
        1.6007810593582121,
        1.620185174601965,
        1.4361406616345072,
        1.479019945774904,
        1.6345871038277526,
        1.334634781503914,
        1.6298006013006623,
        1.571225636247067,
        1.5103807466993215,
        1.4737282653189494,
        1.403121520040228,
        1.984313483298443,
        1.5103807466993215,
        1.541103500742244,
        1.7275343701356567,
        1.9039432764659772,
        2.080414622136655,
        1.5103807466993215,
        1.3863170633011772,
        1.6583123951777,
        1.3919410907075054,
        1.5662455107677085,
        1.4306903927824497,
        1.6770509831248424,
        1.8114220932736798,
        1.6909686573085854,
        1.4523687548277813,
        2.03100960115899,
        1.5155444566227676,
        1.4252192813739224,
        1.7001838135919305,
        1.4577379737113252,
        1.505199322349037
    ],
    [
        1.3863170633011772,
        1.704772712123232,
        2.038688303787511,
        1.6630168369562588,
        1.4947825928876748,
        1.6153559979150107,
        1.5612494995995996,
        1.6153559979150107,
        1.5761900266148114,
        1.6153559979150107,
        1.4469796128487782,
        1.479019945774904,
        0.0,
        1.5,
        1.4630874888399532,
        1.6345871038277526,
        1.479019945774904,
        1.4630874888399532,
        1.6345871038277526,
        1.5512092057488571,
        1.3919410907075054,
        1.4630874888399532,
        1.5360257159305635,
        1.5258194519667128,
        1.5512092057488571,
        1.5461646096066226,
        1.7809758560968758,
        1.6105123408406408,
        1.8582585934148133,
        1.375,
        1.5155444566227676,
        1.7365554986812255,
        1.8666480653835098,
        1.875,
        1.6393596310755,
        1.595893166850463,
        1.5,
        1.3975424859373686,
        1.4737282653189494,
        1.5761900266148114,
        1.4684175155588413,
        1.6723860200324565,
        1.6863421954040052,
        1.6007810593582121,
        1.6770509831248424,
        1.6630168369562588,
        1.6345871038277526,
        1.648863244784115,
        1.505199322349037,
        1.5103807466993215
    ],
    [
        1.3287682265918312,
        1.7365554986812255,
        2.2465250944514286,
        1.2374368670764582,
        1.7809758560968758,
        1.479019945774904,
        1.5258194519667128,
        1.5155444566227676,
        1.824314939915803,
        1.4684175155588413,
        1.5258194519667128,
        1.3693063937629153,
        1.5,
        0.0,
        1.625,
        1.5155444566227676,
        1.6863421954040052,
        1.6723860200324565,
        1.5461646096066226,
        1.3693063937629153,
        1.3806701271484076,
        1.5662455107677085,
        1.4577379737113252,
        1.5662455107677085,
        1.5206906325745548,
        1.6056540723331412,
        1.2624381172952597,
        1.5461646096066226,
        2.099106952968333,
        1.4252192813739224,
        1.5360257159305635,
        1.776583800443987,
        1.9121323175972944,
        2.190176933491904,
        1.340475661845451,
        1.4842927608797396,
        1.6583123951777,
        1.4252192813739224,
        1.5103807466993215,
        1.5562374497485916,
        1.6441183047457382,
        1.8027756377319946,
        1.71846588560844,
        1.4306903927824497,
        2.069118169655856,
        1.5103807466993215,
        1.2930100540985752,
        1.704772712123232,
        1.2183492931011204,
        1.3806701271484076
    ],
    [
        1.4523687548277813,
        1.6863421954040052,
        2.072890493972125,
        1.7275343701356567,
        1.5612494995995996,
        1.5360257159305635,
        1.541103500742244,
        1.6153559979150107,
        1.58607219255619,
        1.571225636247067,
        1.5103807466993215,
        1.5662455107677085,
        1.4630874888399532,
        1.625,
        0.0,
        1.620185174601965,
        1.489546910976623,
        1.5761900266148114,
        1.6863421954040052,
        1.5258194519667128,
        1.4947825928876748,
        1.571225636247067,
        1.5562374497485916,
        1.6345871038277526,
        1.5811388300841898,
        1.489546910976623,
        1.741048534648015,
        1.5811388300841898,
        1.8027756377319946,
        1.4523687548277813,
        1.5562374497485916,
        1.695582495781317,
        1.8114220932736798,
        1.7365554986812255,
        1.7001838135919305,
        1.5360257159305635,
        1.5612494995995996,
        1.5258194519667128,
        1.403121520040228,
        1.5562374497485916,
        1.5206906325745548,
        1.79843682124227,
        1.6441183047457382,
        1.5309310892394863,
        1.776583800443987,
        1.5811388300841898,
        1.5612494995995996,
        1.7853571071357126,
        1.5206906325745548,
        1.4947825928876748
    ],
    [
        1.4252192813739224,
        1.5612494995995996,
        2.0,
        1.6723860200324565,
        1.79843682124227,
        1.5155444566227676,
        1.479019945774904,
        1.4252192813739224,
        1.776583800443987,
        1.590990257669732,
        1.5761900266148114,
        1.4197270864500684,
        1.6345871038277526,
        1.5155444566227676,
        1.620185174601965,
        0.0,
        1.75,
        1.6056540723331412,
        1.5155444566227676,
        1.489546910976623,
        1.5155444566227676,
        1.6105123408406408,
        1.3975424859373686,
        1.6007810593582121,
        1.5360257159305635,
        1.541103500742244,
        1.758905909933786,
        1.505199322349037,
        1.8498310733685928,
        1.4842927608797396,
        1.4684175155588413,
        1.6393596310755,
        1.6770509831248424,
        1.9121323175972944,
        1.6909686573085854,
        1.5103807466993215,
        1.6105123408406408,
        1.3635890143294642,
        1.5461646096066226,
        1.4630874888399532,
        1.5612494995995996,
        1.6770509831248424,
        1.4630874888399532,
        1.489546910976623,
        1.8957188610128877,
        1.4684175155588413,
        1.5761900266148114,
        1.5562374497485916,
        1.4086784586980805,
        1.595893166850463
    ],
    [
        1.6153559979150107,
        1.8498310733685928,
        2.053959590644373,
        1.80710403685012,
        1.4252192813739224,
        1.8413649828320293,
        1.7677669529663689,
        1.7455300054711176,
        1.4684175155588413,
        1.7677669529663689,
        1.541103500742244,
        1.7677669529663689,
        1.479019945774904,
        1.6863421954040052,
        1.489546910976623,
        1.75,
        0.0,
        1.590990257669732,
        1.8027756377319946,
        1.7320508075688772,
        1.4577379737113252,
        1.541103500742244,
        1.758905909933786,
        1.541103500742244,
        1.7365554986812255,
        1.6056540723331412,
        1.9080421903092184,
        1.776583800443987,
        1.709349291397168,
        1.3635890143294642,
        1.7633419974582356,
        1.8874586088176875,
        1.976423537605237,
        1.709349291397168,
        1.80710403685012,
        1.776583800443987,
        1.595893166850463,
        1.6583123951777,
        1.5103807466993215,
        1.7230060940112777,
        1.5761900266148114,
        1.9605483926697653,
        1.8413649828320293,
        1.7677669529663689,
        1.6345871038277526,
        1.7940875118009154,
        1.7897276329095442,
        1.8666480653835098,
        1.6770509831248424,
        1.4252192813739224
    ],
    [
        1.6298006013006623,
        1.6441183047457382,
        1.741048534648015,
        1.79843682124227,
        1.6007810593582121,
        1.6723860200324565,
        1.6153559979150107,
        1.5811388300841898,
        1.541103500742244,
        1.6677080080157918,
        1.5103807466993215,
        1.6007810593582121,
        1.4630874888399532,
        1.6723860200324565,
        1.5761900266148114,
        1.6056540723331412,
        1.590990257669732,
        0.0,
        1.5206906325745548,
        1.590990257669732,
        1.5309310892394863,
        1.5309310892394863,
        1.571225636247067,
        1.4577379737113252,
        1.5258194519667128,
        1.541103500742244,
        2.003902442735175,
        1.6056540723331412,
        1.6770509831248424,
        1.5258194519667128,
        1.5206906325745548,
        1.5258194519667128,
        1.6105123408406408,
        1.6817030058842137,
        1.9080421903092184,
        1.620185174601965,
        1.648863244784115,
        1.4737282653189494,
        1.5612494995995996,
        1.489546910976623,
        1.3863170633011772,
        1.620185174601965,
        1.653594569415369,
        1.6441183047457382,
        1.6007810593582121,
        1.6105123408406408,
        1.758905909933786,
        1.6817030058842137,
        1.5761900266148114,
        1.571225636247067
    ],
    [
        1.4947825928876748,
        1.5662455107677085,
        1.8957188610128877,
        1.7544586059522749,
        1.7809758560968758,
        1.4947825928876748,
        1.5309310892394863,
        1.6007810593582121,
        1.7940875118009154,
        1.590990257669732,
        1.625,
        1.620185174601965,
        1.6345871038277526,
        1.5461646096066226,
        1.6863421954040052,
        1.5155444566227676,
        1.8027756377319946,
        1.5206906325745548,
        0.0,
        1.5,
        1.5761900266148114,
        1.6007810593582121,
        1.541103500742244,
        1.5811388300841898,
        1.4842927608797396,
        1.590990257669732,
        1.8157298807917437,
        1.4577379737113252,
        1.899835519196333,
        1.595893166850463,
        1.3635890143294642,
        1.590990257669732,
        1.6817030058842137,
        1.9243505397925815,
        1.8200274723201295,
        1.5662455107677085,
        1.648863244784115,
        1.4469796128487782,
        1.704772712123232,
        1.479019945774904,
        1.5,
        1.58607219255619,
        1.6345871038277526,
        1.489546910976623,
        1.8582585934148133,
        1.5562374497485916,
        1.6153559979150107,
        1.5761900266148114,
        1.505199322349037,
        1.6677080080157918
    ],
    [
        1.334634781503914,
        1.6393596310755,
        2.0615528128088303,
        1.5103807466993215,
        1.71846588560844,
        1.4469796128487782,
        1.4684175155588413,
        1.4523687548277813,
        1.824314939915803,
        1.5103807466993215,
        1.5811388300841898,
        1.4361406616345072,
        1.5512092057488571,
        1.3693063937629153,
        1.5258194519667128,
        1.489546910976623,
        1.7320508075688772,
        1.590990257669732,
        1.5,
        0.0,
        1.4737282653189494,
        1.5662455107677085,
        1.505199322349037,
        1.5662455107677085,
        1.3975424859373686,
        1.6056540723331412,
        1.5662455107677085,
        1.4630874888399532,
        1.940521837032503,
        1.4684175155588413,
        1.4469796128487782,
        1.6393596310755,
        1.7633419974582356,
        2.03100960115899,
        1.5562374497485916,
        1.505199322349037,
        1.595893166850463,
        1.3863170633011772,
        1.5206906325745548,
        1.4306903927824497,
        1.5512092057488571,
        1.6909686573085854,
        1.5360257159305635,
        1.4415703243338496,
        1.9445436482630056,
        1.4415703243338496,
        1.3863170633011772,
        1.5562374497485916,
        1.357847561400027,
        1.4842927608797396
    ],
    [
        1.3110110602126894,
        1.6583123951777,
        2.038688303787511,
        1.6056540723331412,
        1.4737282653189494,
        1.5258194519667128,
        1.5512092057488571,
        1.5612494995995996,
        1.5,
        1.505199322349037,
        1.4142135623730951,
        1.479019945774904,
        1.3919410907075054,
        1.3806701271484076,
        1.4947825928876748,
        1.5155444566227676,
        1.4577379737113252,
        1.5309310892394863,
        1.5761900266148114,
        1.4737282653189494,
        0.0,
        1.4577379737113252,
        1.4630874888399532,
        1.4469796128487782,
        1.5512092057488571,
        1.489546910976623,
        1.695582495781317,
        1.5258194519667128,
        1.709349291397168,
        1.340475661845451,
        1.4684175155588413,
        1.695582495781317,
        1.80710403685012,
        1.8027756377319946,
        1.6007810593582121,
        1.5811388300841898,
        1.5206906325745548,
        1.479019945774904,
        1.4361406616345072,
        1.4842927608797396,
        1.4415703243338496,
        1.741048534648015,
        1.5461646096066226,
        1.4947825928876748,
        1.695582495781317,
        1.4577379737113252,
        1.5258194519667128,
        1.6723860200324565,
        1.375,
        1.3110110602126894
    ],
    [
        1.590990257669732,
        1.595893166850463,
        1.9080421903092184,
        1.8708286933869707,
        1.541103500742244,
        1.648863244784115,
        1.5461646096066226,
        1.571225636247067,
        1.571225636247067,
        1.704772712123232,
        1.5258194519667128,
        1.6345871038277526,
        1.4630874888399532,
        1.5662455107677085,
        1.571225636247067,
        1.6105123408406408,
        1.541103500742244,
        1.5309310892394863,
        1.6007810593582121,
        1.5662455107677085,
        1.4577379737113252,
        0.0,
        1.6105123408406408,
        1.5612494995995996,
        1.5612494995995996,
        1.6056540723331412,
        1.976423537605237,
        1.6056540723331412,
        1.7940875118009154,
        1.4252192813739224,
        1.5612494995995996,
        1.595893166850463,
        1.7897276329095442,
        1.709349291397168,
        1.8624580532189174,
        1.58607219255619,
        1.541103500742244,
        1.4947825928876748,
        1.4947825928876748,
        1.595893166850463,
        1.4197270864500684,
        1.6345871038277526,
        1.6105123408406408,
        1.5811388300841898,
        1.6817030058842137,
        1.595893166850463,
        1.6723860200324565,
        1.6153559979150107,
        1.6007810593582121,
        1.505199322349037
    ],
    [
        1.352081728298996,
        1.5811388300841898,
        2.084166500066633,
        1.625,
        1.7940875118009154,
        1.4086784586980805,
        1.5206906325745548,
        1.5103807466993215,
        1.7633419974582356,
        1.5103807466993215,
        1.5360257159305635,
        1.334634781503914,
        1.5360257159305635,
        1.4577379737113252,
        1.5562374497485916,
        1.3975424859373686,
        1.758905909933786,
        1.571225636247067,
        1.541103500742244,
        1.505199322349037,
        1.4630874888399532,
        1.6105123408406408,
        0.0,
        1.6105123408406408,
        1.541103500742244,
        1.6345871038277526,
        1.6345871038277526,
        1.4197270864500684,
        1.9243505397925815,
        1.4684175155588413,
        1.4842927608797396,
        1.5662455107677085,
        1.7633419974582356,
        1.9605483926697653,
        1.5612494995995996,
        1.4947825928876748,
        1.6393596310755,
        1.3975424859373686,
        1.6056540723331412,
        1.3863170633011772,
        1.6345871038277526,
        1.695582495781317,
        1.5360257159305635,
        1.4684175155588413,
        1.8791620472966135,
        1.4630874888399532,
        1.541103500742244,
        1.6863421954040052,
        1.4361406616345072,
        1.5103807466993215
    ],
    [
        1.6298006013006623,
        1.6770509831248424,
        1.8498310733685928,
        1.7320508075688772,
        1.58607219255619,
        1.6909686573085854,
        1.6056540723331412,
        1.4469796128487782,
        1.6007810593582121,
        1.7365554986812255,
        1.5360257159305635,
        1.6298006013006623,
        1.5258194519667128,
        1.5662455107677085,
        1.6345871038277526,
        1.6007810593582121,
        1.541103500742244,
        1.4577379737113252,
        1.5811388300841898,
        1.5662455107677085,
        1.4469796128487782,
        1.5612494995995996,
        1.6105123408406408,
        0.0,
        1.489546910976623,
        1.625,
        1.8371173070873836,
        1.595893166850463,
        1.6153559979150107,
        1.4947825928876748,
        1.541103500742244,
        1.58607219255619,
        1.6770509831248424,
        1.653594569415369,
        1.79843682124227,
        1.595893166850463,
        1.6393596310755,
        1.5155444566227676,
        1.4523687548277813,
        1.571225636247067,
        1.5461646096066226,
        1.713913650100261,
        1.6153559979150107,
        1.6677080080157918,
        1.6723860200324565,
        1.4523687548277813,
        1.6817030058842137,
        1.5811388300841898,
        1.5811388300841898,
        1.5103807466993215
    ],
    [
        1.403121520040228,
        1.5512092057488571,
        1.875,
        1.58607219255619,
        1.7365554986812255,
        1.479019945774904,
        1.5206906325745548,
        1.4197270864500684,
        1.704772712123232,
        1.5612494995995996,
        1.571225636247067,
        1.571225636247067,
        1.5512092057488571,
        1.5206906325745548,
        1.5811388300841898,
        1.5360257159305635,
        1.7365554986812255,
        1.5258194519667128,
        1.4842927608797396,
        1.3975424859373686,
        1.5512092057488571,
        1.5612494995995996,
        1.541103500742244,
        1.489546910976623,
        0.0,
        1.6105123408406408,
        1.7320508075688772,
        1.4523687548277813,
        1.75,
        1.5512092057488571,
        1.352081728298996,
        1.352081728298996,
        1.5562374497485916,
        1.79843682124227,
        1.6105123408406408,
        1.3975424859373686,
        1.6863421954040052,
        1.4306903927824497,
        1.5512092057488571,
        1.3287682265918312,
        1.5309310892394863,
        1.5512092057488571,
        1.505199322349037,
        1.4842927608797396,
        1.824314939915803,
        1.4197270864500684,
        1.5309310892394863,
        1.5360257159305635,
        1.4306903927824497,
        1.5512092057488571
    ],
    [
        1.4086784586980805,
        1.6007810593582121,
        2.050152433357091,
        1.6345871038277526,
        1.5155444566227676,
        1.4842927608797396,
        1.58607219255619,
        1.590990257669732,
        1.5461646096066226,
        1.6298006013006623,
        1.3919410907075054,
        1.5103807466993215,
        1.5461646096066226,
        1.6056540723331412,
        1.489546910976623,
        1.541103500742244,
        1.6056540723331412,
        1.541103500742244,
        1.590990257669732,
        1.6056540723331412,
        1.489546910976623,
        1.6056540723331412,
        1.6345871038277526,
        1.625,
        1.6105123408406408,
        0.0,
        1.7544586059522749,
        1.6723860200324565,
        1.7275343701356567,
        1.4577379737113252,
        1.5206906325745548,
        1.7320508075688772,
        1.7897276329095442,
        1.7853571071357126,
        1.6007810593582121,
        1.4523687548277813,
        1.590990257669732,
        1.58607219255619,
        1.4577379737113252,
        1.5761900266148114,
        1.4684175155588413,
        1.71846588560844,
        1.6393596310755,
        1.5206906325745548,
        1.7230060940112777,
        1.6153559979150107,
        1.5612494995995996,
        1.704772712123232,
        1.5155444566227676,
        1.505199322349037
    ],
    [
        1.4086784586980805,
        1.9605483926697653,
        2.7012728481217887,
        1.118033988749895,
        2.011684617428885,
        1.6393596310755,
        1.8114220932736798,
        1.7320508075688772,
        2.218529918662356,
        1.6630168369562588,
        1.7809758560968758,
        1.4737282653189494,
        1.7809758560968758,
        1.2624381172952597,
        1.741048534648015,
        1.758905909933786,
        1.9080421903092184,
        2.003902442735175,
        1.8157298807917437,
        1.5662455107677085,
        1.695582495781317,
        1.976423537605237,
        1.6345871038277526,
        1.8371173070873836,
        1.7320508075688772,
        1.7544586059522749,
        0.0,
        1.7721808598447282,
        2.3385358667337135,
        1.6007810593582121,
        1.758905909933786,
        2.038688303787511,
        2.2114757516192665,
        2.55868618630734,
        1.0825317547305484,
        1.71846588560844,
        1.9324531042175384,
        1.6583123951777,
        1.7544586059522749,
        1.7544586059522749,
        1.956559480312316,
        2.1323402636539974,
        1.996089927833914,
        1.595893166850463,
        2.4238399287081647,
        1.709349291397168,
        1.3806701271484076,
        2.019436802675439,
        1.4469796128487782,
        1.5612494995995996
    ],
    [
        1.4947825928876748,
        1.648863244784115,
        1.9882467150733583,
        1.6770509831248424,
        1.7940875118009154,
        1.5360257159305635,
        1.5662455107677085,
        1.5461646096066226,
        1.709349291397168,
        1.5612494995995996,
        1.648863244784115,
        1.403121520040228,
        1.6105123408406408,
        1.5461646096066226,
        1.5811388300841898,
        1.505199322349037,
        1.776583800443987,
        1.6056540723331412,
        1.4577379737113252,
        1.4630874888399532,
        1.5258194519667128,
        1.6056540723331412,
        1.4197270864500684,
        1.595893166850463,
        1.4523687548277813,
        1.6723860200324565,
        1.7721808598447282,
        0.0,
        1.9039432764659772,
        1.5360257159305635,
        1.4306903927824497,
        1.6007810593582121,
        1.7001838135919305,
        1.976423537605237,
        1.7001838135919305,
        1.5512092057488571,
        1.6630168369562588,
        1.4252192813739224,
        1.5662455107677085,
        1.4842927608797396,
        1.541103500742244,
        1.625,
        1.6345871038277526,
        1.5,
        1.8874586088176875,
        1.5512092057488571,
        1.653594569415369,
        1.5761900266148114,
        1.4577379737113252,
        1.595893166850463
    ],
    [
        2.042516829796024,
        1.9121323175972944,
        1.713913650100261,
        2.2430448056157952,
        1.713913650100261,
        1.9162137145944864,
        1.8915932438026946,
        1.956559480312316,
        1.541103500742244,
        2.003902442735175,
        1.7633419974582356,
        1.984313483298443,
        1.8582585934148133,
        2.099106952968333,
        1.8027756377319946,
        1.8498310733685928,
        1.709349291397168,
        1.6770509831248424,
        1.899835519196333,
        1.940521837032503,
        1.709349291397168,
        1.7940875118009154,
        1.9243505397925815,
        1.6153559979150107,
        1.75,
        1.7275343701356567,
        2.3385358667337135,
        1.9039432764659772,
        0.0,
        1.6677080080157918,
        1.8874586088176875,
        1.7853571071357126,
        1.8027756377319946,
        1.6345871038277526,
        2.2980970388562794,
        1.875,
        1.8328597873268975,
        1.8957188610128877,
        1.7230060940112777,
        1.8915932438026946,
        1.7275343701356567,
        1.9121323175972944,
        1.8833148966649205,
        1.996089927833914,
        1.6153559979150107,
        1.8957188610128877,
        2.0348525745124633,
        1.8708286933869707,
        1.9685019685029528,
        1.776583800443987
    ],
    [
        1.346291201783626,
        1.571225636247067,
        2.117634293262177,
        1.5612494995995996,
        1.3975424859373686,
        1.4947825928876748,
        1.5761900266148114,
        1.5461646096066226,
        1.479019945774904,
        1.571225636247067,
        1.4197270864500684,
        1.5103807466993215,
        1.375,
        1.4252192813739224,
        1.4523687548277813,
        1.4842927608797396,
        1.3635890143294642,
        1.5258194519667128,
        1.595893166850463,
        1.4684175155588413,
        1.340475661845451,
        1.4252192813739224,
