[
    [
        0.0,
        0.5965758776365148,
        0.30618621784789724,
        1.2930100540985752,
        0.2795084971874737,
        0.414578098794425,
        0.25,
        0.3703414340548162,
        0.81967981553775,
        0.625,
        0.18982403237026163,
        0.414578098794425,
        0.25,
        0.5863019699779287,
        0.4330127018922193,
        0.401289375968647,
        0.3535533905932738,
        0.7905694150420949,
        0.401289375968647,
        0.5303300858899106,
        0.30618621784789724,
        0.82915619758885,
        0.3254270698294439,
        0.8100925873009825,
        0.3535533905932738,
        0.29474565306378986,
        0.39528470752104744,
        0.37730771408905905,
        0.34369317712168795,
        0.34860834438919813,
        0.39528470752104744,
        0.2795084971874737,
        0.5994789404140899,
        0.45069390943299864,
        0.0,
        0.29474565306378986,
        0.2795084971874737,
        0.25,
        0.39528470752104744,
        0.45069390943299864,
        0.7916666666666667,
        0.45069390943299864,
        0.625,
        0.5319643889501544,
        0.5238081709939241,
        0.5153882032022076,
        0.21650635094610965,
        0.1767766952966369,
        0.25,
        0.5448623679425842
    ],
    [
        0.5965758776365148,
        0.0,
        0.4912427551063165,
        0.7192781875680029,
        0.46955948623269356,
        0.3908679799852858,
        0.5416666666666666,
        0.39528470752104744,
        0.46770717334674267,
        0.3004626062886657,
        0.5308642890834119,
        0.41036907507483766,
        0.4639803635691685,
        0.42898458920779164,
        0.3004626062886657,
        0.39600112805904514,
        0.39747466725706065,
        0.44095855184409843,
        0.43366680000207103,
        0.36324157862838946,
        0.42898458920779164,
        0.501733107449679,
        0.4330127018922193,
        0.42898458920779164,
        0.44682522061515034,
        0.451924895431875,
        0.41036907507483766,
        0.5120085719768545,
        0.415915990448926,
        0.4330127018922193,
        0.42898458920779164,
        0.4965156369922077,
        0.27322660517925,
        0.4805234414446165,
        0.5965758776365148,
        0.501109879279097,
        0.44682522061515034,
        0.4639803635691685,
        0.3908679799852858,
        0.34860834438919813,
        0.39086797998528583,
        0.3908679799852858,
        0.39747466725706065,
        0.3930825471690252,
        0.30799531020960547,
        0.3908679799852858,
        0.4805234414446165,
        0.5120085719768545,
        0.4965156369922077,
        0.5892556509887896
    ],
    [
        0.30618621784789724,
        0.4912427551063165,
        0.0,
        0.9437293044088437,
        0.1767766952966369,
        0.39528470752104744,
        0.25,
        0.26352313834736496,
        0.75,
        0.5153882032022076,
        0.16463472245165867,
        0.39528470752104744,
        0.30618621784789724,
        0.5153882032022076,
        0.46770717334674267,
        0.2719918966379967,
        0.2795084971874737,
        0.649519052838329,
        0.2415669510440836,
        0.33071891388307384,
        0.3535533905932738,
        0.6123724356957945,
        0.19543398999264291,
        0.739509972887452,
        0.375,
        0.13462912017836262,
        0.375,
        0.08333333333333337,
        0.22220486043288973,
        0.19543398999264291,
        0.39528470752104744,
        0.2795084971874737,
        0.5448623679425842,
        0.45069390943299864,
        0.30618621784789724,
        0.050000000000000044,
        0.33071891388307384,
        0.30618621784789724,
        0.39528470752104744,
        0.4330127018922193,
        0.5368374469468803,
        0.4330127018922193,
        0.5,
        0.34105636549468543,
        0.3984344362627307,
        0.46770717334674267,
        0.2795084971874737,
        0.25,
        0.2795084971874737,
        0.2795084971874737
    ],
    [
        1.2930100540985752,
        0.7192781875680029,
        0.9437293044088437,
        0.0,
        0.9354143466934853,
        0.8838834764831844,
        1.0383279828647594,
        0.8395600699837452,
        0.7603453162872774,
        0.8477912478906585,
        1.013776280516947,
        0.9100137361600648,
        0.9762812094883317,
        0.9013878188659973,
        0.8569568250501305,
        0.8477912478906585,
        0.8569568250501305,
        0.5863019699779287,
        0.8853253754457528,
        0.770551750371122,
        0.9185586535436918,
        0.6373774391990981,
        0.8848650242331376,
        0.770551750371122,
        0.9100137361600648,
        0.9161741100904348,
        0.9100137361600648,
        0.9251501379656049,
        0.8544003745317532,
        0.8848650242331376,
        0.9185586535436918,
        1.0077822185373186,
        0.8003905296791061,
        0.9013878188659973,
        1.2930100540985752,
        0.949670995661129,
        0.9437293044088437,
        0.9762812094883317,
        0.9013878188659973,
        0.875,
        0.6934715407122183,
        0.8926785535678563,
        0.7806247497997998,
        0.7580585582775105,
        0.7782191208136691,
        0.8660254037844386,
        1.0077822185373186,
        1.0383279828647594,
        1.0077822185373186,
        0.8926785535678563
    ],
    [
        0.2795084971874737,
        0.46955948623269356,
        0.1767766952966369,
        0.9354143466934853,
        0.0,
        0.30618621784789724,
        0.1767766952966369,
        0.2204792759220492,
        0.649519052838329,
        0.4330127018922193,
        0.17767632805475359,
        0.30618621784789724,
        0.1767766952966369,
        0.414578098794425,
        0.39528470752104744,
        0.21724151893922214,
        0.21650635094610965,
        0.625,
        0.17767632805475359,
        0.33071891388307384,
        0.25,
        0.6373774391990981,
        0.13176156917368245,
        0.6846531968814576,
        0.2795084971874737,
        0.07499999999999996,
        0.2795084971874737,
        0.24295632895188754,
        0.19202864369671518,
        0.13176156917368245,
        0.30618621784789724,
        0.125,
        0.46770717334674267,
        0.375,
        0.2795084971874737,
        0.1457737973711325,
        0.21650635094610965,
        0.125,
        0.30618621784789724,
        0.3535533905932738,
        0.5416666666666666,
        0.33071891388307384,
        0.4330127018922193,
        0.3486083443891982,
        0.361420807370024,
        0.39528470752104744,
        0.125,
        0.1767766952966369,
        0.125,
        0.39528470752104744
    ],
    [
        0.414578098794425,
        0.3908679799852858,
        0.39528470752104744,
        0.8838834764831844,
        0.30618621784789724,
        0.0,
        0.33071891388307384,
        0.24295632895188748,
        0.5448623679425842,
        0.25,
        0.3813242232868326,
        0.125,
        0.25,
        0.25,
        0.30618621784789724,
        0.22728432252424743,
        0.21650635094610965,
        0.5994789404140899,
        0.3138999255579812,
        0.33071891388307384,
        0.1767766952966369,
        0.6373774391990981,
        0.3004626062886657,
        0.5448623679425842,
        0.21650635094610965,
        0.34369317712168795,
        0.125,
        0.452615853800009,
        0.29474565306378986,
        0.3004626062886657,
        0.25,
        0.30618621784789724,
        0.375,
        0.3535533905932738,
        0.414578098794425,
        0.38649062084350766,
        0.21650635094610965,
        0.25,
        0.1767766952966369,
        0.25,
        0.5170697352496191,
        0.1767766952966369,
        0.3535533905932738,
        0.3974746672570607,
        0.3201562118716424,
        0.30618621784789724,
        0.2795084971874737,
        0.30618621784789724,
        0.2795084971874737,
        0.5994789404140899
    ],
    [
        0.25,
        0.5416666666666666,
        0.25,
        1.0383279828647594,
        0.1767766952966369,
        0.33071891388307384,
        0.0,
        0.3004626062886657,
        0.7071067811865476,
        0.45069390943299864,
        0.22728432252424743,
        0.33071891388307384,
        0.1767766952966369,
        0.46770717334674267,
        0.39528470752104744,
        0.2879377767249482,
        0.2795084971874737,
        0.7071067811865476,
        0.2593899829702491,
        0.4330127018922193,
        0.25,
        0.7603453162872774,
        0.24295632895188748,
        0.7071067811865476,
        0.2795084971874737,
        0.23584952830141506,
        0.2795084971874737,
        0.33333333333333337,
        0.29474565306378986,
        0.24295632895188748,
        0.33071891388307384,
        0.125,
        0.4841229182759271,
        0.39528470752104744,
        0.25,
        0.19999999999999996,
        0.21650635094610965,
        0.1767766952966369,
        0.30618621784789724,
        0.375,
        0.6263873490988712,
        0.3535533905932738,
        0.5,
        0.4859126579037751,
        0.4602988159880492,
        0.414578098794425,
        0.125,
        0.0,
        0.125,
        0.5153882032022076
    ],
    [
        0.3703414340548162,
        0.39528470752104744,
        0.26352313834736496,
        0.8395600699837452,
        0.2204792759220492,
        0.24295632895188748,
        0.3004626062886657,
        0.0,
        0.5863019699779287,
        0.3908679799852858,
        0.28052075399876614,
        0.2083333333333333,
        0.24295632895188748,
        0.3703414340548162,
        0.34860834438919813,
        0.023809523809523725,
        0.04166666666666663,
        0.5788518328937419,
        0.21781160075633318,
        0.23199018178458425,
        0.16666666666666663,
        0.5319643889501544,
        0.1767766952966369,
        0.6095307849303248,
        0.2083333333333333,
        0.21905732380158194,
        0.2083333333333333,
        0.30046260628866583,
        0.12936812246883353,
        0.1767766952966369,
        0.24295632895188748,
        0.27322660517925,
        0.42898458920779164,
        0.34860834438919813,
        0.3703414340548162,
        0.2522124325070259,
        0.2083333333333333,
        0.24295632895188748,
        0.24295632895188748,
        0.3004626062886657,
        0.4805234414446165,
        0.24295632895188748,
        0.3090082702956526,
        0.24650332429581737,
        0.2522124325070259,
        0.34860834438919813,
        0.27322660517925,
        0.3004626062886657,
        0.27322660517925,
        0.4187448175467038
    ],
    [
        0.81967981553775,
        0.46770717334674267,
        0.75,
        0.7603453162872774,
        0.649519052838329,
        0.5448623679425842,
        0.7071067811865476,
        0.5863019699779287,
        0.0,
        0.5153882032022076,
        0.7536052802146141,
        0.5590169943749475,
        0.625,
        0.5994789404140899,
        0.4841229182759271,
        0.5775343438855796,
        0.57282196186948,
        0.4841229182759271,
        0.6293217923823605,
        0.5994789404140899,
        0.57282196186948,
        0.7071067811865476,
        0.625,
        0.45069390943299864,
        0.57282196186948,
        0.6763874629234341,
        0.5590169943749475,
        0.7817359599705717,
        0.6159342497377459,
        0.625,
        0.5863019699779287,
        0.6614378277661477,
        0.45069390943299864,
        0.6373774391990981,
        0.81967981553775,
        0.7211102550927979,
        0.5994789404140899,
        0.625,
        0.5448623679425842,
        0.5303300858899106,
        0.5877806658194119,
        0.5448623679425842,
        0.5448623679425842,
        0.6263873490988712,
        0.5766281297335397,
        0.5153882032022076,
        0.6614378277661477,
        0.7071067811865476,
        0.6614378277661477,
        0.8477912478906585
    ],
    [
        0.625,
        0.3004626062886657,
        0.5153882032022076,
        0.8477912478906585,
        0.4330127018922193,
        0.25,
        0.45069390943299864,
        0.3908679799852858,
        0.5153882032022076,
        0.0,
        0.5200078492343227,
        0.2795084971874737,
        0.39528470752104744,
        0.33071891388307384,
        0.30618621784789724,
        0.3813242232868326,
        0.375,
        0.57282196186948,
        0.4203072248549936,
        0.375,
        0.3535533905932738,
        0.625,
        0.42898458920779164,
        0.5,
        0.375,
        0.4602988159880492,
        0.33071891388307384,
        0.5605676686280713,
        0.425,
        0.42898458920779164,
        0.30618621784789724,
        0.414578098794425,
        0.33071891388307384,
        0.4330127018922193,
        0.625,
        0.4930770730829005,
        0.375,
        0.39528470752104744,
        0.30618621784789724,
        0.30618621784789724,
        0.452615853800009,
        0.30618621784789724,
        0.375,
        0.4350127712046063,
        0.3657184709581948,
        0.30618621784789724,
        0.414578098794425,
        0.45069390943299864,
        0.414578098794425,
        0.6846531968814576
    ],
    [
        0.18982403237026163,
        0.5308642890834119,
        0.16463472245165867,
        1.013776280516947,
        0.17767632805475359,
        0.3813242232868326,
        0.22728432252424743,
        0.28052075399876614,
        0.7536052802146141,
        0.5200078492343227,
        0.0,
        0.3813242232868326,
        0.2593899829702491,
        0.5200078492343227,
        0.4385010413503099,
        0.30618621784789724,
        0.28007834180996644,
        0.7041694340403698,
        0.2795084971874737,
        0.40954803361356124,
        0.3138999255579812,
        0.6978008458064258,
        0.21781160075633318,
        0.7427369408244794,
        0.3378729987218661,
        0.18578295433771358,
        0.35310214166580695,
        0.22782927629767424,
        0.25644747244308913,
        0.21781160075633318,
        0.3602543036041431,
        0.2593899829702491,
        0.5632789391281252,
        0.4203072248549936,
        0.18982403237026163,
        0.1374420100349561,
        0.2879377767249482,
        0.22798473812149478,
        0.3813242232868326,
        0.4203072248549936,
        0.6036606489894152,
        0.4203072248549936,
        0.5451549115169195,
        0.382066822282886,
        0.43676687846315565,
        0.4727929391026331,
        0.22728432252424743,
        0.18982403237026163,
        0.22728432252424743,
        0.37880720420707903
    ],
    [
        0.414578098794425,
        0.41036907507483766,
        0.39528470752104744,
        0.9100137361600648,
        0.30618621784789724,
        0.125,
        0.33071891388307384,
        0.2083333333333333,
        0.5590169943749475,
        0.2795084971874737,
        0.3813242232868326,
        0.0,
        0.21650635094610965,
        0.33071891388307384,
        0.33071891388307384,
        0.18982403237026163,
        0.1767766952966369,
        0.5994789404140899,
        0.2879377767249482,
        0.33071891388307384,
        0.125,
        0.649519052838329,
        0.27322660517925,
        0.5863019699779287,
        0.1767766952966369,
        0.3201562118716424,
        0.1767766952966369,
        0.452615853800009,
        0.2669269563007827,
        0.27322660517925,
        0.21650635094610965,
        0.2795084971874737,
        0.39528470752104744,
        0.30618621784789724,
        0.414578098794425,
        0.3657184709581948,
        0.1767766952966369,
        0.21650635094610965,
        0.21650635094610965,
        0.2795084971874737,
        0.5464532103585001,
        0.21650635094610965,
        0.375,
        0.37730771408905905,
        0.34369317712168795,
        0.3535533905932738,
        0.25,
        0.30618621784789724,
        0.2795084971874737,
        0.5994789404140899
    ],
    [
        0.25,
        0.4639803635691685,
        0.30618621784789724,
        0.9762812094883317,
        0.1767766952966369,
        0.25,
        0.1767766952966369,
        0.24295632895188748,
        0.625,
        0.39528470752104744,
        0.2593899829702491,
        0.21650635094610965,
        0.0,
        0.375,
        0.3535533905932738,
        0.22728432252424743,
        0.21650635094610965,
        0.6373774391990981,
        0.18982403237026163,
        0.375,
        0.1767766952966369,
        0.6959705453537527,
        0.16666666666666663,
        0.6373774391990981,
        0.21650635094610965,
        0.23584952830141506,
        0.21650635094610965,
        0.37730771408905905,
        0.23584952830141506,
        0.16666666666666663,
        0.25,
        0.125,
        0.4330127018922193,
        0.33071891388307384,
        0.25,
        0.2669269563007827,
        0.125,
        0.0,
        0.25,
        0.30618621784789724,
        0.5877806658194119,
        0.25,
        0.414578098794425,
        0.4350127712046063,
        0.3657184709581948,
        0.3535533905932738,
        0.125,
        0.1767766952966369,
        0.125,
        0.5448623679425842
    ],
    [
        0.5863019699779287,
        0.42898458920779164,
        0.5153882032022076,
        0.9013878188659973,
        0.414578098794425,
        0.25,
        0.46770717334674267,
        0.3703414340548162,
        0.5994789404140899,
        0.33071891388307384,
        0.5200078492343227,
        0.33071891388307384,
        0.375,
        0.0,
        0.414578098794425,
        0.3813242232868326,
        0.3535533905932738,
        0.6123724356957945,
        0.4203072248549936,
        0.3535533905932738,
        0.33071891388307384,
        0.6373774391990981,
        0.42898458920779164,
        0.5303300858899106,
        0.3535533905932738,
        0.44300112866673375,
        0.30618621784789724,
        0.5605676686280713,
        0.406201920231798,
        0.44682522061515034,
        0.3535533905932738,
        0.414578098794425,
        0.414578098794425,
        0.4330127018922193,
        0.5863019699779287,
        0.4930770730829005,
        0.3535533905932738,
        0.375,
        0.33071891388307384,
        0.3535533905932738,
        0.501733107449679,
        0.33071891388307384,
        0.414578098794425,
        0.46955948623269356,
        0.406201920231798,
        0.375,
        0.39528470752104744,
        0.45069390943299864,
        0.39528470752104744,
        0.6846531968814576
    ],
    [
        0.4330127018922193,
        0.3004626062886657,
        0.46770717334674267,
        0.8569568250501305,
        0.39528470752104744,
        0.30618621784789724,
        0.39528470752104744,
        0.34860834438919813,
        0.4841229182759271,
        0.30618621784789724,
        0.4385010413503099,
        0.33071891388307384,
        0.3535533905932738,
        0.414578098794425,
        0.0,
        0.3378729987218661,
        0.33071891388307384,
        0.5303300858899106,
        0.401289375968647,
        0.414578098794425,
        0.30618621784789724,
        0.57282196186948,
        0.3908679799852858,
        0.46770717334674267,
        0.33071891388307384,
        0.425,
        0.2795084971874737,
        0.5170697352496191,
        0.38649062084350766,
        0.3908679799852858,
        0.3535533905932738,
        0.375,
        0.25,
        0.414578098794425,
        0.4330127018922193,
        0.44300112866673375,
        0.33071891388307384,
        0.3535533905932738,
        0.25,
        0.25,
        0.46955948623269356,
        0.25,
        0.375,
        0.46955948623269356,
        0.3201562118716424,
        0.25,
        0.375,
        0.39528470752104744,
        0.375,
        0.649519052838329
    ],
    [
        0.401289375968647,
        0.39600112805904514,
        0.2719918966379967,
        0.8477912478906585,
        0.21724151893922214,
        0.22728432252424743,
        0.2879377767249482,
        0.023809523809523725,
        0.5775343438855796,
        0.3813242232868326,
        0.30618621784789724,
        0.18982403237026163,
        0.22728432252424743,
        0.3813242232868326,
        0.3378729987218661,
        0.0,
        0.017857142857142905,
        0.569192051803901,
        0.21650635094610965,
        0.2719918966379967,
        0.1428571428571429,
        0.5612940587679183,
        0.1783729055210916,
        0.6034551874541357,
        0.18982403237026163,
        0.22392031199167478,
        0.18982403237026163,
        0.3142947329153354,
        0.1374420100349561,
        0.1783729055210916,
        0.22728432252424743,
        0.2593899829702491,
        0.4203072248549936,
        0.3138999255579812,
        0.401289375968647,
        0.25644747244308913,
        0.18982403237026163,
        0.22728432252424743,
        0.22728432252424743,
        0.2879377767249482,
        0.4892915073229066,
        0.22728432252424743,
        0.30670650066638694,
        0.2604804343695365,
        0.25644747244308913,
        0.3378729987218661,
        0.2593899829702491,
        0.2879377767249482,
        0.2593899829702491,
        0.436313990102522
    ],
    [
        0.3535533905932738,
        0.39747466725706065,
        0.2795084971874737,
        0.8569568250501305,
        0.21650635094610965,
        0.21650635094610965,
        0.2795084971874737,
        0.04166666666666663,
        0.57282196186948,
        0.375,
        0.28007834180996644,
        0.1767766952966369,
        0.21650635094610965,
        0.3535533905932738,
        0.33071891388307384,
        0.017857142857142905,
        0.0,
        0.57282196186948,
        0.21724151893922214,
        0.25,
        0.125,
        0.57282196186948,
        0.1816207893141947,
        0.6123724356957945,
        0.1767766952966369,
        0.22912878474779197,
        0.1767766952966369,
        0.32542706982944397,
        0.1457737973711325,
        0.1816207893141947,
        0.25,
        0.25,
        0.414578098794425,
        0.30618621784789724,
        0.3535533905932738,
        0.2610076627227637,
        0.1767766952966369,
        0.21650635094610965,
        0.21650635094610965,
        0.2795084971874737,
        0.49651563699220774,
        0.21650635094610965,
        0.30618621784789724,
        0.27322660517925007,
        0.2610076627227637,
        0.33071891388307384,
        0.25,
        0.2795084971874737,
        0.25,
        0.45069390943299864
    ],
    [
        0.7905694150420949,
        0.44095855184409843,
        0.649519052838329,
        0.5863019699779287,
        0.625,
        0.5994789404140899,
        0.7071067811865476,
        0.5788518328937419,
        0.4841229182759271,
        0.57282196186948,
        0.7041694340403698,
        0.5994789404140899,
        0.6373774391990981,
        0.6123724356957945,
        0.5303300858899106,
        0.569192051803901,
        0.57282196186948,
        0.0,
        0.569192051803901,
        0.5153882032022076,
        0.6123724356957945,
        0.5153882032022076,
        0.5921946001479956,
        0.4841229182759271,
        0.5994789404140899,
        0.6144102863722254,
        0.5994789404140899,
        0.6548430685625714,
        0.575,
        0.5921946001479956,
        0.5863019699779287,
        0.6614378277661477,
        0.4841229182759271,
        0.57282196186948,
        0.7905694150420949,
        0.6514407110397692,
        0.625,
        0.6373774391990981,
        0.5863019699779287,
        0.5590169943749475,
        0.5368374469468803,
        0.5994789404140899,
        0.5,
        0.551198189805123,
        0.532681893816563,
        0.57282196186948,
        0.6614378277661477,
        0.6959705453537527,
        0.6614378277661477,
        0.7071067811865476
    ],
    [
        0.401289375968647,
        0.43366680000207103,
        0.2415669510440836,
        0.8853253754457528,
        0.17767632805475359,
        0.3138999255579812,
        0.2593899829702491,
        0.21781160075633318,
        0.6293217923823605,
        0.4203072248549936,
        0.2795084971874737,
        0.2879377767249482,
        0.18982403237026163,
        0.4203072248549936,
        0.401289375968647,
        0.21650635094610965,
        0.21724151893922214,
        0.569192051803901,
        0.0,
        0.29934026096857513,
        0.2593899829702491,
        0.6016028759972506,
        0.12724737099066635,
        0.6531907556489958,
        0.2879377767249482,
        0.18578295433771358,
        0.2879377767249482,
        0.2883681312806982,
        0.18578295433771358,
        0.12724737099066635,
        0.3138999255579812,
        0.22728432252424743,
        0.4385010413503099,
        0.3602543036041431,
        0.401289375968647,
        0.22392031199167478,
        0.22728432252424743,
        0.18982403237026163,
        0.3138999255579812,
        0.3378729987218661,
        0.5050061179216763,
        0.3138999255579812,
        0.41496250137936613,
        0.3387108747727808,
        0.3581414610491907,
        0.4203072248549936,
        0.22728432252424743,
        0.2593899829702491,
        0.22728432252424743,
        0.41802499681141514
    ],
    [
        0.5303300858899106,
        0.36324157862838946,
        0.33071891388307384,
        0.770551750371122,
        0.33071891388307384,
        0.33071891388307384,
        0.4330127018922193,
        0.23199018178458425,
        0.5994789404140899,
        0.375,
        0.40954803361356124,
        0.33071891388307384,
        0.375,
        0.3535533905932738,
        0.414578098794425,
        0.2719918966379967,
        0.25,
        0.5153882032022076,
        0.29934026096857513,
        0.0,
        0.33071891388307384,
        0.46770717334674267,
        0.2916666666666667,
        0.5994789404140899,
        0.3535533905932738,
        0.31024184114977144,
        0.30618621784789724,
        0.34105636549468543,
        0.25495097567963926,
        0.2916666666666667,
        0.3535533905932738,
        0.39528470752104744,
        0.45069390943299864,
        0.4330127018922193,
        0.5303300858899106,
        0.3344772040064913,
        0.3535533905932738,
        0.375,
        0.33071891388307384,
        0.33071891388307384,
        0.42287048187884246,
        0.33071891388307384,
        0.3535533905932738,
        0.23199018178458425,
        0.31024184114977144,
        0.414578098794425,
        0.39528470752104744,
        0.414578098794425,
        0.39528470752104744,
        0.4330127018922193
    ],
    [
        0.30618621784789724,
        0.42898458920779164,
        0.3535533905932738,
        0.9185586535436918,
        0.25,
        0.1767766952966369,
        0.25,
        0.16666666666666663,
        0.57282196186948,
        0.3535533905932738,
        0.3138999255579812,
        0.125,
        0.1767766952966369,
        0.33071891388307384,
        0.30618621784789724,
        0.1428571428571429,
        0.125,
        0.6123724356957945,
        0.2593899829702491,
        0.33071891388307384,
        0.0,
        0.649519052838329,
        0.24295632895188748,
        0.5863019699779287,
        0.125,
        0.29474565306378986,
        0.125,
        0.4166666666666667,
        0.23584952830141506,
        0.24295632895188748,
        0.1767766952966369,
        0.21650635094610965,
        0.39528470752104744,
        0.2795084971874737,
        0.30618621784789724,
        0.3201562118716424,
        0.125,
        0.1767766952966369,
        0.1767766952966369,
        0.25,
        0.5605676686280713,
        0.1767766952966369,
        0.33071891388307384,
        0.3974746672570607,
        0.3201562118716424,
        0.30618621784789724,
        0.21650635094610965,
        0.25,
        0.21650635094610965,
        0.57282196186948
    ],
    [
        0.82915619758885,
        0.501733107449679,
        0.6123724356957945,
        0.6373774391990981,
        0.6373774391990981,
        0.6373774391990981,
        0.7603453162872774,
        0.5319643889501544,
        0.7071067811865476,
        0.625,
        0.6978008458064258,
        0.649519052838329,
        0.6959705453537527,
        0.6373774391990981,
        0.57282196186948,
        0.5612940587679183,
        0.57282196186948,
        0.5153882032022076,
        0.6016028759972506,
        0.46770717334674267,
        0.649519052838329,
        0.0,
        0.5877806658194119,
        0.6959705453537527,
        0.625,
        0.5963430220938282,
        0.6373774391990981,
        0.5833333333333334,
        0.5414101956926929,
        0.5877806658194119,
        0.6123724356957945,
        0.7288689868556626,
        0.6123724356957945,
        0.649519052838329,
        0.82915619758885,
        0.6344288770224761,
        0.673145600891813,
        0.6959705453537527,
        0.625,
        0.5994789404140899,
        0.44682522061515034,
        0.625,
        0.5,
        0.42898458920779164,
        0.46368092477478523,
        0.625,
        0.7180703308172536,
        0.75,
        0.7180703308172536,
        0.57282196186948
    ],
    [
        0.3254270698294439,
        0.4330127018922193,
        0.19543398999264291,
        0.8848650242331376,
        0.13176156917368245,
        0.3004626062886657,
        0.24295632895188748,
        0.1767766952966369,
        0.625,
        0.42898458920779164,
        0.21781160075633318,
        0.27322660517925,
        0.16666666666666663,
        0.42898458920779164,
        0.3908679799852858,
        0.1783729055210916,
        0.1816207893141947,
        0.5921946001479956,
        0.12724737099066635,
        0.2916666666666667,
        0.24295632895188748,
        0.5877806658194119,
        0.0,
        0.6705615391429617,
        0.27322660517925,
        0.12936812246883353,
        0.27322660517925,
        0.24295632895188757,
        0.12936812246883353,
        0.0,
        0.3004626062886657,
        0.2083333333333333,
        0.4639803635691685,
        0.3703414340548162,
        0.3254270698294439,
        0.17989194287435753,
        0.2083333333333333,
        0.16666666666666663,
        0.3004626062886657,
        0.34860834438919813,
        0.5120085719768545,
        0.3004626062886657,
        0.39747466725706065,
        0.303337912053355,
        0.3323945112529855,
        0.41036907507483766,
        0.2083333333333333,
        0.24295632895188748,
        0.2083333333333333,
        0.3796013991310125
    ],
    [
        0.8100925873009825,
        0.42898458920779164,
        0.739509972887452,
        0.770551750371122,
        0.6846531968814576,
        0.5448623679425842,
        0.7071067811865476,
        0.6095307849303248,
        0.45069390943299864,
        0.5,
        0.7427369408244794,
        0.5863019699779287,
        0.6373774391990981,
        0.5303300858899106,
        0.46770717334674267,
        0.6034551874541357,
        0.6123724356957945,
        0.4841229182759271,
        0.6531907556489958,
        0.5994789404140899,
        0.5863019699779287,
        0.6959705453537527,
        0.6705615391429617,
        0.0,
        0.5994789404140899,
        0.6910137480542626,
        0.5590169943749475,
        0.7716774657271723,
        0.6442049363362563,
        0.6821127309893709,
        0.5863019699779287,
        0.6846531968814576,
        0.4330127018922193,
        0.625,
        0.8100925873009825,
        0.7348469228349535,
        0.6123724356957945,
        0.6373774391990981,
        0.5448623679425842,
        0.5153882032022076,
        0.5877806658194119,
        0.5590169943749475,
        0.57282196186948,
        0.6508541396588879,
        0.5667892024377317,
        0.4841229182759271,
        0.6614378277661477,
        0.6959705453537527,
        0.673145600891813,
        0.8477912478906585
    ],
    [
        0.3535533905932738,
        0.44682522061515034,
        0.375,
        0.9100137361600648,
        0.2795084971874737,
        0.21650635094610965,
        0.2795084971874737,
        0.2083333333333333,
        0.57282196186948,
        0.375,
        0.3378729987218661,
        0.1767766952966369,
        0.21650635094610965,
        0.3535533905932738,
        0.33071891388307384,
        0.18982403237026163,
        0.1767766952966369,
        0.5994789404140899,
        0.2879377767249482,
        0.3535533905932738,
        0.125,
        0.625,
        0.27322660517925,
        0.5994789404140899,
        0.0,
        0.3201562118716424,
        0.1767766952966369,
        0.4350127712046063,
        0.2669269563007827,
        0.27322660517925,
        0.125,
        0.25,
        0.414578098794425,
        0.21650635094610965,
        0.3535533905932738,
        0.34369317712168795,
        0.1767766952966369,
        0.21650635094610965,
        0.21650635094610965,
        0.2795084971874737,
        0.5743353646704259,
        0.21650635094610965,
        0.30618621784789724,
        0.4166666666666667,
        0.34369317712168795,
        0.33071891388307384,
        0.25,
        0.2795084971874737,
        0.25,
        0.5863019699779287
    ],
    [
        0.29474565306378986,
        0.451924895431875,
        0.13462912017836262,
        0.9161741100904348,
        0.07499999999999996,
        0.34369317712168795,
        0.23584952830141506,
        0.21905732380158194,
        0.6763874629234341,
        0.4602988159880492,
        0.18578295433771358,
        0.3201562118716424,
        0.23584952830141506,
        0.44300112866673375,
        0.425,
        0.22392031199167478,
        0.22912878474779197,
        0.6144102863722254,
        0.18578295433771358,
        0.31024184114977144,
        0.29474565306378986,
        0.5963430220938282,
        0.12936812246883353,
        0.6910137480542626,
        0.3201562118716424,
        0.0,
        0.3201562118716424,
        0.1827642683288443,
        0.1767766952966369,
        0.12936812246883353,
        0.34369317712168795,
        0.19999999999999996,
        0.4930770730829005,
        0.406201920231798,
        0.29474565306378986,
        0.125,
        0.2669269563007827,
        0.21360009363293822,
        0.34369317712168795,
        0.38649062084350766,
        0.5174724898753341,
        0.3657184709581948,
        0.4394598957811736,
        0.31863423823841935,
        0.3535533905932738,
        0.425,
        0.19999999999999996,
        0.23584952830141506,
        0.19999999999999996,
        0.3335416016031584
    ],
    [
        0.39528470752104744,
        0.41036907507483766,
        0.375,
        0.9100137361600648,
        0.2795084971874737,
        0.125,
        0.2795084971874737,
        0.2083333333333333,
        0.5590169943749475,
        0.33071891388307384,
        0.35310214166580695,
        0.1767766952966369,
        0.21650635094610965,
        0.30618621784789724,
        0.2795084971874737,
        0.18982403237026163,
        0.1767766952966369,
        0.5994789404140899,
        0.2879377767249482,
        0.30618621784789724,
        0.125,
        0.6373774391990981,
        0.27322660517925,
        0.5590169943749475,
        0.1767766952966369,
        0.3201562118716424,
        0.0,
        0.4350127712046063,
        0.2669269563007827,
        0.27322660517925,
        0.21650635094610965,
        0.25,
        0.375,
        0.30618621784789724,
        0.39528470752104744,
        0.34369317712168795,
        0.1767766952966369,
        0.21650635094610965,
        0.125,
        0.21650635094610965,
        0.5464532103585001,
        0.125,
        0.30618621784789724,
        0.3974746672570607,
        0.29474565306378986,
        0.2795084971874737,
        0.25,
        0.2795084971874737,
        0.25,
        0.57282196186948
    ],
    [
        0.37730771408905905,
        0.5120085719768545,
        0.08333333333333337,
        0.9251501379656049,
        0.24295632895188754,
        0.452615853800009,
        0.33333333333333337,
        0.30046260628866583,
        0.7817359599705717,
        0.5605676686280713,
        0.22782927629767424,
        0.452615853800009,
        0.37730771408905905,
        0.5605676686280713,
        0.5170697352496191,
        0.3142947329153354,
        0.32542706982944397,
        0.6548430685625714,
        0.2883681312806982,
        0.34105636549468543,
        0.4166666666666667,
        0.5833333333333334,
        0.24295632895188757,
        0.7716774657271723,
        0.4350127712046063,
        0.1827642683288443,
        0.4350127712046063,
        0.0,
        0.25426910503987266,
        0.24295632895188757,
        0.452615853800009,
        0.35600015605489715,
        0.5877806658194119,
        0.501733107449679,
        0.37730771408905905,
        0.13333333333333341,
        0.3974746672570607,
        0.37730771408905905,
        0.452615853800009,
        0.4859126579037751,
        0.5303300858899106,
        0.4859126579037751,
        0.5270462766947299,
        0.33071891388307384,
        0.4171663670261276,
        0.5170697352496191,
        0.35600015605489715,
        0.33333333333333337,
        0.35600015605489715,
        0.2083333333333333
    ],
    [
        0.34369317712168795,
        0.415915990448926,
        0.22220486043288973,
        0.8544003745317532,
        0.19202864369671518,
        0.29474565306378986,
        0.29474565306378986,
        0.12936812246883353,
        0.6159342497377459,
        0.425,
        0.25644747244308913,
        0.2669269563007827,
        0.23584952830141506,
        0.406201920231798,
        0.38649062084350766,
        0.1374420100349561,
        0.1457737973711325,
        0.575,
        0.18578295433771358,
        0.25495097567963926,
        0.23584952830141506,
        0.5414101956926929,
        0.12936812246883353,
        0.6442049363362563,
        0.2669269563007827,
        0.1767766952966369,
        0.2669269563007827,
        0.25426910503987266,
        0.0,
        0.12936812246883353,
        0.29474565306378986,
        0.2669269563007827,
        0.4602988159880492,
        0.3657184709581948,
        0.34369317712168795,
        0.21650635094610965,
        0.19999999999999996,
        0.23584952830141506,
        0.29474565306378986,
        0.34369317712168795,
        0.4863412153804958,
        0.29474565306378986,
        0.361420807370024,
        0.26509956200978113,
        0.2795084971874737,
        0.38649062084350766,
        0.2669269563007827,
        0.29474565306378986,
        0.2669269563007827,
        0.3774917217635375
    ],
    [
        0.34860834438919813,
        0.4330127018922193,
        0.19543398999264291,
        0.8848650242331376,
        0.13176156917368245,
        0.3004626062886657,
        0.24295632895188748,
        0.1767766952966369,
        0.625,
        0.42898458920779164,
        0.21781160075633318,
        0.27322660517925,
        0.16666666666666663,
        0.44682522061515034,
        0.3908679799852858,
        0.1783729055210916,
        0.1816207893141947,
        0.5921946001479956,
        0.12724737099066635,
        0.2916666666666667,
        0.24295632895188748,
        0.5877806658194119,
        0.0,
        0.6821127309893709,
        0.27322660517925,
        0.12936812246883353,
        0.27322660517925,
        0.24295632895188757,
        0.12936812246883353,
        0.0,
        0.3004626062886657,
        0.2083333333333333,
        0.4639803635691685,
        0.3703414340548162,
        0.34860834438919813,
        0.17989194287435753,
        0.2083333333333333,
        0.16666666666666663,
        0.3004626062886657,
        0.34860834438919813,
        0.5120085719768545,
