[
    [
        0.0,
        1.0077822185373186,
        1.1792476415070754,
        1.0680004681646913,
        1.2054563451241194,
        1.243734296383275,
        1.2808688457449497,
        0.8100925873009825,
        1.1726039399558574,
        1.0968705484240153,
        0.649519052838329,
        1.0532687216470449,
        1.4577379737113252,
        1.3287682265918312,
        1.159202311936963,
        1.1792476415070754,
        1.541103500742244,
        0.6846531968814576,
        1.192424001771182,
        1.3635890143294642,
        1.3693063937629153,
        1.3693063937629153,
        0.875,
        1.741048534648015,
        1.4737282653189494,
        1.3975424859373686,
        1.4086784586980805,
        1.0606601717798212,
        1.758905909933786,
        1.7320508075688772,
        1.3919410907075054,
        1.4086784586980805,
        1.541103500742244,
        1.3169567191065923,
        0.6959705453537527,
        1.4086784586980805,
        1.224744871391589,
        1.0,
        0.9437293044088437,
        1.1726039399558574,
        1.0680004681646913,
        1.4842927608797396,
        1.5206906325745548,
        1.2624381172952597,
        1.3863170633011772,
        0.9762812094883317,
        1.4252192813739224,
        0.75,
        1.224744871391589,
        0.7071067811865476
    ],
    [
        1.0077822185373186,
        0.0,
        0.9185586535436918,
        1.0307764064044151,
        0.8569568250501305,
        0.9437293044088437,
        0.9354143466934853,
        0.7603453162872774,
        0.9013878188659973,
        0.9519716382329886,
        0.7905694150420949,
        0.82915619758885,
        1.0825317547305484,
        0.9354143466934853,
        0.875,
        0.8660254037844386,
        1.0752906583803283,
        0.9354143466934853,
        0.9354143466934853,
        1.0077822185373186,
        1.0,
        0.9921567416492215,
        0.9762812094883317,
        1.1858541225631423,
        1.0897247358851685,
        1.1858541225631423,
        1.1792476415070754,
        0.8660254037844386,
        1.1792476415070754,
        1.2183492931011204,
        1.1388041973930374,
        1.0231690964840563,
        1.0680004681646913,
        0.9762812094883317,
        0.8569568250501305,
        1.0458250331675945,
        1.0825317547305484,
        0.8477912478906585,
        0.8660254037844386,
        0.9013878188659973,
        1.0,
        1.0383279828647594,
        1.0532687216470449,
        0.9519716382329886,
        1.346291201783626,
        0.8838834764831844,
        1.0825317547305484,
        0.7071067811865476,
        1.1388041973930374,
        0.82915619758885
    ],
    [
        1.1792476415070754,
        0.9185586535436918,
        0.0,
        1.0077822185373186,
        0.9762812094883317,
        1.015504800579495,
        0.9013878188659973,
        0.8838834764831844,
        0.9270248108869579,
        0.9519716382329886,
        1.015504800579495,
        0.9519716382329886,
        1.0752906583803283,
        1.0383279828647594,
        0.960143218483576,
        0.9519716382329886,
        1.0532687216470449,
        1.0752906583803283,
        0.9270248108869579,
        0.9762812094883317,
        0.9682458365518543,
        1.0383279828647594,
        1.0752906583803283,
        1.0897247358851685,
        1.14564392373896,
        1.224744871391589,
        1.165922381636102,
        0.9185586535436918,
        1.1726039399558574,
        1.224744871391589,
        1.0752906583803283,
        1.0532687216470449,
        1.0825317547305484,
        0.9682458365518543,
        0.9921567416492215,
        1.0458250331675945,
        1.1524430571616109,
        0.9013878188659973,
        0.8838834764831844,
        0.9842509842514764,
        1.0383279828647594,
        1.0532687216470449,
        1.103970108290981,
        0.9437293044088437,
        1.3919410907075054,
        0.875,
        1.0897247358851685,
        0.9100137361600648,
        1.103970108290981,
        1.0532687216470449
    ],
    [
        1.0680004681646913,
        1.0307764064044151,
        1.0077822185373186,
        0.0,
        1.0606601717798212,
        1.0968705484240153,
        1.0606601717798212,
        1.015504800579495,
        1.0752906583803283,
        0.9921567416492215,
        1.0680004681646913,
        1.0307764064044151,
        1.159202311936963,
        1.0680004681646913,
        1.118033988749895,
        1.0307764064044151,
        1.165922381636102,
        0.9185586535436918,
        1.1110243021644486,
        1.0825317547305484,
        1.0077822185373186,
        1.1110243021644486,
        0.875,
        1.2183492931011204,
        1.224744871391589,
        1.0606601717798212,
        1.0606601717798212,
        1.0532687216470449,
        1.2686114456365274,
        1.2374368670764582,
        1.0077822185373186,
        1.0968705484240153,
        1.14564392373896,
        1.0752906583803283,
        1.103970108290981,
        1.118033988749895,
        1.0077822185373186,
        1.0231690964840563,
        1.0231690964840563,
        1.0532687216470449,
        0.9354143466934853,
        1.159202311936963,
        1.1110243021644486,
        1.0752906583803283,
        1.0606601717798212,
        1.0,
        1.118033988749895,
        1.015504800579495,
        0.9354143466934853,
        1.1858541225631423
    ],
    [
        1.2054563451241194,
        0.8569568250501305,
        0.9762812094883317,
        1.0606601717798212,
        0.0,
        0.9519716382329886,
        0.960143218483576,
        0.9354143466934853,
        0.9100137361600648,
        0.8926785535678563,
        0.9100137361600648,
        0.8926785535678563,
        1.0680004681646913,
        0.960143218483576,
        0.9437293044088437,
        0.9185586535436918,
        1.0825317547305484,
        1.0458250331675945,
        0.9762812094883317,
        1.015504800579495,
        0.960143218483576,
        1.0307764064044151,
        1.103970108290981,
        1.1726039399558574,
        1.125,
        1.1319231422671772,
        1.1792476415070754,
        0.8838834764831844,
        1.192424001771182,
        1.192424001771182,
        1.165922381636102,
        0.9921567416492215,
        1.0307764064044151,
        1.0077822185373186,
        1.015504800579495,
        0.9921567416492215,
        1.0532687216470449,
        0.9185586535436918,
        0.875,
        0.82915619758885,
        1.0458250331675945,
        1.0231690964840563,
        1.0680004681646913,
        0.9270248108869579,
        1.4142135623730951,
        0.8926785535678563,
        1.125,
        0.8926785535678563,
        1.1388041973930374,
        1.0458250331675945
    ],
    [
        1.243734296383275,
        0.9437293044088437,
        1.015504800579495,
        1.0968705484240153,
        0.9519716382329886,
        0.0,
        1.0231690964840563,
        1.0458250331675945,
        1.0752906583803283,
        0.9519716382329886,
        1.0307764064044151,
        0.8569568250501305,
        1.1110243021644486,
        0.8926785535678563,
        1.0077822185373186,
        1.0532687216470449,
        1.0897247358851685,
        1.103970108290981,
        0.9842509842514764,
        0.9921567416492215,
        1.0383279828647594,
        1.015504800579495,
        1.14564392373896,
        1.1792476415070754,
        1.0825317547305484,
        1.1792476415070754,
        1.243734296383275,
        0.9842509842514764,
        1.159202311936963,
        1.192424001771182,
        1.1726039399558574,
        1.0,
        1.118033988749895,
        1.0383279828647594,
        1.015504800579495,
        1.0307764064044151,
        1.0825317547305484,
        0.960143218483576,
        1.0,
        0.9270248108869579,
        1.1319231422671772,
        1.015504800579495,
        1.0825317547305484,
        1.0077822185373186,
        1.4086784586980805,
        0.9270248108869579,
        1.0825317547305484,
        0.9354143466934853,
        1.14564392373896,
        1.103970108290981
    ],
    [
        1.2808688457449497,
        0.9354143466934853,
        0.9013878188659973,
        1.0606601717798212,
        0.960143218483576,
        1.0231690964840563,
        0.0,
        0.9519716382329886,
        0.9519716382329886,
        0.9921567416492215,
        1.0532687216470449,
        0.9682458365518543,
        1.1110243021644486,
        0.9842509842514764,
        1.0,
        0.9354143466934853,
        1.103970108290981,
        1.118033988749895,
        1.0077822185373186,
        0.9842509842514764,
        1.0383279828647594,
        1.0383279828647594,
        1.1319231422671772,
        1.118033988749895,
        1.165922381636102,
        1.243734296383275,
        1.1792476415070754,
        0.9842509842514764,
        1.2054563451241194,
        1.159202311936963,
        1.1110243021644486,
        1.015504800579495,
        1.0307764064044151,
        0.9921567416492215,
        1.0968705484240153,
        0.9762812094883317,
        1.2054563451241194,
        0.9519716382329886,
        0.9100137361600648,
        1.0231690964840563,
        1.0752906583803283,
        1.0825317547305484,
        1.1319231422671772,
        0.9921567416492215,
        1.4306903927824497,
        0.9270248108869579,
        1.0897247358851685,
        0.9921567416492215,
        1.103970108290981,
        1.0897247358851685
    ],
    [
        0.8100925873009825,
        0.7603453162872774,
        0.8838834764831844,
        1.015504800579495,
        0.9354143466934853,
        1.0458250331675945,
        0.9519716382329886,
        0.0,
        0.9270248108869579,
        0.82915619758885,
        0.6123724356957945,
        0.8838834764831844,
        1.159202311936963,
        1.0680004681646913,
        0.875,
        0.9185586535436918,
        1.165922381636102,
        0.8569568250501305,
        0.9519716382329886,
        1.0458250331675945,
        0.960143218483576,
        1.0383279828647594,
        0.9354143466934853,
        1.2562344526401112,
        1.1319231422671772,
        1.2624381172952597,
        1.2747548783981961,
        0.8003905296791061,
        1.3110110602126894,
        1.334634781503914,
        1.224744871391589,
        1.0231690964840563,
        1.1524430571616109,
        1.0307764064044151,
        0.673145600891813,
        1.0752906583803283,
        1.1319231422671772,
        0.81967981553775,
        0.770551750371122,
        0.9270248108869579,
        1.0307764064044151,
        1.0680004681646913,
        1.1858541225631423,
        0.9519716382329886,
        1.4306903927824497,
        0.7288689868556626,
        1.1792476415070754,
        0.6614378277661477,
        1.0897247358851685,
        0.7288689868556626
    ],
    [
        1.1726039399558574,
        0.9013878188659973,
        0.9270248108869579,
        1.0752906583803283,
        0.9100137361600648,
        1.0752906583803283,
        0.9519716382329886,
        0.9270248108869579,
        0.0,
        0.9437293044088437,
        0.9762812094883317,
        0.9354143466934853,
        1.0606601717798212,
        1.0077822185373186,
        1.015504800579495,
        0.875,
        1.103970108290981,
        1.0825317547305484,
        0.9762812094883317,
        1.0383279828647594,
        1.0231690964840563,
        1.0077822185373186,
        1.0752906583803283,
        1.1792476415070754,
        1.1858541225631423,
        1.1726039399558574,
        1.1989578808281798,
        0.9437293044088437,
        1.1858541225631423,
        1.1524430571616109,
        1.1110243021644486,
        1.0231690964840563,
        1.0606601717798212,
        1.0231690964840563,
        0.9921567416492215,
        1.0458250331675945,
        1.1524430571616109,
        0.9354143466934853,
        0.9270248108869579,
        0.9519716382329886,
        1.0897247358851685,
        1.0532687216470449,
        1.0752906583803283,
        0.9437293044088437,
        1.3806701271484076,
        0.9354143466934853,
        1.0968705484240153,
        0.9013878188659973,
        1.159202311936963,
        1.0752906583803283
    ],
    [
        1.0968705484240153,
        0.9519716382329886,
        0.9519716382329886,
        0.9921567416492215,
        0.8926785535678563,
        0.9519716382329886,
        0.9921567416492215,
        0.82915619758885,
        0.9437293044088437,
        0.0,
        0.9185586535436918,
        0.8477912478906585,
        1.015504800579495,
        0.9519716382329886,
        0.9682458365518543,
        0.9100137361600648,
        1.0825317547305484,
        0.9682458365518543,
        0.9270248108869579,
        0.9437293044088437,
        1.0,
        0.9921567416492215,
        1.0532687216470449,
        1.1726039399558574,
        1.0383279828647594,
        1.165922381636102,
        1.25,
        0.9013878188659973,
        1.1388041973930374,
        1.2183492931011204,
        1.2183492931011204,
        0.9921567416492215,
        1.0,
        0.9185586535436918,
        0.9354143466934853,
        1.0,
        1.0752906583803283,
        0.8569568250501305,
        0.8569568250501305,
        0.960143218483576,
        1.103970108290981,
        1.0383279828647594,
        1.0752906583803283,
        0.9762812094883317,
        1.3975424859373686,
        0.8569568250501305,
        1.0458250331675945,
        0.8660254037844386,
        1.103970108290981,
        0.9519716382329886
    ],
    [
        0.649519052838329,
        0.7905694150420949,
        1.015504800579495,
        1.0680004681646913,
        0.9100137361600648,
        1.0307764064044151,
        1.0532687216470449,
        0.6123724356957945,
        0.9762812094883317,
        0.9185586535436918,
        0.0,
        0.8477912478906585,
        1.2808688457449497,
        1.0825317547305484,
        0.9682458365518543,
        0.960143218483576,
        1.2930100540985752,
        0.8385254915624212,
        0.9519716382329886,
        1.118033988749895,
        1.0458250331675945,
        1.1726039399558574,
        0.9437293044088437,
        1.3693063937629153,
        1.2562344526401112,
        1.3635890143294642,
        1.357847561400027,
        0.8926785535678563,
        1.4469796128487782,
        1.4737282653189494,
        1.346291201783626,
        1.1792476415070754,
        1.2119199643540823,
        1.1110243021644486,
        0.4841229182759271,
        1.1524430571616109,
        1.1989578808281798,
        0.82915619758885,
        0.770551750371122,
        0.9682458365518543,
        1.103970108290981,
        1.2054563451241194,
        1.299038105676658,
        1.0680004681646913,
        1.489546910976623,
        0.770551750371122,
        1.286953767623375,
        0.5863019699779287,
        1.2054563451241194,
        0.5994789404140899
    ],
    [
        1.0532687216470449,
        0.82915619758885,
        0.9519716382329886,
        1.0307764064044151,
        0.8926785535678563,
        0.8569568250501305,
        0.9682458365518543,
        0.8838834764831844,
        0.9354143466934853,
        0.8477912478906585,
        0.8477912478906585,
        0.0,
        1.0606601717798212,
        0.9762812094883317,
        0.9100137361600648,
        0.9185586535436918,
        1.103970108290981,
        0.9682458365518543,
        0.960143218483576,
        0.9437293044088437,
        0.9762812094883317,
        0.9842509842514764,
        1.0307764064044151,
        1.1989578808281798,
        1.0968705484240153,
        1.14564392373896,
        1.2747548783981961,
        0.8838834764831844,
        1.159202311936963,
        1.2562344526401112,
        1.1110243021644486,
        1.0458250331675945,
        1.0231690964840563,
        1.015504800579495,
        0.8838834764831844,
        0.960143218483576,
        1.0307764064044151,
        0.9100137361600648,
        0.8569568250501305,
        0.8926785535678563,
        1.0680004681646913,
        0.9842509842514764,
        1.0383279828647594,
        0.9185586535436918,
        1.3975424859373686,
        0.8926785535678563,
        1.0968705484240153,
        0.82915619758885,
        1.1524430571616109,
        0.960143218483576
    ],
    [
        1.4577379737113252,
        1.0825317547305484,
        1.0752906583803283,
        1.159202311936963,
        1.0680004681646913,
        1.1110243021644486,
        1.1110243021644486,
        1.159202311936963,
        1.0606601717798212,
        1.015504800579495,
        1.2808688457449497,
        1.0606601717798212,
        0.0,
        1.0680004681646913,
        1.0968705484240153,
        1.0458250331675945,
        1.125,
        1.2119199643540823,
        1.0752906583803283,
        1.0077822185373186,
        1.0532687216470449,
        1.0,
        1.286953767623375,
        1.165922381636102,
        1.0458250331675945,
        1.231107225224513,
        1.2374368670764582,
        1.14564392373896,
        1.0752906583803283,
        1.1110243021644486,
        1.2183492931011204,
        1.015504800579495,
        1.1388041973930374,
        1.103970108290981,
        1.2930100540985752,
        1.0532687216470449,
        1.103970108290981,
        1.165922381636102,
        1.1319231422671772,
        1.0752906583803283,
        1.1858541225631423,
        1.0752906583803283,
        1.118033988749895,
        1.0307764064044151,
        1.4361406616345072,
        1.103970108290981,
        1.103970108290981,
        1.103970108290981,
        1.1989578808281798,
        1.3228756555322954
    ],
    [
        1.3287682265918312,
        0.9354143466934853,
        1.0383279828647594,
        1.0680004681646913,
        0.960143218483576,
        0.8926785535678563,
        0.9842509842514764,
        1.0680004681646913,
        1.0077822185373186,
        0.9519716382329886,
        1.0825317547305484,
        0.9762812094883317,
        1.0680004681646913,
        0.0,
        0.9921567416492215,
        1.0,
        1.0680004681646913,
        1.1524430571616109,
        0.960143218483576,
        0.9921567416492215,
        0.9842509842514764,
        1.0458250331675945,
        1.0897247358851685,
        1.14564392373896,
        1.0825317547305484,
        1.1388041973930374,
        1.125,
        1.0532687216470449,
        1.1319231422671772,
        1.1524430571616109,
        1.14564392373896,
        1.0077822185373186,
        1.0897247358851685,
        0.9842509842514764,
        1.125,
        1.015504800579495,
        1.0968705484240153,
        0.9842509842514764,
        0.9682458365518543,
        0.9519716382329886,
        1.0532687216470449,
        1.015504800579495,
        1.0532687216470449,
        0.9762812094883317,
        1.403121520040228,
        0.9682458365518543,
        1.0897247358851685,
        1.0231690964840563,
        1.118033988749895,
        1.165922381636102
    ],
    [
        1.159202311936963,
        0.875,
        0.960143218483576,
        1.118033988749895,
        0.9437293044088437,
        1.0077822185373186,
        1.0,
        0.875,
        1.015504800579495,
        0.9682458365518543,
        0.9682458365518543,
        0.9100137361600648,
        1.0968705484240153,
        0.9921567416492215,
        0.0,
        0.9921567416492215,
        1.1524430571616109,
        1.0383279828647594,
        0.9185586535436918,
        1.0383279828647594,
        0.9354143466934853,
        1.0307764064044151,
        1.0752906583803283,
        1.192424001771182,
        1.1388041973930374,
        1.25,
        1.2374368670764582,
        0.9354143466934853,
        1.1989578808281798,
        1.299038105676658,
        1.1388041973930374,
        1.0383279828647594,
        1.1524430571616109,
        1.0307764064044151,
        0.9354143466934853,
        1.0680004681646913,
        1.0968705484240153,
        0.8838834764831844,
        0.8838834764831844,
        0.8838834764831844,
        1.0458250331675945,
        1.0231690964840563,
        1.125,
        0.9354143466934853,
        1.4197270864500684,
        0.9270248108869579,
        1.0680004681646913,
        0.8477912478906585,
        1.159202311936963,
        1.0458250331675945
    ],
    [
        1.1792476415070754,
        0.8660254037844386,
        0.9519716382329886,
        1.0307764064044151,
        0.9185586535436918,
        1.0532687216470449,
        0.9354143466934853,
        0.9185586535436918,
        0.875,
        0.9100137361600648,
        0.960143218483576,
        0.9185586535436918,
        1.0458250331675945,
        1.0,
        0.9921567416492215,
        0.0,
        1.125,
        1.0077822185373186,
        1.0,
        0.9921567416492215,
        0.9921567416492215,
        0.960143218483576,
        1.1110243021644486,
        1.165922381636102,
        1.125,
        1.118033988749895,
        1.165922381636102,
        0.9185586535436918,
        1.1989578808281798,
        1.1989578808281798,
        1.1989578808281798,
        0.9519716382329886,
        1.0231690964840563,
        1.0,
        0.9921567416492215,
        1.0,
        1.0897247358851685,
        0.9437293044088437,
        0.9100137361600648,
        0.9437293044088437,
        1.0606601717798212,
        1.015504800579495,
        1.0968705484240153,
        0.9519716382329886,
        1.3863170633011772,
        0.82915619758885,
        1.0897247358851685,
        0.875,
        1.0897247358851685,
        1.015504800579495
    ],
    [
        1.541103500742244,
        1.0752906583803283,
        1.0532687216470449,
        1.165922381636102,
        1.0825317547305484,
        1.0897247358851685,
        1.103970108290981,
        1.165922381636102,
        1.103970108290981,
        1.0825317547305484,
        1.2930100540985752,
        1.103970108290981,
        1.125,
        1.0680004681646913,
        1.1524430571616109,
        1.125,
        0.0,
        1.2374368670764582,
        1.103970108290981,
        1.1110243021644486,
        1.0752906583803283,
        1.0968705484240153,
        1.2374368670764582,
        1.14564392373896,
        1.224744871391589,
        1.1858541225631423,
        1.1726039399558574,
        1.118033988749895,
        1.103970108290981,
        1.165922381636102,
        1.14564392373896,
        1.0825317547305484,
        1.0825317547305484,
        1.0458250331675945,
        1.2808688457449497,
        1.103970108290981,
        1.243734296383275,
        1.125,
        1.0752906583803283,
        1.0752906583803283,
        1.125,
        1.0825317547305484,
        1.1319231422671772,
        1.0231690964840563,
        1.4842927608797396,
        1.118033988749895,
        1.1388041973930374,
        1.1858541225631423,
        1.1726039399558574,
        1.403121520040228
    ],
    [
        0.6846531968814576,
        0.9354143466934853,
        1.0752906583803283,
        0.9185586535436918,
        1.0458250331675945,
        1.103970108290981,
        1.118033988749895,
        0.8569568250501305,
        1.0825317547305484,
        0.9682458365518543,
        0.8385254915624212,
        0.9682458365518543,
        1.2119199643540823,
        1.1524430571616109,
        1.0383279828647594,
        1.0077822185373186,
        1.2374368670764582,
        0.0,
        1.0606601717798212,
        1.1726039399558574,
        1.1388041973930374,
        1.14564392373896,
        0.7806247497997998,
        1.3975424859373686,
        1.2119199643540823,
        1.103970108290981,
        1.125,
        0.960143218483576,
        1.4142135623730951,
        1.4086784586980805,
        1.159202311936963,
        1.159202311936963,
        1.2374368670764582,
        1.1110243021644486,
        0.8569568250501305,
        1.1524430571616109,
        1.0307764064044151,
        0.9013878188659973,
        0.9354143466934853,
        1.0752906583803283,
        0.9185586535436918,
        1.14564392373896,
        1.2562344526401112,
        1.0752906583803283,
        1.1319231422671772,
        0.9185586535436918,
        1.2183492931011204,
        0.8477912478906585,
        1.0,
        0.8926785535678563
    ],
    [
        1.192424001771182,
        0.9354143466934853,
        0.9270248108869579,
        1.1110243021644486,
        0.9762812094883317,
        0.9842509842514764,
        1.0077822185373186,
        0.9519716382329886,
        0.9762812094883317,
        0.9270248108869579,
        0.9519716382329886,
        0.960143218483576,
        1.0752906583803283,
        0.960143218483576,
        0.9185586535436918,
        1.0,
        1.103970108290981,
        1.0606601717798212,
        0.0,
        0.9842509842514764,
        1.0231690964840563,
        1.0077822185373186,
        1.1110243021644486,
        1.1726039399558574,
        1.165922381636102,
        1.2562344526401112,
        1.159202311936963,
        0.9842509842514764,
        1.1989578808281798,
        1.2624381172952597,
        1.1989578808281798,
        0.9921567416492215,
        1.0606601717798212,
        1.0231690964840563,
        0.9354143466934853,
        1.0307764064044151,
        1.0825317547305484,
        0.8569568250501305,
        0.9354143466934853,
        0.9762812094883317,
        1.0752906583803283,
        1.0606601717798212,
        1.0897247358851685,
        0.9682458365518543,
        1.3635890143294642,
        0.8926785535678563,
        1.015504800579495,
        0.81967981553775,
        1.1726039399558574,
        1.0606601717798212
    ],
    [
        1.3635890143294642,
        1.0077822185373186,
        0.9762812094883317,
        1.0825317547305484,
        1.015504800579495,
        0.9921567416492215,
        0.9842509842514764,
        1.0458250331675945,
        1.0383279828647594,
        0.9437293044088437,
        1.118033988749895,
        0.9437293044088437,
        1.0077822185373186,
        0.9921567416492215,
        1.0383279828647594,
        0.9921567416492215,
        1.1110243021644486,
        1.1726039399558574,
        0.9842509842514764,
        0.0,
        1.0231690964840563,
        0.9682458365518543,
        1.1110243021644486,
        1.125,
        1.0897247358851685,
        1.14564392373896,
        1.224744871391589,
        1.0,
        1.1388041973930374,
        1.1858541225631423,
        1.1524430571616109,
        1.0458250331675945,
        1.0532687216470449,
        1.0231690964840563,
        1.1792476415070754,
        1.0532687216470449,
        1.125,
        0.9842509842514764,
        0.9270248108869579,
        1.0077822185373186,
        1.14564392373896,
        1.0897247358851685,
        1.0458250331675945,
        0.9682458365518543,
        1.4142135623730951,
        1.015504800579495,
        1.0383279828647594,
        1.0383279828647594,
        1.125,
        1.1858541225631423
    ],
    [
        1.3693063937629153,
        1.0,
        0.9682458365518543,
        1.0077822185373186,
        0.960143218483576,
        1.0383279828647594,
        1.0383279828647594,
        0.960143218483576,
        1.0231690964840563,
        1.0,
        1.0458250331675945,
        0.9762812094883317,
        1.0532687216470449,
        0.9842509842514764,
        0.9354143466934853,
        0.9921567416492215,
        1.0752906583803283,
        1.1388041973930374,
        1.0231690964840563,
        1.0231690964840563,
        0.0,
        1.015504800579495,
        1.1388041973930374,
        1.103970108290981,
        1.192424001771182,
        1.1792476415070754,
        1.1726039399558574,
        1.0231690964840563,
        1.1989578808281798,
        1.1989578808281798,
        1.2054563451241194,
        1.0383279828647594,
        1.0680004681646913,
        1.0383279828647594,
        1.1110243021644486,
        1.0077822185373186,
        1.1388041973930374,
        0.9762812094883317,
        0.9682458365518543,
        0.8838834764831844,
        1.159202311936963,
        1.0458250331675945,
        1.0897247358851685,
        1.0458250331675945,
        1.4197270864500684,
        1.0532687216470449,
        1.125,
        0.960143218483576,
        1.0968705484240153,
        1.231107225224513
    ],
    [
        1.3693063937629153,
        0.9921567416492215,
        1.0383279828647594,
        1.1110243021644486,
        1.0307764064044151,
        1.015504800579495,
        1.0383279828647594,
        1.0383279828647594,
        1.0077822185373186,
        0.9921567416492215,
        1.1726039399558574,
        0.9842509842514764,
        1.0,
        1.0458250331675945,
        1.0307764064044151,
        0.960143218483576,
        1.0968705484240153,
        1.14564392373896,
        1.0077822185373186,
        0.9682458365518543,
        1.015504800579495,
        0.0,
        1.1989578808281798,
        1.1792476415070754,
        1.192424001771182,
        1.103970108290981,
        1.2183492931011204,
        1.0307764064044151,
        1.125,
        1.1524430571616109,
        1.224744871391589,
        0.9682458365518543,
        1.1110243021644486,
        1.0680004681646913,
        1.2119199643540823,
        1.015504800579495,
        1.0825317547305484,
        1.0231690964840563,
        1.0231690964840563,
        0.9519716382329886,
        1.125,
        1.0383279828647594,
        1.0968705484240153,
        0.9842509842514764,
        1.4252192813739224,
        1.0,
        1.103970108290981,
        1.0680004681646913,
        1.14564392373896,
        1.1989578808281798
    ],
    [
        0.875,
        0.9762812094883317,
        1.0752906583803283,
        0.875,
        1.103970108290981,
        1.14564392373896,
        1.1319231422671772,
        0.9354143466934853,
        1.0752906583803283,
        1.0532687216470449,
        0.9437293044088437,
        1.0307764064044151,
        1.286953767623375,
        1.0897247358851685,
        1.0752906583803283,
        1.1110243021644486,
        1.2374368670764582,
        0.7806247497997998,
        1.1110243021644486,
        1.1110243021644486,
        1.1388041973930374,
        1.1989578808281798,
        0.0,
        1.3693063937629153,
        1.243734296383275,
        1.125,
        1.165922381636102,
        1.0383279828647594,
        1.352081728298996,
        1.3919410907075054,
        1.0825317547305484,
        1.2183492931011204,
        1.1989578808281798,
        1.125,
        0.9762812094883317,
        1.1792476415070754,
        1.0307764064044151,
        0.9762812094883317,
        1.0077822185373186,
        1.0897247358851685,
        0.9842509842514764,
        1.192424001771182,
        1.2054563451241194,
        1.0825317547305484,
        1.1319231422671772,
        0.9921567416492215,
        1.2119199643540823,
        0.8926785535678563,
        1.0606601717798212,
        1.0
    ],
    [
        1.741048534648015,
        1.1858541225631423,
        1.0897247358851685,
        1.2183492931011204,
        1.1726039399558574,
        1.1792476415070754,
        1.118033988749895,
        1.2562344526401112,
        1.1792476415070754,
        1.1726039399558574,
        1.3693063937629153,
        1.1989578808281798,
        1.165922381636102,
        1.14564392373896,
        1.192424001771182,
        1.165922381636102,
        1.14564392373896,
        1.3975424859373686,
        1.1726039399558574,
        1.125,
        1.103970108290981,
        1.1792476415070754,
        1.3693063937629153,
        0.0,
        1.2119199643540823,
        1.224744871391589,
        1.1989578808281798,
        1.224744871391589,
        1.1858541225631423,
        1.2054563451241194,
        1.25,
        1.0752906583803283,
        1.118033988749895,
        1.0968705484240153,
        1.505199322349037,
        1.14564392373896,
        1.25,
        1.159202311936963,
        1.165922381636102,
        1.1319231422671772,
        1.1858541225631423,
        1.14564392373896,
        1.165922381636102,
        1.0825317547305484,
        1.5103807466993215,
        1.2183492931011204,
        1.1524430571616109,
        1.2562344526401112,
        1.2562344526401112,
        1.5562374497485916
    ],
    [
        1.4737282653189494,
        1.0897247358851685,
        1.14564392373896,
        1.224744871391589,
        1.125,
        1.0825317547305484,
        1.165922381636102,
        1.1319231422671772,
        1.1858541225631423,
        1.0383279828647594,
        1.2562344526401112,
        1.0968705484240153,
        1.0458250331675945,
        1.0825317547305484,
        1.1388041973930374,
        1.125,
        1.224744871391589,
        1.2119199643540823,
        1.165922381636102,
        1.0897247358851685,
        1.192424001771182,
        1.192424001771182,
        1.243734296383275,
        1.2119199643540823,
        0.0,
        1.25,
        1.2930100540985752,
        1.1110243021644486,
        1.159202311936963,
        1.2183492931011204,
        1.231107225224513,
        1.1319231422671772,
        1.1388041973930374,
        1.14564392373896,
        1.2686114456365274,
        1.103970108290981,
        1.1858541225631423,
        1.125,
        1.1319231422671772,
        1.0897247358851685,
        1.2930100540985752,
        1.1319231422671772,
        1.0752906583803283,
        1.1388041973930374,
        1.4630874888399532,
        1.1524430571616109,
        1.0897247358851685,
        1.14564392373896,
        1.2562344526401112,
        1.2930100540985752
    ],
    [
        1.3975424859373686,
        1.1858541225631423,
        1.224744871391589,
        1.0606601717798212,
        1.1319231422671772,
        1.1792476415070754,
        1.243734296383275,
        1.2624381172952597,
        1.1726039399558574,
        1.165922381636102,
        1.3635890143294642,
        1.14564392373896,
        1.231107225224513,
        1.1388041973930374,
        1.25,
        1.118033988749895,
        1.1858541225631423,
        1.103970108290981,
        1.2562344526401112,
        1.14564392373896,
        1.1792476415070754,
        1.103970108290981,
        1.125,
        1.224744871391589,
        1.25,
        0.0,
        1.1524430571616109,
        1.1524430571616109,
        1.2747548783981961,
        1.2686114456365274,
        1.103970108290981,
        1.1792476415070754,
        1.1858541225631423,
        1.224744871391589,
        1.4306903927824497,
        1.2119199643540823,
        1.0231690964840563,
        1.1858541225631423,
        1.1989578808281798,
        1.14564392373896,
        1.0752906583803283,
        1.159202311936963,
        1.231107225224513,
        1.1726039399558574,
        1.118033988749895,
        1.2808688457449497,
        1.2183492931011204,
        1.2747548783981961,
        1.118033988749895,
        1.4086784586980805
    ],
    [
        1.4086784586980805,
        1.1792476415070754,
        1.165922381636102,
        1.0606601717798212,
        1.1792476415070754,
        1.243734296383275,
        1.1792476415070754,
        1.2747548783981961,
        1.1989578808281798,
        1.25,
        1.357847561400027,
        1.2747548783981961,
        1.2374368670764582,
        1.125,
        1.2374368670764582,
        1.165922381636102,
        1.1726039399558574,
        1.125,
        1.159202311936963,
        1.224744871391589,
        1.1726039399558574,
        1.2183492931011204,
        1.165922381636102,
        1.1989578808281798,
        1.2930100540985752,
        1.1524430571616109,
        0.0,
        1.224744871391589,
        1.3169567191065923,
        1.2808688457449497,
        1.0606601717798212,
        1.1792476415070754,
        1.2374368670764582,
        1.1388041973930374,
        1.3693063937629153,
        1.2183492931011204,
        1.125,
        1.1858541225631423,
        1.1726039399558574,
        1.159202311936963,
        1.0231690964840563,
        1.243734296383275,
        1.25,
        1.165922381636102,
        1.2054563451241194,
        1.1858541225631423,
        1.2374368670764582,
        1.243734296383275,
        1.0458250331675945,
        1.4523687548277813
    ],
    [
        1.0606601717798212,
        0.8660254037844386,
        0.9185586535436918,
        1.0532687216470449,
        0.8838834764831844,
        0.9842509842514764,
        0.9842509842514764,
        0.8003905296791061,
        0.9437293044088437,
        0.9013878188659973,
        0.8926785535678563,
        0.8838834764831844,
        1.14564392373896,
        1.0532687216470449,
        0.9354143466934853,
        0.9185586535436918,
        1.118033988749895,
        0.960143218483576,
        0.9842509842514764,
        1.0,
        1.0231690964840563,
        1.0307764064044151,
        1.0383279828647594,
        1.224744871391589,
        1.1110243021644486,
        1.1524430571616109,
        1.224744871391589,
        0.0,
        1.2119199643540823,
        1.25,
        1.2054563451241194,
        1.015504800579495,
        1.0825317547305484,
        0.9762812094883317,
        0.8926785535678563,
        1.0383279828647594,
        1.1110243021644486,
        0.8477912478906585,
        0.8385254915624212,
        0.9013878188659973,
        1.0606601717798212,
        1.0231690964840563,
        1.0825317547305484,
        0.9354143466934853,
        1.4252192813739224,
        0.7806247497997998,
        1.1319231422671772,
        0.82915619758885,
        1.1110243021644486,
        0.9185586535436918
    ],
    [
        1.758905909933786,
        1.1792476415070754,
        1.1726039399558574,
        1.2686114456365274,
        1.192424001771182,
        1.159202311936963,
        1.2054563451241194,
        1.3110110602126894,
        1.1858541225631423,
        1.1388041973930374,
        1.4469796128487782,
        1.159202311936963,
        1.0752906583803283,
        1.1319231422671772,
        1.1989578808281798,
        1.1989578808281798,
        1.103970108290981,
        1.4142135623730951,
        1.1989578808281798,
        1.1388041973930374,
        1.1989578808281798,
        1.125,
        1.352081728298996,
        1.1858541225631423,
        1.159202311936963,
        1.2747548783981961,
        1.3169567191065923,
        1.2119199643540823,
        0.0,
        1.2374368670764582,
        1.2747548783981961,
        1.1524430571616109,
        1.1388041973930374,
        1.14564392373896,
        1.4737282653189494,
        1.1524430571616109,
        1.159202311936963,
        1.243734296383275,
        1.25,
        1.2054563451241194,
        1.3228756555322954,
        1.103970108290981,
        1.1388041973930374,
        1.165922381636102,
        1.4842927608797396,
        1.2624381172952597,
        1.118033988749895,
        1.286953767623375,
        1.2808688457449497,
        1.5360257159305635
    ],
    [
        1.7320508075688772,
        1.2183492931011204,
        1.224744871391589,
        1.2374368670764582,
        1.192424001771182,
        1.192424001771182,
        1.159202311936963,
        1.334634781503914,
        1.1524430571616109,
        1.2183492931011204,
        1.4737282653189494,
        1.2562344526401112,
        1.1110243021644486,
        1.1524430571616109,
        1.299038105676658,
        1.1989578808281798,
        1.165922381636102,
        1.4086784586980805,
        1.2624381172952597,
        1.1858541225631423,
        1.1989578808281798,
        1.1524430571616109,
        1.3919410907075054,
        1.2054563451241194,
        1.2183492931011204,
        1.2686114456365274,
        1.2808688457449497,
        1.25,
        1.2374368670764582,
        0.0,
        1.243734296383275,
        1.2054563451241194,
        1.192424001771182,
        1.2183492931011204,
