[
    [
        0.0,
        1.2891818319842887,
        0.4191676640823394,
        1.011256795340555,
        0.8933926965249276,
        1.0779563051990404,
        0.7327958760243997,
        0.8559846672498834,
        0.984412960881266,
        1.090344918278765,
        0.6650437303405741,
        1.0158187609519924,
        1.4971273513373702,
        1.11245843765518,
        1.364524100339808,
        0.9692333389365652,
        1.3597249872001052,
        1.0720236442716884,
        0.940344324691542,
        1.0794343756933868,
        1.1088376684874526,
        1.169881382439943,
        0.8645103341856778,
        1.3838997692855401,
        1.1690330713865476,
        1.1872300982212542,
        1.0555033403960885,
        1.0455200834503175,
        0.9839658406216162,
        1.2419382892421482,
        0.9077332162242026,
        0.8440215927211769,
        1.2609216745649803,
        1.0442993940866747,
        0.39000588692574206,
        1.2221697834555707,
        0.9457544769189544,
        1.0144051740516988,
        1.1028141183317508,
        1.1905505929130915,
        0.9968061240680617,
        1.2899236648827281,
        1.1183191651322266,
        1.1785714285714286,
        1.1274406631746043,
        0.8689253012418973,
        1.0338653447235806,
        0.8225923433057872,
        1.1351582196652013,
        0.4727929391026331
    ],
    [
        1.2891818319842887,
        0.0,
        1.0680004681646913,
        0.7603453162872774,
        0.82915619758885,
        0.875,
        0.8477912478906585,
        0.8175590362645243,
        0.770551750371122,
        0.8093207028119322,
        0.8385254915624212,
        0.7603453162872774,
        1.375,
        0.82915619758885,
        0.9013878188659973,
        0.7728244645850858,
        0.8569568250501305,
        0.75,
        0.81967981553775,
        0.8477912478906585,
        0.9363418772601764,
        0.9762812094883317,
        0.7488416981504762,
        0.9842509842514764,
        0.9655525188547057,
        0.8058380730643099,
        0.9691419458010839,
        0.7180703308172536,
        0.9565563234854496,
        0.960143218483576,
        0.8926785535678563,
        0.9013878188659973,
        1.0231690964840563,
        0.82915619758885,
        1.0307764064044151,
        0.9483538369195329,
        0.81967981553775,
        0.7603453162872774,
        0.7603453162872774,
        0.8477912478906585,
        0.8477912478906585,
        0.9100137361600648,
        0.9185586535436918,
        0.8660254037844386,
        0.8522030274529656,
        0.9023503261544882,
        0.8477912478906585,
        0.673145600891813,
        0.81967981553775,
        0.9100137361600648
    ],
    [
        0.4191676640823394,
        1.0680004681646913,
        0.0,
        0.8838834764831844,
        0.6959705453537527,
        0.9762812094883317,
        0.673145600891813,
        0.689706056551952,
        0.8660254037844386,
        0.9627434756984854,
        0.6123724356957945,
        0.8477912478906585,
        1.299038105676658,
        1.0,
        1.2054563451241194,
        0.8400452490242197,
        1.1858541225631423,
        0.82915619758885,
        0.7806247497997998,
        0.8660254037844386,
        0.9090593428863095,
        1.0231690964840563,
        0.6481812160876687,
        1.1858541225631423,
        0.9956502621123767,
        1.0179636535751166,
        0.8829008375173788,
        0.9185586535436918,
        0.7619875327064085,
        1.1110243021644486,
        0.770551750371122,
        0.7288689868556626,
        0.9842509842514764,
        0.9100137361600648,
        0.375,
        1.0256095748383007,
        0.8003905296791061,
        0.9270248108869579,
        0.960143218483576,
        1.0968705484240153,
        0.875,
        1.1319231422671772,
        0.9013878188659973,
        1.0752906583803283,
        0.8674675786448737,
        0.7168604389202189,
        0.8477912478906585,
        0.75,
        0.9682458365518543,
        0.5448623679425842
    ],
    [
        1.011256795340555,
        0.7603453162872774,
        0.8838834764831844,
        0.0,
        0.7071067811865476,
        0.770551750371122,
        0.739509972887452,
        0.6627489050244527,
        0.7071067811865476,
        0.6968679932383177,
        0.7180703308172536,
        0.7071067811865476,
        1.231107225224513,
        0.739509972887452,
        0.9185586535436918,
        0.6806828054480685,
        0.875,
        0.7180703308172536,
        0.75,
        0.7603453162872774,
        0.7156485015549029,
        0.8569568250501305,
        0.6653633092779713,
        0.8385254915624212,
        0.8395600699837452,
        0.8011710179481032,
        0.8175590362645243,
        0.7905694150420949,
        0.7741931283601011,
        0.7905694150420949,
        0.7603453162872774,
        0.7603453162872774,
        0.8660254037844386,
        0.7180703308172536,
        0.9013878188659973,
        0.7941190087134296,
        0.7603453162872774,
        0.7288689868556626,
        0.8100925873009825,
        0.8003905296791061,
        0.75,
        0.8477912478906585,
        0.7603453162872774,
        0.8477912478906585,
        0.7356969484781081,
        0.7046472718869902,
        0.7288689868556626,
        0.6959705453537527,
        0.770551750371122,
        0.8385254915624212
    ],
    [
        0.8933926965249276,
        0.82915619758885,
        0.6959705453537527,
        0.7071067811865476,
        0.0,
        0.8003905296791061,
        0.7071067811865476,
        0.6208193510729726,
        0.739509972887452,
        0.7254309064273455,
        0.649519052838329,
        0.739509972887452,
        1.125,
        0.81967981553775,
        0.9354143466934853,
        0.6855840650161595,
        0.9519716382329886,
        0.6373774391990981,
        0.7288689868556626,
        0.7603453162872774,
        0.733617369235792,
        0.8003905296791061,
        0.6731456008918131,
        0.9921567416492215,
        0.8426561840065285,
        0.8261355820929154,
        0.7850601533923655,
        0.8003905296791061,
        0.7198090024443985,
        0.8838834764831844,
        0.7180703308172536,
        0.75,
        0.770551750371122,
        0.770551750371122,
        0.770551750371122,
        0.8448372624357902,
        0.6846531968814576,
        0.7806247497997998,
        0.770551750371122,
        0.8100925873009825,
        0.7603453162872774,
        0.9013878188659973,
        0.6959705453537527,
        0.82915619758885,
        0.7956915231419774,
        0.6666666666666667,
        0.7806247497997998,
        0.6959705453537527,
        0.82915619758885,
        0.75
    ],
    [
        1.0779563051990404,
        0.875,
        0.9762812094883317,
        0.770551750371122,
        0.8003905296791061,
        0.0,
        0.8660254037844386,
        0.8690272339422588,
        0.8385254915624212,
        0.8015609770940699,
        0.875,
        0.7180703308172536,
        1.346291201783626,
        0.6959705453537527,
        1.015504800579495,
        0.8858654824866045,
        0.9437293044088437,
        0.82915619758885,
        0.8003905296791061,
        0.82915619758885,
        0.9109671295448103,
        0.960143218483576,
        0.813300887330964,
        0.9354143466934853,
        0.9013878188659974,
        0.8620469824783334,
        0.927960727138337,
        0.9013878188659973,
        0.8250000000000001,
        0.9921567416492215,
        0.9013878188659973,
        0.8385254915624212,
        1.0077822185373186,
        0.7905694150420949,
        0.9921567416492215,
        0.8760707733967616,
        0.7806247497997998,
        0.8569568250501305,
        0.8926785535678563,
        0.8838834764831844,
        0.8569568250501305,
        0.8477912478906585,
        0.8477912478906585,
        0.8100925873009825,
        0.8223442101699263,
        0.8848650242331376,
        0.7806247497997998,
        0.7905694150420949,
        0.875,
        0.8660254037844386
    ],
    [
        0.7327958760243997,
        0.8477912478906585,
        0.673145600891813,
        0.739509972887452,
        0.7071067811865476,
        0.8660254037844386,
        0.0,
        0.5833333333333334,
        0.7071067811865476,
        0.8344159634139319,
        0.5590169943749475,
        0.770551750371122,
        1.340475661845451,
        0.770551750371122,
        1.0,
        0.741877788494321,
        1.0383279828647594,
        0.75,
        0.673145600891813,
        0.8385254915624212,
        0.8848650242331376,
        0.9437293044088437,
        0.6346477588219923,
        0.960143218483576,
        0.9232716585900141,
        0.8799857953399021,
        0.8302024518821365,
        0.7288689868556626,
        0.7660776723022281,
        0.8926785535678563,
        0.6373774391990981,
        0.57282196186948,
        0.9519716382329886,
        0.7071067811865476,
        0.625,
        0.8799857953399021,
        0.7180703308172536,
        0.7603453162872774,
        0.7905694150420949,
        0.8569568250501305,
        0.649519052838329,
        0.9100137361600648,
        0.8477912478906585,
        0.8003905296791061,
        0.8463155439905379,
        0.6972166887783964,
        0.7180703308172536,
        0.6123724356957945,
        0.8385254915624212,
        0.5863019699779287
    ],
    [
        0.8559846672498834,
        0.8175590362645243,
        0.689706056551952,
        0.6627489050244527,
        0.6208193510729726,
        0.8690272339422588,
        0.5833333333333334,
        0.0,
        0.7046472718869902,
        0.7978269096600952,
        0.4639803635691685,
        0.7371585838730889,
        1.2133516482134197,
        0.8789592962387078,
        0.9709316831442536,
        0.6348710298082564,
        1.0307764064044151,
        0.6180165405913053,
        0.7264831572567789,
        0.8217951218048342,
        0.754615428178118,
        0.8848650242331376,
        0.57282196186948,
        0.9904053603337261,
        0.8609990966571593,
        0.8458641209503516,
        0.8364524958285304,
        0.7371585838730889,
        0.8298259523003068,
        0.9081039465709737,
        0.7371585838730889,
        0.7156485015549029,
        0.8670271686118671,
        0.768295371441074,
        0.6052432935972479,
        0.8756346904452285,
        0.7626252174051302,
        0.6934715407122183,
        0.7359800721939872,
        0.8364524958285304,
        0.7264831572567789,
        0.9619496983845996,
        0.8047169964928319,
        0.8569568250501305,
        0.8245790171690979,
        0.6095307849303248,
        0.8079466429027216,
        0.5559026693385972,
        0.773923984208613,
        0.6222160217945033
    ],
    [
        0.984412960881266,
        0.770551750371122,
        0.8660254037844386,
        0.7071067811865476,
        0.739509972887452,
        0.8385254915624212,
        0.7071067811865476,
        0.7046472718869902,
        0.0,
        0.7558108228915488,
        0.673145600891813,
        0.7180703308172536,
        1.3287682265918312,
        0.75,
        0.8838834764831844,
        0.6872100501747807,
        0.875,
        0.739509972887452,
        0.649519052838329,
        0.8926785535678563,
        0.8302024518821365,
        0.9437293044088437,
        0.6705615391429617,
        0.8569568250501305,
        0.9745012969605417,
        0.8437268515343103,
        0.8670271686118671,
        0.7603453162872774,
        0.852936105461599,
        0.81967981553775,
        0.6846531968814576,
        0.6959705453537527,
        0.9013878188659973,
        0.739509972887452,
        0.8477912478906585,
        0.8344159634139319,
        0.7806247497997998,
        0.7180703308172536,
        0.6846531968814576,
        0.7806247497997998,
        0.7071067811865476,
        0.8838834764831844,
        0.8003905296791061,
        0.75,
        0.8591420138719792,
        0.7406828681096325,
        0.770551750371122,
        0.625,
        0.8385254915624212,
        0.75
    ],
    [
        1.090344918278765,
        0.8093207028119322,
        0.9627434756984854,
        0.6968679932383177,
        0.7254309064273455,
        0.8015609770940699,
        0.8344159634139319,
        0.7978269096600952,
        0.7558108228915488,
        0.0,
        0.8437268515343103,
        0.724137417898012,
        1.1124297730643495,
        0.7834219807996199,
        0.8803408430829506,
        0.7557095598015882,
        0.8418729120241368,
        0.7237057413065064,
        0.7660776723022281,
        0.719374728496908,
        0.7820024154552068,
        0.7782191208136691,
        0.8086339647138802,
        0.9233092656309694,
        0.818238283685681,
        0.770551750371122,
        0.8490599376827161,
        0.7862092596758194,
        0.7806247497997998,
        0.8888194417315589,
        0.8344159634139319,
        0.8344159634139319,
        0.8638576271585499,
        0.81891696770796,
        0.9367496997597597,
        0.81967981553775,
        0.7862092596758194,
        0.724137417898012,
        0.7660776723022281,
        0.7862092596758194,
        0.8411301920630361,
        0.8250000000000001,
        0.8400148808205722,
        0.8250000000000001,
        0.7644442425710329,
        0.751433814635579,
        0.7762087348130012,
        0.7660776723022281,
        0.820441954071097,
        0.9233092656309694
    ],
    [
        0.6650437303405741,
        0.8385254915624212,
        0.6123724356957945,
        0.7180703308172536,
        0.649519052838329,
        0.875,
        0.5590169943749475,
        0.4639803635691685,
        0.673145600891813,
        0.8437268515343103,
        0.0,
        0.7180703308172536,
        1.4415703243338496,
        0.8926785535678563,
        1.0752906583803283,
        0.7728244645850858,
        1.1388041973930374,
        0.7071067811865476,
        0.6614378277661477,
        0.875,
        0.8670271686118671,
        0.9762812094883317,
        0.6095307849303248,
        1.0458250331675945,
        0.9664511253952668,
        0.9483538369195329,
        0.8936504412303007,
        0.75,
        0.9062284480195929,
        0.9921567416492215,
        0.739509972887452,
        0.6614378277661477,
        0.9682458365518543,
        0.7905694150420949,
        0.5,
        0.9400797838481583,
        0.739509972887452,
        0.6846531968814576,
        0.770551750371122,
        0.8569568250501305,
        0.739509972887452,
        1.0231690964840563,
        0.8569568250501305,
        0.9185586535436918,
        1.010569146570387,
        0.6627489050244528,
        0.8003905296791061,
        0.45069390943299864,
        0.8660254037844386,
        0.414578098794425
    ],
    [
        1.0158187609519924,
        0.7603453162872774,
        0.8477912478906585,
        0.7071067811865476,
        0.739509972887452,
        0.7180703308172536,
        0.770551750371122,
        0.7371585838730889,
        0.7180703308172536,
        0.724137417898012,
        0.7180703308172536,
        0.0,
        1.299038105676658,
        0.7905694150420949,
        0.9185586535436918,
        0.7213932098830056,
        0.9270248108869579,
        0.7603453162872774,
        0.7180703308172536,
        0.6846531968814576,
        0.8057949835755716,
        0.8569568250501305,
        0.6984606089266755,
        0.9519716382329886,
        0.8730136183232068,
        0.7574628703771559,
        0.8975274678557507,
        0.7288689868556626,
        0.7862092596758194,
        0.9185586535436918,
        0.770551750371122,
        0.770551750371122,
        0.9519716382329886,
        0.770551750371122,
        0.82915619758885,
        0.8154753215150046,
        0.649519052838329,
        0.739509972887452,
        0.75,
        0.8100925873009825,
        0.770551750371122,
        0.7603453162872774,
        0.7905694150420949,
        0.8100925873009825,
        0.8058380730643099,
        0.7660323462854265,
        0.7288689868556626,
        0.6846531968814576,
        0.82915619758885,
        0.7806247497997998
    ],
    [
        1.4971273513373702,
        1.375,
        1.299038105676658,
        1.231107225224513,
        1.125,
        1.346291201783626,
        1.340475661845451,
        1.2133516482134197,
        1.3287682265918312,
        1.1124297730643495,
        1.4415703243338496,
        1.299038105676658,
        0.0,
        1.2747548783981961,
        1.4086784586980805,
        1.0581016405018249,
        1.2808688457449497,
        1.159202311936963,
        1.299038105676658,
        1.0680004681646913,
        1.0857345183996152,
        0.9354143466934853,
        1.2493053625470794,
        1.3975424859373686,
        1.1644323843735103,
        1.158932698649926,
        1.1000315652036738,
        1.346291201783626,
        1.145371118895531,
        1.346291201783626,
        1.352081728298996,
        1.3169567191065923,
        1.015504800579495,
        1.340475661845451,
        1.3228756555322954,
        1.1656543226874767,
        1.2562344526401112,
        1.375,
        1.346291201783626,
        1.3228756555322954,
        1.334634781503914,
        1.3228756555322954,
        1.125,
        1.3110110602126894,
        1.1321991874224253,
        1.1000315652036738,
        1.2808688457449497,
        1.3693063937629153,
        1.357847561400027,
        1.479019945774904
    ],
    [
        1.11245843765518,
        0.82915619758885,
        1.0,
        0.739509972887452,
        0.81967981553775,
        0.6959705453537527,
        0.770551750371122,
        0.8789592962387078,
        0.75,
        0.7834219807996199,
        0.8926785535678563,
        0.7905694150420949,
        1.2747548783981961,
        0.0,
        0.9270248108869579,
        0.8406144497099871,
        0.8660254037844386,
        0.875,
        0.75,
        0.7806247497997998,
        0.8579691784155834,
        0.8926785535678563,
        0.8175590362645245,
        0.8385254915624212,
        0.8395600699837453,
        0.796084166404533,
        0.8488145328109735,
        0.82915619758885,
        0.7660776723022281,
        0.9100137361600648,
        0.82915619758885,
        0.8003905296791061,
        0.9437293044088437,
        0.75,
        1.0231690964840563,
        0.8429857650043683,
        0.739509972887452,
        0.81967981553775,
        0.7603453162872774,
        0.8100925873009825,
        0.7180703308172536,
        0.8100925873009825,
        0.8660254037844386,
        0.75,
        0.7770135133960027,
        0.8936504412303007,
        0.7180703308172536,
        0.8385254915624212,
        0.7806247497997998,
        0.9270248108869579
    ],
    [
        1.364524100339808,
        0.9013878188659973,
        1.2054563451241194,
        0.9185586535436918,
        0.9354143466934853,
        1.015504800579495,
        1.0,
        0.9709316831442536,
        0.8838834764831844,
        0.8803408430829506,
        1.0752906583803283,
        0.9185586535436918,
        1.4086784586980805,
        0.9270248108869579,
        0.0,
        0.9204659977757051,
        1.0077822185373186,
        0.9354143466934853,
        0.8838834764831844,
        0.9921567416492215,
        0.9851325347947408,
        1.0532687216470449,
        1.0214708893442719,
        1.0383279828647594,
        0.9637527921850315,
        1.0043654713300334,
        1.0466547239233726,
        0.9270248108869579,
        1.0720890821195783,
        1.0077822185373186,
        0.9921567416492215,
        1.0532687216470449,
        1.0680004681646913,
        0.9921567416492215,
        1.2119199643540823,
        0.9233092656309694,
        1.0077822185373186,
        0.9185586535436918,
        0.8569568250501305,
        0.875,
        0.9437293044088437,
        0.9842509842514764,
        1.0458250331675945,
        0.9100137361600648,
        0.9637167633698192,
        0.961046882889233,
        1.0077822185373186,
        0.9185586535436918,
        0.9354143466934853,
        1.1792476415070754
    ],
    [
        0.9692333389365652,
        0.7728244645850858,
        0.8400452490242197,
        0.6806828054480685,
        0.6855840650161595,
        0.8858654824866045,
        0.741877788494321,
        0.6348710298082564,
        0.6872100501747807,
        0.7557095598015882,
        0.7728244645850858,
        0.7213932098830056,
        1.0581016405018249,
        0.8406144497099871,
        0.9204659977757051,
        0.0,
        0.8445881135989619,
        0.6505002000031066,
        0.762648446573665,
        0.7025826990323573,
        0.741041546538482,
        0.7699307549039321,
        0.6835914976072384,
        0.9538121686481172,
        0.8134751256463542,
        0.7544679839300739,
        0.7820758107090036,
        0.741877788494321,
        0.7122829064181663,
        0.8590009622004067,
        0.7927847457293968,
        0.7828682220279634,
        0.7597159780779517,
        0.7828682220279634,
        0.820457500547153,
        0.7548820694489373,
        0.7531820253201122,
        0.741877788494321,
        0.7540282975256218,
        0.8122546725388685,
        0.762648446573665,
        0.8413727849564104,
        0.7297434550608054,
        0.7828682220279634,
        0.7367104905855322,
        0.6512622925489738,
        0.7828682220279634,
        0.7205086072082862,
        0.7927847457293968,
        0.8406144497099871
    ],
    [
        1.3597249872001052,
        0.8569568250501305,
        1.1858541225631423,
        0.875,
        0.9519716382329886,
        0.9437293044088437,
        1.0383279828647594,
        1.0307764064044151,
        0.875,
        0.8418729120241368,
        1.1388041973930374,
        0.9270248108869579,
        1.2808688457449497,
        0.8660254037844386,
        1.0077822185373186,
        0.8445881135989619,
        0.0,
        0.9270248108869579,
        0.9354143466934853,
        0.8660254037844386,
        0.9418878796214429,
        1.0231690964840563,
        0.9354143466934853,
        0.9354143466934853,
        0.9930312739844155,
        0.8234834546000303,
        1.0206207261596574,
        0.9100137361600648,
        0.954921462739214,
        1.0383279828647594,
        0.9354143466934853,
        1.0606601717798212,
        0.9682458365518543,
        0.9100137361600648,
        1.243734296383275,
        0.8870597499605086,
        1.015504800579495,
        0.9354143466934853,
        0.8385254915624212,
        0.9762812094883317,
        0.8926785535678563,
        0.875,
        0.9270248108869579,
        0.9270248108869579,
        0.8782084035125148,
        0.9816015824491455,
        0.9437293044088437,
        1.015504800579495,
        0.9185586535436918,
        1.2054563451241194
    ],
    [
        1.0720236442716884,
        0.75,
        0.82915619758885,
        0.7180703308172536,
        0.6373774391990981,
        0.82915619758885,
        0.75,
        0.6180165405913053,
        0.739509972887452,
        0.7237057413065064,
        0.7071067811865476,
        0.7603453162872774,
        1.159202311936963,
        0.875,
        0.9354143466934853,
        0.6505002000031066,
        0.9270248108869579,
        0.0,
        0.770551750371122,
        0.8100925873009825,
        0.8333333333333334,
        0.8385254915624212,
        0.6795627679291705,
        1.0383279828647594,
        0.8518770125108697,
        0.8616843969807043,
        0.775044801572428,
        0.739509972887452,
        0.9283722313813572,
        0.8838834764831844,
        0.7905694150420949,
        0.8660254037844386,
        0.8569568250501305,
        0.81967981553775,
        0.7603453162872774,
        0.8212033852828421,
        0.7905694150420949,
        0.7288689868556626,
        0.7180703308172536,
        0.81967981553775,
        0.7603453162872774,
        0.9100137361600648,
        0.82915619758885,
        0.81967981553775,
        0.730581959810123,
        0.6666666666666667,
        0.8477912478906585,
        0.673145600891813,
        0.7806247497997998,
        0.7905694150420949
    ],
    [
        0.940344324691542,
        0.81967981553775,
        0.7806247497997998,
        0.75,
        0.7288689868556626,
        0.8003905296791061,
        0.673145600891813,
        0.7264831572567789,
        0.649519052838329,
        0.7660776723022281,
        0.6614378277661477,
        0.7180703308172536,
        1.299038105676658,
        0.75,
        0.8838834764831844,
        0.762648446573665,
        0.9354143466934853,
        0.770551750371122,
        0.0,
        0.7806247497997998,
        0.8302024518821365,
        0.875,
        0.7476816018719317,
        0.9270248108869579,
        0.9176131477310517,
        0.8576858399204221,
        0.8111634305804911,
        0.770551750371122,
        0.7814249804043891,
        0.8926785535678563,
        0.770551750371122,
        0.6959705453537527,
        0.875,
        0.7603453162872774,
        0.7905694150420949,
        0.852936105461599,
        0.7288689868556626,
        0.739509972887452,
        0.6846531968814576,
        0.7905694150420949,
        0.6959705453537527,
        0.875,
        0.8100925873009825,
        0.8385254915624212,
        0.7595228765481656,
        0.7511565157216644,
        0.649519052838329,
        0.6123724356957945,
        0.81967981553775,
        0.7071067811865476
    ],
    [
        1.0794343756933868,
        0.8477912478906585,
        0.8660254037844386,
        0.7603453162872774,
        0.7603453162872774,
        0.82915619758885,
        0.8385254915624212,
        0.8217951218048342,
        0.8926785535678563,
        0.719374728496908,
        0.875,
        0.6846531968814576,
        1.0680004681646913,
        0.7806247497997998,
        0.9921567416492215,
        0.7025826990323573,
        0.8660254037844386,
        0.8100925873009825,
        0.7806247497997998,
        0.0,
        0.7240894665409486,
        0.739509972887452,
        0.7626252174051302,
        0.9100137361600648,
        0.7949493345141213,
        0.751248960065836,
        0.7960405489392833,
        0.8385254915624212,
        0.719374728496908,
        0.9185586535436918,
        0.770551750371122,
        0.8569568250501305,
        0.8385254915624212,
        0.8003905296791061,
        0.960143218483576,
        0.8488963423174822,
        0.739509972887452,
        0.875,
        0.75,
        0.8838834764831844,
        0.8477912478906585,
        0.8660254037844386,
        0.7288689868556626,
        0.8385254915624212,
        0.7411983540186797,
        0.8154327412825386,
        0.739509972887452,
        0.82915619758885,
        0.82915619758885,
        0.9354143466934853
    ],
    [
        1.1088376684874526,
        0.9363418772601764,
        0.9090593428863095,
        0.7156485015549029,
        0.733617369235792,
        0.9109671295448103,
        0.8848650242331376,
        0.754615428178118,
        0.8302024518821365,
        0.7820024154552068,
        0.8670271686118671,
        0.8057949835755716,
        1.0857345183996152,
        0.8579691784155834,
        0.9851325347947408,
        0.741041546538482,
        0.9418878796214429,
        0.8333333333333334,
        0.8302024518821365,
        0.7240894665409486,
        0.0,
        0.7476816018719317,
        0.7883703303510209,
        0.9195031871130797,
        0.8769818824937162,
        0.8017342313870462,
        0.75,
        0.9195031871130797,
        0.7617596588017626,
        0.8759915017345267,
        0.8302024518821365,
        0.8579691784155834,
        0.768295371441074,
        0.8111634305804911,
        0.9798313346920706,
        0.7919297808377822,
        0.8302024518821365,
        0.8207381501496754,
        0.8111634305804911,
        0.8488145328109735,
        0.8579691784155834,
        0.9195031871130797,
        0.7441904624788229,
        0.9023503261544882,
        0.7674362079895197,
        0.8100925873009825,
        0.7817359599705717,
        0.8395600699837452,
        0.8670271686118671,
        0.927960727138337
    ],
    [
        1.169881382439943,
        0.9762812094883317,
        1.0231690964840563,
        0.8569568250501305,
        0.8003905296791061,
        0.960143218483576,
        0.9437293044088437,
        0.8848650242331376,
        0.9437293044088437,
        0.7782191208136691,
        0.9762812094883317,
        0.8569568250501305,
        0.9354143466934853,
        0.8926785535678563,
        1.0532687216470449,
        0.7699307549039321,
        1.0231690964840563,
        0.8385254915624212,
        0.875,
        0.739509972887452,
        0.7476816018719317,
        0.0,
        0.8759915017345267,
        0.9921567416492215,
        0.9771699499632145,
        0.8173891362135908,
        0.8270597183866336,
        0.9437293044088437,
        0.854766049863938,
        0.9842509842514764,
        0.960143218483576,
        0.9100137361600648,
        0.8100925873009825,
        0.9100137361600648,
        1.015504800579495,
        0.8077747210701757,
        0.875,
        0.9185586535436918,
        0.9185586535436918,
        0.9437293044088437,
        0.8926785535678563,
        0.9013878188659973,
        0.8385254915624212,
        0.9437293044088437,
        0.9137833441248534,
        0.7476816018719317,
        0.875,
        0.9013878188659973,
        0.9437293044088437,
        1.0307764064044151
    ],
    [
        0.8645103341856778,
        0.7488416981504762,
        0.6481812160876687,
        0.6653633092779713,
        0.6731456008918131,
        0.813300887330964,
        0.6346477588219923,
        0.57282196186948,
        0.6705615391429617,
        0.8086339647138802,
        0.6095307849303248,
        0.6984606089266755,
        1.2493053625470794,
        0.8175590362645245,
        1.0214708893442719,
        0.6835914976072384,
        0.9354143466934853,
        0.6795627679291705,
        0.7476816018719317,
        0.7626252174051302,
        0.7883703303510209,
        0.8759915017345267,
        0.0,
        1.0366546087187274,
        0.8143675119038359,
        0.8107780899303527,
        0.8457409637576849,
        0.705878097754059,
        0.7813361063659551,
        0.9166666666666666,
        0.5965758776365148,
        0.6934715407122183,
        0.8488145328109735,
        0.7795119555779045,
        0.6305310812675649,
        0.8666666666666667,
        0.7264831572567789,
        0.7580585582775105,
        0.7569125885243729,
        0.8640183897219884,
        0.8133008873309642,
        0.9474014167418394,
        0.722889648870728,
        0.8730136183232068,
        0.8474225628339146,
        0.6346477588219923,
        0.8175590362645243,
        0.5559026693385972,
        0.8690272339422588,
        0.6705615391429617
    ],
    [
        1.3838997692855401,
        0.9842509842514764,
        1.1858541225631423,
        0.8385254915624212,
        0.9921567416492215,
        0.9354143466934853,
        0.960143218483576,
        0.9904053603337261,
        0.8569568250501305,
        0.9233092656309694,
        1.0458250331675945,
        0.9519716382329886,
        1.3975424859373686,
        0.8385254915624212,
        1.0383279828647594,
        0.9538121686481172,
        0.9354143466934853,
        1.0383279828647594,
        0.9270248108869579,
        0.9100137361600648,
        0.9195031871130797,
        0.9921567416492215,
        1.0366546087187274,
        0.0,
        0.9956502621123768,
        0.852936105461599,
        0.961046882889233,
        0.9682458365518543,
        0.9646890690787369,
        0.8838834764831844,
        0.8838834764831844,
        0.9842509842514764,
        0.9921567416492215,
        0.8100925873009825,
        1.3287682265918312,
        0.9400797838481583,
        0.9519716382329886,
        0.9013878188659973,
        0.8838834764831844,
        0.9100137361600648,
        0.8660254037844386,
        0.875,
        0.9354143466934853,
        0.9013878188659973,
        0.9273618495495705,
        0.9771699499632145,
        0.875,
        1.0,
        0.8926785535678563,
        1.231107225224513
    ],
    [
        1.1690330713865476,
        0.9655525188547057,
        0.9956502621123767,
        0.8395600699837452,
        0.8426561840065285,
        0.9013878188659974,
        0.9232716585900141,
        0.8609990966571593,
        0.9745012969605417,
        0.818238283685681,
        0.9664511253952668,
        0.8730136183232068,
        1.1644323843735103,
        0.8395600699837453,
        0.9637527921850315,
        0.8134751256463542,
        0.9930312739844155,
        0.8518770125108697,
        0.9176131477310517,
        0.7949493345141213,
        0.8769818824937162,
        0.9771699499632145,
        0.8143675119038359,
        0.9956502621123768,
        0.0,
        0.8499182967268742,
        0.9204467514322717,
        0.93355652093367,
        0.8021672034072587,
        0.8322910148099242,
        0.8819171036881969,
        0.8640183897219884,
        0.9157192073264964,
        0.8549285220284663,
        1.0491398593345143,
        0.8218796208150626,
        0.8079466429027216,
        0.9930312739844155,
        0.9081039465709737,
        0.9081039465709737,
        0.9428090415820634,
        0.9381941874331419,
        0.8143675119038359,
        0.932626220233308,
        0.8576048688709218,
        0.8946212730659954,
        0.8549285220284663,
        0.9081039465709737,
        0.8878031563609382,
        1.0214708893442719
    ],
    [
        1.1872300982212542,
        0.8058380730643099,
        1.0179636535751166,
        0.8011710179481032,
        0.8261355820929154,
        0.8620469824783334,
        0.8799857953399021,
        0.8458641209503516,
        0.8437268515343103,
        0.770551750371122,
        0.9483538369195329,
        0.7574628703771559,
        1.158932698649926,
        0.796084166404533,
        1.0043654713300334,
        0.7544679839300739,
        0.8234834546000303,
        0.8616843969807043,
        0.8576858399204221,
        0.751248960065836,
        0.8017342313870462,
        0.8173891362135908,
        0.8107780899303527,
        0.852936105461599,
        0.8499182967268742,
        0.0,
        0.9281852066143792,
        0.7996092795859738,
        0.8085480814398116,
        0.9148087231765993,
        0.8344159634139319,
        0.8058380730643099,
        0.8077747210701757,
        0.81891696770796,
        1.0980095627998874,
        0.82915619758885,
        0.7762087348130012,
        0.8154753215150046,
        0.8250000000000001,
        0.8620469824783334,
        0.8058380730643099,
        0.8699856320652658,
        0.8212033852828421,
        0.852936105461599,
        0.7945124291035353,
        0.8851004337236412,
        0.7897784499465658,
        0.8437268515343103,
        0.8799857953399021,
        1.0043654713300334
    ],
    [
        1.0555033403960885,
        0.9691419458010839,
        0.8829008375173788,
        0.8175590362645243,
        0.7850601533923655,
        0.927960727138337,
        0.8302024518821365,
        0.8364524958285304,
        0.8670271686118671,
        0.8490599376827161,
        0.8936504412303007,
        0.8975274678557507,
        1.1000315652036738,
        0.8488145328109735,
        1.0466547239233726,
        0.7820758107090036,
        1.0206207261596574,
        0.775044801572428,
        0.8111634305804911,
        0.7960405489392833,
        0.75,
        0.8270597183866336,
        0.8457409637576849,
        0.961046882889233,
        0.9204467514322717,
        0.9281852066143792,
        0.0,
        0.8488145328109735,
        0.8938835370325252,
        0.9195031871130797,
        0.7916666666666667,
        0.8759915017345267,
        0.8457409637576849,
        0.7716774657271723,
        0.9307628293203615,
        0.8762292952063278,
        0.9109671295448103,
        0.8848650242331376,
        0.8477912478906585,
        0.8848650242331376,
        0.8302024518821365,
        0.9930312739844155,
        0.8518770125108697,
        0.8759915017345267,
        0.8449605513474184,
        0.7288689868556626,
        0.8759915017345267,
        0.9195031871130797,
        0.8579691784155834,
        1.0008676791220261
    ],
    [
        1.0455200834503175,
        0.7180703308172536,
        0.9185586535436918,
        0.7905694150420949,
        0.8003905296791061,
        0.9013878188659973,
        0.7288689868556626,
        0.7371585838730889,
        0.7603453162872774,
        0.7862092596758194,
        0.75,
        0.7288689868556626,
        1.346291201783626,
        0.82915619758885,
        0.9270248108869579,
        0.741877788494321,
        0.9100137361600648,
        0.739509972887452,
        0.770551750371122,
        0.8385254915624212,
        0.9195031871130797,
        0.9437293044088437,
        0.705878097754059,
        0.9682458365518543,
        0.93355652093367,
        0.7996092795859738,
        0.8488145328109735,
        0.0,
        0.8975661535508122,
        0.9013878188659973,
        0.6614378277661477,
        0.81967981553775,
        0.9921567416492215,
        0.8003905296791061,
        0.8660254037844386,
        0.865303414993839,
        0.7905694150420949,
        0.6959705453537527,
        0.649519052838329,
        0.7603453162872774,
        0.7288689868556626,
        0.8385254915624212,
        0.8569568250501305,
        0.8385254915624212,
        0.9297176990893526,
        0.7511565157216644,
        0.82915619758885,
        0.649519052838329,
        0.75,
        0.8477912478906585
    ],
    [
        0.9839658406216162,
        0.9565563234854496,
        0.7619875327064085,
        0.7741931283601011,
        0.7198090024443985,
        0.8250000000000001,
        0.7660776723022281,
        0.8298259523003068,
        0.852936105461599,
        0.7806247497997998,
        0.9062284480195929,
        0.7862092596758194,
        1.145371118895531,
        0.7660776723022281,
        1.0720890821195783,
        0.7122829064181663,
        0.954921462739214,
        0.9283722313813572,
        0.7814249804043891,
        0.719374728496908,
        0.7617596588017626,
        0.854766049863938,
        0.7813361063659551,
        0.9646890690787369,
        0.8021672034072587,
        0.8085480814398116,
        0.8938835370325252,
        0.8975661535508122,
        0.0,
        0.8975661535508122,
        0.796084166404533,
        0.6680194607943694,
        0.7881941385217224,
        0.8058380730643099,
        0.8764274071479052,
        0.9013878188659973,
        0.5937171043518958,
        0.8620469824783334,
        0.8888194417315589,
        0.9148087231765993,
        0.8154753215150046,
        0.8902246907382427,
        0.7516648189186454,
        0.8888194417315589,
        0.7941190087134296,
        0.8851004337236412,
        0.7348469228349535,
        0.8975661535508122,
        0.925,
        0.8437268515343103
    ],
    [
        1.2419382892421482,
        0.960143218483576,
        1.1110243021644486,
        0.7905694150420949,
        0.8838834764831844,
        0.9921567416492215,
        0.8926785535678563,
        0.9081039465709737,
        0.81967981553775,
        0.8888194417315589,
        0.9921567416492215,
        0.9185586535436918,
        1.346291201783626,
        0.9100137361600648,
        1.0077822185373186,
        0.8590009622004067,
        1.0383279828647594,
        0.8838834764831844,
        0.8926785535678563,
        0.9185586535436918,
        0.8759915017345267,
        0.9842509842514764,
        0.9166666666666666,
