[
    [
        0.0,
        0.21650635094610965,
        0.18221724671391565,
        0.18087245160609727,
        0.18288593610499415,
        0.19452968121857395,
        0.15229366163764005,
        0.18553659510996745,
        0.16237976320958225,
        0.19327057620082783,
        0.16535945694153692,
        0.21930732574403436,
        0.23280725665236468,
        0.18221724671391565,
        0.14740595518838442,
        0.17328963291264715,
        0.15068204314051492,
        0.18553659510996745,
        0.18619336387207788,
        0.2096313728906053,
        0.2181912506838897,
        0.1900863290718194,
        0.28384222069663984,
        0.19327057620082783,
        0.23799290955824715,
        0.22371595411369302,
        0.15780476466190746,
        0.258639771206982,
        0.29064180058966055,
        0.22480460265528374,
        0.15625,
        0.24206145913796356,
        0.16312978920172735,
        0.23175620272173947,
        0.25,
        0.16682934768798924,
        0.14823176532039278,
        0.13975424859373686,
        0.19948664585630788,
        0.18684782411095935,
        0.26608416196760004,
        0.1753901900050285,
        0.20551478809321727,
        0.19200321449132043,
        0.19390115071860714,
        0.1926379375927805,
        0.18221724671391565,
        0.18619336387207788,
        0.18221724671391565
    ],
    [
        0.21650635094610965,
        0.0,
        0.14986973510352247,
        0.09110862335695782,
        0.18684782411095935,
        0.05412658773652741,
        0.109375,
        0.15546678704790937,
        0.1288470508005519,
        0.24206145913796356,
        0.13975424859373686,
        0.13621559198564606,
        0.12979099785809492,
        0.19578068884596356,
        0.12203515118604147,
        0.15467960838455727,
        0.22803936748947537,
        0.0924387466109315,
        0.11048543456039805,
        0.14320549046737,
        0.08838834764831845,
        0.1488708950828797,
        0.2209708691207961,
        0.16535945694153692,
        0.11158481919598204,
        0.09375,
        0.15934435979977452,
        0.14823176532039278,
        0.16682934768798924,
        0.1335000585205864,
        0.07967217989988726,
        0.21930732574403436,
        0.11048543456039805,
        0.2209708691207961,
        0.15229366163764005,
        0.14405538214520136,
        0.09375,
        0.13621559198564606,
        0.11048543456039805,
        0.07328774624724109,
        0.1926379375927805,
        0.1269381000724369,
        0.1137517170200081,
        0.14490028899212037,
        0.11481983169296148,
        0.11899645477912357,
        0.22426093897511443,
        0.08838834764831845,
        0.12597277731716483
    ],
    [
        0.18221724671391565,
        0.14986973510352247,
        0.0,
        0.16755945773068137,
        0.19136638615493579,
        0.15467960838455727,
        0.15068204314051492,
        0.14490028899212037,
        0.11158481919598204,
        0.19578068884596356,
        0.09882117688026186,
        0.19578068884596356,
        0.18288593610499415,
        0.15467960838455727,
        0.125,
        0.1570293065800139,
        0.16755945773068137,
        0.125,
        0.12303137303143455,
        0.16010860571811872,
        0.13531646934131855,
        0.1472218127614851,
        0.22642776165920997,
        0.1926379375927805,
        0.19702375332685143,
        0.125,
        0.1608692209529219,
        0.23799290955824715,
        0.2430679560328757,
        0.19008632907181935,
        0.1137517170200081,
        0.20669932117692114,
        0.14405538214520136,
        0.2670001170411728,
        0.1801962905417312,
        0.19136638615493579,
        0.13258252147247765,
        0.1711632992203644,
        0.184877493221863,
        0.13258252147247765,
        0.21763106683100186,
        0.16755945773068137,
        0.15309310892394862,
        0.12203515118604147,
        0.1801962905417312,
        0.1690102160373745,
        0.18684782411095935,
        0.12597277731716483,
        0.1887975933374152
    ],
    [
        0.18087245160609727,
        0.09110862335695782,
        0.16755945773068137,
        0.0,
        0.13799626353637262,
        0.071602745233685,
        0.125,
        0.1269381000724369,
        0.120017902310447,
        0.2647042866577721,
        0.14490028899212037,
        0.12303137303143455,
        0.1288470508005519,
        0.1660960283239789,
        0.09110862335695782,
        0.13799626353637262,
        0.18553659510996745,
        0.08414320011147662,
        0.10597390598633231,
        0.11899645477912357,
        0.08267972847076846,
        0.12325166214790866,
        0.19764235376052372,
        0.15467960838455727,
        0.12401959270615269,
        0.09375,
        0.1288470508005519,
        0.1335000585205864,
        0.1788362990978062,
        0.0924387466109315,
        0.11481983169296148,
        0.20252314682524564,
        0.109375,
        0.2768757054167086,
        0.12597277731716483,
        0.14405538214520136,
        0.10481568644530265,
        0.11587810136086973,
        0.0625,
        0.09110862335695782,
        0.1514899955442603,
        0.12789613706050704,
        0.08267972847076846,
        0.14490028899212037,
        0.11158481919598204,
        0.11048543456039805,
        0.2348952559120767,
        0.08838834764831845,
        0.20070675904164265
    ],
    [
        0.18288593610499415,
        0.18684782411095935,
        0.19136638615493579,
        0.13799626353637262,
        0.0,
        0.19640320453088336,
        0.22207297505549836,
        0.16461958988832404,
        0.1690102160373745,
        0.3101473943949876,
        0.19948664585630788,
        0.13258252147247765,
        0.140625,
        0.2415566380271923,
        0.20610790559801437,
        0.11587810136086973,
        0.255314603724503,
        0.18288593610499415,
        0.15934435979977452,
        0.11899645477912357,
        0.15388840315306412,
        0.22286555099306946,
        0.1781524101717403,
        0.140625,
        0.15309310892394862,
        0.1316585902058806,
        0.16682934768798924,
        0.13887803777055607,
        0.18288593610499415,
        0.11796616305110547,
        0.16461958988832404,
        0.20610790559801437,
        0.12401959270615269,
        0.3878023014372143,
        0.14905300022139775,
        0.1269381000724369,
        0.16237976320958225,
        0.13887803777055607,
        0.16010860571811872,
        0.15934435979977452,
        0.184877493221863,
        0.1316585902058806,
        0.1288470508005519,
        0.16461958988832404,
        0.2159417962669571,
        0.13975424859373686,
        0.33729739288942034,
        0.13710881855300192,
        0.2786336640644845
    ],
    [
        0.19452968121857395,
        0.05412658773652741,
        0.15467960838455727,
        0.071602745233685,
        0.19640320453088336,
        0.0,
        0.078125,
        0.14149039278339715,
        0.12103072956898178,
        0.2181912506838897,
        0.14490028899212037,
        0.12303137303143455,
        0.15934435979977452,
        0.16312978920172735,
        0.10004881620988826,
        0.16387638252658618,
        0.1887975933374152,
        0.0855816496101822,
        0.11048543456039805,
        0.15625,
        0.10245997694221876,
        0.12336165919090634,
        0.225888004606265,
        0.19136638615493579,
        0.120017902310447,
        0.10245997694221876,
        0.10364452469860624,
        0.1660960283239789,
        0.19200321449132043,
        0.1316585902058806,
        0.08267972847076846,
        0.23696485762661096,
        0.11158481919598204,
        0.18684782411095935,
        0.14574029770451274,
        0.1269381000724369,
        0.07967217989988726,
        0.10126157341262282,
        0.10711960313126631,
        0.06987712429686843,
        0.171875,
        0.14905300022139775,
        0.09504316453590968,
        0.15068204314051492,
        0.09882117688026186,
        0.11158481919598204,
        0.19452968121857395,
        0.09631896879639025,
        0.1514899955442603
    ],
    [
        0.15229366163764005,
        0.109375,
        0.15068204314051492,
        0.125,
        0.22207297505549836,
        0.078125,
        0.0,
        0.16535945694153692,
        0.13621559198564606,
        0.11899645477912357,
        0.1335000585205864,
        0.19136638615493579,
        0.2072890493972125,
        0.18221724671391565,
        0.09504316453590968,
        0.2125229766989913,
        0.13258252147247765,
        0.11692679333668567,
        0.15857643070456592,
        0.20252314682524564,
        0.15068204314051492,
        0.09518576501300555,
        0.30095875444153475,
        0.2153757617514097,
        0.19136638615493579,
        0.184877493221863,
        0.11899645477912357,
        0.22534695471649932,
        0.2706329386826371,
        0.19452968121857395,
        0.10245997694221876,
        0.2768757054167086,
        0.16755945773068137,
        0.1307281291459493,
        0.21021287573552672,
        0.18553659510996745,
        0.10245997694221876,
        0.09757809372497497,
        0.140625,
        0.120017902310447,
        0.24105075969596113,
        0.17399263633843817,
        0.14149039278339715,
        0.19578068884596356,
        0.08699631816921909,
        0.1795175827043134,
        0.11267347735824966,
        0.12789613706050704,
        0.07654655446197431
    ],
    [
        0.18553659510996745,
        0.15546678704790937,
        0.14490028899212037,
        0.1269381000724369,
        0.16461958988832404,
        0.14149039278339715,
        0.16535945694153692,
        0.0,
        0.11899645477912357,
        0.2538762001448738,
        0.13975424859373686,
        0.1335000585205864,
        0.13799626353637262,
        0.13975424859373686,
        0.12303137303143455,
        0.1335000585205864,
        0.19452968121857395,
        0.09882117688026186,
        0.07967217989988726,
        0.12401959270615269,
        0.12103072956898178,
        0.15032155926731053,
        0.19452968121857395,
        0.22041774968227945,
        0.184877493221863,
        0.10481568644530265,
        0.15229366163764005,
        0.1788362990978062,
        0.21194781197266463,
        0.1316585902058806,
        0.14405538214520136,
        0.19200321449132043,
        0.14574029770451274,
        0.2821167200823092,
        0.10364452469860624,
        0.171875,
        0.1288470508005519,
        0.1608692209529219,
        0.12789613706050704,
        0.12203515118604147,
        0.15625,
        0.1660960283239789,
        0.10004881620988826,
        0.120017902310447,
        0.14490028899212037,
        0.12401959270615269,
        0.23644915547533682,
        0.10597390598633231,
        0.22963966338592295
    ],
    [
        0.16237976320958225,
        0.1288470508005519,
        0.11158481919598204,
        0.120017902310447,
        0.1690102160373745,
        0.12103072956898178,
        0.13621559198564606,
        0.11899645477912357,
        0.0,
        0.2460627460628691,
        0.1137517170200081,
        0.15229366163764005,
        0.16535945694153692,
        0.14405538214520136,
        0.10245997694221876,
        0.13531646934131855,
        0.17258376589355096,
        0.10004881620988826,
        0.11692679333668567,
        0.14235052467412967,
        0.1137517170200081,
        0.1201308603611541,
        0.22041774968227945,
        0.21875,
        0.17328963291264715,
        0.10711960313126631,
        0.11899645477912357,
        0.20610790559801437,
        0.22963966338592295,
        0.1660960283239789,
        0.11481983169296148,
        0.20669932117692114,
        0.15309310892394862,
        0.2619227283475033,
        0.140625,
        0.16535945694153692,
        0.09110862335695782,
        0.14320549046737,
        0.11692679333668567,
        0.10126157341262282,
        0.15229366163764005,
        0.16535945694153692,
        0.11048543456039805,
        0.12303137303143455,
        0.12597277731716483,
        0.1269381000724369,
        0.21194781197266463,
        0.0897587913521567,
        0.19640320453088336
    ],
    [
        0.19327057620082783,
        0.24206145913796356,
        0.19578068884596356,
        0.2647042866577721,
        0.3101473943949876,
        0.2181912506838897,
        0.11899645477912357,
        0.2538762001448738,
        0.2460627460628691,
        0.0,
        0.1753901900050285,
        0.33034960174790584,
        0.3563048203434806,
        0.30418628646768414,
        0.20787710461953235,
        0.29973947020704494,
        0.14235052467412967,
        0.2651650429449553,
        0.2939826206597934,
        0.3069825422560703,
        0.3190715290103459,
        0.1589181906499204,
        0.4375,
        0.31171777098843756,
        0.3518228202874282,
        0.34303903750156484,
        0.22696623509896796,
        0.3518228202874282,
        0.390625,
        0.29189908894170946,
        0.2013140426050801,
        0.3881169483866944,
        0.2768757054167086,
        0.09631896879639025,
        0.3340243488504992,
        0.28081563680642857,
        0.24356964481437338,
        0.19327057620082783,
        0.265625,
        0.2633171804117612,
        0.37041467472280304,
        0.27599252707274524,
        0.3049878327491115,
        0.2927342811749249,
        0.20070675904164265,
        0.27775607554111215,
        0.07493486755176124,
        0.27466243486323355,
        0.06810779599282303
    ],
    [
        0.16535945694153692,
        0.13975424859373686,
        0.09882117688026186,
        0.14490028899212037,
        0.19948664585630788,
        0.14490028899212037,
        0.1335000585205864,
        0.13975424859373686,
        0.1137517170200081,
        0.1753901900050285,
        0.0,
        0.19515618744994995,
        0.19578068884596356,
        0.14490028899212037,
        0.10481568644530265,
        0.15467960838455727,
        0.14574029770451274,
        0.09110862335695782,
        0.12597277731716483,
        0.15546678704790937,
        0.12979099785809492,
        0.127683861168034,
        0.2415566380271923,
        0.23175620272173947,
        0.19764235376052372,
        0.13975424859373686,
        0.17044862679118303,
        0.22963966338592295,
        0.2430679560328757,
        0.18221724671391565,
        0.09631896879639025,
        0.23333100817293873,
        0.15068204314051492,
        0.22803936748947537,
        0.16828640022295324,
        0.18619336387207788,
        0.1269381000724369,
        0.15857643070456592,
        0.15467960838455727,
        0.1137517170200081,
        0.2013140426050801,
        0.17469281074217108,
        0.13887803777055607,
        0.10245997694221876,
        0.14657549249448218,
        0.13710881855300192,
        0.1514899955442603,
        0.120017902310447,
        0.1616262567623219
    ],
    [
        0.21930732574403436,
        0.13621559198564606,
        0.19578068884596356,
        0.12303137303143455,
        0.13258252147247765,
        0.12303137303143455,
        0.19136638615493579,
        0.1335000585205864,
        0.15229366163764005,
        0.33034960174790584,
        0.19515618744994995,
        0.0,
        0.10126157341262282,
        0.17044862679118303,
        0.16312978920172735,
        0.13531646934131855,
        0.2390165396996618,
        0.13710881855300192,
        0.11587810136086973,
        0.11481983169296148,
        0.11692679333668567,
        0.2019194997393763,
        0.16237976320958225,
        0.16461958988832404,
        0.140625,
        0.10825317547305482,
        0.1288470508005519,
        0.17258376589355096,
        0.16973094517500337,
        0.125,
        0.17328963291264715,
        0.1801962905417312,
        0.10126157341262282,
        0.3251351882294502,
        0.14149039278339715,
        0.12203515118604147,
        0.1316585902058806,
        0.14740595518838442,
        0.12203515118604147,
        0.11899645477912357,
        0.15388840315306412,
        0.16010860571811872,
        0.11796616305110547,
        0.16387638252658618,
        0.1616262567623219,
        0.12597277731716483,
        0.2976962325509008,
        0.10004881620988826,
        0.26836818808308854
    ],
    [
        0.23280725665236468,
        0.12979099785809492,
        0.18288593610499415,
        0.1288470508005519,
        0.140625,
        0.15934435979977452,
        0.2072890493972125,
        0.13799626353637262,
        0.16535945694153692,
        0.3563048203434806,
        0.19578068884596356,
        0.10126157341262282,
        0.0,
        0.19578068884596356,
        0.19764235376052372,
        0.15546678704790937,
        0.28598445652692384,
        0.15467960838455727,
        0.10825317547305482,
        0.10597390598633231,
        0.10364452469860624,
        0.22738416617649032,
        0.13441133229754104,
        0.13531646934131855,
        0.10126157341262282,
        0.11048543456039805,
        0.15388840315306412,
        0.13258252147247765,
        0.1269381000724369,
        0.11796616305110547,
        0.16535945694153692,
        0.13441133229754104,
        0.1137517170200081,
        0.3690941190943036,
        0.11587810136086973,
        0.109375,
        0.1307281291459493,
        0.1570293065800139,
        0.1514899955442603,
        0.125,
        0.14823176532039278,
        0.12103072956898178,
        0.11048543456039805,
        0.15934435979977452,
        0.20432338797846908,
        0.13441133229754104,
        0.3398212995458054,
        0.10245997694221876,
        0.27775607554111215
    ],
    [
        0.18221724671391565,
        0.19578068884596356,
        0.15467960838455727,
        0.1660960283239789,
        0.2415566380271923,
        0.16312978920172735,
        0.18221724671391565,
        0.13975424859373686,
        0.14405538214520136,
        0.30418628646768414,
        0.14490028899212037,
        0.17044862679118303,
        0.19578068884596356,
        0.0,
        0.140625,
        0.21194781197266463,
        0.20191949973937634,
        0.13258252147247765,
        0.1514899955442603,
        0.22642776165920997,
        0.1767766952966369,
        0.18124700668026367,
        0.2679129406169101,
        0.24556615071096424,
        0.20432338797846908,
        0.18944305707784595,
        0.17608480733726006,
        0.28895690638917076,
        0.26052081250832915,
        0.2072890493972125,
        0.16237976320958225,
        0.23593232610221093,
        0.17044862679118303,
        0.31054073303674673,
        0.17608480733726006,
        0.18355218944485516,
        0.14657549249448218,
        0.17469281074217108,
        0.14905300022139775,
        0.16387638252658618,
        0.15309310892394862,
        0.22152260748059102,
        0.14657549249448218,
        0.17044862679118303,
        0.18087245160609727,
        0.19008632907181935,
        0.23696485762661096,
        0.15780476466190746,
        0.25958199571618984
    ],
    [
        0.14740595518838442,
        0.12203515118604147,
        0.125,
        0.09110862335695782,
        0.20610790559801437,
        0.10004881620988826,
        0.09504316453590968,
        0.12303137303143455,
        0.10245997694221876,
        0.20787710461953235,
        0.10481568644530265,
        0.16312978920172735,
        0.19764235376052372,
        0.140625,
        0.0,
        0.13799626353637262,
        0.12401959270615269,
        0.07654655446197431,
        0.109375,
        0.1616262567623219,
        0.12979099785809492,
        0.09895833333333334,
        0.2572199630180364,
        0.22041774968227945,
        0.16973094517500337,
        0.13975424859373686,
        0.11899645477912357,
        0.22480460265528374,
        0.23385358667337133,
        0.17469281074217108,
        0.09631896879639025,
        0.2430679560328757,
        0.13258252147247765,
        0.20432338797846908,
        0.15857643070456592,
        0.15625,
        0.10004881620988826,
        0.11899645477912357,
        0.1288470508005519,
        0.10364452469860624,
        0.1690102160373745,
        0.17469281074217108,
        0.10481568644530265,
        0.1307281291459493,
        0.12103072956898178,
        0.11587810136086973,
        0.1801962905417312,
        0.10597390598633231,
        0.15934435979977452
    ],
    [
        0.17328963291264715,
        0.15467960838455727,
        0.1570293065800139,
        0.13799626353637262,
        0.11587810136086973,
        0.16387638252658618,
        0.2125229766989913,
        0.1335000585205864,
        0.13531646934131855,
        0.29973947020704494,
        0.15467960838455727,
        0.13531646934131855,
        0.15546678704790937,
        0.21194781197266463,
        0.13799626353637262,
        0.0,
        0.21194781197266463,
        0.13799626353637262,
        0.11267347735824966,
        0.11048543456039805,
        0.11587810136086973,
        0.19935061676046495,
        0.19764235376052372,
        0.14149039278339715,
        0.14320549046737,
        0.11267347735824966,
        0.15780476466190746,
        0.1781524101717403,
        0.17469281074217108,
        0.1690102160373745,
        0.14657549249448218,
        0.19452968121857395,
        0.08414320011147662,
        0.3661054535581244,
        0.14320549046737,
        0.13799626353637262,
        0.13799626353637262,
        0.13258252147247765,
        0.1570293065800139,
        0.11796616305110547,
        0.20372507516258279,
        0.11796616305110547,
        0.13887803777055607,
        0.14405538214520136,
        0.20009763241977652,
        0.12789613706050704,
        0.293567097313374,
        0.13441133229754104,
        0.26052081250832915
    ],
    [
        0.15068204314051492,
        0.22803936748947537,
        0.16755945773068137,
        0.18553659510996745,
        0.255314603724503,
        0.1887975933374152,
        0.13258252147247765,
        0.19452968121857395,
        0.17258376589355096,
        0.14235052467412967,
        0.14574029770451274,
        0.2390165396996618,
        0.28598445652692384,
        0.20191949973937634,
        0.12401959270615269,
        0.21194781197266463,
        0.0,
        0.1795175827043134,
        0.19825902406952375,
        0.24803918541230538,
        0.23070036031614688,
        0.15555400544862583,
        0.3247595264191645,
        0.28081563680642857,
        0.2821167200823092,
        0.24556615071096424,
        0.20372507516258279,
        0.3190715290103459,
        0.34798527267687634,
        0.25,
        0.14490028899212037,
        0.29064180058966055,
        0.21986323874172325,
        0.1616262567623219,
        0.2567449488305466,
        0.22534695471649932,
        0.1801962905417312,
        0.1801962905417312,
        0.22642776165920997,
        0.19948664585630788,
        0.2567449488305466,
        0.25242960033442985,
        0.2170694373351532,
        0.20070675904164265,
        0.15467960838455727,
        0.18154609435347266,
        0.14235052467412967,
        0.19390115071860714,
        0.14823176532039278
    ],
    [
        0.18553659510996745,
        0.0924387466109315,
        0.125,
        0.08414320011147662,
        0.18288593610499415,
        0.0855816496101822,
        0.11692679333668567,
        0.09882117688026186,
        0.10004881620988826,
        0.2651650429449553,
        0.09110862335695782,
        0.13710881855300192,
        0.15467960838455727,
        0.13258252147247765,
        0.07654655446197431,
        0.13799626353637262,
        0.1795175827043134,
        0.0,
        0.08267972847076846,
        0.12597277731716483,
        0.071602745233685,
        0.128213891928033,
        0.20787710461953235,
        0.20787710461953235,
        0.14490028899212037,
        0.09882117688026186,
        0.13621559198564606,
        0.1781524101717403,
        0.19948664585630788,
        0.13441133229754104,
        0.0897587913521567,
        0.20846350100197397,
        0.1269381000724369,
        0.25242960033442985,
        0.120017902310447,
        0.13621559198564606,
        0.0924387466109315,
        0.13258252147247765,
        0.10825317547305482,
        0.0897587913521567,
        0.16010860571811872,
        0.1514899955442603,
        0.08414320011147662,
        0.10126157341262282,
        0.10126157341262282,
        0.071602745233685,
        0.2209708691207961,
        0.07654655446197431,
        0.19764235376052372
    ],
    [
        0.18619336387207788,
        0.11048543456039805,
        0.12303137303143455,
        0.10597390598633231,
        0.15934435979977452,
        0.11048543456039805,
        0.15857643070456592,
        0.07967217989988726,
        0.11692679333668567,
        0.2939826206597934,
        0.12597277731716483,
        0.11587810136086973,
        0.10825317547305482,
        0.1514899955442603,
        0.109375,
        0.11267347735824966,
        0.19825902406952375,
        0.08267972847076846,
        0.0,
        0.07328774624724109,
        0.06810779599282303,
        0.14950729265007628,
        0.19390115071860714,
        0.16312978920172735,
        0.1288470508005519,
        0.08699631816921909,
        0.13621559198564606,
        0.16461958988832404,
        0.15229366163764005,
        0.12203515118604147,
        0.12203515118604147,
        0.18087245160609727,
        0.09757809372497497,
        0.30378472023786846,
        0.1137517170200081,
        0.14405538214520136,
        0.10481568644530265,
        0.12979099785809492,
        0.1288470508005519,
        0.07654655446197431,
        0.16828640022295324,
        0.11158481919598204,
        0.10364452469860624,
        0.09757809372497497,
        0.1660960283239789,
        0.11481983169296148,
        0.2651650429449553,
        0.08699631816921909,
        0.22803936748947537
    ],
    [
        0.2096313728906053,
        0.14320549046737,
        0.16010860571811872,
        0.11899645477912357,
        0.11899645477912357,
        0.15625,
        0.20252314682524564,
        0.12401959270615269,
        0.14235052467412967,
        0.3069825422560703,
        0.15546678704790937,
        0.11481983169296148,
        0.10597390598633231,
        0.22642776165920997,
        0.1616262567623219,
        0.11048543456039805,
        0.24803918541230538,
        0.12597277731716483,
        0.07328774624724109,
        0.0,
        0.09375,
        0.19571139820891598,
        0.1616262567623219,
        0.1269381000724369,
        0.1307281291459493,
        0.06810779599282303,
        0.11899645477912357,
        0.11796616305110547,
        0.1335000585205864,
        0.10245997694221876,
        0.14490028899212037,
        0.1753901900050285,
        0.0855816496101822,
        0.35458767868469426,
        0.11267347735824966,
        0.12303137303143455,
        0.1335000585205864,
        0.12789613706050704,
        0.14823176532039278,
        0.1316585902058806,
        0.18221724671391565,
        0.09375,
        0.1137517170200081,
        0.10126157341262282,
        0.2096313728906053,
        0.08838834764831845,
        0.3113259194558012,
        0.109375,
        0.2576941016011038
    ],
    [
        0.2181912506838897,
        0.08838834764831845,
        0.13531646934131855,
        0.08267972847076846,
        0.15388840315306412,
        0.10245997694221876,
        0.15068204314051492,
        0.12103072956898178,
        0.1137517170200081,
        0.3190715290103459,
        0.12979099785809492,
        0.11692679333668567,
        0.10364452469860624,
        0.1767766952966369,
        0.12979099785809492,
        0.11587810136086973,
        0.23070036031614688,
        0.071602745233685,
        0.06810779599282303,
        0.09375,
        0.0,
        0.1671542347487626,
        0.1781524101717403,
        0.12597277731716483,
        0.09110862335695782,
        0.07328774624724109,
        0.12103072956898178,
        0.15857643070456592,
        0.14823176532039278,
        0.11899645477912357,
        0.10597390598633231,
        0.1690102160373745,
        0.0897587913521567,
        0.30856902590830465,
        0.10481568644530265,
        0.11048543456039805,
        0.09504316453590968,
        0.1137517170200081,
        0.12303137303143455,
        0.08699631816921909,
        0.16237976320958225,
        0.10364452469860624,
        0.10364452469860624,
        0.120017902310447,
        0.1514899955442603,
        0.08267972847076846,
        0.29522568168267477,
        0.07967217989988726,
        0.23747943989954162
    ],
    [
        0.1900863290718194,
        0.1488708950828797,
        0.1472218127614851,
        0.12325166214790866,
        0.22286555099306946,
        0.12336165919090634,
        0.09518576501300555,
        0.15032155926731053,
        0.1201308603611541,
        0.1589181906499204,
        0.127683861168034,
        0.2019194997393763,
        0.22738416617649032,
        0.18124700668026367,
        0.09895833333333334,
        0.19935061676046495,
        0.15555400544862583,
        0.128213891928033,
        0.14950729265007628,
        0.19571139820891598,
        0.1671542347487626,
        0.0,
        0.27804891281331534,
        0.27193286421263774,
        0.22851469758833648,
        0.18807781338820606,
        0.15494244563170328,
        0.24217349869922228,
        0.2904083720718885,
        0.1719538960335331,
        0.10179593898797952,
        0.2676596907818666,
        0.19418074877403382,
        0.12895227503270779,
        0.18487749322186298,
        0.1970925825877552,
        0.14471295822343544,
        0.15520483776824312,
        0.16404183070857936,
        0.16271353491472196,
        0.1972301690495988,
        0.21474508466758646,
        0.13541666666666666,
        0.1642071121920255,
        0.09006050242599263,
        0.13360161810813187,
        0.12147816447594378,
        0.12532509807829129,
        0.1257572548713504
    ],
    [
        0.28384222069663984,
        0.2209708691207961,
        0.22642776165920997,
        0.19764235376052372,
        0.1781524101717403,
        0.225888004606265,
        0.30095875444153475,
        0.19452968121857395,
        0.22041774968227945,
        0.4375,
        0.2415566380271923,
        0.16237976320958225,
        0.13441133229754104,
        0.2679129406169101,
        0.2572199630180364,
        0.19764235376052372,
        0.3247595264191645,
        0.20787710461953235,
        0.19390115071860714,
        0.1616262567623219,
        0.1781524101717403,
        0.27804891281331534,
        0.0,
        0.19640320453088336,
        0.16387638252658618,
        0.17044862679118303,
        0.2072890493972125,
        0.14320549046737,
        0.18087245160609727,
        0.17258376589355096,
        0.225888004606265,
        0.12203515118604147,
        0.18087245160609727,
        0.4490658707249973,
        0.13531646934131855,
        0.13975424859373686,
        0.22041774968227945,
        0.23333100817293873,
        0.21021287573552672,
        0.20191949973937634,
        0.1781524101717403,
        0.1660960283239789,
        0.18553659510996745,
        0.19640320453088336,
        0.271083618326523,
        0.15546678704790937,
        0.4095419506900361,
        0.17399263633843817,
        0.382413695328763
    ],
    [
        0.19327057620082783,
        0.16535945694153692,
        0.1926379375927805,
        0.15467960838455727,
        0.140625,
        0.19136638615493579,
        0.2153757617514097,
        0.22041774968227945,
        0.21875,
        0.31171777098843756,
        0.23175620272173947,
        0.16461958988832404,
        0.13531646934131855,
        0.24556615071096424,
        0.22041774968227945,
        0.14149039278339715,
        0.28081563680642857,
        0.20787710461953235,
        0.16312978920172735,
        0.1269381000724369,
        0.12597277731716483,
        0.27193286421263774,
        0.19640320453088336,
        0.0,
        0.0855816496101822,
        0.1288470508005519,
        0.15625,
        0.15229366163764005,
        0.11899645477912357,
        0.13258252147247765,
        0.1887975933374152,
        0.18814991529362962,
        0.11899645477912357,
        0.3497348325874905,
        0.19825902406952375,
        0.12203515118604147,
        0.14905300022139775,
        0.13975424859373686,
        0.18154609435347266,
        0.15309310892394862,
        0.22910747341586218,
        0.04941058844013093,
        0.171875,
        0.21079277442550065,
        0.24407030237208294,
        0.1907274314958391,
        0.3101473943949876,
        0.14823176532039278,
        0.255314603724503
    ],
    [
        0.23799290955824715,
        0.11158481919598204,
        0.19702375332685143,
        0.12401959270615269,
        0.15309310892394862,
        0.120017902310447,
        0.19136638615493579,
        0.184877493221863,
        0.17328963291264715,
        0.3518228202874282,
        0.19764235376052372,
        0.140625,
        0.10126157341262282,
        0.20432338797846908,
        0.16973094517500337,
        0.14320549046737,
        0.2821167200823092,
        0.14490028899212037,
        0.1288470508005519,
        0.1307281291459493,
        0.09110862335695782,
        0.22851469758833648,
        0.16387638252658618,
        0.0855816496101822,
        0.0,
        0.11158481919598204,
        0.15388840315306412,
        0.1288470508005519,
        0.0897587913521567,
        0.13441133229754104,
        0.1608692209529219,
        0.16755945773068137,
        0.11158481919598204,
        0.3455210060546247,
        0.15229366163764005,
        0.09631896879639025,
        0.12203515118604147,
        0.14149039278339715,
        0.13531646934131855,
        0.11267347735824966,
        0.2072890493972125,
        0.09631896879639025,
        0.15229366163764005,
        0.17044862679118303,
        0.2013140426050801,
        0.140625,
        0.3159960690024482,
        0.12789613706050704,
        0.2651650429449553
    ],
    [
        0.22371595411369302,
        0.09375,
        0.125,
        0.09375,
        0.1316585902058806,
        0.10245997694221876,
        0.184877493221863,
        0.10481568644530265,
        0.10711960313126631,
        0.34303903750156484,
        0.13975424859373686,
        0.10825317547305482,
        0.11048543456039805,
        0.18944305707784595,
        0.13975424859373686,
        0.11267347735824966,
        0.24556615071096424,
        0.09882117688026186,
        0.08699631816921909,
        0.06810779599282303,
        0.07328774624724109,
        0.18807781338820606,
        0.17044862679118303,
        0.1288470508005519,
        0.11158481919598204,
        0.0,
        0.12979099785809492,
        0.14657549249448218,
        0.14905300022139775,
        0.11587810136086973,
        0.09375,
        0.17328963291264715,
        0.08838834764831845,
        0.35008369535012623,
        0.09757809372497497,
        0.13531646934131855,
        0.09631896879639025,
        0.14320549046737,
        0.10364452469860624,
        0.078125,
        0.1690102160373745,
        0.11899645477912357,
        0.08414320011147662,
        0.09882117688026186,
        0.1570293065800139,
        0.09757809372497497,
        0.31715286140913185,
        0.071602745233685,
        0.25911131174651564
    ],
    [
        0.15780476466190746,
        0.15934435979977452,
        0.1608692209529219,
        0.1288470508005519,
        0.16682934768798924,
        0.10364452469860624,
        0.11899645477912357,
        0.15229366163764005,
        0.11899645477912357,
        0.22696623509896796,
        0.17044862679118303,
        0.1288470508005519,
        0.15388840315306412,
        0.17608480733726006,
        0.11899645477912357,
        0.15780476466190746,
        0.20372507516258279,
        0.13621559198564606,
        0.13621559198564606,
        0.11899645477912357,
        0.12103072956898178,
        0.15494244563170328,
        0.2072890493972125,
        0.15625,
        0.15388840315306412,
        0.12979099785809492,
        0.0,
        0.16973094517500337,
        0.23333100817293873,
        0.1690102160373745,
        0.13621559198564606,
        0.20009763241977652,
        0.1307281291459493,
        0.22371595411369302,
        0.1660960283239789,
        0.11481983169296148,
        0.08414320011147662,
        0.09757809372497497,
        0.10481568644530265,
        0.11692679333668567,
        0.19764235376052372,
        0.120017902310447,
        0.14905300022139775,
        0.16461958988832404,
        0.15934435979977452,
        0.13975424859373686,
        0.19948664585630788,
        0.1288470508005519,
        0.18421603316486868
    ],
    [
        0.258639771206982,
        0.14823176532039278,
        0.23799290955824715,
        0.1335000585205864,
        0.13887803777055607,
        0.1660960283239789,
        0.22534695471649932,
        0.1788362990978062,
        0.20610790559801437,
        0.3518228202874282,
        0.22963966338592295,
        0.17258376589355096,
        0.13258252147247765,
        0.28895690638917076,
        0.22480460265528374,
        0.1781524101717403,
        0.3190715290103459,
        0.1781524101717403,
        0.16461958988832404,
        0.11796616305110547,
        0.15857643070456592,
        0.24217349869922228,
        0.14320549046737,
        0.15229366163764005,
        0.1288470508005519,
        0.14657549249448218,
        0.16973094517500337,
        0.0,
        0.1335000585205864,
        0.10004881620988826,
        0.19008632907181935,
        0.1887975933374152,
        0.17044862679118303,
        0.36174490321219455,
        0.13258252147247765,
        0.1570293065800139,
        0.1875,
        0.16387638252658618,
        0.1660960283239789,
        0.16387638252658618,
        0.15625,
        0.1288470508005519,
        0.16535945694153692,
        0.20551478809321727,
        0.22262198201210948,
        0.11692679333668567,
        0.34938562148434216,
        0.16387638252658618,
        0.2943975575221371
    ],
    [
        0.29064180058966055,
        0.16682934768798924,
        0.2430679560328757,
        0.1788362990978062,
        0.18288593610499415,
        0.19200321449132043,
        0.2706329386826371,
        0.21194781197266463,
        0.22963966338592295,
        0.390625,
        0.2430679560328757,
        0.16973094517500337,
        0.1269381000724369,
        0.26052081250832915,
        0.23385358667337133,
        0.17469281074217108,
        0.34798527267687634,
        0.19948664585630788,
        0.15229366163764005,
        0.1335000585205864,
        0.14823176532039278,
        0.2904083720718885,
        0.18087245160609727,
        0.11899645477912357,
        0.0897587913521567,
        0.14905300022139775,
        0.23333100817293873,
        0.1335000585205864,
        0.0,
        0.14986973510352247,
        0.21079277442550065,
        0.16535945694153692,
        0.14657549249448218,
        0.40474480771839433,
        0.17328963291264715,
        0.14490028899212037,
        0.1875,
        0.22371595411369302,
        0.1988737822087165,
        0.1608692209529219,
        0.24206145913796356,
        0.10825317547305482,
        0.1907274314958391,
        0.1887975933374152,
        0.26608416196760004,
        0.18355218944485516,
        0.370744078678271,
        0.184877493221863,
        0.3081731706768128
    ],
    [
        0.22480460265528374,
        0.1335000585205864,
