[
    [
        0.0,
        0.649519052838329,
        0.0,
        0.625,
        1.0897247358851685,
        0.7071067811865476,
        0.5448623679425842,
        0.2795084971874737,
        0.4841229182759271,
        0.33071891388307384,
        0.125,
        0.25,
        0.30618621784789724,
        0.702228595259407,
        1.1388041973930374,
        0.2795084971874737,
        0.6959705453537527,
        0.30618621784789724,
        0.5303300858899106,
        0.6373774391990981,
        1.0391636594449938,
        0.770551750371122,
        0.46770717334674267,
        0.4841229182759271,
        0.5994789404140899,
        0.739509972887452,
        0.57282196186948,
        0.30618621784789724,
        0.5448623679425842,
        0.33071891388307384,
        0.5994789404140899,
        0.21650635094610965,
        1.231107225224513,
        0.5303300858899106,
        0.375,
        0.75,
        0.3535533905932738,
        0.3535533905932738,
        0.375,
        0.4841229182759271,
        0.375,
        0.4330127018922193,
        0.25,
        0.81967981553775,
        0.5,
        0.125,
        0.8477912478906585,
        0.1767766952966369,
        0.5863019699779287,
        0.21650635094610965
    ],
    [
        0.649519052838329,
        0.0,
        0.649519052838329,
        0.4330127018922193,
        0.7806247497997998,
        0.45069390943299864,
        0.46770717334674267,
        0.4841229182759271,
        0.414578098794425,
        0.39528470752104744,
        0.7288689868556626,
        0.5,
        0.46770717334674267,
        0.425,
        0.9100137361600648,
        0.414578098794425,
        0.39528470752104744,
        0.414578098794425,
        0.4330127018922193,
        0.33071891388307384,
        0.7716774657271723,
        0.39528470752104744,
        0.39528470752104744,
        0.4330127018922193,
        0.46770717334674267,
        0.5,
        0.46770717334674267,
        0.39528470752104744,
        0.39528470752104744,
        0.45069390943299864,
        0.414578098794425,
        0.5448623679425842,
        0.8926785535678563,
        0.375,
        0.5153882032022076,
        0.46770717334674267,
        0.4330127018922193,
        0.4330127018922193,
        0.46770717334674267,
        0.4841229182759271,
        0.414578098794425,
        0.4330127018922193,
        0.5,
        0.5863019699779287,
        0.4330127018922193,
        0.5994789404140899,
        0.4330127018922193,
        0.5448623679425842,
        0.4330127018922193,
        0.5153882032022076
    ],
    [
        0.0,
        0.649519052838329,
        0.0,
        0.625,
        1.0897247358851685,
        0.7071067811865476,
        0.5448623679425842,
        0.2795084971874737,
        0.4841229182759271,
        0.33071891388307384,
        0.125,
        0.25,
        0.30618621784789724,
        0.702228595259407,
        1.1388041973930374,
        0.2795084971874737,
        0.6959705453537527,
        0.30618621784789724,
        0.5303300858899106,
        0.6373774391990981,
        1.0391636594449938,
        0.770551750371122,
        0.46770717334674267,
        0.4841229182759271,
        0.5994789404140899,
        0.739509972887452,
        0.57282196186948,
        0.30618621784789724,
        0.5448623679425842,
        0.33071891388307384,
        0.5994789404140899,
        0.21650635094610965,
        1.231107225224513,
        0.5303300858899106,
        0.39528470752104744,
        0.75,
        0.3535533905932738,
        0.3535533905932738,
        0.375,
        0.4841229182759271,
        0.375,
        0.4330127018922193,
        0.25,
        0.81967981553775,
        0.5,
        0.125,
        0.8477912478906585,
        0.1767766952966369,
        0.5863019699779287,
        0.21650635094610965
    ],
    [
        0.625,
        0.4330127018922193,
        0.625,
        0.0,
        0.6959705453537527,
        0.414578098794425,
        0.4841229182759271,
        0.46770717334674267,
        0.39528470752104744,
        0.45069390943299864,
        0.673145600891813,
        0.4841229182759271,
        0.4841229182759271,
        0.425,
        0.8385254915624212,
        0.46770717334674267,
        0.3535533905932738,
        0.46770717334674267,
        0.375,
        0.4330127018922193,
        0.6972166887783963,
        0.39528470752104744,
        0.414578098794425,
        0.39528470752104744,
        0.45069390943299864,
        0.39528470752104744,
        0.45069390943299864,
        0.45069390943299864,
        0.5,
        0.4330127018922193,
        0.30618621784789724,
        0.5448623679425842,
        0.8385254915624212,
        0.3535533905932738,
        0.45069390943299864,
        0.4841229182759271,
        0.4841229182759271,
        0.414578098794425,
        0.4841229182759271,
        0.25,
        0.46770717334674267,
        0.375,
        0.4841229182759271,
        0.375,
        0.39528470752104744,
        0.5863019699779287,
        0.46770717334674267,
        0.5448623679425842,
        0.3535533905932738,
        0.5153882032022076
    ],
    [
        1.0897247358851685,
        0.7806247497997998,
        1.0897247358851685,
        0.6959705453537527,
        0.0,
        0.649519052838329,
        0.7288689868556626,
        0.9013878188659973,
        0.8003905296791061,
        0.875,
        1.340475661845451,
        0.9270248108869579,
        0.9519716382329886,
        0.7132671308843553,
        0.9100137361600648,
        0.9013878188659973,
        0.6846531968814576,
        0.9013878188659973,
        0.7806247497997998,
        0.8100925873009825,
        0.8670271686118671,
        0.7180703308172536,
        0.81967981553775,
        0.8100925873009825,
        0.739509972887452,
        0.649519052838329,
        0.8003905296791061,
        0.875,
        0.81967981553775,
        0.8660254037844386,
        0.75,
        0.9762812094883317,
        0.81967981553775,
        0.7603453162872774,
        0.8926785535678563,
        0.6846531968814576,
        0.8926785535678563,
        0.8569568250501305,
        0.9185586535436918,
        0.7905694150420949,
        0.8660254037844386,
        0.7905694150420949,
        0.9270248108869579,
        0.673145600891813,
        0.7603453162872774,
        1.0077822185373186,
        0.6373774391990981,
        0.9762812094883317,
        0.7806247497997998,
        0.9519716382329886
    ],
    [
        0.7071067811865476,
        0.45069390943299864,
        0.7071067811865476,
        0.414578098794425,
        0.649519052838329,
        0.0,
        0.5448623679425842,
        0.5153882032022076,
        0.46770717334674267,
        0.5153882032022076,
        0.770551750371122,
        0.5448623679425842,
        0.57282196186948,
        0.44300112866673375,
        0.8003905296791061,
        0.5303300858899106,
        0.414578098794425,
        0.5303300858899106,
        0.5153882032022076,
        0.4841229182759271,
        0.7300589778306347,
        0.5,
        0.5,
        0.375,
        0.46770717334674267,
        0.33071891388307384,
        0.5153882032022076,
        0.5,
        0.5303300858899106,
        0.4841229182759271,
        0.45069390943299864,
        0.6123724356957945,
        0.82915619758885,
        0.5153882032022076,
        0.57282196186948,
        0.39528470752104744,
        0.5303300858899106,
        0.46770717334674267,
        0.5448623679425842,
        0.375,
        0.5303300858899106,
        0.39528470752104744,
        0.5448623679425842,
        0.5,
        0.4330127018922193,
        0.649519052838329,
        0.4330127018922193,
        0.6123724356957945,
        0.46770717334674267,
        0.57282196186948
    ],
    [
        0.5448623679425842,
        0.46770717334674267,
        0.5448623679425842,
        0.4841229182759271,
        0.7288689868556626,
        0.5448623679425842,
        0.0,
        0.3535533905932738,
        0.375,
        0.3535533905932738,
        0.6959705453537527,
        0.375,
        0.39528470752104744,
        0.4930770730829005,
        0.9185586535436918,
        0.375,
        0.4841229182759271,
        0.375,
        0.45069390943299864,
        0.33071891388307384,
        0.7916666666666667,
        0.4841229182759271,
        0.33071891388307384,
        0.4330127018922193,
        0.45069390943299864,
        0.4841229182759271,
        0.5153882032022076,
        0.375,
        0.3535533905932738,
        0.30618621784789724,
        0.4330127018922193,
        0.414578098794425,
        0.8569568250501305,
        0.414578098794425,
        0.45069390943299864,
        0.5153882032022076,
        0.375,
        0.33071891388307384,
        0.39528470752104744,
        0.46770717334674267,
        0.3535533905932738,
        0.375,
        0.375,
        0.57282196186948,
        0.414578098794425,
        0.4330127018922193,
        0.5303300858899106,
        0.414578098794425,
        0.45069390943299864,
        0.39528470752104744
    ],
    [
        0.2795084971874737,
        0.4841229182759271,
        0.2795084971874737,
        0.46770717334674267,
        0.9013878188659973,
        0.5153882032022076,
        0.3535533905932738,
        0.0,
        0.30618621784789724,
        0.125,
        0.30618621784789724,
        0.125,
        0.1767766952966369,
        0.5528336096873996,
        0.9842509842514764,
        0.1767766952966369,
        0.5153882032022076,
        0.1767766952966369,
        0.3535533905932738,
        0.414578098794425,
        0.8302024518821365,
        0.5303300858899106,
        0.2795084971874737,
        0.3535533905932738,
        0.39528470752104744,
        0.5590169943749475,
        0.45069390943299864,
        0.125,
        0.33071891388307384,
        0.1767766952966369,
        0.414578098794425,
        0.21650635094610965,
        1.0680004681646913,
        0.375,
        0.21650635094610965,
        0.5448623679425842,
        0.1767766952966369,
        0.21650635094610965,
        0.21650635094610965,
        0.39528470752104744,
        0.1767766952966369,
        0.2795084971874737,
        0.125,
        0.6123724356957945,
        0.3535533905932738,
        0.25,
        0.625,
        0.21650635094610965,
        0.39528470752104744,
        0.1767766952966369
    ],
    [
        0.4841229182759271,
        0.414578098794425,
        0.4841229182759271,
        0.39528470752104744,
        0.8003905296791061,
        0.46770717334674267,
        0.375,
        0.30618621784789724,
        0.0,
        0.2795084971874737,
        0.5448623679425842,
        0.33071891388307384,
        0.33071891388307384,
        0.4602988159880492,
        0.9013878188659973,
        0.30618621784789724,
        0.4330127018922193,
        0.30618621784789724,
        0.21650635094610965,
        0.3535533905932738,
        0.7511565157216644,
        0.414578098794425,
        0.25,
        0.375,
        0.39528470752104744,
        0.45069390943299864,
        0.39528470752104744,
        0.30618621784789724,
        0.3535533905932738,
        0.25,
        0.3535533905932738,
        0.39528470752104744,
        0.9013878188659973,
        0.30618621784789724,
        0.30618621784789724,
        0.45069390943299864,
        0.30618621784789724,
        0.21650635094610965,
        0.30618621784789724,
        0.39528470752104744,
        0.30618621784789724,
        0.30618621784789724,
        0.33071891388307384,
        0.5448623679425842,
        0.2795084971874737,
        0.4330127018922193,
        0.5,
        0.39528470752104744,
        0.3535533905932738,
        0.3535533905932738
    ],
    [
        0.33071891388307384,
        0.39528470752104744,
        0.33071891388307384,
        0.45069390943299864,
        0.875,
        0.5153882032022076,
        0.3535533905932738,
        0.125,
        0.2795084971874737,
        0.0,
        0.39528470752104744,
        0.1767766952966369,
        0.21650635094610965,
        0.5238081709939241,
        0.9762812094883317,
        0.125,
        0.4841229182759271,
        0.125,
        0.375,
        0.414578098794425,
        0.8111634305804911,
        0.5153882032022076,
        0.25,
        0.375,
        0.414578098794425,
        0.5303300858899106,
        0.4330127018922193,
        0.1767766952966369,
        0.33071891388307384,
        0.21650635094610965,
        0.414578098794425,
        0.25,
        1.0077822185373186,
        0.39528470752104744,
        0.30618621784789724,
        0.5448623679425842,
        0.125,
        0.25,
        0.1767766952966369,
        0.414578098794425,
        0.25,
        0.30618621784789724,
        0.1767766952966369,
        0.5994789404140899,
        0.33071891388307384,
        0.2795084971874737,
        0.5863019699779287,
        0.25,
        0.414578098794425,
        0.21650635094610965
    ],
    [
        0.125,
        0.7288689868556626,
        0.125,
        0.673145600891813,
        1.340475661845451,
        0.770551750371122,
        0.6959705453537527,
        0.30618621784789724,
        0.5448623679425842,
        0.39528470752104744,
        0.0,
        0.2795084971874737,
        0.375,
        0.7762087348130012,
        1.243734296383275,
        0.3535533905932738,
        0.75,
        0.375,
        0.5863019699779287,
        0.7288689868556626,
        1.1464013743498005,
        0.9100137361600648,
        0.5994789404140899,
        0.5590169943749475,
        0.7288689868556626,
        0.8385254915624212,
        0.6846531968814576,
        0.375,
        0.625,
        0.3535533905932738,
        0.6614378277661477,
        0.2795084971874737,
        1.5309310892394863,
        0.5994789404140899,
        0.414578098794425,
        0.8838834764831844,
        0.414578098794425,
        0.375,
        0.4330127018922193,
        0.5153882032022076,
        0.46770717334674267,
        0.4841229182759271,
        0.30618621784789724,
        0.9270248108869579,
        0.5590169943749475,
        0.1767766952966369,
        0.9762812094883317,
        0.21650635094610965,
        0.6614378277661477,
        0.2795084971874737
    ],
    [
        0.25,
        0.5,
        0.25,
        0.4841229182759271,
        0.9270248108869579,
        0.5448623679425842,
        0.375,
        0.125,
        0.33071891388307384,
        0.1767766952966369,
        0.2795084971874737,
        0.0,
        0.125,
        0.5667892024377317,
        1.0077822185373186,
        0.125,
        0.5448623679425842,
        0.125,
        0.414578098794425,
        0.45069390943299864,
        0.8395600699837452,
        0.5590169943749475,
        0.30618621784789724,
        0.375,
        0.414578098794425,
        0.5863019699779287,
        0.46770717334674267,
        0.1767766952966369,
        0.3535533905932738,
        0.21650635094610965,
        0.4330127018922193,
        0.1767766952966369,
        1.0897247358851685,
        0.4330127018922193,
        0.30618621784789724,
        0.57282196186948,
        0.125,
        0.25,
        0.1767766952966369,
        0.414578098794425,
        0.21650635094610965,
        0.30618621784789724,
        0.0,
        0.6373774391990981,
        0.375,
        0.21650635094610965,
        0.649519052838329,
        0.1767766952966369,
        0.414578098794425,
        0.125
    ],
    [
        0.30618621784789724,
        0.46770717334674267,
        0.30618621784789724,
        0.4841229182759271,
        0.9519716382329886,
        0.57282196186948,
        0.39528470752104744,
        0.1767766952966369,
        0.33071891388307384,
        0.21650635094610965,
        0.375,
        0.125,
        0.0,
        0.580409338312195,
        0.9921567416492215,
        0.1767766952966369,
        0.5448623679425842,
        0.21650635094610965,
        0.4330127018922193,
        0.46770717334674267,
        0.8207381501496754,
        0.5590169943749475,
        0.33071891388307384,
        0.39528470752104744,
        0.414578098794425,
        0.5863019699779287,
        0.414578098794425,
        0.21650635094610965,
        0.375,
        0.25,
        0.414578098794425,
        0.25,
        1.0752906583803283,
        0.414578098794425,
        0.33071891388307384,
        0.57282196186948,
        0.25,
        0.2795084971874737,
        0.1767766952966369,
        0.4330127018922193,
        0.25,
        0.33071891388307384,
        0.125,
        0.6373774391990981,
        0.3535533905932738,
        0.25,
        0.6959705453537527,
        0.21650635094610965,
        0.414578098794425,
        0.21650635094610965
    ],
    [
        0.702228595259407,
        0.425,
        0.702228595259407,
        0.425,
        0.7132671308843553,
        0.44300112866673375,
        0.4930770730829005,
        0.5528336096873996,
        0.4602988159880492,
        0.5238081709939241,
        0.7762087348130012,
        0.5667892024377317,
        0.580409338312195,
        0.0,
        0.6581223290544091,
        0.5238081709939241,
        0.38649062084350766,
        0.5238081709939241,
        0.4602988159880492,
        0.4930770730829005,
        0.6007518437572854,
        0.47696960070847283,
        0.47696960070847283,
        0.4930770730829005,
        0.47696960070847283,
        0.47696960070847283,
        0.5667892024377317,
        0.5086747487343951,
        0.5238081709939241,
        0.5238081709939241,
        0.425,
        0.6319612329882269,
        0.7365459931328118,
        0.4602988159880492,
        0.5528336096873996,
        0.425,
        0.5528336096873996,
        0.5086747487343951,
        0.5528336096873996,
        0.4602988159880492,
        0.5238081709939241,
        0.47696960070847283,
        0.5667892024377317,
        0.5437140792732886,
        0.425,
        0.6680194607943694,
        0.44300112866673375,
        0.6319612329882269,
        0.4602988159880492,
        0.5937171043518958
    ],
    [
        1.1388041973930374,
        0.9100137361600648,
        1.1388041973930374,
        0.8385254915624212,
        0.9100137361600648,
        0.8003905296791061,
        0.9185586535436918,
        0.9842509842514764,
        0.9013878188659973,
        0.9762812094883317,
        1.243734296383275,
        1.0077822185373186,
        0.9921567416492215,
        0.6581223290544091,
        0.0,
        1.0,
        0.8100925873009825,
        1.0,
        0.8926785535678563,
        0.9185586535436918,
        0.6346477588219923,
        0.8385254915624212,
        0.9270248108869579,
        0.8569568250501305,
        0.8569568250501305,
        0.8100925873009825,
        0.960143218483576,
        0.9762812094883317,
        0.9437293044088437,
        0.9437293044088437,
        0.8100925873009825,
        1.0532687216470449,
        0.9354143466934853,
        0.875,
        0.960143218483576,
        0.8660254037844386,
        0.9921567416492215,
        0.9354143466934853,
        0.9682458365518543,
        0.875,
        0.9682458365518543,
        0.9013878188659973,
        1.0077822185373186,
        0.8003905296791061,
        0.82915619758885,
        1.0968705484240153,
        0.7905694150420949,
        1.0532687216470449,
        0.875,
        1.0307764064044151
    ],
    [
        0.2795084971874737,
        0.414578098794425,
        0.2795084971874737,
        0.46770717334674267,
        0.9013878188659973,
        0.5303300858899106,
        0.375,
        0.1767766952966369,
        0.30618621784789724,
        0.125,
        0.3535533905932738,
        0.125,
        0.1767766952966369,
        0.5238081709939241,
        1.0,
        0.0,
        0.5,
        0.0,
        0.39528470752104744,
        0.45069390943299864,
        0.8207381501496754,
        0.5448623679425842,
        0.2795084971874737,
        0.39528470752104744,
        0.414578098794425,
        0.5590169943749475,
        0.45069390943299864,
        0.125,
        0.3535533905932738,
        0.25,
        0.4330127018922193,
        0.21650635094610965,
        1.0307764064044151,
        0.414578098794425,
        0.33071891388307384,
        0.5590169943749475,
        0.1767766952966369,
        0.2795084971874737,
        0.21650635094610965,
        0.4330127018922193,
        0.25,
        0.33071891388307384,
        0.125,
        0.649519052838329,
        0.3535533905932738,
        0.25,
        0.6373774391990981,
        0.21650635094610965,
        0.4330127018922193,
        0.1767766952966369
    ],
    [
        0.6959705453537527,
        0.39528470752104744,
        0.6959705453537527,
        0.3535533905932738,
        0.6846531968814576,
        0.414578098794425,
        0.4841229182759271,
        0.5153882032022076,
        0.4330127018922193,
        0.4841229182759271,
        0.75,
        0.5448623679425842,
        0.5448623679425842,
        0.38649062084350766,
        0.8100925873009825,
        0.5,
        0.0,
        0.5153882032022076,
        0.5,
        0.45069390943299864,
        0.7300589778306347,
        0.4330127018922193,
        0.4330127018922193,
        0.4330127018922193,
        0.39528470752104744,
        0.45069390943299864,
        0.5,
        0.4841229182759271,
        0.5153882032022076,
        0.46770717334674267,
        0.3535533905932738,
        0.649519052838329,
        0.7905694150420949,
        0.4841229182759271,
        0.5863019699779287,
        0.4330127018922193,
        0.5448623679425842,
        0.45069390943299864,
        0.5,
        0.39528470752104744,
        0.5303300858899106,
        0.414578098794425,
        0.5590169943749475,
        0.4841229182759271,
        0.3535533905932738,
        0.6614378277661477,
        0.375,
        0.625,
        0.39528470752104744,
        0.5994789404140899
    ],
    [
        0.30618621784789724,
        0.414578098794425,
        0.30618621784789724,
        0.46770717334674267,
        0.9013878188659973,
        0.5303300858899106,
        0.375,
        0.1767766952966369,
        0.30618621784789724,
        0.125,
        0.375,
        0.125,
        0.21650635094610965,
        0.5238081709939241,
        1.0,
        0.0,
        0.5153882032022076,
        0.0,
        0.39528470752104744,
        0.45069390943299864,
        0.8207381501496754,
        0.5448623679425842,
        0.2795084971874737,
        0.39528470752104744,
        0.414578098794425,
        0.5590169943749475,
        0.45069390943299864,
        0.125,
        0.3535533905932738,
        0.25,
        0.4330127018922193,
        0.21650635094610965,
        1.0307764064044151,
        0.414578098794425,
        0.33071891388307384,
        0.5590169943749475,
        0.1767766952966369,
        0.2795084971874737,
        0.25,
        0.4330127018922193,
        0.25,
        0.33071891388307384,
        0.125,
        0.649519052838329,
        0.3535533905932738,
        0.25,
        0.6373774391990981,
        0.21650635094610965,
        0.4330127018922193,
        0.1767766952966369
    ],
    [
        0.5303300858899106,
        0.4330127018922193,
        0.5303300858899106,
        0.375,
        0.7806247497997998,
        0.5153882032022076,
        0.45069390943299864,
        0.3535533905932738,
        0.21650635094610965,
        0.375,
        0.5863019699779287,
        0.414578098794425,
        0.4330127018922193,
        0.4602988159880492,
        0.8926785535678563,
        0.39528470752104744,
        0.5,
        0.39528470752104744,
        0.0,
        0.39528470752104744,
        0.7300589778306347,
        0.375,
        0.3535533905932738,
        0.4330127018922193,
        0.4330127018922193,
        0.5,
        0.375,
        0.39528470752104744,
        0.375,
        0.3535533905932738,
        0.3535533905932738,
        0.46770717334674267,
        0.8926785535678563,
        0.25,
        0.2795084971874737,
        0.5303300858899106,
        0.39528470752104744,
        0.33071891388307384,
        0.39528470752104744,
        0.46770717334674267,
        0.375,
        0.30618621784789724,
        0.414578098794425,
        0.5994789404140899,
        0.39528470752104744,
        0.4841229182759271,
        0.5303300858899106,
        0.45069390943299864,
        0.3535533905932738,
        0.4330127018922193
    ],
    [
        0.6373774391990981,
        0.33071891388307384,
        0.6373774391990981,
        0.4330127018922193,
        0.8100925873009825,
        0.4841229182759271,
        0.33071891388307384,
        0.414578098794425,
        0.3535533905932738,
        0.414578098794425,
        0.7288689868556626,
        0.45069390943299864,
        0.46770717334674267,
        0.4930770730829005,
        0.9185586535436918,
        0.45069390943299864,
        0.45069390943299864,
        0.45069390943299864,
        0.39528470752104744,
        0.0,
        0.7192781875680029,
        0.3535533905932738,
        0.3535533905932738,
        0.414578098794425,
        0.46770717334674267,
        0.4841229182759271,
        0.46770717334674267,
        0.4330127018922193,
        0.46770717334674267,
        0.375,
        0.375,
        0.5303300858899106,
        0.8569568250501305,
        0.39528470752104744,
        0.45069390943299864,
        0.4841229182759271,
        0.46770717334674267,
        0.3535533905932738,
        0.5,
        0.375,
        0.375,
        0.3535533905932738,
        0.45069390943299864,
        0.5,
        0.39528470752104744,
        0.57282196186948,
        0.5590169943749475,
        0.5303300858899106,
        0.375,
        0.4841229182759271
    ],
    [
        1.0391636594449938,
        0.7716774657271723,
        1.0391636594449938,
        0.6972166887783963,
        0.8670271686118671,
        0.7300589778306347,
        0.7916666666666667,
        0.8302024518821365,
        0.7511565157216644,
        0.8111634305804911,
        1.1464013743498005,
        0.8395600699837452,
        0.8207381501496754,
        0.6007518437572854,
        0.6346477588219923,
        0.8207381501496754,
        0.7300589778306347,
        0.8207381501496754,
        0.7300589778306347,
        0.7192781875680029,
        0.0,
        0.6387379048648288,
        0.7716774657271723,
        0.7083333333333334,
        0.7083333333333334,
        0.7192781875680029,
        0.7511565157216644,
        0.8111634305804911,
        0.7916666666666667,
        0.8111634305804911,
        0.6627489050244527,
        0.8759915017345267,
        0.8848650242331376,
        0.7406828681096325,
        0.8014743359029727,
        0.7300589778306347,
        0.8207381501496754,
        0.8014743359029727,
        0.8014743359029727,
        0.7300589778306347,
        0.7916666666666667,
        0.8014743359029727,
        0.8395600699837452,
        0.6859199013814303,
        0.6744339190099435,
        0.9446486707295528,
        0.7192781875680029,
        0.8759915017345267,
        0.7406828681096325,
        0.8488145328109735
    ],
    [
        0.770551750371122,
        0.39528470752104744,
        0.770551750371122,
        0.39528470752104744,
        0.7180703308172536,
        0.5,
        0.4841229182759271,
        0.5303300858899106,
        0.414578098794425,
        0.5153882032022076,
        0.9100137361600648,
        0.5590169943749475,
        0.5590169943749475,
        0.47696960070847283,
        0.8385254915624212,
        0.5448623679425842,
        0.4330127018922193,
        0.5448623679425842,
        0.375,
        0.3535533905932738,
        0.6387379048648288,
        0.0,
        0.45069390943299864,
        0.46770717334674267,
        0.46770717334674267,
        0.4330127018922193,
        0.4841229182759271,
        0.5153882032022076,
        0.5,
        0.4841229182759271,
        0.375,
        0.625,
        0.770551750371122,
        0.414578098794425,
        0.5,
        0.5,
        0.5448623679425842,
        0.46770717334674267,
        0.5590169943749475,
        0.414578098794425,
        0.5,
        0.45069390943299864,
        0.5590169943749475,
        0.46770717334674267,
        0.4330127018922193,
        0.6614378277661477,
        0.46770717334674267,
        0.625,
        0.39528470752104744,
        0.5863019699779287
    ],
    [
        0.46770717334674267,
        0.39528470752104744,
        0.46770717334674267,
        0.414578098794425,
        0.81967981553775,
        0.5,
        0.33071891388307384,
        0.2795084971874737,
        0.25,
        0.25,
        0.5994789404140899,
        0.30618621784789724,
        0.33071891388307384,
        0.47696960070847283,
        0.9270248108869579,
        0.2795084971874737,
        0.4330127018922193,
        0.2795084971874737,
        0.3535533905932738,
        0.3535533905932738,
        0.7716774657271723,
        0.45069390943299864,
        0.0,
        0.375,
        0.39528470752104744,
        0.45069390943299864,
        0.4330127018922193,
        0.25,
        0.375,
        0.21650635094610965,
        0.375,
        0.375,
        0.8838834764831844,
        0.39528470752104744,
        0.39528470752104744,
        0.46770717334674267,
        0.2795084971874737,
        0.25,
        0.30618621784789724,
        0.414578098794425,
        0.2795084971874737,
        0.30618621784789724,
        0.30618621784789724,
        0.5448623679425842,
        0.33071891388307384,
        0.414578098794425,
        0.5153882032022076,
        0.375,
        0.39528470752104744,
        0.33071891388307384
    ],
    [
        0.4841229182759271,
        0.4330127018922193,
        0.4841229182759271,
        0.39528470752104744,
        0.8100925873009825,
        0.375,
        0.4330127018922193,
        0.3535533905932738,
        0.375,
        0.375,
        0.5590169943749475,
        0.375,
        0.39528470752104744,
        0.4930770730829005,
        0.8569568250501305,
        0.39528470752104744,
        0.4330127018922193,
        0.39528470752104744,
        0.4330127018922193,
        0.414578098794425,
        0.7083333333333334,
        0.46770717334674267,
        0.375,
        0.0,
        0.4330127018922193,
        0.45069390943299864,
        0.4841229182759271,
        0.375,
        0.4330127018922193,
        0.30618621784789724,
        0.414578098794425,
        0.4330127018922193,
        1.0077822185373186,
        0.414578098794425,
        0.45069390943299864,
        0.414578098794425,
        0.375,
        0.2795084971874737,
        0.375,
        0.39528470752104744,
        0.3535533905932738,
        0.125,
        0.39528470752104744,
        0.5863019699779287,
        0.3535533905932738,
        0.45069390943299864,
        0.4841229182759271,
        0.414578098794425,
        0.39528470752104744,
        0.39528470752104744
    ],
    [
        0.5994789404140899,
        0.46770717334674267,
        0.5994789404140899,
        0.45069390943299864,
        0.739509972887452,
        0.46770717334674267,
        0.45069390943299864,
        0.39528470752104744,
        0.39528470752104744,
        0.414578098794425,
        0.7288689868556626,
        0.414578098794425,
        0.414578098794425,
        0.47696960070847283,
        0.8569568250501305,
        0.414578098794425,
        0.39528470752104744,
        0.414578098794425,
        0.4330127018922193,
        0.46770717334674267,
        0.7083333333333334,
        0.46770717334674267,
        0.39528470752104744,
        0.4330127018922193,
        0.0,
        0.5153882032022076,
        0.45069390943299864,
        0.39528470752104744,
        0.375,
        0.3535533905932738,
        0.375,
        0.46770717334674267,
        0.9270248108869579,
        0.46770717334674267,
        0.4841229182759271,
        0.4330127018922193,
        0.39528470752104744,
        0.33071891388307384,
        0.39528470752104744,
        0.46770717334674267,
        0.39528470752104744,
        0.30618621784789724,
        0.414578098794425,
        0.5994789404140899,
        0.3535533905932738,
        0.5303300858899106,
        0.5153882032022076,
        0.46770717334674267,
        0.39528470752104744,
        0.4330127018922193
    ],
    [
        0.739509972887452,
        0.5,
        0.739509972887452,
        0.39528470752104744,
        0.649519052838329,
        0.33071891388307384,
        0.4841229182759271,
        0.5590169943749475,
        0.45069390943299864,
        0.5303300858899106,
        0.8385254915624212,
        0.5863019699779287,
        0.5863019699779287,
        0.47696960070847283,
        0.8100925873009825,
        0.5590169943749475,
        0.45069390943299864,
        0.5590169943749475,
        0.5,
        0.4841229182759271,
        0.7192781875680029,
        0.4330127018922193,
        0.45069390943299864,
        0.45069390943299864,
        0.5153882032022076,
        0.0,
        0.5448623679425842,
        0.5448623679425842,
        0.5303300858899106,
        0.5303300858899106,
        0.4330127018922193,
        0.6373774391990981,
        0.7806247497997998,
        0.5,
        0.5994789404140899,
        0.4330127018922193,
        0.5448623679425842,
        0.5153882032022076,
        0.5448623679425842,
        0.39528470752104744,
        0.5448623679425842,
        0.46770717334674267,
        0.5863019699779287,
        0.45069390943299864,
        0.39528470752104744,
        0.6846531968814576,
        0.4330127018922193,
        0.6373774391990981,
        0.414578098794425,
        0.6123724356957945
    ],
    [
        0.57282196186948,
        0.46770717334674267,
        0.57282196186948,
        0.45069390943299864,
        0.8003905296791061,
        0.5153882032022076,
        0.5153882032022076,
        0.45069390943299864,
        0.39528470752104744,
        0.4330127018922193,
        0.6846531968814576,
        0.46770717334674267,
        0.414578098794425,
        0.5667892024377317,
        0.960143218483576,
        0.45069390943299864,
        0.5,
        0.45069390943299864,
        0.375,
        0.46770717334674267,
        0.7511565157216644,
        0.4841229182759271,
        0.4330127018922193,
        0.4841229182759271,
        0.45069390943299864,
        0.5448623679425842,
        0.0,
        0.4330127018922193,
        0.4330127018922193,
        0.414578098794425,
        0.4330127018922193,
        0.5153882032022076,
        0.9100137361600648,
        0.3535533905932738,
        0.375,
        0.5448623679425842,
        0.45069390943299864,
        0.39528470752104744,
        0.39528470752104744,
        0.5153882032022076,
        0.39528470752104744,
        0.45069390943299864,
        0.46770717334674267,
        0.57282196186948,
        0.414578098794425,
        0.5303300858899106,
        0.6373774391990981,
        0.5,
        0.4330127018922193,
        0.4841229182759271
    ],
    [
        0.30618621784789724,
        0.39528470752104744,
        0.30618621784789724,
        0.45069390943299864,
        0.875,
        0.5,
        0.375,
        0.125,
        0.30618621784789724,
        0.1767766952966369,
        0.375,
        0.1767766952966369,
        0.21650635094610965,
        0.5086747487343951,
        0.9762812094883317,
        0.125,
        0.4841229182759271,
        0.125,
        0.39528470752104744,
        0.4330127018922193,
        0.8111634305804911,
        0.5153882032022076,
        0.25,
        0.375,
        0.39528470752104744,
        0.5448623679425842,
        0.4330127018922193,
        0.0,
        0.3535533905932738,
        0.21650635094610965,
        0.39528470752104744,
        0.25,
        1.0,
        0.39528470752104744,
        0.30618621784789724,
        0.5303300858899106,
        0.21650635094610965,
        0.25,
        0.25,
        0.414578098794425,
        0.21650635094610965,
        0.30618621784789724,
        0.1767766952966369,
        0.6123724356957945,
        0.33071891388307384,
        0.2795084971874737,
        0.625,
        0.25,
        0.39528470752104744,
        0.21650635094610965
    ],
    [
        0.5448623679425842,
        0.39528470752104744,
        0.5448623679425842,
        0.5,
        0.81967981553775,
        0.5303300858899106,
        0.3535533905932738,
        0.33071891388307384,
        0.3535533905932738,
        0.33071891388307384,
        0.625,
        0.3535533905932738,
        0.375,
        0.5238081709939241,
        0.9437293044088437,
        0.3535533905932738,
        0.5153882032022076,
        0.3535533905932738,
        0.375,
        0.46770717334674267,
        0.7916666666666667,
        0.5,
        0.375,
        0.4330127018922193,
        0.375,
        0.5303300858899106,
        0.4330127018922193,
        0.3535533905932738,
        0.0,
        0.375,
        0.414578098794425,
        0.39528470752104744,
        0.9842509842514764,
        0.375,
        0.33071891388307384,
        0.5153882032022076,
        0.30618621784789724,
        0.39528470752104744,
        0.33071891388307384,
        0.5153882032022076,
        0.33071891388307384,
        0.414578098794425,
        0.3535533905932738,
        0.6373774391990981,
        0.414578098794425,
        0.46770717334674267,
        0.5303300858899106,
        0.39528470752104744,
        0.46770717334674267,
        0.375
    ],
    [
        0.33071891388307384,
        0.45069390943299864,
        0.33071891388307384,
        0.4330127018922193,
        0.8660254037844386,
        0.4841229182759271,
        0.30618621784789724,
        0.1767766952966369,
        0.25,
        0.21650635094610965,
        0.3535533905932738,
        0.21650635094610965,
        0.25,
        0.5238081709939241,
        0.9437293044088437,
        0.25,
        0.46770717334674267,
        0.25,
        0.3535533905932738,
        0.375,
        0.8111634305804911,
        0.4841229182759271,
        0.21650635094610965,
        0.30618621784789724,
        0.3535533905932738,
        0.5303300858899106,
        0.414578098794425,
        0.21650635094610965,
        0.375,
        0.0,
        0.375,
        0.2795084971874737,
        1.0307764064044151,
        0.375,
        0.2795084971874737,
        0.5,
        0.25,
        0.125,
        0.2795084971874737,
        0.3535533905932738,
        0.1767766952966369,
        0.21650635094610965,
        0.21650635094610965,
        0.57282196186948,
        0.30618621784789724,
        0.30618621784789724,
        0.5994789404140899,
        0.2795084971874737,
        0.3535533905932738,
        0.25
    ],
    [
        0.5994789404140899,
        0.414578098794425,
        0.5994789404140899,
        0.30618621784789724,
        0.75,
        0.45069390943299864,
        0.4330127018922193,
        0.414578098794425,
        0.3535533905932738,
        0.414578098794425,
        0.6614378277661477,
        0.4330127018922193,
        0.414578098794425,
        0.425,
        0.8100925873009825,
        0.4330127018922193,
        0.3535533905932738,
        0.4330127018922193,
        0.3535533905932738,
        0.375,
        0.6627489050244527,
        0.375,
        0.375,
        0.414578098794425,
        0.375,
        0.4330127018922193,
        0.4330127018922193,
        0.39528470752104744,
        0.414578098794425,
        0.375,
        0.0,
        0.5153882032022076,
        0.8569568250501305,
        0.3535533905932738,
        0.414578098794425,
        0.46770717334674267,
        0.46770717334674267,
        0.3535533905932738,
        0.45069390943299864,
        0.2795084971874737,
        0.375,
        0.3535533905932738,
        0.4330127018922193,
