[
    [
        0.0,
        0.5153882032022076,
        0.30618621784789724,
        1.6630168369562588,
        0.625,
        0.4330127018922193,
        0.1767766952966369,
        0.27322660517925,
        0.5303300858899106,
        0.4330127018922193,
        0.125,
        0.5,
        0.2795084971874737,
        0.5238081709939241,
        0.739509972887452,
        0.1767766952966369,
        0.4841229182759271,
        0.57282196186948,
        0.375,
        0.39528470752104744,
        0.4841229182759271,
        0.5994789404140899,
        0.33071891388307384,
        0.7603453162872774,
        0.5590169943749475,
        0.44300112866673375,
        0.7046472718869902,
        0.5863019699779287,
        0.46770717334674267,
        0.2795084971874737,
        0.5170697352496191,
        0.33071891388307384,
        0.649519052838329,
        0.5303300858899106,
        0.125,
        0.4841229182759271,
        0.739509972887452,
        0.2795084971874737,
        0.7406828681096325,
        0.6627489050244528,
        0.6859199013814303,
        0.2795084971874737,
        0.4841229182759271,
        0.57282196186948,
        0.2795084971874737,
        0.2795084971874737,
        0.39528470752104744,
        0.21650635094610965,
        0.5,
        0.125
    ],
    [
        0.5153882032022076,
        0.0,
        0.5303300858899106,
        1.0606601717798212,
        0.21650635094610965,
        0.30618621784789724,
        0.46770717334674267,
        0.4805234414446165,
        0.1767766952966369,
        0.3535533905932738,
        0.4841229182759271,
        0.3535533905932738,
        0.414578098794425,
        0.3657184709581948,
        0.5448623679425842,
        0.46770717334674267,
        0.414578098794425,
        0.4330127018922193,
        0.4330127018922193,
        0.3535533905932738,
        0.33071891388307384,
        0.2795084971874737,
        0.39528470752104744,
        0.5863019699779287,
        0.30618621784789724,
        0.38649062084350766,
        0.34860834438919813,
        0.414578098794425,
        0.30618621784789724,
        0.4841229182759271,
        0.46955948623269356,
        0.45069390943299864,
        0.414578098794425,
        0.33071891388307384,
        0.5303300858899106,
        0.30618621784789724,
        0.6373774391990981,
        0.414578098794425,
        0.501733107449679,
        0.4166666666666667,
        0.5170697352496191,
        0.414578098794425,
        0.39528470752104744,
        0.1767766952966369,
        0.414578098794425,
        0.414578098794425,
        0.39528470752104744,
        0.45069390943299864,
        0.45069390943299864,
        0.4841229182759271
    ],
    [
        0.30618621784789724,
        0.5303300858899106,
        0.0,
        1.0825317547305484,
        0.5863019699779287,
        0.4330127018922193,
        0.25,
        0.15023130314433292,
        0.5303300858899106,
        0.4330127018922193,
        0.2795084971874737,
        0.46770717334674267,
        0.33071891388307384,
        0.3984344362627307,
        0.5303300858899106,
        0.25,
        0.375,
        0.39528470752104744,
        0.3535533905932738,
        0.39528470752104744,
        0.45069390943299864,
        0.5590169943749475,
        0.3535533905932738,
        0.5153882032022076,
        0.5153882032022076,
        0.3344772040064913,
        0.5368374469468803,
        0.45069390943299864,
        0.45069390943299864,
        0.2795084971874737,
        0.34105636549468543,
        0.33071891388307384,
        0.5863019699779287,
        0.5,
        0.21650635094610965,
        0.4841229182759271,
        0.45069390943299864,
        0.33071891388307384,
        0.5651941652604391,
        0.4912427551063165,
        0.4750730937913075,
        0.33071891388307384,
        0.45069390943299864,
        0.5448623679425842,
        0.33071891388307384,
        0.33071891388307384,
        0.39528470752104744,
        0.2795084971874737,
        0.45069390943299864,
        0.2795084971874737
    ],
    [
        1.6630168369562588,
        1.0606601717798212,
        1.0825317547305484,
        0.0,
        0.960143218483576,
        1.0307764064044151,
        1.2119199643540823,
        1.0688129448650552,
        0.9682458365518543,
        1.103970108290981,
        1.25,
        0.960143218483576,
        1.159202311936963,
        0.9666307464590602,
        1.0307764064044151,
        1.2183492931011204,
        0.9013878188659973,
        0.8660254037844386,
        1.0897247358851685,
        1.0680004681646913,
        1.0077822185373186,
        1.0231690964840563,
        1.14564392373896,
        0.960143218483576,
        0.9682458365518543,
        0.9666307464590602,
        0.858980338670346,
        1.015504800579495,
        1.0752906583803283,
        1.25,
        0.9780578828587919,
        1.0752906583803283,
        0.8569568250501305,
        0.960143218483576,
        1.159202311936963,
        1.0458250331675945,
        1.0,
        1.0825317547305484,
        0.8122328620674137,
        0.840593375076334,
        0.858980338670346,
        1.1388041973930374,
        1.0,
        0.9437293044088437,
        1.1319231422671772,
        1.1319231422671772,
        1.015504800579495,
        1.1989578808281798,
        1.1388041973930374,
        1.2183492931011204
    ],
    [
        0.625,
        0.21650635094610965,
        0.5863019699779287,
        0.960143218483576,
        0.0,
        0.3535533905932738,
        0.5303300858899106,
        0.5270462766947299,
        0.1767766952966369,
        0.414578098794425,
        0.57282196186948,
        0.414578098794425,
        0.46770717334674267,
        0.406201920231798,
        0.57282196186948,
        0.5303300858899106,
        0.45069390943299864,
        0.46770717334674267,
        0.45069390943299864,
        0.39528470752104744,
        0.3535533905932738,
        0.30618621784789724,
        0.4330127018922193,
        0.5863019699779287,
        0.30618621784789724,
        0.425,
        0.34860834438919813,
        0.414578098794425,
        0.3535533905932738,
        0.5303300858899106,
        0.501733107449679,
        0.46770717334674267,
        0.375,
        0.33071891388307384,
        0.6373774391990981,
        0.3535533905932738,
        0.649519052838329,
        0.45069390943299864,
        0.5170697352496191,
        0.452615853800009,
        0.5319643889501544,
        0.45069390943299864,
        0.45069390943299864,
        0.25,
        0.45069390943299864,
        0.45069390943299864,
        0.39528470752104744,
        0.5,
        0.414578098794425,
        0.57282196186948
    ],
    [
        0.4330127018922193,
        0.30618621784789724,
        0.4330127018922193,
        1.0307764064044151,
        0.3535533905932738,
        0.0,
        0.3535533905932738,
        0.3703414340548162,
        0.30618621784789724,
        0.25,
        0.39528470752104744,
        0.2795084971874737,
        0.33071891388307384,
        0.2669269563007827,
        0.57282196186948,
        0.3535533905932738,
        0.2795084971874737,
        0.30618621784789724,
        0.30618621784789724,
        0.1767766952966369,
        0.21650635094610965,
        0.2795084971874737,
        0.25,
        0.5590169943749475,
        0.25,
        0.23584952830141506,
        0.42898458920779164,
        0.2795084971874737,
        0.0,
        0.39528470752104744,
        0.35600015605489715,
        0.375,
        0.33071891388307384,
        0.21650635094610965,
        0.45069390943299864,
        0.0,
        0.5590169943749475,
        0.2795084971874737,
        0.501733107449679,
        0.452615853800009,
        0.452615853800009,
        0.2795084971874737,
        0.30618621784789724,
        0.30618621784789724,
        0.2795084971874737,
        0.2795084971874737,
        0.25,
        0.33071891388307384,
        0.33071891388307384,
        0.39528470752104744
    ],
    [
        0.1767766952966369,
        0.46770717334674267,
        0.25,
        1.2119199643540823,
        0.5303300858899106,
        0.3535533905932738,
        0.0,
        0.2083333333333333,
        0.46770717334674267,
        0.3535533905932738,
        0.125,
        0.39528470752104744,
        0.21650635094610965,
        0.44300112866673375,
        0.6846531968814576,
        0.0,
        0.375,
        0.46770717334674267,
        0.25,
        0.30618621784789724,
        0.375,
        0.5,
        0.25,
        0.673145600891813,
        0.45069390943299864,
        0.38649062084350766,
        0.5559026693385972,
        0.375,
        0.375,
        0.125,
        0.46955948623269356,
        0.21650635094610965,
        0.5303300858899106,
        0.4330127018922193,
        0.21650635094610965,
        0.414578098794425,
        0.625,
        0.21650635094610965,
        0.6508541396588879,
        0.5877806658194119,
        0.5743353646704259,
        0.21650635094610965,
        0.375,
        0.4841229182759271,
        0.21650635094610965,
        0.21650635094610965,
        0.30618621784789724,
        0.125,
        0.375,
        0.125
    ],
    [
        0.27322660517925,
        0.4805234414446165,
        0.15023130314433292,
        1.0688129448650552,
        0.5270462766947299,
        0.3703414340548162,
        0.2083333333333333,
        0.0,
        0.4805234414446165,
        0.34860834438919813,
        0.24295632895188748,
        0.41036907507483766,
        0.24295632895188748,
        0.3764785666025506,
        0.5464532103585001,
        0.2083333333333333,
        0.3333333333333333,
        0.36324157862838946,
        0.27322660517925,
        0.3254270698294439,
        0.3908679799852858,
        0.4805234414446165,
        0.27322660517925,
        0.5319643889501544,
        0.44682522061515034,
        0.30799531020960547,
        0.5153882032022076,
        0.3908679799852858,
        0.3703414340548162,
        0.24295632895188748,
        0.3486083443891982,
        0.24295632895188748,
        0.5120085719768545,
        0.42898458920779164,
        0.2204792759220492,
        0.41036907507483766,
        0.46955948623269356,
        0.24295632895188748,
        0.5416666666666666,
        0.4658474953124562,
        0.44682522061515034,
        0.24295632895188748,
        0.3703414340548162,
        0.4658474953124562,
        0.24295632895188748,
        0.24295632895188748,
        0.3254270698294439,
        0.16666666666666663,
        0.3908679799852858,
        0.24295632895188748
    ],
    [
        0.5303300858899106,
        0.1767766952966369,
        0.5303300858899106,
        0.9682458365518543,
        0.1767766952966369,
        0.30618621784789724,
        0.46770717334674267,
        0.4805234414446165,
        0.0,
        0.39528470752104744,
        0.4841229182759271,
        0.39528470752104744,
        0.45069390943299864,
        0.3657184709581948,
        0.5448623679425842,
        0.46770717334674267,
        0.414578098794425,
        0.4330127018922193,
        0.4330127018922193,
        0.3535533905932738,
        0.375,
        0.2795084971874737,
        0.39528470752104744,
        0.5863019699779287,
        0.30618621784789724,
        0.38649062084350766,
        0.3004626062886657,
        0.414578098794425,
        0.30618621784789724,
        0.4841229182759271,
        0.46955948623269356,
        0.4841229182759271,
        0.414578098794425,
        0.33071891388307384,
        0.5448623679425842,
        0.30618621784789724,
        0.6373774391990981,
        0.414578098794425,
        0.5319643889501544,
        0.3974746672570607,
        0.5464532103585001,
        0.414578098794425,
        0.4330127018922193,
        0.1767766952966369,
        0.414578098794425,
        0.414578098794425,
        0.39528470752104744,
        0.45069390943299864,
        0.45069390943299864,
        0.4841229182759271
    ],
    [
        0.4330127018922193,
        0.3535533905932738,
        0.4330127018922193,
        1.103970108290981,
        0.414578098794425,
        0.25,
        0.3535533905932738,
        0.34860834438919813,
        0.39528470752104744,
        0.0,
        0.39528470752104744,
        0.25,
        0.21650635094610965,
        0.3657184709581948,
        0.625,
        0.3535533905932738,
        0.2795084971874737,
        0.3535533905932738,
        0.25,
        0.1767766952966369,
        0.21650635094610965,
        0.39528470752104744,
        0.1767766952966369,
        0.6123724356957945,
        0.3535533905932738,
        0.2669269563007827,
        0.4965156369922077,
        0.30618621784789724,
        0.21650635094610965,
        0.39528470752104744,
        0.37730771408905905,
        0.33071891388307384,
        0.4330127018922193,
        0.3535533905932738,
        0.45069390943299864,
        0.21650635094610965,
        0.5590169943749475,
        0.21650635094610965,
        0.5319643889501544,
        0.5170697352496191,
        0.4350127712046063,
        0.21650635094610965,
        0.1767766952966369,
        0.39528470752104744,
        0.21650635094610965,
        0.21650635094610965,
        0.21650635094610965,
        0.30618621784789724,
        0.2795084971874737,
        0.39528470752104744
    ],
    [
        0.125,
        0.4841229182759271,
        0.2795084971874737,
        1.25,
        0.57282196186948,
        0.39528470752104744,
        0.125,
        0.24295632895188748,
        0.4841229182759271,
        0.39528470752104744,
        0.0,
        0.45069390943299864,
        0.25,
        0.47696960070847283,
        0.7071067811865476,
        0.125,
        0.39528470752104744,
        0.5,
        0.30618621784789724,
        0.3535533905932738,
        0.414578098794425,
        0.5448623679425842,
        0.2795084971874737,
        0.7180703308172536,
        0.5,
        0.406201920231798,
        0.5965758776365148,
        0.4330127018922193,
        0.414578098794425,
        0.1767766952966369,
        0.4859126579037751,
        0.25,
        0.5863019699779287,
        0.4841229182759271,
        0.1767766952966369,
        0.45069390943299864,
        0.6614378277661477,
        0.25,
        0.6859199013814303,
        0.6137883276106765,
        0.6137883276106765,
        0.25,
        0.4330127018922193,
        0.5303300858899106,
        0.25,
        0.25,
        0.33071891388307384,
        0.1767766952966369,
        0.39528470752104744,
        0.0
    ],
    [
        0.5,
        0.3535533905932738,
        0.46770717334674267,
        0.960143218483576,
        0.414578098794425,
        0.2795084971874737,
        0.39528470752104744,
        0.41036907507483766,
        0.39528470752104744,
        0.25,
        0.45069390943299864,
        0.0,
        0.33071891388307384,
        0.3657184709581948,
        0.5994789404140899,
        0.39528470752104744,
        0.21650635094610965,
        0.3535533905932738,
        0.30618621784789724,
        0.25,
        0.21650635094610965,
        0.375,
        0.30618621784789724,
        0.5994789404140899,
        0.3535533905932738,
        0.29474565306378986,
        0.4805234414446165,
        0.33071891388307384,
        0.21650635094610965,
        0.375,
        0.4166666666666667,
        0.33071891388307384,
        0.33071891388307384,
        0.2795084971874737,
        0.5153882032022076,
        0.2795084971874737,
        0.57282196186948,
        0.33071891388307384,
        0.46955948623269356,
        0.501733107449679,
        0.4166666666666667,
        0.33071891388307384,
        0.1767766952966369,
        0.3535533905932738,
        0.33071891388307384,
        0.33071891388307384,
        0.25,
        0.375,
        0.375,
        0.45069390943299864
    ],
    [
        0.2795084971874737,
        0.414578098794425,
        0.33071891388307384,
        1.159202311936963,
        0.46770717334674267,
        0.33071891388307384,
        0.21650635094610965,
        0.24295632895188748,
        0.45069390943299864,
        0.21650635094610965,
        0.25,
        0.33071891388307384,
        0.0,
        0.425,
        0.6614378277661477,
        0.21650635094610965,
        0.3535533905932738,
        0.414578098794425,
        0.21650635094610965,
        0.2795084971874737,
        0.30618621784789724,
        0.4330127018922193,
        0.21650635094610965,
        0.649519052838329,
        0.414578098794425,
        0.34369317712168795,
        0.5416666666666666,
        0.3535533905932738,
        0.30618621784789724,
        0.25,
        0.4350127712046063,
        0.1767766952966369,
        0.46770717334674267,
        0.39528470752104744,
        0.30618621784789724,
        0.33071891388307384,
        0.5863019699779287,
        0.1767766952966369,
        0.5743353646704259,
        0.5605676686280713,
        0.46955948623269356,
        0.1767766952966369,
        0.2795084971874737,
        0.45069390943299864,
        0.1767766952966369,
        0.1767766952966369,
        0.2795084971874737,
        0.1767766952966369,
        0.3535533905932738,
        0.25
    ],
    [
        0.5238081709939241,
        0.3657184709581948,
        0.3984344362627307,
        0.9666307464590602,
        0.406201920231798,
        0.2669269563007827,
        0.44300112866673375,
        0.3764785666025506,
        0.3657184709581948,
        0.3657184709581948,
        0.47696960070847283,
        0.3657184709581948,
        0.425,
        0.0,
        0.41003048667141817,
        0.44300112866673375,
        0.31523800532296226,
        0.25495097567963926,
        0.406201920231798,
        0.3201562118716424,
        0.34369317712168795,
        0.29474565306378986,
        0.3657184709581948,
        0.39051248379533277,
        0.2669269563007827,
        0.21650635094610965,
        0.39668767451373016,
        0.38649062084350766,
        0.2669269563007827,
        0.47696960070847283,
        0.25426910503987266,
        0.4602988159880492,
        0.406201920231798,
        0.3201562118716424,
        0.4898979485566356,
        0.2669269563007827,
        0.4286607049870562,
        0.38649062084350766,
        0.35658488158891116,
        0.31863423823841935,
        0.37785946829182115,
        0.38649062084350766,
        0.3657184709581948,
        0.3733296130767019,
        0.38649062084350766,
        0.38649062084350766,
        0.3657184709581948,
        0.425,
        0.425,
        0.47696960070847283
    ],
    [
        0.739509972887452,
        0.5448623679425842,
        0.5303300858899106,
        1.0307764064044151,
        0.57282196186948,
        0.57282196186948,
        0.6846531968814576,
        0.5464532103585001,
        0.5448623679425842,
        0.625,
        0.7071067811865476,
        0.5994789404140899,
        0.6614378277661477,
        0.41003048667141817,
        0.0,
        0.6846531968814576,
        0.5,
        0.414578098794425,
        0.625,
        0.5994789404140899,
        0.5994789404140899,
        0.5590169943749475,
        0.625,
        0.2795084971874737,
        0.57282196186948,
        0.4286607049870562,
        0.452615853800009,
        0.6123724356957945,
        0.57282196186948,
        0.673145600891813,
        0.34860834438919813,
        0.6614378277661477,
        0.5863019699779287,
        0.5590169943749475,
        0.6614378277661477,
        0.57282196186948,
        0.3535533905932738,
        0.6373774391990981,
        0.34860834438919813,
        0.27322660517925,
        0.41036907507483766,
        0.6373774391990981,
        0.625,
        0.5153882032022076,
        0.6373774391990981,
        0.6373774391990981,
        0.5994789404140899,
        0.6614378277661477,
        0.6373774391990981,
        0.7071067811865476
    ],
    [
        0.1767766952966369,
        0.46770717334674267,
        0.25,
        1.2183492931011204,
        0.5303300858899106,
        0.3535533905932738,
        0.0,
        0.2083333333333333,
        0.46770717334674267,
        0.3535533905932738,
        0.125,
        0.39528470752104744,
        0.21650635094610965,
        0.44300112866673375,
        0.6846531968814576,
        0.0,
        0.375,
        0.46770717334674267,
        0.25,
        0.30618621784789724,
        0.375,
        0.5,
        0.25,
        0.673145600891813,
        0.45069390943299864,
        0.38649062084350766,
        0.5559026693385972,
        0.375,
        0.375,
        0.125,
        0.46955948623269356,
        0.21650635094610965,
        0.5303300858899106,
        0.4330127018922193,
        0.21650635094610965,
        0.414578098794425,
        0.625,
        0.21650635094610965,
        0.6508541396588879,
        0.5877806658194119,
        0.5743353646704259,
        0.21650635094610965,
        0.375,
        0.4841229182759271,
        0.21650635094610965,
        0.21650635094610965,
        0.30618621784789724,
        0.125,
        0.375,
        0.125
    ],
    [
        0.4841229182759271,
        0.414578098794425,
        0.375,
        0.9013878188659973,
        0.45069390943299864,
        0.2795084971874737,
        0.375,
        0.3333333333333333,
        0.414578098794425,
        0.2795084971874737,
        0.39528470752104744,
        0.21650635094610965,
        0.3535533905932738,
        0.31523800532296226,
        0.5,
        0.375,
        0.0,
        0.2795084971874737,
        0.2795084971874737,
        0.21650635094610965,
        0.30618621784789724,
        0.39528470752104744,
        0.2795084971874737,
        0.5,
        0.375,
        0.22912878474779197,
        0.45261585380000896,
        0.30618621784789724,
        0.2795084971874737,
        0.3535533905932738,
        0.3004626062886658,
        0.3535533905932738,
        0.3535533905932738,
        0.30618621784789724,
        0.46770717334674267,
        0.30618621784789724,
        0.45069390943299864,
        0.30618621784789724,
        0.4289845892077917,
        0.4103690750748377,
        0.3486083443891982,
        0.30618621784789724,
        0.2795084971874737,
        0.3535533905932738,
        0.30618621784789724,
        0.30618621784789724,
        0.2795084971874737,
        0.3535533905932738,
        0.3535533905932738,
        0.39528470752104744
    ],
    [
        0.57282196186948,
        0.4330127018922193,
        0.39528470752104744,
        0.8660254037844386,
        0.46770717334674267,
        0.30618621784789724,
        0.46770717334674267,
        0.36324157862838946,
        0.4330127018922193,
        0.3535533905932738,
        0.5,
        0.3535533905932738,
        0.414578098794425,
        0.25495097567963926,
        0.414578098794425,
        0.46770717334674267,
        0.2795084971874737,
        0.0,
        0.39528470752104744,
        0.30618621784789724,
        0.33071891388307384,
        0.414578098794425,
        0.3535533905932738,
        0.39528470752104744,
        0.39528470752104744,
        0.13462912017836262,
        0.44095855184409843,
        0.33071891388307384,
        0.30618621784789724,
        0.5,
        0.15023130314433292,
        0.4841229182759271,
        0.414578098794425,
        0.375,
        0.5303300858899106,
        0.30618621784789724,
        0.3535533905932738,
        0.375,
        0.384147685720537,
        0.36324157862838946,
        0.26352313834736496,
        0.375,
        0.39528470752104744,
        0.4330127018922193,
        0.375,
        0.375,
        0.3535533905932738,
        0.4330127018922193,
        0.414578098794425,
        0.5
    ],
    [
        0.375,
        0.4330127018922193,
        0.3535533905932738,
        1.0897247358851685,
        0.45069390943299864,
        0.30618621784789724,
        0.25,
        0.27322660517925,
        0.4330127018922193,
        0.25,
        0.30618621784789724,
        0.30618621784789724,
        0.21650635094610965,
        0.406201920231798,
        0.625,
        0.25,
        0.2795084971874737,
        0.39528470752104744,
        0.0,
        0.25,
        0.33071891388307384,
        0.4330127018922193,
        0.1767766952966369,
        0.625,
        0.414578098794425,
        0.34369317712168795,
        0.5120085719768545,
        0.33071891388307384,
        0.30618621784789724,
        0.21650635094610965,
        0.4350127712046063,
        0.21650635094610965,
        0.39528470752104744,
        0.33071891388307384,
        0.39528470752104744,
        0.33071891388307384,
        0.5863019699779287,
        0.125,
        0.5605676686280713,
        0.5319643889501544,
        0.46955948623269356,
        0.125,
        0.2795084971874737,
        0.39528470752104744,
        0.125,
        0.125,
        0.25,
        0.21650635094610965,
        0.33071891388307384,
        0.30618621784789724
    ],
    [
        0.39528470752104744,
        0.3535533905932738,
        0.39528470752104744,
        1.0680004681646913,
        0.39528470752104744,
        0.1767766952966369,
        0.30618621784789724,
        0.3254270698294439,
        0.3535533905932738,
        0.1767766952966369,
        0.3535533905932738,
        0.25,
        0.2795084971874737,
        0.3201562118716424,
        0.5994789404140899,
        0.30618621784789724,
        0.21650635094610965,
        0.30618621784789724,
        0.25,
        0.0,
        0.21650635094610965,
        0.33071891388307384,
        0.1767766952966369,
        0.5863019699779287,
        0.30618621784789724,
        0.23584952830141506,
        0.4639803635691685,
        0.25,
        0.1767766952966369,
        0.3535533905932738,
        0.35600015605489715,
        0.3535533905932738,
        0.39528470752104744,
        0.2795084971874737,
        0.414578098794425,
        0.1767766952966369,
        0.5303300858899106,
        0.21650635094610965,
        0.5319643889501544,
        0.4859126579037751,
        0.4350127712046063,
        0.21650635094610965,
        0.25,
        0.3535533905932738,
        0.21650635094610965,
        0.21650635094610965,
        0.1767766952966369,
        0.2795084971874737,
        0.2795084971874737,
        0.3535533905932738
    ],
    [
        0.4841229182759271,
        0.33071891388307384,
        0.45069390943299864,
        1.0077822185373186,
        0.3535533905932738,
        0.21650635094610965,
        0.375,
        0.3908679799852858,
        0.375,
        0.21650635094610965,
        0.414578098794425,
        0.21650635094610965,
        0.30618621784789724,
        0.34369317712168795,
        0.5994789404140899,
        0.375,
        0.30618621784789724,
        0.33071891388307384,
        0.33071891388307384,
        0.21650635094610965,
        0.0,
        0.3535533905932738,
        0.2795084971874737,
        0.57282196186948,
        0.33071891388307384,
        0.2669269563007827,
        0.4805234414446165,
        0.30618621784789724,
        0.1767766952966369,
        0.375,
        0.37730771408905905,
        0.33071891388307384,
        0.33071891388307384,
        0.2795084971874737,
        0.5,
        0.1767766952966369,
        0.5590169943749475,
        0.30618621784789724,
        0.501733107449679,
        0.501733107449679,
        0.4350127712046063,
        0.30618621784789724,
        0.30618621784789724,
        0.3535533905932738,
        0.30618621784789724,
        0.30618621784789724,
        0.2795084971874737,
        0.3535533905932738,
        0.25,
        0.414578098794425
    ],
    [
        0.5994789404140899,
        0.2795084971874737,
        0.5590169943749475,
        1.0231690964840563,
        0.30618621784789724,
        0.2795084971874737,
        0.5,
        0.4805234414446165,
        0.2795084971874737,
        0.39528470752104744,
        0.5448623679425842,
        0.375,
        0.4330127018922193,
        0.29474565306378986,
        0.5590169943749475,
        0.5,
        0.39528470752104744,
        0.414578098794425,
        0.4330127018922193,
        0.33071891388307384,
        0.3535533905932738,
        0.0,
        0.39528470752104744,
        0.57282196186948,
        0.1767766952966369,
        0.3657184709581948,
        0.41036907507483766,
        0.39528470752104744,
        0.30618621784789724,
        0.4841229182759271,
        0.452615853800009,
        0.4841229182759271,
        0.414578098794425,
        0.30618621784789724,
        0.6123724356957945,
        0.30618621784789724,
        0.5994789404140899,
        0.39528470752104744,
        0.5170697352496191,
        0.452615853800009,
        0.5464532103585001,
        0.39528470752104744,
        0.375,
        0.30618621784789724,
        0.39528470752104744,
        0.39528470752104744,
        0.375,
        0.45069390943299864,
        0.375,
        0.5448623679425842
    ],
    [
        0.33071891388307384,
        0.39528470752104744,
        0.3535533905932738,
        1.14564392373896,
        0.4330127018922193,
        0.25,
        0.25,
        0.27322660517925,
        0.39528470752104744,
        0.1767766952966369,
        0.2795084971874737,
        0.30618621784789724,
        0.21650635094610965,
        0.3657184709581948,
        0.625,
        0.25,
        0.2795084971874737,
        0.3535533905932738,
        0.1767766952966369,
        0.1767766952966369,
        0.2795084971874737,
        0.39528470752104744,
        0.0,
        0.6123724356957945,
        0.3535533905932738,
        0.29474565306378986,
        0.4965156369922077,
        0.2795084971874737,
        0.25,
        0.30618621784789724,
        0.3974746672570607,
        0.2795084971874737,
        0.414578098794425,
        0.33071891388307384,
        0.3535533905932738,
        0.25,
        0.57282196186948,
        0.125,
        0.5605676686280713,
        0.5170697352496191,
        0.452615853800009,
        0.125,
        0.25,
        0.39528470752104744,
        0.125,
        0.125,
        0.1767766952966369,
        0.21650635094610965,
        0.2795084971874737,
        0.2795084971874737
    ],
    [
        0.7603453162872774,
        0.5863019699779287,
        0.5153882032022076,
        0.960143218483576,
        0.5863019699779287,
        0.5590169943749475,
        0.673145600891813,
        0.5319643889501544,
        0.5863019699779287,
        0.6123724356957945,
        0.7180703308172536,
        0.5994789404140899,
        0.649519052838329,
        0.39051248379533277,
        0.2795084971874737,
        0.673145600891813,
        0.5,
        0.39528470752104744,
        0.625,
        0.5863019699779287,
        0.57282196186948,
        0.57282196186948,
        0.6123724356957945,
        0.0,
        0.5590169943749475,
        0.41003048667141817,
        0.4859126579037751,
        0.5994789404140899,
        0.5590169943749475,
        0.673145600891813,
        0.3254270698294439,
        0.6614378277661477,
        0.6123724356957945,
        0.5590169943749475,
        0.6846531968814576,
        0.5590169943749475,
        0.33071891388307384,
        0.625,
        0.42898458920779164,
        0.34860834438919813,
        0.42898458920779164,
        0.625,
        0.625,
        0.5863019699779287,
        0.625,
        0.625,
        0.6123724356957945,
        0.649519052838329,
        0.5994789404140899,
        0.7180703308172536
    ],
    [
        0.5590169943749475,
        0.30618621784789724,
        0.5153882032022076,
        0.9682458365518543,
        0.30618621784789724,
        0.25,
        0.45069390943299864,
        0.44682522061515034,
        0.30618621784789724,
        0.3535533905932738,
        0.5,
        0.3535533905932738,
        0.414578098794425,
        0.2669269563007827,
        0.57282196186948,
        0.45069390943299864,
        0.375,
        0.39528470752104744,
        0.414578098794425,
        0.30618621784789724,
        0.33071891388307384,
        0.1767766952966369,
        0.3535533905932738,
        0.5590169943749475,
        0.0,
        0.34369317712168795,
        0.42898458920779164,
        0.375,
        0.25,
        0.45069390943299864,
        0.4350127712046063,
        0.46770717334674267,
        0.375,
        0.2795084971874737,
        0.5303300858899106,
        0.25,
        0.5994789404140899,
        0.375,
        0.501733107449679,
        0.452615853800009,
        0.5170697352496191,
        0.375,
        0.3535533905932738,
        0.33071891388307384,
        0.375,
        0.375,
        0.3535533905932738,
        0.414578098794425,
        0.33071891388307384,
        0.5
    ],
    [
        0.44300112866673375,
        0.38649062084350766,
        0.3344772040064913,
        0.9666307464590602,
        0.425,
        0.23584952830141506,
        0.38649062084350766,
        0.30799531020960547,
        0.38649062084350766,
        0.2669269563007827,
        0.406201920231798,
        0.29474565306378986,
        0.34369317712168795,
        0.21650635094610965,
        0.4286607049870562,
        0.38649062084350766,
        0.22912878474779197,
        0.13462912017836262,
        0.34369317712168795,
        0.23584952830141506,
        0.2669269563007827,
        0.3657184709581948,
        0.29474565306378986,
        0.41003048667141817,
        0.34369317712168795,
        0.0,
        0.415915990448926,
        0.3201562118716424,
        0.23584952830141506,
        0.406201920231798,
        0.13333333333333341,
        0.38649062084350766,
        0.406201920231798,
        0.3201562118716424,
        0.40233692348577704,
        0.23584952830141506,
        0.3699662146737186,
        0.3201562118716424,
        0.4171663670261276,
        0.34227587963188083,
        0.3096817362677008,
        0.3201562118716424,
        0.3201562118716424,
        0.3733296130767019,
        0.3201562118716424,
        0.3201562118716424,
        0.29474565306378986,
        0.3657184709581948,
        0.3657184709581948,
        0.406201920231798
    ],
    [
        0.7046472718869902,
        0.34860834438919813,
        0.5368374469468803,
        0.858980338670346,
        0.34860834438919813,
        0.42898458920779164,
        0.5559026693385972,
        0.5153882032022076,
        0.3004626062886657,
        0.4965156369922077,
        0.5965758776365148,
        0.4805234414446165,
        0.5416666666666666,
        0.39668767451373016,
        0.452615853800009,
        0.5559026693385972,
        0.45261585380000896,
        0.44095855184409843,
        0.5120085719768545,
        0.4639803635691685,
        0.4805234414446165,
        0.41036907507483766,
        0.4965156369922077,
        0.4859126579037751,
        0.42898458920779164,
        0.415915990448926,
        0.0,
        0.4805234414446165,
        0.42898458920779164,
        0.5965758776365148,
        0.44682522061515034,
        0.5559026693385972,
        0.4639803635691685,
        0.42898458920779164,
        0.6859199013814303,
        0.42898458920779164,
        0.5464532103585001,
        0.5120085719768545,
        0.4639803635691685,
        0.32808366141715883,
        0.5120085719768545,
        0.5120085719768545,
        0.5120085719768545,
        0.34860834438919813,
        0.5120085719768545,
        0.5120085719768545,
        0.4805234414446165,
        0.5416666666666666,
        0.5120085719768545,
        0.5965758776365148
    ],
    [
        0.5863019699779287,
        0.414578098794425,
        0.45069390943299864,
        1.015504800579495,
        0.414578098794425,
        0.2795084971874737,
        0.375,
        0.3908679799852858,
        0.414578098794425,
        0.30618621784789724,
        0.4330127018922193,
        0.33071891388307384,
        0.3535533905932738,
        0.38649062084350766,
        0.6123724356957945,
        0.375,
        0.30618621784789724,
        0.33071891388307384,
        0.33071891388307384,
        0.25,
        0.30618621784789724,
        0.39528470752104744,
        0.2795084971874737,
        0.5994789404140899,
        0.375,
        0.3201562118716424,
        0.4805234414446165,
        0.0,
        0.2795084971874737,
        0.3535533905932738,
        0.4166666666666667,
        0.3535533905932738,
        0.30618621784789724,
        0.30618621784789724,
        0.5994789404140899,
        0.2795084971874737,
        0.5863019699779287,
        0.30618621784789724,
        0.5170697352496191,
        0.501733107449679,
        0.4350127712046063,
        0.30618621784789724,
        0.33071891388307384,
        0.375,
        0.30618621784789724,
        0.30618621784789724,
        0.21650635094610965,
        0.3535533905932738,
        0.33071891388307384,
        0.4330127018922193
    ],
    [
        0.46770717334674267,
        0.30618621784789724,
        0.45069390943299864,
        1.0752906583803283,
        0.3535533905932738,
        0.0,
        0.375,
        0.3703414340548162,
        0.30618621784789724,
        0.21650635094610965,
        0.414578098794425,
        0.21650635094610965,
        0.30618621784789724,
        0.2669269563007827,
        0.57282196186948,
        0.375,
        0.2795084971874737,
        0.30618621784789724,
        0.30618621784789724,
        0.1767766952966369,
        0.1767766952966369,
        0.30618621784789724,
        0.25,
        0.5590169943749475,
        0.25,
        0.23584952830141506,
        0.42898458920779164,
        0.2795084971874737,
        0.0,
        0.4330127018922193,
        0.35600015605489715,
        0.375,
        0.3535533905932738,
        0.21650635094610965,
        0.4841229182759271,
        0.0,
        0.5863019699779287,
        0.2795084971874737,
        0.501733107449679,
        0.452615853800009,
        0.4350127712046063,
        0.2795084971874737,
        0.2795084971874737,
        0.30618621784789724,
        0.2795084971874737,
        0.2795084971874737,
        0.25,
        0.33071891388307384,
        0.33071891388307384,
        0.414578098794425
    ],
    [
        0.2795084971874737,
        0.4841229182759271,
        0.2795084971874737,
        1.25,
        0.5303300858899106,
        0.39528470752104744,
        0.125,
        0.24295632895188748,
        0.4841229182759271,
        0.39528470752104744,
        0.1767766952966369,
        0.375,
        0.25,
        0.47696960070847283,
        0.673145600891813,
        0.125,
        0.3535533905932738,
        0.5,
        0.21650635094610965,
        0.3535533905932738,
        0.375,
        0.4841229182759271,
        0.30618621784789724,
        0.673145600891813,
        0.45069390943299864,
        0.406201920231798,
        0.5965758776365148,
        0.3535533905932738,
        0.4330127018922193,
        0.0,
        0.4859126579037751,
        0.1767766952966369,
        0.4841229182759271,
        0.414578098794425,
        0.30618621784789724,
        0.45069390943299864,
        0.6123724356957945,
        0.25,
        0.6137883276106765,
        0.5877806658194119,
        0.5605676686280713,
        0.25,
        0.3535533905932738,
        0.4841229182759271,
        0.25,
        0.25,
        0.2795084971874737,
        0.1767766952966369,
        0.33071891388307384,
        0.1767766952966369
    ],
    [
        0.5170697352496191,
        0.46955948623269356,
        0.34105636549468543,
        0.9780578828587919,
        0.501733107449679,
        0.35600015605489715,
        0.46955948623269356,
        0.3486083443891982,
        0.46955948623269356,
        0.37730771408905905,
        0.4859126579037751,
        0.4166666666666667,
        0.4350127712046063,
        0.25426910503987266,
