[
    [
        0.0,
        1.6634961339766026,
        0.7140624651118644,
        1.127265293006188,
        1.3477115902938004,
        1.2670218576469399,
        0.7779650325282843,
        1.2360187486194434,
        1.3833236004903076,
        1.3771272968889747,
        1.2108670362974776,
        1.3426149097631708,
        1.2051917875997824,
        1.3233865802615372,
        1.8078097301453386,
        1.238853362210889,
        1.4929682118627485,
        1.3073575155516517,
        1.479019945774904,
        1.2272158218786897,
        1.2885633116627468,
        1.1491178959425834,
        1.2660953554055836,
        1.0929388391499542,
        1.0587042041272596,
        1.200850039066715,
        1.2101792140665488,
        1.2582353433035975,
        0.9357551790409929,
        1.1472818611545468,
        1.0483797292438184,
        0.8599285091310364,
        1.0666560373620058,
        1.1165752830919156,
        0.9749738353370497,
        1.1643295346705427,
        1.217563852409342,
        1.190416665178497,
        1.2256558011355156,
        1.3909989640232776,
        1.1416008720303292,
        1.201481865643168,
        1.1877349391654206,
        1.48930902878481,
        1.5164110758697351,
        1.130905387494839,
        1.1779435556970304,
        1.2188726390415372,
        1.0781042034373984,
        0.8019825561744864
    ],
    [
        1.6634961339766026,
        0.0,
        1.4523687548277813,
        1.2183492931011204,
        1.1524430571616109,
        1.2313610356024751,
        1.2808688457449497,
        1.286953767623375,
        1.3975424859373686,
        1.2502499750049987,
        1.5268640330789787,
        1.25,
        1.14564392373896,
        1.1537980759214326,
        1.4469796128487782,
        1.0255038582400877,
        1.224744871391589,
        1.1319231422671772,
        1.3286482312670196,
        1.1388041973930374,
        1.103970108290981,
        1.2930100540985752,
        1.224744871391589,
        1.243734296383275,
        1.2183492931011204,
        1.2134661099511597,
        1.3261525385699624,
        1.2126360175712707,
        1.2374368670764582,
        1.1770372409854613,
        1.2219065248845984,
        1.3806701271484076,
        1.2183492931011204,
        1.2219065248845984,
        1.2747548783981961,
        1.2389511693363868,
        1.159202311936963,
        1.1110243021644486,
        1.159202311936963,
        1.0720566941890506,
        1.159202311936963,
        1.352081728298996,
        1.2183492931011204,
        1.1426091000668408,
        1.2262748468430722,
        1.3023749673406486,
        1.2884098726725126,
        1.165922381636102,
        1.159202311936963,
        1.3693063937629153
    ],
    [
        0.7140624651118644,
        1.4523687548277813,
        0.0,
        0.9519716382329886,
        1.0680004681646913,
        1.0065411069598698,
        0.82915619758885,
        1.165922381636102,
        1.14564392373896,
        1.0219466717984849,
        0.5661024101481199,
        1.0680004681646913,
        0.875,
        1.133026919362466,
        1.7001838135919305,
        1.0057234171663374,
        1.352081728298996,
        1.0752906583803283,
        1.3697720650546505,
        0.9682458365518543,
        1.0680004681646913,
        0.8660254037844386,
        1.1110243021644486,
        0.8003905296791061,
        0.9354143466934853,
        0.8764274071479052,
        0.9956502621123767,
        0.8239049972202162,
        0.5590169943749475,
        0.9052317076000179,
        0.8047169964928319,
        0.5863019699779287,
        0.8003905296791061,
        0.689706056551952,
        0.9100137361600648,
        0.8789197915623472,
        1.0231690964840563,
        0.9762812094883317,
        0.9519716382329886,
        1.1554520519885039,
        0.82915619758885,
        1.0680004681646913,
        0.875,
        1.2835768167291135,
        1.2695963925594622,
        0.8239049972202162,
        1.0784827305061495,
        0.8385254915624212,
        0.82915619758885,
        0.6123724356957945
    ],
    [
        1.127265293006188,
        1.2183492931011204,
        0.9519716382329886,
        0.0,
        1.103970108290981,
        1.132199187422425,
        0.8003905296791061,
        1.2183492931011204,
        1.0968705484240153,
        1.0828203913853858,
        0.8753643556268674,
        0.960143218483576,
        0.875,
        0.9807522622966516,
        1.5258194519667128,
        0.9211585983234951,
        1.118033988749895,
        0.9013878188659973,
        1.2393680499614739,
        0.9354143466934853,
        0.875,
        0.9519716382329886,
        1.0458250331675945,
        0.7806247497997998,
        0.9100137361600648,
        0.8975661535508122,
        0.9727181274940627,
        0.8670271686118671,
        0.8100925873009825,
        0.8670271686118671,
        0.8579691784155834,
        0.7806247497997998,
        0.8660254037844386,
        0.8488145328109735,
        0.9762812094883317,
        0.9374166629626337,
        0.9762812094883317,
        0.8926785535678563,
        0.875,
        1.0614782669047498,
        0.8003905296791061,
        0.9921567416492215,
        1.0383279828647594,
        1.1531960419248373,
        1.1562331079847177,
        0.9363418772601764,
        0.986154146165801,
        0.7905694150420949,
        0.9013878188659973,
        1.0
    ],
    [
        1.3477115902938004,
        1.1524430571616109,
        1.0680004681646913,
        1.103970108290981,
        0.0,
        1.0784827305061495,
        0.9762812094883317,
        1.015504800579495,
        0.9762812094883317,
        1.0188841936157416,
        1.1607142857142856,
        1.0,
        0.9762812094883317,
        0.9711462299777516,
        1.4252192813739224,
        0.875182196774489,
        0.9682458365518543,
        1.0532687216470449,
        1.1225881175358365,
        0.9270248108869579,
        0.8926785535678563,
        1.0606601717798212,
        0.8926785535678563,
        1.0,
        0.9762812094883317,
        0.8989577298182602,
        1.0647443615983865,
        0.9833686434338289,
        0.9437293044088437,
        1.0290907529357056,
        0.8640183897219884,
        1.0307764064044151,
        1.0752906583803283,
        0.950146187582615,
        0.9270248108869579,
        1.0219466717984849,
        0.9185586535436918,
        0.9519716382329886,
        0.9682458365518543,
        0.9982623792259117,
        0.9270248108869579,
        1.165922381636102,
        0.8660254037844386,
        1.0590220855949029,
        0.9370832406995656,
        0.9904053603337261,
        0.9,
        1.0383279828647594,
        0.9354143466934853,
        1.0532687216470449
    ],
    [
        1.2670218576469399,
        1.2313610356024751,
        1.0065411069598698,
        1.132199187422425,
        1.0784827305061495,
        0.0,
        1.159471862530523,
        0.9971835337589565,
        0.9653367288153911,
        0.8477912478906585,
        1.1578756498036236,
        1.1992184955211456,
        1.1042531412678886,
        1.0732543966832842,
        1.35,
        0.9567096567647567,
        1.025,
        1.0971554128745844,
        1.2010518349363952,
        0.8792752697534487,
        1.118313462317252,
        0.9069178573608527,
        1.16619037896906,
        1.132199187422425,
        1.1042531412678886,
        0.9344115795515379,
        0.9753560603412706,
        0.9307255234493143,
        1.031079531365064,
        0.9482806077902843,
        0.8559027073473038,
        1.1113055385446433,
        1.0609547586961472,
        0.9344487382646757,
        0.9374166629626337,
        0.852936105461599,
        1.132199187422425,
        1.0755812382149477,
        1.1390785749894516,
        0.9316577220799016,
        1.118313462317252,
        0.9490126448051154,
        0.8351646544245033,
        1.0744507640857464,
        1.0761621625015445,
        0.999096814350063,
        0.9400797838481583,
        0.9717895862788405,
        0.9424038412485382,
        0.8982622111610841
    ],
    [
        0.7779650325282843,
        1.2808688457449497,
        0.82915619758885,
        0.8003905296791061,
        0.9762812094883317,
        1.159471862530523,
        0.0,
        1.0825317547305484,
        1.2054563451241194,
        1.2439855304624727,
        1.0101525445522108,
        1.1319231422671772,
        0.9437293044088437,
        1.019803902718557,
        1.6007810593582121,
        0.9462600928208408,
        1.192424001771182,
        0.9762812094883317,
        1.2133662485256562,
        0.9682458365518543,
        0.8926785535678563,
        1.0680004681646913,
        1.0077822185373186,
        0.9013878188659973,
        0.9354143466934853,
        1.0021851126413723,
        1.016359243137539,
        1.0008676791220261,
        0.8003905296791061,
        0.9195031871130797,
        0.8579691784155834,
        0.7071067811865476,
        0.8477912478906585,
        0.9363418772601764,
        0.9013878188659973,
        1.0476163419878481,
        0.9354143466934853,
        0.9762812094883317,
        1.0231690964840563,
        1.1464013743498005,
        0.82915619758885,
        1.0825317547305484,
        1.0077822185373186,
        1.1395661942647786,
        1.1811011811017718,
        0.9195031871130797,
        0.986154146165801,
        1.0383279828647594,
        0.9682458365518543,
        0.8926785535678563
    ],
    [
        1.2360187486194434,
        1.286953767623375,
        1.165922381636102,
        1.2183492931011204,
        1.015504800579495,
        0.9971835337589565,
        1.0825317547305484,
        0.0,
        1.0897247358851685,
        1.035615758860399,
        1.342852393608623,
        1.2374368670764582,
        1.1792476415070754,
        1.0816653826391969,
        1.352081728298996,
        1.039555684130563,
        1.0825317547305484,
        1.1792476415070754,
        1.16947245214521,
        1.0307764064044151,
        1.0825317547305484,
        1.0897247358851685,
        1.0825317547305484,
        1.243734296383275,
        1.1726039399558574,
        1.137156541554416,
        1.1063265039459795,
        1.0913167378090662,
        1.165922381636102,
        1.0809268142560706,
        0.9547032697824667,
        1.1726039399558574,
        1.2054563451241194,
        1.0590220855949029,
        0.960143218483576,
        1.0431323022512533,
        1.1726039399558574,
        1.2930100540985752,
        1.25,
        1.0736748938937604,
        1.0968705484240153,
        1.1524430571616109,
        0.9013878188659973,
        1.0257111354242643,
        1.164313102219502,
        0.9547032697824667,
        0.9692135987490064,
        1.165922381636102,
        1.0383279828647594,
        0.9519716382329886
    ],
    [
        1.3833236004903076,
        1.3975424859373686,
        1.14564392373896,
        1.0968705484240153,
        0.9762812094883317,
        0.9653367288153911,
        1.2054563451241194,
        1.0897247358851685,
        0.0,
        0.9971835337589565,
        1.2343406899132467,
        1.0231690964840563,
        1.0606601717798212,
        1.0289557813628338,
        1.505199322349037,
        1.0281435121774845,
        1.0532687216470449,
        1.1110243021644486,
        1.1776240781283962,
        0.8838834764831844,
        1.125,
        0.9921567416492215,
        1.1319231422671772,
        1.103970108290981,
        1.0968705484240153,
        1.0520812706250406,
        0.9982623792259117,
        0.950146187582615,
        1.118033988749895,
        1.0137937550497031,
        0.8270597183866336,
        1.1726039399558574,
        1.14564392373896,
        0.950146187582615,
        1.015504800579495,
        0.8895223437328598,
        1.14564392373896,
        1.0968705484240153,
        1.165922381636102,
        1.0663736576724772,
        1.14564392373896,
        0.9762812094883317,
        0.9270248108869579,
        1.1975089885999928,
        1.0059199769365355,
        0.9664511253952668,
        1.0505950694725348,
        1.0825317547305484,
        1.0231690964840563,
        1.0307764064044151
    ],
    [
        1.3771272968889747,
        1.2502499750049987,
        1.0219466717984849,
        1.0828203913853858,
        1.0188841936157416,
        0.8477912478906585,
        1.2439855304624727,
        1.035615758860399,
        0.9971835337589565,
        0.0,
        1.164055630201616,
        1.132199187422425,
        1.023474474522936,
        1.1464619487798102,
        1.4287232062229547,
        0.930177183033821,
        1.062426468043789,
        1.16619037896906,
        1.2331465890980202,
        0.9256754290786808,
        1.12527774349269,
        0.8536685539481936,
        1.17287041057399,
        1.0682930309610748,
        1.159471862530523,
        0.95524865872714,
        0.9260504545889735,
        0.8659853090876054,
        0.9766012492312305,
        0.9061518146045457,
        0.8916666666666667,
        1.1795126112085448,
        1.0461237976453839,
        0.7894266555193361,
        0.9205976319760985,
        0.8620469824783334,
        1.1795126112085448,
        1.0971554128745844,
        1.0971554128745844,
        0.9673130023133384,
        1.1113055385446433,
        0.9653367288153911,
        0.8351646544245033,
        1.1031520495581941,
        1.0338036564067667,
        0.9003857198137054,
        0.9493418773023762,
        0.9473647660748208,
        0.9669539802906858,
        0.9069178573608527
    ],
    [
        1.2108670362974776,
        1.5268640330789787,
        0.5661024101481199,
        0.8753643556268674,
        1.1607142857142856,
        1.1578756498036236,
        1.0101525445522108,
        1.342852393608623,
        1.2343406899132467,
        1.164055630201616,
        0.0,
        1.0538740485485358,
        0.90403714706051,
        1.0772520312236642,
        1.7693896676307248,
        1.0307764064044151,
        1.294981482808278,
        1.1337527985249984,
        1.4753501832667748,
        1.00063755186585,
        1.1409023460688064,
        0.9304582478652161,
        1.1115981783918512,
        0.7162918257189849,
        1.0332482958206737,
        0.959020014262008,
        1.021731001958349,
        0.7885051444421852,
        0.6283075744913993,
        0.9909954568336085,
        0.8670884635538164,
        0.7321428571428572,
        0.8413727849564104,
        0.7239915967741245,
        0.9501275424587876,
        0.8616621929119773,
        1.0721723608770053,
        0.9112393444409339,
        0.83088500886656,
        1.1811089805925112,
        0.9131619768246855,
        1.0766243067844898,
        1.0041368513935391,
        1.3938615629571476,
        1.3320327415231938,
        0.9696901754071655,
        1.2679024136786885,
        0.7867282418539532,
        0.9364364715804925,
        0.8352868259661785
    ],
    [
        1.3426149097631708,
        1.25,
        1.0680004681646913,
        0.960143218483576,
        1.0,
        1.1992184955211456,
        1.1319231422671772,
        1.2374368670764582,
        1.0231690964840563,
        1.132199187422425,
        1.0538740485485358,
        0.0,
        0.9437293044088437,
        1.0056092680559383,
        1.595893166850463,
        0.9379675704763497,
        1.1792476415070754,
        1.0231690964840563,
        1.1679718161262738,
        0.9185586535436918,
        0.9762812094883317,
        1.0752906583803283,
        1.0077822185373186,
        1.0,
        0.960143218483576,
        1.019803902718557,
        1.0573814617041266,
        0.9851325347947408,
        0.9519716382329886,
        0.9930312739844155,
        0.8799463367476198,
        1.0383279828647594,
        0.960143218483576,
        0.980716857994985,
        1.0606601717798212,
        0.9620940702446928,
        1.0458250331675945,
        0.875,
        0.9437293044088437,
        1.1078946500256943,
        1.0,
        1.1524430571616109,
        1.0307764064044151,
        1.1895085353016832,
        1.019803902718557,
        0.9965217285917832,
        1.1127106542133944,
        0.9437293044088437,
        0.9842509842514764,
        1.0752906583803283
    ],
    [
        1.2051917875997824,
        1.14564392373896,
        0.875,
        0.875,
        0.9762812094883317,
        1.1042531412678886,
        0.9437293044088437,
        1.1792476415070754,
        1.0606601717798212,
        1.023474474522936,
        0.90403714706051,
        0.9437293044088437,
        0.0,
        1.05,
        1.5155444566227676,
        0.7935887872603204,
        1.1524430571616109,
        0.9013878188659973,
        1.2133662485256562,
        0.9270248108869579,
        0.8926785535678563,
        1.0383279828647594,
        0.8385254915624212,
        0.7806247497997998,
        0.770551750371122,
        0.8792752697534487,
        0.9109671295448103,
        0.9023503261544882,
        0.75,
        0.9363418772601764,
        0.8670271686118671,
        0.7603453162872774,
        0.8003905296791061,
        0.8302024518821365,
        0.9354143466934853,
        0.9620940702446928,
        0.8569568250501305,
        0.8477912478906585,
        0.8660254037844386,
        0.9691419458010839,
        0.7806247497997998,
        1.0680004681646913,
        0.9842509842514764,
        1.0976616560266244,
        1.0419332992087353,
        0.9023503261544882,
        1.0173494974687902,
        0.8385254915624212,
        0.9185586535436918,
        0.9921567416492215
    ],
    [
        1.3233865802615372,
        1.1537980759214326,
        1.133026919362466,
        0.9807522622966516,
        0.9711462299777516,
        1.0732543966832842,
        1.019803902718557,
        1.0816653826391969,
        1.0289557813628338,
        1.1464619487798102,
        1.0772520312236642,
        1.0056092680559383,
        1.05,
        0.0,
        1.4330910647966513,
        0.9205075685041756,
        1.0304731922762476,
        1.0108783309577865,
        1.0493316629052563,
        0.9607939425287818,
        0.9062284480195929,
        0.9810708435174292,
        1.0121141239998581,
        0.9151502608861564,
        0.9646890690787369,
        1.0865656906050365,
        1.0690078473883051,
        0.9770633437898373,
        1.0425329730996522,
        1.0242205708624377,
        0.8851004337236412,
        1.05,
        1.0043654713300334,
        1.0010758102050903,
        0.9516433155337141,
        0.9562295749452638,
        1.05,
        0.9483538369195329,
        0.972753822917186,
        0.976743455456845,
        0.9646890690787369,
        1.036520622081394,
        0.9513148795220224,
        1.0010758102050903,
        1.114955156048888,
        1.0010758102050903,
        1.0647769719523428,
        0.9724325169388363,
        0.9627434756984854,
        1.0362190888031353
    ],
    [
        1.8078097301453386,
        1.4469796128487782,
        1.7001838135919305,
        1.5258194519667128,
        1.4252192813739224,
        1.35,
        1.6007810593582121,
        1.352081728298996,
        1.505199322349037,
        1.4287232062229547,
        1.7693896676307248,
        1.595893166850463,
        1.5155444566227676,
        1.4330910647966513,
        0.0,
        1.3557323497215932,
        1.3228756555322954,
        1.4415703243338496,
        1.4456567605720783,
        1.334634781503914,
        1.4361406616345072,
        1.489546910976623,
        1.5103807466993215,
        1.6105123408406408,
        1.5,
        1.4935277031243845,
        1.4831226442131404,
        1.4619003994040694,
        1.6298006013006623,
        1.4619003994040694,
        1.4883809249576458,
        1.6909686573085854,
        1.5206906325745548,
        1.5297966458904848,
        1.4842927608797396,
        1.5136875503220604,
        1.5103807466993215,
        1.505199322349037,
        1.5512092057488571,
        1.2486103386476415,
        1.5461646096066226,
        1.4469796128487782,
        1.4086784586980805,
        1.2795127110653406,
        1.4603081866510235,
        1.4403655014536336,
        1.3955285736952863,
        1.4630874888399532,
        1.4577379737113252,
        1.5206906325745548
    ],
    [
        1.238853362210889,
        1.0255038582400877,
        1.0057234171663374,
        0.9211585983234951,
        0.875182196774489,
        0.9567096567647567,
        0.9462600928208408,
        1.039555684130563,
        1.0281435121774845,
        0.930177183033821,
        1.0307764064044151,
        0.9379675704763497,
        0.7935887872603204,
        0.9205075685041756,
        1.3557323497215932,
        0.0,
        0.9393264521312435,
        0.8777289805317505,
        1.0847387534633885,
        0.8636287349531248,
        0.7531820253201122,
        0.9066787339132931,
        0.9042134929408688,
        0.8597430798007659,
        0.8689660757568886,
        0.8460291402324445,
        0.9131231758313677,
        0.8550528421166679,
        0.8130394598451579,
        0.8598873060688371,
        0.8037257347437261,
        0.938307475387118,
        0.7935887872603204,
        0.8321845823723977,
        0.8965993007595138,
        0.8904180971628453,
        0.8506075259867538,
        0.8506075259867538,
        0.8867649298525098,
        0.8756881000253898,
        0.8231736122582936,
        1.0014339209149965,
        0.8187066704534035,
        0.9465595896135343,
        0.97186177315627,
        0.9276743224462329,
        0.9782976676506043,
        0.8083193069825911,
        0.8341407652947617,
        0.9070303642285924
    ],
    [
        1.4929682118627485,
        1.224744871391589,
        1.352081728298996,
        1.118033988749895,
        0.9682458365518543,
        1.025,
        1.192424001771182,
        1.0825317547305484,
        1.0532687216470449,
        1.062426468043789,
        1.294981482808278,
        1.1792476415070754,
        1.1524430571616109,
        1.0304731922762476,
        1.3228756555322954,
        0.9393264521312435,
        0.0,
        1.1388041973930374,
        1.1693361102674928,
        0.9842509842514764,
        1.0968705484240153,
        1.0458250331675945,
        1.0968705484240153,
        1.1792476415070754,
        1.1388041973930374,
        1.0857025375304232,
        1.125771340508858,
        1.016359243137539,
        1.159202311936963,
        1.0391636594449938,
        1.0316182002616623,
        1.1858541225631423,
        1.25,
        1.1395661942647786,
        1.0752906583803283,
        1.031079531365064,
        1.0825317547305484,
        1.1319231422671772,
        1.1319231422671772,
        1.0391636594449938,
        1.0968705484240153,
        1.159202311936963,
        1.0077822185373186,
        1.016359243137539,
        1.0677078252031311,
        1.0466547239233726,
        1.000312451187128,
        1.0752906583803283,
        1.0532687216470449,
        1.1726039399558574
    ],
    [
        1.3073575155516517,
        1.1319231422671772,
        1.0752906583803283,
        0.9013878188659973,
        1.0532687216470449,
        1.0971554128745844,
        0.9762812094883317,
        1.1792476415070754,
        1.1110243021644486,
        1.16619037896906,
        1.1337527985249984,
        1.0231690964840563,
        0.9013878188659973,
        1.0108783309577865,
        1.4415703243338496,
        0.8777289805317505,
        1.1388041973930374,
        0.0,
        1.1271238455756787,
        0.9437293044088437,
        0.9762812094883317,
        1.015504800579495,
        1.015504800579495,
        0.9185586535436918,
        0.875,
        1.0043654713300334,
        1.034978529031185,
        0.9363418772601764,
        0.9682458365518543,
        0.8848650242331376,
        1.004330899432829,
        0.960143218483576,
        0.8838834764831844,
        0.9886508764753894,
        1.0383279828647594,
        1.0096410253154338,
        0.9921567416492215,
        0.9354143466934853,
        0.9519716382329886,
        0.952883052169106,
        0.9185586535436918,
        1.0752906583803283,
        0.9842509842514764,
        1.1326897682556822,
        1.0902981243678262,
        0.9483172230617535,
        1.1127106542133944,
        0.9013878188659973,
        0.9921567416492215,
        1.125
    ],
    [
        1.479019945774904,
        1.3286482312670196,
        1.3697720650546505,
        1.2393680499614739,
        1.1225881175358365,
        1.2010518349363952,
        1.2133662485256562,
        1.16947245214521,
        1.1776240781283962,
        1.2331465890980202,
        1.4753501832667748,
        1.1679718161262738,
        1.2133662485256562,
        1.0493316629052563,
        1.4456567605720783,
        1.0847387534633885,
        1.1693361102674928,
        1.1271238455756787,
        0.0,
        1.0831207274371963,
        1.0696413665622813,
        1.138384103607802,
        1.1471737675963587,
        1.2451436274828798,
        1.112601749531801,
        1.116846873468118,
        1.1904613094308023,
        1.1787367608902009,
        1.1873321578485208,
        0.9900833412777619,
        1.0435866659035562,
        1.300387501116965,
        1.2761299514787765,
        1.219279530581952,
        1.1146061810233738,
        1.1098699133185816,
        1.0330939760086233,
        1.091332970756966,
        1.2514022746747844,
        1.153426449192208,
        1.167425652048654,
        1.2307186385794842,
        1.0608104814485104,
        1.1802086992121965,
        1.1027678535283436,
        1.1999031517985712,
        1.1028083353374674,
        1.248340735471183,
        1.1535493142506579,
        1.2433496561092292
    ],
    [
        1.2272158218786897,
        1.1388041973930374,
        0.9682458365518543,
        0.9354143466934853,
        0.9270248108869579,
        0.8792752697534487,
        0.9682458365518543,
        1.0307764064044151,
        0.8838834764831844,
        0.9256754290786808,
        1.00063755186585,
        0.9185586535436918,
        0.9270248108869579,
        0.9607939425287818,
        1.334634781503914,
        0.8636287349531248,
        0.9842509842514764,
        0.9437293044088437,
        1.0831207274371963,
        0.0,
        0.960143218483576,
        0.770551750371122,
        0.9682458365518543,
        0.9270248108869579,
        0.9921567416492215,
        0.7822243923581008,
        0.7872684844871326,
        0.8047169964928319,
        0.8569568250501305,
        0.8426561840065285,
        0.8260094833999587,
        0.960143218483576,
        0.8926785535678563,
        0.8354140689901426,
        0.8926785535678563,
        0.7814249804043891,
        0.9842509842514764,
        0.9270248108869579,
        0.9437293044088437,
        0.8769818824937162,
        0.9013878188659973,
        0.9100137361600648,
        0.8100925873009825,
        1.0206207261596574,
        0.9855201672213512,
        0.7569125885243729,
        0.992786482583239,
        0.875,
        0.8477912478906585,
        0.8926785535678563
    ],
    [
        1.2885633116627468,
        1.103970108290981,
        1.0680004681646913,
        0.875,
        0.8926785535678563,
        1.118313462317252,
        0.8926785535678563,
        1.0825317547305484,
        1.125,
        1.12527774349269,
        1.1409023460688064,
        0.9762812094883317,
        0.8926785535678563,
        0.9062284480195929,
        1.4361406616345072,
        0.7531820253201122,
        1.0968705484240153,
        0.9762812094883317,
        1.0696413665622813,
        0.960143218483576,
        0.0,
        1.103970108290981,
        0.9354143466934853,
        0.9682458365518543,
        0.9013878188659973,
        0.8891709621889371,
        1.0466547239233726,
        0.9965217285917832,
        0.8569568250501305,
        0.9691419458010839,
        0.952883052169106,
        0.9354143466934853,
        0.960143218483576,
        0.952883052169106,
        0.9842509842514764,
        1.040132203135736,
        0.9519716382329886,
        0.9100137361600648,
        0.9185586535436918,
        0.9851325347947408,
        0.81967981553775,
        1.1319231422671772,
        0.9842509842514764,
        0.9930312739844155,
        1.0201102881551583,
        1.0008676791220261,
        1.0173494974687902,
        0.9519716382329886,
        0.9519716382329886,
        1.125
    ],
    [
        1.1491178959425834,
        1.2930100540985752,
        0.8660254037844386,
        0.9519716382329886,
        1.0606601717798212,
        0.9069178573608527,
        1.0680004681646913,
        1.0897247358851685,
        0.9921567416492215,
        0.8536685539481936,
        0.9304582478652161,
        1.0752906583803283,
        1.0383279828647594,
        0.9810708435174292,
        1.489546910976623,
        0.9066787339132931,
        1.0458250331675945,
        1.015504800579495,
        1.138384103607802,
        0.770551750371122,
        1.103970108290981,
        0.0,
        1.0231690964840563,
        0.9354143466934853,
        0.9762812094883317,
        0.8173891362135908,
        0.7795119555779045,
        0.7264831572567789,
        0.9185586535436918,
        0.8457409637576849,
        0.7488416981504762,
        0.9013878188659973,
        1.0231690964840563,
        0.705878097754059,
        0.8385254915624212,
        0.8066132902450839,
        0.9519716382329886,
        1.0,
        0.9682458365518543,
        0.9344858955002419,
        0.9100137361600648,
        0.9185586535436918,
        0.739509972887452,
        1.0524442450262574,
        1.036520622081394,
        0.846766726370899,
        0.9896337706444743,
        0.8838834764831844,
        0.8477912478906585,
        0.770551750371122
    ],
    [
        1.2660953554055836,
        1.224744871391589,
        1.1110243021644486,
        1.0458250331675945,
        0.8926785535678563,
        1.16619037896906,
        1.0077822185373186,
        1.0825317547305484,
        1.1319231422671772,
        1.17287041057399,
        1.1115981783918512,
        1.0077822185373186,
        0.8385254915624212,
        1.0121141239998581,
        1.5103807466993215,
        0.9042134929408688,
        1.0968705484240153,
        1.015504800579495,
        1.1471737675963587,
        0.9682458365518543,
        0.9354143466934853,
        1.0231690964840563,
        0.0,
        0.9682458365518543,
        0.9185586535436918,
        0.9836157786453001,
        0.9446486707295528,
        1.0008676791220261,
        0.8926785535678563,
        1.0466547239233726,
        0.9023503261544882,
        0.8569568250501305,
        0.9437293044088437,
        0.961046882889233,
        0.8926785535678563,
        0.9940447676035522,
        0.8477912478906585,
        0.9100137361600648,
        0.9270248108869579,
        1.0391636594449938,
        0.81967981553775,
        1.1388041973930374,
        0.9354143466934853,
        1.125771340508858,
        1.1104616157256404,
        0.952883052169106,
        1.0550473923004597,
        0.9842509842514764,
        0.9013878188659973,
        1.0752906583803283
    ],
    [
        1.0929388391499542,
        1.243734296383275,
        0.8003905296791061,
        0.7806247497997998,
        1.0,
        1.132199187422425,
        0.9013878188659973,
        1.243734296383275,
        1.103970108290981,
        1.0682930309610748,
        0.7162918257189849,
        1.0,
        0.7806247497997998,
        0.9151502608861564,
        1.6105123408406408,
        0.8597430798007659,
        1.1792476415070754,
        0.9185586535436918,
        1.2451436274828798,
        0.9270248108869579,
        0.9682458365518543,
        0.9354143466934853,
        0.9682458365518543,
        0.0,
        0.8838834764831844,
        0.9209370228196931,
        0.9195031871130797,
        0.8207381501496754,
        0.770551750371122,
        0.9023503261544882,
        0.8207381501496754,
        0.6959705453537527,
        0.7603453162872774,
        0.7300589778306347,
        0.8838834764831844,
        0.9205976319760985,
        0.9354143466934853,
        0.82915619758885,
        0.7288689868556626,
        1.0391636594449938,
        0.75,
        1.0458250331675945,
        0.9100137361600648,
        1.1733439866940603,
        1.1543396380615196,
        0.8488145328109735,
        1.077032961426901,
        0.7180703308172536,
        0.8926785535678563,
        0.9682458365518543
    ],
    [
        1.0587042041272596,
        1.2183492931011204,
        0.9354143466934853,
        0.9100137361600648,
        0.9762812094883317,
        1.1042531412678886,
        0.9354143466934853,
        1.1726039399558574,
        1.0968705484240153,
        1.159471862530523,
        1.0332482958206737,
        0.960143218483576,
        0.770551750371122,
        0.9646890690787369,
        1.5,
        0.8689660757568886,
        1.1388041973930374,
        0.875,
        1.112601749531801,
        0.9921567416492215,
        0.9013878188659973,
        0.9762812094883317,
        0.9185586535436918,
        0.8838834764831844,
        0.0,
        0.8993052874302475,
        0.8848650242331376,
        0.9195031871130797,
        0.82915619758885,
        0.8848650242331376,
        0.8488145328109735,
        0.8569568250501305,
        0.82915619758885,
        0.9195031871130797,
        0.8926785535678563,
        0.9701803955966127,
        0.875,
        0.9185586535436918,
        0.8926785535678563,
        0.9691419458010839,
        0.8385254915624212,
        1.0968705484240153,
        0.9437293044088437,
        1.1395661942647786,
        1.036520622081394,
        0.8579691784155834,
        1.0173494974687902,
        0.875,
        0.9270248108869579,
        1.015504800579495
    ],
    [
        1.200850039066715,
        1.2134661099511597,
        0.8764274071479052,
        0.8975661535508122,
        0.8989577298182602,
        0.9344115795515379,
        1.0021851126413723,
        1.137156541554416,
        1.0520812706250406,
        0.95524865872714,
        0.959020014262008,
        1.019803902718557,
        0.8792752697534487,
        1.0865656906050365,
        1.4935277031243845,
        0.8460291402324445,
        1.0857025375304232,
        1.0043654713300334,
        1.116846873468118,
        0.7822243923581008,
        0.8891709621889371,
        0.8173891362135908,
        0.9836157786453001,
        0.9209370228196931,
        0.8993052874302475,
        0.0,
        0.875238062852997,
        0.751433814635579,
        0.6928203230275509,
        0.850530879967199,
        0.8199339404285364,
        0.9483538369195329,
        0.8429857650043683,
        0.8353309390761112,
        0.8381527307120105,
        0.792543374207368,
        0.9886859966642595,
        0.8437268515343103,
        0.9420721840708387,
        1.0079889218967968,
        0.9062284480195929,
        0.8993052874302475,
        0.8173891362135908,
        1.1251851699461146,
        0.9842509842514764,
        0.8387739067631198,
        0.9539392014169457,
        0.8231038816577164,
        0.8764274071479052,
        0.9165151389911681
    ],
    [
        1.2101792140665488,
        1.3261525385699624,
        0.9956502621123767,
        0.9727181274940627,
        1.0647443615983865,
        0.9753560603412706,
        1.016359243137539,
        1.1063265039459795,
        0.9982623792259117,
        0.9260504545889735,
        1.021731001958349,
        1.0573814617041266,
        0.9109671295448103,
        1.0690078473883051,
        1.4831226442131404,
        0.9131231758313677,
        1.125771340508858,
        1.034978529031185,
        1.1904613094308023,
        0.7872684844871326,
        1.0466547239233726,
        0.7795119555779045,
        0.9446486707295528,
        0.9195031871130797,
        0.8848650242331376,
        0.875238062852997,
        0.0,
        0.8207381501496754,
        0.9242113755341181,
        0.9147707666708396,
        0.8003905296791061,
        0.8302024518821365,
        0.952883052169106,
        0.81967981553775,
        0.8848650242331376,
        0.896133670584671,
        0.9363418772601764,
        1.024017143953709,
        0.8759915017345267,
        1.0307764064044151,
        0.8759915017345267,
        0.9418878796214429,
        0.8946212730659954,
        1.14564392373896,
        1.0803163117038146,
        0.81967981553775,
        0.8685876147196923,
        0.9119195261766371,
        0.9428090415820634,
        0.8917056066263624
    ],
    [
        1.2582353433035975,
        1.2126360175712707,
        0.8239049972202162,
        0.8670271686118671,
        0.9833686434338289,
        0.9307255234493143,
        1.0008676791220261,
        1.0913167378090662,
        0.950146187582615,
        0.8659853090876054,
        0.7885051444421852,
        0.9851325347947408,
        0.9023503261544882,
        0.9770633437898373,
        1.4619003994040694,
        0.8550528421166679,
        1.016359243137539,
        0.9363418772601764,
        1.1787367608902009,
        0.8047169964928319,
        0.9965217285917832,
        0.7264831572567789,
        1.0008676791220261,
        0.8207381501496754,
        0.9195031871130797,
        0.751433814635579,
        0.8207381501496754,
        0.0,
        0.7761640004248815,
        0.8333333333333334,
        0.7817359599705717,
        0.8207381501496754,
        0.9354143466934854,
        0.7095577652469335,
        0.8207381501496754,
        0.7529571332051012,
        0.9851325347947408,
        0.952883052169106,
        0.8111634305804911,
        0.927960727138337,
        0.8302024518821365,
        0.8994597143717876,
        0.770551750371122,
        1.0976616560266244,
        1.0088497300281039,
        0.7916666666666667,
        0.9708601569971056,
        0.7476816018719317,
        0.8143675119038359,
        0.8270597183866336
    ],
    [
        0.9357551790409929,
        1.2374368670764582,
        0.5590169943749475,
        0.8100925873009825,
        0.9437293044088437,
        1.031079531365064,
        0.8003905296791061,
        1.165922381636102,
        1.118033988749895,
        0.9766012492312305,
        0.6283075744913993,
        0.9519716382329886,
        0.75,
        1.0425329730996522,
        1.6298006013006623,
        0.8130394598451579,
        1.159202311936963,
        0.9682458365518543,
        1.1873321578485208,
        0.8569568250501305,
        0.8569568250501305,
        0.9185586535436918,
        0.8926785535678563,
        0.770551750371122,
        0.82915619758885,
        0.6928203230275509,
        0.9242113755341181,
        0.7761640004248815,
        0.0,
        0.8488145328109735,
        0.7406828681096325,
        0.649519052838329,
        0.6959705453537527,
        0.7083333333333334,
        0.8569568250501305,
        0.8314144574157946,
        0.82915619758885,
        0.7905694150420949,
        0.8100925873009825,
        1.087332362558324,
        0.770551750371122,
        1.0,
        0.8838834764831844,
        1.2126360175712707,
        1.1090536506409416,
        0.8354140689901426,
        1.0476163419878481,
        0.7806247497997998,
        0.8003905296791061,
        0.8003905296791061
    ],
    [
        1.1472818611545468,
        1.1770372409854613,
        0.9052317076000179,
        0.8670271686118671,
        1.0290907529357056,
        0.9482806077902843,
        0.9195031871130797,
        1.0809268142560706,
        1.0137937550497031,
        0.9061518146045457,
        0.9909954568336085,
        0.9930312739844155,
        0.9363418772601764,
        1.0242205708624377,
