[
    [
        0.0,
        1.80710403685012,
        0.6614378277661477,
        1.403121520040228,
        2.0615528128088303,
        1.403121520040228,
        0.6846531968814576,
        0.9081039465709737,
        2.3717082451262845,
        2.0021863050175925,
        0.1767766952966369,
        1.3287682265918312,
        1.8540496217739157,
        1.35531361684298,
        2.2430448056157952,
        1.1131748125363357,
        2.065338955232288,
        1.5206906325745548,
        2.004777457240884,
        1.299038105676658,
        1.6298006013006623,
        1.9685019685029528,
        1.1372786719963484,
        1.8874586088176875,
        1.5662455107677085,
        1.7524982168321883,
        0.8926785535678563,
        1.4690085469836829,
        1.497706580075016,
        1.2423376263229644,
        2.670570059827011,
        1.165922381636102,
        2.5860201081971503,
        2.318779012996088,
        0.21650635094610965,
        1.9306734576307822,
        1.3287682265918312,
        0.8926785535678563,
        1.2930100540985752,
        1.984313483298443,
        1.0590220855949029,
        1.9324531042175384,
        1.1726039399558574,
        1.4475793971700175,
        1.58607219255619,
        0.7288689868556626,
        1.8267115262131566,
        0.9100137361600648,
        1.8114220932736798,
        0.6373774391990981
    ],
    [
        1.80710403685012,
        0.0,
        1.25,
        0.8838834764831844,
        1.0968705484240153,
        0.82915619758885,
        1.1792476415070754,
        1.0590220855949029,
        1.243734296383275,
        1.1008519428152,
        1.357847561400027,
        0.8100925873009825,
        1.015504800579495,
        0.8799857953399021,
        1.1989578808281798,
        0.9379675704763497,
        1.0825317547305484,
        1.015504800579495,
        1.0400156984686455,
        0.9921567416492215,
        0.9842509842514764,
        0.9842509842514764,
        1.0516191220103301,
        1.103970108290981,
        1.0077822185373186,
        0.9483538369195329,
        1.118033988749895,
        1.016359243137539,
        1.1426394882026438,
        1.0290907529357056,
        1.5534459901922708,
        1.1388041973930374,
        1.2808688457449497,
        1.2254534308210618,
        1.3287682265918312,
        1.0043654713300334,
        0.960143218483576,
        0.9762812094883317,
        0.9270248108869579,
        1.0752906583803283,
        1.0290907529357056,
        0.9519716382329886,
        1.0825317547305484,
        1.1326897682556822,
        0.9013878188659973,
        1.0897247358851685,
        1.1357816691600546,
        1.0458250331675945,
        1.015504800579495,
        1.346291201783626
    ],
    [
        0.6614378277661477,
        1.25,
        0.0,
        0.8926785535678563,
        1.231107225224513,
        0.9682458365518543,
        0.5,
        0.5833333333333334,
        1.286953767623375,
        1.36106575888162,
        0.5863019699779287,
        0.82915619758885,
        1.103970108290981,
        0.8975661535508122,
        1.5206906325745548,
        0.7935887872603204,
        1.2624381172952597,
        1.1319231422671772,
        1.2004197820184506,
        0.8660254037844386,
        0.9842509842514764,
        1.0231690964840563,
        0.7883703303510209,
        1.0,
        0.9437293044088437,
        1.0121141239998581,
        0.625,
        1.0391636594449938,
        0.7454025757937788,
        0.7156485015549029,
        1.5484086813385038,
        0.6614378277661477,
        1.4469796128487782,
        1.2381381631753021,
        0.4841229182759271,
        1.1426394882026438,
        0.7806247497997998,
        0.7071067811865476,
        0.8660254037844386,
        1.1989578808281798,
        0.6705615391429617,
        1.1989578808281798,
        0.81967981553775,
        1.076097630845413,
        0.9519716382329886,
        0.6846531968814576,
        1.0720890821195783,
        0.8477912478906585,
        1.165922381636102,
        0.6846531968814576
    ],
    [
        1.403121520040228,
        0.8838834764831844,
        0.8926785535678563,
        0.0,
        0.9682458365518543,
        0.75,
        0.8926785535678563,
        0.7580585582775105,
        1.0752906583803283,
        1.0574142991278301,
        1.0383279828647594,
        0.6614378277661477,
        0.9013878188659973,
        0.6796138609534094,
        1.0680004681646913,
        0.6993984295559336,
        1.1110243021644486,
        0.81967981553775,
        1.0095210017930407,
        0.739509972887452,
        0.7905694150420949,
        0.9762812094883317,
        0.768295371441074,
        0.9270248108869579,
        0.7603453162872774,
        0.8437268515343103,
        0.7806247497997998,
        0.8848650242331376,
        0.8344159634139319,
        0.8122328620674136,
        1.43311529349332,
        0.7288689868556626,
        1.1858541225631423,
        1.0008676791220261,
        1.0,
        0.9076067430335674,
        0.649519052838329,
        0.649519052838329,
        0.6846531968814576,
        1.015504800579495,
        0.7371585838730889,
        0.9437293044088437,
        0.739509972887452,
        0.8887803753208976,
        0.7180703308172536,
        0.7288689868556626,
        0.8710625695092173,
        0.7603453162872774,
        0.8569568250501305,
        1.0231690964840563
    ],
    [
        2.0615528128088303,
        1.0968705484240153,
        1.231107225224513,
        0.9682458365518543,
        0.0,
        0.9762812094883317,
        1.2374368670764582,
        1.0590220855949029,
        1.14564392373896,
        1.0965856099730655,
        1.479019945774904,
        1.0231690964840563,
        1.015504800579495,
        0.967923034130297,
        1.1524430571616109,
        0.9940832614083415,
        1.0825317547305484,
        1.0077822185373186,
        0.9882924358586936,
        0.9354143466934853,
        1.0307764064044151,
        1.0532687216470449,
        1.0366546087187274,
        0.960143218483576,
        0.9762812094883317,
        1.0074720839804943,
        1.1524430571616109,
        1.1188101318414627,
        0.9516433155337141,
        1.0647443615983865,
        1.1349865393230196,
        1.0458250331675945,
        1.1792476415070754,
        0.9930312739844155,
        1.4684175155588413,
        0.9536115561380325,
        0.960143218483576,
        1.14564392373896,
        1.0458250331675945,
        1.1110243021644486,
        0.9904053603337261,
        1.015504800579495,
        0.9921567416492215,
        1.0316182002616623,
        1.0077822185373186,
        1.159202311936963,
        0.9427353817482401,
        1.1388041973930374,
        0.9519716382329886,
        1.2808688457449497
    ],
    [
        1.403121520040228,
        0.82915619758885,
        0.9682458365518543,
        0.75,
        0.9762812094883317,
        0.0,
        0.8660254037844386,
        0.7476816018719317,
        1.118033988749895,
        1.0043654713300334,
        1.1110243021644486,
        0.6846531968814576,
        0.9270248108869579,
        0.7762087348130012,
        1.1792476415070754,
        0.7935887872603204,
        1.015504800579495,
        0.8477912478906585,
        1.001752291268268,
        0.739509972887452,
        0.8569568250501305,
        0.8660254037844386,
        0.7476816018719317,
        0.9185586535436918,
        0.8660254037844386,
        0.8058380730643099,
        0.81967981553775,
        0.8302024518821365,
        0.8975661535508122,
        0.8457409637576849,
        1.4221706804896677,
        0.8569568250501305,
        1.2183492931011204,
        1.076097630845413,
        1.0680004681646913,
        0.9483538369195329,
        0.7806247497997998,
        0.739509972887452,
        0.7180703308172536,
        0.9519716382329886,
        0.7883703303510209,
        0.9013878188659973,
        0.770551750371122,
        1.0008676791220261,
        0.75,
        0.8003905296791061,
        0.9148087231765993,
        0.770551750371122,
        0.9354143466934853,
        1.0825317547305484
    ],
    [
        0.6846531968814576,
        1.1792476415070754,
        0.5,
        0.8926785535678563,
        1.2374368670764582,
        0.8660254037844386,
        0.0,
        0.5559026693385972,
        1.2054563451241194,
        1.2409673645990857,
        0.5448623679425842,
        0.75,
        1.1110243021644486,
        0.8344159634139319,
        1.489546910976623,
        0.6881374595713462,
        1.192424001771182,
        0.960143218483576,
        1.1873321578485208,
        0.82915619758885,
        0.9842509842514764,
        0.9921567416492215,
        0.6346477588219923,
        1.0458250331675945,
        0.960143218483576,
        1.0274361294017258,
        0.39528470752104744,
        0.9195031871130797,
        0.7762087348130012,
        0.6468406123441677,
        1.5734339657082672,
        0.6614378277661477,
        1.4842927608797396,
        1.2997061633735185,
        0.4841229182759271,
        1.1562331079847177,
        0.7806247497997998,
        0.6123724356957945,
        0.8385254915624212,
        1.192424001771182,
        0.6222160217945033,
        1.1319231422671772,
        0.57282196186948,
        0.9771699499632145,
        0.8926785535678563,
        0.4330127018922193,
        1.0274361294017258,
        0.5153882032022076,
        1.0680004681646913,
        0.6373774391990981
    ],
    [
        0.9081039465709737,
        1.0590220855949029,
        0.5833333333333334,
        0.7580585582775105,
        1.0590220855949029,
        0.7476816018719317,
        0.5559026693385972,
        0.0,
        1.1975089885999928,
        1.1185307823708344,
        0.7476816018719317,
        0.6821127309893709,
        0.9673488971869917,
        0.7296308046615844,
        1.3501543121683042,
        0.5999515758992856,
        1.1334558757279536,
        0.7783975705112252,
        1.0681331596350796,
        0.5980291706003051,
        0.8640183897219884,
        0.9807168579949851,
        0.57282196186948,
        0.9081039465709737,
        0.768295371441074,
        0.8666666666666666,
        0.44682522061515034,
        0.7783975705112252,
        0.7188435929401549,
        0.649519052838329,
        1.4451787663353857,
        0.6468406123441677,
        1.3956778520370188,
        1.1280821975567403,
        0.7046472718869902,
        1.0220146226394655,
        0.6346477588219923,
        0.5773502691896258,
        0.7156485015549029,
        1.0590220855949029,
        0.485912657903775,
        0.9780578828587918,
        0.517069735249619,
        0.8164965809277261,
        0.7728015412913086,
        0.49826086429589156,
        0.9507307131301107,
        0.5697830971323893,
        0.9771699499632146,
        0.6627489050244528
    ],
    [
        2.3717082451262845,
        1.243734296383275,
        1.286953767623375,
        1.0752906583803283,
        1.14564392373896,
        1.118033988749895,
        1.2054563451241194,
        1.1975089885999928,
        0.0,
        1.114955156048888,
        1.6153559979150107,
        1.0825317547305484,
        1.0307764064044151,
        1.1629703349613008,
        1.3287682265918312,
        1.1374032813781556,
        1.0458250331675945,
        1.1858541225631423,
        1.0172303834732939,
        1.159202311936963,
        1.0458250331675945,
        0.9270248108869579,
        1.0809268142560706,
        0.960143218483576,
        1.0383279828647594,
        1.0574142991278301,
        1.165922381636102,
        1.1865859054915118,
        1.0121141239998581,
        1.0663736576724772,
        1.319590635176093,
        1.0,
        1.0897247358851685,
        1.0316182002616623,
        1.6007810593582121,
        1.0274361294017258,
        1.0532687216470449,
        1.231107225224513,
        1.0606601717798212,
        0.960143218483576,
        1.1094605796411956,
        0.960143218483576,
        1.0458250331675945,
        1.1865859054915118,
        1.0307764064044151,
        1.2119199643540823,
        1.024084957413202,
        1.0752906583803283,
        1.0752906583803283,
        1.590990257669732
    ],
    [
        2.0021863050175925,
        1.1008519428152,
        1.36106575888162,
        1.0574142991278301,
        1.0965856099730655,
        1.0043654713300334,
        1.2409673645990857,
        1.1185307823708344,
        1.114955156048888,
        0.0,
        1.5184284639060215,
        1.0647769719523428,
        1.0425329730996522,
        1.0968705484240153,
        1.2090802289343747,
        1.125742385436094,
        0.9076067430335674,
        1.1426394882026438,
        0.9668748309763318,
        1.0764525070805493,
        1.1008519428152,
        1.0043654713300334,
        1.1115242287557707,
        1.0425329730996522,
        1.0647769719523428,
        1.0458250331675945,
        1.2155245781143218,
        1.0835256239599402,
        1.0210288928331068,
        1.1208565672932662,
        1.3517221525808394,
        1.1008519428152,
        1.107925990308017,
        1.0826600471883028,
        1.49248115565993,
        1.0077822185373186,
        1.0121141239998581,
        1.2155245781143218,
        1.0865656906050365,
        0.9965565713997374,
        1.068520524422021,
        0.9646890690787369,
        1.077903056865505,
        1.0447620675435043,
        1.0043654713300334,
        1.2283118496538248,
        1.05,
        1.093732142711368,
        0.9807522622966516,
        1.445683229480096
    ],
    [
        0.1767766952966369,
        1.357847561400027,
        0.5863019699779287,
        1.0383279828647594,
        1.479019945774904,
        1.1110243021644486,
        0.5448623679425842,
        0.7476816018719317,
        1.6153559979150107,
        1.5184284639060215,
        0.0,
        0.9100137361600648,
        1.357847561400027,
        0.9807522622966516,
        1.648863244784115,
        0.8225923433057872,
        1.4469796128487782,
        1.25,
        1.4481911659243143,
        1.0077822185373186,
        1.1319231422671772,
        1.286953767623375,
        0.8175590362645243,
        1.2747548783981961,
        1.14564392373896,
        1.2842799539041323,
        0.649519052838329,
        1.1996816707406641,
        1.0043654713300334,
        0.8079466429027216,
        1.993914352334233,
        0.7806247497997998,
        1.824314939915803,
        1.6013232375479696,
        0.125,
        1.3838352503098048,
        0.9185586535436918,
        0.7603453162872774,
        1.0307764064044151,
        1.375,
        0.7883703303510209,
        1.3635890143294642,
        0.8926785535678563,
        1.1395661942647786,
        1.118033988749895,
        0.5448623679425842,
        1.3667936932836646,
        0.7180703308172536,
        1.2930100540985752,
        0.5863019699779287
    ],
    [
        1.3287682265918312,
        0.8100925873009825,
        0.82915619758885,
        0.6614378277661477,
        1.0231690964840563,
        0.6846531968814576,
        0.75,
        0.6821127309893709,
        1.0825317547305484,
        1.0647769719523428,
        0.9100137361600648,
        0.0,
        0.81967981553775,
        0.702228595259407,
        1.159202311936963,
        0.641118681107723,
        1.015504800579495,
        0.82915619758885,
        0.9455858782052662,
        0.6846531968814576,
        0.7806247497997998,
        0.8385254915624212,
        0.6346477588219923,
        0.875,
        0.81967981553775,
        0.796084166404533,
        0.6846531968814576,
        0.8014743359029727,
        0.8250000000000001,
        0.7371585838730889,
        1.5382845784978945,
        0.7603453162872774,
        1.25,
        1.1188101318414627,
        0.8838834764831844,
        0.8975661535508122,
        0.7288689868556626,
        0.57282196186948,
        0.625,
        0.9354143466934853,
        0.6588078458684123,
        0.8926785535678563,
        0.7180703308172536,
        0.9023503261544882,
        0.625,
        0.6614378277661477,
        0.8937281465859739,
        0.673145600891813,
        0.8926785535678563,
        0.9437293044088437
    ],
    [
        1.8540496217739157,
        1.015504800579495,
        1.103970108290981,
        0.9013878188659973,
        1.015504800579495,
        0.9270248108869579,
        1.1110243021644486,
        0.9673488971869917,
        1.0307764064044151,
        1.0425329730996522,
        1.357847561400027,
        0.81967981553775,
        0.0,
        0.9093266739736606,
        1.1989578808281798,
        0.9427150867011082,
        1.015504800579495,
        1.0606601717798212,
        0.9538121686481172,
        0.9013878188659973,
        0.8569568250501305,
        0.8569568250501305,
        0.9592387027684449,
        0.9100137361600648,
        0.8385254915624212,
        0.8562271894771855,
        1.0077822185373186,
        1.0008676791220261,
        0.8710625695092173,
        0.9344858955002419,
        1.3944333775567928,
        0.8838834764831844,
        1.2119199643540823,
        1.0391636594449938,
        1.334634781503914,
        0.9400797838481583,
        0.875,
        0.9842509842514764,
        0.8569568250501305,
        0.9682458365518543,
        0.8907315969346646,
        0.9682458365518543,
        0.9013878188659973,
        0.9195031871130797,
        0.8100925873009825,
        1.015504800579495,
        0.9646890690787369,
        0.960143218483576,
        0.9519716382329886,
        1.346291201783626
    ],
    [
        1.35531361684298,
        0.8799857953399021,
        0.8975661535508122,
        0.6796138609534094,
        0.967923034130297,
        0.7762087348130012,
        0.8344159634139319,
        0.7296308046615844,
        1.1629703349613008,
        1.0968705484240153,
        0.9807522622966516,
        0.702228595259407,
        0.9093266739736606,
        0.0,
        1.1357816691600546,
        0.5890800506912868,
        1.0286520305720492,
        0.8799857953399021,
        0.9829023037797349,
        0.5942432162002356,
        0.7132671308843553,
        0.9168560410446124,
        0.6382484712955536,
        0.9148087231765993,
        0.7762087348130012,
        0.82915619758885,
        0.7660776723022281,
        0.8582119655293661,
        0.75,
        0.6967683338894722,
        1.3567987241215176,
        0.6796138609534094,
        1.2155245781143218,
        0.9815308338395579,
        0.9400797838481583,
        0.9354143466934853,
        0.6319612329882269,
        0.6680194607943694,
        0.702228595259407,
        0.9483538369195329,
        0.6781306003352976,
        0.9646890690787369,
        0.7,
        0.77920008840976,
        0.724137417898012,
        0.6562202374203343,
        0.8474225628339146,
        0.7132671308843553,
        0.9317322576792112,
        0.8728545125048046
    ],
    [
        2.2430448056157952,
        1.1989578808281798,
        1.5206906325745548,
        1.0680004681646913,
        1.1524430571616109,
        1.1792476415070754,
        1.489546910976623,
        1.3501543121683042,
        1.3287682265918312,
        1.2090802289343747,
        1.648863244784115,
        1.159202311936963,
        1.1989578808281798,
        1.1357816691600546,
        0.0,
        1.2138917428112386,
        1.224744871391589,
        1.2808688457449497,
        1.2548375779114902,
        1.1726039399558574,
        1.0458250331675945,
        1.1989578808281798,
        1.267242193812129,
        1.14564392373896,
        1.0383279828647594,
        1.1357816691600546,
        1.357847561400027,
        1.2909944487358056,
        1.2283118496538248,
        1.2970318680227817,
        1.5178338000072487,
        1.159202311936963,
        1.3169567191065923,
        1.2353305900311329,
        1.625,
        1.0793516572461452,
        1.0825317547305484,
        1.25,
        1.165922381636102,
        1.1989578808281798,
        1.2788341044352338,
        1.2119199643540823,
        1.2562344526401112,
        1.0801234497346435,
        1.1792476415070754,
        1.340475661845451,
        1.1562331079847177,
        1.340475661845451,
        1.0458250331675945,
        1.5309310892394863
    ],
    [
        1.1131748125363357,
        0.9379675704763497,
        0.7935887872603204,
        0.6993984295559336,
        0.9940832614083415,
        0.7935887872603204,
        0.6881374595713462,
        0.5999515758992856,
        1.1374032813781556,
        1.125742385436094,
        0.8225923433057872,
        0.641118681107723,
        0.9427150867011082,
        0.5890800506912868,
        1.2138917428112386,
        0.0,
        1.090017318716561,
        0.90403714706051,
        0.9868394199748642,
        0.6477984695434662,
        0.7634842259439982,
        0.9690688250867955,
        0.5999515758992856,
        0.9325122420819221,
        0.6993984295559336,
        0.8588598873637359,
        0.6034551874541357,
        0.8778702518814053,
        0.7521737207071575,
        0.6128351274397024,
        1.4913060598590537,
        0.6034551874541357,
        1.3716331692622514,
        1.1300591710873948,
        0.7836824377675604,
        0.9618421419975572,
        0.641118681107723,
        0.5348206832811406,
        0.6531907556489958,
        0.9866778416815217,
        0.5456746017317067,
        1.0237922202302974,
        0.661678832630318,
        0.7220068796350646,
        0.6851187890446743,
        0.5348206832811406,
        0.9491604776037074,
        0.576981943621554,
        0.9211585983234951,
        0.7198444418123705
    ],
    [
        2.065338955232288,
        1.0825317547305484,
        1.2624381172952597,
        1.1110243021644486,
        1.0825317547305484,
        1.015504800579495,
        1.192424001771182,
        1.1334558757279536,
        1.0458250331675945,
        0.9076067430335674,
        1.4469796128487782,
        1.015504800579495,
        1.015504800579495,
        1.0286520305720492,
        1.224744871391589,
        1.090017318716561,
        0.0,
        1.0307764064044151,
        0.9408528480228208,
        1.0307764064044151,
        1.0,
        0.8660254037844386,
        1.0324593077803224,
        1.0458250331675945,
        1.0458250331675945,
        1.0511898020814319,
        1.125,
        1.1094605796411956,
        1.0210288928331068,
        1.0696248044161196,
        1.3391798899990164,
        1.0680004681646913,
        1.1388041973930374,
        1.0881304047667162,
        1.4306903927824497,
        1.0056092680559383,
        0.9682458365518543,
        1.1726039399558574,
        1.015504800579495,
        0.960143218483576,
        1.0540925533894598,
        1.0458250331675945,
        1.0968705484240153,
        0.982485510212633,
        0.9437293044088437,
        1.14564392373896,
        1.0851267207105353,
        1.1110243021644486,
        1.0077822185373186,
        1.4252192813739224
    ],
    [
        1.5206906325745548,
        1.015504800579495,
        1.1319231422671772,
        0.81967981553775,
        1.0077822185373186,
        0.8477912478906585,
        0.960143218483576,
        0.7783975705112252,
        1.1858541225631423,
        1.1426394882026438,
        1.25,
        0.82915619758885,
        1.0606601717798212,
        0.8799857953399021,
        1.2808688457449497,
        0.90403714706051,
        1.0307764064044151,
        0.0,
        0.9860312637341803,
        0.7603453162872774,
        0.9013878188659973,
        1.015504800579495,
        0.798218502527834,
        0.82915619758885,
        0.8926785535678563,
        1.0350120772242226,
        0.9354143466934853,
        0.7916666666666667,
        0.9807522622966516,
        0.9745012969605417,
        1.5684608520598926,
        0.8838834764831844,
        1.2930100540985752,
        1.1865859054915118,
        1.2119199643540823,
        1.093732142711368,
        0.81967981553775,
        0.8926785535678563,
        0.770551750371122,
        1.0897247358851685,
        0.8175590362645243,
        0.9100137361600648,
        0.81967981553775,
        1.0008676791220261,
        0.875,
        0.8838834764831844,
        0.9807522622966516,
        0.8003905296791061,
        1.0383279828647594,
        1.2374368670764582
    ],
    [
        2.004777457240884,
        1.0400156984686455,
        1.2004197820184506,
        1.0095210017930407,
        0.9882924358586936,
        1.001752291268268,
        1.1873321578485208,
        1.0681331596350796,
        1.0172303834732939,
        0.9668748309763318,
        1.4481911659243143,
        0.9455858782052662,
        0.9538121686481172,
        0.9829023037797349,
        1.2548375779114902,
        0.9868394199748642,
        0.9408528480228208,
        0.9860312637341803,
        0.0,
        0.9192526911595537,
        1.0095210017930407,
        1.001752291268268,
        0.9683921967426308,
        0.970055489681505,
        0.970055489681505,
        0.9255927499583768,
        1.1334715051827393,
        0.969416099358859,
        0.8554074694410321,
        1.0079228376775766,
        1.181153976648806,
        1.001752291268268,
        1.191353843151495,
        0.9613233450281675,
        1.4319157283378183,
        0.950577160874124,
        0.9619681143682594,
        1.091917196157889,
        0.9372873908579078,
        0.970055489681505,
        0.9674953930644358,
        1.0095210017930407,
        0.949120161851308,
        0.9449299305748259,
        0.9538121686481172,
        1.1055576208688649,
        0.847610687492212,
        0.9939228607196962,
        1.0549325348387093,
        1.3689570363407826
    ],
    [
        1.299038105676658,
        0.9921567416492215,
        0.8660254037844386,
        0.739509972887452,
        0.9354143466934853,
        0.739509972887452,
        0.82915619758885,
        0.5980291706003051,
        1.159202311936963,
        1.0764525070805493,
        1.0077822185373186,
        0.6846531968814576,
        0.9013878188659973,
        0.5942432162002356,
        1.1726039399558574,
        0.6477984695434662,
        1.0307764064044151,
        0.7603453162872774,
        0.9192526911595537,
        0.0,
        0.8385254915624212,
        0.9185586535436918,
        0.5980291706003051,
        0.9013878188659973,
        0.8477912478906585,
        0.8253787009609589,
        0.7071067811865476,
        0.775044801572428,
        0.7664854858377946,
        0.6833841444523635,
        1.375631168268265,
        0.7180703308172536,
        1.3050383136138188,
        0.9637527921850314,
        0.9762812094883317,
        0.9568829604502319,
        0.6846531968814576,
        0.6846531968814576,
        0.7071067811865476,
        1.0077822185373186,
        0.6052432935972479,
        0.9185586535436918,
        0.649519052838329,
        0.7949493345141213,
        0.75,
        0.6846531968814576,
        0.7721722605740251,
        0.7288689868556626,
        0.9437293044088437,
        0.875
    ],
    [
        1.6298006013006623,
        0.9842509842514764,
        0.9842509842514764,
        0.7905694150420949,
        1.0307764064044151,
        0.8569568250501305,
        0.9842509842514764,
        0.8640183897219884,
        1.0458250331675945,
        1.1008519428152,
        1.1319231422671772,
        0.7806247497997998,
        0.8569568250501305,
        0.7132671308843553,
        1.0458250331675945,
        0.7634842259439982,
        1.0,
        0.9013878188659973,
        1.0095210017930407,
        0.8385254915624212,
        0.0,
        0.8838834764831844,
        0.7783975705112252,
        0.8100925873009825,
        0.6846531968814576,
        0.8710625695092173,
        0.82915619758885,
        0.9400428477232066,
        0.8058380730643099,
        0.8175590362645243,
        1.3944333775567928,
        0.6373774391990981,
        1.103970108290981,
        1.0316182002616623,
        1.103970108290981,
        0.8437268515343103,
        0.6959705453537527,
        0.82915619758885,
        0.8569568250501305,
        0.9682458365518543,
        0.8175590362645243,
        0.9437293044088437,
        0.7603453162872774,
        0.8057949835755716,
        0.7806247497997998,
        0.7905694150420949,
        0.8154753215150046,
        0.770551750371122,
        0.8660254037844386,
        1.0231690964840563
    ],
    [
        1.9685019685029528,
        0.9842509842514764,
        1.0231690964840563,
        0.9762812094883317,
        1.0532687216470449,
        0.8660254037844386,
        0.9921567416492215,
        0.9807168579949851,
        0.9270248108869579,
        1.0043654713300334,
        1.286953767623375,
        0.8385254915624212,
        0.8569568250501305,
        0.9168560410446124,
        1.1989578808281798,
        0.9690688250867955,
        0.8660254037844386,
        1.015504800579495,
        1.001752291268268,
        0.9185586535436918,
        0.8838834764831844,
        0.0,
        0.8457409637576849,
        0.9013878188659973,
        0.9100137361600648,
        0.8154753215150046,
        0.9519716382329886,
        1.016359243137539,
        0.8821139382188675,
        0.9316949906249125,
        1.289648961711847,
        0.8660254037844386,
        1.1110243021644486,
        1.0008676791220261,
        1.2747548783981961,
        0.8888194417315589,
        0.82915619758885,
        1.0,
        0.9100137361600648,
        0.9519716382329886,
        0.9213893494789992,
        0.9013878188659973,
        0.9185586535436918,
        0.927960727138337,
        0.7905694150420949,
        0.960143218483576,
        0.9676001240181814,
        0.8569568250501305,
        0.8838834764831844,
        1.3169567191065923
    ],
    [
        1.1372786719963484,
        1.0516191220103301,
        0.7883703303510209,
        0.768295371441074,
        1.0366546087187274,
        0.7476816018719317,
        0.6346477588219923,
        0.57282196186948,
        1.0809268142560706,
        1.1115242287557707,
        0.8175590362645243,
        0.6346477588219923,
        0.9592387027684449,
        0.6382484712955536,
        1.267242193812129,
        0.5999515758992856,
        1.0324593077803224,
        0.798218502527834,
        0.9683921967426308,
        0.5980291706003051,
        0.7783975705112252,
        0.8457409637576849,
        0.0,
        0.8730136183232068,
        0.8819171036881969,
        0.9360080721399314,
        0.6095307849303248,
        0.7476816018719317,
        0.7296308046615844,
        0.625,
        1.3838101587846345,
        0.6194195311382711,
        1.3209056236789465,
        1.0565601944254972,
        0.7883703303510209,
        1.044695596280988,
        0.6770032003863301,
        0.6291528696058959,
        0.6468406123441677,
        1.006058038970803,
        0.5605676686280713,
        0.8946212730659954,
        0.5877806658194118,
        0.798218502527834,
        0.7626252174051302,
        0.5286907308520633,
        0.8371164129850094,
        0.5416666666666666,
        0.9904053603337261,
        0.7192781875680029
    ],
    [
        1.8874586088176875,
        1.103970108290981,
        1.0,
        0.9270248108869579,
        0.960143218483576,
        0.9185586535436918,
        1.0458250331675945,
        0.9081039465709737,
        0.960143218483576,
        1.0425329730996522,
        1.2747548783981961,
        0.875,
        0.9100137361600648,
        0.9148087231765993,
        1.14564392373896,
        0.9325122420819221,
        1.0458250331675945,
        0.82915619758885,
        0.970055489681505,
        0.9013878188659973,
        0.8100925873009825,
        0.9013878188659973,
        0.8730136183232068,
        0.0,
        0.8660254037844386,
        0.9148087231765993,
        0.9762812094883317,
        0.9771699499632145,
        0.8975661535508122,
        0.9982623792259117,
        1.3372338779901012,
        0.81967981553775,
        1.118033988749895,
        1.024017143953709,
        1.2562344526401112,
        1.0043654713300334,
        0.7905694150420949,
        1.0383279828647594,
        0.8660254037844386,
        0.8569568250501305,
        0.9251501379656049,
        1.0077822185373186,
        0.8838834764831844,
        0.961046882889233,
        0.8838834764831844,
        0.9682458365518543,
        0.9640409742329421,
        0.875,
        0.9354143466934853,
        1.2930100540985752
    ],
    [
        1.5662455107677085,
        1.0077822185373186,
        0.9437293044088437,
        0.7603453162872774,
        0.9762812094883317,
        0.8660254037844386,
        0.960143218483576,
        0.768295371441074,
        1.0383279828647594,
        1.0647769719523428,
        1.14564392373896,
        0.81967981553775,
        0.8385254915624212,
        0.7762087348130012,
        1.0383279828647594,
        0.6993984295559336,
        1.0458250331675945,
        0.8926785535678563,
        0.970055489681505,
        0.8477912478906585,
        0.6846531968814576,
        0.9100137361600648,
        0.8819171036881969,
        0.8660254037844386,
        0.0,
        0.8344159634139319,
        0.8569568250501305,
        0.9673488971869918,
        0.8154753215150046,
        0.7046472718869902,
        1.360402309776209,
        0.673145600891813,
        1.2183492931011204,
        1.024017143953709,
        1.1110243021644486,
        0.8975661535508122,
        0.739509972887452,
        0.7603453162872774,
        0.7603453162872774,
        1.015504800579495,
        0.8079466429027216,
        1.0,
        0.7288689868556626,
        0.8759915017345267,
        0.8003905296791061,
        0.82915619758885,
        0.8671072598012313,
        0.8385254915624212,
        0.9185586535436918,
        1.015504800579495
    ],
    [
        1.7524982168321883,
        0.9483538369195329,
        1.0121141239998581,
        0.8437268515343103,
        1.0074720839804943,
        0.8058380730643099,
        1.0274361294017258,
        0.8666666666666666,
        1.0574142991278301,
        1.0458250331675945,
        1.2842799539041323,
        0.796084166404533,
        0.8562271894771855,
        0.82915619758885,
        1.1357816691600546,
        0.8588598873637359,
        1.0511898020814319,
        1.0350120772242226,
        0.9255927499583768,
        0.8253787009609589,
        0.8710625695092173,
        0.8154753215150046,
        0.9360080721399314,
        0.9148087231765993,
        0.8344159634139319,
        0.0,
        1.0043654713300334,
        0.9197297308328016,
        0.8569568250501305,
        0.8666666666666666,
        1.3452333543953545,
        0.8620469824783334,
        1.1426394882026438,
        0.9527737285304302,
        1.2283118496538248,
        0.81967981553775,
        0.8250000000000001,
        0.8799857953399021,
        0.8154753215150046,
        0.9483538369195329,
        0.851754724736594,
        0.9414085191881365,
        0.9130991183874837,
        0.892133834005738,
        0.796084166404533,
        1.014889156509222,
        0.9148087231765993,
        1.05,
        0.8975661535508122,
        1.137156541554416
    ],
    [
        0.8926785535678563,
        1.118033988749895,
        0.625,
        0.7806247497997998,
        1.1524430571616109,
        0.81967981553775,
        0.39528470752104744,
        0.44682522061515034,
        1.165922381636102,
        1.2155245781143218,
        0.649519052838329,
        0.6846531968814576,
        1.0077822185373186,
        0.7660776723022281,
        1.357847561400027,
        0.6034551874541357,
        1.125,
        0.9354143466934853,
        1.1334715051827393,
        0.7071067811865476,
        0.82915619758885,
        0.9519716382329886,
        0.6095307849303248,
        0.9762812094883317,
        0.8569568250501305,
        1.0043654713300334,
        0.0,
        0.8670271686118671,
        0.7558108228915488,
        0.6468406123441677,
        1.5684608520598926,
        0.5863019699779287,
        1.4142135623730951,
        1.2381381631753021,
        0.5863019699779287,
        1.149456393257265,
        0.649519052838329,
        0.5448623679425842,
        0.7180703308172536,
        1.103970108290981,
        0.4805234414446165,
        1.0680004681646913,
        0.5590169943749475,
        0.8848650242331376,
        0.8385254915624212,
        0.33071891388307384,
        1.0316855140981676,
        0.4841229182759271,
        0.960143218483576,
        0.6373774391990981
    ],
    [
        1.4690085469836829,
        1.016359243137539,
        1.0391636594449938,
        0.8848650242331376,
        1.1188101318414627,
        0.8302024518821365,
        0.9195031871130797,
        0.7783975705112252,
        1.1865859054915118,
        1.0835256239599402,
        1.1996816707406641,
        0.8014743359029727,
        1.0008676791220261,
        0.8582119655293661,
        1.2909944487358056,
        0.8778702518814053,
        1.1094605796411956,
        0.7916666666666667,
        0.969416099358859,
        0.775044801572428,
        0.9400428477232066,
        1.016359243137539,
        0.7476816018719317,
        0.9771699499632145,
        0.9673488971869918,
        0.9197297308328016,
        0.8670271686118671,
        0.0,
        0.7820024154552068,
        0.8994597143717876,
        1.4433756729740645,
        0.9195031871130797,
        1.2801909579781015,
        1.1614466553971963,
        1.1666666666666667,
        0.9773831274263833,
        0.8670271686118671,
        0.8302024518821365,
        0.7716774657271723,
        1.1326897682556822,
        0.8175590362645243,
        1.0008676791220261,
        0.8175590362645243,
        0.9270248108869579,
        0.8936504412303007,
        0.8759915017345267,
        0.9457874438206975,
        0.7406828681096325,
        1.0466547239233726,
        1.0290907529357056
    ],
    [
        1.497706580075016,
        1.1426394882026438,
        0.7454025757937788,
        0.8344159634139319,
        0.9516433155337141,
        0.8975661535508122,
        0.7762087348130012,
        0.7188435929401549,
        1.0121141239998581,
        1.0210288928331068,
        1.0043654713300334,
        0.8250000000000001,
        0.8710625695092173,
        0.75,
        1.2283118496538248,
        0.7521737207071575,
        1.0210288928331068,
        0.9807522622966516,
        0.8554074694410321,
        0.7664854858377946,
        0.8058380730643099,
        0.8821139382188675,
        0.7296308046615844,
        0.8975661535508122,
        0.8154753215150046,
        0.8569568250501305,
        0.7558108228915488,
        0.7820024154552068,
        0.0,
        0.7402608399146284,
        1.2179502361663952,
        0.6680194607943694,
        1.0865656906050365,
        0.9325517560853005,
        0.9886859966642595,
        0.960143218483576,
        0.6680194607943694,
        0.8344159634139319,
        0.8250000000000001,
        0.9588404455382554,
        0.7118539956417405,
        0.9877373132569205,
        0.7327175444876423,
        0.8556592649985026,
        0.8154753215150046,
        0.7660776723022281,
        0.8923284148787374,
        0.6796138609534094,
        0.8975661535508122,
        0.9663074045043845
    ],
    [
        1.2423376263229644,
        1.0290907529357056,
        0.7156485015549029,
        0.8122328620674136,
        1.0647443615983865,
        0.8457409637576849,
        0.6468406123441677,
        0.649519052838329,
        1.0663736576724772,
        1.1208565672932662,
        0.8079466429027216,
        0.7371585838730889,
        0.9344858955002419,
        0.6967683338894722,
