[
    [
        0.0,
        0.36174490321219455,
        0.20009763241977652,
        0.3325593227155119,
        0.22426093897511443,
        0.1753901900050285,
        0.15780476466190746,
        0.22480460265528374,
        0.18288593610499415,
        0.34268300311658295,
        0.1307281291459493,
        0.18553659510996745,
        0.31054073303674673,
        0.23799290955824715,
        0.13887803777055607,
        0.12401959270615269,
        0.17469281074217108,
        0.20009763241977652,
        0.27599252707274524,
        0.28384222069663984,
        0.2799448885495143,
        0.2209708691207961,
        0.2665425329567497,
        0.3198357732884175,
        0.30055287596361474,
        0.17399263633843817,
        0.214808235701055,
        0.275106513463422,
        0.1335000585205864,
        0.2873093419750063,
        0.16535945694153692,
        0.4394487847007885,
        0.522679021364929,
        0.2153757617514097,
        0.28555729503901667,
        0.1335000585205864,
        0.2445699350390395,
        0.140625,
        0.10245997694221876,
        0.19764235376052372,
        0.1335000585205864,
        0.16682934768798924,
        0.21085710916663708,
        0.16535945694153692,
        0.16973094517500337,
        0.13887803777055607,
        0.1907274314958391,
        0.171875,
        0.16973094517500337
    ],
    [
        0.36174490321219455,
        0.0,
        0.34903606099513557,
        0.17328963291264715,
        0.27421763710600383,
        0.1788362990978062,
        0.258167369404036,
        0.18684782411095935,
        0.14905300022139775,
        0.48864049284724653,
        0.3190715290103459,
        0.3620821945705146,
        0.13799626353637262,
        0.30737993082665627,
        0.29022149407822984,
        0.30338262248355624,
        0.42990051538117513,
        0.2415566380271923,
        0.12303137303143455,
        0.13531646934131855,
        0.1753901900050285,
        0.30418628646768414,
        0.19948664585630788,
        0.14986973510352247,
        0.1137517170200081,
        0.32923917977664807,
        0.432448515721814,
        0.15625,
        0.31328027587130347,
        0.16884963622340965,
        0.14657549249448218,
        0.359375,
        0.20432338797846908,
        0.17399263633843817,
        0.11158481919598204,
        0.2642427269576213,
        0.47495887979908324,
        0.271083618326523,
        0.28168369339562416,
        0.2821167200823092,
        0.2509746625657658,
        0.2049199538844375,
        0.22010986051161915,
        0.28384222069663984,
        0.34798527267687634,
        0.13531646934131855,
        0.41102957618643454,
        0.1887975933374152,
        0.13887803777055607
    ],
    [
        0.20009763241977652,
        0.34903606099513557,
        0.0,
        0.38049361443393503,
        0.2072890493972125,
        0.15388840315306412,
        0.12303137303143455,
        0.1616262567623219,
        0.2943975575221371,
        0.1926379375927805,
        0.1335000585205864,
        0.16010860571811872,
        0.42990051538117513,
        0.2923169833417142,
        0.14986973510352247,
        0.15229366163764005,
        0.11796616305110547,
        0.17608480733726006,
        0.2976962325509008,
        0.3318243840874266,
        0.23747943989954162,
        0.06987712429686843,
        0.36543798636020314,
        0.4160477173654484,
        0.28895690638917076,
        0.13441133229754104,
        0.11899645477912357,
        0.3125,
        0.0855816496101822,
        0.37110974015257414,
        0.21650635094610965,
        0.5038911092686593,
        0.5466517401417469,
        0.11899645477912357,
        0.31483502624390447,
        0.19008632907181935,
        0.1335000585205864,
        0.2670001170411728,
        0.2153757617514097,
        0.12979099785809492,
        0.14490028899212037,
        0.17469281074217108,
        0.24611786147313874,
        0.23799290955824715,
        0.12597277731716483,
        0.1926379375927805,
        0.16682934768798924,
        0.3156095293238149,
        0.16755945773068137
    ],
    [
        0.3325593227155119,
        0.17328963291264715,
        0.38049361443393503,
        0.0,
        0.2125229766989913,
        0.33693529145074724,
        0.29315098498896436,
        0.26836818808308854,
        0.2445699350390395,
        0.5603256586575346,
        0.297285899850632,
        0.4377789289413094,
        0.16387638252658618,
        0.25911131174651564,
        0.36743675050952646,
        0.30136408628102984,
        0.382413695328763,
        0.19452968121857395,
        0.1608692209529219,
        0.14657549249448218,
        0.1801962905417312,
        0.3921843874378479,
        0.15857643070456592,
        0.13531646934131855,
        0.1269381000724369,
        0.3769480650567131,
        0.4198446513295126,
        0.10126157341262282,
        0.3627558364451219,
        0.09258535851370403,
        0.2275034340400162,
        0.2509746625657658,
        0.20070675904164265,
        0.2405438174740727,
        0.11048543456039805,
        0.293567097313374,
        0.4955859852235533,
        0.22534695471649932,
        0.28853414550967793,
        0.2768757054167086,
        0.2829807855667943,
        0.3236299246438747,
        0.17195389603353312,
        0.3045873232752801,
        0.4044430970482745,
        0.25146057717861064,
        0.4637756899892447,
        0.27421763710600383,
        0.24356964481437338
    ],
    [
        0.22426093897511443,
        0.27421763710600383,
        0.2072890493972125,
        0.2125229766989913,
        0.0,
        0.23228232417685166,
        0.1788362990978062,
        0.20432338797846908,
        0.23333100817293873,
        0.38874547826952277,
        0.17746588580625855,
        0.2943975575221371,
        0.2893790496476896,
        0.2312288841710741,
        0.2312288841710741,
        0.1781524101717403,
        0.21021287573552672,
        0.1514899955442603,
        0.16461958988832404,
        0.2096313728906053,
        0.15229366163764005,
        0.2348952559120767,
        0.2647042866577721,
        0.28470104934825935,
        0.16237976320958225,
        0.24655834121967968,
        0.21986323874172325,
        0.1711632992203644,
        0.2125229766989913,
        0.2464482950900204,
        0.1795175827043134,
        0.32886820593514354,
        0.4038389994787527,
        0.14149039278339715,
        0.21875,
        0.20846350100197397,
        0.30856902590830465,
        0.19578068884596356,
        0.20904825250405706,
        0.1616262567623219,
        0.18154609435347266,
        0.22803936748947537,
        0.17966862823604526,
        0.24407030237208294,
        0.24803918541230538,
        0.18087245160609727,
        0.31638213642682167,
        0.24206145913796356,
        0.15857643070456592
    ],
    [
        0.1753901900050285,
        0.1788362990978062,
        0.15388840315306412,
        0.33693529145074724,
        0.23228232417685166,
        0.0,
        0.0897587913521567,
        0.2348952559120767,
        0.2049199538844375,
        0.22910747341586218,
        0.140625,
        0.13975424859373686,
        0.36174490321219455,
        0.3121091305537215,
        0.12203515118604147,
        0.13531646934131855,
        0.14574029770451274,
        0.1711632992203644,
        0.2781952158557009,
        0.2795084971874737,
        0.30935921676911454,
        0.11267347735824966,
        0.30618621784789724,
        0.32249636625859834,
        0.28853414550967793,
        0.05412658773652741,
        0.184877493221863,
        0.28427195935406646,
        0.11267347735824966,
        0.33854166666666663,
        0.225888004606265,
        0.5555121510822243,
        0.43385760552858815,
        0.11899645477912357,
        0.29022149407822984,
        0.12597277731716483,
        0.17746588580625855,
        0.19702375332685143,
        0.19390115071860714,
        0.09757809372497497,
        0.10597390598633231,
        0.10004881620988826,
        0.19249706888100343,
        0.23696485762661096,
        0.109375,
        0.13531646934131855,
        0.15780476466190746,
        0.23333100817293873,
        0.06810779599282303
    ],
    [
        0.15780476466190746,
        0.258167369404036,
        0.12303137303143455,
        0.29315098498896436,
        0.1788362990978062,
        0.0897587913521567,
        0.0,
        0.21137108216357317,
        0.22316963839196408,
        0.22910747341586218,
        0.120017902310447,
        0.16828640022295324,
        0.3710731902199349,
        0.28470104934825935,
        0.14905300022139775,
        0.11048543456039805,
        0.109375,
        0.1335000585205864,
        0.2395267143243108,
        0.25291271962872885,
        0.258639771206982,
        0.13258252147247765,
        0.275106513463422,
        0.31715286140913185,
        0.23593232610221093,
        0.07328774624724109,
        0.12979099785809492,
        0.24105075969596113,
        0.10126157341262282,
        0.31397222652294865,
        0.214808235701055,
        0.4975526040028331,
        0.4637756899892447,
        0.09882117688026186,
        0.2764344689524083,
        0.11481983169296148,
        0.14657549249448218,
        0.18421603316486868,
        0.16682934768798924,
        0.0924387466109315,
        0.0924387466109315,
        0.13887803777055607,
        0.15659683727471782,
        0.23541436208311506,
        0.10245997694221876,
        0.13441133229754104,
        0.20191949973937634,
        0.265625,
        0.08699631816921909
    ],
    [
        0.22480460265528374,
        0.18684782411095935,
        0.1616262567623219,
        0.26836818808308854,
        0.20432338797846908,
        0.2348952559120767,
        0.21137108216357317,
        0.0,
        0.1887975933374152,
        0.4466126852486391,
        0.15857643070456592,
        0.20610790559801437,
        0.2275034340400162,
        0.17608480733726006,
        0.1570293065800139,
        0.1690102160373745,
        0.23070036031614688,
        0.18619336387207788,
        0.14823176532039278,
        0.19452968121857395,
        0.18221724671391565,
        0.21650635094610965,
        0.29064180058966055,
        0.28853414550967793,
        0.19640320453088336,
        0.2790714234295586,
        0.24754655496491967,
        0.23228232417685166,
        0.16010860571811872,
        0.26506272187498897,
        0.16755945773068137,
        0.39621007290956145,
        0.29481191037676885,
        0.16237976320958225,
        0.20551478809321727,
        0.18421603316486868,
        0.3538984891533164,
        0.2181912506838897,
        0.17469281074217108,
        0.18553659510996745,
        0.15546678704790937,
        0.120017902310447,
        0.20097688939140354,
        0.18288593610499415,
        0.25626905416963636,
        0.14405538214520136,
        0.22041774968227945,
        0.1753901900050285,
        0.1801962905417312
    ],
    [
        0.18288593610499415,
        0.14905300022139775,
        0.2943975575221371,
        0.2445699350390395,
        0.23333100817293873,
        0.2049199538844375,
        0.22316963839196408,
        0.1887975933374152,
        0.0,
        0.4579484653047764,
        0.22207297505549836,
        0.24356964481437338,
        0.13441133229754104,
        0.184877493221863,
        0.19008632907181935,
        0.19200321449132043,
        0.3121091305537215,
        0.22480460265528374,
        0.1788362990978062,
        0.16828640022295324,
        0.20669932117692114,
        0.27775607554111215,
        0.19640320453088336,
        0.1907274314958391,
        0.21423920626253262,
        0.2670001170411728,
        0.34268300311658295,
        0.23644915547533682,
        0.24206145913796356,
        0.19143724947384486,
        0.1316585902058806,
        0.3965180481390475,
        0.30055287596361474,
        0.19825902406952375,
        0.17258376589355096,
        0.1711632992203644,
        0.3928064090617667,
        0.17746588580625855,
        0.15388840315306412,
        0.2415566380271923,
        0.16237976320958225,
        0.1570293065800139,
        0.1595995150629642,
        0.1988737822087165,
        0.27421763710600383,
        0.09110862335695782,
        0.2960514893983815,
        0.09882117688026186,
        0.15934435979977452
    ],
    [
        0.34268300311658295,
        0.48864049284724653,
        0.1926379375927805,
        0.5603256586575346,
        0.38874547826952277,
        0.22910747341586218,
        0.22910747341586218,
        0.4466126852486391,
        0.4579484653047764,
        0.0,
        0.24951124097923924,
        0.2159417962669571,
        0.623631313858597,
        0.5419420373757695,
        0.25911131174651564,
        0.28853414550967793,
        0.15934435979977452,
        0.3081731706768128,
        0.5144399260360728,
        0.5031638183782693,
        0.4987778031097615,
        0.171875,
        0.5053425508998821,
        0.5515425810850872,
        0.5179870141953368,
        0.1788362990978062,
        0.16237976320958225,
        0.467968097870998,
        0.18154609435347266,
        0.5602046144663969,
        0.42647950199863066,
        0.751788232732463,
        0.6996441617886909,
        0.24853083938416978,
        0.5390058847081356,
        0.24356964481437338,
        0.078125,
        0.38495890608609123,
        0.37304176207229134,
        0.18288593610499415,
        0.30055287596361474,
        0.3045873232752801,
        0.39180377697615143,
        0.39744054193677825,
        0.1711632992203644,
        0.3627558364451219,
        0.19764235376052372,
        0.460075995760483,
        0.2445699350390395
    ],
    [
        0.1307281291459493,
        0.3190715290103459,
        0.1335000585205864,
        0.297285899850632,
        0.17746588580625855,
        0.140625,
        0.120017902310447,
        0.15857643070456592,
        0.22207297505549836,
        0.24951124097923924,
        0.0,
        0.14740595518838442,
        0.3325593227155119,
        0.2692763740564701,
        0.09375,
        0.1137517170200081,
        0.12789613706050704,
        0.17044862679118303,
        0.2170694373351532,
        0.25194555463432966,
        0.22534695471649932,
        0.15229366163764005,
        0.28683687110446593,
        0.31444705933590794,
        0.2159417962669571,
        0.12597277731716483,
        0.14823176532039278,
        0.25242960033442985,
        0.09375,
        0.3174520824514745,
        0.17399263633843817,
        0.4330127018922193,
        0.4697905118241534,
        0.15546678704790937,
        0.28555729503901667,
        0.140625,
        0.171875,
        0.1690102160373745,
        0.171875,
        0.1269381000724369,
        0.1335000585205864,
        0.15309310892394862,
        0.1725051579341583,
        0.17608480733726006,
        0.13621559198564606,
        0.15467960838455727,
        0.15229366163764005,
        0.203125,
        0.12203515118604147
    ],
    [
        0.18553659510996745,
        0.3620821945705146,
        0.16010860571811872,
        0.4377789289413094,
        0.2943975575221371,
        0.13975424859373686,
        0.16828640022295324,
        0.20610790559801437,
        0.24356964481437338,
        0.2159417962669571,
        0.14740595518838442,
        0.0,
        0.4116231210099841,
        0.28254908312539256,
        0.10597390598633231,
        0.14823176532039278,
        0.1335000585205864,
        0.2543565718140579,
        0.35596205468420367,
        0.34798527267687634,
        0.3681005934184296,
        0.14320549046737,
        0.36543798636020314,
        0.38937299357428473,
        0.39897329171261575,
        0.1335000585205864,
        0.1660960283239789,
        0.3862252216971336,
        0.12401959270615269,
        0.3882567096257893,
        0.24853083938416978,
        0.5958023739043006,
        0.5477671294674408,
        0.22262198201210948,
        0.3398212995458054,
        0.140625,
        0.16535945694153692,
        0.20787710461953235,
        0.18944305707784595,
        0.18944305707784595,
        0.15546678704790937,
        0.12789613706050704,
        0.26088499554933736,
        0.20191949973937634,
        0.120017902310447,
        0.18814991529362962,
        0.10004881620988826,
        0.2125229766989913,
        0.1711632992203644
    ],
    [
        0.31054073303674673,
        0.13799626353637262,
        0.42990051538117513,
        0.16387638252658618,
        0.2893790496476896,
        0.36174490321219455,
        0.3710731902199349,
        0.2275034340400162,
        0.13441133229754104,
        0.623631313858597,
        0.3325593227155119,
        0.4116231210099841,
        0.0,
        0.2567449488305466,
        0.3376591060152236,
        0.3347544575879461,
        0.4846269506022132,
        0.28081563680642857,
        0.13258252147247765,
        0.11899645477912357,
        0.19640320453088336,
        0.42129589883477386,
        0.19452968121857395,
        0.12103072956898178,
        0.16461958988832404,
        0.44469529596117835,
        0.5048592006688597,
        0.19390115071860714,
        0.39866721319290854,
        0.09170217115447402,
        0.19578068884596356,
        0.32287466124643477,
        0.14740595518838442,
        0.2764344689524083,
        0.13441133229754104,
        0.2927342811749249,
        0.5738864897564674,
        0.25911131174651564,
        0.2567449488305466,
        0.3700849775727191,
        0.29481191037676885,
        0.2651650429449553,
        0.19791666666666663,
        0.2715335499528557,
        0.44579195680272204,
        0.21763106683100186,
        0.46034124570800733,
        0.16755945773068137,
        0.28384222069663984
    ],
    [
        0.23799290955824715,
        0.30737993082665627,
        0.2923169833417142,
        0.25911131174651564,
        0.2312288841710741,
        0.3121091305537215,
        0.28470104934825935,
        0.17608480733726006,
        0.184877493221863,
        0.5419420373757695,
        0.2692763740564701,
        0.28254908312539256,
        0.2567449488305466,
        0.0,
        0.23228232417685166,
        0.2096313728906053,
        0.31444705933590794,
        0.24256522962906288,
        0.19327057620082783,
        0.1907274314958391,
        0.2642427269576213,
        0.32021721143623744,
        0.26745691825974516,
        0.25,
        0.2981060004427955,
        0.3458741190809165,
        0.3433947027474361,
        0.2781952158557009,
        0.25626905416963636,
        0.22809883792143945,
        0.213668661424646,
        0.36643873123620546,
        0.38843134045800165,
        0.2543565718140579,
        0.20009763241977652,
        0.21763106683100186,
        0.4566137248813268,
        0.20787710461953235,
        0.2096313728906053,
        0.30578727798095195,
        0.1988737822087165,
        0.21021287573552672,
        0.20969606394997287,
        0.20432338797846908,
        0.33729739288942034,
        0.20551478809321727,
        0.30257682392245444,
        0.2013140426050801,
        0.2633171804117612
    ],
    [
        0.13887803777055607,
        0.29022149407822984,
        0.14986973510352247,
        0.36743675050952646,
        0.2312288841710741,
        0.12203515118604147,
        0.14905300022139775,
        0.1570293065800139,
        0.19008632907181935,
        0.25911131174651564,
        0.09375,
        0.10597390598633231,
        0.3376591060152236,
        0.23228232417685166,
        0.0,
        0.13799626353637262,
        0.140625,
        0.2125229766989913,
        0.29646353064078557,
        0.29973947020704494,
        0.28683687110446593,
        0.15625,
        0.3065846385991966,
        0.350780380010057,
        0.3140586131600278,
        0.12303137303143455,
        0.18355218944485516,
        0.3205981957606749,
        0.11158481919598204,
        0.3235460935520282,
        0.1767766952966369,
        0.5245440728623287,
        0.4736720747257537,
        0.19136638615493579,
        0.2651650429449553,
        0.13799626353637262,
        0.19764235376052372,
        0.1795175827043134,
        0.14149039278339715,
        0.17258376589355096,
        0.12597277731716483,
        0.10364452469860624,
        0.23251577380780955,
        0.16387638252658618,
        0.13441133229754104,
        0.13531646934131855,
        0.12597277731716483,
        0.18221724671391565,
        0.14320549046737
    ],
    [
        0.12401959270615269,
        0.30338262248355624,
        0.15229366163764005,
        0.30136408628102984,
        0.1781524101717403,
        0.13531646934131855,
        0.11048543456039805,
        0.1690102160373745,
        0.19200321449132043,
        0.28853414550967793,
        0.1137517170200081,
        0.14823176532039278,
        0.3347544575879461,
        0.2096313728906053,
        0.13799626353637262,
        0.0,
        0.125,
        0.15780476466190746,
        0.22480460265528374,
        0.2445699350390395,
        0.23799290955824715,
        0.15309310892394862,
        0.26745691825974516,
        0.30378472023786846,
        0.27332587007087344,
        0.140625,
        0.15229366163764005,
        0.2533949178160446,
        0.10597390598633231,
        0.2742670947016997,
        0.15780476466190746,
        0.432448515721814,
        0.48487877028696563,
        0.13531646934131855,
        0.2415566380271923,
        0.10597390598633231,
        0.20551478809321727,
        0.16010860571811872,
        0.12103072956898178,
        0.1269381000724369,
        0.08118988160479113,
        0.13531646934131855,
        0.14666799833675756,
        0.203125,
        0.13799626353637262,
        0.11481983169296148,
        0.184877493221863,
        0.21194781197266463,
        0.11587810136086973
    ],
    [
        0.17469281074217108,
        0.42990051538117513,
        0.11796616305110547,
        0.382413695328763,
        0.21021287573552672,
        0.14574029770451274,
        0.109375,
        0.23070036031614688,
        0.3121091305537215,
        0.15934435979977452,
        0.12789613706050704,
        0.1335000585205864,
        0.4846269506022132,
        0.31444705933590794,
        0.140625,
        0.125,
        0.0,
        0.2013140426050801,
        0.3209787278777209,
        0.3412551510600243,
        0.296875,
        0.10481568644530265,
        0.34089725358236606,
        0.4139887906091178,
        0.3065846385991966,
        0.09631896879639025,
        0.10364452469860624,
        0.3167677333236452,
        0.0924387466109315,
        0.4039733214513607,
        0.27421763710600383,
        0.5432918328348034,
        0.6183237167940431,
        0.1570293065800139,
        0.38495890608609123,
        0.15467960838455727,
        0.11267347735824966,
        0.2557922741210141,
        0.19825902406952375,
        0.109375,
        0.14149039278339715,
        0.1801962905417312,
        0.21806688974435753,
        0.25,
        0.12103072956898178,
        0.2072890493972125,
        0.12597277731716483,
        0.32249636625859834,
        0.15780476466190746
    ],
    [
        0.20009763241977652,
        0.2415566380271923,
        0.17608480733726006,
        0.19452968121857395,
        0.1514899955442603,
        0.1711632992203644,
        0.1335000585205864,
        0.18619336387207788,
        0.22480460265528374,
        0.3081731706768128,
        0.17044862679118303,
        0.2543565718140579,
        0.28081563680642857,
        0.24256522962906288,
        0.2125229766989913,
        0.15780476466190746,
        0.2013140426050801,
        0.0,
        0.11267347735824966,
        0.1711632992203644,
        0.16312978920172735,
        0.19702375332685143,
        0.24705294220065463,
        0.2567449488305466,
        0.1335000585205864,
        0.18421603316486868,
        0.19452968121857395,
        0.13887803777055607,
        0.16312978920172735,
        0.20989001749593628,
        0.13621559198564606,
        0.31868871959954903,
        0.3890593624371479,
        0.12401959270615269,
        0.16237976320958225,
        0.1781524101717403,
        0.2415566380271923,
        0.1767766952966369,
        0.20372507516258279,
        0.12203515118604147,
        0.14823176532039278,
        0.18288593610499415,
        0.14722181276148513,
        0.2125229766989913,
        0.2072890493972125,
        0.1616262567623219,
        0.26005182776708186,
        0.23228232417685166,
        0.11796616305110547
    ],
    [
        0.27599252707274524,
        0.12303137303143455,
        0.2976962325509008,
        0.1608692209529219,
        0.16461958988832404,
        0.2781952158557009,
        0.2395267143243108,
        0.14823176532039278,
        0.1788362990978062,
        0.5144399260360728,
        0.2170694373351532,
        0.35596205468420367,
        0.13258252147247765,
        0.19327057620082783,
        0.29646353064078557,
        0.22480460265528374,
        0.3209787278777209,
        0.11267347735824966,
        0.0,
        0.09757809372497497,
        0.11048543456039805,
        0.3081731706768128,
        0.19825902406952375,
        0.184877493221863,
        0.10245997694221876,
        0.3332926407453366,
        0.3511282039725661,
        0.1570293065800139,
        0.28980057798424075,
        0.14629762401237642,
        0.16387638252658618,
        0.3029799910885206,
        0.19764235376052372,
        0.16755945773068137,
        0.09757809372497497,
        0.2390165396996618,
        0.44524396402421895,
        0.20070675904164265,
        0.22910747341586218,
        0.21194781197266463,
        0.19948664585630788,
        0.24705294220065463,
        0.15397651561556755,
        0.23593232610221093,
        0.3423265984407288,
        0.1608692209529219,
        0.40202126032089397,
        0.19136638615493579,
        0.18288593610499415
    ],
    [
        0.28384222069663984,
        0.13531646934131855,
        0.3318243840874266,
        0.14657549249448218,
        0.2096313728906053,
        0.2795084971874737,
        0.25291271962872885,
        0.19452968121857395,
        0.16828640022295324,
        0.5031638183782693,
        0.25194555463432966,
        0.34798527267687634,
        0.11899645477912357,
        0.1907274314958391,
        0.29973947020704494,
        0.2445699350390395,
        0.3412551510600243,
        0.1711632992203644,
        0.09757809372497497,
        0.0,
        0.1795175827043134,
        0.3340243488504992,
        0.1514899955442603,
        0.13531646934131855,
        0.14320549046737,
        0.3262595784034547,
        0.37205877811845806,
        0.16010860571811872,
        0.3045873232752801,
        0.13481436568275817,
        0.1907274314958391,
        0.32886820593514354,
        0.2125229766989913,
        0.2159417962669571,
        0.12203515118604147,
        0.23017062285400366,
        0.443871022229431,
        0.184877493221863,
        0.22262198201210948,
        0.25048780534189685,
        0.21986323874172325,
        0.2633171804117612,
        0.1286363441169632,
        0.225888004606265,
        0.3419698223162389,
        0.1801962905417312,
        0.4071504443998557,
        0.1887975933374152,
        0.20372507516258279
    ],
    [
        0.2799448885495143,
        0.1753901900050285,
        0.23747943989954162,
        0.1801962905417312,
        0.15229366163764005,
        0.30935921676911454,
        0.258639771206982,
        0.18221724671391565,
        0.20669932117692114,
        0.4987778031097615,
        0.22534695471649932,
        0.3681005934184296,
        0.19640320453088336,
        0.2642427269576213,
        0.28683687110446593,
        0.23799290955824715,
        0.296875,
        0.16312978920172735,
        0.11048543456039805,
        0.1795175827043134,
        0.0,
        0.3045873232752801,
        0.26238836912104163,
        0.24951124097923924,
        0.109375,
        0.3451675317871019,
        0.3243834295629171,
        0.14740595518838442,
        0.26052081250832915,
        0.20245616380809175,
        0.17044862679118303,
        0.2773162398327945,
        0.22534695471649932,
        0.18154609435347266,
        0.13531646934131855,
        0.2914805954090255,
        0.4095419506900361,
        0.24556615071096424,
        0.24705294220065463,
        0.234375,
        0.23799290955824715,
        0.2395267143243108,
        0.1904427635289815,
        0.24105075969596113,
        0.3376591060152236,
        0.19200321449132043,
        0.390625,
        0.2159417962669571,
        0.22316963839196408
    ],
    [
        0.2209708691207961,
        0.30418628646768414,
        0.06987712429686843,
        0.3921843874378479,
        0.2348952559120767,
        0.11267347735824966,
        0.13258252147247765,
        0.21650635094610965,
        0.27775607554111215,
        0.171875,
        0.15229366163764005,
        0.14320549046737,
        0.42129589883477386,
        0.32021721143623744,
        0.15625,
        0.15309310892394862,
        0.10481568644530265,
        0.19702375332685143,
        0.3081731706768128,
        0.3340243488504992,
        0.3045873232752801,
        0.0,
        0.3782412011534439,
        0.4107324821279661,
        0.31715286140913185,
        0.125,
        0.11158481919598204,
        0.3284968131504475,
        0.09110862335695782,
        0.3937720452382458,
        0.24754655496491967,
        0.5638005797708974,
        0.5099115272525225,
        0.13258252147247765,
        0.33034960174790584,
        0.19515618744994995,
        0.10825317547305482,
        0.26005182776708186,
        0.22371595411369302,
        0.11796616305110547,
        0.14657549249448218,
        0.14740595518838442,
        0.2577467298262213,
        0.24105075969596113,
        0.12203515118604147,
        0.18684782411095935,
        0.13531646934131855,
        0.2872621298570349,
        0.14235052467412967
    ],
    [
        0.2665425329567497,
        0.19948664585630788,
        0.36543798636020314,
        0.15857643070456592,
        0.2647042866577721,
        0.30618621784789724,
        0.275106513463422,
        0.29064180058966055,
        0.19640320453088336,
        0.5053425508998821,
        0.28683687110446593,
        0.36543798636020314,
        0.19452968121857395,
        0.26745691825974516,
        0.3065846385991966,
        0.26745691825974516,
        0.34089725358236606,
        0.24705294220065463,
        0.19825902406952375,
        0.1514899955442603,
        0.26238836912104163,
        0.3782412011534439,
        0.0,
        0.1288470508005519,
        0.19515618744994995,
        0.3194538796915761,
        0.38843134045800165,
        0.20904825250405706,
        0.3217384419058438,
        0.151310823399312,
        0.23385358667337133,
        0.2790714234295586,
        0.2049199538844375,
        0.27599252707274524,
        0.18619336387207788,
        0.2159417962669571,
        0.4189714899309976,
        0.21875,
        0.25146057717861064,
        0.28512949360772905,
        0.2642427269576213,
        0.29563887388163285,
        0.15814819219467682,
        0.2872621298570349,
        0.3347544575879461,
        0.22426093897511443,
        0.4026280852101602,
        0.23696485762661096,
        0.23175620272173947
    ],
    [
        0.3198357732884175,
        0.14986973510352247,
        0.4160477173654484,
        0.13531646934131855,
        0.28470104934825935,
        0.32249636625859834,
        0.31715286140913185,
        0.28853414550967793,
        0.1907274314958391,
        0.5515425810850872,
        0.31444705933590794,
        0.38937299357428473,
        0.12103072956898178,
        0.25,
        0.350780380010057,
        0.30378472023786846,
        0.4139887906091178,
        0.2567449488305466,
        0.184877493221863,
        0.13531646934131855,
        0.24951124097923924,
        0.4107324821279661,
        0.1288470508005519,
        0.0,
        0.19327057620082783,
        0.3630921887069453,
        0.45069390943299864,
        0.1926379375927805,
        0.3775951866748304,
        0.10850347216666491,
        0.2405438174740727,
        0.2781952158557009,
        0.12789613706050704,
        0.27599252707274524,
        0.17399263633843817,
        0.24705294220065463,
        0.4948464881910349,
        0.21137108216357317,
        0.2670001170411728,
        0.33145630368119416,
        0.2764344689524083,
        0.31444705933590794,
        0.1662592677032538,
        0.3021731188408393,
        0.3899994991983964,
        0.22803936748947537,
        0.46140072063229376,
        0.22803936748947537,
        0.2538762001448738
    ],
    [
        0.30055287596361474,
        0.1137517170200081,
        0.28895690638917076,
        0.1269381000724369,
        0.16237976320958225,
        0.28853414550967793,
        0.23593232610221093,
        0.19640320453088336,
        0.21423920626253262,
        0.5179870141953368,
        0.2159417962669571,
        0.39897329171261575,
        0.16461958988832404,
        0.2981060004427955,
        0.3140586131600278,
        0.27332587007087344,
        0.3065846385991966,
        0.1335000585205864,
        0.10245997694221876,
        0.14320549046737,
        0.109375,
        0.31715286140913185,
        0.19515618744994995,
        0.19327057620082783,
        0.0,
        0.32923917977664807,
        0.3511282039725661,
        0.10126157341262282,
        0.28254908312539256,
        0.1573744263514388,
        0.19136638615493579,
        0.29064180058966055,
        0.20252314682524564,
        0.1616262567623219,
        0.10004881620988826,
        0.2548360379734389,
        0.4352621336620037,
        0.213668661424646,
        0.24951124097923924,
        0.19702375332685143,
        0.2576941016011038,
        0.27198273727389394,
        0.13237776069936288,
        0.2893790496476896,
        0.3412551510600243,
        0.19200321449132043,
        0.41369382171480396,
        0.23747943989954162,
        0.18288593610499415
    ],
    [
        0.17399263633843817,
        0.32923917977664807,
        0.13441133229754104,
        0.3769480650567131,
        0.24655834121967968,
        0.05412658773652741,
        0.07328774624724109,
        0.2790714234295586,
        0.2670001170411728,
        0.1788362990978062,
        0.12597277731716483,
        0.1335000585205864,
        0.44469529596117835,
        0.3458741190809165,
        0.12303137303143455,
        0.140625,
        0.09631896879639025,
        0.18421603316486868,
        0.3332926407453366,
        0.3262595784034547,
        0.3451675317871019,
        0.125,
        0.3194538796915761,
        0.3630921887069453,
        0.32923917977664807,
        0.0,
        0.14149039278339715,
        0.3101473943949876,
        0.0897587913521567,
        0.3796728535126582,
        0.26608416196760004,
        0.5858854143516461,
        0.5360536499502638,
        0.15625,
        0.3630921887069453,
        0.11481983169296148,
        0.109375,
        0.20191949973937634,
        0.213096589015404,
        0.09504316453590968,
        0.12103072956898178,
        0.1307281291459493,
        0.20715814376407649,
        0.25146057717861064,
        0.071602745233685,
        0.18421603316486868,
        0.14986973510352247,
        0.2665425329567497,
        0.0855816496101822
    ],
    [
        0.214808235701055,
        0.432448515721814,
        0.11899645477912357,
        0.4198446513295126,
        0.21986323874172325,
        0.184877493221863,
        0.12979099785809492,
        0.24754655496491967,
        0.34268300311658295,
        0.16237976320958225,
        0.14823176532039278,
        0.1660960283239789,
        0.5048592006688597,
        0.3433947027474361,
        0.18355218944485516,
        0.15229366163764005,
        0.10364452469860624,
        0.19452968121857395,
        0.3511282039725661,
        0.37205877811845806,
        0.3243834295629171,
        0.11158481919598204,
        0.38843134045800165,
        0.45069390943299864,
        0.3511282039725661,
        0.14149039278339715,
        0.0,
        0.34903606099513557,
        0.10481568644530265,
        0.4304995483285797,
        0.297285899850632,
        0.5659615711335886,
        0.6296700524878089,
        0.15229366163764005,
        0.4008048543243956,
        0.19640320453088336,
        0.11692679333668567,
        0.2872621298570349,
        0.22207297505549836,
        0.12597277731716483,
        0.1660960283239789,
        0.22426093897511443,
        0.251999383404228,
        0.28598445652692384,
        0.14905300022139775,
        0.23644915547533682,
        0.16682934768798924,
        0.3671043788897103,
        0.19640320453088336
    ],
    [
        0.275106513463422,
        0.15625,
        0.3125,
        0.10126157341262282,
        0.1711632992203644,
        0.28427195935406646,
        0.24105075969596113,
        0.23228232417685166,
        0.23644915547533682,
        0.467968097870998,
        0.25242960033442985,
        0.3862252216971336,
        0.19390115071860714,
        0.2781952158557009,
        0.3205981957606749,
        0.2533949178160446,
        0.3167677333236452,
        0.13887803777055607,
        0.1570293065800139,
        0.16010860571811872,
        0.14740595518838442,
        0.3284968131504475,
        0.20904825250405706,
        0.1926379375927805,
        0.10126157341262282,
        0.3101473943949876,
        0.34903606099513557,
        0.0,
        0.301768873684812,
        0.13661330258962498,
        0.1711632992203644,
        0.1753901900050285,
        0.15068204314051492,
        0.19578068884596356,
        0.14235052467412967,
        0.25958199571618984,
        0.41043517301761556,
        0.23644915547533682,
        0.24853083938416978,
        0.214808235701055,
        0.24105075969596113,
        0.27332587007087344,
        0.18139661215904165,
        0.2768757054167086,
        0.3391021002220423,
        0.2153757617514097,
        0.40564859330459907,
        0.2509746625657658,
        0.20191949973937634
    ],
    [
        0.1335000585205864,
        0.31328027587130347,
        0.0855816496101822,
        0.3627558364451219,
        0.2125229766989913,
        0.11267347735824966,
        0.10126157341262282,
        0.16010860571811872,
        0.24206145913796356,
        0.18154609435347266,
        0.09375,
        0.12401959270615269,
        0.39866721319290854,
        0.25626905416963636,
        0.11158481919598204,
        0.10597390598633231,
        0.0924387466109315,
        0.16312978920172735,
        0.28980057798424075,
        0.3045873232752801,
        0.26052081250832915,
        0.09110862335695782,
        0.3217384419058438,
        0.3775951866748304,
        0.28254908312539256,
        0.0897587913521567,
        0.10481568644530265,
        0.301768873684812,
        0.0,
        0.34189048817242307,
        0.19948664585630788,
        0.5134898976610932,
        0.5257063700393976,
        0.140625,
        0.29022149407822984,
        0.11692679333668567,
        0.120017902310447,
        0.20009763241977652,
        0.1608692209529219,
        0.109375,
        0.10711960313126631,
        0.1316585902058806,
        0.1991463988990121,
        0.21875,
        0.08118988160479113,
        0.14740595518838442,
        0.11899645477912357,
        0.27018150727797785,
        0.12401959270615269
    ],
    [
        0.2873093419750063,
        0.16884963622340965,
        0.37110974015257414,
