[
    [
        0.0,
        1.334634781503914,
        0.414578098794425,
        0.7180703308172536,
        1.0968705484240153,
        1.25,
        0.6846531968814576,
        1.015504800579495,
        1.1319231422671772,
        1.0897247358851685,
        0.802578751937294,
        1.1110243021644486,
        1.0383279828647594,
        1.5167811312117514,
        1.5662455107677085,
        0.9379675704763497,
        1.118033988749895,
        1.165922381636102,
        0.8926785535678563,
        1.1319231422671772,
        1.1599509089229212,
        1.25,
        0.770551750371122,
        1.3287682265918312,
        1.1726039399558574,
        1.2346558224865747,
        1.0532687216470449,
        1.0785149254620654,
        0.9013878188659973,
        0.7071067811865476,
        1.2318121249245402,
        0.9519716382329886,
        1.4848774734337884,
        1.1931517552730295,
        0.6959705453537527,
        1.2346558224865747,
        0.8926785535678563,
        0.7905694150420949,
        1.1319231422671772,
        1.2254534308210618,
        0.7905694150420949,
        1.2054563451241194,
        0.8660254037844386,
        1.2835768167291137,
        1.0574142991278301,
        0.8838834764831844,
        1.0865656906050365,
        1.0680004681646913,
        1.2624381172952597,
        0.739509972887452
    ],
    [
        1.334634781503914,
        0.0,
        1.2183492931011204,
        0.9921567416492215,
        1.0307764064044151,
        1.0231690964840563,
        0.9519716382329886,
        1.0,
        0.9762812094883317,
        0.9842509842514764,
        1.18073394677261,
        1.0532687216470449,
        0.9185586535436918,
        1.1675294428835619,
        1.224744871391589,
        0.9544805724923405,
        0.82915619758885,
        1.0307764064044151,
        0.8926785535678563,
        1.0077822185373186,
        1.125771340508858,
        0.9762812094883317,
        0.9100137361600648,
        1.224744871391589,
        1.0,
        1.0968705484240153,
        0.875,
        1.0857345183996154,
        1.0897247358851685,
        0.9682458365518543,
        1.1666666666666667,
        1.231107225224513,
        1.4092945437739803,
        1.2692955176439846,
        0.9921567416492215,
        1.118033988749895,
        1.0897247358851685,
        1.0458250331675945,
        0.9270248108869579,
        1.0008676791220261,
        0.9354143466934853,
        0.9842509842514764,
        1.0532687216470449,
        1.1141451630934116,
        0.9148087231765993,
        1.0077822185373186,
        0.9148087231765993,
        0.9842509842514764,
        1.0680004681646913,
        1.2183492931011204
    ],
    [
        0.414578098794425,
        1.2183492931011204,
        0.0,
        0.6959705453537527,
        0.9100137361600648,
        1.159202311936963,
        0.6373774391990981,
        0.9185586535436918,
        0.9921567416492215,
        0.960143218483576,
        0.7523348011764606,
        1.0231690964840563,
        0.8838834764831844,
        1.3418736900319643,
        1.489546910976623,
        0.8687825753692958,
        1.0077822185373186,
        1.0383279828647594,
        0.81967981553775,
        0.9762812094883317,
        1.076097630845413,
        1.0897247358851685,
        0.7071067811865476,
        1.1792476415070754,
        0.9682458365518543,
        1.1960873713905686,
        0.9013878188659973,
        0.9956502621123767,
        0.75,
        0.7071067811865476,
        1.0833333333333333,
        0.8477912478906585,
        1.2936812246883354,
        1.1118053386771944,
        0.6373774391990981,
        1.1960873713905686,
        0.7180703308172536,
        0.7603453162872774,
        0.960143218483576,
        1.1599509089229212,
        0.7180703308172536,
        1.125,
        0.739509972887452,
        1.2211959074794039,
        0.8888194417315589,
        0.7180703308172536,
        1.0043654713300334,
        0.875,
        1.1388041973930374,
        0.6614378277661477
    ],
    [
        0.7180703308172536,
        0.9921567416492215,
        0.6959705453537527,
        0.0,
        0.9921567416492215,
        1.0532687216470449,
        0.6373774391990981,
        0.7071067811865476,
        0.9270248108869579,
        0.8926785535678563,
        0.6573272256894986,
        0.7905694150420949,
        0.6846531968814576,
        1.3160072188251857,
        1.2930100540985752,
        0.6733824155344572,
        0.81967981553775,
        0.875,
        0.625,
        0.9437293044088437,
        1.006058038970803,
        1.1110243021644486,
        0.625,
        1.165922381636102,
        1.118033988749895,
        1.0559356040971437,
        0.7806247497997998,
        0.8079466429027216,
        0.8838834764831844,
        0.414578098794425,
        1.0214708893442719,
        0.875,
        1.2856040517117926,
        1.2040152730666573,
        0.6846531968814576,
        1.0105691465703868,
        0.6614378277661477,
        0.5448623679425842,
        0.875,
        0.9418878796214429,
        0.57282196186948,
        0.9682458365518543,
        0.770551750371122,
        1.0366546087187274,
        0.8692669325356855,
        0.5590169943749475,
        0.8325412902673356,
        0.5863019699779287,
        1.0752906583803283,
        0.8100925873009825
    ],
    [
        1.0968705484240153,
        1.0307764064044151,
        0.9100137361600648,
        0.9921567416492215,
        0.0,
        0.9354143466934853,
        1.0231690964840563,
        0.9185586535436918,
        0.9762812094883317,
        0.9519716382329886,
        1.2909121122805585,
        1.0752906583803283,
        1.0532687216470449,
        1.0065411069598698,
        1.2119199643540823,
        1.0357142857142856,
        0.9519716382329886,
        1.165922381636102,
        0.81967981553775,
        0.8660254037844386,
        0.8730136183232068,
        0.875,
        1.0680004681646913,
        1.0532687216470449,
        0.8660254037844386,
        0.8870597499605086,
        0.9762812094883317,
        1.1711224435462664,
        0.7288689868556626,
        0.9921567416492215,
        0.8994597143717876,
        0.9437293044088437,
        1.0736748938937604,
        0.8819171036881969,
        0.9185586535436918,
        0.954921462739214,
        1.0231690964840563,
        1.1858541225631423,
        0.8926785535678563,
        1.0881304047667162,
        0.8926785535678563,
        0.960143218483576,
        1.0077822185373186,
        1.0516191220103304,
        0.9045026257562772,
        1.0307764064044151,
        0.85110222652746,
        1.159202311936963,
        0.9519716382329886,
        1.0680004681646913
    ],
    [
        1.25,
        1.0231690964840563,
        1.159202311936963,
        1.0532687216470449,
        0.9354143466934853,
        0.0,
        1.0968705484240153,
        1.015504800579495,
        1.0383279828647594,
        0.9437293044088437,
        1.282237362215446,
        1.0752906583803283,
        1.0077822185373186,
        1.1404494727957044,
        1.3050383136138188,
        1.0990487538163656,
        0.8926785535678563,
        1.224744871391589,
        0.9437293044088437,
        1.0,
        1.104756131963571,
        1.0307764064044151,
        1.0825317547305484,
        0.9682458365518543,
        1.0532687216470449,
        1.0720890821195783,
        0.9354143466934853,
        1.2465229418042993,
        0.9842509842514764,
        0.9921567416492215,
        1.0833333333333333,
        1.1110243021644486,
        1.1464013743498005,
        1.125771340508858,
        1.015504800579495,
        1.0121141239998581,
        0.9762812094883317,
        1.224744871391589,
        0.9270248108869579,
        1.1931517552730295,
        0.9185586535436918,
        1.14564392373896,
        1.1989578808281798,
        1.0929064207170003,
        0.9513148795220224,
        1.0383279828647594,
        0.9483538369195329,
        1.0606601717798212,
        1.0825317547305484,
        1.3169567191065923
    ],
    [
        0.6846531968814576,
        0.9519716382329886,
        0.6373774391990981,
        0.6373774391990981,
        1.0231690964840563,
        1.0968705484240153,
        0.0,
        0.81967981553775,
        0.8838834764831844,
        0.9270248108869579,
        0.6401231546048186,
        0.9270248108869579,
        0.5303300858899106,
        1.3418736900319643,
        1.2374368670764582,
        0.6162654973834785,
        0.7905694150420949,
        0.8477912478906585,
        0.7905694150420949,
        0.9842509842514764,
        1.0008676791220261,
        1.0532687216470449,
        0.5,
        1.103970108290981,
        0.9437293044088437,
        1.0859903314486736,
        0.6373774391990981,
        0.8965597829729173,
        0.82915619758885,
        0.5153882032022076,
        1.1188101318414627,
        0.82915619758885,
        1.442172358323065,
        1.1599509089229212,
        0.5590169943749475,
        1.0793516572461452,
        0.770551750371122,
        0.57282196186948,
        0.81967981553775,
        0.9446486707295528,
        0.6373774391990981,
        0.9921567416492215,
        0.7288689868556626,
        1.1141451630934116,
        0.8154753215150046,
        0.5448623679425842,
        0.8154753215150046,
        0.6123724356957945,
        0.9682458365518543,
        0.770551750371122
    ],
    [
        1.015504800579495,
        1.0,
        0.9185586535436918,
        0.7071067811865476,
        0.9185586535436918,
        1.015504800579495,
        0.81967981553775,
        0.0,
        0.9270248108869579,
        0.9013878188659973,
        0.7388628880563286,
        0.6373774391990981,
        0.81967981553775,
        1.1702029738468451,
        1.159202311936963,
        0.7883478590944327,
        0.8100925873009825,
        0.770551750371122,
        0.7905694150420949,
        0.82915619758885,
        0.9418878796214429,
        1.0680004681646913,
        0.8003905296791061,
        1.0825317547305484,
        1.0231690964840563,
        0.9334077351297235,
        0.8385254915624212,
        0.6821127309893709,
        0.9354143466934853,
        0.770551750371122,
        1.006058038970803,
        1.0,
        1.3037073205968346,
        1.0663736576724772,
        0.7905694150420949,
        0.925,
        0.82915619758885,
        0.82915619758885,
        0.8838834764831844,
        0.9251501379656049,
        0.7180703308172536,
        0.7905694150420949,
        0.8477912478906585,
        0.8640183897219884,
        0.7980444849756184,
        0.7806247497997998,
        0.8362864341838866,
        0.5863019699779287,
        1.1319231422671772,
        0.6846531968814576
    ],
    [
        1.1319231422671772,
        0.9762812094883317,
        0.9921567416492215,
        0.9270248108869579,
        0.9762812094883317,
        1.0383279828647594,
        0.8838834764831844,
        0.9270248108869579,
        0.0,
        0.875,
        1.1265578782562504,
        1.0307764064044151,
        0.8926785535678563,
        1.1808365678619543,
        1.192424001771182,
        0.7798073414606447,
        0.82915619758885,
        1.0606601717798212,
        0.875,
        0.9354143466934853,
        1.016359243137539,
        0.9185586535436918,
        0.8100925873009825,
        1.103970108290981,
        0.8660254037844386,
        0.9737171047075224,
        0.9185586535436918,
        1.0857345183996154,
        0.8569568250501305,
        0.8838834764831844,
        1.0614782669047498,
        1.0,
        1.3235316811890492,
        1.016359243137539,
        0.81967981553775,
        1.0359174677550331,
        1.0307764064044151,
        1.0680004681646913,
        0.7905694150420949,
        0.9691419458010839,
        0.8477912478906585,
        1.015504800579495,
        0.875,
        1.1688966782587948,
        0.852936105461599,
        0.8660254037844386,
        0.9233092656309694,
        0.8569568250501305,
        0.9921567416492215,
        1.0968705484240153
    ],
    [
        1.0897247358851685,
        0.9842509842514764,
        0.960143218483576,
        0.8926785535678563,
        0.9519716382329886,
        0.9437293044088437,
        0.9270248108869579,
        0.9013878188659973,
        0.875,
        0.0,
        1.1334715051827393,
        0.9437293044088437,
        0.81967981553775,
        1.1404494727957044,
        1.25,
        0.9024484834638056,
        0.8838834764831844,
        1.1726039399558574,
        0.8385254915624212,
        0.8926785535678563,
        0.961046882889233,
        1.015504800579495,
        0.9354143466934853,
        1.0825317547305484,
        0.8569568250501305,
        0.8835298523536147,
        0.9519716382329886,
        1.162193806748446,
        0.8838834764831844,
        0.9354143466934853,
        1.024017143953709,
        0.9519716382329886,
        1.1931517552730295,
        1.0316182002616623,
        0.8838834764831844,
        0.928372231381357,
        0.9100137361600648,
        1.0752906583803283,
        0.81967981553775,
        1.0391636594449938,
        0.9100137361600648,
        1.015504800579495,
        0.9921567416492215,
        1.1418491338370602,
        0.8344159634139319,
        0.875,
        0.9317322576792112,
        0.875,
        0.9842509842514764,
        1.1524430571616109
    ],
    [
        0.802578751937294,
        1.18073394677261,
        0.7523348011764606,
        0.6573272256894986,
        1.2909121122805585,
        1.282237362215446,
        0.6401231546048186,
        0.7388628880563286,
        1.1265578782562504,
        1.1334715051827393,
        0.0,
        0.9008570182592456,
        0.8122546725388685,
        1.549456784337857,
        1.3655753067360827,
        0.6776309271789384,
        0.9654424279223764,
        0.799792702734239,
        0.8858654824866045,
        1.132486428264852,
        1.2638406085817255,
        1.3300874606811481,
        0.6522136559910597,
        1.3238394994893314,
        1.232530994766957,
        1.3134459661982478,
        0.8218166785002751,
        0.7734660409825942,
        1.091332970756966,
        0.6401231546048186,
        1.2792634688271751,
        1.12896127986241,
        1.6691520584129862,
        1.302728581619983,
        0.7312712581944025,
        1.3918311239338703,
        0.7523348011764606,
        0.5187799659404982,
        1.032476466105269,
        1.112044321821817,
        0.6757459974437322,
        0.9995215692254664,
        0.7814413031086095,
        1.0712962881301564,
        0.9720323753741489,
        0.6023974211940357,
        1.0343340556974379,
        0.573934238571007,
        1.3417833852978,
        0.5719863349302489
    ],
    [
        1.1110243021644486,
        1.0532687216470449,
        1.0231690964840563,
        0.7905694150420949,
        1.0752906583803283,
        1.0752906583803283,
        0.9270248108869579,
        0.6373774391990981,
        1.0307764064044151,
        0.9437293044088437,
        0.9008570182592456,
        0.0,
        0.8838834764831844,
        1.2095970403402945,
        1.2119199643540823,
        0.8584439529801368,
        0.8660254037844386,
        0.649519052838329,
        0.875,
        0.9519716382329886,
        0.93355652093367,
        1.159202311936963,
        0.9013878188659973,
        1.125,
        1.1110243021644486,
        1.0514870422406546,
        0.9100137361600648,
        0.6821127309893709,
        1.015504800579495,
        0.8385254915624212,
        1.0290907529357056,
        1.125,
        1.3096861371251425,
        1.1441275181454984,
        0.875,
        1.0588909292273685,
        0.9354143466934853,
        0.9100137361600648,
        0.9185586535436918,
        0.9904053603337261,
        0.81967981553775,
        0.770551750371122,
        0.9270248108869579,
        0.9166666666666666,
        0.8455767262643882,
        0.8838834764831844,
        0.9079509898667439,
        0.7071067811865476,
        1.0606601717798212,
        0.75
    ],
    [
        1.0383279828647594,
        0.9185586535436918,
        0.8838834764831844,
        0.6846531968814576,
        1.0532687216470449,
        1.0077822185373186,
        0.5303300858899106,
        0.81967981553775,
        0.8926785535678563,
        0.81967981553775,
        0.8122546725388685,
        0.8838834764831844,
        0.0,
        1.2639224659764539,
        1.299038105676658,
        0.7028095947912295,
        0.739509972887452,
        0.875,
        0.770551750371122,
        0.9842509842514764,
        1.0614782669047498,
        1.1319231422671772,
        0.6123724356957945,
        1.0680004681646913,
        0.9185586535436918,
        1.1222187843731721,
        0.7071067811865476,
        0.9223309842157773,
        0.9519716382329886,
        0.649519052838329,
        1.1188101318414627,
        0.960143218483576,
        1.4743171677461777,
        1.1996816707406641,
        0.6959705453537527,
        1.0761621625015443,
        0.7288689868556626,
        0.649519052838329,
        0.7806247497997998,
        0.961046882889233,
        0.673145600891813,
        0.9762812094883317,
        0.8100925873009825,
        1.1000315652036738,
        0.7660776723022281,
        0.6123724356957945,
        0.8154753215150046,
        0.673145600891813,
        0.9762812094883317,
        0.875
    ],
    [
        1.5167811312117514,
        1.1675294428835619,
        1.3418736900319643,
        1.3160072188251857,
        1.0065411069598698,
        1.1404494727957044,
        1.3418736900319643,
        1.1702029738468451,
        1.1808365678619543,
        1.1404494727957044,
        1.549456784337857,
        1.2095970403402945,
        1.2639224659764539,
        0.0,
        1.2351619327035626,
        1.3006768253803989,
        1.2427288521636568,
        1.372953021774598,
        1.2262748468430722,
        1.003431612019474,
        1.0099848733740742,
        1.0985786271359916,
        1.4265342617687107,
        1.1651180197731044,
        1.001873245475694,
        1.03289641300568,
        1.3124404748406688,
        1.4117316002382008,
        1.0476163419878481,
        1.3418736900319643,
        0.9543031197918429,
        1.200520720354297,
        1.1130226612447944,
        0.9705382241027112,
        1.2639224659764539,
        1.0553435459602716,
        1.2514991010783827,
        1.635733780295559,
        1.077032961426901,
        1.2201718913515605,
        1.3592277219068187,
        1.1900630235411904,
        1.2651580928879995,
        1.1425787111228316,
        1.2090802289343747,
        1.4374456511465052,
        1.0550473923004597,
        1.2589678312014172,
        1.2262748468430722,
        1.3325257971236428
    ],
    [
        1.5662455107677085,
        1.224744871391589,
        1.489546910976623,
        1.2930100540985752,
        1.2119199643540823,
        1.3050383136138188,
        1.2374368670764582,
        1.159202311936963,
        1.192424001771182,
        1.25,
        1.3655753067360827,
        1.2119199643540823,
        1.299038105676658,
        1.2351619327035626,
        0.0,
        1.1720599343872813,
        1.125,
        1.14564392373896,
        1.2562344526401112,
        1.165922381636102,
        1.0881304047667162,
        1.224744871391589,
        1.3287682265918312,
        1.4842927608797396,
        1.192424001771182,
        1.1765946625750092,
        1.1989578808281798,
        1.267242193812129,
        1.3110110602126894,
        1.2747548783981961,
        1.2822235461190932,
        1.4252192813739224,
        1.4129854131510975,
        1.1938790651578668,
        1.2808688457449497,
        1.169935895679759,
        1.4684175155588413,
        1.4947825928876748,
        1.165922381636102,
        1.0680004681646913,
        1.3228756555322954,
        1.0897247358851685,
        1.1792476415070754,
        1.1234557302260635,
        1.1357816691600546,
        1.3110110602126894,
        1.1629703349613008,
        1.1989578808281798,
        1.2054563451241194,
        1.3110110602126894
    ],
    [
        0.9379675704763497,
        0.9544805724923405,
        0.8687825753692958,
        0.6733824155344572,
        1.0357142857142856,
        1.0990487538163656,
        0.6162654973834785,
        0.7883478590944327,
        0.7798073414606447,
        0.9024484834638056,
        0.6776309271789384,
        0.8584439529801368,
        0.7028095947912295,
        1.3006768253803989,
        1.1720599343872813,
        0.0,
        0.7605549799659591,
        0.8116655840973936,
        0.7715856321595822,
        0.9926387221205212,
        1.0102752986876014,
        1.0797297469879268,
        0.676689118624872,
        1.1409023460688064,
        0.9811683477011538,
        1.0912219325702948,
        0.7104809380027772,
        0.8250008589289831,
        0.9432223318745898,
        0.6531907556489958,
        1.1643563129827426,
        0.9634586400154437,
        1.4378912264626702,
        1.1683509465226458,
        0.7321428571428572,
        1.0323590974667918,
        0.9296010774871692,
        0.7104809380027772,
        0.8225923433057872,
        0.9212932101878978,
        0.7279934682371253,
        0.8910696392767609,
        0.7576144084141581,
        1.057414969268716,
        0.7641271531116068,
        0.641118681107723,
        0.8680922667974121,
        0.569192051803901,
        0.9636241116594316,
        0.8880226256540255
    ],
    [
        1.118033988749895,
        0.82915619758885,
        1.0077822185373186,
        0.81967981553775,
        0.9519716382329886,
        0.8926785535678563,
        0.7905694150420949,
        0.8100925873009825,
        0.82915619758885,
        0.8838834764831844,
        0.9654424279223764,
        0.8660254037844386,
        0.739509972887452,
        1.2427288521636568,
        1.125,
        0.7605549799659591,
        0.0,
        0.8385254915624212,
        0.7806247497997998,
        0.8926785535678563,
        0.9904053603337261,
        1.015504800579495,
        0.770551750371122,
        1.0532687216470449,
        0.9354143466934853,
        0.9871043511199816,
        0.8569568250501305,
        0.93355652093367,
        0.960143218483576,
        0.7603453162872774,
        1.0516191220103301,
        1.0231690964840563,
        1.2360330811826103,
        1.102396379610246,
        0.8003905296791061,
        1.0259142264341596,
        0.9013878188659973,
        0.875,
        0.81967981553775,
        0.8457409637576849,
        0.7905694150420949,
        0.8385254915624212,
        0.875,
        0.9583333333333334,
        0.85110222652746,
        0.8100925873009825,
        0.7842193570679061,
        0.8003905296791061,
        1.0307764064044151,
        0.9762812094883317
    ],
    [
        1.165922381636102,
        1.0307764064044151,
        1.0383279828647594,
        0.875,
        1.165922381636102,
        1.224744871391589,
        0.8477912478906585,
        0.770551750371122,
        1.0606601717798212,
        1.1726039399558574,
        0.799792702734239,
        0.649519052838329,
        0.875,
        1.372953021774598,
        1.14564392373896,
        0.8116655840973936,
        0.8385254915624212,
        0.0,
        0.8477912478906585,
        1.0231690964840563,
        1.0736748938937604,
        1.2119199643540823,
        0.8100925873009825,
        1.2562344526401112,
        1.0752906583803283,
        1.1233320969330487,
        0.875,
        0.6821127309893709,
        1.0532687216470449,
        0.82915619758885,
        1.1843892002959913,
        1.192424001771182,
        1.5143984871155207,
        1.2610621625351297,
        0.8569568250501305,
        1.2168093523637957,
        1.0680004681646913,
        0.8477912478906585,
        0.9762812094883317,
        0.9904053603337261,
        0.81967981553775,
        0.7603453162872774,
        0.8477912478906585,
        0.8457409637576849,
        0.8147085368400162,
        0.82915619758885,
        0.9500000000000001,
        0.7071067811865476,
        1.1989578808281798,
        0.7288689868556626
    ],
    [
        0.8926785535678563,
        0.8926785535678563,
        0.81967981553775,
        0.625,
        0.81967981553775,
        0.9437293044088437,
        0.7905694150420949,
        0.7905694150420949,
        0.875,
        0.8385254915624212,
        0.8858654824866045,
        0.875,
        0.770551750371122,
        1.2262748468430722,
        1.2562344526401112,
        0.7715856321595822,
        0.7806247497997998,
        0.8477912478906585,
        0.0,
        0.82915619758885,
        0.927960727138337,
        1.0077822185373186,
        0.7071067811865476,
        1.0,
        0.9519716382329886,
        0.9503288904374106,
        0.7603453162872774,
        0.9798313346920706,
        0.8477912478906585,
        0.6123724356957945,
        1.0466547239233726,
        0.9682458365518543,
        1.256925260749863,
        1.0540925533894598,
        0.6373774391990981,
        0.9263503656824452,
        0.7288689868556626,
        0.8003905296791061,
        0.8100925873009825,
        1.0391636594449938,
        0.6123724356957945,
        0.960143218483576,
        0.8660254037844386,
        0.9956502621123767,
        0.7762087348130012,
        0.6614378277661477,
        0.852936105461599,
        0.6959705453537527,
        0.9842509842514764,
        0.9013878188659973
    ],
    [
        1.1319231422671772,
        1.0077822185373186,
        0.9762812094883317,
        0.9437293044088437,
        0.8660254037844386,
        1.0,
        0.9842509842514764,
        0.82915619758885,
        0.9354143466934853,
        0.8926785535678563,
        1.132486428264852,
        0.9519716382329886,
        0.9842509842514764,
        1.003431612019474,
        1.165922381636102,
        0.9926387221205212,
        0.8926785535678563,
        1.0231690964840563,
        0.82915619758885,
        0.0,
        0.8426561840065285,
        0.9762812094883317,
        0.9842509842514764,
        1.0307764064044151,
        0.9100137361600648,
        0.8674675786448737,
        1.015504800579495,
        1.0540925533894598,
        0.875,
        0.8926785535678563,
        0.8789592962387077,
        0.9437293044088437,
        0.9956502621123767,
        0.9223309842157773,
        0.8660254037844386,
        0.9027735042633894,
        0.9519716382329886,
        1.1726039399558574,
        0.8569568250501305,
        1.0265570828962431,
        0.8926785535678563,
        0.9762812094883317,
        0.9682458365518543,
        0.9691419458010839,
        0.8961724164467462,
        0.9270248108869579,
        0.792148975887743,
        0.9270248108869579,
        0.9437293044088437,
        1.0
    ],
    [
        1.1599509089229212,
        1.125771340508858,
        1.076097630845413,
        1.006058038970803,
        0.8730136183232068,
        1.104756131963571,
        1.0008676791220261,
        0.9418878796214429,
        1.016359243137539,
        0.961046882889233,
        1.2638406085817255,
        0.93355652093367,
        1.0614782669047498,
        1.0099848733740742,
        1.0881304047667162,
        1.0102752986876014,
        0.9904053603337261,
        1.0736748938937604,
        0.927960727138337,
        0.8426561840065285,
        0.0,
        1.0540925533894598,
        1.1118053386771944,
        1.1666666666666667,
        1.0086432030758503,
        0.911195795522443,
        1.0905210273585335,
        1.125771340508858,
        0.9109671295448103,
        0.9691419458010839,
        0.8789592962387077,
        0.927960727138337,
        1.0968705484240153,
        0.9052317076000179,
        0.9446486707295528,
        0.7617596588017626,
        1.104756131963571,
        1.2997061633735185,
        0.9930312739844155,
        1.092906420717,
        1.016359243137539,
        1.0366546087187274,
        1.0416666666666667,
        1.0008676791220261,
        0.9352287301926615,
        1.0466547239233726,
        0.8643799961693803,
        1.0034662148993578,
        1.0391636594449938,
        0.9982623792259117
    ],
    [
        1.25,
        0.9762812094883317,
        1.0897247358851685,
        1.1110243021644486,
        0.875,
        1.0307764064044151,
        1.0532687216470449,
        1.0680004681646913,
        0.9185586535436918,
        1.015504800579495,
        1.3300874606811481,
        1.159202311936963,
        1.1319231422671772,
        1.0985786271359916,
        1.224744871391589,
        1.0797297469879268,
        1.015504800579495,
        1.2119199643540823,
        1.0077822185373186,
        0.9762812094883317,
        1.0540925533894598,
        0.0,
        1.0458250331675945,
        1.1792476415070754,
        0.9100137361600648,
        1.0316855140981676,
        0.960143218483576,
        1.2713455251993633,
        0.81967981553775,
        1.0825317547305484,
        1.125771340508858,
        0.9270248108869579,
        1.2190615698606495,
        1.104756131963571,
        0.9842509842514764,
        1.016427567512806,
        1.14564392373896,
        1.334634781503914,
        0.9100137361600648,
        1.0976616560266244,
        1.015504800579495,
        1.1110243021644486,
        1.0897247358851685,
        1.2713455251993633,
        1.0720890821195783,
        1.125,
        0.9400797838481583,
        1.159202311936963,
        1.0307764064044151,
        1.192424001771182
    ],
    [
        0.770551750371122,
        0.9100137361600648,
        0.7071067811865476,
        0.625,
        1.0680004681646913,
        1.0825317547305484,
        0.5,
        0.8003905296791061,
        0.8100925873009825,
        0.9354143466934853,
        0.6522136559910597,
        0.9013878188659973,
        0.6123724356957945,
        1.4265342617687107,
        1.3287682265918312,
        0.676689118624872,
        0.770551750371122,
        0.8100925873009825,
        0.7071067811865476,
        0.9842509842514764,
        1.1118053386771944,
        1.0458250331675945,
        0.0,
        1.1989578808281798,
        0.9270248108869579,
        1.1008519428152,
        0.5863019699779287,
        0.9138213416442212,
        0.8660254037844386,
        0.5448623679425842,
        1.1996816707406641,
        0.875,
        1.463680672520858,
        1.1996816707406641,
        0.5863019699779287,
        1.149456393257265,
        0.82915619758885,
        0.57282196186948,
        0.8477912478906585,
        0.961046882889233,
        0.5590169943749475,
        1.0077822185373186,
        0.7071067811865476,
        1.182188413259259,
        0.796084166404533,
        0.5590169943749475,
        0.8888194417315589,
        0.5994789404140899,
        1.0606601717798212,
        0.75
    ],
    [
        1.3287682265918312,
        1.224744871391589,
        1.1792476415070754,
        1.165922381636102,
        1.0532687216470449,
        0.9682458365518543,
        1.103970108290981,
        1.0825317547305484,
        1.103970108290981,
        1.0825317547305484,
        1.3238394994893314,
        1.125,
        1.0680004681646913,
        1.1651180197731044,
        1.4842927608797396,
        1.1409023460688064,
        1.0532687216470449,
        1.2562344526401112,
        1.0,
        1.0307764064044151,
        1.1666666666666667,
        1.1792476415070754,
        1.1989578808281798,
        0.0,
        1.0680004681646913,
        1.0121141239998581,
        1.1524430571616109,
        1.3648616128466,
        0.9270248108869579,
        1.159202311936963,
        0.9930312739844155,
        1.0968705484240153,
        1.1718634258687695,
        1.0671873729054748,
        1.0680004681646913,
        1.1219402836158439,
        0.8838834764831844,
        1.3169567191065923,
        1.103970108290981,
        1.2679270045585782,
        1.0532687216470449,
        1.1989578808281798,
        1.1726039399558574,
        1.2325166214790868,
        1.0793516572461452,
        1.14564392373896,
        0.946374661537385,
        1.125,
        1.243734296383275,
        1.243734296383275
    ],
    [
        1.1726039399558574,
        1.0,
        0.9682458365518543,
        1.118033988749895,
        0.8660254037844386,
        1.0532687216470449,
        0.9437293044088437,
        1.0231690964840563,
        0.8660254037844386,
        0.8569568250501305,
        1.232530994766957,
        1.1110243021644486,
        0.9185586535436918,
        1.001873245475694,
        1.192424001771182,
        0.9811683477011538,
        0.9354143466934853,
        1.0752906583803283,
        0.9519716382329886,
        0.9100137361600648,
        1.0086432030758503,
        0.9100137361600648,
        0.9270248108869579,
        1.0680004681646913,
        0.0,
        0.9852030247619016,
        0.9519716382329886,
        1.233924407913404,
        0.7905694150420949,
        1.0,
        1.068812944865055,
        0.9682458365518543,
        1.1666666666666667,
        0.9363418772601764,
        0.8569568250501305,
        0.9692135987490065,
        1.0231690964840563,
        1.159202311936963,
        0.875,
        0.9930312739844155,
        0.9842509842514764,
        1.015504800579495,
        0.960143218483576,
        1.1953323573150878,
        0.8696263565463044,
        0.9842509842514764,
        0.8437268515343103,
        1.0307764064044151,
        0.9842509842514764,
        1.103970108290981
    ],
    [
        1.2346558224865747,
        1.0968705484240153,
        1.1960873713905686,
        1.0559356040971437,
        0.8870597499605086,
        1.0720890821195783,
        1.0859903314486736,
        0.9334077351297235,
        0.9737171047075224,
        0.8835298523536147,
        1.3134459661982478,
        1.0514870422406546,
        1.1222187843731721,
        1.03289641300568,
        1.1765946625750092,
        1.0912219325702948,
        0.9871043511199816,
        1.1233320969330487,
        0.9503288904374106,
        0.8674675786448737,
        0.911195795522443,
        1.0316855140981676,
        1.1008519428152,
        1.0121141239998581,
        0.9852030247619016,
        0.0,
        1.093732142711368,
        1.129958209650054,
        0.9273618495495705,
        1.0720890821195783,
        0.905691877946235,
        0.8958236433584459,
        1.0701765171119098,
        0.9508037535568409,
        1.0043654713300334,
        0.8838834764831844,
        1.1098986440211558,
        1.378178145233772,
        0.972753822917186,
        1.0148549431103715,
        1.080219885023415,
        1.021334910790775,
        1.0090218035305283,
        1.023915415343366,
        1.0136567466356647,
        1.1008519428152,
        0.9417404100918682,
        1.0319883720275147,
        1.0535653752852738,
        1.1163556780883053
    ],
    [
        1.0532687216470449,
        0.875,
        0.9013878188659973,
        0.7806247497997998,
        0.9762812094883317,
        0.9354143466934853,
        0.6373774391990981,
        0.8385254915624212,
        0.9185586535436918,
        0.9519716382329886,
        0.8218166785002751,
        0.9100137361600648,
        0.7071067811865476,
        1.3124404748406688,
        1.1989578808281798,
        0.7104809380027772,
        0.8569568250501305,
        0.875,
        0.7603453162872774,
        1.015504800579495,
        1.0905210273585335,
        0.960143218483576,
        0.5863019699779287,
        1.1524430571616109,
        0.9519716382329886,
        1.093732142711368,
        0.0,
        0.955612078431643,
        0.9682458365518543,
        0.7180703308172536,
        1.1464013743498005,
        0.9437293044088437,
        1.463680672520858,
        1.206176235510844,
        0.6959705453537527,
        1.0425329730996522,
        0.9100137361600648,
        0.7180703308172536,
        0.875,
        1.0086432030758503,
        0.57282196186948,
        0.9519716382329886,
        0.8660254037844386,
        1.1141451630934116,
        0.8344159634139319,
        0.6614378277661477,
        0.9062284480195929,
        0.7180703308172536,
        1.0606601717798212,
        0.9270248108869579
    ],
    [
        1.0785149254620654,
        1.0857345183996154,
        0.9956502621123767,
        0.8079466429027216,
        1.1711224435462664,
        1.2465229418042993,
        0.8965597829729173,
        0.6821127309893709,
        1.0857345183996154,
        1.162193806748446,
        0.7734660409825942,
        0.6821127309893709,
        0.9223309842157773,
        1.4117316002382008,
        1.267242193812129,
        0.8250008589289831,
        0.93355652093367,
        0.6821127309893709,
        0.9798313346920706,
        1.0540925533894598,
        1.125771340508858,
        1.2713455251993633,
        0.9138213416442212,
        1.3648616128466,
        1.233924407913404,
        1.129958209650054,
        0.955612078431643,
        0.0,
        1.1486707293408518,
        0.8700255424092126,
        1.2754356554178305,
        1.182188413259259,
        1.4901295618539723,
        1.3411230782859234,
        0.8789592962387078,
        1.1817771457522024,
        1.0639287779003088,
        0.814367511903836,
        1.0785149254620654,
        0.9363418772601764,
        0.8878031563609382,
        0.8175590362645243,
        0.8936504412303007,
        0.9437293044088437,
        0.8921338340057381,
        0.8789592962387078,
        0.9837569708915804,
        0.7083333333333334,
        1.2018504251546631,
        0.7264831572567789
    ],
    [
        0.9013878188659973,
        1.0897247358851685,
        0.75,
        0.8838834764831844,
        0.7288689868556626,
        0.9842509842514764,
        0.82915619758885,
        0.9354143466934853,
        0.8569568250501305,
        0.8838834764831844,
        1.091332970756966,
        1.015504800579495,
        0.9519716382329886,
        1.0476163419878481,
        1.3110110602126894,
        0.9432223318745898,
        0.960143218483576,
        1.0532687216470449,
        0.8477912478906585,
        0.875,
        0.9109671295448103,
        0.81967981553775,
        0.8660254037844386,
        0.9270248108869579,
        0.7905694150420949,
        0.9273618495495705,
        0.9682458365518543,
        1.1486707293408518,
        0.0,
        0.8569568250501305,
        0.8014743359029727,
        0.7603453162872774,
        1.076097630845413,
        0.8759915017345267,
        0.7288689868556626,
        0.8842369591913698,
        0.9100137361600648,
        1.0968705484240153,
        0.9437293044088437,
        1.0976616560266244,
        0.8385254915624212,
        1.0458250331675945,
        0.9013878188659973,
        1.2083333333333335,
        0.8975661535508122,
        0.8926785535678563,
        0.8799857953399021,
        1.0077822185373186,
        0.9921567416492215,
        0.9519716382329886
    ],
    [
        0.7071067811865476,
        0.9682458365518543,
        0.7071067811865476,
        0.414578098794425,
        0.9921567416492215,
        0.9921567416492215,
        0.5153882032022076,
        0.770551750371122,
        0.8838834764831844,
        0.9354143466934853,
        0.6401231546048186,
        0.8385254915624212,
        0.649519052838329,
        1.3418736900319643,
        1.2747548783981961,
        0.6531907556489958,
        0.7603453162872774,
        0.82915619758885,
        0.6123724356957945,
        0.8926785535678563,
        0.9691419458010839,
        1.0825317547305484,
        0.5448623679425842,
        1.159202311936963,
        1.0,
        1.0720890821195783,
        0.7180703308172536,
