[
    [
        0.0,
        1.1726039399558574,
        1.0231690964840563,
        1.2930100540985752,
        1.1989578808281798,
        1.2808688457449497,
        1.1726039399558574,
        1.0606601717798212,
        1.2374368670764582,
        1.118033988749895,
        1.4684175155588413,
        1.1858541225631423,
        1.3110110602126894,
        1.2747548783981961,
        1.2747548783981961,
        1.1726039399558574,
        1.125,
        1.2686114456365274,
        1.0897247358851685,
        1.0307764064044151,
        1.2624381172952597,
        1.3050383136138188,
        1.192424001771182,
        1.2808688457449497,
        1.25,
        1.0968705484240153,
        1.2686114456365274,
        1.2183492931011204,
        1.2054563451241194,
        1.1524430571616109,
        1.3693063937629153,
        1.2808688457449497,
        1.375,
        1.3806701271484076,
        1.015504800579495,
        1.1792476415070754,
        1.231107225224513,
        1.4737282653189494,
        1.0606601717798212,
        1.1989578808281798,
        1.0680004681646913,
        1.1726039399558574,
        1.1792476415070754,
        1.0752906583803283,
        1.0752906583803283,
        1.2374368670764582,
        1.224744871391589,
        1.224744871391589,
        1.159202311936963,
        1.0897247358851685
    ],
    [
        1.1726039399558574,
        0.0,
        1.0825317547305484,
        0.9682458365518543,
        1.3635890143294642,
        1.1726039399558574,
        0.9185586535436918,
        0.9185586535436918,
        1.14564392373896,
        1.2374368670764582,
        1.0458250331675945,
        0.960143218483576,
        0.8660254037844386,
        1.4306903927824497,
        1.224744871391589,
        0.9185586535436918,
        0.9270248108869579,
        0.8660254037844386,
        0.9762812094883317,
        1.2808688457449497,
        1.4086784586980805,
        1.375,
        0.8926785535678563,
        1.2808688457449497,
        1.3110110602126894,
        1.2624381172952597,
        0.81967981553775,
        0.9185586535436918,
        1.3228756555322954,
        0.9354143466934853,
        1.5103807466993215,
        1.340475661845451,
        1.6393596310755,
        1.5562374497485916,
        0.9185586535436918,
        1.340475661845451,
        1.0077822185373186,
        1.0606601717798212,
        0.9682458365518543,
        1.125,
        0.82915619758885,
        0.9437293044088437,
        1.0968705484240153,
        0.9842509842514764,
        1.0077822185373186,
        0.9013878188659973,
        1.1792476415070754,
        0.875,
        1.1792476415070754,
        1.0752906583803283
    ],
    [
        1.0231690964840563,
        1.0825317547305484,
        0.0,
        1.2054563451241194,
        1.2562344526401112,
        1.2624381172952597,
        1.0825317547305484,
        1.0606601717798212,
        1.125,
        1.1989578808281798,
        1.3919410907075054,
        1.165922381636102,
        1.165922381636102,
        1.3110110602126894,
        1.1388041973930374,
        1.118033988749895,
        1.0968705484240153,
        1.224744871391589,
        1.0680004681646913,
        1.1524430571616109,
        1.224744871391589,
        1.192424001771182,
        1.0752906583803283,
        1.243734296383275,
        1.1524430571616109,
        1.14564392373896,
        1.1792476415070754,
        1.1319231422671772,
        1.0897247358851685,
        1.1726039399558574,
        1.340475661845451,
        1.231107225224513,
        1.4737282653189494,
        1.375,
        1.0680004681646913,
        1.2686114456365274,
        1.2054563451241194,
        1.357847561400027,
        1.0077822185373186,
        1.103970108290981,
        1.103970108290981,
        1.0532687216470449,
        1.1792476415070754,
        1.0680004681646913,
        1.1110243021644486,
        1.1792476415070754,
        1.125,
        1.0968705484240153,
        1.0825317547305484,
        1.159202311936963
    ],
    [
        1.2930100540985752,
        0.9682458365518543,
        1.2054563451241194,
        0.0,
        1.5258194519667128,
        1.2119199643540823,
        0.9354143466934853,
        0.875,
        1.2686114456365274,
        1.2562344526401112,
        0.81967981553775,
        0.739509972887452,
        0.82915619758885,
        1.625,
        1.3228756555322954,
        0.8477912478906585,
        0.9013878188659973,
        0.8100925873009825,
        0.9013878188659973,
        1.340475661845451,
        1.5258194519667128,
        1.5512092057488571,
        0.82915619758885,
        1.3863170633011772,
        1.541103500742244,
        1.357847561400027,
        0.8477912478906585,
        0.673145600891813,
        1.4306903927824497,
        0.6846531968814576,
        1.648863244784115,
        1.4842927608797396,
        1.75,
        1.6863421954040052,
        0.9682458365518543,
        1.375,
        0.9013878188659973,
        0.739509972887452,
        0.9185586535436918,
        1.0606601717798212,
        0.7603453162872774,
        0.9437293044088437,
        1.0680004681646913,
        1.0,
        0.9762812094883317,
        0.6959705453537527,
        1.2624381172952597,
        0.770551750371122,
        1.2747548783981961,
        1.0383279828647594
    ],
    [
        1.1989578808281798,
        1.3635890143294642,
        1.2562344526401112,
        1.5258194519667128,
        0.0,
        1.346291201783626,
        1.4577379737113252,
        1.334634781503914,
        1.2374368670764582,
        1.25,
        1.845602882529175,
        1.4684175155588413,
        1.4842927608797396,
        1.346291201783626,
        1.299038105676658,
        1.4947825928876748,
        1.3975424859373686,
        1.5662455107677085,
        1.224744871391589,
        1.2374368670764582,
        1.2119199643540823,
        1.231107225224513,
        1.4630874888399532,
        1.346291201783626,
        1.299038105676658,
        1.243734296383275,
        1.4684175155588413,
        1.505199322349037,
        1.2624381172952597,
        1.4630874888399532,
        1.3228756555322954,
        1.4197270864500684,
        1.3228756555322954,
        1.2562344526401112,
        1.3228756555322954,
        1.2183492931011204,
        1.4523687548277813,
        1.776583800443987,
        1.3169567191065923,
        1.4737282653189494,
        1.3919410907075054,
        1.340475661845451,
        1.3919410907075054,
        1.286953767623375,
        1.375,
        1.4947825928876748,
        1.3287682265918312,
        1.5360257159305635,
        1.299038105676658,
        1.2747548783981961
    ],
    [
        1.2808688457449497,
        1.1726039399558574,
        1.2624381172952597,
        1.2119199643540823,
        1.346291201783626,
        0.0,
        1.334634781503914,
        1.0752906583803283,
        1.2374368670764582,
        1.1989578808281798,
        1.4306903927824497,
        1.165922381636102,
        1.2686114456365274,
        1.4737282653189494,
        1.2374368670764582,
        1.2930100540985752,
        1.118033988749895,
        1.299038105676658,
        1.159202311936963,
        1.3228756555322954,
        1.3110110602126894,
        1.299038105676658,
        1.2930100540985752,
        1.25,
        1.4361406616345072,
        1.4086784586980805,
        1.165922381636102,
        1.286953767623375,
        1.4086784586980805,
        1.192424001771182,
        1.299038105676658,
        1.4684175155588413,
        1.4086784586980805,
        1.403121520040228,
        1.1792476415070754,
        1.1989578808281798,
        1.14564392373896,
        1.4306903927824497,
        1.2054563451241194,
        1.3287682265918312,
        1.14564392373896,
        1.25,
        1.4197270864500684,
        1.1388041973930374,
        1.1989578808281798,
        1.25,
        1.2930100540985752,
        1.192424001771182,
        1.3635890143294642,
        1.1726039399558574
    ],
    [
        1.1726039399558574,
        0.9185586535436918,
        1.0825317547305484,
        0.9354143466934853,
        1.4577379737113252,
        1.334634781503914,
        0.0,
        0.9842509842514764,
        1.2054563451241194,
        1.2686114456365274,
        1.0968705484240153,
        0.9270248108869579,
        0.9100137361600648,
        1.5258194519667128,
        1.231107225224513,
        0.8660254037844386,
        0.9100137361600648,
        0.9013878188659973,
        1.0383279828647594,
        1.2808688457449497,
        1.3863170633011772,
        1.375,
        0.9100137361600648,
        1.3169567191065923,
        1.340475661845451,
        1.3228756555322954,
        0.9013878188659973,
        0.875,
        1.334634781503914,
        0.8477912478906585,
        1.5562374497485916,
        1.352081728298996,
        1.6863421954040052,
        1.58607219255619,
        0.9013878188659973,
        1.3863170633011772,
        1.0752906583803283,
        1.0680004681646913,
        0.960143218483576,
        1.0680004681646913,
        0.9519716382329886,
        0.9762812094883317,
        1.0680004681646913,
        1.0458250331675945,
        0.9519716382329886,
        0.8926785535678563,
        1.1792476415070754,
        0.8926785535678563,
        1.1388041973930374,
        1.0458250331675945
    ],
    [
        1.0606601717798212,
        0.9185586535436918,
        1.0606601717798212,
        0.875,
        1.334634781503914,
        1.0752906583803283,
        0.9842509842514764,
        0.0,
        1.1388041973930374,
        1.0825317547305484,
        1.0532687216470449,
        0.8385254915624212,
        0.9013878188659973,
        1.4630874888399532,
        1.192424001771182,
        0.9437293044088437,
        0.9100137361600648,
        0.9100137361600648,
        0.8385254915624212,
        1.1726039399558574,
        1.346291201783626,
        1.357847561400027,
        0.9185586535436918,
        1.2374368670764582,
        1.2624381172952597,
        1.165922381636102,
        0.9270248108869579,
        0.875,
        1.243734296383275,
        0.875,
        1.4361406616345072,
        1.299038105676658,
        1.6007810593582121,
        1.4947825928876748,
        0.875,
        1.2808688457449497,
        0.9437293044088437,
        1.0383279828647594,
        0.9100137361600648,
        1.0458250331675945,
        0.82915619758885,
        0.9354143466934853,
        1.103970108290981,
        0.9354143466934853,
        0.9270248108869579,
        0.8385254915624212,
        1.118033988749895,
        0.8100925873009825,
        1.1858541225631423,
        1.0307764064044151
    ],
    [
        1.2374368670764582,
        1.14564392373896,
        1.125,
        1.2686114456365274,
        1.2374368670764582,
        1.2374368670764582,
        1.2054563451241194,
        1.1388041973930374,
        0.0,
        1.0532687216470449,
        1.4415703243338496,
        1.2054563451241194,
        1.159202311936963,
        1.4737282653189494,
        1.1388041973930374,
        1.14564392373896,
        1.14564392373896,
        1.25,
        1.165922381636102,
        1.2808688457449497,
        1.14564392373896,
        1.165922381636102,
        1.1388041973930374,
        1.3863170633011772,
        1.2930100540985752,
        1.2183492931011204,
        1.2374368670764582,
        1.1989578808281798,
        1.2930100540985752,
        1.192424001771182,
        1.346291201783626,
        1.3693063937629153,
        1.5,
        1.286953767623375,
        1.1110243021644486,
        1.1858541225631423,
        1.2747548783981961,
        1.4306903927824497,
        1.1524430571616109,
        1.2624381172952597,
        1.1726039399558574,
        1.2054563451241194,
        1.1792476415070754,
        1.192424001771182,
        1.1858541225631423,
        1.2054563451241194,
        1.286953767623375,
        1.1388041973930374,
        1.286953767623375,
        1.0680004681646913
    ],
    [
        1.118033988749895,
        1.2374368670764582,
        1.1989578808281798,
        1.2562344526401112,
        1.25,
        1.1989578808281798,
        1.2686114456365274,
        1.0825317547305484,
        1.0532687216470449,
        0.0,
        1.505199322349037,
        1.224744871391589,
        1.231107225224513,
        1.403121520040228,
        1.159202311936963,
        1.286953767623375,
        1.1989578808281798,
        1.3806701271484076,
        1.1726039399558574,
        1.2374368670764582,
        1.1792476415070754,
        1.2562344526401112,
        1.2374368670764582,
        1.3635890143294642,
        1.346291201783626,
        1.192424001771182,
        1.3110110602126894,
        1.2808688457449497,
        1.346291201783626,
        1.2183492931011204,
        1.2930100540985752,
        1.4577379737113252,
        1.3635890143294642,
        1.3635890143294642,
        1.14564392373896,
        1.1524430571616109,
        1.1792476415070754,
        1.5155444566227676,
        1.1858541225631423,
        1.25,
        1.2562344526401112,
        1.243734296383275,
        1.286953767623375,
        1.231107225224513,
        1.2183492931011204,
        1.2686114456365274,
        1.286953767623375,
        1.1792476415070754,
        1.340475661845451,
        1.14564392373896
    ],
    [
        1.4684175155588413,
        1.0458250331675945,
        1.3919410907075054,
        0.81967981553775,
        1.845602882529175,
        1.4306903927824497,
        1.0968705484240153,
        1.0532687216470449,
        1.4415703243338496,
        1.505199322349037,
        0.0,
        1.0077822185373186,
        0.9519716382329886,
        2.0,
        1.4306903927824497,
        0.9013878188659973,
        1.0606601717798212,
        0.8385254915624212,
        1.1110243021644486,
        1.5612494995995996,
        1.7897276329095442,
        1.7633419974582356,
        0.8838834764831844,
        1.58607219255619,
        1.7455300054711176,
        1.6770509831248424,
        0.8569568250501305,
        0.7806247497997998,
        1.704772712123232,
        0.8100925873009825,
        2.0766559657295187,
        1.7544586059522749,
        2.1360009363293826,
        1.9364916731037085,
        1.0968705484240153,
        1.7633419974582356,
        1.0825317547305484,
        0.39528470752104744,
        1.1524430571616109,
        1.2562344526401112,
        0.875,
        1.125,
        1.231107225224513,
        1.165922381636102,
        1.1792476415070754,
        0.6959705453537527,
        1.5206906325745548,
        0.7806247497997998,
        1.5309310892394863,
        1.0307764064044151
    ],
    [
        1.1858541225631423,
        0.960143218483576,
        1.165922381636102,
        0.739509972887452,
        1.4684175155588413,
        1.165922381636102,
        0.9270248108869579,
        0.8385254915624212,
        1.2054563451241194,
        1.224744871391589,
        1.0077822185373186,
        0.0,
        0.9100137361600648,
        1.5562374497485916,
        1.3169567191065923,
        0.8926785535678563,
        0.875,
        0.7806247497997998,
        0.9682458365518543,
        1.25,
        1.3635890143294642,
        1.4577379737113252,
        0.8838834764831844,
        1.2808688457449497,
        1.4252192813739224,
        1.2930100540985752,
        0.8926785535678563,
        0.8100925873009825,
        1.3863170633011772,
        0.75,
        1.5258194519667128,
        1.3228756555322954,
        1.6630168369562588,
        1.6056540723331412,
        0.9519716382329886,
        1.3693063937629153,
        0.9762812094883317,
        0.960143218483576,
        0.9013878188659973,
        1.1726039399558574,
        0.8385254915624212,
        0.9519716382329886,
        1.103970108290981,
        1.0077822185373186,
        0.9842509842514764,
        0.8385254915624212,
        1.25,
        0.8385254915624212,
        1.1792476415070754,
        0.9842509842514764
    ],
    [
        1.3110110602126894,
        0.8660254037844386,
        1.165922381636102,
        0.82915619758885,
        1.4842927608797396,
        1.2686114456365274,
        0.9100137361600648,
        0.9013878188659973,
        1.159202311936963,
        1.231107225224513,
        0.9519716382329886,
        0.9100137361600648,
        0.0,
        1.5103807466993215,
        1.231107225224513,
        0.8838834764831844,
        0.8569568250501305,
        0.8569568250501305,
        0.9270248108869579,
        1.243734296383275,
        1.4306903927824497,
        1.5103807466993215,
        0.7603453162872774,
        1.2562344526401112,
        1.3287682265918312,
        1.334634781503914,
        0.9185586535436918,
        0.7806247497997998,
        1.4252192813739224,
        0.81967981553775,
        1.6007810593582121,
        1.3287682265918312,
        1.7365554986812255,
        1.6393596310755,
        0.9762812094883317,
        1.4142135623730951,
        0.9437293044088437,
        0.8926785535678563,
        0.9519716382329886,
        1.0231690964840563,
        0.7806247497997998,
        0.960143218483576,
        1.0077822185373186,
        1.015504800579495,
        0.9762812094883317,
        0.7905694150420949,
        1.1989578808281798,
        0.6614378277661477,
        1.165922381636102,
        0.9762812094883317
    ],
    [
        1.2747548783981961,
        1.4306903927824497,
        1.3110110602126894,
        1.625,
        1.346291201783626,
        1.4737282653189494,
        1.5258194519667128,
        1.4630874888399532,
        1.4737282653189494,
        1.403121520040228,
        2.0,
        1.5562374497485916,
        1.5103807466993215,
        0.0,
        1.5206906325745548,
        1.6441183047457382,
        1.5,
        1.7633419974582356,
        1.479019945774904,
        1.2624381172952597,
        1.3806701271484076,
        1.403121520040228,
        1.58607219255619,
        1.403121520040228,
        1.231107225224513,
        1.3110110602126894,
        1.6393596310755,
        1.6441183047457382,
        1.2624381172952597,
        1.5612494995995996,
        1.3050383136138188,
        1.3975424859373686,
        1.4523687548277813,
        1.4142135623730951,
        1.3806701271484076,
        1.4197270864500684,
        1.5103807466993215,
        2.019436802675439,
        1.346291201783626,
        1.4523687548277813,
        1.5612494995995996,
        1.5512092057488571,
        1.4523687548277813,
        1.4197270864500684,
        1.4947825928876748,
        1.6583123951777,
        1.3635890143294642,
        1.5811388300841898,
        1.4252192813739224,
        1.590990257669732
    ],
    [
        1.2747548783981961,
        1.224744871391589,
        1.1388041973930374,
        1.3228756555322954,
        1.299038105676658,
        1.2374368670764582,
        1.231107225224513,
        1.192424001771182,
        1.1388041973930374,
        1.159202311936963,
        1.4306903927824497,
        1.3169567191065923,
        1.231107225224513,
        1.5206906325745548,
        0.0,
        1.192424001771182,
        1.192424001771182,
        1.231107225224513,
        1.192424001771182,
        1.357847561400027,
        1.299038105676658,
        1.2562344526401112,
        1.1858541225631423,
        1.3919410907075054,
        1.3863170633011772,
        1.3919410907075054,
        1.1792476415070754,
        1.3050383136138188,
        1.3693063937629153,
        1.1989578808281798,
        1.403121520040228,
        1.4306903927824497,
        1.5206906325745548,
        1.3806701271484076,
        1.2054563451241194,
        1.2119199643540823,
        1.340475661845451,
        1.4306903927824497,
        1.165922381636102,
        1.1989578808281798,
        1.2183492931011204,
        1.2183492931011204,
        1.2183492931011204,
        1.2374368670764582,
        1.1792476415070754,
        1.2624381172952597,
        1.3919410907075054,
        1.1858541225631423,
        1.299038105676658,
        1.0307764064044151
    ],
    [
        1.1726039399558574,
        0.9185586535436918,
        1.118033988749895,
        0.8477912478906585,
        1.4947825928876748,
        1.2930100540985752,
        0.8660254037844386,
        0.9437293044088437,
        1.14564392373896,
        1.286953767623375,
        0.9013878188659973,
        0.8926785535678563,
        0.8838834764831844,
        1.6441183047457382,
        1.192424001771182,
        0.0,
        0.8838834764831844,
        0.7905694150420949,
        1.0231690964840563,
        1.334634781503914,
        1.4630874888399532,
        1.4577379737113252,
        0.8477912478906585,
        1.3693063937629153,
        1.4197270864500684,
        1.352081728298996,
        0.81967981553775,
        0.7806247497997998,
        1.375,
        0.8569568250501305,
        1.6723860200324565,
        1.3975424859373686,
        1.7940875118009154,
        1.6817030058842137,
        0.9185586535436918,
        1.3975424859373686,
        1.0606601717798212,
        0.8926785535678563,
        0.9682458365518543,
        1.0752906583803283,
        0.8385254915624212,
        0.9100137361600648,
        1.0606601717798212,
        1.0532687216470449,
        0.9354143466934853,
        0.8100925873009825,
        1.2747548783981961,
        0.82915619758885,
        1.165922381636102,
        1.0307764064044151
    ],
    [
        1.125,
        0.9270248108869579,
        1.0968705484240153,
        0.9013878188659973,
        1.3975424859373686,
        1.118033988749895,
        0.9100137361600648,
        0.9100137361600648,
        1.14564392373896,
        1.1989578808281798,
        1.0606601717798212,
        0.875,
        0.8569568250501305,
        1.5,
        1.192424001771182,
        0.8838834764831844,
        0.0,
        0.8838834764831844,
        0.9354143466934853,
        1.224744871391589,
        1.3635890143294642,
        1.3919410907075054,
        0.8477912478906585,
        1.2747548783981961,
        1.346291201783626,
        1.231107225224513,
        0.8838834764831844,
        0.9185586535436918,
        1.3050383136138188,
        0.9185586535436918,
        1.4842927608797396,
        1.357847561400027,
        1.5461646096066226,
        1.489546910976623,
        0.875,
        1.3287682265918312,
        0.9013878188659973,
        1.0383279828647594,
        0.9519716382329886,
        1.0680004681646913,
        0.8477912478906585,
        0.9762812094883317,
        1.0752906583803283,
        0.960143218483576,
        0.9842509842514764,
        0.8477912478906585,
        1.1792476415070754,
        0.8660254037844386,
        1.231107225224513,
        1.0231690964840563
    ],
    [
        1.2686114456365274,
        0.8660254037844386,
        1.224744871391589,
        0.8100925873009825,
        1.5662455107677085,
        1.299038105676658,
        0.9013878188659973,
        0.9100137361600648,
        1.25,
        1.3806701271484076,
        0.8385254915624212,
        0.7806247497997998,
        0.8569568250501305,
        1.7633419974582356,
        1.231107225224513,
        0.7905694150420949,
        0.8838834764831844,
        0.0,
        0.9437293044088437,
        1.352081728298996,
        1.4630874888399532,
        1.5206906325745548,
        0.6959705453537527,
        1.4523687548277813,
        1.4306903927824497,
        1.4252192813739224,
        0.81967981553775,
        0.7180703308172536,
        1.3975424859373686,
        0.770551750371122,
        1.709349291397168,
        1.4306903927824497,
        1.875,
        1.6909686573085854,
        0.875,
        1.5103807466993215,
        1.0307764064044151,
        0.81967981553775,
        0.9519716382329886,
        1.1524430571616109,
        0.7288689868556626,
        0.8926785535678563,
        1.0752906583803283,
        1.0077822185373186,
        0.9100137361600648,
        0.7180703308172536,
        1.2930100540985752,
        0.75,
        1.2808688457449497,
        0.9185586535436918
    ],
    [
        1.0897247358851685,
        0.9762812094883317,
        1.0680004681646913,
        0.9013878188659973,
        1.224744871391589,
        1.159202311936963,
        1.0383279828647594,
        0.8385254915624212,
        1.165922381636102,
        1.1726039399558574,
        1.1110243021644486,
        0.9682458365518543,
        0.9270248108869579,
        1.479019945774904,
        1.192424001771182,
        1.0231690964840563,
        0.9354143466934853,
        0.9437293044088437,
        0.0,
        1.1110243021644486,
        1.286953767623375,
        1.357847561400027,
        0.9519716382329886,
        1.2054563451241194,
        1.2808688457449497,
        1.1989578808281798,
        1.0458250331675945,
        0.9682458365518543,
        1.2183492931011204,
        0.9013878188659973,
        1.4361406616345072,
        1.346291201783626,
        1.571225636247067,
        1.489546910976623,
        0.9100137361600648,
        1.286953767623375,
        1.0231690964840563,
        1.125,
        0.9762812094883317,
        1.118033988749895,
        0.875,
        0.9921567416492215,
        1.0307764064044151,
        0.9437293044088437,
        0.9437293044088437,
        0.9270248108869579,
        1.159202311936963,
        0.8385254915624212,
        1.1792476415070754,
        1.0458250331675945
    ],
    [
        1.0307764064044151,
        1.2808688457449497,
        1.1524430571616109,
        1.340475661845451,
        1.2374368670764582,
        1.3228756555322954,
        1.2808688457449497,
        1.1726039399558574,
        1.2808688457449497,
        1.2374368670764582,
        1.5612494995995996,
        1.25,
        1.243734296383275,
        1.2624381172952597,
        1.357847561400027,
        1.334634781503914,
        1.224744871391589,
        1.352081728298996,
        1.1110243021644486,
        0.0,
        1.2374368670764582,
        1.3050383136138188,
        1.299038105676658,
        1.243734296383275,
        1.2686114456365274,
        1.1319231422671772,
        1.375,
        1.2747548783981961,
        1.159202311936963,
        1.231107225224513,
        1.3169567191065923,
        1.1858541225631423,
        1.352081728298996,
        1.346291201783626,
        1.1989578808281798,
        1.243734296383275,
        1.2374368670764582,
        1.5662455107677085,
        1.118033988749895,
        1.3287682265918312,
        1.2374368670764582,
        1.2374368670764582,
        1.224744871391589,
        1.118033988749895,
        1.1858541225631423,
        1.25,
        1.1858541225631423,
        1.2930100540985752,
        1.1524430571616109,
        1.2747548783981961
    ],
    [
        1.2624381172952597,
        1.4086784586980805,
        1.224744871391589,
        1.5258194519667128,
        1.2119199643540823,
        1.3110110602126894,
        1.3863170633011772,
        1.346291201783626,
        1.14564392373896,
        1.1792476415070754,
        1.7897276329095442,
        1.3635890143294642,
        1.4306903927824497,
        1.3806701271484076,
        1.299038105676658,
        1.4630874888399532,
        1.3635890143294642,
        1.4630874888399532,
        1.286953767623375,
        1.2374368670764582,
        0.0,
        1.25,
        1.4630874888399532,
        1.4361406616345072,
        1.340475661845451,
        1.2686114456365274,
        1.489546910976623,
        1.489546910976623,
        1.334634781503914,
        1.4142135623730951,
        1.2930100540985752,
        1.3693063937629153,
        1.3635890143294642,
        1.2930100540985752,
        1.334634781503914,
        1.1110243021644486,
        1.4415703243338496,
        1.7633419974582356,
        1.3287682265918312,
        1.4197270864500684,
        1.3863170633011772,
        1.352081728298996,
        1.4197270864500684,
        1.3169567191065923,
        1.2747548783981961,
        1.4947825928876748,
        1.3693063937629153,
        1.4361406616345072,
        1.2686114456365274,
        1.231107225224513
    ],
    [
        1.3050383136138188,
        1.375,
        1.192424001771182,
        1.5512092057488571,
        1.231107225224513,
        1.299038105676658,
        1.375,
        1.357847561400027,
        1.165922381636102,
        1.2562344526401112,
        1.7633419974582356,
        1.4577379737113252,
        1.5103807466993215,
        1.403121520040228,
        1.2562344526401112,
        1.4577379737113252,
        1.3919410907075054,
        1.5206906325745548,
        1.357847561400027,
        1.3050383136138188,
        1.25,
        0.0,
        1.4469796128487782,
        1.4577379737113252,
        1.3806701271484076,
        1.3287682265918312,
        1.4630874888399532,
        1.489546910976623,
        1.2808688457449497,
        1.4630874888399532,
        1.286953767623375,
        1.4197270864500684,
        1.3975424859373686,
        1.3635890143294642,
        1.357847561400027,
        1.1792476415070754,
        1.5103807466993215,
        1.776583800443987,
        1.299038105676658,
        1.4197270864500684,
        1.4142135623730951,
        1.334634781503914,
        1.357847561400027,
        1.3975424859373686,
        1.352081728298996,
        1.4842927608797396,
        1.3169567191065923,
        1.479019945774904,
        1.334634781503914,
        1.286953767623375
    ],
    [
        1.192424001771182,
        0.8926785535678563,
        1.0752906583803283,
        0.82915619758885,
        1.4630874888399532,
        1.2930100540985752,
        0.9100137361600648,
        0.9185586535436918,
        1.1388041973930374,
        1.2374368670764582,
        0.8838834764831844,
        0.8838834764831844,
        0.7603453162872774,
        1.58607219255619,
        1.1858541225631423,
        0.8477912478906585,
        0.8477912478906585,
        0.6959705453537527,
        0.9519716382329886,
        1.299038105676658,
        1.4630874888399532,
        1.4469796128487782,
        0.0,
        1.3635890143294642,
        1.3693063937629153,
        1.2747548783981961,
        0.8003905296791061,
        0.75,
        1.334634781503914,
        0.7288689868556626,
        1.6105123408406408,
        1.4086784586980805,
        1.776583800443987,
        1.6007810593582121,
        0.8569568250501305,
        1.4142135623730951,
        1.0383279828647594,
        0.82915619758885,
        0.9270248108869579,
        1.0077822185373186,
        0.8385254915624212,
        0.9762812094883317,
        0.9519716382329886,
        1.015504800579495,
        0.9437293044088437,
        0.770551750371122,
        1.1858541225631423,
        0.7806247497997998,
        1.231107225224513,
        0.960143218483576
    ],
    [
        1.2808688457449497,
        1.2808688457449497,
        1.243734296383275,
        1.3863170633011772,
        1.346291201783626,
        1.25,
        1.3169567191065923,
        1.2374368670764582,
        1.3863170633011772,
        1.3635890143294642,
        1.58607219255619,
        1.2808688457449497,
        1.2562344526401112,
        1.403121520040228,
        1.3919410907075054,
        1.3693063937629153,
        1.2747548783981961,
        1.4523687548277813,
        1.2054563451241194,
        1.243734296383275,
        1.4361406616345072,
        1.4577379737113252,
        1.3635890143294642,
        0.0,
        1.4086784586980805,
        1.3110110602126894,
        1.403121520040228,
        1.4252192813739224,
        1.2624381172952597,
        1.3635890143294642,
        1.346291201783626,
        1.346291201783626,
        1.4630874888399532,
        1.4415703243338496,
        1.2054563451241194,
        1.334634781503914,
        1.159202311936963,
        1.620185174601965,
        1.2183492931011204,
        1.403121520040228,
        1.2054563451241194,
        1.2930100540985752,
        1.3635890143294642,
        1.2374368670764582,
        1.2374368670764582,
        1.352081728298996,
        1.1792476415070754,
        1.2930100540985752,
        1.334634781503914,
        1.4142135623730951
    ],
    [
        1.25,
        1.3110110602126894,
        1.1524430571616109,
        1.541103500742244,
        1.299038105676658,
        1.4361406616345072,
        1.340475661845451,
        1.2624381172952597,
        1.2930100540985752,
        1.346291201783626,
        1.7455300054711176,
        1.4252192813739224,
        1.3287682265918312,
        1.231107225224513,
        1.3863170633011772,
        1.4197270864500684,
        1.346291201783626,
        1.4306903927824497,
        1.2808688457449497,
        1.2686114456365274,
        1.340475661845451,
        1.3806701271484076,
        1.3693063937629153,
        1.4086784586980805,
        0.0,
        1.25,
        1.4415703243338496,
        1.4523687548277813,
        1.1989578808281798,
        1.3863170633011772,
        1.505199322349037,
        1.2930100540985752,
        1.479019945774904,
        1.352081728298996,
        1.2054563451241194,
        1.4197270864500684,
        1.4523687548277813,
        1.7853571071357126,
        1.2054563451241194,
        1.346291201783626,
        1.352081728298996,
        1.3110110602126894,
        1.2747548783981961,
        1.3287682265918312,
        1.299038105676658,
        1.4197270864500684,
        1.2624381172952597,
        1.357847561400027,
        1.2562344526401112,
        1.375
    ],
    [
        1.0968705484240153,
        1.2624381172952597,
        1.14564392373896,
        1.357847561400027,
        1.243734296383275,
        1.4086784586980805,
        1.3228756555322954,
        1.165922381636102,
        1.2183492931011204,
        1.192424001771182,
        1.6770509831248424,
        1.2930100540985752,
        1.334634781503914,
        1.3110110602126894,
        1.3919410907075054,
        1.352081728298996,
        1.231107225224513,
        1.4252192813739224,
        1.1989578808281798,
        1.1319231422671772,
        1.2686114456365274,
        1.3287682265918312,
        1.2747548783981961,
        1.3110110602126894,
        1.25,
        0.0,
        1.346291201783626,
        1.3287682265918312,
        1.192424001771182,
        1.3287682265918312,
        1.4361406616345072,
        1.286953767623375,
        1.4306903927824497,
        1.3975424859373686,
        1.1989578808281798,
        1.2747548783981961,
        1.2183492931011204,
        1.653594569415369,
        1.159202311936963,
        1.2808688457449497,
        1.2624381172952597,
        1.3110110602126894,
        1.2747548783981961,
        1.1524430571616109,
        1.2808688457449497,
        1.357847561400027,
        1.2054563451241194,
        1.3110110602126894,
        1.2624381172952597,
        1.346291201783626
    ],
    [
        1.2686114456365274,
        0.81967981553775,
        1.1792476415070754,
        0.8477912478906585,
        1.4684175155588413,
        1.165922381636102,
        0.9013878188659973,
        0.9270248108869579,
        1.2374368670764582,
        1.3110110602126894,
        0.8569568250501305,
        0.8926785535678563,
        0.9185586535436918,
        1.6393596310755,
        1.1792476415070754,
        0.81967981553775,
        0.8838834764831844,
        0.81967981553775,
        1.0458250331675945,
        1.375,
        1.489546910976623,
        1.4630874888399532,
        0.8003905296791061,
        1.403121520040228,
        1.4415703243338496,
        1.346291201783626,
        0.0,
        0.8660254037844386,
        1.4523687548277813,
        0.875,
        1.620185174601965,
        1.4630874888399532,
        1.8285923547909742,
        1.6909686573085854,
        0.9100137361600648,
        1.4086784586980805,
        1.0968705484240153,
        0.875,
        1.0383279828647594,
        1.1110243021644486,
        0.8003905296791061,
        0.960143218483576,
        1.1319231422671772,
        1.0458250331675945,
        1.015504800579495,
        0.8100925873009825,
        1.25,
        0.7806247497997998,
        1.2930100540985752,
        1.015504800579495
    ],
    [
        1.2183492931011204,
        0.9185586535436918,
        1.1319231422671772,
        0.673145600891813,
        1.505199322349037,
        1.286953767623375,
        0.875,
        0.875,
        1.1989578808281798,
        1.2808688457449497,
        0.7806247497997998,
        0.8100925873009825,
        0.7806247497997998,
        1.6441183047457382,
        1.3050383136138188,
        0.7806247497997998,
        0.9185586535436918,
        0.7180703308172536,
        0.9682458365518543,
        1.2747548783981961,
        1.489546910976623,
        1.489546910976623,
        0.75,
        1.4252192813739224,
        1.4523687548277813,
        1.3287682265918312,
        0.8660254037844386,
        0.0,
        1.403121520040228,
        0.6614378277661477,
        1.7230060940112777,
        1.3975424859373686,
        1.8200274723201295,
        1.6817030058842137,
        0.8838834764831844,
        1.4086784586980805,
        0.9842509842514764,
        0.625,
        0.9354143466934853,
        1.0,
        0.81967981553775,
        0.9270248108869579,
        1.0532687216470449,
        1.0307764064044151,
        0.8926785535678563,
        0.6614378277661477,
        1.2562344526401112,
        0.7288689868556626,
        1.2054563451241194,
        0.9842509842514764
    ],
    [
        1.2054563451241194,
        1.3228756555322954,
        1.0897247358851685,
        1.4306903927824497,
        1.2624381172952597,
        1.4086784586980805,
        1.334634781503914,
        1.243734296383275,
        1.2930100540985752,
        1.346291201783626,
        1.704772712123232,
        1.3863170633011772,
        1.4252192813739224,
        1.2624381172952597,
        1.3693063937629153,
        1.375,
        1.3050383136138188,
        1.3975424859373686,
        1.2183492931011204,
        1.159202311936963,
        1.334634781503914,
        1.2808688457449497,
        1.334634781503914,
        1.2624381172952597,
        1.1989578808281798,
        1.192424001771182,
        1.4523687548277813,
        1.403121520040228,
        0.0,
        1.3635890143294642,
        1.2930100540985752,
        1.2562344526401112,
        1.3863170633011772,
        1.3287682265918312,
        1.224744871391589,
        1.2808688457449497,
        1.3693063937629153,
        1.7230060940112777,
        1.2374368670764582,
        1.3110110602126894,
        1.3228756555322954,
        1.2747548783981961,
        1.243734296383275,
        1.2183492931011204,
        1.243734296383275,
        1.3919410907075054,
        1.2562344526401112,
        1.403121520040228,
        1.2686114456365274,
        1.357847561400027
    ],
    [
        1.1524430571616109,
        0.9354143466934853,
        1.1726039399558574,
        0.6846531968814576,
        1.4630874888399532,
        1.192424001771182,
        0.8477912478906585,
        0.875,
        1.192424001771182,
        1.2183492931011204,
        0.8100925873009825,
        0.75,
        0.81967981553775,
        1.5612494995995996,
        1.1989578808281798,
        0.8569568250501305,
        0.9185586535436918,
        0.770551750371122,
        0.9013878188659973,
        1.231107225224513,
        1.4142135623730951,
        1.4630874888399532,
        0.7288689868556626,
        1.3635890143294642,
        1.3863170633011772,
        1.3287682265918312,
        0.875,
        0.6614378277661477,
        1.3635890143294642,
        0.0,
        1.5612494995995996,
        1.3693063937629153,
        1.7677669529663689,
