[
    [
        0.0,
        0.5929270612815711,
        0.3128903811640748,
        0.28598445652692384,
        0.301768873684812,
        0.2786336640644845,
        0.22152260748059102,
        0.21763106683100186,
        0.21423920626253262,
        0.297285899850632,
        0.2460627460628691,
        0.23799290955824715,
        0.3284968131504475,
        0.22371595411369302,
        0.1788362990978062,
        0.32135880939379896,
        0.1875,
        0.2405438174740727,
        0.2509746625657658,
        0.2125229766989913,
        0.25146057717861064,
        0.21021287573552672,
        0.26238836912104163,
        0.2910615001593306,
        0.22152260748059102,
        0.2665425329567497,
        0.17399263633843817,
        0.2893790496476896,
        0.29315098498896436,
        0.38685682509812336,
        0.30777680630612825,
        0.32960973608951544,
        0.4671848871164392,
        0.2415566380271923,
        0.2509746625657658,
        0.213668661424646,
        0.19008632907181935,
        0.23385358667337133,
        0.19200321449132043,
        0.23333100817293873,
        0.23333100817293873,
        0.2348952559120767,
        0.30984111911949686,
        0.24951124097923924,
        0.21423920626253262,
        0.28081563680642857,
        0.22910747341586218,
        0.2170694373351532,
        0.2665425329567497
    ],
    [
        0.5929270612815711,
        0.0,
        0.21137108216357317,
        0.2385052737886523,
        0.255314603724503,
        0.21137108216357317,
        0.3746743377588062,
        0.410137648387709,
        0.37238672774415577,
        0.7184102457857906,
        0.3965180481390475,
        0.40110930165604486,
        0.171875,
        0.4977978850648122,
        0.3647692978102735,
        0.213668661424646,
        0.5706869489921773,
        0.4810876349481454,
        0.2688226645950821,
        0.29851520585223124,
        0.28384222069663984,
        0.33842145301548354,
        0.2679129406169101,
        0.21650635094610965,
        0.3121091305537215,
        0.6248046569728815,
        0.5224454217906402,
        0.1781524101717403,
        0.5943664563003198,
        0.125,
        0.15388840315306412,
        0.15934435979977452,
        0.07328774624724109,
        0.29563887388163285,
        0.2724311839712921,
        0.3121091305537215,
        0.37727176461405115,
        0.41221581119602874,
        0.44304521496118204,
        0.4640388251536718,
        0.271083618326523,
        0.40894538525945,
        0.3971674338186744,
        0.3255104164999947,
        0.3965180481390475,
        0.213096589015404,
        0.6127709859727368,
        0.374022162612057,
        0.23696485762661096
    ],
    [
        0.3128903811640748,
        0.21137108216357317,
        0.0,
        0.11587810136086973,
        0.10126157341262282,
        0.1795175827043134,
        0.15934435979977452,
        0.20610790559801437,
        0.16973094517500337,
        0.5182226234930313,
        0.25958199571618984,
        0.22262198201210948,
        0.10364452469860624,
        0.20009763241977652,
        0.213668661424646,
        0.1288470508005519,
        0.3081731706768128,
        0.33548297739974825,
        0.16387638252658618,
        0.15780476466190746,
        0.13975424859373686,
        0.2103418802740487,
        0.08414320011147662,
        0.11481983169296148,
        0.19327057620082783,
        0.40924377667839984,
        0.2728788936964528,
        0.11587810136086973,
        0.4032339968926231,
        0.11048543456039805,
        0.11048543456039805,
        0.12401959270615269,
        0.13258252147247765,
        0.2096313728906053,
        0.140625,
        0.16828640022295324,
        0.16828640022295324,
        0.17258376589355096,
        0.22534695471649932,
        0.3190715290103459,
        0.13531646934131855,
        0.2773162398327945,
        0.22195078909023455,
        0.23070036031614688,
        0.22534695471649932,
        0.10711960313126631,
        0.41221581119602874,
        0.22534695471649932,
        0.20669932117692114
    ],
    [
        0.28598445652692384,
        0.2385052737886523,
        0.11587810136086973,
        0.0,
        0.09882117688026186,
        0.13258252147247765,
        0.14657549249448218,
        0.203125,
        0.16682934768798924,
        0.49311668243935936,
        0.2072890493972125,
        0.213096589015404,
        0.1307281291459493,
        0.1926379375927805,
        0.16387638252658618,
        0.10711960313126631,
        0.296875,
        0.31444705933590794,
        0.17469281074217108,
        0.1288470508005519,
        0.10481568644530265,
        0.1702894033778314,
        0.11481983169296148,
        0.10004881620988826,
        0.13258252147247765,
        0.3779183319514945,
        0.26608416196760004,
        0.09110862335695782,
        0.39897329171261575,
        0.17328963291264715,
        0.13799626353637262,
        0.12597277731716483,
        0.1988737822087165,
        0.1926379375927805,
        0.09631896879639025,
        0.15467960838455727,
        0.140625,
        0.16010860571811872,
        0.19452968121857395,
        0.2628531850196988,
        0.11481983169296148,
        0.24705294220065463,
        0.21271435267356395,
        0.1795175827043134,
        0.19008632907181935,
        0.12203515118604147,
        0.3398212995458054,
        0.20252314682524564,
        0.16010860571811872
    ],
    [
        0.301768873684812,
        0.255314603724503,
        0.10126157341262282,
        0.09882117688026186,
        0.0,
        0.13621559198564606,
        0.1335000585205864,
        0.22262198201210948,
        0.18619336387207788,
        0.49162914757975856,
        0.21650635094610965,
        0.22963966338592295,
        0.14740595518838442,
        0.18421603316486868,
        0.184877493221863,
        0.10481568644530265,
        0.2692763740564701,
        0.3209787278777209,
        0.19327057620082783,
        0.14986973510352247,
        0.109375,
        0.20584450880593236,
        0.10597390598633231,
        0.09882117688026186,
        0.15068204314051492,
        0.3398212995458054,
        0.24506854908372067,
        0.0924387466109315,
        0.33729739288942034,
        0.14986973510352247,
        0.15309310892394862,
        0.12203515118604147,
        0.1788362990978062,
        0.2013140426050801,
        0.10597390598633231,
        0.13975424859373686,
        0.15625,
        0.1795175827043134,
        0.19948664585630788,
        0.33108781406901705,
        0.15546678704790937,
        0.25242960033442985,
        0.21220363320274338,
        0.19578068884596356,
        0.1690102160373745,
        0.11692679333668567,
        0.38559258372665833,
        0.2170694373351532,
        0.16828640022295324
    ],
    [
        0.2786336640644845,
        0.21137108216357317,
        0.1795175827043134,
        0.13258252147247765,
        0.13621559198564606,
        0.0,
        0.13441133229754104,
        0.20610790559801437,
        0.14574029770451274,
        0.363763960213213,
        0.11692679333668567,
        0.2153757617514097,
        0.21079277442550065,
        0.23593232610221093,
        0.13621559198564606,
        0.1269381000724369,
        0.19764235376052372,
        0.2665425329567497,
        0.17328963291264715,
        0.109375,
        0.071602745233685,
        0.12013086036115411,
        0.14823176532039278,
        0.09375,
        0.10004881620988826,
        0.23017062285400366,
        0.19136638615493579,
        0.10245997694221876,
        0.24902152266420668,
        0.21986323874172325,
        0.15934435979977452,
        0.1907274314958391,
        0.25146057717861064,
        0.12303137303143455,
        0.09882117688026186,
        0.07967217989988726,
        0.14320549046737,
        0.16237976320958225,
        0.15309310892394862,
        0.24655834121967968,
        0.16535945694153692,
        0.1711632992203644,
        0.25679777157543854,
        0.10126157341262282,
        0.06987712429686843,
        0.13621559198564606,
        0.30935921676911454,
        0.171875,
        0.03125
    ],
    [
        0.22152260748059102,
        0.3746743377588062,
        0.15934435979977452,
        0.14657549249448218,
        0.1335000585205864,
        0.13441133229754104,
        0.0,
        0.1616262567623219,
        0.16010860571811872,
        0.3476343040826092,
        0.20372507516258279,
        0.19764235376052372,
        0.13258252147247765,
        0.15229366163764005,
        0.15934435979977452,
        0.1926379375927805,
        0.21650635094610965,
        0.2923169833417142,
        0.1269381000724369,
        0.11587810136086973,
        0.14905300022139775,
        0.12281068877657915,
        0.12979099785809492,
        0.12789613706050704,
        0.1781524101717403,
        0.2125229766989913,
        0.17399263633843817,
        0.10245997694221876,
        0.23799290955824715,
        0.20846350100197397,
        0.1514899955442603,
        0.1690102160373745,
        0.29189908894170946,
        0.16312978920172735,
        0.13799626353637262,
        0.11692679333668567,
        0.12789613706050704,
        0.14986973510352247,
        0.17469281074217108,
        0.18619336387207788,
        0.14405538214520136,
        0.2390165396996618,
        0.20813792919466756,
        0.2170694373351532,
        0.15546678704790937,
        0.12203515118604147,
        0.24506854908372067,
        0.19825902406952375,
        0.13531646934131855
    ],
    [
        0.21763106683100186,
        0.410137648387709,
        0.20610790559801437,
        0.203125,
        0.22262198201210948,
        0.20610790559801437,
        0.1616262567623219,
        0.0,
        0.1137517170200081,
        0.3217384419058438,
        0.21650635094610965,
        0.08838834764831845,
        0.2445699350390395,
        0.1926379375927805,
        0.1616262567623219,
        0.22963966338592295,
        0.1907274314958391,
        0.19390115071860714,
        0.14149039278339715,
        0.13621559198564606,
        0.184877493221863,
        0.13491493590613146,
        0.16755945773068137,
        0.19948664585630788,
        0.1767766952966369,
        0.2790714234295586,
        0.19327057620082783,
        0.19702375332685143,
        0.2939826206597934,
        0.26005182776708186,
        0.17328963291264715,
        0.2715335499528557,
        0.3284968131504475,
        0.11796616305110547,
        0.1767766952966369,
        0.15780476466190746,
        0.14657549249448218,
        0.14740595518838442,
        0.13799626353637262,
        0.14905300022139775,
        0.12103072956898178,
        0.20191949973937634,
        0.23022954276354526,
        0.21423920626253262,
        0.20904825250405706,
        0.16535945694153692,
        0.20551478809321727,
        0.16535945694153692,
        0.19008632907181935
    ],
    [
        0.21423920626253262,
        0.37238672774415577,
        0.16973094517500337,
        0.16682934768798924,
        0.18619336387207788,
        0.14574029770451274,
        0.16010860571811872,
        0.1137517170200081,
        0.0,
        0.39466659188484654,
        0.203125,
        0.14320549046737,
        0.19327057620082783,
        0.1887975933374152,
        0.11796616305110547,
        0.16828640022295324,
        0.19764235376052372,
        0.21423920626253262,
        0.12303137303143455,
        0.10597390598633231,
        0.109375,
        0.08730757611583445,
        0.12303137303143455,
        0.13799626353637262,
        0.12597277731716483,
        0.3140586131600278,
        0.2096313728906053,
        0.14657549249448218,
        0.3365728004459065,
        0.22963966338592295,
        0.1335000585205864,
        0.22696623509896796,
        0.2939826206597934,
        0.10825317547305482,
        0.12203515118604147,
        0.1307281291459493,
        0.11158481919598204,
        0.15309310892394862,
        0.14235052467412967,
        0.15546678704790937,
        0.10825317547305482,
        0.15229366163764005,
        0.21843976016157052,
        0.15625,
        0.1570293065800139,
        0.12203515118604147,
        0.2557922741210141,
        0.14320549046737,
        0.14823176532039278
    ],
    [
        0.297285899850632,
        0.7184102457857906,
        0.5182226234930313,
        0.49311668243935936,
        0.49162914757975856,
        0.363763960213213,
        0.3476343040826092,
        0.3217384419058438,
        0.39466659188484654,
        0.0,
        0.32775276505317236,
        0.3101473943949876,
        0.5663927800122456,
        0.40202126032089397,
        0.31638213642682167,
        0.533542846217621,
        0.22041774968227945,
        0.240035804620894,
        0.45150572739999656,
        0.37727176461405115,
        0.4068505176966105,
        0.3511668298132828,
        0.4419417382415922,
        0.4736720747257537,
        0.3511282039725661,
        0.19825902406952375,
        0.255314603724503,
        0.4460657007381312,
        0.225888004606265,
        0.6149583954423259,
        0.5087131436281158,
        0.5865101368476081,
        0.6910420121092494,
        0.30378472023786846,
        0.397747564417433,
        0.33108781406901705,
        0.3694247005480278,
        0.33548297739974825,
        0.2943975575221371,
        0.2773162398327945,
        0.4772663859156645,
        0.213096589015404,
        0.3993131037933906,
        0.30737993082665627,
        0.29851520585223124,
        0.4621937330546575,
        0.213096589015404,
        0.3029799910885206,
        0.33946189035000673
    ],
    [
        0.2460627460628691,
        0.3965180481390475,
        0.25958199571618984,
        0.2072890493972125,
        0.21650635094610965,
        0.11692679333668567,
        0.20372507516258279,
        0.21650635094610965,
        0.203125,
        0.32775276505317236,
        0.0,
        0.240035804620894,
        0.30935921676911454,
        0.24705294220065463,
        0.12789613706050704,
        0.18684782411095935,
        0.18553659510996745,
        0.2385052737886523,
        0.2614562582918986,
        0.15388840315306412,
        0.12979099785809492,
        0.16470196146710306,
        0.18814991529362962,
        0.203125,
        0.0897587913521567,
        0.19578068884596356,
        0.14320549046737,
        0.213096589015404,
        0.21423920626253262,
        0.3549317716125171,
        0.2768757054167086,
        0.2665425329567497,
        0.3862252216971336,
        0.14823176532039278,
        0.12303137303143455,
        0.10825317547305482,
        0.17399263633843817,
        0.1570293065800139,
        0.12303137303143455,
        0.19200321449132043,
        0.2543565718140579,
        0.16387638252658618,
        0.30118400614168667,
        0.10004881620988826,
        0.12979099785809492,
        0.22803936748947537,
        0.2651650429449553,
        0.1335000585205864,
        0.12789613706050704
    ],
    [
        0.23799290955824715,
        0.40110930165604486,
        0.22262198201210948,
        0.213096589015404,
        0.22963966338592295,
        0.2153757617514097,
        0.19764235376052372,
        0.08838834764831845,
        0.14320549046737,
        0.3101473943949876,
        0.240035804620894,
        0.0,
        0.2768757054167086,
        0.21763106683100186,
        0.18619336387207788,
        0.2348952559120767,
        0.2159417962669571,
        0.16237976320958225,
        0.1711632992203644,
        0.1608692209529219,
        0.20009763241977652,
        0.14777355165740738,
        0.1926379375927805,
        0.22207297505549836,
        0.18944305707784595,
        0.28341183042526646,
        0.22316963839196408,
        0.21930732574403436,
        0.30136408628102984,
        0.27421763710600383,
        0.19452968121857395,
        0.2910615001593306,
        0.3340243488504992,
        0.12597277731716483,
        0.19390115071860714,
        0.1616262567623219,
        0.18684782411095935,
        0.15934435979977452,
        0.14320549046737,
        0.18221724671391565,
        0.1616262567623219,
        0.19702375332685143,
        0.24754655496491967,
        0.2159417962669571,
        0.22152260748059102,
        0.1875,
        0.21137108216357317,
        0.17469281074217108,
        0.20432338797846908
    ],
    [
        0.3284968131504475,
        0.171875,
        0.10364452469860624,
        0.1307281291459493,
        0.14740595518838442,
        0.21079277442550065,
        0.13258252147247765,
        0.2445699350390395,
        0.19327057620082783,
        0.5663927800122456,
        0.30935921676911454,
        0.2768757054167086,
        0.0,
        0.1926379375927805,
        0.22152260748059102,
        0.16387638252658618,
        0.36005370693134103,
        0.3714020101251473,
        0.14905300022139775,
        0.1753901900050285,
        0.1690102160373745,
        0.2328072566523647,
        0.12789613706050704,
        0.13531646934131855,
        0.2312288841710741,
        0.4764984588117783,
        0.33729739288942034,
        0.13258252147247765,
        0.4744445765840305,
        0.120017902310447,
        0.09882117688026186,
        0.11899645477912357,
        0.12597277731716483,
        0.24853083938416978,
        0.17044862679118303,
        0.22041774968227945,
        0.18684782411095935,
        0.23385358667337133,
        0.28168369339562416,
        0.27018150727797785,
        0.13799626353637262,
        0.30257682392245444,
        0.21980154006259575,
        0.255314603724503,
        0.2786336640644845,
        0.12103072956898178,
        0.3690941190943036,
        0.2557922741210141,
        0.2538762001448738
    ],
    [
        0.22371595411369302,
        0.4977978850648122,
        0.20009763241977652,
        0.1926379375927805,
        0.18421603316486868,
        0.23593232610221093,
        0.15229366163764005,
        0.1926379375927805,
        0.1887975933374152,
        0.40202126032089397,
        0.24705294220065463,
        0.21763106683100186,
        0.1926379375927805,
        0.0,
        0.1887975933374152,
        0.2572199630180364,
        0.2692763740564701,
        0.30777680630612825,
        0.19200321449132043,
        0.16682934768798924,
        0.19200321449132043,
        0.1877891289304161,
        0.18154609435347266,
        0.19825902406952375,
        0.19578068884596356,
        0.3140586131600278,
        0.22316963839196408,
        0.20191949973937634,
        0.32738010687120256,
        0.26378035962709584,
        0.19390115071860714,
        0.2533949178160446,
        0.359375,
        0.21650635094610965,
        0.17469281074217108,
        0.18288593610499415,
        0.14320549046737,
        0.1616262567623219,
        0.20846350100197397,
        0.2390165396996618,
        0.15229366163764005,
        0.26745691825974516,
        0.22821773229381923,
        0.2647042866577721,
        0.22910747341586218,
        0.19640320453088336,
        0.2619227283475033,
        0.20610790559801437,
        0.2312288841710741
    ],
    [
        0.1788362990978062,
        0.3647692978102735,
        0.213668661424646,
        0.16387638252658618,
        0.184877493221863,
        0.13621559198564606,
        0.15934435979977452,
        0.1616262567623219,
        0.11796616305110547,
        0.31638213642682167,
        0.12789613706050704,
        0.18619336387207788,
        0.22152260748059102,
        0.1887975933374152,
        0.0,
        0.19200321449132043,
        0.1753901900050285,
        0.22803936748947537,
        0.14657549249448218,
        0.0924387466109315,
        0.1137517170200081,
        0.09490034978275311,
        0.17328963291264715,
        0.15388840315306412,
        0.10481568644530265,
        0.2385052737886523,
        0.14905300022139775,
        0.15467960838455727,
        0.26608416196760004,
        0.28254908312539256,
        0.18814991529362962,
        0.24506854908372067,
        0.33108781406901705,
        0.10711960313126631,
        0.10711960313126631,
        0.12401959270615269,
        0.109375,
        0.14235052467412967,
        0.10481568644530265,
        0.1288470508005519,
        0.1570293065800139,
        0.12203515118604147,
        0.217693380666733,
        0.11587810136086973,
        0.10825317547305482,
        0.17608480733726006,
        0.20551478809321727,
        0.12103072956898178,
        0.12789613706050704
    ],
    [
        0.32135880939379896,
        0.213668661424646,
        0.1288470508005519,
        0.10711960313126631,
        0.10481568644530265,
        0.1269381000724369,
        0.1926379375927805,
        0.22963966338592295,
        0.16828640022295324,
        0.533542846217621,
        0.18684782411095935,
        0.2348952559120767,
        0.16387638252658618,
        0.2572199630180364,
        0.19200321449132043,
        0.0,
        0.29189908894170946,
        0.30095875444153475,
        0.1711632992203644,
        0.14905300022139775,
        0.11267347735824966,
        0.2085285543663292,
        0.1307281291459493,
        0.10364452469860624,
        0.13887803777055607,
        0.42274216432714634,
        0.255314603724503,
        0.11158481919598204,
        0.39958474539201316,
        0.15857643070456592,
        0.14905300022139775,
        0.11692679333668567,
        0.18154609435347266,
        0.17469281074217108,
        0.10364452469860624,
        0.13441133229754104,
        0.18619336387207788,
        0.1907274314958391,
        0.2125229766989913,
        0.29022149407822984,
        0.14149039278339715,
        0.22480460265528374,
        0.24178113309239918,
        0.1690102160373745,
        0.18288593610499415,
        0.1288470508005519,
        0.4128076504257158,
        0.1887975933374152,
        0.16755945773068137
    ],
    [
        0.1875,
        0.5706869489921773,
        0.3081731706768128,
        0.296875,
        0.2692763740564701,
        0.19764235376052372,
        0.21650635094610965,
        0.1907274314958391,
        0.19764235376052372,
        0.22041774968227945,
        0.18553659510996745,
        0.2159417962669571,
        0.36005370693134103,
        0.2692763740564701,
        0.1753901900050285,
        0.29189908894170946,
        0.0,
        0.1988737822087165,
        0.28683687110446593,
        0.21021287573552672,
        0.21423920626253262,
        0.1903715300260111,
        0.2460627460628691,
        0.2781952158557009,
        0.18355218944485516,
        0.15388840315306412,
        0.16237976320958225,
        0.2651650429449553,
        0.1753901900050285,
        0.409839907768875,
        0.3167677333236452,
        0.3590351654086268,
        0.4856334458725017,
        0.18684782411095935,
        0.20610790559801437,
        0.18221724671391565,
        0.20070675904164265,
        0.1514899955442603,
        0.15388840315306412,
        0.184877493221863,
        0.2829807855667943,
        0.15309310892394862,
        0.2705326856920949,
        0.21194781197266463,
        0.16682934768798924,
        0.25291271962872885,
        0.18553659510996745,
        0.18154609435347266,
        0.19200321449132043
    ],
    [
        0.2405438174740727,
        0.4810876349481454,
        0.33548297739974825,
        0.31444705933590794,
        0.3209787278777209,
        0.2665425329567497,
        0.2923169833417142,
        0.19390115071860714,
        0.21423920626253262,
        0.240035804620894,
        0.2385052737886523,
        0.16237976320958225,
        0.3714020101251473,
        0.30777680630612825,
        0.22803936748947537,
        0.30095875444153475,
        0.1988737822087165,
        0.0,
        0.27198273727389394,
        0.24105075969596113,
        0.2642427269576213,
        0.21706943733515316,
        0.29022149407822984,
        0.3159960690024482,
        0.22857404434887177,
        0.2576941016011038,
        0.2181912506838897,
        0.31868871959954903,
        0.273772116686488,
        0.38937299357428473,
        0.30095875444153475,
        0.38400642898264087,
        0.4293322395010652,
        0.17399263633843817,
        0.265625,
        0.23228232417685166,
        0.25242960033442985,
        0.23017062285400366,
        0.1795175827043134,
        0.21021287573552672,
        0.27198273727389394,
        0.1781524101717403,
        0.29407487944777305,
        0.24705294220065463,
        0.25911131174651564,
        0.28641098093474,
        0.19640320453088336,
        0.20610790559801437,
        0.2557922741210141
    ],
    [
        0.2509746625657658,
        0.2688226645950821,
        0.16387638252658618,
        0.17469281074217108,
        0.19327057620082783,
        0.17328963291264715,
        0.1269381000724369,
        0.14149039278339715,
        0.12303137303143455,
        0.45150572739999656,
        0.2614562582918986,
        0.1711632992203644,
        0.14905300022139775,
        0.19200321449132043,
        0.14657549249448218,
        0.1711632992203644,
        0.28683687110446593,
        0.27198273727389394,
        0.0,
        0.11587810136086973,
        0.14905300022139775,
        0.13420936173672007,
        0.13441133229754104,
        0.13621559198564606,
        0.1801962905417312,
        0.36241917202322504,
        0.3053878169639385,
        0.14740595518838442,
        0.39621007290956145,
        0.18087245160609727,
        0.09757809372497497,
        0.2170694373351532,
        0.20904825250405706,
        0.14740595518838442,
        0.14986973510352247,
        0.19136638615493579,
        0.140625,
        0.2159417962669571,
        0.1926379375927805,
        0.16755945773068137,
        0.0855816496101822,
        0.22262198201210948,
        0.22504580937987811,
        0.18553659510996745,
        0.22534695471649932,
        0.12203515118604147,
        0.2567449488305466,
        0.1907274314958391,
        0.19390115071860714
    ],
    [
        0.2125229766989913,
        0.29851520585223124,
        0.15780476466190746,
        0.1288470508005519,
        0.14986973510352247,
        0.109375,
        0.11587810136086973,
        0.13621559198564606,
        0.10597390598633231,
        0.37727176461405115,
        0.15388840315306412,
        0.1608692209529219,
        0.1753901900050285,
        0.16682934768798924,
        0.0924387466109315,
        0.14905300022139775,
        0.21021287573552672,
        0.24105075969596113,
        0.11587810136086973,
        0.0,
        0.09375,
        0.07291666666666669,
        0.109375,
        0.09631896879639025,
        0.10597390598633231,
        0.25626905416963636,
        0.19764235376052372,
        0.10245997694221876,
        0.28341183042526646,
        0.2275034340400162,
        0.11899645477912357,
        0.20252314682524564,
        0.2706329386826371,
        0.10597390598633231,
        0.10481568644530265,
        0.0924387466109315,
        0.07328774624724109,
        0.13975424859373686,
        0.1288470508005519,
        0.184877493221863,
        0.11158481919598204,
        0.19008632907181935,
        0.20458874313960787,
        0.14320549046737,
        0.1316585902058806,
        0.11267347735824966,
        0.2706329386826371,
        0.15780476466190746,
        0.10597390598633231
    ],
    [
        0.25146057717861064,
        0.28384222069663984,
        0.13975424859373686,
        0.10481568644530265,
        0.109375,
        0.071602745233685,
        0.14905300022139775,
        0.184877493221863,
        0.109375,
        0.4068505176966105,
        0.12979099785809492,
        0.20009763241977652,
        0.1690102160373745,
        0.19200321449132043,
        0.1137517170200081,
        0.11267347735824966,
        0.21423920626253262,
        0.2642427269576213,
        0.14905300022139775,
        0.09375,
        0.0,
        0.11398994077207963,
        0.11796616305110547,
        0.09757809372497497,
        0.08838834764831845,
        0.28768675999253074,
        0.18421603316486868,
        0.10597390598633231,
        0.29315098498896436,
        0.20009763241977652,
        0.13621559198564606,
        0.17258376589355096,
        0.2430679560328757,
        0.13531646934131855,
        0.07493486755176124,
        0.07967217989988726,
        0.10825317547305482,
        0.1307281291459493,
        0.13975424859373686,
        0.2096313728906053,
        0.12597277731716483,
        0.16010860571811872,
        0.21843976016157052,
        0.10364452469860624,
        0.10825317547305482,
        0.11692679333668567,
        0.3049878327491115,
        0.1307281291459493,
        0.09110862335695782
    ],
    [
        0.21021287573552672,
        0.33842145301548354,
        0.2103418802740487,
        0.1702894033778314,
        0.20584450880593236,
        0.12013086036115411,
        0.12281068877657915,
        0.13491493590613146,
        0.08730757611583445,
        0.3511668298132828,
        0.16470196146710306,
        0.14777355165740738,
        0.2328072566523647,
        0.1877891289304161,
        0.09490034978275311,
        0.2085285543663292,
        0.1903715300260111,
        0.21706943733515316,
        0.13420936173672007,
        0.07291666666666669,
        0.11398994077207963,
        0.0,
        0.15371202670180945,
        0.1352161977681997,
        0.1265099770988658,
        0.24891256552809418,
        0.1895146395693776,
        0.14101027469459254,
        0.2846057519232136,
        0.2809604991512746,
        0.1646195898883241,
        0.27173328043219963,
        0.3295274262527746,
        0.0788163851584456,
        0.11704273465752205,
        0.10648462656385871,
        0.10546071214227391,
        0.15866193970549808,
        0.1287417405657112,
        0.12478279740323894,
        0.16019329686697603,
        0.1545041351478263,
        0.23431712248337488,
        0.1401419171570178,
        0.11458333333333331,
        0.15702930658001393,
        0.23650651124464017,
        0.15131082339931198,
        0.09389456446520804
    ],
    [
        0.26238836912104163,
        0.2679129406169101,
        0.08414320011147662,
        0.11481983169296148,
        0.10597390598633231,
        0.14823176532039278,
        0.12979099785809492,
        0.16755945773068137,
        0.12303137303143455,
        0.4419417382415922,
        0.18814991529362962,
        0.1926379375927805,
        0.12789613706050704,
        0.18154609435347266,
        0.17328963291264715,
        0.1307281291459493,
        0.2460627460628691,
        0.29022149407822984,
        0.13441133229754104,
        0.109375,
        0.11796616305110547,
        0.15371202670180945,
        0.0,
        0.11048543456039805,
        0.16387638252658618,
        0.3247595264191645,
        0.2072890493972125,
        0.11899645477912357,
        0.328125,
        0.14235052467412967,
        0.08699631816921909,
        0.14740595518838442,
        0.17469281074217108,
        0.15934435979977452,
        0.10126157341262282,
        0.12401959270615269,
        0.12203515118604147,
        0.14986973510352247,
        0.18288593610499415,
        0.2576941016011038,
        0.11481983169296148,
        0.23541436208311506,
        0.18843804703255773,
        0.20551478809321727,
        0.18087245160609727,
        0.09504316453590968,
        0.3329261836353518,
        0.1660960283239789,
        0.15229366163764005
    ],
    [
        0.2910615001593306,
        0.21650635094610965,
        0.11481983169296148,
        0.10004881620988826,
        0.09882117688026186,
        0.09375,
        0.12789613706050704,
        0.19948664585630788,
        0.13799626353637262,
        0.4736720747257537,
        0.203125,
        0.22207297505549836,
        0.13531646934131855,
        0.19825902406952375,
        0.15388840315306412,
        0.10364452469860624,
        0.2781952158557009,
        0.3159960690024482,
        0.13621559198564606,
        0.09631896879639025,
        0.09757809372497497,
        0.1352161977681997,
        0.11048543456039805,
        0.0,
        0.14320549046737,
        0.3521696146745201,
        0.24902152266420668,
        0.04419417382415922,
        0.35251606789620243,
        0.15625,
        0.109375,
        0.140625,
        0.18421603316486868,
        0.15857643070456592,
        0.09631896879639025,
        0.120017902310447,
        0.12203515118604147,
        0.17258376589355096,
        0.18684782411095935,
        0.2538762001448738,
        0.12303137303143455,
        0.22426093897511443,
        0.20656804182345773,
        0.16237976320958225,
        0.15388840315306412,
        0.08267972847076846,
        0.3549317716125171,
        0.19764235376052372,
        0.11796616305110547
    ],
    [
        0.22152260748059102,
        0.3121091305537215,
        0.19327057620082783,
        0.13258252147247765,
        0.15068204314051492,
        0.10004881620988826,
        0.1781524101717403,
        0.1767766952966369,
        0.12597277731716483,
        0.3511282039725661,
        0.0897587913521567,
        0.18944305707784595,
        0.2312288841710741,
        0.19578068884596356,
        0.10481568644530265,
        0.13887803777055607,
        0.18355218944485516,
        0.22857404434887177,
        0.1801962905417312,
        0.10597390598633231,
        0.08838834764831845,
        0.1265099770988658,
        0.16387638252658618,
        0.14320549046737,
        0.0,
        0.23070036031614688,
        0.13799626353637262,
        0.13975424859373686,
        0.2445699350390395,
        0.25194555463432966,
        0.18684782411095935,
        0.19825902406952375,
        0.28512949360772905,
        0.1288470508005519,
        0.1137517170200081,
        0.10004881620988826,
        0.120017902310447,
        0.13799626353637262,
        0.11899645477912357,
        0.19764235376052372,
        0.15229366163764005,
        0.13975424859373686,
        0.21675679215296684,
        0.11048543456039805,
        0.12979099785809492,
        0.1608692209529219,
        0.2647042866577721,
        0.1307281291459493,
        0.11158481919598204
    ],
    [
        0.2665425329567497,
        0.6248046569728815,
        0.40924377667839984,
        0.3779183319514945,
        0.3398212995458054,
        0.23017062285400366,
        0.2125229766989913,
        0.2790714234295586,
        0.3140586131600278,
        0.19825902406952375,
        0.19578068884596356,
        0.28341183042526646,
        0.4764984588117783,
        0.3140586131600278,
        0.2385052737886523,
        0.42274216432714634,
        0.15388840315306412,
        0.2576941016011038,
        0.36241917202322504,
        0.25626905416963636,
        0.28768675999253074,
        0.24891256552809418,
        0.3247595264191645,
        0.3521696146745201,
        0.23070036031614688,
        0.0,
        0.16755945773068137,
        0.3194538796915761,
        0.109375,
        0.5096720759468778,
        0.4189714899309976,
        0.4576818286211503,
        0.592102978796763,
        0.22480460265528374,
        0.27466243486323355,
        0.1926379375927805,
        0.265625,
        0.22696623509896796,
        0.2153757617514097,
        0.20669932117692114,
        0.39989012162717896,
        0.1781524101717403,
        0.35128268185244266,
        0.18221724671391565,
        0.16237976320958225,
        0.3444594950788844,
        0.1795175827043134,
        0.23541436208311506,
        0.22041774968227945
    ],
    [
        0.17399263633843817,
        0.5224454217906402,
        0.2728788936964528,
        0.26608416196760004,
        0.24506854908372067,
        0.19136638615493579,
        0.17399263633843817,
        0.19327057620082783,
        0.2096313728906053,
        0.255314603724503,
        0.14320549046737,
        0.22316963839196408,
        0.33729739288942034,
        0.22316963839196408,
        0.14905300022139775,
        0.255314603724503,
        0.16237976320958225,
        0.2181912506838897,
        0.3053878169639385,
        0.19764235376052372,
        0.18421603316486868,
        0.1895146395693776,
        0.2072890493972125,
        0.24902152266420668,
        0.13799626353637262,
        0.16755945773068137,
        0.0,
        0.234375,
        0.17469281074217108,
        0.3890593624371479,
        0.30338262248355624,
        0.3247595264191645,
        0.46034124570800733,
        0.18619336387207788,
        0.1795175827043134,
        0.15625,
        0.17399263633843817,
        0.16682934768798924,
        0.14986973510352247,
        0.214808235701055,
        0.2781952158557009,
        0.15388840315306412,
        0.2786823379514947,
        0.17328963291264715,
        0.14405538214520136,
        0.240035804620894,
        0.22857404434887177,
        0.17328963291264715,
        0.17258376589355096
    ],
    [
        0.2893790496476896,
        0.1781524101717403,
        0.11587810136086973,
        0.09110862335695782,
        0.0924387466109315,
        0.10245997694221876,
        0.10245997694221876,
        0.19702375332685143,
        0.14657549249448218,
        0.4460657007381312,
        0.213096589015404,
        0.21930732574403436,
        0.13258252147247765,
        0.20191949973937634,
        0.15467960838455727,
        0.11158481919598204,
        0.2651650429449553,
        0.31868871959954903,
        0.14740595518838442,
        0.10245997694221876,
        0.10597390598633231,
        0.14101027469459254,
        0.11899645477912357,
        0.04419417382415922,
        0.13975424859373686,
        0.3194538796915761,
        0.234375,
        0.0,
        0.32923917977664807,
        0.13799626353637262,
        0.10126157341262282,
        0.13887803777055607,
        0.16535945694153692,
        0.17044862679118303,
        0.10825317547305482,
        0.1307281291459493,
        0.140625,
        0.184877493221863,
        0.19008632907181935,
        0.258167369404036,
        0.125,
        0.23333100817293873,
        0.21468191505755155,
        0.16682934768798924,
        0.14490028899212037,
        0.07328774624724109,
        0.3465792658252943,
        0.2159417962669571,
        0.12303137303143455
    ],
    [
        0.29315098498896436,
        0.5943664563003198,
        0.4032339968926231,
        0.39897329171261575,
        0.33729739288942034,
        0.24902152266420668,
        0.23799290955824715,
        0.2939826206597934,
        0.3365728004459065,
        0.225888004606265,
        0.21423920626253262,
        0.30136408628102984,
        0.4744445765840305,
        0.32738010687120256,
        0.26608416196760004,
        0.39958474539201316,
        0.1753901900050285,
        0.273772116686488,
        0.39621007290956145,
        0.28341183042526646,
        0.29315098498896436,
        0.2846057519232136,
        0.328125,
        0.35251606789620243,
        0.2445699350390395,
        0.109375,
        0.17469281074217108,
        0.32923917977664807,
        0.0,
        0.5089530460906978,
        0.4236075534914362,
        0.4716058835245803,
        0.5760096434739613,
        0.2724311839712921,
        0.2799448885495143,
        0.21763106683100186,
        0.28895690638917076,
        0.2390165396996618,
        0.23747943989954162,
        0.25194555463432966,
        0.4116231210099841,
        0.18684782411095935,
        0.33528076957148084,
        0.1887975933374152,
        0.19640320453088336,
        0.35251606789620243,
        0.21423920626253262,
        0.2460627460628691,
        0.2460627460628691
    ],
    [
