[
    [
        0.0,
        1.165922381636102,
        0.8100925873009825,
        0.7905694150420949,
        0.8569568250501305,
        1.015504800579495,
        1.0606601717798212,
        1.165922381636102,
        1.0307764064044151,
        1.0680004681646913,
        1.8708286933869707,
        1.1858541225631423,
        1.192424001771182,
        0.9354143466934853,
        1.1388041973930374,
        0.8385254915624212,
        1.3110110602126894,
        1.231107225224513,
        1.1989578808281798,
        0.81967981553775,
        1.015504800579495,
        0.9354143466934853,
        1.0680004681646913,
        0.8100925873009825,
        0.8385254915624212,
        1.4086784586980805,
        1.5662455107677085,
        1.2686114456365274,
        0.8569568250501305,
        1.4737282653189494,
        0.7603453162872774,
        0.7806247497997998,
        0.75,
        0.8569568250501305,
        0.9921567416492215,
        0.960143218483576,
        0.9437293044088437,
        0.8838834764831844,
        1.192424001771182,
        1.1319231422671772,
        1.2054563451241194,
        0.9921567416492215,
        1.0752906583803283,
        1.0532687216470449,
        0.8838834764831844,
        1.2054563451241194,
        0.82915619758885,
        1.4197270864500684,
        1.0383279828647594,
        1.0968705484240153
    ],
    [
        1.165922381636102,
        0.0,
        1.3169567191065923,
        1.14564392373896,
        1.14564392373896,
        1.3050383136138188,
        1.0532687216470449,
        1.0897247358851685,
        1.103970108290981,
        1.0383279828647594,
        1.5103807466993215,
        1.125,
        1.1858541225631423,
        1.224744871391589,
        1.2119199643540823,
        1.118033988749895,
        1.5662455107677085,
        1.0825317547305484,
        1.0968705484240153,
        1.125,
        1.1319231422671772,
        1.0307764064044151,
        1.14564392373896,
        1.118033988749895,
        1.1792476415070754,
        1.4947825928876748,
        1.357847561400027,
        1.1858541225631423,
        1.159202311936963,
        1.2808688457449497,
        1.243734296383275,
        1.1989578808281798,
        1.1989578808281798,
        1.3806701271484076,
        1.0532687216470449,
        1.1524430571616109,
        1.0077822185373186,
        1.165922381636102,
        1.25,
        1.0897247358851685,
        1.0968705484240153,
        1.192424001771182,
        1.118033988749895,
        1.14564392373896,
        1.125,
        1.159202311936963,
        1.0968705484240153,
        1.2747548783981961,
        1.1524430571616109,
        1.2119199643540823
    ],
    [
        0.8100925873009825,
        1.3169567191065923,
        0.0,
        0.6846531968814576,
        0.739509972887452,
        0.9013878188659973,
        1.0606601717798212,
        1.286953767623375,
        1.118033988749895,
        1.1989578808281798,
        2.1028254801575903,
        1.299038105676658,
        1.352081728298996,
        0.770551750371122,
        1.2686114456365274,
        0.960143218483576,
        1.2562344526401112,
        1.479019945774904,
        1.4197270864500684,
        0.8569568250501305,
        1.0383279828647594,
        0.9842509842514764,
        1.1524430571616109,
        0.8477912478906585,
        0.75,
        1.4737282653189494,
        1.7455300054711176,
        1.505199322349037,
        0.82915619758885,
        1.6909686573085854,
        0.5153882032022076,
        0.6614378277661477,
        0.5590169943749475,
        0.5153882032022076,
        1.1524430571616109,
        0.9762812094883317,
        1.103970108290981,
        0.9842509842514764,
        1.286953767623375,
        1.243734296383275,
        1.403121520040228,
        1.0307764064044151,
        1.2562344526401112,
        1.0680004681646913,
        0.9437293044088437,
        1.4469796128487782,
        0.8003905296791061,
        1.6630168369562588,
        1.1319231422671772,
        1.231107225224513
    ],
    [
        0.7905694150420949,
        1.14564392373896,
        0.6846531968814576,
        0.0,
        0.75,
        0.9270248108869579,
        0.9437293044088437,
        1.0968705484240153,
        0.9921567416492215,
        1.0307764064044151,
        1.8285923547909742,
        1.125,
        1.1388041973930374,
        0.82915619758885,
        1.118033988749895,
        0.9100137361600648,
        1.2747548783981961,
        1.1989578808281798,
        1.159202311936963,
        0.82915619758885,
        1.0,
        0.9013878188659973,
        1.0458250331675945,
        0.8003905296791061,
        0.75,
        1.4142135623730951,
        1.4684175155588413,
        1.286953767623375,
        0.8003905296791061,
        1.4577379737113252,
        0.6959705453537527,
        0.7180703308172536,
        0.7180703308172536,
        0.739509972887452,
        0.9682458365518543,
        0.9185586535436918,
        0.9519716382329886,
        0.9013878188659973,
        1.1792476415070754,
        1.0532687216470449,
        1.159202311936963,
        0.9013878188659973,
        1.1110243021644486,
        0.9921567416492215,
        0.8838834764831844,
        1.231107225224513,
        0.770551750371122,
        1.3635890143294642,
        0.960143218483576,
        1.125
    ],
    [
        0.8569568250501305,
        1.14564392373896,
        0.739509972887452,
        0.75,
        0.0,
        0.9842509842514764,
        0.9842509842514764,
        1.1726039399558574,
        1.0383279828647594,
        1.1110243021644486,
        1.8708286933869707,
        1.1524430571616109,
        1.1989578808281798,
        0.9013878188659973,
        1.1726039399558574,
        0.9270248108869579,
        1.2624381172952597,
        1.2624381172952597,
        1.2183492931011204,
        0.8569568250501305,
        1.0077822185373186,
        0.9185586535436918,
        1.0383279828647594,
        0.8477912478906585,
        0.8100925873009825,
        1.3693063937629153,
        1.505199322349037,
        1.3228756555322954,
        0.8385254915624212,
        1.479019945774904,
        0.7288689868556626,
        0.7603453162872774,
        0.7288689868556626,
        0.81967981553775,
        1.0231690964840563,
        0.9437293044088437,
        0.9437293044088437,
        0.9185586535436918,
        1.1858541225631423,
        1.125,
        1.1726039399558574,
        0.9270248108869579,
        1.118033988749895,
        0.9921567416492215,
        0.9013878188659973,
        1.2374368670764582,
        0.81967981553775,
        1.4306903927824497,
        1.0077822185373186,
        1.14564392373896
    ],
    [
        1.015504800579495,
        1.3050383136138188,
        0.9013878188659973,
        0.9270248108869579,
        0.9842509842514764,
        0.0,
        1.165922381636102,
        1.340475661845451,
        1.14564392373896,
        1.2562344526401112,
        1.9324531042175384,
        1.0968705484240153,
        1.3050383136138188,
        1.0307764064044151,
        1.0383279828647594,
        1.118033988749895,
        0.9437293044088437,
        1.3863170633011772,
        1.352081728298996,
        1.0458250331675945,
        1.1110243021644486,
        1.0968705484240153,
        1.125,
        1.0231690964840563,
        0.9762812094883317,
        1.1110243021644486,
        1.648863244784115,
        1.4415703243338496,
        0.9682458365518543,
        1.505199322349037,
        0.9185586535436918,
        0.9270248108869579,
        0.9185586535436918,
        0.960143218483576,
        1.1858541225631423,
        1.103970108290981,
        1.1524430571616109,
        1.1388041973930374,
        1.0968705484240153,
        1.231107225224513,
        1.3975424859373686,
        1.165922381636102,
        1.2119199643540823,
        1.125,
        1.0606601717798212,
        1.2183492931011204,
        0.9682458365518543,
        1.3693063937629153,
        1.165922381636102,
        1.0825317547305484
    ],
    [
        1.0606601717798212,
        1.0532687216470449,
        1.0606601717798212,
        0.9437293044088437,
        0.9842509842514764,
        1.165922381636102,
        0.0,
        1.103970108290981,
        1.1524430571616109,
        1.118033988749895,
        1.653594569415369,
        1.159202311936963,
        1.165922381636102,
        1.0307764064044151,
        1.1989578808281798,
        0.9682458365518543,
        1.4947825928876748,
        1.2183492931011204,
        1.165922381636102,
        1.0532687216470449,
        1.0825317547305484,
        0.9842509842514764,
        1.0307764064044151,
        1.015504800579495,
        1.0231690964840563,
        1.4415703243338496,
        1.340475661845451,
        1.2119199643540823,
        1.0231690964840563,
        1.2686114456365274,
        1.0825317547305484,
        1.0532687216470449,
        1.0307764064044151,
        1.14564392373896,
        1.0752906583803283,
        1.0458250331675945,
        1.0307764064044151,
        0.9921567416492215,
        1.1989578808281798,
        1.0752906583803283,
        1.1792476415070754,
        1.0897247358851685,
        1.0897247358851685,
        1.0897247358851685,
        1.0307764064044151,
        1.192424001771182,
        1.0231690964840563,
        1.3975424859373686,
        1.159202311936963,
        1.118033988749895
    ],
    [
        1.165922381636102,
        1.0897247358851685,
        1.286953767623375,
        1.0968705484240153,
        1.1726039399558574,
        1.340475661845451,
        1.103970108290981,
        0.0,
        1.015504800579495,
        1.14564392373896,
        1.5309310892394863,
        1.159202311936963,
        1.1792476415070754,
        1.2183492931011204,
        1.159202311936963,
        1.118033988749895,
        1.571225636247067,
        1.2119199643540823,
        1.103970108290981,
        1.1110243021644486,
        1.1388041973930374,
        1.0231690964840563,
        1.159202311936963,
        1.1319231422671772,
        1.14564392373896,
        1.4947825928876748,
        1.3169567191065923,
        1.1792476415070754,
        1.1524430571616109,
        1.25,
        1.224744871391589,
        1.25,
        1.1858541225631423,
        1.334634781503914,
        1.0606601717798212,
        1.1319231422671772,
        1.0307764064044151,
        1.0606601717798212,
        1.243734296383275,
        1.118033988749895,
        1.118033988749895,
        1.0532687216470449,
        1.0606601717798212,
        1.103970108290981,
        1.0968705484240153,
        1.2624381172952597,
        1.1524430571616109,
        1.286953767623375,
        1.118033988749895,
        1.2054563451241194
    ],
    [
        1.0307764064044151,
        1.103970108290981,
        1.118033988749895,
        0.9921567416492215,
        1.0383279828647594,
        1.14564392373896,
        1.1524430571616109,
        1.015504800579495,
        0.0,
        1.1319231422671772,
        1.709349291397168,
        1.1792476415070754,
        1.125,
        1.1388041973930374,
        1.1989578808281798,
        1.0458250331675945,
        1.3919410907075054,
        1.1858541225631423,
        1.0383279828647594,
        0.9437293044088437,
        1.0532687216470449,
        0.960143218483576,
        1.0606601717798212,
        1.0231690964840563,
        0.9921567416492215,
        1.5,
        1.4469796128487782,
        1.1989578808281798,
        1.0231690964840563,
        1.4197270864500684,
        1.0231690964840563,
        0.9842509842514764,
        0.9921567416492215,
        1.2374368670764582,
        0.960143218483576,
        0.9842509842514764,
        1.0307764064044151,
        1.0680004681646913,
        1.1858541225631423,
        1.103970108290981,
        1.1792476415070754,
        0.9682458365518543,
        1.0968705484240153,
        1.0383279828647594,
        1.0077822185373186,
        1.231107225224513,
        1.0,
        1.299038105676658,
        1.0458250331675945,
        1.165922381636102
    ],
    [
        1.0680004681646913,
        1.0383279828647594,
        1.1989578808281798,
        1.0307764064044151,
        1.1110243021644486,
        1.2562344526401112,
        1.118033988749895,
        1.14564392373896,
        1.1319231422671772,
        0.0,
        1.6105123408406408,
        1.1858541225631423,
        1.1726039399558574,
        1.0968705484240153,
        1.1989578808281798,
        1.0458250331675945,
        1.4523687548277813,
        1.1792476415070754,
        1.1110243021644486,
        0.9842509842514764,
        1.1388041973930374,
        1.0,
        1.1110243021644486,
        1.0532687216470449,
        1.103970108290981,
        1.4737282653189494,
        1.4842927608797396,
        1.2808688457449497,
        1.103970108290981,
        1.3228756555322954,
        1.103970108290981,
        1.1319231422671772,
        1.103970108290981,
        1.2119199643540823,
        1.0307764064044151,
        1.192424001771182,
        1.0077822185373186,
        1.125,
        1.25,
        1.125,
        1.2747548783981961,
        1.0968705484240153,
        1.14564392373896,
        1.0606601717798212,
        1.125,
        1.224744871391589,
        1.0458250331675945,
        1.2624381172952597,
        1.0307764064044151,
        1.1726039399558574
    ],
    [
        1.8708286933869707,
        1.5103807466993215,
        2.1028254801575903,
        1.8285923547909742,
        1.8708286933869707,
        1.9324531042175384,
        1.653594569415369,
        1.5309310892394863,
        1.709349291397168,
        1.6105123408406408,
        0.0,
        1.5761900266148114,
        1.6105123408406408,
        1.875,
        1.6630168369562588,
        1.71846588560844,
        2.080414622136655,
        1.4469796128487782,
        1.5811388300841898,
        1.79843682124227,
        1.741048534648015,
        1.709349291397168,
        1.6723860200324565,
        1.776583800443987,
        1.9039432764659772,
        1.9724667297574374,
        1.5562374497485916,
        1.6105123408406408,
        1.8540496217739157,
        1.653594569415369,
        2.0155644370746373,
        1.899835519196333,
        1.964529205687714,
        2.084166500066633,
        1.6298006013006623,
        1.8328597873268975,
        1.5662455107677085,
        1.8157298807917437,
        1.8027756377319946,
        1.6056540723331412,
        1.58607219255619,
        1.7455300054711176,
        1.6105123408406408,
        1.6723860200324565,
        1.7275343701356567,
        1.713913650100261,
        1.8200274723201295,
        1.4577379737113252,
        1.6441183047457382,
        1.7365554986812255
    ],
    [
        1.1858541225631423,
        1.125,
        1.299038105676658,
        1.125,
        1.1524430571616109,
        1.0968705484240153,
        1.159202311936963,
        1.159202311936963,
        1.1792476415070754,
        1.1858541225631423,
        1.5761900266148114,
        0.0,
        1.3169567191065923,
        1.2686114456365274,
        1.0077822185373186,
        1.125,
        1.2054563451241194,
        1.1792476415070754,
        1.2374368670764582,
        1.2054563451241194,
        1.231107225224513,
        1.125,
        1.1792476415070754,
        1.159202311936963,
        1.1792476415070754,
        1.1792476415070754,
        1.4306903927824497,
        1.2747548783981961,
        1.125,
        1.3863170633011772,
        1.2624381172952597,
        1.2374368670764582,
        1.1858541225631423,
        1.375,
        1.1319231422671772,
        1.1989578808281798,
        1.118033988749895,
        1.2119199643540823,
        1.118033988749895,
        1.1388041973930374,
        1.2562344526401112,
        1.1388041973930374,
        1.25,
        1.192424001771182,
        1.1858541225631423,
        1.0383279828647594,
        1.2119199643540823,
        1.165922381636102,
        1.165922381636102,
        1.0825317547305484
    ],
    [
        1.192424001771182,
        1.1858541225631423,
        1.352081728298996,
        1.1388041973930374,
        1.1989578808281798,
        1.3050383136138188,
        1.165922381636102,
        1.1792476415070754,
        1.125,
        1.1726039399558574,
        1.6105123408406408,
        1.3169567191065923,
        0.0,
        1.1989578808281798,
        1.2624381172952597,
        1.1319231422671772,
        1.541103500742244,
        1.2562344526401112,
        1.1524430571616109,
        1.2119199643540823,
        1.103970108290981,
        1.103970108290981,
        1.159202311936963,
        1.103970108290981,
        1.1989578808281798,
        1.541103500742244,
        1.4086784586980805,
        1.3287682265918312,
        1.1524430571616109,
        1.243734296383275,
        1.2930100540985752,
        1.192424001771182,
        1.2183492931011204,
        1.352081728298996,
        1.165922381636102,
        1.1726039399558574,
        1.118033988749895,
        1.2054563451241194,
        1.231107225224513,
        1.0897247358851685,
        1.2119199643540823,
        1.1524430571616109,
        1.1388041973930374,
        1.2183492931011204,
        1.0968705484240153,
        1.2562344526401112,
        1.1726039399558574,
        1.357847561400027,
        1.1388041973930374,
        1.243734296383275
    ],
    [
        0.9354143466934853,
        1.224744871391589,
        0.770551750371122,
        0.82915619758885,
        0.9013878188659973,
        1.0307764064044151,
        1.0307764064044151,
        1.2183492931011204,
        1.1388041973930374,
        1.0968705484240153,
        1.875,
        1.2686114456365274,
        1.1989578808281798,
        0.0,
        1.243734296383275,
        1.0,
        1.352081728298996,
        1.334634781503914,
        1.2562344526401112,
        0.8477912478906585,
        0.9921567416492215,
        0.9437293044088437,
        1.118033988749895,
        0.9437293044088437,
        0.82915619758885,
        1.4252192813739224,
        1.648863244784115,
        1.403121520040228,
        0.8477912478906585,
        1.489546910976623,
        0.7806247497997998,
        0.8100925873009825,
        0.770551750371122,
        0.8838834764831844,
        1.118033988749895,
        0.8926785535678563,
        1.0752906583803283,
        0.9437293044088437,
        1.1989578808281798,
        1.1792476415070754,
        1.340475661845451,
        0.960143218483576,
        1.2119199643540823,
        1.0458250331675945,
        1.015504800579495,
        1.334634781503914,
        0.9100137361600648,
        1.5,
        1.1110243021644486,
        1.2119199643540823
    ],
    [
        1.1388041973930374,
        1.2119199643540823,
        1.2686114456365274,
        1.118033988749895,
        1.1726039399558574,
        1.0383279828647594,
        1.1989578808281798,
        1.159202311936963,
        1.1989578808281798,
        1.1989578808281798,
        1.6630168369562588,
        1.0077822185373186,
        1.2624381172952597,
        1.243734296383275,
        0.0,
        1.1319231422671772,
        1.0897247358851685,
        1.3110110602126894,
        1.2183492931011204,
        1.125,
        1.103970108290981,
        1.14564392373896,
        1.1319231422671772,
        1.159202311936963,
        1.1319231422671772,
        1.1792476415070754,
        1.4469796128487782,
        1.2624381172952597,
        1.118033988749895,
        1.3919410907075054,
        1.192424001771182,
        1.192424001771182,
        1.159202311936963,
        1.299038105676658,
        1.1388041973930374,
        1.224744871391589,
        1.103970108290981,
        1.1792476415070754,
        1.125,
        1.2374368670764582,
        1.3110110602126894,
        1.159202311936963,
        1.1858541225631423,
        1.1792476415070754,
        1.1792476415070754,
        1.1388041973930374,
        1.224744871391589,
        1.2183492931011204,
        1.1726039399558574,
        1.0825317547305484
    ],
    [
        0.8385254915624212,
        1.118033988749895,
        0.960143218483576,
        0.9100137361600648,
        0.9270248108869579,
        1.118033988749895,
        0.9682458365518543,
        1.118033988749895,
        1.0458250331675945,
        1.0458250331675945,
        1.71846588560844,
        1.125,
        1.1319231422671772,
        1.0,
        1.1319231422671772,
        0.0,
        1.4197270864500684,
        1.1989578808281798,
        1.1110243021644486,
        0.960143218483576,
        1.0383279828647594,
        0.9437293044088437,
        1.0,
        0.875,
        0.9185586535436918,
        1.4361406616345072,
        1.4197270864500684,
        1.192424001771182,
        0.960143218483576,
        1.334634781503914,
        0.9013878188659973,
        0.9185586535436918,
        0.9354143466934853,
        1.0077822185373186,
        1.0077822185373186,
        0.9762812094883317,
        0.9842509842514764,
        0.82915619758885,
        1.1858541225631423,
        1.1110243021644486,
        1.118033988749895,
        1.0752906583803283,
        1.0606601717798212,
        1.0968705484240153,
        0.9354143466934853,
        1.165922381636102,
        0.9762812094883317,
        1.375,
        1.0532687216470449,
        1.0231690964840563
    ],
    [
        1.3110110602126894,
        1.5662455107677085,
        1.2562344526401112,
        1.2747548783981961,
        1.2624381172952597,
        0.9437293044088437,
        1.4947825928876748,
        1.571225636247067,
        1.3919410907075054,
        1.4523687548277813,
        2.080414622136655,
        1.2054563451241194,
        1.541103500742244,
        1.352081728298996,
        1.0897247358851685,
        1.4197270864500684,
        0.0,
        1.6056540723331412,
        1.5662455107677085,
        1.3287682265918312,
        1.3975424859373686,
        1.3806701271484076,
        1.4523687548277813,
        1.334634781503914,
        1.299038105676658,
        1.0,
        1.8791620472966135,
        1.713913650100261,
        1.2808688457449497,
        1.824314939915803,
        1.2054563451241194,
        1.2624381172952597,
        1.2374368670764582,
        1.2747548783981961,
        1.4361406616345072,
        1.3806701271484076,
        1.3863170633011772,
        1.4142135623730951,
        1.2054563451241194,
        1.5309310892394863,
        1.6393596310755,
        1.4197270864500684,
        1.5206906325745548,
        1.4086784586980805,
        1.357847561400027,
        1.334634781503914,
        1.299038105676658,
        1.4415703243338496,
        1.403121520040228,
        1.2119199643540823
    ],
    [
        1.231107225224513,
        1.0825317547305484,
        1.479019945774904,
        1.1989578808281798,
        1.2624381172952597,
        1.3863170633011772,
        1.2183492931011204,
        1.2119199643540823,
        1.1858541225631423,
        1.1792476415070754,
        1.4469796128487782,
        1.1792476415070754,
        1.2562344526401112,
        1.334634781503914,
        1.3110110602126894,
        1.1989578808281798,
        1.6056540723331412,
        0.0,
        1.0825317547305484,
        1.231107225224513,
        1.299038105676658,
        1.1110243021644486,
        1.2054563451241194,
        1.2054563451241194,
        1.299038105676658,
        1.5103807466993215,
        1.4361406616345072,
        1.299038105676658,
        1.299038105676658,
        1.3635890143294642,
        1.403121520040228,
        1.2747548783981961,
        1.3110110602126894,
        1.4577379737113252,
        1.0968705484240153,
        1.224744871391589,
        1.0897247358851685,
        1.286953767623375,
        1.3287682265918312,
        1.125,
        1.2686114456365274,
        1.2119199643540823,
        1.1319231422671772,
        1.2119199643540823,
        1.2054563451241194,
        1.25,
        1.25,
        1.2808688457449497,
        1.1726039399558574,
        1.334634781503914
    ],
    [
        1.1989578808281798,
        1.0968705484240153,
        1.4197270864500684,
        1.159202311936963,
        1.2183492931011204,
        1.352081728298996,
        1.165922381636102,
        1.103970108290981,
        1.0383279828647594,
        1.1110243021644486,
        1.5811388300841898,
        1.2374368670764582,
        1.1524430571616109,
        1.2562344526401112,
        1.2183492931011204,
        1.1110243021644486,
        1.5662455107677085,
        1.0825317547305484,
        0.0,
        1.1388041973930374,
        1.1524430571616109,
        1.015504800579495,
        1.1110243021644486,
        1.1388041973930374,
        1.2119199643540823,
        1.4947825928876748,
        1.334634781503914,
        1.2374368670764582,
        1.1792476415070754,
        1.3110110602126894,
        1.2930100540985752,
        1.1858541225631423,
        1.3110110602126894,
        1.4142135623730951,
        1.0680004681646913,
        1.125,
        1.118033988749895,
        1.1792476415070754,
        1.2374368670764582,
        1.14564392373896,
        1.1858541225631423,
        1.0968705484240153,
        1.0968705484240153,
        1.1726039399558574,
        1.103970108290981,
        1.3287682265918312,
        1.1858541225631423,
        1.2374368670764582,
        1.1110243021644486,
        1.1989578808281798
    ],
    [
        0.81967981553775,
        1.125,
        0.8569568250501305,
        0.82915619758885,
        0.8569568250501305,
        1.0458250331675945,
        1.0532687216470449,
        1.1110243021644486,
        0.9437293044088437,
        0.9842509842514764,
        1.79843682124227,
        1.2054563451241194,
        1.2119199643540823,
        0.8477912478906585,
        1.125,
        0.960143218483576,
        1.3287682265918312,
        1.231107225224513,
        1.1388041973930374,
        0.0,
        0.9185586535436918,
        0.9013878188659973,
        1.0307764064044151,
        0.9354143466934853,
        0.8660254037844386,
        1.4469796128487782,
        1.4684175155588413,
        1.3110110602126894,
        0.8660254037844386,
        1.4197270864500684,
        0.7603453162872774,
        0.8569568250501305,
        0.7603453162872774,
        0.8569568250501305,
        0.9762812094883317,
        0.9013878188659973,
        0.9762812094883317,
        0.8660254037844386,
        1.2119199643540823,
        1.1388041973930374,
        1.1989578808281798,
        0.9100137361600648,
        1.0532687216470449,
        0.9270248108869579,
        0.9921567416492215,
        1.3050383136138188,
        0.875,
        1.3863170633011772,
        0.9842509842514764,
        1.1319231422671772
    ],
    [
        1.015504800579495,
        1.1319231422671772,
        1.0383279828647594,
        1.0,
        1.0077822185373186,
        1.1110243021644486,
        1.0825317547305484,
        1.1388041973930374,
        1.0532687216470449,
        1.1388041973930374,
        1.741048534648015,
        1.231107225224513,
        1.103970108290981,
        0.9921567416492215,
        1.103970108290981,
        1.0383279828647594,
        1.3975424859373686,
        1.299038105676658,
        1.1524430571616109,
        0.9185586535436918,
        0.0,
        1.0307764064044151,
        1.0968705484240153,
        1.015504800579495,
        0.9100137361600648,
        1.4684175155588413,
        1.4737282653189494,
        1.2686114456365274,
        0.8926785535678563,
        1.340475661845451,
        0.9762812094883317,
        0.9762812094883317,
        0.9682458365518543,
        1.1524430571616109,
        1.0231690964840563,
        1.0,
        1.0680004681646913,
        1.0606601717798212,
        1.231107225224513,
        1.1792476415070754,
        1.2624381172952597,
        1.0307764064044151,
        1.0231690964840563,
        1.0680004681646913,
        1.0307764064044151,
        1.25,
        1.015504800579495,
        1.3919410907075054,
        1.0752906583803283,
        1.2119199643540823
    ],
    [
        0.9354143466934853,
        1.0307764064044151,
        0.9842509842514764,
        0.9013878188659973,
        0.9185586535436918,
        1.0968705484240153,
        0.9842509842514764,
        1.0231690964840563,
        0.960143218483576,
        1.0,
        1.709349291397168,
        1.125,
        1.103970108290981,
        0.9437293044088437,
        1.14564392373896,
        0.9437293044088437,
        1.3806701271484076,
        1.1110243021644486,
        1.015504800579495,
        0.9013878188659973,
        1.0307764064044151,
        0.0,
        0.9842509842514764,
        0.9354143466934853,
        0.9100137361600648,
        1.403121520040228,
        1.4197270864500684,
        1.1792476415070754,
        0.9270248108869579,
        1.334634781503914,
        0.960143218483576,
        0.9682458365518543,
        0.9185586535436918,
        1.0307764064044151,
        0.9437293044088437,
        0.9682458365518543,
        0.9842509842514764,
        0.9842509842514764,
        1.1524430571616109,
        1.0532687216470449,
        1.1388041973930374,
        0.9354143466934853,
        1.0532687216470449,
        1.0458250331675945,
        0.960143218483576,
        1.2183492931011204,
        0.9185586535436918,
        1.2930100540985752,
        0.9519716382329886,
        1.0532687216470449
    ],
    [
        1.0680004681646913,
        1.14564392373896,
        1.1524430571616109,
        1.0458250331675945,
        1.0383279828647594,
        1.125,
        1.0307764064044151,
        1.159202311936963,
        1.0606601717798212,
        1.1110243021644486,
        1.6723860200324565,
        1.1792476415070754,
        1.159202311936963,
        1.118033988749895,
        1.1319231422671772,
        1.0,
        1.4523687548277813,
        1.2054563451241194,
        1.1110243021644486,
        1.0307764064044151,
        1.0968705484240153,
        0.9842509842514764,
        0.0,
        0.9519716382329886,
        1.0307764064044151,
        1.403121520040228,
        1.3975424859373686,
        1.118033988749895,
        1.0231690964840563,
        1.3110110602126894,
        1.1110243021644486,
        1.0077822185373186,
        1.0968705484240153,
        1.1726039399558574,
        1.0825317547305484,
        1.0,
        1.0680004681646913,
        1.0,
        1.2183492931011204,
        1.0680004681646913,
        1.1110243021644486,
        1.0532687216470449,
        1.0897247358851685,
        1.0458250331675945,
        1.0458250331675945,
        1.2119199643540823,
        1.0606601717798212,
        1.357847561400027,
        1.0825317547305484,
        1.118033988749895
    ],
    [
        0.8100925873009825,
        1.118033988749895,
        0.8477912478906585,
        0.8003905296791061,
        0.8477912478906585,
        1.0231690964840563,
        1.015504800579495,
        1.1319231422671772,
        1.0231690964840563,
        1.0532687216470449,
        1.776583800443987,
        1.159202311936963,
        1.103970108290981,
        0.9437293044088437,
        1.159202311936963,
        0.875,
        1.334634781503914,
        1.2054563451241194,
        1.1388041973930374,
        0.9354143466934853,
        1.015504800579495,
        0.9354143466934853,
        0.9519716382329886,
        0.0,
        0.8838834764831844,
        1.3863170633011772,
        1.5,
        1.243734296383275,
        0.9185586535436918,
        1.3975424859373686,
        0.8477912478906585,
        0.8385254915624212,
        0.8477912478906585,
        0.9519716382329886,
        1.015504800579495,
        0.8569568250501305,
        0.9437293044088437,
        0.9013878188659973,
        1.1989578808281798,
        1.0606601717798212,
        1.1388041973930374,
        0.9437293044088437,
        1.0825317547305484,
        1.0,
        0.9013878188659973,
        1.2054563451241194,
        0.8838834764831844,
        1.4252192813739224,
        1.0897247358851685,
        1.118033988749895
    ],
    [
        0.8385254915624212,
        1.1792476415070754,
        0.75,
        0.75,
        0.8100925873009825,
        0.9762812094883317,
        1.0231690964840563,
        1.14564392373896,
        0.9921567416492215,
        1.103970108290981,
        1.9039432764659772,
        1.1792476415070754,
        1.1989578808281798,
        0.82915619758885,
        1.1319231422671772,
        0.9185586535436918,
        1.299038105676658,
        1.299038105676658,
        1.2119199643540823,
        0.8660254037844386,
        0.9100137361600648,
        0.9100137361600648,
        1.0307764064044151,
        0.8838834764831844,
        0.0,
        1.3863170633011772,
        1.5512092057488571,
        1.2747548783981961,
        0.770551750371122,
        1.346291201783626,
        0.75,
        0.8569568250501305,
        0.75,
        0.8569568250501305,
        1.0,
        0.8926785535678563,
        1.0077822185373186,
        0.9270248108869579,
        1.118033988749895,
        1.1319231422671772,
        1.2374368670764582,
        0.875,
        1.0458250331675945,
        0.9682458365518543,
        0.8660254037844386,
        1.1792476415070754,
        0.8385254915624212,
        1.4361406616345072,
        1.0231690964840563,
        1.0968705484240153
    ],
    [
        1.4086784586980805,
        1.4947825928876748,
        1.4737282653189494,
        1.4142135623730951,
        1.3693063937629153,
        1.1110243021644486,
        1.4415703243338496,
        1.4947825928876748,
        1.5,
        1.4737282653189494,
        1.9724667297574374,
        1.1792476415070754,
        1.541103500742244,
        1.4252192813739224,
        1.1792476415070754,
        1.4361406616345072,
        1.0,
        1.5103807466993215,
        1.4947825928876748,
        1.4469796128487782,
        1.4684175155588413,
        1.403121520040228,
        1.403121520040228,
        1.3863170633011772,
        1.3863170633011772,
        0.0,
        1.7677669529663689,
        1.5811388300841898,
        1.3863170633011772,
        1.6863421954040052,
        1.4523687548277813,
        1.403121520040228,
        1.4630874888399532,
        1.4947825928876748,
        1.4523687548277813,
        1.3693063937629153,
        1.4142135623730951,
        1.4252192813739224,
        1.1989578808281798,
        1.4684175155588413,
        1.541103500742244,
        1.4415703243338496,
        1.4523687548277813,
        1.4361406616345072,
        1.352081728298996,
        1.1792476415070754,
        1.403121520040228,
        1.352081728298996,
        1.4842927608797396,
        1.159202311936963
    ],
    [
        1.5662455107677085,
        1.357847561400027,
        1.7455300054711176,
        1.4684175155588413,
        1.505199322349037,
        1.648863244784115,
        1.340475661845451,
        1.3169567191065923,
        1.4469796128487782,
        1.4842927608797396,
        1.5562374497485916,
        1.4306903927824497,
        1.4086784586980805,
        1.648863244784115,
        1.4469796128487782,
        1.4197270864500684,
        1.8791620472966135,
        1.4361406616345072,
        1.334634781503914,
        1.4684175155588413,
        1.4737282653189494,
        1.4197270864500684,
        1.3975424859373686,
        1.5,
        1.5512092057488571,
        1.7677669529663689,
        0.0,
        1.286953767623375,
        1.541103500742244,
        1.2808688457449497,
        1.6583123951777,
        1.6056540723331412,
        1.590990257669732,
        1.7455300054711176,
        1.4142135623730951,
        1.5461646096066226,
        1.4415703243338496,
        1.4086784586980805,
        1.5562374497485916,
        1.4252192813739224,
        1.3693063937629153,
        1.505199322349037,
        1.352081728298996,
        1.4577379737113252,
        1.4469796128487782,
        1.4630874888399532,
        1.505199322349037,
        1.4361406616345072,
        1.4361406616345072,
        1.4142135623730951
    ],
    [
        1.2686114456365274,
        1.1858541225631423,
        1.505199322349037,
        1.286953767623375,
        1.3228756555322954,
        1.4415703243338496,
        1.2119199643540823,
        1.1792476415070754,
        1.1989578808281798,
        1.2808688457449497,
        1.6105123408406408,
        1.2747548783981961,
        1.3287682265918312,
        1.403121520040228,
        1.2624381172952597,
        1.192424001771182,
        1.713913650100261,
        1.299038105676658,
        1.2374368670764582,
        1.3110110602126894,
        1.2686114456365274,
        1.1792476415070754,
        1.118033988749895,
        1.243734296383275,
        1.2747548783981961,
        1.5811388300841898,
        1.286953767623375,
        0.0,
        1.2624381172952597,
        1.3050383136138188,
        1.4252192813739224,
        1.299038105676658,
        1.352081728298996,
        1.4947825928876748,
        1.25,
        1.3110110602126894,
        1.1989578808281798,
        1.2119199643540823,
        1.25,
        1.1388041973930374,
        1.1792476415070754,
        1.1726039399558574,
        1.165922381636102,
        1.25,
        1.224744871391589,
        1.2808688457449497,
        1.2808688457449497,
        1.3169567191065923,
        1.224744871391589,
        1.224744871391589
    ],
    [
        0.8569568250501305,
        1.159202311936963,
        0.82915619758885,
        0.8003905296791061,
        0.8385254915624212,
        0.9682458365518543,
        1.0231690964840563,
        1.1524430571616109,
        1.0231690964840563,
        1.103970108290981,
        1.8540496217739157,
        1.125,
        1.1524430571616109,
        0.8477912478906585,
        1.118033988749895,
        0.960143218483576,
        1.2808688457449497,
        1.299038105676658,
        1.1792476415070754,
        0.8660254037844386,
        0.8926785535678563,
        0.9270248108869579,
        1.0231690964840563,
        0.9185586535436918,
        0.770551750371122,
        1.3863170633011772,
        1.541103500742244,
        1.2624381172952597,
        0.0,
        1.4197270864500684,
        0.7180703308172536,
        0.8569568250501305,
        0.770551750371122,
        0.8926785535678563,
        1.0077822185373186,
        0.8838834764831844,
        0.9921567416492215,
        0.9100137361600648,
        1.1858541225631423,
        1.103970108290981,
        1.231107225224513,
        0.9270248108869579,
        1.015504800579495,
        0.960143218483576,
        0.81967981553775,
        1.192424001771182,
        0.9270248108869579,
        1.403121520040228,
        1.015504800579495,
        1.118033988749895
    ],
    [
        1.4737282653189494,
        1.2808688457449497,
        1.6909686573085854,
        1.4577379737113252,
        1.479019945774904,
        1.505199322349037,
        1.2686114456365274,
        1.25,
        1.4197270864500684,
        1.3228756555322954,
        1.653594569415369,
        1.3863170633011772,
        1.243734296383275,
        1.489546910976623,
        1.3919410907075054,
        1.334634781503914,
        1.824314939915803,
        1.3635890143294642,
        1.3110110602126894,
        1.4197270864500684,
        1.340475661845451,
        1.334634781503914,
        1.3110110602126894,
        1.3975424859373686,
        1.346291201783626,
        1.6863421954040052,
        1.2808688457449497,
        1.3050383136138188,
        1.4197270864500684,
        0.0,
        1.590990257669732,
        1.541103500742244,
        1.4947825928876748,
        1.653594569415369,
