[
    [
        0.0,
        1.5367290851607955,
        0.3378729987218661,
        0.9626308551388253,
        0.9159513288022971,
        0.96051511477659,
        1.0869412709666573,
        1.0754059772351163,
        1.199755502302916,
        1.2286441008406837,
        1.4431179043010607,
        1.1734194754247613,
        1.2436060961771533,
        0.9464285714285715,
        1.5173318418748567,
        0.8243349205416995,
        1.0361760054574294,
        1.6191023275070584,
        1.3578475614000267,
        0.981818128135091,
        1.0332140045210005,
        1.0156617928971337,
        0.981132236170338,
        0.9211585983234951,
        0.8992627365724409,
        1.0263182165550084,
        1.4007079316369158,
        1.4495117052557625,
        0.6522136559910598,
        1.2805922002026853,
        0.6037193394420346,
        0.7220559506841333,
        0.7961518132558432,
        0.6167827156846623,
        0.8874838314135127,
        1.0525115734493842,
        0.9057990609266,
        0.9345617220092519,
        1.3141422885854204,
        1.4874522420352192,
        1.0850000261241206,
        1.269993170478182,
        0.9940832614083414,
        1.2520108542414168,
        1.0387885408749276,
        1.1467567398573086,
        0.8445881135989619,
        1.4394673759869003,
        1.222399363580345,
        0.590366973386305
    ],
    [
        1.5367290851607955,
        0.0,
        1.6493896177407905,
        1.1733439866940603,
        1.1996816707406641,
        1.2169234888758529,
        1.4707802162268993,
        1.1094605796411956,
        1.1326897682556822,
        1.1733439866940603,
        1.1735704383189554,
        1.116480083914522,
        1.1326897682556822,
        1.2318121249245402,
        1.1094605796411956,
        1.132924345972027,
        1.201850425154663,
        1.104756131963571,
        1.0991615800865322,
        1.1326897682556822,
        1.1372786719963484,
        1.1395661942647786,
        1.1509356097444279,
        1.1666666666666667,
        1.2692955176439846,
        1.1298352878972129,
        1.1777745020918808,
        1.1865859054915118,
        1.2815463749358083,
        1.227576655221353,
        1.3235316811890492,
        1.3527235900623273,
        1.2169234888758529,
        1.4475793971700175,
        1.1777745020918808,
        1.1996816707406641,
        1.1326897682556822,
        1.1799835215421914,
        1.034139470499238,
        1.1326897682556822,
        1.0720566941890506,
        1.1666666666666667,
        1.1486707293408518,
        1.16443238437351,
        1.1666666666666667,
        1.104756131963571,
        1.2444320435890066,
        1.0557382882766606,
        1.125771340508858,
        1.375631168268265
    ],
    [
        0.3378729987218661,
        1.6493896177407905,
        0.0,
        0.7806247497997998,
        0.8003905296791061,
        0.9317322576792112,
        1.2119199643540823,
        1.0905210273585335,
        1.1989578808281798,
        1.1726039399558574,
        1.542241113789029,
        1.1524430571616109,
        1.224744871391589,
        0.7806247497997998,
        1.5562374497485916,
        0.8770020827006196,
        0.9270248108869579,
        1.6153559979150107,
        1.3992527160114094,
        0.8926785535678563,
        1.0316182002616623,
        0.9921567416492215,
        0.9418878796214429,
        0.7905694150420949,
        0.7806247497997998,
        0.9692135987490065,
        1.4185037108791,
        1.4086784586980805,
        0.5448623679425842,
        1.2997061633735185,
        0.4841229182759271,
        0.5994789404140899,
        0.6934715407122183,
        0.414578098794425,
        0.8660254037844386,
        0.9682458365518543,
        0.875,
        0.875,
        1.3469358229370512,
        1.5229722402080887,
        1.2451293997903279,
        1.1792476415070754,
        0.9921567416492215,
        1.1599509089229212,
        0.9762812094883317,
        1.1388041973930374,
        0.7180703308172536,
        1.6441183047457382,
        1.2119199643540823,
        0.5
    ],
    [
        0.9626308551388253,
        1.1733439866940603,
        0.7806247497997998,
        0.0,
        0.5448623679425842,
        0.7660776723022281,
        1.243734296383275,
        0.8670271686118671,
        0.8477912478906585,
        0.8477912478906585,
        1.3648745924300973,
        0.9519716382329886,
        0.8385254915624212,
        0.6123724356957945,
        1.2054563451241194,
        0.7095827316537688,
        0.770551750371122,
        1.1388041973930374,
        0.9866778416815217,
        0.649519052838329,
        0.8207381501496754,
        0.75,
        0.7580585582775105,
        0.625,
        0.6123724356957945,
        0.8124038404635961,
        1.1234557302260635,
        1.118033988749895,
        0.5303300858899106,
        1.1599509089229212,
        0.5153882032022076,
        0.625,
        0.5697830971323893,
        0.5994789404140899,
        0.6846531968814576,
        0.673145600891813,
        0.649519052838329,
        0.6959705453537527,
        1.0466547239233726,
        1.1953323573150878,
        1.0086432030758503,
        0.81967981553775,
        0.8100925873009825,
        0.9446486707295528,
        0.7180703308172536,
        0.81967981553775,
        0.5448623679425842,
        1.2119199643540823,
        0.82915619758885,
        0.7905694150420949
    ],
    [
        0.9159513288022971,
        1.1996816707406641,
        0.8003905296791061,
        0.5448623679425842,
        0.0,
        0.7454025757937788,
        1.231107225224513,
        0.9363418772601764,
        0.9270248108869579,
        0.960143218483576,
        1.3123481447623662,
        0.9354143466934853,
        0.9185586535436918,
        0.6846531968814576,
        1.224744871391589,
        0.6872100501747807,
        0.6959705453537527,
        1.2119199643540823,
        1.002388728620442,
        0.6614378277661477,
        0.8207381501496754,
        0.7180703308172536,
        0.7839536550927825,
        0.6123724356957945,
        0.6846531968814576,
        0.6722164829874376,
        1.1777745020918808,
        1.118033988749895,
        0.649519052838329,
        1.1464013743498005,
        0.6123724356957945,
        0.673145600891813,
        0.6095307849303248,
        0.6373774391990981,
        0.7603453162872774,
        0.6959705453537527,
        0.7180703308172536,
        0.7180703308172536,
        1.0466547239233726,
        1.2211959074794039,
        0.9428090415820634,
        0.81967981553775,
        0.82915619758885,
        0.927960727138337,
        0.739509972887452,
        0.8385254915624212,
        0.6614378277661477,
        1.1524430571616109,
        0.82915619758885,
        0.8003905296791061
    ],
    [
        0.96051511477659,
        1.2169234888758529,
        0.9317322576792112,
        0.7660776723022281,
        0.7454025757937788,
        0.0,
        1.0977249200050074,
        0.9448691855372244,
        0.8710625695092173,
        1.0274361294017258,
        1.2917418235760234,
        0.925,
        0.9400797838481583,
        0.6910137480542626,
        1.144006118864755,
        0.8146145952384539,
        0.7106335201775948,
        1.1797775213996917,
        1.0323590974667918,
        0.8058380730643099,
        0.7617596588017626,
        0.8250000000000001,
        0.7712723974777724,
        0.7862092596758194,
        0.7132671308843553,
        0.7701460900374681,
        1.221650750237381,
        1.1629703349613008,
        0.7558108228915488,
        1.0242205708624377,
        0.7132671308843553,
        0.852936105461599,
        0.6503738241281787,
        0.796084166404533,
        0.8782084035125148,
        0.8058380730643099,
        0.7454025757937788,
        0.852936105461599,
        0.9378980636389959,
        1.1314936048329118,
        0.9471814914670673,
        0.9724325169388361,
        0.8400148808205722,
        0.9531016618272039,
        0.7877975628294365,
        0.8989577298182602,
        0.7862092596758194,
        1.204678380315676,
        0.8888194417315589,
        0.8799857953399021
    ],
    [
        1.0869412709666573,
        1.4707802162268993,
        1.2119199643540823,
        1.243734296383275,
        1.231107225224513,
        1.0977249200050074,
        0.0,
        1.0817295821455974,
        1.4197270864500684,
        1.4306903927824497,
        1.4718879310710626,
        1.0307764064044151,
        1.3635890143294642,
        1.224744871391589,
        1.403121520040228,
        1.0512990021096447,
        1.1110243021644486,
        1.6298006013006623,
        1.3976565663821068,
        1.3169567191065923,
        1.0524442450262574,
        1.2930100540985752,
        1.1584532312048204,
        1.2747548783981961,
        1.224744871391589,
        1.117754445305408,
        1.4166666666666667,
        1.5512092057488571,
        1.1726039399558574,
        1.1141451630934114,
        1.159202311936963,
        1.2119199643540823,
        1.0146496384904935,
        1.14564392373896,
        1.1792476415070754,
        1.2747548783981961,
        1.231107225224513,
        1.3228756555322954,
        1.2651855375574148,
        1.2126360175712707,
        1.1486707293408518,
        1.4306903927824497,
        1.118033988749895,
        1.1718634258687695,
        1.3110110602126894,
        1.3110110602126894,
        1.2054563451241194,
        1.3050383136138188,
        1.3806701271484076,
        1.192424001771182
    ],
    [
        1.0754059772351163,
        1.1094605796411956,
        1.0905210273585335,
        0.8670271686118671,
        0.9363418772601764,
        0.9448691855372244,
        1.0817295821455974,
        0.0,
        0.8395600699837452,
        0.961046882889233,
        1.031034171395417,
        0.8079466429027216,
        0.961046882889233,
        0.927960727138337,
        1.0590220855949029,
        0.8398765228866355,
        0.9090593428863095,
        1.0976616560266244,
        0.886724973787432,
        0.8302024518821365,
        0.770551750371122,
        0.8111634305804911,
        0.8270597183866336,
        0.9023503261544882,
        0.9109671295448103,
        0.8592228400647233,
        1.0573814617041268,
        1.1188101318414627,
        0.9109671295448103,
        0.8789592962387077,
        0.927960727138337,
        0.9691419458010839,
        0.8640183897219884,
        0.961046882889233,
        0.8175590362645243,
        0.8343743497708661,
        0.8207381501496754,
        0.8936504412303007,
        0.9798313346920706,
        1.0391636594449938,
        0.8436856971381911,
        0.9619496983845996,
        0.7850601533923655,
        0.875,
        0.9023503261544882,
        0.8848650242331376,
        0.9023503261544882,
        0.9709316831442537,
        0.8579691784155834,
        0.9195031871130797
    ],
    [
        1.199755502302916,
        1.1326897682556822,
        1.1989578808281798,
        0.8477912478906585,
        0.9270248108869579,
        0.8710625695092173,
        1.4197270864500684,
        0.8395600699837452,
        0.0,
        0.9354143466934853,
        1.119601559958374,
        0.9842509842514764,
        0.8100925873009825,
        0.9354143466934853,
        1.125,
        0.9289147716885681,
        0.9100137361600648,
        1.0307764064044151,
        0.8506075259867538,
        0.7806247497997998,
        0.8488145328109735,
        0.7905694150420949,
        0.8457409637576849,
        0.8477912478906585,
        0.81967981553775,
        0.9141252649391111,
        1.1311559967081857,
        0.9762812094883317,
        0.960143218483576,
        1.1326897682556822,
        0.9185586535436918,
        0.875,
        0.8759915017345267,
        1.0825317547305484,
        0.8003905296791061,
        0.770551750371122,
        0.7806247497997998,
        0.9185586535436918,
        0.9691419458010839,
        1.2018504251546631,
        1.0008676791220261,
        0.875,
        0.9185586535436918,
        0.9771699499632145,
        0.8926785535678563,
        0.8660254037844386,
        0.82915619758885,
        1.0231690964840563,
        0.9013878188659973,
        1.015504800579495
    ],
    [
        1.2286441008406837,
        1.1733439866940603,
        1.1726039399558574,
        0.8477912478906585,
        0.960143218483576,
        1.0274361294017258,
        1.4306903927824497,
        0.961046882889233,
        0.9354143466934853,
        0.0,
        1.2261760285787782,
        1.0231690964840563,
        0.9013878188659973,
        0.9762812094883317,
        1.192424001771182,
        0.9780759955449395,
        0.8660254037844386,
        1.0606601717798212,
        0.9544805724923405,
        0.8003905296791061,
        0.9736101204623269,
        0.8003905296791061,
        0.8270597183866336,
        0.9013878188659973,
        0.9437293044088437,
        0.9692135987490065,
        1.2486103386476415,
        1.165922381636102,
        0.9100137361600648,
        1.0976616560266244,
        0.960143218483576,
        1.0077822185373186,
        1.0,
        1.0458250331675945,
        0.8569568250501305,
        0.9270248108869579,
        0.7603453162872774,
        0.9519716382329886,
        1.1599509089229212,
        1.2402396721781015,
        1.0905210273585335,
        0.875,
        0.9354143466934853,
        1.016359243137539,
        0.9519716382329886,
        0.9354143466934853,
        0.9185586535436918,
        1.1110243021644486,
        0.8926785535678563,
        1.0
    ],
    [
        1.4431179043010607,
        1.1735704383189554,
        1.542241113789029,
        1.3648745924300973,
        1.3123481447623662,
        1.2917418235760234,
        1.4718879310710626,
        1.031034171395417,
        1.119601559958374,
        1.2261760285787782,
        0.0,
        1.1245747495595564,
        1.2133662485256562,
        1.4319157283378183,
        1.2682343503260503,
        1.2447594227031034,
        1.2752550765255088,
        1.112601749531801,
        1.1094446119292192,
        1.2133662485256562,
        1.1794729596667461,
        1.167425652048654,
        1.197627331221944,
        1.3300874606811481,
        1.4154531617334516,
        1.2121146557877724,
        1.1457676233477792,
        1.2133662485256562,
        1.3875815842901724,
        1.2256702548794047,
        1.4043709100736972,
        1.3705866091061976,
        1.3104569186359798,
        1.4802052739607519,
        1.1156070462455197,
        1.2943657338871517,
        1.1471737675963587,
        1.353378237249744,
        1.2063965242390848,
        1.2517985926471111,
        1.1226038982970152,
        1.2514022746747844,
        1.1393640814963764,
        1.1526736149426835,
        1.2451436274828798,
        1.2133662485256562,
        1.3417833852978,
        0.9723538135758558,
        1.2069103749082715,
        1.3063815112979915
    ],
    [
        1.1734194754247613,
        1.116480083914522,
        1.1524430571616109,
        0.9519716382329886,
        0.9354143466934853,
        0.925,
        1.0307764064044151,
        0.8079466429027216,
        0.9842509842514764,
        1.0231690964840563,
        1.1245747495595564,
        0.0,
        1.0606601717798212,
        1.0532687216470449,
        1.015504800579495,
        0.8434546913299674,
        0.8100925873009825,
        1.1524430571616109,
        1.0012746977768703,
        0.9437293044088437,
        0.8599903100229289,
        0.875,
        0.8488145328109735,
        1.0,
        0.9842509842514764,
        0.8302860952707808,
        1.0833333333333333,
        1.14564392373896,
        0.9921567416492215,
        0.950146187582615,
        1.0458250331675945,
        1.0968705484240153,
        0.8508574106942558,
        1.1319231422671772,
        0.9013878188659973,
        0.960143218483576,
        0.8926785535678563,
        1.0,
        1.006058038970803,
        0.9745012969605417,
        0.9418878796214429,
        0.9682458365518543,
        0.8569568250501305,
        0.9128709291752769,
        0.9682458365518543,
        0.9354143466934853,
        1.0077822185373186,
        1.0458250331675945,
        0.960143218483576,
        1.0458250331675945
    ],
    [
        1.2436060961771533,
        1.1326897682556822,
        1.224744871391589,
        0.8385254915624212,
        0.9185586535436918,
        0.9400797838481583,
        1.3635890143294642,
        0.961046882889233,
        0.8100925873009825,
        0.9013878188659973,
        1.2133662485256562,
        1.0606601717798212,
        0.0,
        0.8926785535678563,
        1.224744871391589,
        0.8873041606289175,
        0.9354143466934853,
        1.0897247358851685,
        0.8953536526229767,
        0.8660254037844386,
        0.9354143466934854,
        0.82915619758885,
        0.8549285220284663,
        0.8385254915624212,
        0.960143218483576,
        0.9347459547919958,
        1.1372786719963484,
        1.125,
        1.0077822185373186,
        1.024017143953709,
        1.0231690964840563,
        0.9437293044088437,
        0.932626220233308,
        1.015504800579495,
        0.9437293044088437,
        0.8838834764831844,
        0.8100925873009825,
        0.9354143466934853,
        1.0008676791220261,
        1.1953323573150878,
        0.9510593508761106,
        0.9354143466934853,
        0.9185586535436918,
        1.103970108290981,
        0.9100137361600648,
        0.9100137361600648,
        0.8385254915624212,
        1.1388041973930374,
        0.9437293044088437,
        0.9921567416492215
    ],
    [
        0.9464285714285715,
        1.2318121249245402,
        0.7806247497997998,
        0.6123724356957945,
        0.6846531968814576,
        0.6910137480542626,
        1.224744871391589,
        0.927960727138337,
        0.9354143466934853,
        0.9762812094883317,
        1.4319157283378183,
        1.0532687216470449,
        0.8926785535678563,
        0.0,
        1.1792476415070754,
        0.8218166785002751,
        0.81967981553775,
        1.2930100540985752,
        1.0330939760086233,
        0.7071067811865476,
        0.8579691784155834,
        0.7806247497997998,
        0.798218502527834,
        0.6846531968814576,
        0.6614378277661477,
        0.7862092596758194,
        1.3222193043852026,
        1.165922381636102,
        0.6959705453537527,
        1.1531960419248373,
        0.625,
        0.6846531968814576,
        0.6360140634364062,
        0.649519052838329,
        0.81967981553775,
        0.673145600891813,
        0.7905694150420949,
        0.75,
        1.016359243137539,
        1.2956926504555177,
        1.024017143953709,
        0.8569568250501305,
        0.8838834764831844,
        0.961046882889233,
        0.8003905296791061,
        0.9185586535436918,
        0.673145600891813,
        1.2562344526401112,
        0.8838834764831844,
        0.7806247497997998
    ],
    [
        1.5173318418748567,
        1.1094605796411956,
        1.5562374497485916,
        1.2054563451241194,
        1.224744871391589,
        1.144006118864755,
        1.403121520040228,
        1.0590220855949029,
        1.125,
        1.192424001771182,
        1.2682343503260503,
        1.015504800579495,
        1.224744871391589,
        1.1792476415070754,
        0.0,
        1.1452263389159973,
        1.1388041973930374,
        1.2562344526401112,
        1.1399236906074737,
        1.165922381636102,
        1.0663736576724772,
        1.125,
        1.104756131963571,
        1.243734296383275,
        1.2562344526401112,
        1.144006118864755,
        1.2520816001097266,
        1.2119199643540823,
        1.299038105676658,
        1.2296962136144756,
        1.2930100540985752,
        1.3110110602126894,
        1.2140668570277888,
        1.403121520040228,
        1.1726039399558574,
        1.1726039399558574,
        1.1989578808281798,
        1.1388041973930374,
        1.0881304047667162,
        1.0516191220103301,
        1.0952866190079096,
        1.14564392373896,
        1.14564392373896,
        1.1441275181454984,
        1.192424001771182,
        1.1989578808281798,
        1.286953767623375,
        1.1524430571616109,
        1.1319231422671772,
        1.357847561400027
    ],
    [
        0.8243349205416995,
        1.132924345972027,
        0.8770020827006196,
        0.7095827316537688,
        0.6872100501747807,
        0.8146145952384539,
        1.0512990021096447,
        0.8398765228866355,
        0.9289147716885681,
        0.9780759955449395,
        1.2447594227031034,
        0.8434546913299674,
        0.8873041606289175,
        0.8218166785002751,
        1.1452263389159973,
        0.0,
        0.7680647559859489,
        1.2197879541384333,
        0.9626308551388253,
        0.7728244645850858,
        0.7515101953374586,
        0.7728244645850858,
        0.7121993338640964,
        0.6757459974437322,
        0.741877788494321,
        0.7364940389356557,
        1.1652992472326185,
        1.091332970756966,
        0.7205086072082862,
        1.0248990603470307,
        0.7205086072082862,
        0.698485971985998,
        0.6720657226796402,
        0.698485971985998,
        0.7463773051430845,
        0.7634842259439982,
        0.7205086072082862,
        0.7312712581944025,
        0.9780941078956702,
        1.1060062009560743,
        0.7879657496844245,
        0.9538121686481172,
        0.7508498586295943,
        0.9366256315605211,
        0.762648446573665,
        0.8312687008790987,
        0.7828682220279634,
        1.0645613257706343,
        0.9455858782052662,
        0.741877788494321
    ],
    [
        1.0361760054574294,
        1.201850425154663,
        0.9270248108869579,
        0.770551750371122,
        0.6959705453537527,
        0.7106335201775948,
        1.1110243021644486,
        0.9090593428863095,
        0.9100137361600648,
        0.8660254037844386,
        1.2752550765255088,
        0.8100925873009825,
        0.9354143466934853,
        0.81967981553775,
        1.1388041973930374,
        0.7680647559859489,
        0.0,
        1.165922381636102,
        0.9879697281159323,
        0.81967981553775,
        0.775044801572428,
        0.7603453162872774,
        0.7592027982620249,
        0.875,
        0.7905694150420949,
        0.7411983540186797,
        1.2983697042402402,
        1.224744871391589,
        0.6959705453537527,
        1.1211353372561426,
        0.739509972887452,
        0.8477912478906585,
        0.7192781875680029,
        0.81967981553775,
        0.82915619758885,
        0.8003905296791061,
        0.82915619758885,
        0.875,
        1.011221758292633,
        1.1118053386771944,
        0.9956502621123767,
        0.9354143466934853,
        0.7905694150420949,
        0.9798313346920706,
        0.739509972887452,
        0.9270248108869579,
        0.8100925873009825,
        1.1110243021644486,
        0.82915619758885,
        0.82915619758885
    ],
    [
        1.6191023275070584,
        1.104756131963571,
        1.6153559979150107,
        1.1388041973930374,
        1.2119199643540823,
        1.1797775213996917,
        1.6298006013006623,
        1.0976616560266244,
        1.0307764064044151,
        1.0606601717798212,
        1.112601749531801,
        1.1524430571616109,
        1.0897247358851685,
        1.2930100540985752,
        1.2562344526401112,
        1.2197879541384333,
        1.165922381636102,
        0.0,
        0.9019183070838851,
        1.0825317547305484,
        1.2190615698606495,
        0.9682458365518543,
        1.2011279421166312,
        1.2054563451241194,
        1.2747548783981961,
        1.077903056865505,
        1.1829224638815325,
        1.14564392373896,
        1.25,
        1.2190615698606495,
        1.334634781503914,
        1.4086784586980805,
        1.2548516955312996,
        1.4630874888399532,
        1.1524430571616109,
        1.0606601717798212,
        1.0383279828647594,
        1.2054563451241194,
        1.1931517552730295,
        1.2018504251546631,
        1.1851218877773242,
        1.1792476415070754,
        1.1524430571616109,
        1.1464013743498005,
        1.0680004681646913,
        1.0383279828647594,
        1.192424001771182,
        1.0532687216470449,
        0.9921567416492215,
        1.3287682265918312
    ],
    [
        1.3578475614000267,
        1.0991615800865322,
        1.3992527160114094,
        0.9866778416815217,
        1.002388728620442,
        1.0323590974667918,
        1.3976565663821068,
        0.886724973787432,
        0.8506075259867538,
        0.9544805724923405,
        1.1094446119292192,
        1.0012746977768703,
        0.8953536526229767,
        1.0330939760086233,
        1.1399236906074737,
        0.9626308551388253,
        0.9879697281159323,
        0.9019183070838851,
        0.0,
        0.9296010774871692,
        0.962759668421108,
        0.8225923433057872,
        0.9017022199285284,
        0.9379675704763497,
        1.0629125849595094,
        0.9325532758212252,
        1.1050126716627042,
        1.0847387534633885,
        1.147729568872958,
        1.0462484269880918,
        1.1612636062777935,
        1.1409023460688064,
        1.1549459843461813,
        1.2074386788840692,
        0.9603092614106252,
        0.8687825753692958,
        0.9296010774871692,
        1.0178571428571428,
        1.0353721383409,
        1.0425336528062583,
        1.0025124334083453,
        0.9126380242271884,
        0.9331959021752799,
        1.0025124334083453,
        0.8953536526229767,
        0.9379675704763497,
        0.9707127089233488,
        0.9383074753871179,
        0.90403714706051,
        1.0847387534633885
    ],
    [
        0.981818128135091,
        1.1326897682556822,
        0.8926785535678563,
        0.649519052838329,
        0.6614378277661477,
        0.8058380730643099,
        1.3169567191065923,
        0.8302024518821365,
        0.7806247497997998,
        0.8003905296791061,
        1.2133662485256562,
        0.9437293044088437,
        0.8660254037844386,
        0.7071067811865476,
        1.165922381636102,
        0.7728244645850858,
        0.81967981553775,
        1.0825317547305484,
        0.9296010774871692,
        0.0,
        0.7192781875680029,
        0.739509972887452,
        0.7476816018719317,
        0.673145600891813,
        0.7071067811865476,
        0.8166241485530538,
        1.116480083914522,
        1.0458250331675945,
        0.7071067811865476,
        1.0614782669047498,
        0.625,
        0.7071067811865476,
        0.7156485015549029,
        0.739509972887452,
        0.6846531968814576,
        0.6959705453537527,
        0.6123724356957945,
        0.7071067811865476,
        1.016359243137539,
        1.2083333333333335,
        0.9851325347947408,
        0.7603453162872774,
        0.8003905296791061,
        0.8579691784155834,
        0.75,
        0.8569568250501305,
        0.7180703308172536,
        1.165922381636102,
        0.75,
        0.8100925873009825
    ],
    [
        1.0332140045210005,
        1.1372786719963484,
        1.0316182002616623,
        0.8207381501496754,
        0.8207381501496754,
        0.7617596588017626,
        1.0524442450262574,
        0.770551750371122,
        0.8488145328109735,
        0.9736101204623269,
        1.1794729596667461,
        0.8599903100229289,
        0.9354143466934854,
        0.8579691784155834,
        1.0663736576724772,
        0.7515101953374586,
        0.775044801572428,
        1.2190615698606495,
        0.962759668421108,
        0.7192781875680029,
        0.0,
        0.8759915017345267,
        0.8079466429027216,
        0.8111634305804911,
        0.7817359599705717,
        0.8028162236084226,
        1.1577036657874837,
        1.1326897682556822,
        0.8207381501496754,
        1.0491398593345143,
        0.8111634305804911,
        0.8207381501496754,
        0.7371585838730889,
        0.927960727138337,
        0.8270597183866336,
        0.8488145328109735,
        0.8111634305804911,
        0.8848650242331376,
        0.9138213416442212,
        1.024017143953709,
        0.8799463367476198,
        0.9204467514322718,
        0.7120003121097942,
        0.8660254037844386,
        0.8759915017345267,
        0.8759915017345267,
        0.8111634305804911,
        1.0483121354507605,
        0.8848650242331376,
        0.9023503261544882
    ],
    [
        1.0156617928971337,
        1.1395661942647786,
        0.9921567416492215,
        0.75,
        0.7180703308172536,
        0.8250000000000001,
        1.2930100540985752,
        0.8111634305804911,
        0.7905694150420949,
        0.8003905296791061,
        1.167425652048654,
        0.875,
        0.82915619758885,
        0.7806247497997998,
        1.125,
        0.7728244645850858,
        0.7603453162872774,
        0.9682458365518543,
        0.8225923433057872,
        0.739509972887452,
        0.8759915017345267,
        0.0,
        0.7371585838730889,
        0.7603453162872774,
        0.770551750371122,
        0.7537406715840668,
        1.1265421528829813,
        1.015504800579495,
        0.7288689868556626,
        0.9851325347947408,
        0.7806247497997998,
        0.82915619758885,
        0.768295371441074,
        0.8477912478906585,
        0.7806247497997998,
        0.7905694150420949,
        0.673145600891813,
        0.8100925873009825,
        0.9691419458010839,
        1.107110854632202,
        0.9195031871130797,
        0.770551750371122,
        0.81967981553775,
        0.9363418772601764,
        0.7288689868556626,
        0.770551750371122,
        0.7603453162872774,
        1.0752906583803283,
        0.7180703308172536,
        0.7905694150420949
    ],
    [
        0.981132236170338,
        1.1509356097444279,
        0.9418878796214429,
        0.7580585582775105,
        0.7839536550927825,
        0.7712723974777724,
        1.1584532312048204,
        0.8270597183866336,
        0.8457409637576849,
        0.8270597183866336,
        1.197627331221944,
        0.8488145328109735,
        0.8549285220284663,
        0.798218502527834,
        1.104756131963571,
        0.7121993338640964,
        0.7592027982620249,
        1.2011279421166312,
        0.9017022199285284,
        0.7476816018719317,
        0.8079466429027216,
        0.7371585838730889,
        0.0,
        0.7371585838730889,
        0.7783975705112252,
        0.6829267082849293,
        1.1195857368787003,
        1.044163673845139,
        0.7371585838730889,
        0.9537935951882998,
        0.798218502527834,
        0.8079466429027216,
        0.7905694150420949,
        0.798218502527834,
        0.7716774657271723,
        0.7371585838730889,
        0.7371585838730889,
        0.7783975705112252,
        0.93355652093367,
        1.1110243021644486,
        0.8057949835755716,
        0.8270597183866336,
        0.689706056551952,
        0.8994597143717876,
        0.7626252174051302,
        0.7095577652469334,
        0.7476816018719317,
        1.093700395700557,
        0.8994597143717876,
        0.7580585582775105
    ],
    [
        0.9211585983234951,
        1.1666666666666667,
        0.7905694150420949,
        0.625,
        0.6123724356957945,
        0.7862092596758194,
        1.2747548783981961,
        0.9023503261544882,
        0.8477912478906585,
        0.9013878188659973,
        1.3300874606811481,
        1.0,
        0.8385254915624212,
        0.6846531968814576,
        1.243734296383275,
        0.6757459974437322,
        0.875,
        1.2054563451241194,
        0.9379675704763497,
        0.673145600891813,
        0.8111634305804911,
        0.7603453162872774,
        0.7371585838730889,
        0.0,
        0.6373774391990981,
        0.7885905147793751,
        1.1711224435462664,
        1.0606601717798212,
        0.6846531968814576,
        1.1395661942647786,
        0.625,
        0.6373774391990981,
        0.6468406123441677,
        0.6614378277661477,
        0.739509972887452,
        0.6373774391990981,
        0.673145600891813,
        0.6846531968814576,
        1.0086432030758503,
        1.2402396721781015,
        0.9771699499632145,
        0.8003905296791061,
        0.82915619758885,
        0.9446486707295528,
        0.6123724356957945,
        0.7603453162872774,
        0.625,
        1.2686114456365274,
        0.9354143466934853,
        0.770551750371122
    ],
    [
        0.8992627365724409,
        1.2692955176439846,
        0.7806247497997998,
        0.6123724356957945,
        0.6846531968814576,
        0.7132671308843553,
        1.224744871391589,
        0.9109671295448103,
        0.81967981553775,
        0.9437293044088437,
        1.4154531617334516,
        0.9842509842514764,
        0.960143218483576,
        0.6614378277661477,
        1.2562344526401112,
        0.741877788494321,
        0.7905694150420949,
        1.2747548783981961,
        1.0629125849595094,
        0.7071067811865476,
        0.7817359599705717,
        0.770551750371122,
        0.7783975705112252,
        0.6373774391990981,
        0.0,
        0.8124038404635961,
        1.1843892002959913,
        1.1110243021644486,
        0.5448623679425842,
        0.9930312739844155,
        0.5863019699779287,
        0.6373774391990981,
        0.6222160217945033,
        0.6373774391990981,
        0.7071067811865476,
        0.649519052838329,
        0.7180703308172536,
        0.7603453162872774,
        1.016359243137539,
        1.2713455251993633,
        1.0316182002616623,
        0.8569568250501305,
        0.8100925873009825,
        0.9109671295448103,
        0.739509972887452,
        0.7905694150420949,
        0.5994789404140899,
        1.3050383136138188,
        0.8477912478906585,
        0.7071067811865476
    ],
    [
        1.0263182165550084,
        1.1298352878972129,
        0.9692135987490065,
        0.8124038404635961,
        0.6722164829874376,
        0.7701460900374681,
        1.117754445305408,
        0.8592228400647233,
        0.9141252649391111,
        0.9692135987490065,
        1.2121146557877724,
        0.8302860952707808,
        0.9347459547919958,
        0.7862092596758194,
        1.144006118864755,
        0.7364940389356557,
        0.7411983540186797,
        1.077903056865505,
        0.9325532758212252,
        0.8166241485530538,
        0.8028162236084226,
        0.7537406715840668,
        0.6829267082849293,
        0.7885905147793751,
        0.8124038404635961,
        0.0,
        1.1293742121684518,
        1.037123425634577,
        0.7660776723022281,
        0.9408920117514963,
        0.796084166404533,
        0.8986100377805715,
        0.7989141936959744,
        0.8710625695092173,
        0.8038967595406763,
        0.6680194607943694,
        0.8302860952707808,
        0.8620469824783334,
        0.9365643479109045,
        1.0528070942854526,
        0.8209919474500208,
        0.852936105461599,
        0.7516648189186454,
        0.793025150224688,
        0.7132671308843553,
        0.8162413858657254,
        0.7673004626611404,
        1.0228636272739393,
        0.9317322576792112,
        0.7862092596758194
    ],
    [
        1.4007079316369158,
        1.1777745020918808,
        1.4185037108791,
        1.1234557302260635,
        1.1777745020918808,
        1.221650750237381,
        1.4166666666666667,
        1.0573814617041268,
        1.1311559967081857,
        1.2486103386476415,
        1.1457676233477792,
        1.0833333333333333,
        1.1372786719963484,
        1.3222193043852026,
        1.2520816001097266,
        1.1652992472326185,
        1.2983697042402402,
        1.1829224638815325,
        1.1050126716627042,
        1.116480083914522,
        1.1577036657874837,
        1.1265421528829813,
        1.1195857368787003,
        1.1711224435462664,
        1.1843892002959913,
        1.1293742121684518,
        0.0,
        1.0223203455321082,
        1.2610621625351297,
        1.0248644896874037,
        1.3162974165776096,
        1.3333333333333333,
        1.2183492931011204,
        1.3169567191065923,
        1.1531960419248373,
        1.116480083914522,
        1.102396379610246,
        1.1509356097444277,
        1.1873172373979173,
        1.2583057392117918,
        1.0968705484240153,
        1.1909671606630376,
        1.0639287779003088,
        1.16443238437351,
        1.1681538140730154,
        1.0631125685144227,
        1.1577036657874837,
        1.1219093348196882,
        1.1851218877773242,
        1.267242193812129
    ],
    [
        1.4495117052557625,
        1.1865859054915118,
        1.4086784586980805,
        1.118033988749895,
        1.118033988749895,
        1.1629703349613008,
        1.5512092057488571,
        1.1188101318414627,
        0.9762812094883317,
        1.165922381636102,
        1.2133662485256562,
        1.14564392373896,
        1.125,
        1.165922381636102,
        1.2119199643540823,
        1.091332970756966,
        1.224744871391589,
        1.14564392373896,
        1.0847387534633885,
        1.0458250331675945,
        1.1326897682556822,
        1.015504800579495,
        1.044163673845139,
        1.0606601717798212,
        1.1110243021644486,
        1.037123425634577,
        1.0223203455321082,
        0.0,
        1.231107225224513,
        1.0976616560266244,
        1.2562344526401112,
        1.224744871391589,
        1.1554520519885039,
        1.3228756555322954,
        1.1524430571616109,
        1.0307764064044151,
        1.0231690964840563,
        1.0,
        1.0614782669047498,
        1.233924407913404,
        1.1395661942647786,
        1.0077822185373186,
        1.0680004681646913,
        1.104756131963571,
        1.0897247358851685,
        0.9270248108869579,
        1.0532687216470449,
        1.1524430571616109,
        1.0825317547305484,
        1.224744871391589
    ],
    [
        0.6522136559910598,
        1.2815463749358083,
        0.5448623679425842,
        0.5303300858899106,
        0.649519052838329,
        0.7558108228915488,
        1.1726039399558574,
        0.9109671295448103,
        0.960143218483576,
        0.9100137361600648,
        1.3875815842901724,
        0.9921567416492215,
        1.0077822185373186,
        0.6959705453537527,
        1.299038105676658,
        0.7205086072082862,
        0.6959705453537527,
        1.25,
        1.147729568872958,
        0.7071067811865476,
        0.8207381501496754,
        0.7288689868556626,
        0.7371585838730889,
        0.6846531968814576,
        0.5448623679425842,
        0.7660776723022281,
        1.2610621625351297,
        1.231107225224513,
        0.0,
        1.0905210273585335,
        0.414578098794425,
        0.5448623679425842,
        0.5965758776365148,
        0.5,
        0.6959705453537527,
        0.770551750371122,
        0.625,
        0.7288689868556626,
        1.1326897682556822,
        1.289648961711847,
        0.952883052169106,
        0.875,
        0.7071067811865476,
        0.9691419458010839,
        0.8100925873009825,
        0.8926785535678563,
        0.649519052838329,
        1.25,
        0.81967981553775,
        0.5153882032022076
    ],
    [
        1.2805922002026853,
        1.227576655221353,
        1.2997061633735185,
        1.1599509089229212,
        1.1464013743498005,
        1.0242205708624377,
        1.1141451630934114,
        0.8789592962387077,
        1.1326897682556822,
        1.0976616560266244,
        1.2256702548794047,
        0.950146187582615,
        1.024017143953709,
