[
    [
        0.0,
        0.5715419111928713,
        0.31522251565362525,
        0.1875,
        0.23175620272173947,
        0.31483502624390447,
        0.22696623509896796,
        0.2642427269576213,
        0.1887975933374152,
        0.19640320453088336,
        0.1711632992203644,
        0.19764235376052372,
        0.15388840315306412,
        0.24853083938416978,
        0.12789613706050704,
        0.1514899955442603,
        0.1514899955442603,
        0.2628531850196988,
        0.41634101857731964,
        0.19327057620082783,
        0.39927913559939493,
        0.16682934768798924,
        0.23070036031614688,
        0.3391021002220423,
        0.34268300311658295,
        0.22207297505549836,
        0.41369382171480396,
        0.3113259194558012,
        0.3376591060152236,
        0.525577352841087,
        0.25626905416963636,
        0.33620991861484395,
        0.40019526483955303,
        0.27332587007087344,
        0.21021287573552672,
        0.225888004606265,
        0.2348952559120767,
        0.2013140426050801,
        0.14905300022139775,
        0.3053878169639385,
        0.3465792658252943,
        0.298923851089203,
        0.25194555463432966,
        0.363763960213213,
        0.18087245160609727,
        0.4391709163298499,
        0.2049199538844375,
        0.258639771206982,
        0.22910747341586218
    ],
    [
        0.5715419111928713,
        0.0,
        0.6179287479151622,
        0.3299798762803574,
        0.390625,
        0.2773162398327945,
        0.47981726664950275,
        0.213096589015404,
        0.3640993811790951,
        0.47238176430721796,
        0.2927342811749249,
        0.36776882174811937,
        0.4435959239555747,
        0.4658766098711117,
        0.39805435008928114,
        0.33729739288942034,
        0.5444141059432608,
        0.2181912506838897,
        0.20846350100197397,
        0.2715335499528557,
        0.14740595518838442,
        0.2724311839712921,
        0.24105075969596113,
        0.14986973510352247,
        0.1514899955442603,
        0.32775276505317236,
        0.19200321449132043,
        0.15388840315306412,
        0.25626905416963636,
        0.2841765180354946,
        0.24256522962906288,
        0.15229366163764005,
        0.19200321449132043,
        0.4544699866327808,
        0.16755945773068137,
        0.296875,
        0.3029799910885206,
        0.2509746625657658,
        0.40864677595693816,
        0.2670001170411728,
        0.20551478809321727,
        0.25911131174651564,
        0.27332587007087344,
        0.2692763740564701,
        0.4038389994787527,
        0.2642427269576213,
        0.32021721143623744,
        0.2923169833417142,
        0.30095875444153475
    ],
    [
        0.31522251565362525,
        0.6179287479151622,
        0.0,
        0.3423265984407288,
        0.3597145135381668,
        0.3486861500690843,
        0.125,
        0.4542013079296448,
        0.31715286140913185,
        0.21079277442550065,
        0.36543798636020314,
        0.3552755312781898,
        0.2609889545076573,
        0.44276960360327355,
        0.34268300311658295,
        0.33693529145074724,
        0.3419698223162389,
        0.5261705700150855,
        0.5949822738956179,
        0.34161267357930386,
        0.6123724356957945,
        0.35733114456341475,
        0.4358226775306673,
        0.4903860883273505,
        0.49706167876833957,
        0.3255104164999947,
        0.6259758007503166,
        0.4637756899892447,
        0.4943528756111367,
        0.8058791405887803,
        0.34903606099513557,
        0.5806532555019389,
        0.682331423778064,
        0.08118988160479113,
        0.49632438044589344,
        0.3753253796707598,
        0.42990051538117513,
        0.4304680410611222,
        0.3614072970693868,
        0.4790534286486216,
        0.5700448858423344,
        0.41751216299648086,
        0.47547262670946683,
        0.6238270243024103,
        0.23228232417685166,
        0.5732480102451294,
        0.39958474539201316,
        0.4310348195041788,
        0.17469281074217108
    ],
    [
        0.1875,
        0.3299798762803574,
        0.3423265984407288,
        0.0,
        0.2096313728906053,
        0.25194555463432966,
        0.24206145913796356,
        0.13441133229754104,
        0.19452968121857395,
        0.23644915547533682,
        0.08838834764831845,
        0.1514899955442603,
        0.13531646934131855,
        0.22041774968227945,
        0.1316585902058806,
        0.1335000585205864,
        0.18087245160609727,
        0.15229366163764005,
        0.3365728004459065,
        0.12597277731716483,
        0.24951124097923924,
        0.1514899955442603,
        0.21986323874172325,
        0.19008632907181935,
        0.1926379375927805,
        0.1795175827043134,
        0.2881107642904027,
        0.21194781197266463,
        0.27775607554111215,
        0.3556570967745633,
        0.1781524101717403,
        0.2049199538844375,
        0.25626905416963636,
        0.2923169833417142,
        0.17469281074217108,
        0.16973094517500337,
        0.10126157341262282,
        0.16973094517500337,
        0.1288470508005519,
        0.2390165396996618,
        0.23175620272173947,
        0.2795084971874737,
        0.20009763241977652,
        0.2692763740564701,
        0.1795175827043134,
        0.3657718722099883,
        0.20787710461953235,
        0.19948664585630788,
        0.18553659510996745
    ],
    [
        0.23175620272173947,
        0.390625,
        0.3597145135381668,
        0.2096313728906053,
        0.0,
        0.13887803777055607,
        0.28125,
        0.21137108216357317,
        0.15229366163764005,
        0.22696623509896796,
        0.17746588580625855,
        0.22371595411369302,
        0.1781524101717403,
        0.16973094517500337,
        0.24951124097923924,
        0.16535945694153692,
        0.2275034340400162,
        0.30338262248355624,
        0.31868871959954903,
        0.16461958988832404,
        0.2790714234295586,
        0.14405538214520136,
        0.17328963291264715,
        0.2557922741210141,
        0.2405438174740727,
        0.14823176532039278,
        0.28254908312539256,
        0.2881107642904027,
        0.28641098093474,
        0.4168944689773286,
        0.2170694373351532,
        0.265625,
        0.35251606789620243,
        0.30338262248355624,
        0.26972932033800107,
        0.1926379375927805,
        0.20252314682524564,
        0.17399263633843817,
        0.22480460265528374,
        0.16682934768798924,
        0.21875,
        0.2395267143243108,
        0.16828640022295324,
        0.24902152266420668,
        0.20252314682524564,
        0.3128903811640748,
        0.16535945694153692,
        0.16461958988832404,
        0.20009763241977652
    ],
    [
        0.31483502624390447,
        0.2773162398327945,
        0.3486861500690843,
        0.25194555463432966,
        0.13887803777055607,
        0.0,
        0.28384222069663984,
        0.22480460265528374,
        0.21650635094610965,
        0.25146057717861064,
        0.23280725665236468,
        0.2799448885495143,
        0.20904825250405706,
        0.25048780534189685,
        0.31444705933590794,
        0.19764235376052372,
        0.34938562148434216,
        0.28598445652692384,
        0.24356964481437338,
        0.2072890493972125,
        0.258639771206982,
        0.1711632992203644,
        0.13621559198564606,
        0.2348952559120767,
        0.20846350100197397,
        0.1660960283239789,
        0.26005182776708186,
        0.21137108216357317,
        0.2275034340400162,
        0.32358801181268887,
        0.14574029770451274,
        0.2548360379734389,
        0.29646353064078557,
        0.30856902590830465,
        0.2543565718140579,
        0.19136638615493579,
        0.2538762001448738,
        0.20191949973937634,
        0.2872621298570349,
        0.18619336387207788,
        0.24105075969596113,
        0.20191949973937634,
        0.19452968121857395,
        0.2914805954090255,
        0.25048780534189685,
        0.21875,
        0.1767766952966369,
        0.15229366163764005,
        0.20432338797846908
    ],
    [
        0.22696623509896796,
        0.47981726664950275,
        0.125,
        0.24206145913796356,
        0.28125,
        0.28384222069663984,
        0.0,
        0.3423265984407288,
        0.24803918541230538,
        0.13441133229754104,
        0.26052081250832915,
        0.2715335499528557,
        0.16010860571811872,
        0.35458767868469426,
        0.24206145913796356,
        0.214808235701055,
        0.258639771206982,
        0.40625,
        0.4881406047441659,
        0.22316963839196408,
        0.49410588440130926,
        0.24356964481437338,
        0.34410493039914436,
        0.36543798636020314,
        0.38305158350410196,
        0.23175620272173947,
        0.516334738808072,
        0.33620991861484395,
        0.37173053916782245,
        0.6973334005536934,
        0.2415566380271923,
        0.47030990447788784,
        0.5668236608505329,
        0.06810779599282303,
        0.38843134045800165,
        0.2768757054167086,
        0.3391021002220423,
        0.3159960690024482,
        0.2628531850196988,
        0.39897329171261575,
        0.4645646483537033,
        0.3552755312781898,
        0.38559258372665833,
        0.5303300858899106,
        0.14986973510352247,
        0.4736720747257537,
        0.30856902590830465,
        0.31366968593569894,
        0.07654655446197431
    ],
    [
        0.2642427269576213,
        0.213096589015404,
        0.4542013079296448,
        0.13441133229754104,
        0.21137108216357317,
        0.22480460265528374,
        0.3423265984407288,
        0.0,
        0.2348952559120767,
        0.30578727798095195,
        0.1335000585205864,
        0.18553659510996745,
        0.1801962905417312,
        0.2567449488305466,
        0.2275034340400162,
        0.17469281074217108,
        0.31483502624390447,
        0.10711960313126631,
        0.25194555463432966,
        0.140625,
        0.1616262567623219,
        0.16312978920172735,
        0.1988737822087165,
        0.11692679333668567,
        0.10711960313126631,
        0.19390115071860714,
        0.213668661424646,
        0.14823176532039278,
        0.21194781197266463,
        0.29513378263556644,
        0.16461958988832404,
        0.13441133229754104,
        0.184877493221863,
        0.38337012957454053,
        0.15229366163764005,
        0.1514899955442603,
        0.13531646934131855,
        0.14657549249448218,
        0.18619336387207788,
        0.21763106683100186,
        0.17746588580625855,
        0.26608416196760004,
        0.20610790559801437,
        0.24105075969596113,
        0.2385052737886523,
        0.29933193844793776,
        0.21137108216357317,
        0.14320549046737,
        0.22963966338592295
    ],
    [
        0.1887975933374152,
        0.3640993811790951,
        0.31715286140913185,
        0.19452968121857395,
        0.15229366163764005,
        0.21650635094610965,
        0.24803918541230538,
        0.2348952559120767,
        0.0,
        0.2209708691207961,
        0.15068204314051492,
        0.140625,
        0.18355218944485516,
        0.19702375332685143,
        0.16828640022295324,
        0.12979099785809492,
        0.1788362990978062,
        0.27332587007087344,
        0.3483358876501243,
        0.15780476466190746,
        0.28895690638917076,
        0.14823176532039278,
        0.18421603316486868,
        0.258639771206982,
        0.23593232610221093,
        0.15309310892394862,
        0.30418628646768414,
        0.2755498763835687,
        0.31328027587130347,
        0.40658373044320295,
        0.22371595411369302,
        0.2533949178160446,
        0.3321920566479578,
        0.2509746625657658,
        0.20904825250405706,
        0.21194781197266463,
        0.20551478809321727,
        0.15229366163764005,
        0.20009763241977652,
        0.20904825250405706,
        0.23385358667337133,
        0.23541436208311506,
        0.15934435979977452,
        0.26836818808308854,
        0.13258252147247765,
        0.3597145135381668,
        0.16755945773068137,
        0.22480460265528374,
        0.16973094517500337
    ],
    [
        0.19640320453088336,
        0.47238176430721796,
        0.21079277442550065,
        0.23644915547533682,
        0.22696623509896796,
        0.25146057717861064,
        0.13441133229754104,
        0.30578727798095195,
        0.2209708691207961,
        0.0,
        0.25911131174651564,
        0.24853083938416978,
        0.15857643070456592,
        0.31522251565362525,
        0.203125,
        0.21930732574403436,
        0.2170694373351532,
        0.3121091305537215,
        0.449880626527749,
        0.203125,
        0.3909373750999001,
        0.16010860571811872,
        0.18221724671391565,
        0.35008369535012623,
        0.3651037951733726,
        0.20432338797846908,
        0.3462268719712553,
        0.3065846385991966,
        0.3391021002220423,
        0.4568216073072483,
        0.23017062285400366,
        0.3049878327491115,
        0.370744078678271,
        0.15229366163764005,
        0.21021287573552672,
        0.23228232417685166,
        0.3190715290103459,
        0.24803918541230538,
        0.2647042866577721,
        0.28081563680642857,
        0.30338262248355624,
        0.14823176532039278,
        0.16973094517500337,
        0.3001464486296648,
        0.1335000585205864,
        0.4394487847007885,
        0.14405538214520136,
        0.23799290955824715,
        0.10004881620988826
    ],
    [
        0.1711632992203644,
        0.2927342811749249,
        0.36543798636020314,
        0.08838834764831845,
        0.17746588580625855,
        0.23280725665236468,
        0.26052081250832915,
        0.1335000585205864,
        0.15068204314051492,
        0.25911131174651564,
        0.0,
        0.120017902310447,
        0.13258252147247765,
        0.20252314682524564,
        0.12979099785809492,
        0.12401959270615269,
        0.1788362990978062,
        0.1690102160373745,
        0.2786336640644845,
        0.09882117688026186,
        0.22857404434887177,
        0.1137517170200081,
        0.18684782411095935,
        0.1711632992203644,
        0.15467960838455727,
        0.15068204314051492,
        0.27599252707274524,
        0.1875,
        0.25,
        0.4139232601313651,
        0.14740595518838442,
        0.2153757617514097,
        0.29646353064078557,
        0.2943975575221371,
        0.13975424859373686,
        0.15309310892394862,
        0.09110862335695782,
        0.11158481919598204,
        0.1335000585205864,
        0.23280725665236468,
        0.2153757617514097,
        0.240035804620894,
        0.1926379375927805,
        0.29064180058966055,
        0.14823176532039278,
        0.31054073303674673,
        0.18684782411095935,
        0.18355218944485516,
        0.18154609435347266
    ],
    [
        0.19764235376052372,
        0.36776882174811937,
        0.3552755312781898,
        0.1514899955442603,
        0.22371595411369302,
        0.2799448885495143,
        0.2715335499528557,
        0.18553659510996745,
        0.140625,
        0.24853083938416978,
        0.120017902310447,
        0.0,
        0.18553659510996745,
        0.2390165396996618,
        0.14574029770451274,
        0.1753901900050285,
        0.20432338797846908,
        0.23333100817293873,
        0.37238672774415577,
        0.16828640022295324,
        0.30378472023786846,
        0.13531646934131855,
        0.19578068884596356,
        0.2538762001448738,
        0.23747943989954162,
        0.2153757617514097,
        0.33034960174790584,
        0.26972932033800107,
        0.3321920566479578,
        0.4139232601313651,
        0.24853083938416978,
        0.255314603724503,
        0.33071891388307384,
        0.30378472023786846,
        0.14149039278339715,
        0.19327057620082783,
        0.16312978920172735,
        0.15309310892394862,
        0.14986973510352247,
        0.2415566380271923,
        0.24803918541230538,
        0.2557922741210141,
        0.1988737822087165,
        0.2790714234295586,
        0.14149039278339715,
        0.40110930165604486,
        0.21423920626253262,
        0.24705294220065463,
        0.23799290955824715
    ],
    [
        0.15388840315306412,
        0.4435959239555747,
        0.2609889545076573,
        0.13531646934131855,
        0.1781524101717403,
        0.20904825250405706,
        0.16010860571811872,
        0.1801962905417312,
        0.18355218944485516,
        0.15857643070456592,
        0.13258252147247765,
        0.18553659510996745,
        0.0,
        0.258639771206982,
        0.1570293065800139,
        0.11796616305110547,
        0.17608480733726006,
        0.25,
        0.3497348325874905,
        0.1307281291459493,
        0.3532079548580411,
        0.16535945694153692,
        0.18944305707784595,
        0.2533949178160446,
        0.2557922741210141,
        0.13887803777055607,
        0.30257682392245444,
        0.23333100817293873,
        0.2614562582918986,
        0.5982785998062367,
        0.16828640022295324,
        0.3156095293238149,
        0.43441996170180763,
        0.21079277442550065,
        0.2557922741210141,
        0.15780476466190746,
        0.171875,
        0.19008632907181935,
        0.15934435979977452,
        0.25911131174651564,
        0.30378472023786846,
        0.2153757617514097,
        0.19136638615493579,
        0.3620821945705146,
        0.14905300022139775,
        0.34903606099513557,
        0.1616262567623219,
        0.1887975933374152,
        0.1307281291459493
    ],
    [
        0.24853083938416978,
        0.4658766098711117,
        0.44276960360327355,
        0.22041774968227945,
        0.16973094517500337,
        0.25048780534189685,
        0.35458767868469426,
        0.2567449488305466,
        0.19702375332685143,
        0.31522251565362525,
        0.20252314682524564,
        0.2390165396996618,
        0.258639771206982,
        0.0,
        0.2415566380271923,
        0.22152260748059102,
        0.2572199630180364,
        0.28980057798424075,
        0.4391709163298499,
        0.2312288841710741,
        0.32700702400713044,
        0.213096589015404,
        0.214808235701055,
        0.29973947020704494,
        0.2976962325509008,
        0.21079277442550065,
        0.3365728004459065,
        0.33438960248488586,
        0.36776882174811937,
        0.33890205177078,
        0.32211762700137975,
        0.2692763740564701,
        0.3175375223890871,
        0.36876324128768584,
        0.24556615071096424,
        0.2445699350390395,
        0.22480460265528374,
        0.20551478809321727,
        0.2125229766989913,
        0.20191949973937634,
        0.25194555463432966,
        0.31171777098843756,
        0.24105075969596113,
        0.22480460265528374,
        0.2651650429449553,
        0.4304680410611222,
        0.23385358667337133,
        0.24705294220065463,
        0.2715335499528557
    ],
    [
        0.12789613706050704,
        0.39805435008928114,
        0.34268300311658295,
        0.1316585902058806,
        0.24951124097923924,
        0.31444705933590794,
        0.24206145913796356,
        0.2275034340400162,
        0.16828640022295324,
        0.203125,
        0.12979099785809492,
        0.14574029770451274,
        0.1570293065800139,
        0.2415566380271923,
        0.0,
        0.14320549046737,
        0.08838834764831845,
        0.21021287573552672,
        0.4131032520750714,
        0.16535945694153692,
        0.3458741190809165,
        0.15068204314051492,
        0.2096313728906053,
        0.26972932033800107,
        0.27466243486323355,
        0.2275034340400162,
        0.3671043788897103,
        0.29189908894170946,
        0.3376591060152236,
        0.4245989733789337,
        0.24256522962906288,
        0.2799448885495143,
        0.33693529145074724,
        0.28598445652692384,
        0.171875,
        0.19764235376052372,
        0.19948664585630788,
        0.16828640022295324,
        0.12303137303143455,
        0.28384222069663984,
        0.2795084971874737,
        0.2275034340400162,
        0.2170694373351532,
        0.31444705933590794,
        0.15467960838455727,
        0.443871022229431,
        0.21423920626253262,
        0.2533949178160446,
        0.23280725665236468
    ],
    [
        0.1514899955442603,
        0.33729739288942034,
        0.33693529145074724,
        0.1335000585205864,
        0.16535945694153692,
        0.19764235376052372,
        0.214808235701055,
        0.17469281074217108,
        0.12979099785809492,
        0.21930732574403436,
        0.12401959270615269,
        0.1753901900050285,
        0.11796616305110547,
        0.22152260748059102,
        0.14320549046737,
        0.0,
        0.1795175827043134,
        0.22480460265528374,
        0.3156095293238149,
        0.078125,
        0.2881107642904027,
        0.09882117688026186,
        0.17258376589355096,
        0.19136638615493579,
        0.203125,
        0.1316585902058806,
        0.28641098093474,
        0.20252314682524564,
        0.234375,
        0.47661230386388936,
        0.14235052467412967,
        0.23799290955824715,
        0.3620821945705146,
        0.24556615071096424,
        0.19515618744994995,
        0.20070675904164265,
        0.18355218944485516,
        0.11899645477912357,
        0.16237976320958225,
        0.25,
        0.23385358667337133,
        0.2768757054167086,
        0.2072890493972125,
        0.3156095293238149,
        0.12203515118604147,
        0.33438960248488586,
        0.13799626353637262,
        0.1608692209529219,
        0.1288470508005519
    ],
    [
        0.1514899955442603,
        0.5444141059432608,
        0.3419698223162389,
        0.18087245160609727,
        0.2275034340400162,
        0.34938562148434216,
        0.258639771206982,
        0.31483502624390447,
        0.1788362990978062,
        0.2170694373351532,
        0.1788362990978062,
        0.20432338797846908,
        0.17608480733726006,
        0.2572199630180364,
        0.08838834764831845,
        0.1795175827043134,
        0.0,
        0.30338262248355624,
        0.46613855906800933,
        0.21423920626253262,
        0.427337322849292,
        0.20904825250405706,
        0.2642427269576213,
        0.3681005934184296,
        0.3644344934278313,
        0.240035804620894,
        0.4558110045567132,
        0.3733688482921413,
        0.3928064090617667,
        0.5375191776294539,
        0.2670001170411728,
        0.3690941190943036,
        0.4363825013677794,
        0.273772116686488,
        0.2619227283475033,
        0.24853083938416978,
        0.23644915547533682,
        0.2348952559120767,
        0.1711632992203644,
        0.3340243488504992,
        0.3661054535581244,
        0.25958199571618984,
        0.2651650429449553,
        0.3934274472504429,
        0.15388840315306412,
        0.48638695050854314,
        0.240035804620894,
        0.30856902590830465,
        0.25146057717861064
    ],
    [
        0.2628531850196988,
        0.2181912506838897,
        0.5261705700150855,
        0.15229366163764005,
        0.30338262248355624,
        0.28598445652692384,
        0.40625,
        0.10711960313126631,
        0.27332587007087344,
        0.3121091305537215,
        0.1690102160373745,
        0.23333100817293873,
        0.25,
        0.28980057798424075,
        0.21021287573552672,
        0.22480460265528374,
        0.30338262248355624,
        0.0,
        0.2275034340400162,
        0.19825902406952375,
        0.14823176532039278,
        0.18355218944485516,
        0.24506854908372067,
        0.109375,
        0.12597277731716483,
        0.2633171804117612,
        0.20432338797846908,
        0.1288470508005519,
        0.22262198201210948,
        0.2572726882339264,
        0.23228232417685166,
        0.14235052467412967,
        0.15229366163764005,
        0.43498159084609545,
        0.16461958988832404,
        0.1875,
        0.1616262567623219,
        0.19452968121857395,
        0.19578068884596356,
        0.23385358667337133,
        0.17746588580625855,
        0.3125,
        0.22207297505549836,
        0.23385358667337133,
        0.2768757054167086,
        0.27466243486323355,
        0.265625,
        0.18154609435347266,
        0.3232525135246438
    ],
    [
        0.41634101857731964,
        0.20846350100197397,
        0.5949822738956179,
        0.3365728004459065,
        0.31868871959954903,
        0.24356964481437338,
        0.4881406047441659,
        0.25194555463432966,
        0.3483358876501243,
        0.449880626527749,
        0.2786336640644845,
        0.37238672774415577,
        0.3497348325874905,
        0.4391709163298499,
        0.4131032520750714,
        0.3156095293238149,
        0.46613855906800933,
        0.2275034340400162,
        0.0,
        0.29189908894170946,
        0.1988737822087165,
        0.31715286140913185,
        0.2829807855667943,
        0.15625,
        0.2170694373351532,
        0.2647042866577721,
        0.12789613706050704,
        0.13975424859373686,
        0.06051536478449089,
        0.3232944698508019,
        0.18684782411095935,
        0.1753901900050285,
        0.2755498763835687,
        0.5177512976806529,
        0.24951124097923924,
        0.2724311839712921,
        0.2651650429449553,
        0.28341183042526646,
        0.38400642898264087,
        0.28168369339562416,
        0.25,
        0.32211762700137975,
        0.31715286140913185,
        0.31093357409581873,
        0.38081430021731066,
        0.16973094517500337,
        0.3511282039725661,
        0.16973094517500337,
        0.34938562148434216
    ],
    [
        0.19327057620082783,
        0.2715335499528557,
        0.34161267357930386,
        0.12597277731716483,
        0.16461958988832404,
        0.2072890493972125,
        0.22316963839196408,
        0.140625,
        0.15780476466190746,
        0.203125,
        0.09882117688026186,
        0.16828640022295324,
        0.1307281291459493,
        0.2312288841710741,
        0.16535945694153692,
        0.078125,
        0.21423920626253262,
        0.19825902406952375,
        0.29189908894170946,
        0.0,
        0.25911131174651564,
        0.06442352540027595,
        0.171875,
        0.15934435979977452,
        0.16755945773068137,
        0.11692679333668567,
        0.2688226645950821,
        0.18221724671391565,
        0.2181912506838897,
        0.4642433827237366,
        0.13258252147247765,
        0.21650635094610965,
        0.34410493039914436,
        0.2548360379734389,
        0.17044862679118303,
        0.16461958988832404,
        0.14490028899212037,
        0.10004881620988826,
        0.1514899955442603,
        0.2312288841710741,
        0.22041774968227945,
        0.22963966338592295,
        0.171875,
        0.3089643739575811,
        0.1514899955442603,
        0.31638213642682167,
        0.15625,
        0.14320549046737,
        0.14320549046737
    ],
    [
        0.39927913559939493,
        0.14740595518838442,
        0.6123724356957945,
        0.24951124097923924,
        0.2790714234295586,
        0.258639771206982,
        0.49410588440130926,
        0.1616262567623219,
        0.28895690638917076,
        0.3909373750999001,
        0.22857404434887177,
        0.30378472023786846,
        0.3532079548580411,
        0.32700702400713044,
        0.3458741190809165,
        0.2881107642904027,
        0.427337322849292,
        0.14823176532039278,
        0.1988737822087165,
        0.25911131174651564,
        0.0,
        0.2430679560328757,
        0.22152260748059102,
        0.1335000585205864,
        0.15467960838455727,
        0.25626905416963636,
        0.17328963291264715,
        0.16973094517500337,
        0.21650635094610965,
        0.21066404600163213,
        0.2275034340400162,
        0.13887803777055607,
        0.1288470508005519,
        0.5055840527301074,
        0.18087245160609727,
        0.24105075969596113,
        0.2159417962669571,
        0.2013140426050801,
        0.2927342811749249,
        0.20070675904164265,
        0.11481983169296148,
        0.2348952559120767,
        0.22426093897511443,
        0.2153757617514097,
        0.3538984891533164,
        0.24754655496491967,
        0.2633171804117612,
        0.15625,
        0.35458767868469426
    ],
    [
        0.16682934768798924,
        0.2724311839712921,
        0.35733114456341475,
        0.1514899955442603,
        0.14405538214520136,
        0.1711632992203644,
        0.24356964481437338,
        0.16312978920172735,
        0.14823176532039278,
        0.16010860571811872,
        0.1137517170200081,
        0.13531646934131855,
        0.16535945694153692,
        0.213096589015404,
        0.15068204314051492,
        0.09882117688026186,
        0.20904825250405706,
        0.18355218944485516,
        0.31715286140913185,
        0.06442352540027595,
        0.2430679560328757,
        0.0,
        0.13621559198564606,
        0.17258376589355096,
        0.17469281074217108,
        0.11587810136086973,
        0.2576941016011038,
        0.213096589015404,
        0.2548360379734389,
        0.3664757433802558,
        0.18814991529362962,
        0.18154609435347266,
        0.27421763710600383,
        0.2647042866577721,
        0.15229366163764005,
        0.15467960838455727,
        0.1608692209529219,
        0.0855816496101822,
        0.17258376589355096,
        0.2049199538844375,
        0.18944305707784595,
        0.20372507516258279,
        0.10825317547305482,
        0.24506854908372067,
        0.14405538214520136,
        0.34375,
        0.09757809372497497,
        0.13887803777055607,
        0.1570293065800139
    ],
    [
        0.23070036031614688,
        0.24105075969596113,
        0.4358226775306673,
        0.21986323874172325,
        0.17328963291264715,
        0.13621559198564606,
        0.34410493039914436,
        0.1988737822087165,
        0.18421603316486868,
        0.18221724671391565,
        0.18684782411095935,
        0.19578068884596356,
        0.18944305707784595,
        0.214808235701055,
        0.2096313728906053,
        0.17258376589355096,
        0.2642427269576213,
        0.24506854908372067,
        0.2829807855667943,
        0.171875,
        0.22152260748059102,
        0.13621559198564606,
        0.0,
        0.20252314682524564,
        0.15229366163764005,
        0.14574029770451274,
        0.2181912506838897,
        0.213096589015404,
        0.2642427269576213,
        0.3095345407938254,
        0.1616262567623219,
        0.18154609435347266,
        0.258639771206982,
        0.3583545294118661,
        0.14740595518838442,
        0.18154609435347266,
        0.19200321449132043,
        0.12303137303143455,
        0.24105075969596113,
        0.19764235376052372,
        0.18087245160609727,
        0.13799626353637262,
        0.1608692209529219,
        0.20009763241977652,
        0.20846350100197397,
        0.28895690638917076,
        0.11048543456039805,
        0.1801962905417312,
        0.22316963839196408
    ],
    [
        0.3391021002220423,
        0.14986973510352247,
        0.4903860883273505,
        0.19008632907181935,
        0.2557922741210141,
        0.2348952559120767,
        0.36543798636020314,
        0.11692679333668567,
        0.258639771206982,
        0.35008369535012623,
        0.1711632992203644,
        0.2538762001448738,
        0.2533949178160446,
        0.29973947020704494,
        0.26972932033800107,
        0.19136638615493579,
        0.3681005934184296,
        0.109375,
        0.15625,
        0.15934435979977452,
        0.1335000585205864,
        0.17258376589355096,
        0.20252314682524564,
        0.0,
        0.08267972847076846,
        0.21021287573552672,
        0.15857643070456592,
        0.09110862335695782,
        0.1514899955442603,
        0.3635774815214007,
        0.14905300022139775,
        0.11692679333668567,
        0.22480460265528374,
        0.40202126032089397,
        0.14320549046737,
        0.1801962905417312,
        0.18154609435347266,
        0.15546678704790937,
        0.2415566380271923,
        0.2312288841710741,
        0.15309310892394862,
        0.2572199630180364,
        0.20669932117692114,
        0.2533949178160446,
        0.28125,
        0.2096313728906053,
        0.2181912506838897,
        0.15467960838455727,
        0.26238836912104163
    ],
    [
        0.34268300311658295,
        0.1514899955442603,
        0.49706167876833957,
        0.1926379375927805,
        0.2405438174740727,
        0.20846350100197397,
        0.38305158350410196,
        0.10711960313126631,
        0.23593232610221093,
        0.3651037951733726,
        0.15467960838455727,
        0.23747943989954162,
        0.2557922741210141,
        0.2976962325509008,
        0.27466243486323355,
        0.203125,
        0.3644344934278313,
        0.12597277731716483,
        0.2170694373351532,
        0.16755945773068137,
        0.15467960838455727,
        0.17469281074217108,
        0.15229366163764005,
        0.08267972847076846,
        0.0,
        0.18944305707784595,
        0.18154609435347266,
        0.120017902310447,
        0.19008632907181935,
        0.33661309650117754,
        0.1570293065800139,
        0.12401959270615269,
        0.22696623509896796,
        0.4166341133116682,
        0.11796616305110547,
        0.17258376589355096,
        0.16237976320958225,
        0.11048543456039805,
        0.23333100817293873,
        0.21763106683100186,
        0.14986973510352247,
        0.2159417962669571,
        0.20610790559801437,
        0.22371595411369302,
        0.2728788936964528,
        0.24655834121967968,
        0.21021287573552672,
        0.16973094517500337,
        0.2572199630180364
    ],
    [
        0.22207297505549836,
        0.32775276505317236,
        0.3255104164999947,
        0.1795175827043134,
        0.14823176532039278,
        0.1660960283239789,
        0.23175620272173947,
        0.19390115071860714,
        0.15309310892394862,
        0.20432338797846908,
        0.15068204314051492,
        0.2153757617514097,
        0.13887803777055607,
        0.21079277442550065,
        0.2275034340400162,
        0.1316585902058806,
        0.240035804620894,
        0.2633171804117612,
        0.2647042866577721,
        0.11692679333668567,
        0.25626905416963636,
        0.11587810136086973,
        0.14574029770451274,
        0.21021287573552672,
        0.18944305707784595,
        0.0,
        0.22152260748059102,
        0.2170694373351532,
        0.21650635094610965,
        0.4655853823563288,
        0.11796616305110547,
        0.19764235376052372,
        0.3458741190809165,
        0.26378035962709584,
        0.2275034340400162,
        0.15625,
        0.17608480733726006,
        0.13975424859373686,
        0.20009763241977652,
        0.1711632992203644,
        0.19452968121857395,
        0.22426093897511443,
        0.13531646934131855,
        0.24556615071096424,
        0.16387638252658618,
        0.2829807855667943,
        0.1514899955442603,
        0.15388840315306412,
        0.16312978920172735
    ],
    [
        0.41369382171480396,
        0.19200321449132043,
        0.6259758007503166,
        0.2881107642904027,
        0.28254908312539256,
        0.26005182776708186,
        0.516334738808072,
        0.213668661424646,
        0.30418628646768414,
        0.3462268719712553,
        0.27599252707274524,
        0.33034960174790584,
        0.30257682392245444,
        0.3365728004459065,
        0.3671043788897103,
        0.28641098093474,
        0.4558110045567132,
        0.20432338797846908,
        0.12789613706050704,
        0.2688226645950821,
        0.17328963291264715,
        0.2576941016011038,
        0.2181912506838897,
        0.15857643070456592,
        0.18154609435347266,
        0.22152260748059102,
        0.0,
        0.16312978920172735,
        0.1608692209529219,
        0.33182438408742654,
        0.1767766952966369,
        0.11481983169296148,
        0.21875,
        0.537418235059995,
        0.21875,
        0.22152260748059102,
        0.25,
        0.22963966338592295,
        0.3299798762803574,
        0.21875,
        0.1788362990978062,
        0.2572199630180364,
        0.22642776165920997,
        0.24902152266420668,
        0.3814548629916782,
        0.19327057620082783,
        0.240035804620894,
        0.14574029770451274,
        0.3576725981956124
    ],
    [
        0.3113259194558012,
        0.15388840315306412,
        0.4637756899892447,
        0.21194781197266463,
        0.2881107642904027,
        0.21137108216357317,
        0.33620991861484395,
        0.14823176532039278,
        0.2755498763835687,
        0.3065846385991966,
        0.1875,
        0.26972932033800107,
        0.23333100817293873,
        0.33438960248488586,
        0.29189908894170946,
        0.20252314682524564,
        0.3733688482921413,
        0.1288470508005519,
        0.13975424859373686,
        0.18221724671391565,
        0.16973094517500337,
        0.213096589015404,
        0.213096589015404,
        0.09110862335695782,
        0.120017902310447,
        0.2170694373351532,
        0.16312978920172735,
        0.0,
        0.12597277731716483,
        0.33986121043907186,
        0.125,
        0.14905300022139775,
        0.2567449488305466,
        0.3874873989886639,
        0.1781524101717403,
        0.203125,
        0.19764235376052372,
        0.19515618744994995,
        0.2543565718140579,
        0.22857404434887177,
        0.18087245160609727,
        0.2614562582918986,
        0.23280725665236468,
        0.2642427269576213,
        0.2679129406169101,
        0.18421603316486868,
        0.2628531850196988,
        0.13975424859373686,
        0.2647042866577721
    ],
    [
        0.3376591060152236,
        0.25626905416963636,
        0.4943528756111367,
        0.27775607554111215,
        0.28641098093474,
        0.2275034340400162,
        0.37173053916782245,
        0.21194781197266463,
        0.31328027587130347,
        0.3391021002220423,
        0.25,
        0.3321920566479578,
        0.2614562582918986,
        0.36776882174811937,
        0.3376591060152236,
        0.234375,
        0.3928064090617667,
        0.22262198201210948,
        0.06051536478449089,
        0.2181912506838897,
        0.21650635094610965,
        0.2548360379734389,
        0.2642427269576213,
        0.1514899955442603,
        0.19008632907181935,
        0.21650635094610965,
        0.1608692209529219,
        0.12597277731716483,
        0.0,
        0.3964496298746888,
        0.1514899955442603,
        0.19640320453088336,
        0.32588521272834703,
        0.41251183695137766,
        0.25911131174651564,
        0.24356964481437338,
        0.25194555463432966,
        0.24803918541230538,
        0.3236299246438747,
        0.28641098093474,
        0.234375,
        0.32588521272834703,
        0.28341183042526646,
        0.3198357732884175,
        0.32021721143623744,
        0.14320549046737,
        0.28512949360772905,
        0.15309310892394862,
        0.28641098093474
    ],
    [
        0.525577352841087,
        0.2841765180354946,
        0.8058791405887803,
        0.3556570967745633,
        0.4168944689773286,
        0.32358801181268887,
        0.6973334005536934,
        0.29513378263556644,
