[
    [
        0.0,
        1.4471754881229975,
        0.8967771092492656,
        0.8225923433057872,
        1.1041145219364794,
        1.268988428888562,
        1.2875730611328826,
        0.8483134862626296,
        1.5050933932646768,
        1.3942300925673665,
        1.0461298939912007,
        1.2826103405611098,
        1.3187714598311968,
        1.025541171225003,
        1.7029948110697841,
        1.0061988990700574,
        1.4352522355292938,
        1.3589039325718293,
        1.411505203240679,
        1.4563154163287344,
        1.265941432196042,
        1.4051653980647145,
        1.2348572585443192,
        1.394916060674093,
        1.374652089565552,
        1.4374012832120304,
        1.2424516990570682,
        1.7600839207728887,
        1.112366708364445,
        1.2430646606540194,
        1.4964645599339539,
        0.930972171266934,
        1.334847142344035,
        1.4159912355443172,
        0.6650437303405741,
        1.4543828903822866,
        1.1715156762040517,
        1.4313588876679817,
        1.612568003804312,
        1.4268963393552125,
        1.3933149430807972,
        1.5375819208306614,
        1.1131748125363357,
        1.4793433112881746,
        1.4682394357925164,
        1.0102752986876014,
        1.5481597040963682,
        1.5654309245673652,
        1.3853966867261653,
        0.5632789391281252
    ],
    [
        1.4471754881229975,
        0.0,
        1.2527746981977423,
        1.130388330520878,
        0.9691419458010839,
        1.102396379610246,
        1.3391798899990164,
        1.1055415967851334,
        1.1599509089229212,
        1.1441275181454984,
        1.0017346066809423,
        1.0663736576724772,
        1.1094605796411956,
        0.9679230341302969,
        1.103970108290981,
        0.982485510212633,
        1.0034662148993578,
        1.0944937947136415,
        1.087332362558324,
        1.1554520519885039,
        1.0937003957005573,
        1.2211959074794037,
        1.044163673845139,
        1.1909671606630376,
        1.0663736576724772,
        1.195593762297397,
        0.9745012969605417,
        1.3850641782162219,
        1.1890413972795246,
        1.1319231422671772,
        1.379412113103904,
        1.0366546087187274,
        1.0976616560266244,
        1.2856040517117928,
        1.2104865871944959,
        1.2248582684448752,
        1.102396379610246,
        1.1777745020918808,
        1.1234557302260637,
        0.9745012969605417,
        1.102396379610246,
        1.130388330520878,
        1.1441275181454984,
        1.1479147761629926,
        1.2743189902410186,
        1.0214708893442719,
        1.4381701336536417,
        1.1777745020918808,
        1.116480083914522,
        1.2548516955312996
    ],
    [
        0.8967771092492656,
        1.2527746981977423,
        0.0,
        1.0968705484240153,
        0.9762812094883317,
        1.14564392373896,
        1.015504800579495,
        0.8878031563609382,
        1.2808688457449497,
        1.2686114456365274,
        0.8926785535678563,
        1.159202311936963,
        1.2808688457449497,
        0.9934158243152764,
        1.5206906325745548,
        1.0383279828647594,
        1.243734296383275,
        1.1524430571616109,
        1.118033988749895,
        1.103970108290981,
        1.0189182717197902,
        1.118033988749895,
        1.0458250331675945,
        1.1726039399558574,
        0.9921567416492215,
        1.1953033087881921,
        1.0606601717798212,
        1.4415703243338496,
        0.8789197915623472,
        1.0189182717197902,
        1.0069204977995476,
        0.75,
        0.9592387027684448,
        1.0189182717197902,
        0.9437293044088437,
        1.1847995611072786,
        0.8660254037844386,
        1.165922381636102,
        1.3254978100489054,
        1.3287682265918312,
        0.9921567416492215,
        1.2808688457449497,
        1.0383279828647594,
        1.3169567191065923,
        1.2211674741819813,
        0.9798313346920706,
        1.1418187246669236,
        1.2374368670764582,
        1.0680004681646913,
        0.81967981553775
    ],
    [
        0.8225923433057872,
        1.130388330520878,
        1.0968705484240153,
        0.0,
        0.8100925873009825,
        0.9762812094883317,
        1.0307764064044151,
        0.6744339190099436,
        1.2686114456365274,
        1.0307764064044151,
        0.7905694150420949,
        0.9921567416492215,
        1.0532687216470449,
        0.8015609770940699,
        1.340475661845451,
        0.7603453162872774,
        1.1989578808281798,
        1.103970108290981,
        1.159202311936963,
        1.3228756555322954,
        1.0324593077803224,
        1.3806701271484076,
        1.0,
        1.14564392373896,
        1.2183492931011204,
        1.1472793905583767,
        0.9100137361600648,
        1.571225636247067,
        1.001873245475694,
        1.1094605796411956,
        1.5467259327725489,
        0.8838834764831844,
        1.1909671606630376,
        1.4583333333333333,
        0.5153882032022076,
        1.3407087677791922,
        0.9921567416492215,
        1.0752906583803283,
        1.3235316811890492,
        1.0752906583803283,
        1.1319231422671772,
        1.3169567191065923,
        0.9100137361600648,
        1.334634781503914,
        1.3988834833537782,
        0.7300589778306347,
        1.5773791554347356,
        1.299038105676658,
        1.118033988749895,
        0.57282196186948
    ],
    [
        1.1041145219364794,
        0.9691419458010839,
        0.9762812094883317,
        0.8100925873009825,
        0.0,
        0.9682458365518543,
        1.159202311936963,
        0.8457409637576849,
        1.0307764064044151,
        0.9013878188659973,
        0.82915619758885,
        0.875,
        0.9682458365518543,
        0.7611668673819164,
        1.1319231422671772,
        0.8100925873009825,
        0.9437293044088437,
        1.0532687216470449,
        0.9185586535436918,
        1.0231690964840563,
        0.8819171036881969,
        1.0606601717798212,
        0.9519716382329886,
        0.9437293044088437,
        1.015504800579495,
        1.0295630140987,
        0.8660254037844386,
        1.243734296383275,
        0.8554969316134337,
        1.0466547239233726,
        1.1711224435462664,
        0.75,
        1.0008676791220261,
        1.130388330520878,
        0.9921567416492215,
        1.0857025375304232,
        0.8569568250501305,
        1.0307764064044151,
        1.116480083914522,
        1.0077822185373186,
        0.9437293044088437,
        1.1388041973930374,
        0.9270248108869579,
        1.125,
        1.1308182877898643,
        0.8364524958285304,
        1.1308182877898643,
        1.1319231422671772,
        0.9270248108869579,
        0.8569568250501305
    ],
    [
        1.268988428888562,
        1.102396379610246,
        1.14564392373896,
        0.9762812094883317,
        0.9682458365518543,
        0.0,
        1.286953767623375,
        0.9691419458010839,
        1.159202311936963,
        1.0606601717798212,
        0.9682458365518543,
        0.9270248108869579,
        1.0383279828647594,
        0.9611191393370543,
        1.1858541225631423,
        0.9519716382329886,
        1.0,
        1.0752906583803283,
        1.118033988749895,
        1.0968705484240153,
        1.016359243137539,
        1.224744871391589,
        1.015504800579495,
        1.103970108290981,
        1.14564392373896,
        1.1197097838279346,
        0.9682458365518543,
        1.286953767623375,
        1.1404494727957044,
        1.1711224435462664,
        1.2506942516503028,
        0.9519716382329886,
        1.0483121354507603,
        1.2190615698606495,
        1.0231690964840563,
        1.2313610356024751,
        0.960143218483576,
        1.0231690964840563,
        1.2381381631753021,
        1.0077822185373186,
        1.0680004681646913,
        1.1319231422671772,
        0.9921567416492215,
        1.165922381636102,
        1.2198872898755853,
        0.9363418772601764,
        1.318379687343521,
        1.14564392373896,
        0.9519716382329886,
        1.0458250331675945
    ],
    [
        1.2875730611328826,
        1.3391798899990164,
        1.015504800579495,
        1.0307764064044151,
        1.159202311936963,
        1.286953767623375,
        0.0,
        1.0466547239233726,
        1.4737282653189494,
        1.118033988749895,
        1.0458250331675945,
        1.1388041973930374,
        1.224744871391589,
        1.142092378050042,
        1.5360257159305635,
        1.14564392373896,
        1.2930100540985752,
        1.192424001771182,
        1.2624381172952597,
        1.25,
        1.1326897682556822,
        1.4523687548277813,
        1.0532687216470449,
        1.1319231422671772,
        1.0825317547305484,
        1.2884098726725126,
        1.0825317547305484,
        1.4197270864500684,
        1.1127106542133944,
        1.0137937550497031,
        1.2381381631753021,
        0.9270248108869579,
        1.1711224435462664,
        1.3235316811890492,
        1.0606601717798212,
        1.358077685554107,
        0.9270248108869579,
        1.224744871391589,
        1.3981634779635432,
        1.3169567191065923,
        1.1110243021644486,
        1.3050383136138188,
        1.0383279828647594,
        1.2374368670764582,
        1.2884098726725126,
        1.0905210273585335,
        1.200520720354297,
        1.2747548783981961,
        1.2054563451241194,
        1.0231690964840563
    ],
    [
        0.8483134862626296,
        1.1055415967851334,
        0.8878031563609382,
        0.6744339190099436,
        0.8457409637576849,
        0.9691419458010839,
        1.0466547239233726,
        0.0,
        1.1509356097444277,
        0.9851325347947408,
        0.7817359599705717,
        1.0086432030758503,
        1.1118053386771944,
        0.7719473931413836,
        1.2936812246883354,
        0.7716774657271723,
        1.0491398593345143,
        0.9637527921850314,
        1.1464013743498005,
        1.2465229418042993,
        0.8068715304598786,
        1.2169234888758527,
        1.0086432030758503,
        1.1531960419248373,
        1.1242281302693367,
        1.1407538930218228,
        0.9771699499632145,
        1.5109553637057287,
        0.9294188745901626,
        1.0984521938720058,
        1.3043729868748772,
        0.8207381501496754,
        1.1133657679906157,
        1.2416387021459452,
        0.6972166887783964,
        1.1696093839872828,
        0.9691419458010839,
        1.0905210273585335,
        1.2527746981977423,
        1.076097630845413,
        1.1531960419248373,
        1.2624381172952597,
        0.952883052169106,
        1.2254534308210618,
        1.2517765153750267,
        0.733617369235792,
        1.3652177278531232,
        1.1531960419248373,
        1.1118053386771944,
        0.7406828681096325
    ],
    [
        1.5050933932646768,
        1.1599509089229212,
        1.2808688457449497,
        1.2686114456365274,
        1.0307764064044151,
        1.159202311936963,
        1.4737282653189494,
        1.1509356097444277,
        0.0,
        1.165922381636102,
        1.2183492931011204,
        1.0383279828647594,
        1.118033988749895,
        1.0407329148249325,
        1.2183492931011204,
        1.1110243021644486,
        0.9519716382329886,
        1.224744871391589,
        1.118033988749895,
        0.9921567416492215,
        0.9583333333333334,
        1.0307764064044151,
        1.2054563451241194,
        1.192424001771182,
        1.2562344526401112,
        1.0204165815979276,
        1.0897247358851685,
        1.2183492931011204,
        0.9971835337589565,
        1.1188101318414627,
        1.1975089885999928,
        1.125,
        1.0614782669047498,
        1.2040152730666573,
        1.340475661845451,
        1.0799305533227588,
        1.1858541225631423,
        1.14564392373896,
        1.1711224435462664,
        1.0752906583803283,
        1.1989578808281798,
        1.2119199643540823,
        1.14564392373896,
        1.231107225224513,
        1.1014195385955345,
        1.0881304047667162,
        1.2031209415515964,
        1.1110243021644486,
        1.1388041973930374,
        1.286953767623375
    ],
    [
        1.3942300925673665,
        1.1441275181454984,
        1.2686114456365274,
        1.0307764064044151,
        0.9013878188659973,
        1.0606601717798212,
        1.118033988749895,
        0.9851325347947408,
        1.165922381636102,
        0.0,
        1.0077822185373186,
        0.9100137361600648,
        0.8838834764831844,
        0.9931012033020603,
        1.165922381636102,
        0.960143218483576,
        1.0897247358851685,
        1.0458250331675945,
        1.0,
        1.1319231422671772,
        1.024017143953709,
        1.1989578808281798,
        1.0752906583803283,
        1.0077822185373186,
        1.1989578808281798,
        1.1335784048754634,
        1.0077822185373186,
        1.192424001771182,
        1.0697546447667334,
        1.0952866190079096,
        1.1666666666666667,
        1.015504800579495,
        1.1094605796411956,
        1.1395661942647786,
        1.0231690964840563,
        1.218605760695394,
        0.9762812094883317,
        1.0458250331675945,
        1.206176235510844,
        1.0383279828647594,
        1.0307764064044151,
        1.1989578808281798,
        0.9437293044088437,
        1.0897247358851685,
        1.1404494727957044,
        1.0008676791220261,
        1.3360389215887387,
        1.192424001771182,
        1.015504800579495,
        1.0897247358851685
    ],
    [
        1.0461298939912007,
        1.0017346066809423,
        0.8926785535678563,
        0.7905694150420949,
        0.82915619758885,
        0.9682458365518543,
        1.0458250331675945,
        0.7817359599705717,
        1.2183492931011204,
        1.0077822185373186,
        0.0,
        0.9921567416492215,
        1.0077822185373186,
        0.8154753215150046,
        1.2374368670764582,
        0.770551750371122,
        1.0606601717798212,
        0.9185586535436918,
        1.0606601717798212,
        1.1726039399558574,
        0.927960727138337,
        1.1792476415070754,
        0.8569568250501305,
        1.118033988749895,
        0.9185586535436918,
        1.1874342087037917,
        0.8569568250501305,
        1.4197270864500684,
        1.0250000000000001,
        1.0841343192714739,
        1.2997061633735185,
        0.770551750371122,
        1.070436048222094,
        1.215496012151235,
        0.8003905296791061,
        1.2626856299174392,
        0.8838834764831844,
        1.0606601717798212,
        1.176299517791092,
        0.9437293044088437,
        0.9100137361600648,
        1.243734296383275,
        0.9682458365518543,
        1.1792476415070754,
        1.2639224659764539,
        0.8207381501496754,
        1.2944593465999619,
        1.1388041973930374,
        0.9185586535436918,
        0.8477912478906585
    ],
    [
        1.2826103405611098,
        1.0663736576724772,
        1.159202311936963,
        0.9921567416492215,
        0.875,
        0.9270248108869579,
        1.1388041973930374,
        1.0086432030758503,
        1.0383279828647594,
        0.9100137361600648,
        0.9921567416492215,
        0.0,
        0.9437293044088437,
        0.8975661535508122,
        1.1388041973930374,
        0.8838834764831844,
        0.9013878188659973,
        1.0532687216470449,
        0.9762812094883317,
        1.0383279828647594,
        0.9363418772601764,
        1.1319231422671772,
        1.015504800579495,
        0.9762812094883317,
        1.1319231422671772,
        1.0476163419878481,
        0.8838834764831844,
        1.1524430571616109,
        0.9940447676035522,
        0.9982623792259117,
        1.1531960419248373,
        0.960143218483576,
        0.9833686434338289,
        1.1599509089229212,
        1.0897247358851685,
        1.159471862530523,
        0.8926785535678563,
        1.015504800579495,
        1.1326897682556822,
        0.9682458365518543,
        1.0752906583803283,
        1.159202311936963,
        0.9270248108869579,
        1.0383279828647594,
        1.126665433924375,
        0.9446486707295528,
        1.2639224659764539,
        1.0897247358851685,
        0.8926785535678563,
        1.0307764064044151
    ],
    [
        1.3187714598311968,
        1.1094605796411956,
        1.2808688457449497,
        1.0532687216470449,
        0.9682458365518543,
        1.0383279828647594,
        1.224744871391589,
        1.1118053386771944,
        1.118033988749895,
        0.8838834764831844,
        1.0077822185373186,
        0.9437293044088437,
        0.0,
        1.0541584321154007,
        1.1726039399558574,
        0.9682458365518543,
        1.1319231422671772,
        1.0680004681646913,
        1.0532687216470449,
        1.1388041973930374,
        1.0248644896874037,
        1.2054563451241194,
        1.0307764064044151,
        1.0680004681646913,
        1.165922381636102,
        1.1056672193747992,
        0.960143218483576,
        1.2624381172952597,
        1.084262422110072,
        1.1711224435462664,
        1.2381381631753021,
        1.0680004681646913,
        1.0952866190079096,
        1.1799835215421914,
        1.1110243021644486,
        1.1992184955211456,
        0.9842509842514764,
        1.0458250331675945,
        1.1395661942647786,
        0.960143218483576,
        1.0897247358851685,
        1.103970108290981,
        0.9842509842514764,
        1.0606601717798212,
        1.2198872898755853,
        1.0086432030758503,
        1.4320003491619686,
        1.165922381636102,
        1.0532687216470449,
        1.0897247358851685
    ],
    [
        1.025541171225003,
        0.9679230341302969,
        0.9934158243152764,
        0.8015609770940699,
        0.7611668673819164,
        0.9611191393370543,
        1.142092378050042,
        0.7719473931413836,
        1.0407329148249325,
        0.9931012033020603,
        0.8154753215150046,
        0.8975661535508122,
        1.0541584321154007,
        0.0,
        1.1431863365173676,
        0.7491662031885848,
        0.9532837982468809,
        0.9902651160169181,
        0.9886859966642595,
        0.9855201672213512,
        0.8209919474500208,
        1.044030650891055,
        0.9807522622966516,
        1.0574142991278301,
        1.0720890821195783,
        1.0583005244258363,
        0.8631338250816035,
        1.355544171172596,
        0.9124143795447329,
        0.8835298523536146,
        1.2185202774950719,
        0.8093207028119322,
        0.9759610647971567,
        1.2056291580194411,
        0.9233092656309694,
        1.1076438958437862,
        0.9400797838481583,
        1.0425329730996522,
        1.0681955189321226,
        1.005298463144155,
        1.0761621625015443,
        1.1895377253370318,
        1.0096410253154338,
        1.1586630226256467,
        1.1357816691600546,
        0.8199339404285364,
        1.2409673645990857,
        1.0974402033823984,
        0.9575359001102779,
        0.8437268515343103
    ],
    [
        1.7029948110697841,
        1.103970108290981,
        1.5206906325745548,
        1.340475661845451,
        1.1319231422671772,
        1.1858541225631423,
        1.5360257159305635,
        1.2936812246883354,
        1.2183492931011204,
        1.165922381636102,
        1.2374368670764582,
        1.1388041973930374,
        1.1726039399558574,
        1.1431863365173676,
        0.0,
        1.0825317547305484,
        1.14564392373896,
        1.2562344526401112,
        1.14564392373896,
        1.2808688457449497,
        1.1599509089229212,
        1.2747548783981961,
        1.159202311936963,
        1.224744871391589,
        1.1792476415070754,
        1.3534677683639165,
        1.192424001771182,
        1.3228756555322954,
        1.3418736900319643,
        1.3488678380198873,
        1.4312970031098058,
        1.2374368670764582,
        1.2040152730666573,
        1.3057033013326997,
        1.479019945774904,
        1.323111862239924,
        1.2119199643540823,
        1.159202311936963,
        1.1931517552730295,
        1.118033988749895,
        1.243734296383275,
        1.2054563451241194,
        1.25,
        1.1319231422671772,
        1.3360389215887387,
        1.2631255326020099,
        1.5321553446044562,
        1.2562344526401112,
        1.1989578808281798,
        1.4361406616345072
    ],
    [
        1.0061988990700574,
        0.982485510212633,
        1.0383279828647594,
        0.7603453162872774,
        0.8100925873009825,
        0.9519716382329886,
        1.14564392373896,
        0.7716774657271723,
        1.1110243021644486,
        0.960143218483576,
        0.770551750371122,
        0.8838834764831844,
        0.9682458365518543,
        0.7491662031885848,
        1.0825317547305484,
        0.0,
        0.9762812094883317,
        0.9185586535436918,
        0.9842509842514764,
        1.1388041973930374,
        0.8955910525085282,
        1.1524430571616109,
        0.9013878188659973,
        1.0,
        1.0307764064044151,
        1.084262422110072,
        0.9013878188659973,
        1.2808688457449497,
        0.9374166629626337,
        0.982485510212633,
        1.1865859054915118,
        0.81967981553775,
        0.9251501379656049,
        1.0976616560266244,
        0.82915619758885,
        1.132199187422425,
        0.8926785535678563,
        0.9921567416492215,
        1.1865859054915118,
        0.9519716382329886,
        1.0077822185373186,
        1.2374368670764582,
        0.9100137361600648,
        1.0458250331675945,
        1.1808365678619543,
        0.8395600699837452,
        1.3763629608500805,
        1.1319231422671772,
        0.9519716382329886,
        0.82915619758885
    ],
    [
        1.4352522355292938,
        1.0034662148993578,
        1.243734296383275,
        1.1989578808281798,
        0.9437293044088437,
        1.0,
        1.2930100540985752,
        1.0491398593345143,
        0.9519716382329886,
        1.0897247358851685,
        1.0606601717798212,
        0.9013878188659973,
        1.1319231422671772,
        0.9532837982468809,
        1.14564392373896,
        0.9762812094883317,
        0.0,
        1.0606601717798212,
        1.0231690964840563,
        1.0752906583803283,
        0.9223309842157773,
        1.0897247358851685,
        1.0897247358851685,
        1.0680004681646913,
        1.1110243021644486,
        1.0638961415476607,
        0.9519716382329886,
        1.231107225224513,
        1.1,
        1.1554520519885039,
        1.2211959074794037,
        1.0825317547305484,
        1.0265570828962431,
        1.1688966782587948,
        1.25,
        1.0813764376941084,
        1.0825317547305484,
        1.103970108290981,
        1.0416666666666667,
        1.015504800579495,
        1.165922381636102,
        1.1858541225631423,
        1.0680004681646913,
        1.0752906583803283,
        1.1070794912742263,
        1.0189182717197902,
        1.252746981636755,
        1.0307764064044151,
        0.960143218483576,
        1.231107225224513
    ],
    [
        1.3589039325718293,
        1.0944937947136415,
        1.1524430571616109,
        1.103970108290981,
        1.0532687216470449,
        1.0752906583803283,
        1.192424001771182,
        0.9637527921850314,
        1.224744871391589,
        1.0458250331675945,
        0.9185586535436918,
        1.0532687216470449,
        1.0680004681646913,
        0.9902651160169181,
        1.2562344526401112,
        0.9185586535436918,
        1.0606601717798212,
        0.0,
        1.0606601717798212,
        1.159202311936963,
        0.9877724659274748,
        1.125,
        0.9682458365518543,
        1.0968705484240153,
        1.103970108290981,
        1.1031205736455103,
        1.1110243021644486,
        1.2747548783981961,
        1.003431612019474,
        1.135751097536584,
        1.2240359017973652,
        0.9682458365518543,
        1.0524442450262574,
        1.059841445164742,
        1.2054563451241194,
        1.102837250005639,
        1.0231690964840563,
        1.0077822185373186,
        1.0889278621143317,
        1.125,
        1.0897247358851685,
        1.2747548783981961,
        1.0752906583803283,
        1.0968705484240153,
        1.1953033087881921,
        0.9090593428863095,
        1.348842096021621,
        1.165922381636102,
        1.1110243021644486,
        1.1524430571616109
    ],
    [
        1.411505203240679,
        1.087332362558324,
        1.118033988749895,
        1.159202311936963,
        0.9185586535436918,
        1.118033988749895,
        1.2624381172952597,
        1.1464013743498005,
        1.118033988749895,
        1.0,
        1.0606601717798212,
        0.9762812094883317,
        1.0532687216470449,
        0.9886859966642595,
        1.14564392373896,
        0.9842509842514764,
        1.0231690964840563,
        1.0606601717798212,
        0.0,
        0.9762812094883317,
        1.0316182002616623,
        1.14564392373896,
        1.015504800579495,
        1.0752906583803283,
        1.0231690964840563,
        1.0173494974687902,
        0.9185586535436918,
        1.1726039399558574,
        0.9457140159688869,
        1.0137937550497031,
        1.1733439866940603,
        0.9842509842514764,
        0.9982623792259117,
        1.076097630845413,
        1.2054563451241194,
        1.2057155551787493,
        1.0532687216470449,
        1.0680004681646913,
        1.0976616560266244,
        0.9842509842514764,
        0.9185586535436918,
        1.125,
        1.0458250331675945,
        1.0752906583803283,
        1.1472793905583767,
        1.0466547239233726,
        1.2134661099511597,
        1.103970108290981,
        0.9270248108869579,
        1.14564392373896
    ],
    [
        1.4563154163287344,
        1.1554520519885039,
        1.103970108290981,
        1.3228756555322954,
        1.0231690964840563,
        1.0968705484240153,
        1.25,
        1.2465229418042993,
        0.9921567416492215,
        1.1319231422671772,
        1.1726039399558574,
        1.0383279828647594,
        1.1388041973930374,
        0.9855201672213512,
        1.2808688457449497,
        1.1388041973930374,
        1.0752906583803283,
        1.159202311936963,
        0.9762812094883317,
        0.0,
        1.0491398593345143,
        1.0307764064044151,
        1.103970108290981,
        1.0606601717798212,
        0.9762812094883317,
        1.0638961415476607,
        0.9921567416492215,
        1.1319231422671772,
        0.9307255234493143,
        1.011221758292633,
        1.0639287779003088,
        0.9842509842514764,
        0.9877724659274748,
        1.0265570828962431,
        1.334634781503914,
        1.0668294146675934,
        1.0,
        1.103970108290981,
        0.9877724659274748,
        1.0968705484240153,
        1.0,
        1.2119199643540823,
        1.0231690964840563,
        1.159202311936963,
        1.0341058939973218,
        1.1280821975567403,
        1.0857025375304232,
        1.14564392373896,
        0.9100137361600648,
        1.231107225224513
    ],
    [
        1.265941432196042,
        1.0937003957005573,
        1.0189182717197902,
        1.0324593077803224,
        0.8819171036881969,
        1.016359243137539,
        1.1326897682556822,
        0.8068715304598786,
        0.9583333333333334,
        1.024017143953709,
        0.927960727138337,
        0.9363418772601764,
        1.0248644896874037,
        0.8209919474500208,
        1.1599509089229212,
        0.8955910525085282,
        0.9223309842157773,
        0.9877724659274748,
        1.0316182002616623,
        1.0491398593345143,
        0.0,
        0.9982623792259117,
        1.016359243137539,
        1.0316182002616623,
        1.024017143953709,
        0.9546305277144894,
        0.9195031871130797,
        1.2936812246883354,
        0.8867465502861821,
        0.9565200236040831,
        0.9982623792259117,
        0.9004242827072629,
        0.9727181274940627,
        1.0466547239233726,
        1.1531960419248373,
        1.0215728613814636,
        0.962851667357612,
        0.9771699499632145,
        1.076097630845413,
        1.0466547239233726,
        1.076903998610007,
        1.1188101318414627,
        0.961046882889233,
        1.0817295821455974,
        1.0479477298245579,
        0.8364524958285305,
        1.1546403961599665,
        1.0466547239233726,
        1.016359243137539,
        1.076097630845413
    ],
    [
        1.4051653980647145,
        1.2211959074794037,
        1.118033988749895,
        1.3806701271484076,
        1.0606601717798212,
        1.224744871391589,
        1.4523687548277813,
        1.2169234888758527,
        1.0307764064044151,
        1.1989578808281798,
        1.1792476415070754,
        1.1319231422671772,
        1.2054563451241194,
        1.044030650891055,
        1.2747548783981961,
        1.1524430571616109,
        1.0897247358851685,
        1.125,
        1.14564392373896,
        1.0307764064044151,
        0.9982623792259117,
        0.0,
        1.118033988749895,
        1.1388041973930374,
        1.192424001771182,
        1.0612492638395563,
        1.165922381636102,
        1.2930100540985752,
        1.0204165815979276,
        1.1288514320120056,
        1.0366546087187274,
        1.1388041973930374,
        1.0197698542100349,
        0.9372684899334993,
        1.4086784586980805,
        0.9893179468704689,
        1.1726039399558574,
        1.192424001771182,
        1.076903998610007,
        1.2374368670764582,
        1.1319231422671772,
        1.1726039399558574,
        1.14564392373896,
        1.2119199643540823,
        1.0127314550264548,
        1.126542152882981,
        1.1900630235411904,
        1.1858541225631423,
        1.118033988749895,
        1.3050383136138188
    ],
    [
        1.2348572585443192,
        1.044163673845139,
        1.0458250331675945,
        1.0,
        0.9519716382329886,
        1.015504800579495,
        1.0532687216470449,
        1.0086432030758503,
        1.2054563451241194,
        1.0752906583803283,
        0.8569568250501305,
        1.015504800579495,
        1.0307764064044151,
        0.9807522622966516,
        1.159202311936963,
        0.9013878188659973,
        1.0897247358851685,
        0.9682458365518543,
        1.015504800579495,
        1.103970108290981,
        1.016359243137539,
        1.118033988749895,
        0.0,
        1.0,
        0.9185586535436918,
        1.2134661099511597,
        1.0077822185373186,
        1.2183492931011204,
        1.084262422110072,
        1.006058038970803,
        1.0391636594449938,
        0.9100137361600648,
        0.9904053603337261,
        1.1118053386771944,
        1.0,
        1.16619037896906,
        0.9354143466934853,
        1.0077822185373186,
        1.1531960419248373,
        1.0,
        0.9185586535436918,
        1.1110243021644486,
        0.9100137361600648,
        1.0680004681646913,
        1.2070107704573312,
        0.9851325347947408,
        1.318379687343521,
        1.125,
        0.960143218483576,
        1.0231690964840563
    ],
    [
        1.394916060674093,
        1.1909671606630376,
        1.1726039399558574,
        1.14564392373896,
        0.9437293044088437,
        1.103970108290981,
        1.1319231422671772,
        1.1531960419248373,
        1.192424001771182,
        1.0077822185373186,
        1.118033988749895,
        0.9762812094883317,
        1.0680004681646913,
        1.0574142991278301,
        1.224744871391589,
        1.0,
        1.0680004681646913,
        1.0968705484240153,
        1.0752906583803283,
        1.0606601717798212,
        1.0316182002616623,
        1.1388041973930374,
        1.0,
        0.0,
        1.1989578808281798,
        1.1540688887583792,
        0.9921567416492215,
        1.165922381636102,
        1.0550473923004597,
        1.0214708893442719,
        1.1118053386771944,
        0.9921567416492215,
        0.9833686434338289,
        1.1118053386771944,
        1.1388041973930374,
        1.2057155551787493,
        0.9519716382329886,
        1.0077822185373186,
        1.1733439866940603,
        1.1388041973930374,
        1.0606601717798212,
        1.2374368670764582,
        0.9682458365518543,
        1.1319231422671772,
        1.0550473923004597,
        1.0833333333333333,
        1.282331860323216,
        1.2624381172952597,
        0.9762812094883317,
        1.0968705484240153
    ],
    [
        1.374652089565552,
        1.0663736576724772,
        0.9921567416492215,
        1.2183492931011204,
        1.015504800579495,
        1.14564392373896,
        1.0825317547305484,
        1.1242281302693367,
        1.2562344526401112,
        1.1989578808281798,
        0.9185586535436918,
        1.1319231422671772,
        1.165922381636102,
        1.0720890821195783,
        1.1792476415070754,
        1.0307764064044151,
        1.1110243021644486,
        1.103970108290981,
        1.0231690964840563,
        0.9762812094883317,
        1.024017143953709,
        1.192424001771182,
        0.9185586535436918,
        1.1989578808281798,
        0.0,
        1.2514991010783827,
        1.0307764064044151,
        1.2562344526401112,
        1.040132203135736,
        1.130388330520878,
        1.206176235510844,
        0.9013878188659973,
        1.0137937550497031,
        1.0817295821455974,
        1.25,
        1.12527774349269,
        1.015504800579495,
        1.125,
        1.1448859720028406,
        1.0680004681646913,
        0.9437293044088437,
        0.9762812094883317,
        1.0383279828647594,
        1.103970108290981,
        1.1784523749392675,
        1.104756131963571,
        1.1784523749392675,
        1.0752906583803283,
        1.0,
        1.1388041973930374
    ],
    [
        1.4374012832120304,
        1.195593762297397,
        1.1953033087881921,
        1.1472793905583767,
        1.0295630140987,
        1.1197097838279346,
        1.2884098726725126,
        1.1407538930218228,
        1.0204165815979276,
        1.1335784048754634,
        1.1874342087037917,
        1.0476163419878481,
        1.1056672193747992,
        1.0583005244258363,
        1.3534677683639165,
        1.084262422110072,
        1.0638961415476607,
        1.1031205736455103,
        1.0173494974687902,
        1.0638961415476607,
        0.9546305277144894,
        1.0612492638395563,
        1.2134661099511597,
        1.1540688887583792,
        1.2514991010783827,
        0.0,
        1.084262422110072,
        1.1808365678619543,
        0.9762812094883317,
        1.0494376801146623,
        1.0553764467925388,
        1.084262422110072,
        1.019224923382687,
        1.1200198410940962,
        1.276224901810022,
        1.05,
        1.062426468043789,
        1.1197097838279346,
        1.1811305789134596,
        1.1742018565817378,
        1.1472793905583767,
        1.2544919290294378,
        1.1335784048754634,
        1.2070107704573312,
        1.1554220008291343,
        1.0479477298245579,
        1.159202311936963,
        1.0755812382149477,
        0.9940447676035522,
        1.2134661099511597
    ],
    [
        1.2424516990570682,
        0.9745012969605417,
        1.0606601717798212,
        0.9100137361600648,
        0.8660254037844386,
        0.9682458365518543,
        1.0825317547305484,
        0.9771699499632145,
        1.0897247358851685,
        1.0077822185373186,
        0.8569568250501305,
        0.8838834764831844,
        0.960143218483576,
        0.8631338250816035,
        1.192424001771182,
        0.9013878188659973,
        0.9519716382329886,
        1.1110243021644486,
        0.9185586535436918,
        0.9921567416492215,
        0.9195031871130797,
        1.165922381636102,
        1.0077822185373186,
        0.9921567416492215,
        1.0307764064044151,
        1.084262422110072,
        0.0,
        1.224744871391589,
        1.001873245475694,
        0.9664511253952668,
        1.1931517552730295,
        0.8385254915624212,
        0.9745012969605417,
        1.1799835215421914,
        1.015504800579495,
        1.16619037896906,
        0.8385254915624212,
        0.9270248108869579,
        1.0466547239233726,
        0.960143218483576,
        0.9519716382329886,
        0.9921567416492215,
        0.9185586535436918,
        1.1319231422671772,
        1.1742018565817378,
        0.9446486707295528,
        1.2198872898755853,
        1.103970108290981,
        0.9100137361600648,
        0.9354143466934853
    ],
    [
        1.7600839207728887,
        1.3850641782162219,
        1.4415703243338496,
        1.571225636247067,
        1.243734296383275,
        1.286953767623375,
        1.4197270864500684,
        1.5109553637057287,
        1.2183492931011204,
        1.192424001771182,
        1.4197270864500684,
        1.1524430571616109,
        1.2624381172952597,
        1.355544171172596,
        1.3228756555322954,
        1.2808688457449497,
        1.231107225224513,
        1.2747548783981961,
        1.1726039399558574,
        1.1319231422671772,
        1.2936812246883354,
        1.2930100540985752,
        1.2183492931011204,
        1.165922381636102,
        1.2562344526401112,
        1.1808365678619543,
        1.224744871391589,
        0.0,
        1.282331860323216,
        1.2610621625351297,
        1.1599509089229212,
        1.1858541225631423,
        1.0881304047667162,
        1.1865859054915118,
        1.620185174601965,
        1.2502499750049987,
        1.165922381636102,
        1.14564392373896,
        1.3057033013326997,
        1.224744871391589,
        1.1989578808281798,
        1.2808688457449497,
        1.1388041973930374,
        1.243734296383275,
        1.2262748468430722,
        1.369940185231133,
        1.3004806803639952,
        1.3228756555322954,
        1.165922381636102,
        1.5103807466993215
    ],
    [
        1.112366708364445,
        1.1890413972795246,
        0.8789197915623472,
        1.001873245475694,
        0.8554969316134337,
        1.1404494727957044,
        1.1127106542133944,
        0.9294188745901626,
        0.9971835337589565,
        1.0697546447667334,
        1.0250000000000001,
        0.9940447676035522,
        1.084262422110072,
        0.9124143795447329,
        1.3418736900319643,
        0.9374166629626337,
        1.1,
        1.003431612019474,
        0.9457140159688869,
        0.9307255234493143,
        0.8867465502861821,
        1.0204165815979276,
        1.084262422110072,
        1.0550473923004597,
        1.040132203135736,
        0.9762812094883317,
        1.001873245475694,
        1.282331860323216,
        0.0,
        0.9310985148975615,
        1.0099848733740742,
        0.8771402396424417,
        0.9801502152448085,
        1.017690741062551,
        1.0985786271359916,
        1.0574142991278301,
        1.0096410253154338,
        1.0914439976471537,
        1.1744975284965244,
        1.126665433924375,
        1.0096410253154338,
        1.1905880899790657,
        0.9620940702446928,
        1.16081867662439,
        1.0606601717798212,
        0.90384979086375,
        0.9921567416492215,
        1.1390785749894519,
        1.040132203135736,
        0.9374166629626337
    ],
    [
        1.2430646606540194,
        1.1319231422671772,
        1.0189182717197902,
        1.1094605796411956,
        1.0466547239233726,
        1.1711224435462664,
        1.0137937550497031,
        1.0984521938720058,
        1.1188101318414627,
        1.0952866190079096,
        1.0841343192714739,
