[
    [
        0.0,
        1.118033988749895,
        1.9039432764659772,
        0.9519716382329886,
        1.2747548783981961,
        1.1110243021644486,
        1.625,
        0.739509972887452,
        1.505199322349037,
        1.286953767623375,
        0.9354143466934853,
        1.2686114456365274,
        1.2183492931011204,
        0.9519716382329886,
        1.2119199643540823,
        1.0532687216470449,
        1.2374368670764582,
        1.0897247358851685,
        1.3863170633011772,
        1.6153559979150107,
        1.2183492931011204,
        1.758905909933786,
        1.3635890143294642,
        1.3863170633011772,
        1.6441183047457382,
        1.5155444566227676,
        1.118033988749895,
        1.7721808598447282,
        1.541103500742244,
        1.5103807466993215,
        2.069118169655856,
        1.4197270864500684,
        1.4684175155588413,
        2.0155644370746373,
        0.7806247497997998,
        1.704772712123232,
        1.2686114456365274,
        1.231107225224513,
        1.479019945774904,
        1.0752906583803283,
        1.5155444566227676,
        1.6723860200324565,
        1.3635890143294642,
        1.6677080080157918,
        1.595893166850463,
        1.0606601717798212,
        1.7633419974582356,
        1.3919410907075054,
        1.375,
        0.8838834764831844
    ],
    [
        1.118033988749895,
        0.0,
        1.541103500742244,
        1.0606601717798212,
        1.1726039399558574,
        1.2374368670764582,
        1.653594569415369,
        1.0897247358851685,
        1.2808688457449497,
        1.165922381636102,
        1.1319231422671772,
        1.1388041973930374,
        1.299038105676658,
        1.1110243021644486,
        1.2119199643540823,
        1.1524430571616109,
        1.3228756555322954,
        1.286953767623375,
        1.4252192813739224,
        1.3169567191065923,
        1.3110110602126894,
        1.5761900266148114,
        1.352081728298996,
        1.4469796128487782,
        1.5,
        1.4842927608797396,
        1.1858541225631423,
        1.6153559979150107,
        1.4947825928876748,
        1.4947825928876748,
        1.8666480653835098,
        1.165922381636102,
        1.4361406616345072,
        1.625,
        1.224744871391589,
        1.5103807466993215,
        1.2374368670764582,
        1.2747548783981961,
        1.2808688457449497,
        1.165922381636102,
        1.5155444566227676,
        1.4086784586980805,
        1.3975424859373686,
        1.3975424859373686,
        1.5562374497485916,
        1.0606601717798212,
        1.590990257669732,
        1.4361406616345072,
        1.2808688457449497,
        1.14564392373896
    ],
    [
        1.9039432764659772,
        1.541103500742244,
        0.0,
        1.928406077567689,
        1.3863170633011772,
        1.5258194519667128,
        1.6863421954040052,
        1.8666480653835098,
        1.375,
        1.5512092057488571,
        1.704772712123232,
        1.3975424859373686,
        1.505199322349037,
        1.6441183047457382,
        1.4630874888399532,
        1.6105123408406408,
        1.4252192813739224,
        1.648863244784115,
        1.403121520040228,
        1.2808688457449497,
        1.3919410907075054,
        1.4252192813739224,
        1.5761900266148114,
        1.5,
        1.4842927608797396,
        1.4737282653189494,
        1.5103807466993215,
        1.489546910976623,
        1.4415703243338496,
        1.541103500742244,
        1.5662455107677085,
        1.352081728298996,
        1.352081728298996,
        1.5309310892394863,
        2.0077973005261263,
        1.357847561400027,
        1.3693063937629153,
        1.505199322349037,
        1.4415703243338496,
        1.5461646096066226,
        1.4577379737113252,
        1.3635890143294642,
        1.4523687548277813,
        1.340475661845451,
        1.5206906325745548,
        1.595893166850463,
        1.541103500742244,
        1.5461646096066226,
        1.4306903927824497,
        1.79843682124227
    ],
    [
        0.9519716382329886,
        1.0606601717798212,
        1.928406077567689,
        0.0,
        1.2183492931011204,
        1.2686114456365274,
        1.8582585934148133,
        0.8838834764831844,
        1.4252192813739224,
        1.1989578808281798,
        1.0752906583803283,
        1.2374368670764582,
        1.357847561400027,
        1.0752906583803283,
        1.352081728298996,
        1.1524430571616109,
        1.5,
        1.25,
        1.5761900266148114,
        1.6863421954040052,
        1.4630874888399532,
        1.758905909933786,
        1.5309310892394863,
        1.5461646096066226,
        1.7897276329095442,
        1.6441183047457382,
        1.2624381172952597,
        1.9525624189766635,
        1.6298006013006623,
        1.6441183047457382,
        2.2980970388562794,
        1.2930100540985752,
        1.6056540723331412,
        2.03100960115899,
        0.8100925873009825,
        1.6770509831248424,
        1.4630874888399532,
        1.4142135623730951,
        1.5,
        1.25,
        1.7275343701356567,
        1.653594569415369,
        1.5,
        1.590990257669732,
        1.776583800443987,
        0.8569568250501305,
        1.9364916731037085,
        1.5309310892394863,
        1.4684175155588413,
        0.8838834764831844
    ],
    [
        1.2747548783981961,
        1.1726039399558574,
        1.3863170633011772,
        1.2183492931011204,
        0.0,
        1.2374368670764582,
        1.6630168369562588,
        1.2686114456365274,
        1.224744871391589,
        1.1388041973930374,
        1.2808688457449497,
        1.1388041973930374,
        1.2808688457449497,
        1.1792476415070754,
        1.2808688457449497,
        1.2054563451241194,
        1.3228756555322954,
        1.3806701271484076,
        1.286953767623375,
        1.3050383136138188,
        1.2930100540985752,
        1.352081728298996,
        1.403121520040228,
        1.334634781503914,
        1.5360257159305635,
        1.4197270864500684,
        1.2686114456365274,
        1.6153559979150107,
        1.3806701271484076,
        1.5155444566227676,
        1.7633419974582356,
        1.159202311936963,
        1.3806701271484076,
        1.6393596310755,
        1.3919410907075054,
        1.4142135623730951,
        1.3169567191065923,
        1.3287682265918312,
        1.286953767623375,
        1.2624381172952597,
        1.4306903927824497,
        1.340475661845451,
        1.3169567191065923,
        1.3169567191065923,
        1.4737282653189494,
        1.1726039399558574,
        1.4842927608797396,
        1.375,
        1.357847561400027,
        1.231107225224513
    ],
    [
        1.1110243021644486,
        1.2374368670764582,
        1.5258194519667128,
        1.2686114456365274,
        1.2374368670764582,
        0.0,
        1.58607219255619,
        1.103970108290981,
        1.3287682265918312,
        1.3169567191065923,
        1.118033988749895,
        1.192424001771182,
        1.1858541225631423,
        1.0897247358851685,
        1.118033988749895,
        1.0606601717798212,
        1.103970108290981,
        1.1989578808281798,
        1.2747548783981961,
        1.4252192813739224,
        1.1989578808281798,
        1.479019945774904,
        1.1989578808281798,
        1.299038105676658,
        1.3693063937629153,
        1.334634781503914,
        1.118033988749895,
        1.479019945774904,
        1.2624381172952597,
        1.357847561400027,
        1.8540496217739157,
        1.231107225224513,
        1.25,
        1.7853571071357126,
        1.192424001771182,
        1.4630874888399532,
        1.1858541225631423,
        1.1792476415070754,
        1.4197270864500684,
        1.1524430571616109,
        1.357847561400027,
        1.4469796128487782,
        1.286953767623375,
        1.4142135623730951,
        1.3919410907075054,
        1.165922381636102,
        1.620185174601965,
        1.3050383136138188,
        1.192424001771182,
        1.0606601717798212
    ],
    [
        1.625,
        1.653594569415369,
        1.6863421954040052,
        1.8582585934148133,
        1.6630168369562588,
        1.58607219255619,
        0.0,
        1.709349291397168,
        1.71846588560844,
        1.620185174601965,
        1.4469796128487782,
        1.6298006013006623,
        1.4415703243338496,
        1.5309310892394863,
        1.5461646096066226,
        1.5206906325745548,
        1.4306903927824497,
        1.4306903927824497,
        1.4737282653189494,
        1.6677080080157918,
        1.479019945774904,
        1.704772712123232,
        1.4361406616345072,
        1.5258194519667128,
        1.4361406616345072,
        1.5811388300841898,
        1.4947825928876748,
        1.5612494995995996,
        1.571225636247067,
        1.5,
        1.9243505397925815,
        1.6105123408406408,
        1.5360257159305635,
        1.9445436482630056,
        1.8157298807917437,
        1.6298006013006623,
        1.403121520040228,
        1.5461646096066226,
        1.5662455107677085,
        1.4842927608797396,
        1.4842927608797396,
        1.648863244784115,
        1.571225636247067,
        1.6863421954040052,
        1.505199322349037,
        1.6298006013006623,
        1.6723860200324565,
        1.5258194519667128,
        1.5562374497485916,
        1.625
    ],
    [
        0.739509972887452,
        1.0897247358851685,
        1.8666480653835098,
        0.8838834764831844,
        1.2686114456365274,
        1.103970108290981,
        1.709349291397168,
        0.0,
        1.5206906325745548,
        1.2054563451241194,
        0.8385254915624212,
        1.2808688457449497,
        1.2054563451241194,
        0.9437293044088437,
        1.1524430571616109,
        0.9354143466934853,
        1.2562344526401112,
        1.103970108290981,
        1.3806701271484076,
        1.6345871038277526,
        1.25,
        1.7721808598447282,
        1.340475661845451,
        1.4086784586980805,
        1.571225636247067,
        1.5258194519667128,
        1.1388041973930374,
        1.7897276329095442,
        1.5461646096066226,
        1.5258194519667128,
        2.2638462845343543,
        1.3169567191065923,
        1.4684175155588413,
        2.065338955232288,
        0.7071067811865476,
        1.6770509831248424,
        1.243734296383275,
        1.2747548783981961,
        1.5206906325745548,
        1.0825317547305484,
        1.5155444566227676,
        1.6583123951777,
        1.403121520040228,
        1.6105123408406408,
        1.625,
        0.9921567416492215,
        1.8666480653835098,
        1.3693063937629153,
        1.3228756555322954,
        0.8477912478906585
    ],
    [
        1.505199322349037,
        1.2808688457449497,
        1.375,
        1.4252192813739224,
        1.224744871391589,
        1.3287682265918312,
        1.71846588560844,
        1.5206906325745548,
        0.0,
        1.243734296383275,
        1.4415703243338496,
        1.165922381636102,
        1.3287682265918312,
        1.357847561400027,
        1.334634781503914,
        1.3228756555322954,
        1.3050383136138188,
        1.5103807466993215,
        1.4142135623730951,
        1.2624381172952597,
        1.3228756555322954,
        1.2686114456365274,
        1.5103807466993215,
        1.3919410907075054,
        1.4842927608797396,
        1.3169567191065923,
        1.3693063937629153,
        1.4842927608797396,
        1.3050383136138188,
        1.489546910976623,
        1.590990257669732,
        1.243734296383275,
        1.375,
        1.479019945774904,
        1.5662455107677085,
        1.340475661845451,
        1.3806701271484076,
        1.3169567191065923,
        1.334634781503914,
        1.2930100540985752,
        1.4842927608797396,
        1.3110110602126894,
        1.346291201783626,
        1.334634781503914,
        1.4086784586980805,
        1.2747548783981961,
        1.3975424859373686,
        1.3806701271484076,
        1.334634781503914,
        1.4306903927824497
    ],
    [
        1.286953767623375,
        1.165922381636102,
        1.5512092057488571,
        1.1989578808281798,
        1.1388041973930374,
        1.3169567191065923,
        1.620185174601965,
        1.2054563451241194,
        1.243734296383275,
        0.0,
        1.25,
        1.1319231422671772,
        1.2054563451241194,
        1.231107225224513,
        1.340475661845451,
        1.224744871391589,
        1.352081728298996,
        1.2374368670764582,
        1.346291201783626,
        1.3228756555322954,
        1.286953767623375,
        1.4142135623730951,
        1.3806701271484076,
        1.3169567191065923,
        1.5360257159305635,
        1.4415703243338496,
        1.2747548783981961,
        1.571225636247067,
        1.4306903927824497,
        1.4842927608797396,
        1.6909686573085854,
        1.159202311936963,
        1.3975424859373686,
        1.4842927608797396,
        1.3050383136138188,
        1.4086784586980805,
        1.334634781503914,
        1.2930100540985752,
        1.3287682265918312,
        1.231107225224513,
        1.505199322349037,
        1.4361406616345072,
        1.334634781503914,
        1.3169567191065923,
        1.4197270864500684,
        1.125,
        1.5562374497485916,
        1.403121520040228,
        1.352081728298996,
        1.2374368670764582
    ],
    [
        0.9354143466934853,
        1.1319231422671772,
        1.704772712123232,
        1.0752906583803283,
        1.2808688457449497,
        1.118033988749895,
        1.4469796128487782,
        0.8385254915624212,
        1.4415703243338496,
        1.25,
        0.0,
        1.2624381172952597,
        1.165922381636102,
        0.9842509842514764,
        1.0968705484240153,
        0.960143218483576,
        1.2119199643540823,
        1.0077822185373186,
        1.340475661845451,
        1.5512092057488571,
        1.224744871391589,
        1.6007810593582121,
        1.2054563451241194,
        1.3919410907075054,
        1.3806701271484076,
        1.479019945774904,
        1.0680004681646913,
        1.625,
        1.3975424859373686,
        1.403121520040228,
        2.003902442735175,
        1.2374368670764582,
        1.403121520040228,
        1.8791620472966135,
        0.8838834764831844,
        1.6153559979150107,
        1.125,
        1.2183492931011204,
        1.4306903927824497,
        1.103970108290981,
        1.3863170633011772,
        1.5155444566227676,
        1.3635890143294642,
        1.5206906325745548,
        1.5309310892394863,
        1.0458250331675945,
        1.6723860200324565,
        1.3050383136138188,
        1.1858541225631423,
        0.9354143466934853
    ],
    [
        1.2686114456365274,
        1.1388041973930374,
        1.3975424859373686,
        1.2374368670764582,
        1.1388041973930374,
        1.192424001771182,
        1.6298006013006623,
        1.2808688457449497,
        1.165922381636102,
        1.1319231422671772,
        1.2624381172952597,
        0.0,
        1.2183492931011204,
        1.159202311936963,
        1.299038105676658,
        1.1726039399558574,
        1.2624381172952597,
        1.3050383136138188,
        1.357847561400027,
        1.286953767623375,
        1.231107225224513,
        1.403121520040228,
        1.3863170633011772,
        1.3287682265918312,
        1.5,
        1.334634781503914,
        1.192424001771182,
        1.5461646096066226,
        1.352081728298996,
        1.4197270864500684,
        1.7320508075688772,
        1.14564392373896,
        1.357847561400027,
        1.5512092057488571,
        1.3863170633011772,
        1.375,
        1.25,
        1.2562344526401112,
        1.286953767623375,
        1.243734296383275,
        1.4142135623730951,
        1.3693063937629153,
        1.3050383136138188,
        1.3169567191065923,
        1.4469796128487782,
        1.0968705484240153,
        1.4684175155588413,
        1.346291201783626,
        1.2119199643540823,
        1.286953767623375
    ],
    [
        1.2183492931011204,
        1.299038105676658,
        1.505199322349037,
        1.357847561400027,
        1.2808688457449497,
        1.1858541225631423,
        1.4415703243338496,
        1.2054563451241194,
        1.3287682265918312,
        1.2054563451241194,
        1.165922381636102,
        1.2183492931011204,
        0.0,
        1.14564392373896,
        1.2054563451241194,
        1.0968705484240153,
        1.231107225224513,
        1.14564392373896,
        1.243734296383275,
        1.4523687548277813,
        1.1388041973930374,
        1.4947825928876748,
        1.2808688457449497,
        1.243734296383275,
        1.4361406616345072,
        1.357847561400027,
        1.14564392373896,
        1.4842927608797396,
        1.3050383136138188,
        1.3635890143294642,
        1.8027756377319946,
        1.340475661845451,
        1.340475661845451,
        1.8114220932736798,
        1.2686114456365274,
        1.505199322349037,
        1.231107225224513,
        1.243734296383275,
        1.3806701271484076,
        1.118033988749895,
        1.4361406616345072,
        1.4523687548277813,
        1.2374368670764582,
        1.375,
        1.3919410907075054,
        1.2374368670764582,
        1.6630168369562588,
        1.3050383136138188,
        1.2747548783981961,
        1.159202311936963
    ],
    [
        0.9519716382329886,
        1.1110243021644486,
        1.6441183047457382,
        1.0752906583803283,
        1.1792476415070754,
        1.0897247358851685,
        1.5309310892394863,
        0.9437293044088437,
        1.357847561400027,
        1.231107225224513,
        0.9842509842514764,
        1.159202311936963,
        1.14564392373896,
        0.0,
        1.0825317547305484,
        0.960143218483576,
        1.1726039399558574,
        1.125,
        1.25,
        1.403121520040228,
        1.159202311936963,
        1.595893166850463,
        1.2624381172952597,
        1.286953767623375,
        1.4684175155588413,
        1.340475661845451,
        1.0077822185373186,
        1.6007810593582121,
        1.375,
        1.3228756555322954,
        2.057759704144291,
        1.2747548783981961,
        1.2747548783981961,
        1.9525624189766635,
        0.9682458365518543,
        1.5811388300841898,
        1.125,
        1.1989578808281798,
        1.3863170633011772,
        1.0606601717798212,
        1.375,
        1.5662455107677085,
        1.2747548783981961,
        1.5258194519667128,
        1.4469796128487782,
        1.0825317547305484,
        1.6007810593582121,
        1.243734296383275,
        1.2183492931011204,
        0.9682458365518543
    ],
    [
        1.2119199643540823,
        1.2119199643540823,
        1.4630874888399532,
        1.352081728298996,
        1.2808688457449497,
        1.118033988749895,
        1.5461646096066226,
        1.1524430571616109,
        1.334634781503914,
        1.340475661845451,
        1.0968705484240153,
        1.299038105676658,
        1.2054563451241194,
        1.0825317547305484,
        0.0,
        1.0897247358851685,
        1.224744871391589,
        1.2930100540985752,
        1.2374368670764582,
        1.4197270864500684,
        1.1989578808281798,
        1.4842927608797396,
        1.286953767623375,
        1.2183492931011204,
        1.3110110602126894,
        1.4252192813739224,
        1.125,
        1.5,
        1.346291201783626,
        1.3975424859373686,
        1.8666480653835098,
        1.2808688457449497,
        1.2624381172952597,
        1.7633419974582356,
        1.2686114456365274,
        1.4142135623730951,
        1.2374368670764582,
        1.224744871391589,
        1.4306903927824497,
        1.2119199643540823,
        1.3806701271484076,
        1.4142135623730951,
        1.2374368670764582,
        1.375,
        1.3975424859373686,
        1.25,
        1.6153559979150107,
        1.2119199643540823,
        1.2624381172952597,
        1.192424001771182
    ],
    [
        1.0532687216470449,
        1.1524430571616109,
        1.6105123408406408,
        1.1524430571616109,
        1.2054563451241194,
        1.0606601717798212,
        1.5206906325745548,
        0.9354143466934853,
        1.3228756555322954,
        1.224744871391589,
        0.960143218483576,
        1.1726039399558574,
        1.0968705484240153,
        0.960143218483576,
        1.0897247358851685,
        0.0,
        1.1388041973930374,
        1.103970108290981,
        1.2624381172952597,
        1.4415703243338496,
        1.0968705484240153,
        1.5103807466993215,
        1.25,
        1.2624381172952597,
        1.3919410907075054,
        1.375,
        1.0752906583803283,
        1.489546910976623,
        1.2808688457449497,
        1.357847561400027,
        1.8833148966649205,
        1.2686114456365274,
        1.2624381172952597,
        1.8285923547909742,
        1.0383279828647594,
        1.4630874888399532,
        1.159202311936963,
        1.1524430571616109,
        1.4306903927824497,
        1.0897247358851685,
        1.352081728298996,
        1.489546910976623,
        1.2624381172952597,
        1.4197270864500684,
        1.4197270864500684,
        1.0968705484240153,
        1.6630168369562588,
        1.286953767623375,
        1.2183492931011204,
        0.9921567416492215
    ],
    [
        1.2374368670764582,
        1.3228756555322954,
        1.4252192813739224,
        1.5,
        1.3228756555322954,
        1.103970108290981,
        1.4306903927824497,
        1.2562344526401112,
        1.3050383136138188,
        1.352081728298996,
        1.2119199643540823,
        1.2624381172952597,
        1.231107225224513,
        1.1726039399558574,
        1.224744871391589,
        1.1388041973930374,
        0.0,
        1.286953767623375,
        1.2374368670764582,
        1.4086784586980805,
        1.1858541225631423,
        1.4630874888399532,
        1.3169567191065923,
        1.2930100540985752,
        1.3635890143294642,
        1.3050383136138188,
        1.159202311936963,
        1.4306903927824497,
        1.2930100540985752,
        1.4252192813739224,
        1.7721808598447282,
        1.25,
        1.25,
        1.7230060940112777,
        1.4684175155588413,
        1.4197270864500684,
        1.1858541225631423,
        1.2624381172952597,
        1.352081728298996,
        1.1989578808281798,
        1.375,
        1.4577379737113252,
        1.334634781503914,
        1.3635890143294642,
        1.375,
        1.357847561400027,
        1.5258194519667128,
        1.243734296383275,
        1.192424001771182,
        1.2747548783981961
    ],
    [
        1.0897247358851685,
        1.286953767623375,
        1.648863244784115,
        1.25,
        1.3806701271484076,
        1.1989578808281798,
        1.4306903927824497,
        1.103970108290981,
        1.5103807466993215,
        1.2374368670764582,
        1.0077822185373186,
        1.3050383136138188,
        1.14564392373896,
        1.125,
        1.2930100540985752,
        1.103970108290981,
        1.286953767623375,
        0.0,
        1.286953767623375,
        1.4842927608797396,
        1.1858541225631423,
        1.6105123408406408,
        1.299038105676658,
        1.3110110602126894,
        1.3635890143294642,
        1.4737282653189494,
        1.1726039399558574,
        1.571225636247067,
        1.3919410907075054,
        1.3287682265918312,
        1.845602882529175,
        1.3169567191065923,
        1.3693063937629153,
        1.8915932438026946,
        1.0968705484240153,
        1.6393596310755,
        1.14564392373896,
        1.1792476415070754,
        1.375,
        1.125,
        1.4197270864500684,
        1.5662455107677085,
        1.2930100540985752,
        1.489546910976623,
        1.4469796128487782,
        1.1989578808281798,
        1.713913650100261,
        1.352081728298996,
        1.340475661845451,
        1.0458250331675945
    ],
    [
        1.3863170633011772,
        1.4252192813739224,
        1.403121520040228,
        1.5761900266148114,
        1.286953767623375,
        1.2747548783981961,
        1.4737282653189494,
        1.3806701271484076,
        1.4142135623730951,
        1.346291201783626,
        1.340475661845451,
        1.357847561400027,
        1.243734296383275,
        1.25,
        1.2374368670764582,
        1.2624381172952597,
        1.2374368670764582,
        1.286953767623375,
        0.0,
        1.3806701271484076,
        1.25,
        1.5103807466993215,
        1.3693063937629153,
        1.3050383136138188,
        1.352081728298996,
        1.2747548783981961,
        1.159202311936963,
        1.4252192813739224,
        1.2624381172952597,
        1.2747548783981961,
        1.709349291397168,
        1.352081728298996,
        1.299038105676658,
        1.776583800443987,
        1.5612494995995996,
        1.4361406616345072,
        1.243734296383275,
        1.2808688457449497,
        1.3919410907075054,
        1.2183492931011204,
        1.3228756555322954,
        1.479019945774904,
        1.299038105676658,
        1.4842927608797396,
        1.375,
        1.4142135623730951,
        1.5309310892394863,
        1.243734296383275,
        1.2808688457449497,
        1.3863170633011772
    ],
    [
        1.6153559979150107,
        1.3169567191065923,
        1.2808688457449497,
        1.6863421954040052,
        1.3050383136138188,
        1.4252192813739224,
        1.6677080080157918,
        1.6345871038277526,
        1.2624381172952597,
        1.3228756555322954,
        1.5512092057488571,
        1.286953767623375,
        1.4523687548277813,
        1.403121520040228,
        1.4197270864500684,
        1.4415703243338496,
        1.4086784586980805,
        1.4842927608797396,
        1.3806701271484076,
        0.0,
        1.4252192813739224,
        1.357847561400027,
        1.4630874888399532,
        1.3806701271484076,
        1.4086784586980805,
        1.4415703243338496,
        1.3806701271484076,
        1.4630874888399532,
        1.352081728298996,
        1.4142135623730951,
        1.4737282653189494,
        1.2374368670764582,
        1.346291201783626,
        1.4842927608797396,
        1.75,
        1.3169567191065923,
        1.340475661845451,
        1.3693063937629153,
        1.243734296383275,
        1.3975424859373686,
        1.4577379737113252,
        1.352081728298996,
        1.375,
        1.3169567191065923,
        1.375,
        1.4252192813739224,
        1.3863170633011772,
        1.4577379737113252,
        1.286953767623375,
        1.5461646096066226
    ],
    [
        1.2183492931011204,
        1.3110110602126894,
        1.3919410907075054,
        1.4630874888399532,
        1.2930100540985752,
        1.1989578808281798,
        1.479019945774904,
        1.25,
        1.3228756555322954,
        1.286953767623375,
        1.224744871391589,
        1.231107225224513,
        1.1388041973930374,
        1.159202311936963,
        1.1989578808281798,
        1.0968705484240153,
        1.1858541225631423,
        1.1858541225631423,
        1.25,
        1.4252192813739224,
        0.0,
        1.4415703243338496,
        1.2930100540985752,
        1.192424001771182,
        1.3975424859373686,
        1.2562344526401112,
        1.159202311936963,
        1.505199322349037,
        1.3169567191065923,
        1.2930100540985752,
        1.7853571071357126,
        1.3169567191065923,
        1.2747548783981961,
        1.7721808598447282,
        1.4197270864500684,
        1.4577379737113252,
        1.192424001771182,
        1.1989578808281798,
        1.340475661845451,
        1.125,
        1.25,
        1.4361406616345072,
        1.14564392373896,
        1.3806701271484076,
        1.340475661845451,
        1.334634781503914,
        1.5562374497485916,
        1.286953767623375,
        1.2930100540985752,
        1.243734296383275
    ],
    [
        1.758905909933786,
        1.5761900266148114,
        1.4252192813739224,
        1.758905909933786,
        1.352081728298996,
        1.479019945774904,
        1.704772712123232,
        1.7721808598447282,
        1.2686114456365274,
        1.4142135623730951,
        1.6007810593582121,
        1.403121520040228,
        1.4947825928876748,
        1.595893166850463,
        1.4842927608797396,
        1.5103807466993215,
        1.4630874888399532,
        1.6105123408406408,
        1.5103807466993215,
        1.357847561400027,
        1.4415703243338496,
        0.0,
        1.4577379737113252,
        1.5,
        1.5155444566227676,
        1.4142135623730951,
        1.5,
        1.5103807466993215,
        1.357847561400027,
        1.6056540723331412,
        1.489546910976623,
        1.357847561400027,
        1.4197270864500684,
        1.4361406616345072,
        1.8328597873268975,
        1.3050383136138188,
        1.5309310892394863,
        1.4086784586980805,
        1.375,
        1.5155444566227676,
        1.4737282653189494,
        1.299038105676658,
        1.3919410907075054,
        1.352081728298996,
        1.4197270864500684,
        1.5206906325745548,
        1.4947825928876748,
        1.5612494995995996,
        1.5103807466993215,
        1.648863244784115
    ],
    [
        1.3635890143294642,
        1.352081728298996,
        1.5761900266148114,
        1.5309310892394863,
        1.403121520040228,
        1.1989578808281798,
        1.4361406616345072,
        1.340475661845451,
        1.5103807466993215,
        1.3806701271484076,
        1.2054563451241194,
        1.3863170633011772,
        1.2808688457449497,
        1.2624381172952597,
        1.286953767623375,
        1.25,
        1.3169567191065923,
        1.299038105676658,
        1.3693063937629153,
        1.4630874888399532,
        1.2930100540985752,
        1.4577379737113252,
        0.0,
        1.352081728298996,
        1.3693063937629153,
        1.4361406616345072,
        1.2562344526401112,
        1.4469796128487782,
        1.4252192813739224,
        1.3693063937629153,
        1.7809758560968758,
        1.352081728298996,
        1.3169567191065923,
        1.7677669529663689,
        1.4684175155588413,
        1.5,
        1.2374368670764582,
        1.2562344526401112,
        1.4630874888399532,
        1.2686114456365274,
        1.3693063937629153,
        1.3975424859373686,
        1.3287682265918312,
        1.4737282653189494,
        1.4630874888399532,
        1.3975424859373686,
        1.6677080080157918,
        1.3919410907075054,
        1.3169567191065923,
        1.299038105676658
    ],
    [
        1.3863170633011772,
        1.4469796128487782,
        1.5,
        1.5461646096066226,
        1.334634781503914,
        1.299038105676658,
        1.5258194519667128,
        1.4086784586980805,
        1.3919410907075054,
        1.3169567191065923,
        1.3919410907075054,
        1.3287682265918312,
        1.243734296383275,
        1.286953767623375,
        1.2183492931011204,
        1.2624381172952597,
        1.2930100540985752,
        1.3110110602126894,
        1.3050383136138188,
        1.3806701271484076,
        1.192424001771182,
        1.5,
        1.352081728298996,
        0.0,
        1.4142135623730951,
        1.334634781503914,
        1.2119199643540823,
        1.4684175155588413,
        1.340475661845451,
        1.3228756555322954,
        1.7275343701356567,
        1.3693063937629153,
        1.2747548783981961,
        1.7633419974582356,
        1.5309310892394863,
        1.479019945774904,
        1.2054563451241194,
        1.1726039399558574,
        1.4306903927824497,
        1.231107225224513,
        1.352081728298996,
        1.4684175155588413,
        1.243734296383275,
        1.4523687548277813,
        1.3110110602126894,
        1.4086784586980805,
        1.6056540723331412,
        1.3806701271484076,
        1.3287682265918312,
        1.3693063937629153
    ],
    [
        1.6441183047457382,
        1.5,
        1.4842927608797396,
        1.7897276329095442,
        1.5360257159305635,
        1.3693063937629153,
        1.4361406616345072,
        1.571225636247067,
        1.4842927608797396,
        1.5360257159305635,
        1.3806701271484076,
        1.5,
        1.4361406616345072,
        1.4684175155588413,
        1.3110110602126894,
        1.3919410907075054,
        1.3635890143294642,
        1.3635890143294642,
        1.352081728298996,
        1.4086784586980805,
        1.3975424859373686,
        1.5155444566227676,
        1.3693063937629153,
        1.4142135623730951,
        0.0,
        1.5258194519667128,
        1.3693063937629153,
        1.541103500742244,
        1.346291201783626,
        1.4737282653189494,
        1.7721808598447282,
        1.3975424859373686,
        1.3228756555322954,
        1.704772712123232,
        1.7721808598447282,
        1.4252192813739224,
        1.403121520040228,
        1.3806701271484076,
        1.4361406616345072,
        1.3919410907075054,
        1.4142135623730951,
        1.4577379737113252,
        1.403121520040228,
        1.346291201783626,
        1.3806701271484076,
        1.5155444566227676,
        1.5811388300841898,
        1.346291201783626,
        1.3975424859373686,
        1.5662455107677085
    ],
    [
        1.5155444566227676,
        1.4842927608797396,
        1.4737282653189494,
        1.6441183047457382,
        1.4197270864500684,
        1.334634781503914,
        1.5811388300841898,
        1.5258194519667128,
        1.3169567191065923,
        1.4415703243338496,
        1.479019945774904,
        1.334634781503914,
        1.357847561400027,
        1.340475661845451,
        1.4252192813739224,
        1.375,
        1.3050383136138188,
        1.4737282653189494,
        1.2747548783981961,
        1.4415703243338496,
        1.2562344526401112,
        1.4142135623730951,
        1.4361406616345072,
        1.334634781503914,
        1.5258194519667128,
        0.0,
        1.352081728298996,
        1.3806701271484076,
        1.334634781503914,
        1.3975424859373686,
        1.6153559979150107,
        1.4306903927824497,
        1.286953767623375,
        1.758905909933786,
        1.6770509831248424,
        1.489546910976623,
        1.352081728298996,
        1.3228756555322954,
        1.4469796128487782,
        1.334634781503914,
        1.4197270864500684,
        1.4361406616345072,
        1.3169567191065923,
        1.5103807466993215,
        1.3169567191065923,
        1.489546910976623,
        1.58607219255619,
        1.3975424859373686,
        1.3050383136138188,
        1.4577379737113252
    ],
    [
        1.118033988749895,
        1.1858541225631423,
        1.5103807466993215,
        1.2624381172952597,
        1.2686114456365274,
        1.118033988749895,
        1.4947825928876748,
        1.1388041973930374,
        1.3693063937629153,
        1.2747548783981961,
        1.0680004681646913,
        1.192424001771182,
        1.14564392373896,
        1.0077822185373186,
        1.125,
        1.0752906583803283,
        1.159202311936963,
        1.1726039399558574,
        1.159202311936963,
        1.3806701271484076,
        1.159202311936963,
        1.5,
        1.2562344526401112,
        1.2119199643540823,
        1.3693063937629153,
        1.352081728298996,
        0.0,
        1.4523687548277813,
        1.25,
        1.357847561400027,
        1.8027756377319946,
        1.3050383136138188,
        1.243734296383275,
        1.7853571071357126,
        1.2119199643540823,
        1.489546910976623,
        1.118033988749895,
        1.159202311936963,
        1.3693063937629153,
        1.0825317547305484,
        1.3050383136138188,
        1.4577379737113252,
        1.2624381172952597,
        1.4577379737113252,
        1.3806701271484076,
        1.2119199643540823,
        1.4842927608797396,
        1.25,
        1.1792476415070754,
        1.125
    ],
    [
        1.7721808598447282,
        1.6153559979150107,
        1.489546910976623,
        1.9525624189766635,
        1.6153559979150107,
        1.479019945774904,
        1.5612494995995996,
        1.7897276329095442,
        1.4842927608797396,
        1.571225636247067,
        1.625,
        1.5461646096066226,
        1.4842927608797396,
        1.6007810593582121,
        1.5,
        1.489546910976623,
        1.4306903927824497,
        1.571225636247067,
        1.4252192813739224,
        1.4630874888399532,
        1.505199322349037,
        1.5103807466993215,
        1.4469796128487782,
        1.4684175155588413,
        1.541103500742244,
        1.3806701271484076,
        1.4523687548277813,
        0.0,
        1.3863170633011772,
        1.5155444566227676,
        1.5258194519667128,
        1.5155444566227676,
        1.3975424859373686,
        1.7275343701356567,
        1.928406077567689,
        1.5309310892394863,
        1.3635890143294642,
        1.375,
        1.6298006013006623,
        1.479019945774904,
        1.4252192813739224,
        1.5206906325745548,
        1.4197270864500684,
        1.5811388300841898,
        1.4361406616345072,
        1.71846588560844,
        1.5662455107677085,
        1.5360257159305635,
        1.489546910976623,
        1.6770509831248424
    ],
    [
        1.541103500742244,
        1.4947825928876748,
        1.4415703243338496,
        1.6298006013006623,
        1.3806701271484076,
        1.2624381172952597,
        1.571225636247067,
        1.5461646096066226,
        1.3050383136138188,
        1.4306903927824497,
        1.3975424859373686,
        1.352081728298996,
        1.3050383136138188,
        1.375,
        1.346291201783626,
        1.2808688457449497,
        1.2930100540985752,
        1.3919410907075054,
        1.2624381172952597,
        1.352081728298996,
        1.3169567191065923,
        1.357847561400027,
        1.4252192813739224,
        1.340475661845451,
        1.346291201783626,
        1.334634781503914,
        1.25,
        1.3863170633011772,
        0.0,
        1.3635890143294642,
        1.6583123951777,
        1.357847561400027,
        1.2808688457449497,
        1.709349291397168,
        1.625,
        1.3863170633011772,
        1.3287682265918312,
        1.165922381636102,
        1.3863170633011772,
        1.375,
        1.3050383136138188,
        1.4306903927824497,
        1.3110110602126894,
        1.4142135623730951,
        1.3693063937629153,
        1.4842927608797396,
        1.505199322349037,
        1.3806701271484076,
        1.2562344526401112,
        1.403121520040228
    ],
    [
        1.5103807466993215,
        1.4947825928876748,
        1.541103500742244,
        1.6441183047457382,
        1.5155444566227676,
        1.357847561400027,
        1.5,
        1.5258194519667128,
        1.489546910976623,
        1.4842927608797396,
        1.403121520040228,
        1.4197270864500684,
        1.3635890143294642,
        1.3228756555322954,
        1.3975424859373686,
        1.357847561400027,
        1.4252192813739224,
        1.3287682265918312,
        1.2747548783981961,
        1.4142135623730951,
        1.2930100540985752,
        1.6056540723331412,
        1.3693063937629153,
        1.3228756555322954,
        1.4737282653189494,
        1.3975424859373686,
        1.357847561400027,
        1.5155444566227676,
        1.3635890143294642,
        0.0,
        1.713913650100261,
        1.4737282653189494,
        1.3287682265918312,
        1.8624580532189174,
        1.5662455107677085,
        1.5562374497485916,
