[
    [
        0.0,
        0.10597390598633231,
        0.05846339666834283,
        0.12103072956898178,
        0.06051536478449089,
        0.10126157341262282,
        0.08118988160479113,
        0.11158481919598204,
        0.07654655446197431,
        0.08414320011147662,
        0.07654655446197431,
        0.06629126073623882,
        0.07967217989988726,
        0.05633673867912483,
        0.07654655446197431,
        0.08838834764831845,
        0.05182226234930312,
        0.04941058844013093,
        0.09631896879639025,
        0.071602745233685,
        0.07967217989988726,
        0.10245997694221876,
        0.06810779599282303,
        0.10597390598633231,
        0.07654655446197431,
        0.07654655446197431,
        0.14740595518838442,
        0.06810779599282303,
        0.06442352540027595,
        0.06629126073623882,
        0.10245997694221876,
        0.11796616305110547,
        0.10364452469860624,
        0.10597390598633231,
        0.09375,
        0.0625,
        0.16755945773068137,
        0.08118988160479113,
        0.07328774624724109,
        0.09504316453590968,
        0.06810779599282303,
        0.06629126073623882,
        0.0924387466109315,
        0.08118988160479113,
        0.07654655446197431,
        0.109375,
        0.08267972847076846,
        0.0897587913521567,
        0.10597390598633231
    ],
    [
        0.10597390598633231,
        0.0,
        0.07493486755176124,
        0.15625,
        0.07328774624724109,
        0.07654655446197431,
        0.03125,
        0.1307281291459493,
        0.06987712429686843,
        0.015625,
        0.02209708691207961,
        0.04133986423538423,
        0.12203515118604147,
        0.11481983169296148,
        0.027063293868263706,
        0.05846339666834283,
        0.12401959270615269,
        0.11267347735824966,
        0.14574029770451274,
        0.10245997694221876,
        0.10481568644530265,
        0.09504316453590968,
        0.06629126073623882,
        0.078125,
        0.1137517170200081,
        0.02209708691207961,
        0.17328963291264715,
        0.04133986423538423,
        0.05182226234930312,
        0.038273277230987154,
        0.06987712429686843,
        0.1269381000724369,
        0.15309310892394862,
        0.0,
        0.1307281291459493,
        0.14986973510352247,
        0.19515618744994995,
        0.120017902310447,
        0.13710881855300192,
        0.13441133229754104,
        0.06629126073623882,
        0.06051536478449089,
        0.16312978920172735,
        0.09631896879639025,
        0.034938562148434216,
        0.046875,
        0.015625,
        0.08699631816921909,
        0.0
    ],
    [
        0.05846339666834283,
        0.07493486755176124,
        0.0,
        0.10364452469860624,
        0.038273277230987154,
        0.06810779599282303,
        0.046875,
        0.08838834764831845,
        0.05846339666834283,
        0.04941058844013093,
        0.04419417382415922,
        0.034938562148434216,
        0.08267972847076846,
        0.05846339666834283,
        0.04419417382415922,
        0.05412658773652741,
        0.078125,
        0.05412658773652741,
        0.10711960313126631,
        0.04419417382415922,
        0.046875,
        0.07654655446197431,
        0.04419417382415922,
        0.07967217989988726,
        0.0625,
        0.04419417382415922,
        0.140625,
        0.03125,
        0.038273277230987154,
        0.027063293868263706,
        0.071602745233685,
        0.1137517170200081,
        0.08414320011147662,
        0.07493486755176124,
        0.0897587913521567,
        0.08118988160479113,
        0.15467960838455727,
        0.07654655446197431,
        0.06442352540027595,
        0.0924387466109315,
        0.05412658773652741,
        0.034938562148434216,
        0.10004881620988826,
        0.07967217989988726,
        0.03125,
        0.05846339666834283,
        0.046875,
        0.06442352540027595,
        0.07493486755176124
    ],
    [
        0.12103072956898178,
        0.15625,
        0.10364452469860624,
        0.0,
        0.10597390598633231,
        0.06987712429686843,
        0.13710881855300192,
        0.08414320011147662,
        0.08699631816921909,
        0.140625,
        0.14986973510352247,
        0.12103072956898178,
        0.06051536478449089,
        0.11899645477912357,
        0.1316585902058806,
        0.11158481919598204,
        0.11158481919598204,
        0.06987712429686843,
        0.08414320011147662,
        0.06810779599282303,
        0.071602745233685,
        0.10481568644530265,
        0.09504316453590968,
        0.12401959270615269,
        0.08118988160479113,
        0.13441133229754104,
        0.09631896879639025,
        0.10597390598633231,
        0.11692679333668567,
        0.12303137303143455,
        0.10825317547305482,
        0.078125,
        0.071602745233685,
        0.15625,
        0.09757809372497497,
        0.08267972847076846,
        0.11267347735824966,
        0.0897587913521567,
        0.0924387466109315,
        0.06051536478449089,
        0.11158481919598204,
        0.10004881620988826,
        0.09631896879639025,
        0.07493486755176124,
        0.12979099785809492,
        0.10597390598633231,
        0.14740595518838442,
        0.0855816496101822,
        0.15625
    ],
    [
        0.06051536478449089,
        0.07328774624724109,
        0.038273277230987154,
        0.10597390598633231,
        0.0,
        0.06629126073623882,
        0.05182226234930312,
        0.07328774624724109,
        0.05182226234930312,
        0.05182226234930312,
        0.05633673867912483,
        0.046875,
        0.078125,
        0.06051536478449089,
        0.05182226234930312,
        0.04941058844013093,
        0.07654655446197431,
        0.05412658773652741,
        0.09110862335695782,
        0.04419417382415922,
        0.05182226234930312,
        0.07493486755176124,
        0.03125,
        0.071602745233685,
        0.06051536478449089,
        0.05182226234930312,
        0.1288470508005519,
        0.038273277230987154,
        0.027063293868263706,
        0.04133986423538423,
        0.06442352540027595,
        0.0924387466109315,
        0.07654655446197431,
        0.07328774624724109,
        0.08118988160479113,
        0.08699631816921909,
        0.140625,
        0.05633673867912483,
        0.05412658773652741,
        0.08267972847076846,
        0.04133986423538423,
        0.03125,
        0.08699631816921909,
        0.0625,
        0.046875,
        0.06810779599282303,
        0.05846339666834283,
        0.05412658773652741,
        0.07328774624724109
    ],
    [
        0.10126157341262282,
        0.07654655446197431,
        0.06810779599282303,
        0.06987712429686843,
        0.06629126073623882,
        0.0,
        0.06987712429686843,
        0.09110862335695782,
        0.04419417382415922,
        0.05412658773652741,
        0.06810779599282303,
        0.06810779599282303,
        0.078125,
        0.0855816496101822,
        0.06810779599282303,
        0.07967217989988726,
        0.11587810136086973,
        0.06987712429686843,
        0.11158481919598204,
        0.06051536478449089,
        0.05633673867912483,
        0.08414320011147662,
        0.04941058844013093,
        0.0897587913521567,
        0.0897587913521567,
        0.06810779599282303,
        0.08699631816921909,
        0.06810779599282303,
        0.05412658773652741,
        0.06629126073623882,
        0.08267972847076846,
        0.07967217989988726,
        0.0897587913521567,
        0.07654655446197431,
        0.11481983169296148,
        0.08838834764831845,
        0.10364452469860624,
        0.08118988160479113,
        0.09504316453590968,
        0.0855816496101822,
        0.08118988160479113,
        0.06051536478449089,
        0.109375,
        0.05846339666834283,
        0.06442352540027595,
        0.046875,
        0.06629126073623882,
        0.08838834764831845,
        0.07654655446197431
    ],
    [
        0.08118988160479113,
        0.03125,
        0.046875,
        0.13710881855300192,
        0.05182226234930312,
        0.06987712429686843,
        0.0,
        0.10711960313126631,
        0.05412658773652741,
        0.034938562148434216,
        0.03125,
        0.03125,
        0.08838834764831845,
        0.0855816496101822,
        0.027063293868263706,
        0.027063293868263706,
        0.09631896879639025,
        0.08414320011147662,
        0.11692679333668567,
        0.071602745233685,
        0.0897587913521567,
        0.05846339666834283,
        0.05412658773652741,
        0.05182226234930312,
        0.078125,
        0.03125,
        0.1616262567623219,
        0.015625,
        0.034938562148434216,
        0.02209708691207961,
        0.04419417382415922,
        0.11158481919598204,
        0.11796616305110547,
        0.03125,
        0.09882117688026186,
        0.11899645477912357,
        0.18288593610499415,
        0.08699631816921909,
        0.09504316453590968,
        0.11587810136086973,
        0.04419417382415922,
        0.03125,
        0.13258252147247765,
        0.07967217989988726,
        0.03125,
        0.05633673867912483,
        0.027063293868263706,
        0.06442352540027595,
        0.03125
    ],
    [
        0.11158481919598204,
        0.1307281291459493,
        0.08838834764831845,
        0.08414320011147662,
        0.07328774624724109,
        0.09110862335695782,
        0.10711960313126631,
        0.0,
        0.08267972847076846,
        0.10245997694221876,
        0.11587810136086973,
        0.10711960313126631,
        0.07328774624724109,
        0.1137517170200081,
        0.11048543456039805,
        0.08838834764831845,
        0.11481983169296148,
        0.07654655446197431,
        0.07328774624724109,
        0.071602745233685,
        0.07967217989988726,
        0.07967217989988726,
        0.0625,
        0.08267972847076846,
        0.05633673867912483,
        0.109375,
        0.12401959270615269,
        0.08267972847076846,
        0.078125,
        0.09631896879639025,
        0.078125,
        0.06442352540027595,
        0.05412658773652741,
        0.1307281291459493,
        0.07328774624724109,
        0.10004881620988826,
        0.11796616305110547,
        0.05846339666834283,
        0.06810779599282303,
        0.04941058844013093,
        0.07654655446197431,
        0.07493486755176124,
        0.0897587913521567,
        0.06987712429686843,
        0.10245997694221876,
        0.08699631816921909,
        0.12401959270615269,
        0.05633673867912483,
        0.1307281291459493
    ],
    [
        0.07654655446197431,
        0.06987712429686843,
        0.05846339666834283,
        0.08699631816921909,
        0.05182226234930312,
        0.04419417382415922,
        0.05412658773652741,
        0.08267972847076846,
        0.0,
        0.04133986423538423,
        0.05182226234930312,
        0.05182226234930312,
        0.08118988160479113,
        0.071602745233685,
        0.05182226234930312,
        0.06051536478449089,
        0.09882117688026186,
        0.05633673867912483,
        0.10711960313126631,
        0.05412658773652741,
        0.034938562148434216,
        0.0855816496101822,
        0.038273277230987154,
        0.08414320011147662,
        0.078125,
        0.05182226234930312,
        0.10245997694221876,
        0.05182226234930312,
        0.04941058844013093,
        0.05412658773652741,
        0.07654655446197431,
        0.07654655446197431,
        0.10004881620988826,
        0.06987712429686843,
        0.10711960313126631,
        0.09375,
        0.11158481919598204,
        0.07493486755176124,
        0.08414320011147662,
        0.08118988160479113,
        0.06629126073623882,
        0.046875,
        0.10245997694221876,
        0.04941058844013093,
        0.05633673867912483,
        0.05182226234930312,
        0.05412658773652741,
        0.07328774624724109,
        0.06987712429686843
    ],
    [
        0.08414320011147662,
        0.015625,
        0.04941058844013093,
        0.140625,
        0.05182226234930312,
        0.05412658773652741,
        0.034938562148434216,
        0.10245997694221876,
        0.04133986423538423,
        0.0,
        0.027063293868263706,
        0.038273277230987154,
        0.109375,
        0.08699631816921909,
        0.027063293868263706,
        0.05633673867912483,
        0.10126157341262282,
        0.09110862335695782,
        0.12303137303143455,
        0.06629126073623882,
        0.0625,
        0.09504316453590968,
        0.04133986423538423,
        0.07967217989988726,
        0.08414320011147662,
        0.02209708691207961,
        0.14235052467412967,
        0.027063293868263706,
        0.04133986423538423,
        0.03125,
        0.06987712429686843,
        0.109375,
        0.125,
        0.015625,
        0.10825317547305482,
        0.1288470508005519,
        0.15934435979977452,
        0.0897587913521567,
        0.10825317547305482,
        0.11481983169296148,
        0.05633673867912483,
        0.046875,
        0.1335000585205864,
        0.07967217989988726,
        0.027063293868263706,
        0.03125,
        0.02209708691207961,
        0.07654655446197431,
        0.015625
    ],
    [
        0.07654655446197431,
        0.02209708691207961,
        0.04419417382415922,
        0.14986973510352247,
        0.05633673867912483,
        0.06810779599282303,
        0.03125,
        0.11587810136086973,
        0.05182226234930312,
        0.027063293868263706,
        0.0,
        0.02209708691207961,
        0.10825317547305482,
        0.08267972847076846,
        0.0,
        0.046875,
        0.09504316453590968,
        0.0897587913521567,
        0.12401959270615269,
        0.07328774624724109,
        0.08267972847076846,
        0.0924387466109315,
        0.05182226234930312,
        0.078125,
        0.08414320011147662,
        0.0,
        0.15934435979977452,
        0.027063293868263706,
        0.04133986423538423,
        0.015625,
        0.06987712429686843,
        0.120017902310447,
        0.1288470508005519,
        0.02209708691207961,
        0.10825317547305482,
        0.12401959270615269,
        0.18087245160609727,
        0.09504316453590968,
        0.10825317547305482,
        0.12303137303143455,
        0.05182226234930312,
        0.046875,
        0.13710881855300192,
        0.08699631816921909,
        0.02209708691207961,
        0.05182226234930312,
        0.015625,
        0.078125,
        0.02209708691207961
    ],
    [
        0.06629126073623882,
        0.04133986423538423,
        0.034938562148434216,
        0.12103072956898178,
        0.046875,
        0.06810779599282303,
        0.03125,
        0.10711960313126631,
        0.05182226234930312,
        0.038273277230987154,
        0.02209708691207961,
        0.0,
        0.08267972847076846,
        0.06810779599282303,
        0.02209708691207961,
        0.046875,
        0.0855816496101822,
        0.07328774624724109,
        0.11481983169296148,
        0.05412658773652741,
        0.07328774624724109,
        0.071602745233685,
        0.05182226234930312,
        0.07328774624724109,
        0.06629126073623882,
        0.02209708691207961,
        0.14320549046737,
        0.027063293868263706,
        0.034938562148434216,
        0.027063293868263706,
        0.06987712429686843,
        0.11267347735824966,
        0.109375,
        0.04133986423538423,
        0.09631896879639025,
        0.10245997694221876,
        0.1690102160373745,
        0.08699631816921909,
        0.08414320011147662,
        0.109375,
        0.04419417382415922,
        0.038273277230987154,
        0.10481568644530265,
        0.07654655446197431,
        0.027063293868263706,
        0.0625,
        0.027063293868263706,
        0.078125,
        0.04133986423538423
    ],
    [
        0.07967217989988726,
        0.12203515118604147,
        0.08267972847076846,
        0.06051536478449089,
        0.078125,
        0.078125,
        0.08838834764831845,
        0.07328774624724109,
        0.08118988160479113,
        0.109375,
        0.10825317547305482,
        0.08267972847076846,
        0.0,
        0.078125,
        0.09631896879639025,
        0.07328774624724109,
        0.07967217989988726,
        0.06051536478449089,
        0.0855816496101822,
        0.06629126073623882,
        0.06810779599282303,
        0.0625,
        0.07493486755176124,
        0.07493486755176124,
        0.05412658773652741,
        0.10126157341262282,
        0.1288470508005519,
        0.07493486755176124,
        0.07493486755176124,
        0.08267972847076846,
        0.06442352540027595,
        0.09110862335695782,
        0.06810779599282303,
        0.12203515118604147,
        0.071602745233685,
        0.07328774624724109,
        0.14405538214520136,
        0.0625,
        0.05846339666834283,
        0.06051536478449089,
        0.06051536478449089,
        0.06051536478449089,
        0.071602745233685,
        0.06987712429686843,
        0.10004881620988826,
        0.10597390598633231,
        0.10711960313126631,
        0.05182226234930312,
        0.12203515118604147
    ],
    [
        0.05633673867912483,
        0.11481983169296148,
        0.05846339666834283,
        0.11899645477912357,
        0.06051536478449089,
        0.0855816496101822,
        0.0855816496101822,
        0.1137517170200081,
        0.071602745233685,
        0.08699631816921909,
        0.08267972847076846,
        0.06810779599282303,
        0.078125,
        0.0,
        0.08267972847076846,
        0.07967217989988726,
        0.06629126073623882,
        0.06629126073623882,
        0.09631896879639025,
        0.0625,
        0.09110862335695782,
        0.08838834764831845,
        0.0625,
        0.10004881620988826,
        0.078125,
        0.08267972847076846,
        0.13710881855300192,
        0.06987712429686843,
        0.06051536478449089,
        0.06629126073623882,
        0.10126157341262282,
        0.10597390598633231,
        0.10364452469860624,
        0.11481983169296148,
        0.10126157341262282,
        0.071602745233685,
        0.15229366163764005,
        0.07493486755176124,
        0.06987712429686843,
        0.11158481919598204,
        0.0625,
        0.06810779599282303,
        0.0924387466109315,
        0.07328774624724109,
        0.06987712429686843,
        0.11796616305110547,
        0.08414320011147662,
        0.08838834764831845,
        0.11481983169296148
    ],
    [
        0.07654655446197431,
        0.027063293868263706,
        0.04419417382415922,
        0.1316585902058806,
        0.05182226234930312,
        0.06810779599282303,
        0.027063293868263706,
        0.11048543456039805,
        0.05182226234930312,
        0.027063293868263706,
        0.0,
        0.02209708691207961,
        0.09631896879639025,
        0.08267972847076846,
        0.0,
        0.046875,
        0.09504316453590968,
        0.08414320011147662,
        0.12401959270615269,
        0.071602745233685,
        0.071602745233685,
        0.08118988160479113,
        0.046875,
        0.078125,
        0.08414320011147662,
        0.0,
        0.14986973510352247,
        0.027063293868263706,
        0.04133986423538423,
        0.015625,
        0.06810779599282303,
        0.11587810136086973,
        0.12789613706050704,
        0.027063293868263706,
        0.10825317547305482,
        0.12203515118604147,
        0.1711632992203644,
        0.0924387466109315,
        0.10597390598633231,
        0.11481983169296148,
        0.05182226234930312,
        0.04133986423538423,
        0.1288470508005519,
        0.08414320011147662,
        0.02209708691207961,
        0.05412658773652741,
        0.015625,
        0.07493486755176124,
        0.027063293868263706
    ],
    [
        0.08838834764831845,
        0.05846339666834283,
        0.05412658773652741,
        0.11158481919598204,
        0.04941058844013093,
        0.07967217989988726,
        0.027063293868263706,
        0.08838834764831845,
        0.06051536478449089,
        0.05633673867912483,
        0.046875,
        0.046875,
        0.07328774624724109,
        0.07967217989988726,
        0.046875,
        0.0,
        0.09757809372497497,
        0.07654655446197431,
        0.10825317547305482,
        0.06051536478449089,
        0.08118988160479113,
        0.03125,
        0.04941058844013093,
        0.038273277230987154,
        0.06810779599282303,
        0.046875,
        0.15309310892394862,
        0.03125,
        0.04419417382415922,
        0.04133986423538423,
        0.027063293868263706,
        0.10364452469860624,
        0.08838834764831845,
        0.05846339666834283,
        0.08267972847076846,
        0.10597390598633231,
        0.171875,
        0.07654655446197431,
        0.07654655446197431,
        0.09504316453590968,
        0.038273277230987154,
        0.034938562148434216,
        0.10825317547305482,
        0.07493486755176124,
        0.05182226234930312,
        0.07493486755176124,
        0.04941058844013093,
        0.04419417382415922,
        0.05846339666834283
    ],
    [
        0.05182226234930312,
        0.12401959270615269,
        0.078125,
        0.11158481919598204,
        0.07654655446197431,
        0.11587810136086973,
        0.09631896879639025,
        0.11481983169296148,
        0.09882117688026186,
        0.10126157341262282,
        0.09504316453590968,
        0.0855816496101822,
        0.07967217989988726,
        0.06629126073623882,
        0.09504316453590968,
        0.09757809372497497,
        0.0,
        0.06051536478449089,
        0.0897587913521567,
        0.08118988160479113,
        0.09110862335695782,
        0.09882117688026186,
        0.08118988160479113,
        0.109375,
        0.078125,
        0.09504316453590968,
        0.15857643070456592,
        0.0855816496101822,
        0.07328774624724109,
        0.08267972847076846,
        0.10126157341262282,
        0.12203515118604147,
        0.10004881620988826,
        0.12401959270615269,
        0.10825317547305482,
        0.06051536478449089,
        0.17746588580625855,
        0.07967217989988726,
        0.09110862335695782,
        0.10004881620988826,
        0.07493486755176124,
        0.0855816496101822,
        0.09504316453590968,
        0.0924387466109315,
        0.09375,
        0.12401959270615269,
        0.09882117688026186,
        0.08414320011147662,
        0.12401959270615269
    ],
    [
        0.04941058844013093,
        0.11267347735824966,
        0.05412658773652741,
        0.06987712429686843,
        0.05412658773652741,
        0.06987712429686843,
        0.08414320011147662,
        0.07654655446197431,
        0.05633673867912483,
        0.09110862335695782,
        0.0897587913521567,
        0.07328774624724109,
        0.06051536478449089,
        0.06629126073623882,
        0.08414320011147662,
        0.07654655446197431,
        0.06051536478449089,
        0.0,
        0.07328774624724109,
        0.05633673867912483,
        0.05182226234930312,
        0.071602745233685,
        0.05182226234930312,
        0.08838834764831845,
        0.05633673867912483,
        0.0855816496101822,
        0.125,
        0.0625,
        0.05182226234930312,
        0.06442352540027595,
        0.0855816496101822,
        0.09110862335695782,
        0.06442352540027595,
        0.11267347735824966,
        0.07654655446197431,
        0.046875,
        0.13710881855300192,
        0.0625,
        0.05633673867912483,
        0.05633673867912483,
        0.05412658773652741,
        0.05412658773652741,
        0.078125,
        0.06629126073623882,
        0.07654655446197431,
        0.07328774624724109,
        0.09504316453590968,
        0.05846339666834283,
        0.11267347735824966
    ],
    [
        0.09631896879639025,
        0.14574029770451274,
        0.10711960313126631,
        0.08414320011147662,
        0.09110862335695782,
        0.11158481919598204,
        0.11692679333668567,
        0.07328774624724109,
        0.10711960313126631,
        0.12303137303143455,
        0.12401959270615269,
        0.11481983169296148,
        0.0855816496101822,
        0.09631896879639025,
        0.12401959270615269,
        0.10825317547305482,
        0.0897587913521567,
        0.07328774624724109,
        0.0,
        0.078125,
        0.10481568644530265,
        0.09631896879639025,
        0.09375,
        0.09882117688026186,
        0.07493486755176124,
        0.12401959270615269,
        0.13441133229754104,
        0.10481568644530265,
        0.09504316453590968,
        0.11158481919598204,
        0.10711960313126631,
        0.0897587913521567,
        0.07493486755176124,
        0.14574029770451274,
        0.07493486755176124,
        0.078125,
        0.14657549249448218,
        0.08414320011147662,
        0.0855816496101822,
        0.05846339666834283,
        0.0924387466109315,
        0.09882117688026186,
        0.07967217989988726,
        0.08699631816921909,
        0.11267347735824966,
        0.11481983169296148,
        0.125,
        0.08699631816921909,
        0.14574029770451274
    ],
    [
        0.071602745233685,
        0.10245997694221876,
        0.04419417382415922,
        0.06810779599282303,
        0.04419417382415922,
        0.06051536478449089,
        0.071602745233685,
        0.071602745233685,
        0.05412658773652741,
        0.06629126073623882,
        0.07328774624724109,
        0.05412658773652741,
        0.06629126073623882,
        0.0625,
        0.071602745233685,
        0.06051536478449089,
        0.08118988160479113,
        0.05633673867912483,
        0.078125,
        0.0,
        0.038273277230987154,
        0.06442352540027595,
        0.04133986423538423,
        0.07493486755176124,
        0.04941058844013093,
        0.06987712429686843,
        0.11267347735824966,
        0.04133986423538423,
        0.04133986423538423,
        0.04419417382415922,
        0.06987712429686843,
        0.09631896879639025,
        0.07493486755176124,
        0.10245997694221876,
        0.078125,
        0.06810779599282303,
        0.13441133229754104,
        0.06442352540027595,
        0.06051536478449089,
        0.06629126073623882,
        0.04941058844013093,
        0.04133986423538423,
        0.08414320011147662,
        0.071602745233685,
        0.04419417382415922,
        0.04941058844013093,
        0.07967217989988726,
        0.05846339666834283,
        0.10245997694221876
    ],
    [
        0.07967217989988726,
        0.10481568644530265,
        0.046875,
        0.071602745233685,
        0.05182226234930312,
        0.05633673867912483,
        0.0897587913521567,
        0.07967217989988726,
        0.034938562148434216,
        0.0625,
        0.08267972847076846,
        0.07328774624724109,
        0.06810779599282303,
        0.09110862335695782,
        0.071602745233685,
        0.08118988160479113,
        0.09110862335695782,
        0.05182226234930312,
        0.10481568644530265,
        0.038273277230987154,
        0.0,
        0.078125,
        0.04133986423538423,
        0.10126157341262282,
        0.06442352540027595,
        0.06987712429686843,
        0.11587810136086973,
        0.04941058844013093,
        0.06442352540027595,
        0.06051536478449089,
        0.0855816496101822,
        0.08838834764831845,
        0.08838834764831845,
        0.10481568644530265,
        0.09375,
        0.0855816496101822,
        0.120017902310447,
        0.06629126073623882,
        0.07493486755176124,
        0.07967217989988726,
        0.08118988160479113,
        0.04941058844013093,
        0.09110862335695782,
        0.06810779599282303,
        0.05846339666834283,
        0.046875,
        0.10126157341262282,
        0.07328774624724109,
        0.10481568644530265
    ],
    [
        0.10245997694221876,
        0.09504316453590968,
        0.07654655446197431,
        0.10481568644530265,
        0.07493486755176124,
        0.08414320011147662,
        0.05846339666834283,
        0.07967217989988726,
        0.0855816496101822,
        0.09504316453590968,
        0.0924387466109315,
        0.071602745233685,
        0.0625,
        0.08838834764831845,
        0.08118988160479113,
        0.03125,
        0.09882117688026186,
        0.071602745233685,
        0.09631896879639025,
        0.06442352540027595,
        0.078125,
        0.0,
        0.07493486755176124,
        0.03125,
        0.05182226234930312,
        0.08699631816921909,
        0.16010860571811872,
        0.06051536478449089,
        0.06810779599282303,
        0.06987712429686843,
        0.02209708691207961,
        0.10126157341262282,
        0.05846339666834283,
        0.09504316453590968,
        0.071602745233685,
        0.08699631816921909,
        0.17328963291264715,
        0.071602745233685,
        0.05182226234930312,
        0.07493486755176124,
        0.04941058844013093,
        0.046875,
        0.09110862335695782,
        0.08267972847076846,
        0.08838834764831845,
        0.10597390598633231,
        0.08267972847076846,
        0.04419417382415922,
        0.09504316453590968
    ],
    [
        0.06810779599282303,
        0.06629126073623882,
        0.04419417382415922,
        0.09504316453590968,
        0.03125,
        0.04941058844013093,
        0.05412658773652741,
        0.0625,
        0.038273277230987154,
        0.04133986423538423,
        0.05182226234930312,
        0.05182226234930312,
        0.07493486755176124,
        0.0625,
        0.046875,
        0.04941058844013093,
        0.08118988160479113,
        0.05182226234930312,
        0.09375,
        0.04133986423538423,
        0.04133986423538423,
        0.07493486755176124,
        0.0,
        0.071602745233685,
        0.05846339666834283,
        0.046875,
        0.1137517170200081,
        0.04133986423538423,
        0.03125,
        0.04133986423538423,
        0.06442352540027595,
        0.078125,
        0.07328774624724109,
        0.06629126073623882,
        0.08118988160479113,
        0.0897587913521567,
        0.125,
        0.06051536478449089,
        0.06051536478449089,
        0.07493486755176124,
        0.046875,
        0.038273277230987154,
        0.0897587913521567,
        0.05182226234930312,
        0.04419417382415922,
        0.06051536478449089,
        0.06442352540027595,
        0.046875,
        0.06629126073623882
    ],
    [
        0.10597390598633231,
        0.078125,
        0.07967217989988726,
        0.12401959270615269,
        0.071602745233685,
        0.0897587913521567,
        0.05182226234930312,
        0.08267972847076846,
        0.08414320011147662,
        0.07967217989988726,
        0.078125,
        0.07328774624724109,
        0.07493486755176124,
        0.10004881620988826,
        0.078125,
        0.038273277230987154,
        0.109375,
        0.08838834764831845,
        0.09882117688026186,
        0.07493486755176124,
        0.10126157341262282,
        0.03125,
        0.071602745233685,
        0.0,
        0.05846339666834283,
        0.078125,
        0.1711632992203644,
        0.05412658773652741,
        0.0625,
        0.06810779599282303,
        0.027063293868263706,
        0.10481568644530265,
        0.07654655446197431,
        0.078125,
        0.06810779599282303,
        0.10004881620988826,
        0.18355218944485516,
        0.08267972847076846,
        0.071602745233685,
        0.09375,
        0.05412658773652741,
        0.05633673867912483,
        0.09631896879639025,
        0.0897587913521567,
        0.078125,
        0.09110862335695782,
        0.07654655446197431,
        0.05182226234930312,
        0.078125
    ],
    [
        0.07654655446197431,
        0.1137517170200081,
        0.0625,
        0.08118988160479113,
        0.06051536478449089,
        0.0897587913521567,
        0.078125,
        0.05633673867912483,
        0.078125,
        0.08414320011147662,
        0.08414320011147662,
        0.06629126073623882,
        0.05412658773652741,
        0.078125,
        0.08414320011147662,
        0.06810779599282303,
        0.078125,
        0.05633673867912483,
        0.07493486755176124,
        0.04941058844013093,
        0.06442352540027595,
        0.05182226234930312,
        0.05846339666834283,
        0.05846339666834283,
        0.0,
        0.08414320011147662,
        0.1316585902058806,
        0.05412658773652741,
        0.05633673867912483,
        0.06810779599282303,
        0.06987712429686843,
        0.10364452469860624,
        0.04941058844013093,
        0.1137517170200081,
        0.046875,
        0.07493486755176124,
        0.1514899955442603,
        0.06051536478449089,
        0.04941058844013093,
        0.05412658773652741,
        0.05846339666834283,
        0.05633673867912483,
        0.08699631816921909,
        0.08118988160479113,
        0.06629126073623882,
        0.07967217989988726,
        0.08267972847076846,
        0.05412658773652741,
        0.1137517170200081
    ],
    [
        0.07654655446197431,
        0.02209708691207961,
        0.04419417382415922,
        0.13441133229754104,
        0.05182226234930312,
        0.06810779599282303,
        0.03125,
        0.109375,
        0.05182226234930312,
        0.02209708691207961,
        0.0,
        0.02209708691207961,
        0.10126157341262282,
        0.08267972847076846,
        0.0,
        0.046875,
        0.09504316453590968,
        0.0855816496101822,
        0.12401959270615269,
        0.06987712429686843,
        0.06987712429686843,
        0.08699631816921909,
        0.046875,
        0.078125,
        0.08414320011147662,
        0.0,
        0.14986973510352247,
        0.027063293868263706,
        0.038273277230987154,
        0.015625,
        0.06987712429686843,
        0.11692679333668567,
        0.1269381000724369,
        0.02209708691207961,
        0.10825317547305482,
        0.12303137303143455,
        0.1711632992203644,
        0.0924387466109315,
        0.10711960313126631,
        0.11587810136086973,
        0.05182226234930312,
        0.04419417382415922,
        0.12979099785809492,
        0.0855816496101822,
        0.02209708691207961,
        0.05182226234930312,
        0.015625,
        0.07493486755176124,
        0.02209708691207961
    ],
    [
        0.14740595518838442,
        0.17328963291264715,
        0.140625,
        0.09631896879639025,
        0.1288470508005519,
        0.08699631816921909,
        0.1616262567623219,
        0.12401959270615269,
        0.10245997694221876,
        0.14235052467412967,
        0.15934435979977452,
        0.14320549046737,
        0.1288470508005519,
        0.13710881855300192,
        0.14986973510352247,
        0.15309310892394862,
        0.15857643070456592,
        0.125,
        0.13441133229754104,
        0.11267347735824966,
        0.11587810136086973,
        0.16010860571811872,
        0.1137517170200081,
        0.1711632992203644,
        0.1316585902058806,
        0.14986973510352247,
        0.0,
        0.14657549249448218,
        0.1307281291459493,
        0.15546678704790937,
        0.16237976320958225,
        0.071602745233685,
        0.14320549046737,
        0.17328963291264715,
        0.15467960838455727,
        0.12979099785809492,
        0.09110862335695782,
        0.12789613706050704,
        0.14986973510352247,
        0.11481983169296148,
        0.14405538214520136,
        0.13531646934131855,
        0.12597277731716483,
        0.07967217989988726,
        0.15467960838455727,
        0.12401959270615269,
        0.1608692209529219,
        0.14905300022139775,
        0.17328963291264715
    ],
    [
        0.06810779599282303,
        0.04133986423538423,
        0.03125,
        0.10597390598633231,
        0.038273277230987154,
        0.06810779599282303,
        0.015625,
        0.08267972847076846,
        0.05182226234930312,
        0.027063293868263706,
        0.027063293868263706,
        0.027063293868263706,
        0.07493486755176124,
        0.06987712429686843,
        0.027063293868263706,
        0.03125,
        0.0855816496101822,
        0.0625,
        0.10481568644530265,
        0.04133986423538423,
        0.04941058844013093,
        0.06051536478449089,
        0.04133986423538423,
        0.05412658773652741,
        0.05412658773652741,
        0.027063293868263706,
        0.14657549249448218,
        0.0,
        0.03125,
        0.02209708691207961,
        0.046875,
        0.10597390598633231,
        0.0897587913521567,
        0.04133986423538423,
        0.08118988160479113,
        0.10004881620988826,
        0.16312978920172735,
        0.071602745233685,
        0.06987712429686843,
        0.08838834764831845,
        0.038273277230987154,
        0.03125,
        0.10481568644530265,
        0.07654655446197431,
        0.02209708691207961,
        0.0625,
        0.02209708691207961,
        0.05412658773652741,
        0.04133986423538423
    ],
    [
        0.06442352540027595,
        0.05182226234930312,
        0.038273277230987154,
        0.11692679333668567,
        0.027063293868263706,
        0.05412658773652741,
        0.034938562148434216,
        0.078125,
        0.04941058844013093,
        0.04133986423538423,
        0.04133986423538423,
        0.034938562148434216,
        0.07493486755176124,
        0.06051536478449089,
        0.04133986423538423,
        0.04419417382415922,
        0.07328774624724109,
        0.05182226234930312,
        0.09504316453590968,
        0.04133986423538423,
        0.06442352540027595,
        0.06810779599282303,
        0.03125,
        0.0625,
        0.05633673867912483,
        0.038273277230987154,
        0.1307281291459493,
        0.03125,
        0.0,
        0.03125,
        0.05633673867912483,
        0.0924387466109315,
        0.07328774624724109,
        0.05182226234930312,
        0.08118988160479113,
        0.08118988160479113,
        0.15068204314051492,
        0.06810779599282303,
        0.05412658773652741,
        0.0924387466109315,
        0.03125,
        0.027063293868263706,
        0.09110862335695782,
        0.06051536478449089,
        0.03125,
        0.05846339666834283,
        0.038273277230987154,
        0.05182226234930312,
        0.05182226234930312
    ],
    [
        0.06629126073623882,
        0.038273277230987154,
        0.027063293868263706,
        0.12303137303143455,
        0.04133986423538423,
        0.06629126073623882,
        0.02209708691207961,
        0.09631896879639025,
        0.05412658773652741,
        0.03125,
        0.015625,
        0.027063293868263706,
        0.08267972847076846,
        0.06629126073623882,
        0.015625,
        0.04133986423538423,
        0.08267972847076846,
        0.06442352540027595,
        0.11158481919598204,
        0.04419417382415922,
        0.06051536478449089,
        0.06987712429686843,
        0.04133986423538423,
        0.06810779599282303,
        0.06810779599282303,
        0.015625,
        0.15546678704790937,
        0.02209708691207961,
        0.03125,
        0.0,
        0.05846339666834283,
        0.11158481919598204,
        0.09882117688026186,
        0.038273277230987154,
        0.09631896879639025,
        0.10004881620988826,
        0.171875,
        0.078125,
        0.08118988160479113,
        0.10364452469860624,
        0.04419417382415922,
        0.03125,
        0.11048543456039805,
        0.07967217989988726,
