[
    [
        0.0,
        0.18944305707784595,
        0.4627216529675265,
        0.17399263633843817,
        0.1608692209529219,
        0.1788362990978062,
        0.10364452469860624,
        0.27599252707274524,
        0.18814991529362962,
        0.2872621298570349,
        0.13710881855300192,
        0.17399263633843817,
        0.15467960838455727,
        0.19825902406952375,
        0.15625,
        0.17746588580625855,
        0.21079277442550065,
        0.2096313728906053,
        0.13258252147247765,
        0.1795175827043134,
        0.15546678704790937,
        0.1800456876817042,
        0.3657718722099883,
        0.24105075969596113,
        0.18288593610499415,
        0.14657549249448218,
        0.15780476466190746,
        0.23644915547533682,
        0.19578068884596356,
        0.18154609435347266,
        0.11796616305110547,
        0.19702375332685143,
        0.12401959270615269,
        0.2651650429449553,
        0.203125,
        0.22642776165920997,
        0.1907274314958391,
        0.1570293065800139,
        0.14235052467412967,
        0.22534695471649932,
        0.16973094517500337,
        0.14320549046737,
        0.16461958988832406,
        0.13441133229754104,
        0.0924387466109315,
        0.13621559198564606,
        0.2706329386826371,
        0.1926379375927805,
        0.15309310892394862
    ],
    [
        0.18944305707784595,
        0.0,
        0.4708287241662301,
        0.0625,
        0.08118988160479113,
        0.034938562148434216,
        0.10825317547305482,
        0.2670001170411728,
        0.14490028899212037,
        0.109375,
        0.11692679333668567,
        0.10481568644530265,
        0.11899645477912357,
        0.16828640022295324,
        0.11692679333668567,
        0.18944305707784595,
        0.11692679333668567,
        0.08267972847076846,
        0.10004881620988826,
        0.04941058844013093,
        0.12789613706050704,
        0.061405344388289554,
        0.358013726168425,
        0.1690102160373745,
        0.07654655446197431,
        0.09110862335695782,
        0.0855816496101822,
        0.22696623509896796,
        0.07967217989988726,
        0.11267347735824966,
        0.11048543456039805,
        0.05846339666834283,
        0.08118988160479113,
        0.07967217989988726,
        0.071602745233685,
        0.05182226234930312,
        0.071602745233685,
        0.078125,
        0.13441133229754104,
        0.14740595518838442,
        0.08267972847076846,
        0.07967217989988726,
        0.11529137302697215,
        0.0924387466109315,
        0.09504316453590968,
        0.10245997694221876,
        0.10364452469860624,
        0.07967217989988726,
        0.06051536478449089
    ],
    [
        0.4627216529675265,
        0.4708287241662301,
        0.0,
        0.5646659687372704,
        0.5330850659134994,
        0.5261705700150855,
        0.467968097870998,
        0.2576941016011038,
        0.39404750665370286,
        0.6440457451726547,
        0.3583545294118661,
        0.4752158226795484,
        0.42245330733111797,
        0.4558110045567132,
        0.34481369516740484,
        0.3836884111815211,
        0.4721232790543165,
        0.560543472332878,
        0.47264010819544294,
        0.5351419934232409,
        0.39435717075387383,
        0.553555427316101,
        0.1781524101717403,
        0.3412551510600243,
        0.5779138127783415,
        0.5177512976806529,
        0.5738864897564674,
        0.2159417962669571,
        0.4772663859156645,
        0.4041411611367988,
        0.3862252216971336,
        0.4973072019637359,
        0.3871722404176208,
        0.6171380518166093,
        0.592102978796763,
        0.5611964061271241,
        0.5783361101038046,
        0.5668236608505329,
        0.47930817656806146,
        0.3552755312781898,
        0.5450863607035128,
        0.44496971455931694,
        0.4362581581535818,
        0.5698307040253272,
        0.4433206549722221,
        0.48713928962874675,
        0.6480137922914913,
        0.6085731904422015,
        0.49632438044589344
    ],
    [
        0.17399263633843817,
        0.0625,
        0.5646659687372704,
        0.0,
        0.06629126073623882,
        0.04941058844013093,
        0.07328774624724109,
        0.3336586953759785,
        0.19702375332685143,
        0.0924387466109315,
        0.14149039278339715,
        0.1137517170200081,
        0.1316585902058806,
        0.1711632992203644,
        0.15467960838455727,
        0.19136638615493579,
        0.16387638252658618,
        0.08267972847076846,
        0.10004881620988826,
        0.06629126073623882,
        0.14740595518838442,
        0.04067838372868047,
        0.4501518840902479,
        0.22316963839196408,
        0.046875,
        0.0855816496101822,
        0.05633673867912483,
        0.2619227283475033,
        0.09631896879639025,
        0.12597277731716483,
        0.10245997694221876,
        0.09631896879639025,
        0.11796616305110547,
        0.05633673867912483,
        0.038273277230987154,
        0.06629126073623882,
        0.06629126073623882,
        0.038273277230987154,
        0.11899645477912357,
        0.18814991529362962,
        0.06810779599282303,
        0.09375,
        0.1221462437454018,
        0.06629126073623882,
        0.09110862335695782,
        0.0855816496101822,
        0.06629126073623882,
        0.04941058844013093,
        0.05182226234930312
    ],
    [
        0.1608692209529219,
        0.08118988160479113,
        0.5330850659134994,
        0.06629126073623882,
        0.0,
        0.0625,
        0.07967217989988726,
        0.30338262248355624,
        0.14574029770451274,
        0.1307281291459493,
        0.13621559198564606,
        0.09631896879639025,
        0.08267972847076846,
        0.16461958988832404,
        0.14235052467412967,
        0.19008632907181935,
        0.1316585902058806,
        0.06442352540027595,
        0.071602745233685,
        0.046875,
        0.14490028899212037,
        0.055853152576893765,
        0.41191957270200213,
        0.2125229766989913,
        0.06987712429686843,
        0.08118988160479113,
        0.071602745233685,
        0.24902152266420668,
        0.06629126073623882,
        0.1307281291459493,
        0.1316585902058806,
        0.10004881620988826,
        0.120017902310447,
        0.11481983169296148,
        0.078125,
        0.08699631816921909,
        0.0625,
        0.06442352540027595,
        0.10126157341262282,
        0.1788362990978062,
        0.05633673867912483,
        0.07328774624724109,
        0.14527422584355576,
        0.07493486755176124,
        0.078125,
        0.06810779599282303,
        0.12103072956898178,
        0.06987712429686843,
        0.06442352540027595
    ],
    [
        0.1788362990978062,
        0.034938562148434216,
        0.5261705700150855,
        0.04941058844013093,
        0.0625,
        0.0,
        0.078125,
        0.32287466124643477,
        0.1907274314958391,
        0.10126157341262282,
        0.13975424859373686,
        0.11587810136086973,
        0.12979099785809492,
        0.171875,
        0.15309310892394862,
        0.19008632907181935,
        0.15309310892394862,
        0.08414320011147662,
        0.09757809372497497,
        0.06442352540027595,
        0.14574029770451274,
        0.05585315257689378,
        0.4157542092390647,
        0.2209708691207961,
        0.06442352540027595,
        0.09504316453590968,
        0.078125,
        0.24951124097923924,
        0.08414320011147662,
        0.12789613706050704,
        0.10364452469860624,
        0.09631896879639025,
        0.10711960313126631,
        0.071602745233685,
        0.07328774624724109,
        0.06987712429686843,
        0.06987712429686843,
        0.06629126073623882,
        0.12401959270615269,
        0.18154609435347266,
        0.071602745233685,
        0.09110862335695782,
        0.12412890924805192,
        0.06987712429686843,
        0.08838834764831845,
        0.08838834764831845,
        0.10004881620988826,
        0.06810779599282303,
        0.046875
    ],
    [
        0.10364452469860624,
        0.10825317547305482,
        0.467968097870998,
        0.07328774624724109,
        0.07967217989988726,
        0.078125,
        0.0,
        0.27332587007087344,
        0.16973094517500337,
        0.17258376589355096,
        0.10711960313126631,
        0.11899645477912357,
        0.11899645477912357,
        0.16973094517500337,
        0.11267347735824966,
        0.1781524101717403,
        0.15934435979977452,
        0.12401959270615269,
        0.10364452469860624,
        0.1137517170200081,
        0.1307281291459493,
        0.08430423987624293,
        0.36876324128768584,
        0.22041774968227945,
        0.08699631816921909,
        0.10825317547305482,
        0.0855816496101822,
        0.240035804620894,
        0.10711960313126631,
        0.11796616305110547,
        0.09110862335695782,
        0.12103072956898178,
        0.09110862335695782,
        0.13621559198564606,
        0.10597390598633231,
        0.12103072956898178,
        0.09757809372497497,
        0.06629126073623882,
        0.09110862335695782,
        0.18087245160609727,
        0.09504316453590968,
        0.0855816496101822,
        0.1108531075718373,
        0.06810779599282303,
        0.05633673867912483,
        0.08699631816921909,
        0.14405538214520136,
        0.10825317547305482,
        0.06442352540027595
    ],
    [
        0.27599252707274524,
        0.2670001170411728,
        0.2576941016011038,
        0.3336586953759785,
        0.30338262248355624,
        0.32287466124643477,
        0.27332587007087344,
        0.0,
        0.20551478809321727,
        0.43694160794092385,
        0.17258376589355096,
        0.23696485762661096,
        0.2072890493972125,
        0.21763106683100186,
        0.16387638252658618,
        0.19327057620082783,
        0.2415566380271923,
        0.3299798762803574,
        0.22316963839196408,
        0.28895690638917076,
        0.1608692209529219,
        0.31949633485552087,
        0.1788362990978062,
        0.19578068884596356,
        0.3714020101251473,
        0.2572199630180364,
        0.3401803290168319,
        0.17469281074217108,
        0.2768757054167086,
        0.15229366163764005,
        0.184877493221863,
        0.2557922741210141,
        0.18288593610499415,
        0.39989012162717896,
        0.3251351882294502,
        0.3065846385991966,
        0.3542432515235823,
        0.3299798762803574,
        0.22480460265528374,
        0.14235052467412967,
        0.32588521272834703,
        0.2445699350390395,
        0.16162625676232192,
        0.34798527267687634,
        0.2390165396996618,
        0.2557922741210141,
        0.40474480771839433,
        0.38305158350410196,
        0.298923851089203
    ],
    [
        0.18814991529362962,
        0.14490028899212037,
        0.39404750665370286,
        0.19702375332685143,
        0.14574029770451274,
        0.1907274314958391,
        0.16973094517500337,
        0.20551478809321727,
        0.0,
        0.26745691825974516,
        0.10481568644530265,
        0.10126157341262282,
        0.09631896879639025,
        0.14986973510352247,
        0.11048543456039805,
        0.18355218944485516,
        0.10004881620988826,
        0.1570293065800139,
        0.13621559198564606,
        0.12979099785809492,
        0.12597277731716483,
        0.1793664099762767,
        0.29563887388163285,
        0.18421603316486868,
        0.21079277442550065,
        0.12303137303143455,
        0.18355218944485516,
        0.240035804620894,
        0.12103072956898178,
        0.12789613706050704,
        0.171875,
        0.10597390598633231,
        0.12401959270615269,
        0.24902152266420668,
        0.17044862679118303,
        0.14235052467412967,
        0.17608480733726006,
        0.18154609435347266,
        0.11692679333668567,
        0.1307281291459493,
        0.15229366163764005,
        0.12597277731716483,
        0.15476727039691274,
        0.2209708691207961,
        0.14235052467412967,
        0.14740595518838442,
        0.25,
        0.21650635094610965,
        0.16682934768798924
    ],
    [
        0.2872621298570349,
        0.109375,
        0.6440457451726547,
        0.0924387466109315,
        0.1307281291459493,
        0.10126157341262282,
        0.17258376589355096,
        0.43694160794092385,
        0.26745691825974516,
        0.0,
        0.2460627460628691,
        0.16755945773068137,
        0.20846350100197397,
        0.2533949178160446,
        0.2543565718140579,
        0.26836818808308854,
        0.22910747341586218,
        0.08267972847076846,
        0.13887803777055607,
        0.10126157341262282,
        0.23333100817293873,
        0.08526409137367137,
        0.53125,
        0.2910615001593306,
        0.06442352540027595,
        0.12103072956898178,
        0.09375,
        0.34161267357930386,
        0.1269381000724369,
        0.18684782411095935,
        0.16755945773068137,
        0.16010860571811872,
        0.21423920626253262,
        0.027063293868263706,
        0.071602745233685,
        0.07328774624724109,
        0.071602745233685,
        0.10597390598633231,
        0.18355218944485516,
        0.2633171804117612,
        0.09757809372497497,
        0.14574029770451274,
        0.19894197140400288,
        0.08267972847076846,
        0.18553659510996745,
        0.12103072956898178,
        0.027063293868263706,
        0.05846339666834283,
        0.06629126073623882
    ],
    [
        0.13710881855300192,
        0.11692679333668567,
        0.3583545294118661,
        0.14149039278339715,
        0.13621559198564606,
        0.13975424859373686,
        0.10711960313126631,
        0.17258376589355096,
        0.10481568644530265,
        0.2460627460628691,
        0.0,
        0.120017902310447,
        0.10481568644530265,
        0.109375,
        0.07493486755176124,
        0.14574029770451274,
        0.11796616305110547,
        0.17399263633843817,
        0.14823176532039278,
        0.15229366163764005,
        0.0855816496101822,
        0.14499386361536515,
        0.24853083938416978,
        0.12789613706050704,
        0.16312978920172735,
        0.15546678704790937,
        0.14574029770451274,
        0.184877493221863,
        0.13621559198564606,
        0.08838834764831845,
        0.10481568644530265,
        0.120017902310447,
        0.07654655446197431,
        0.20904825250405706,
        0.1616262567623219,
        0.16312978920172735,
        0.14905300022139775,
        0.13258252147247765,
        0.09882117688026186,
        0.09504316453590968,
        0.14986973510352247,
        0.11587810136086973,
        0.08365822085525527,
        0.1608692209529219,
        0.11587810136086973,
        0.14574029770451274,
        0.214808235701055,
        0.18087245160609727,
        0.14657549249448218
    ],
    [
        0.17399263633843817,
        0.10481568644530265,
        0.4752158226795484,
        0.1137517170200081,
        0.09631896879639025,
        0.11587810136086973,
        0.11899645477912357,
        0.23696485762661096,
        0.10126157341262282,
        0.16755945773068137,
        0.120017902310447,
        0.0,
        0.10597390598633231,
        0.11267347735824966,
        0.11048543456039805,
        0.14490028899212037,
        0.08699631816921909,
        0.12103072956898178,
        0.109375,
        0.09375,
        0.11048543456039805,
        0.10192909266031733,
        0.34798527267687634,
        0.14823176532039278,
        0.12103072956898178,
        0.09882117688026186,
        0.10481568644530265,
        0.22803936748947537,
        0.10364452469860624,
        0.08699631816921909,
        0.13441133229754104,
        0.078125,
        0.120017902310447,
        0.15068204314051492,
        0.10004881620988826,
        0.10711960313126631,
        0.10245997694221876,
        0.10597390598633231,
        0.08414320011147662,
        0.125,
        0.09882117688026186,
        0.08414320011147662,
        0.11529137302697215,
        0.13258252147247765,
        0.11481983169296148,
        0.09504316453590968,
        0.15467960838455727,
        0.12203515118604147,
        0.12203515118604147
    ],
    [
        0.15467960838455727,
        0.11899645477912357,
        0.42245330733111797,
        0.1316585902058806,
        0.08267972847076846,
        0.12979099785809492,
        0.11899645477912357,
        0.2072890493972125,
        0.09631896879639025,
        0.20846350100197397,
        0.10481568644530265,
        0.10597390598633231,
        0.0,
        0.13887803777055607,
        0.12597277731716483,
        0.17746588580625855,
        0.11692679333668567,
        0.12103072956898178,
        0.109375,
        0.10245997694221876,
        0.11796616305110547,
        0.11842517709272993,
        0.3255104164999947,
        0.19640320453088336,
        0.14986973510352247,
        0.109375,
        0.1269381000724369,
        0.234375,
        0.08414320011147662,
        0.12597277731716483,
        0.14149039278339715,
        0.11048543456039805,
        0.10364452469860624,
        0.1767766952966369,
        0.1307281291459493,
        0.125,
        0.1269381000724369,
        0.12401959270615269,
        0.0897587913521567,
        0.15625,
        0.10711960313126631,
        0.09757809372497497,
        0.1401419171570178,
        0.14405538214520136,
        0.10364452469860624,
        0.09757809372497497,
        0.1801962905417312,
        0.1514899955442603,
        0.1307281291459493
    ],
    [
        0.19825902406952375,
        0.16828640022295324,
        0.4558110045567132,
        0.1711632992203644,
        0.16461958988832404,
        0.171875,
        0.16973094517500337,
        0.21763106683100186,
        0.14986973510352247,
        0.2533949178160446,
        0.109375,
        0.11267347735824966,
        0.13887803777055607,
        0.0,
        0.11587810136086973,
        0.1307281291459493,
        0.1316585902058806,
        0.1875,
        0.1795175827043134,
        0.16682934768798924,
        0.10245997694221876,
        0.17336788517805454,
        0.3190715290103459,
        0.15546678704790937,
        0.19008632907181935,
        0.15546678704790937,
        0.16461958988832404,
        0.21423920626253262,
        0.16237976320958225,
        0.11796616305110547,
        0.15934435979977452,
        0.13531646934131855,
        0.15388840315306412,
        0.23070036031614688,
        0.16387638252658618,
        0.1788362990978062,
        0.1795175827043134,
        0.17258376589355096,
        0.12979099785809492,
        0.11048543456039805,
        0.17258376589355096,
        0.14149039278339715,
        0.12380067004171576,
        0.19008632907181935,
        0.16010860571811872,
        0.17608480733726006,
        0.234375,
        0.18619336387207788,
        0.18944305707784595
    ],
    [
        0.15625,
        0.11692679333668567,
        0.34481369516740484,
        0.15467960838455727,
        0.14235052467412967,
        0.15309310892394862,
        0.11267347735824966,
        0.16387638252658618,
        0.11048543456039805,
        0.2543565718140579,
        0.07493486755176124,
        0.11048543456039805,
        0.12597277731716483,
        0.11587810136086973,
        0.0,
        0.14740595518838442,
        0.11158481919598204,
        0.1711632992203644,
        0.1514899955442603,
        0.13258252147247765,
        0.078125,
        0.15917402906183464,
        0.23228232417685166,
        0.12789613706050704,
        0.16535945694153692,
        0.15388840315306412,
        0.14574029770451274,
        0.19200321449132043,
        0.13258252147247765,
        0.06442352540027595,
        0.10597390598633231,
        0.09882117688026186,
        0.09375,
        0.22642776165920997,
        0.17608480733726006,
        0.14574029770451274,
        0.14235052467412967,
        0.13621559198564606,
        0.08838834764831845,
        0.08699631816921909,
        0.1514899955442603,
        0.11267347735824966,
        0.10862840424278236,
        0.16010860571811872,
        0.1269381000724369,
        0.14574029770451274,
        0.23070036031614688,
        0.17328963291264715,
        0.14235052467412967
    ],
    [
        0.17746588580625855,
        0.18944305707784595,
        0.3836884111815211,
        0.19136638615493579,
        0.19008632907181935,
        0.19008632907181935,
        0.1781524101717403,
        0.19327057620082783,
        0.18355218944485516,
        0.26836818808308854,
        0.14574029770451274,
        0.14490028899212037,
        0.17746588580625855,
        0.1307281291459493,
        0.14740595518838442,
        0.0,
        0.1926379375927805,
        0.22696623509896796,
        0.16682934768798924,
        0.19515618744994995,
        0.12203515118604147,
        0.19667924571353337,
        0.27775607554111215,
        0.16312978920172735,
        0.21194781197266463,
        0.16387638252658618,
        0.18288593610499415,
        0.17469281074217108,
        0.19948664585630788,
        0.15467960838455727,
        0.13710881855300192,
        0.17258376589355096,
        0.14490028899212037,
        0.24655834121967968,
        0.18944305707784595,
        0.20846350100197397,
        0.2096313728906053,
        0.19515618744994995,
        0.16828640022295324,
        0.14405538214520136,
        0.19008632907181935,
        0.1767766952966369,
        0.12926743381240477,
        0.19578068884596356,
        0.16237976320958225,
        0.19200321449132043,
        0.2538762001448738,
        0.20669932117692114,
        0.20669932117692114
    ],
    [
        0.21079277442550065,
        0.11692679333668567,
        0.4721232790543165,
        0.16387638252658618,
        0.1316585902058806,
        0.15309310892394862,
        0.15934435979977452,
        0.2415566380271923,
        0.10004881620988826,
        0.22910747341586218,
        0.11796616305110547,
        0.08699631816921909,
        0.11692679333668567,
        0.1316585902058806,
        0.11158481919598204,
        0.1926379375927805,
        0.0,
        0.1316585902058806,
        0.15546678704790937,
        0.11048543456039805,
        0.1269381000724369,
        0.13461299982625088,
        0.3159960690024482,
        0.1316585902058806,
        0.1795175827043134,
        0.13887803777055607,
        0.16010860571811872,
        0.25242960033442985,
        0.13258252147247765,
        0.10004881620988826,
        0.14905300022139775,
        0.07328774624724109,
        0.13531646934131855,
        0.20787710461953235,
        0.1269381000724369,
        0.109375,
        0.15309310892394862,
        0.15857643070456592,
        0.10364452469860624,
        0.11899645477912357,
        0.14574029770451274,
        0.09757809372497497,
        0.12412890924805191,
        0.18684782411095935,
        0.14657549249448218,
        0.1288470508005519,
        0.20846350100197397,
        0.1795175827043134,
        0.1514899955442603
    ],
    [
        0.2096313728906053,
        0.08267972847076846,
        0.560543472332878,
        0.08267972847076846,
        0.06442352540027595,
        0.08414320011147662,
        0.12401959270615269,
        0.3299798762803574,
        0.1570293065800139,
        0.08267972847076846,
        0.17399263633843817,
        0.12103072956898178,
        0.12103072956898178,
        0.1875,
        0.1711632992203644,
        0.22696623509896796,
        0.1316585902058806,
        0.0,
        0.11048543456039805,
        0.05412658773652741,
        0.19008632907181935,
        0.05412658773652743,
        0.45150572739999656,
        0.22480460265528374,
        0.05412658773652741,
        0.08414320011147662,
        0.07967217989988726,
        0.28598445652692384,
        0.071602745233685,
        0.14320549046737,
        0.15780476466190746,
        0.0855816496101822,
        0.15546678704790937,
        0.07654655446197431,
        0.05633673867912483,
        0.06442352540027595,
        0.05633673867912483,
        0.07493486755176124,
        0.12597277731716483,
        0.20787710461953235,
        0.06810779599282303,
        0.078125,
        0.1712425231538916,
        0.08267972847076846,
        0.13258252147247765,
        0.0924387466109315,
        0.07654655446197431,
        0.05633673867912483,
        0.05182226234930312
    ],
    [
        0.13258252147247765,
        0.10004881620988826,
        0.47264010819544294,
        0.10004881620988826,
        0.071602745233685,
        0.09757809372497497,
        0.10364452469860624,
        0.22316963839196408,
        0.13621559198564606,
        0.13887803777055607,
        0.14823176532039278,
        0.109375,
        0.109375,
        0.1795175827043134,
        0.1514899955442603,
        0.16682934768798924,
        0.15546678704790937,
        0.11048543456039805,
        0.0,
        0.07967217989988726,
        0.13710881855300192,
        0.1003195848138449,
        0.3647692978102735,
        0.214808235701055,
        0.10004881620988826,
        0.05633673867912483,
        0.10004881620988826,
        0.20070675904164265,
        0.09757809372497497,
        0.15467960838455727,
        0.11899645477912357,
        0.12303137303143455,
        0.10364452469860624,
        0.12979099785809492,
        0.09882117688026186,
        0.1137517170200081,
        0.10481568644530265,
        0.10597390598633231,
        0.12103072956898178,
        0.1795175827043134,
        0.08267972847076846,
        0.09504316453590968,
        0.13779954745128076,
        0.09110862335695782,
        0.06442352540027595,
        0.06051536478449089,
        0.13799626353637262,
        0.08838834764831845,
        0.10245997694221876
    ],
    [
        0.1795175827043134,
        0.04941058844013093,
        0.5351419934232409,
        0.06629126073623882,
        0.046875,
        0.06442352540027595,
        0.1137517170200081,
        0.28895690638917076,
        0.12979099785809492,
        0.10126157341262282,
        0.15229366163764005,
        0.09375,
        0.10245997694221876,
        0.16682934768798924,
        0.13258252147247765,
        0.19515618744994995,
        0.11048543456039805,
        0.05412658773652741,
        0.07967217989988726,
        0.0,
        0.14740595518838442,
        0.04450001950686213,
        0.39958474539201316,
        0.19200321449132043,
        0.071602745233685,
        0.071602745233685,
        0.07967217989988726,
        0.2460627460628691,
        0.06051536478449089,
        0.12401959270615269,
        0.1335000585205864,
        0.07654655446197431,
        0.12303137303143455,
        0.08118988160479113,
        0.05182226234930312,
        0.04419417382415922,
        0.05846339666834283,
        0.06987712429686843,
        0.10126157341262282,
        0.17399263633843817,
        0.04941058844013093,
        0.04941058844013093,
        0.14043196627825794,
        0.0855816496101822,
        0.10711960313126631,
        0.05633673867912483,
        0.08699631816921909,
        0.06987712429686843,
        0.046875
    ],
    [
        0.15546678704790937,
        0.12789613706050704,
        0.39435717075387383,
        0.14740595518838442,
        0.14490028899212037,
        0.14574029770451274,
        0.1307281291459493,
        0.1608692209529219,
        0.12597277731716483,
        0.23333100817293873,
        0.0855816496101822,
        0.11048543456039805,
        0.11796616305110547,
        0.10245997694221876,
        0.078125,
        0.12203515118604147,
        0.1269381000724369,
        0.19008632907181935,
        0.13710881855300192,
        0.14740595518838442,
        0.0,
        0.15968447621620718,
        0.2576941016011038,
        0.11048543456039805,
        0.1711632992203644,
        0.14740595518838442,
        0.14823176532039278,
        0.17328963291264715,
        0.15068204314051492,
        0.09882117688026186,
        0.109375,
        0.11158481919598204,
        0.10126157341262282,
        0.2013140426050801,
        0.15309310892394862,
        0.15467960838455727,
        0.16755945773068137,
        0.15068204314051492,
        0.11481983169296148,
        0.078125,
        0.15625,
        0.12303137303143455,
        0.090361206108841,
        0.1753901900050285,
        0.14320549046737,
        0.16682934768798924,
        0.20787710461953235,
        0.1711632992203644,
        0.16387638252658618
    ],
    [
        0.1800456876817042,
        0.061405344388289554,
        0.553555427316101,
        0.04067838372868047,
        0.055853152576893765,
        0.05585315257689378,
        0.08430423987624293,
        0.31949633485552087,
        0.1793664099762767,
        0.08526409137367137,
        0.14499386361536515,
        0.10192909266031733,
        0.11842517709272993,
        0.17336788517805454,
        0.15917402906183464,
        0.19667924571353337,
        0.13461299982625088,
        0.05412658773652743,
        0.1003195848138449,
        0.04450001950686213,
        0.15968447621620718,
        0.0,
        0.44426808566950254,
        0.21681935725519424,
        0.044500019506862144,
        0.07725206757391317,
        0.053114786599924836,
        0.27218213813445663,
        0.07672354095133456,
        0.12543327686241973,
        0.12147816447594373,
        0.07672354095133456,
        0.11945150980395534,
        0.052083333333333336,
        0.03645833333333332,
        0.053623073650973976,
        0.045105489780439524,
        0.045405197328548676,
        0.11576099359840035,
        0.1907985321251479,
        0.05487319662944136,
        0.08135676745736099,
        0.12768386116803396,
        0.07511565157216643,
        0.10259226876870942,
        0.07475364632503814,
        0.06006543018057708,
        0.04745017489137655,
        0.04968433340713259
    ],
    [
        0.3657718722099883,
        0.358013726168425,
        0.1781524101717403,
        0.4501518840902479,
        0.41191957270200213,
        0.4157542092390647,
        0.36876324128768584,
        0.1788362990978062,
        0.29563887388163285,
        0.53125,
        0.24853083938416978,
        0.34798527267687634,
        0.3255104164999947,
        0.3190715290103459,
        0.23228232417685166,
        0.27775607554111215,
        0.3159960690024482,
        0.45150572739999656,
        0.3647692978102735,
        0.39958474539201316,
        0.2576941016011038,
        0.44426808566950254,
        0.0,
        0.22534695471649932,
        0.4674461031766122,
        0.3915613776919271,
        0.4544699866327808,
        0.213096589015404,
        0.37629983058725924,
        0.2628531850196988,
        0.2821167200823092,
        0.3398212995458054,
        0.28341183042526646,
        0.5031638183782693,
        0.46140072063229376,
        0.4180965050081141,
        0.4640388251536718,
        0.45069390943299864,
        0.3583545294118661,
        0.22426093897511443,
        0.42961647140211,
        0.34903606099513557,
        0.2932435054220677,
        0.4592793267718459,
        0.3603925810834624,
        0.4014135180832853,
        0.5291779444336281,
        0.4831132760543846,
        0.4044430970482745
    ],
    [
        0.24105075969596113,
        0.1690102160373745,
        0.3412551510600243,
        0.22316963839196408,
        0.2125229766989913,
        0.2209708691207961,
        0.22041774968227945,
        0.19578068884596356,
        0.18421603316486868,
        0.2910615001593306,
        0.12789613706050704,
        0.14823176532039278,
        0.19640320453088336,
        0.15546678704790937,
        0.12789613706050704,
        0.16312978920172735,
        0.1316585902058806,
        0.22480460265528374,
        0.214808235701055,
        0.19200321449132043,
        0.11048543456039805,
        0.21681935725519424,
        0.22534695471649932,
        0.0,
        0.2567449488305466,
        0.19764235376052372,
        0.22426093897511443,
        0.19825902406952375,
        0.22041774968227945,
        0.11692679333668567,
        0.14986973510352247,
        0.13710881855300192,
        0.15229366163764005,
        0.25958199571618984,
        0.19578068884596356,
        0.1801962905417312,
        0.22910747341586218,
        0.2275034340400162,
        0.16237976320958225,
        0.08699631816921909,
        0.22534695471649932,
        0.20252314682524564,
        0.10058962456160399,
        0.26972932033800107,
        0.22426093897511443,
        0.23541436208311506,
        0.2651650429449553,
        0.2543565718140579,
        0.23228232417685166
    ],
    [
        0.18288593610499415,
        0.07654655446197431,
        0.5779138127783415,
        0.046875,
        0.06987712429686843,
        0.06442352540027595,
        0.08699631816921909,
        0.3714020101251473,
        0.21079277442550065,
        0.06442352540027595,
        0.16312978920172735,
        0.12103072956898178,
        0.14986973510352247,
        0.19008632907181935,
        0.16535945694153692,
        0.21194781197266463,
        0.1795175827043134,
        0.05412658773652741,
        0.10004881620988826,
        0.071602745233685,
        0.1711632992203644,
        0.044500019506862144,
        0.4674461031766122,
        0.2567449488305466,
        0.0,
        0.07967217989988726,
        0.05633673867912483,
        0.3001464486296648,
        0.08699631816921909,
        0.13887803777055607,
        0.13441133229754104,
        0.12103072956898178,
        0.14823176532039278,
        0.04419417382415922,
        0.05182226234930312,
        0.05633673867912483,
        0.038273277230987154,
        0.04941058844013093,
        0.12401959270615269,
        0.213096589015404,
        0.06629126073623882,
        0.08838834764831845,
        0.16221261981663995,
        0.06051536478449089,
        0.09631896879639025,
        0.08414320011147662,
        0.05182226234930312,
        0.02209708691207961,
        0.03125
    ],
    [
        0.14657549249448218,
        0.09110862335695782,
        0.5177512976806529,
        0.0855816496101822,
        0.08118988160479113,
        0.09504316453590968,
        0.10825317547305482,
        0.2572199630180364,
        0.12303137303143455,
        0.12103072956898178,
        0.15546678704790937,
        0.09882117688026186,
        0.109375,
        0.15546678704790937,
        0.15388840315306412,
        0.16387638252658618,
        0.13887803777055607,
        0.08414320011147662,
        0.05633673867912483,
        0.071602745233685,
        0.14740595518838442,
        0.07725206757391317,
        0.3915613776919271,
        0.19764235376052372,
        0.07967217989988726,
        0.0,
        0.078125,
        0.22426093897511443,
        0.07493486755176124,
        0.14574029770451274,
        0.1137517170200081,
        0.09882117688026186,
        0.11048543456039805,
        0.11158481919598204,
        0.071602745233685,
        0.09110862335695782,
        0.07654655446197431,
        0.0897587913521567,
        0.10481568644530265,
        0.18221724671391565,
        0.05846339666834283,
        0.06051536478449089,
        0.13176156917368245,
        0.07967217989988726,
        0.09375,
        0.071602745233685,
        0.11796616305110547,
        0.078125,
        0.078125
    ],
    [
        0.15780476466190746,
        0.0855816496101822,
        0.5738864897564674,
        0.05633673867912483,
        0.071602745233685,
        0.078125,
        0.0855816496101822,
        0.3401803290168319,
        0.18355218944485516,
        0.09375,
        0.14574029770451274,
        0.10481568644530265,
        0.1269381000724369,
        0.16461958988832404,
        0.14574029770451274,
        0.18288593610499415,
        0.16010860571811872,
        0.07967217989988726,
        0.10004881620988826,
        0.07967217989988726,
        0.14823176532039278,
        0.053114786599924836,
        0.4544699866327808,
        0.22426093897511443,
        0.05633673867912483,
        0.078125,
        0.0,
        0.27198273727389394,
        0.09110862335695782,
        0.12597277731716483,
        0.125,
        0.10481568644530265,
        0.13258252147247765,
        0.078125,
        0.05633673867912483,
        0.07328774624724109,
        0.05633673867912483,
        0.04133986423538423,
        0.10597390598633231,
        0.19327057620082783,
        0.0625,
        0.08414320011147662,
        0.12704490539219238,
        0.071602745233685,
        0.09631896879639025,
        0.08267972847076846,
        0.08118988160479113,
        0.0625,
        0.06051536478449089
    ],
    [
        0.23644915547533682,
        0.22696623509896796,
        0.2159417962669571,
        0.2619227283475033,
        0.24902152266420668,
        0.24951124097923924,
        0.240035804620894,
        0.17469281074217108,
        0.240035804620894,
        0.34161267357930386,
        0.184877493221863,
        0.22803936748947537,
        0.234375,
        0.21423920626253262,
        0.19200321449132043,
        0.17469281074217108,
        0.25242960033442985,
        0.28598445652692384,
        0.20070675904164265,
        0.2460627460628691,
        0.17328963291264715,
        0.27218213813445663,
        0.213096589015404,
        0.19825902406952375,
        0.3001464486296648,
        0.22426093897511443,
        0.27198273727389394,
        0.0,
        0.25146057717861064,
        0.20551478809321727,
        0.15388840315306412,
        0.22803936748947537,
        0.16973094517500337,
        0.3089643739575811,
        0.26836818808308854,
        0.2670001170411728,
        0.29315098498896436,
        0.2786336640644845,
        0.2445699350390395,
        0.18288593610499415,
        0.26608416196760004,
        0.2348952559120767,
        0.15659683727471782,
        0.2821167200823092,
        0.21930732574403436,
        0.24803918541230538,
        0.3325593227155119,
        0.29933193844793776,
        0.26238836912104163
    ],
    [
        0.19578068884596356,
        0.07967217989988726,
        0.4772663859156645,
        0.09631896879639025,
        0.06629126073623882,
        0.08414320011147662,
        0.10711960313126631,
        0.2768757054167086,
        0.12103072956898178,
        0.1269381000724369,
        0.13621559198564606,
        0.10364452469860624,
        0.08414320011147662,
        0.16237976320958225,
        0.13258252147247765,
        0.19948664585630788,
        0.13258252147247765,
        0.071602745233685,
        0.09757809372497497,
        0.06051536478449089,
        0.15068204314051492,
        0.07672354095133456,
        0.37629983058725924,
        0.22041774968227945,
        0.08699631816921909,
        0.07493486755176124,
        0.09110862335695782,
        0.25146057717861064,
        0.0,
        0.125,
        0.14574029770451274,
        0.0924387466109315,
        0.13441133229754104,
        0.11158481919598204,
        0.07654655446197431,
        0.08118988160479113,
        0.06987712429686843,
        0.08414320011147662,
        0.09504316453590968,
        0.17469281074217108,
        0.06051536478449089,
        0.05633673867912483,
        0.14639030544328327,
        0.10126157341262282,
        0.10711960313126631,
        0.08118988160479113,
        0.11587810136086973,
        0.09110862335695782,
        0.06442352540027595
    ],
    [
        0.18154609435347266,
        0.11267347735824966,
