[
    [
        0.0,
        1.125,
        0.375,
        1.8200274723201295,
        0.5448623679425842,
        0.8003905296791061,
        0.39528470752104744,
        0.6346477588219923,
        1.4947825928876748,
        0.9519716382329886,
        0.0,
        1.118033988749895,
        0.82915619758885,
        0.9354143466934853,
        1.118033988749895,
        1.0101525445522108,
        1.2747548783981961,
        1.159202311936963,
        0.625,
        0.82915619758885,
        0.6744339190099436,
        1.0968705484240153,
        0.44682522061515034,
        1.58607219255619,
        1.0736748938937604,
        0.414578098794425,
        0.57282196186948,
        0.8789592962387078,
        0.9886859966642595,
        0.5965758776365148,
        0.82915619758885,
        0.5863019699779287,
        0.7905694150420949,
        0.82915619758885,
        0.1767766952966369,
        0.375,
        0.673145600891813,
        0.5,
        0.6744339190099436,
        0.82915619758885,
        0.9446486707295528,
        0.7603453162872774,
        0.739509972887452,
        0.9195031871130797,
        0.46770717334674267,
        0.770551750371122,
        0.5303300858899106,
        0.21650635094610965,
        0.45069390943299864,
        0.5590169943749475
    ],
    [
        1.125,
        0.0,
        1.0,
        1.25,
        0.8100925873009825,
        0.673145600891813,
        0.9270248108869579,
        0.7861650943380504,
        1.0825317547305484,
        0.8569568250501305,
        1.125,
        0.8477912478906585,
        0.9013878188659973,
        0.739509972887452,
        0.8385254915624212,
        0.7531820253201122,
        0.960143218483576,
        0.8569568250501305,
        0.8385254915624212,
        0.8477912478906585,
        0.8122328620674137,
        0.9519716382329886,
        0.8887803753208976,
        1.286953767623375,
        1.044163673845139,
        0.8477912478906585,
        0.8100925873009825,
        1.0146496384904933,
        0.8154753215150046,
        0.8057949835755716,
        0.9437293044088437,
        0.8660254037844386,
        0.7180703308172536,
        0.7071067811865476,
        1.0752906583803283,
        0.8838834764831844,
        1.015504800579495,
        0.7806247497997998,
        0.7927623996016854,
        0.8100925873009825,
        0.8122328620674137,
        0.770551750371122,
        0.8569568250501305,
        0.7817359599705717,
        0.81967981553775,
        0.6614378277661477,
        0.8926785535678563,
        1.0,
        0.9270248108869579,
        1.103970108290981
    ],
    [
        0.375,
        1.0,
        0.0,
        1.4415703243338496,
        0.46770717334674267,
        0.770551750371122,
        0.414578098794425,
        0.4912427551063165,
        1.2119199643540823,
        0.81967981553775,
        0.375,
        0.9762812094883317,
        0.7071067811865476,
        0.81967981553775,
        0.9185586535436918,
        0.7779650325282844,
        0.9921567416492215,
        0.9354143466934853,
        0.5590169943749475,
        0.649519052838329,
        0.5068968775248517,
        0.7905694150420949,
        0.26352313834736496,
        1.286953767623375,
        0.8047169964928319,
        0.45069390943299864,
        0.5303300858899106,
        0.6137883276106765,
        0.8400148808205722,
        0.4912427551063165,
        0.6846531968814576,
        0.5,
        0.673145600891813,
        0.7180703308172536,
        0.25,
        0.375,
        0.46770717334674267,
        0.5,
        0.5220818369225695,
        0.75,
        0.733617369235792,
        0.6959705453537527,
        0.5448623679425842,
        0.6428020258558964,
        0.46770717334674267,
        0.6959705453537527,
        0.45069390943299864,
        0.30618621784789724,
        0.39528470752104744,
        0.30618621784789724
    ],
    [
        1.8200274723201295,
        1.25,
        1.4415703243338496,
        0.0,
        1.2930100540985752,
        1.4142135623730951,
        1.648863244784115,
        1.2651855375574146,
        1.0,
        1.3050383136138188,
        1.8540496217739157,
        1.125,
        1.3975424859373686,
        1.346291201783626,
        1.3863170633011772,
        1.1281136051490777,
        1.103970108290981,
        1.1524430571616109,
        1.2686114456365274,
        1.357847561400027,
        1.2169234888758529,
        1.1110243021644486,
        1.5377201739371613,
        1.0,
        1.2040152730666573,
        1.7320508075688772,
        1.4577379737113252,
        1.4270453157953091,
        0.97082439194738,
        1.36613302589625,
        1.2808688457449497,
        1.286953767623375,
        1.3169567191065923,
        1.340475661845451,
        1.6583123951777,
        1.7275343701356567,
        1.5512092057488571,
        1.541103500742244,
        1.4487782208928093,
        1.2374368670764582,
        1.0809268142560706,
        1.352081728298996,
        1.2183492931011204,
        1.1441275181454984,
        1.5512092057488571,
        1.286953767623375,
        1.4842927608797396,
        1.7897276329095442,
        1.505199322349037,
        1.4523687548277813
    ],
    [
        0.5448623679425842,
        0.8100925873009825,
        0.46770717334674267,
        1.2930100540985752,
        0.0,
        0.57282196186948,
        0.375,
        0.39747466725706065,
        1.14564392373896,
        0.673145600891813,
        0.5448623679425842,
        0.8385254915624212,
        0.6959705453537527,
        0.5590169943749475,
        0.8385254915624212,
        0.6733824155344572,
        0.9100137361600648,
        0.8100925873009825,
        0.33071891388307384,
        0.625,
        0.39086797998528583,
        0.7180703308172536,
        0.3333333333333333,
        1.3287682265918312,
        0.8670271686118671,
        0.2795084971874737,
        0.30618621784789724,
        0.6468406123441677,
        0.6773108592072034,
        0.3333333333333333,
        0.57282196186948,
        0.375,
        0.4330127018922193,
        0.5303300858899106,
        0.5448623679425842,
        0.30618621784789724,
        0.5153882032022076,
        0.25,
        0.4639803635691685,
        0.625,
        0.6346477588219923,
        0.4841229182759271,
        0.5303300858899106,
        0.5965758776365148,
        0.30618621784789724,
        0.46770717334674267,
        0.39528470752104744,
        0.414578098794425,
        0.30618621784789724,
        0.5994789404140899
    ],
    [
        0.8003905296791061,
        0.673145600891813,
        0.770551750371122,
        1.4142135623730951,
        0.57282196186948,
        0.0,
        0.6614378277661477,
        0.49826086429589156,
        1.1858541225631423,
        0.6846531968814576,
        0.8003905296791061,
        0.6846531968814576,
        0.7180703308172536,
        0.5303300858899106,
        0.6959705453537527,
        0.7104809380027772,
        0.9270248108869579,
        0.8003905296791061,
        0.5590169943749475,
        0.7180703308172536,
        0.5877806658194119,
        0.8385254915624212,
        0.6588078458684123,
        1.3110110602126894,
        0.9004242827072629,
        0.5863019699779287,
        0.5448623679425842,
        0.8426561840065285,
        0.796084166404533,
        0.5286907308520633,
        0.7180703308172536,
        0.6123724356957945,
        0.5153882032022076,
        0.5153882032022076,
        0.8100925873009825,
        0.6123724356957945,
        0.8100925873009825,
        0.5303300858899106,
        0.5877806658194119,
        0.5,
        0.7083333333333334,
        0.45069390943299864,
        0.673145600891813,
        0.6137883276106765,
        0.57282196186948,
        0.4330127018922193,
        0.6373774391990981,
        0.7071067811865476,
        0.5994789404140899,
        0.8926785535678563
    ],
    [
        0.39528470752104744,
        0.9270248108869579,
        0.414578098794425,
        1.648863244784115,
        0.375,
        0.6614378277661477,
        0.0,
        0.5120085719768545,
        1.352081728298996,
        0.739509972887452,
        0.39528470752104744,
        0.9682458365518543,
        0.6959705453537527,
        0.7180703308172536,
        0.9185586535436918,
        0.8320355540872675,
        1.0532687216470449,
        0.9013878188659973,
        0.45069390943299864,
        0.739509972887452,
        0.5605676686280713,
        0.9013878188659973,
        0.3254270698294439,
        1.5360257159305635,
        0.8907315969346646,
        0.33071891388307384,
        0.414578098794425,
        0.7850601533923656,
        0.7558108228915488,
        0.4639803635691685,
        0.6123724356957945,
        0.33071891388307384,
        0.5590169943749475,
        0.6373774391990981,
        0.4330127018922193,
        0.2795084971874737,
        0.57282196186948,
        0.39528470752104744,
        0.5743353646704259,
        0.6373774391990981,
        0.6859199013814303,
        0.5994789404140899,
        0.649519052838329,
        0.7817359599705717,
        0.30618621784789724,
        0.57282196186948,
        0.33071891388307384,
        0.25,
        0.30618621784789724,
        0.5994789404140899
    ],
    [
        0.6346477588219923,
        0.7861650943380504,
        0.4912427551063165,
        1.2651855375574146,
        0.39747466725706065,
        0.49826086429589156,
        0.5120085719768545,
        0.0,
        1.0433320021290762,
        0.5833333333333334,
        0.6346477588219923,
        0.7204840194079409,
        0.5833333333333334,
        0.5270462766947299,
        0.7046472718869902,
        0.5926730446616252,
        0.8436856971381911,
        0.689706056551952,
        0.4639803635691685,
        0.5743353646704259,
        0.32542706982944397,
        0.6263873490988712,
        0.414578098794425,
        1.177037240985461,
        0.7288689868556626,
        0.3908679799852858,
        0.3908679799852858,
        0.5590169943749475,
        0.6854641574226263,
        0.25,
        0.5965758776365148,
        0.4805234414446165,
        0.485912657903775,
        0.4639803635691685,
        0.5605676686280713,
        0.42898458920779164,
        0.5605676686280713,
        0.3254270698294439,
        0.37267799624996495,
        0.5432668671002208,
        0.6346477588219923,
        0.39308254716902513,
        0.4039733214513608,
        0.5204164998665333,
        0.3908679799852858,
        0.44682522061515034,
        0.5120085719768545,
        0.5270462766947299,
        0.42898458920779164,
        0.6263873490988712
    ],
    [
        1.4947825928876748,
        1.0825317547305484,
        1.2119199643540823,
        1.0,
        1.14564392373896,
        1.1858541225631423,
        1.352081728298996,
        1.0433320021290762,
        0.0,
        1.118033988749895,
        1.4947825928876748,
        0.9013878188659973,
        1.1388041973930374,
        1.2119199643540823,
        1.1110243021644486,
        0.9028017614117527,
        0.82915619758885,
        0.8385254915624212,
        1.118033988749895,
        1.0458250331675945,
        0.9921567416492215,
        0.7603453162872774,
        1.2665570127975552,
        0.81967981553775,
        0.898494110535326,
        1.375,
        1.2624381172952597,
        1.0655593210453684,
        0.9158329542007102,
        1.1016086722001903,
        1.1858541225631423,
        1.1726039399558574,
        1.1319231422671772,
        1.1110243021644486,
        1.3228756555322954,
        1.3863170633011772,
        1.1858541225631423,
        1.2747548783981961,
        1.0897247358851685,
        1.0532687216470449,
        0.9601432184835761,
        1.125,
        0.9270248108869579,
        0.8569568250501306,
        1.2747548783981961,
        1.14564392373896,
        1.299038105676658,
        1.4252192813739224,
        1.25,
        1.14564392373896
    ],
    [
        0.9519716382329886,
        0.8569568250501305,
        0.81967981553775,
        1.3050383136138188,
        0.673145600891813,
        0.6846531968814576,
        0.739509972887452,
        0.5833333333333334,
        1.118033988749895,
        0.0,
        0.9519716382329886,
        0.739509972887452,
        0.649519052838329,
        0.6959705453537527,
        0.739509972887452,
        0.6881374595713462,
        0.9013878188659973,
        0.75,
        0.5863019699779287,
        0.770551750371122,
        0.6627489050244528,
        0.8100925873009825,
        0.7371585838730889,
        1.2808688457449497,
        0.8079466429027216,
        0.7071067811865476,
        0.5863019699779287,
        0.905231707600018,
        0.724137417898012,
        0.5833333333333334,
        0.649519052838329,
        0.6123724356957945,
        0.5863019699779287,
        0.5994789404140899,
        0.8926785535678563,
        0.7071067811865476,
        0.8926785535678563,
        0.649519052838329,
        0.6627489050244528,
        0.5,
        0.6744339190099436,
        0.6373774391990981,
        0.673145600891813,
        0.6972166887783964,
        0.6614378277661477,
        0.5448623679425842,
        0.6846531968814576,
        0.81967981553775,
        0.6373774391990981,
        0.9100137361600648
    ],
    [
        0.0,
        1.125,
        0.375,
        1.8540496217739157,
        0.5448623679425842,
        0.8003905296791061,
        0.39528470752104744,
        0.6346477588219923,
        1.4947825928876748,
        0.9519716382329886,
        0.0,
        1.118033988749895,
        0.82915619758885,
        0.9354143466934853,
        1.118033988749895,
        1.0101525445522108,
        1.2747548783981961,
        1.159202311936963,
        0.625,
        0.82915619758885,
        0.6744339190099436,
        1.0968705484240153,
        0.44682522061515034,
        1.625,
        1.0952866190079096,
        0.414578098794425,
        0.57282196186948,
        0.8789592962387078,
        0.9886859966642595,
        0.5965758776365148,
        0.8477912478906585,
        0.5863019699779287,
        0.7905694150420949,
        0.82915619758885,
        0.1767766952966369,
        0.375,
        0.673145600891813,
        0.5,
        0.6744339190099436,
        0.82915619758885,
        0.9446486707295528,
        0.7603453162872774,
        0.739509972887452,
        0.9195031871130797,
        0.46770717334674267,
        0.770551750371122,
        0.5303300858899106,
        0.21650635094610965,
        0.45069390943299864,
        0.5590169943749475
    ],
    [
        1.118033988749895,
        0.8477912478906585,
        0.9762812094883317,
        1.125,
        0.8385254915624212,
        0.6846531968814576,
        0.9682458365518543,
        0.7204840194079409,
        0.9013878188659973,
        0.739509972887452,
        1.118033988749895,
        0.0,
        0.5994789404140899,
        0.8003905296791061,
        0.673145600891813,
        0.6162654973834785,
        0.6123724356957945,
        0.6614378277661477,
        0.75,
        0.9519716382329886,
        0.8343743497708661,
        0.75,
        0.9372684899334993,
        1.0231690964840563,
        0.7046472718869902,
        0.8926785535678563,
        0.8569568250501305,
        1.0112217582926333,
        0.7762087348130012,
        0.7626252174051302,
        0.770551750371122,
        0.8385254915624212,
        0.7806247497997998,
        0.649519052838329,
        1.0383279828647594,
        0.9270248108869579,
        1.0606601717798212,
        0.82915619758885,
        0.8670271686118671,
        0.625,
        0.8799463367476198,
        0.6846531968814576,
        0.6959705453537527,
        0.7083333333333334,
        0.875,
        0.7603453162872774,
        0.9354143466934853,
        1.0307764064044151,
        0.8569568250501305,
        1.103970108290981
    ],
    [
        0.82915619758885,
        0.9013878188659973,
        0.7071067811865476,
        1.3975424859373686,
        0.6959705453537527,
        0.7180703308172536,
        0.6959705453537527,
        0.5833333333333334,
        1.1388041973930374,
        0.649519052838329,
        0.82915619758885,
        0.5994789404140899,
        0.0,
        0.7806247497997998,
        0.625,
        0.549234160686775,
        0.649519052838329,
        0.7071067811865476,
        0.5994789404140899,
        0.81967981553775,
        0.7406828681096325,
        0.770551750371122,
        0.7264831572567789,
        1.2054563451241194,
        0.5697830971323893,
        0.673145600891813,
        0.649519052838329,
        0.8700255424092126,
        0.6680194607943694,
        0.5833333333333334,
        0.5863019699779287,
        0.6123724356957945,
        0.6959705453537527,
        0.5303300858899106,
        0.7603453162872774,
        0.6959705453537527,
        0.875,
        0.6614378277661477,
        0.6972166887783964,
        0.5153882032022076,
        0.7406828681096325,
        0.6373774391990981,
        0.5153882032022076,
        0.6263873490988712,
        0.649519052838329,
        0.6373774391990981,
        0.6614378277661477,
        0.75,
        0.6123724356957945,
        0.82915619758885
    ],
    [
        0.9354143466934853,
        0.739509972887452,
        0.81967981553775,
        1.346291201783626,
        0.5590169943749475,
        0.5303300858899106,
        0.7180703308172536,
        0.5270462766947299,
        1.2119199643540823,
        0.6959705453537527,
        0.9354143466934853,
        0.8003905296791061,
        0.7806247497997998,
        0.0,
        0.739509972887452,
        0.7213932098830056,
        0.9354143466934853,
        0.7905694150420949,
        0.46770717334674267,
        0.8003905296791061,
        0.6387379048648288,
        0.8100925873009825,
        0.7046472718869902,
        1.2686114456365274,
        0.8730136183232068,
        0.6373774391990981,
        0.5448623679425842,
        0.8518770125108698,
        0.6796138609534094,
        0.5833333333333334,
        0.625,
        0.6123724356957945,
        0.57282196186948,
        0.5303300858899106,
        0.8926785535678563,
        0.6614378277661477,
        0.8477912478906585,
        0.5590169943749475,
        0.6859199013814303,
        0.5994789404140899,
        0.6972166887783964,
        0.4841229182759271,
        0.6846531968814576,
        0.7817359599705717,
        0.5994789404140899,
        0.5,
        0.649519052838329,
        0.7806247497997998,
        0.6123724356957945,
        0.9185586535436918
    ],
    [
        1.118033988749895,
        0.8385254915624212,
        0.9185586535436918,
        1.3863170633011772,
        0.8385254915624212,
        0.6959705453537527,
        0.9185586535436918,
        0.7046472718869902,
        1.1110243021644486,
        0.739509972887452,
        1.118033988749895,
        0.673145600891813,
        0.625,
        0.739509972887452,
        0.0,
        0.6328587552381911,
        0.8100925873009825,
        0.770551750371122,
        0.7180703308172536,
        0.9185586535436918,
        0.8302024518821365,
        0.8477912478906585,
        0.8907315969346646,
        1.2183492931011204,
        0.7883703303510209,
        0.875,
        0.81967981553775,
        0.9718253158075502,
        0.8710625695092173,
        0.7264831572567789,
        0.770551750371122,
        0.8003905296791061,
        0.770551750371122,
        0.6373774391990981,
        1.0383279828647594,
        0.8569568250501305,
        1.015504800579495,
        0.81967981553775,
        0.8111634305804911,
        0.6959705453537527,
        0.8395600699837452,
        0.6846531968814576,
        0.7806247497997998,
        0.6744339190099436,
        0.8660254037844386,
        0.75,
        0.875,
        0.960143218483576,
        0.7806247497997998,
        1.0532687216470449
    ],
    [
        1.0101525445522108,
        0.7531820253201122,
        0.7779650325282844,
        1.1281136051490777,
        0.6733824155344572,
        0.7104809380027772,
        0.8320355540872675,
        0.5926730446616252,
        0.9028017614117527,
        0.6881374595713462,
        1.0101525445522108,
        0.6162654973834785,
        0.549234160686775,
        0.7213932098830056,
        0.6328587552381911,
        0.0,
        0.6341171751630251,
        0.58275603114574,
        0.6531907556489958,
        0.7338829495726613,
        0.6467036597876701,
        0.6978008458064258,
        0.7445712443201662,
        0.9533105582170813,
        0.6039247111100376,
        0.7427369408244794,
        0.7104809380027772,
        0.8154761904761905,
        0.6418841843529477,
        0.6057114311852474,
        0.6837210613955946,
        0.713839146118096,
        0.653678757775826,
        0.5245868150560137,
        0.866209488259636,
        0.773649250801231,
        0.8212344491119228,
        0.7213932098830056,
        0.6290120659719668,
        0.5632789391281252,
        0.693343798979097,
        0.6531907556489958,
        0.49583726346124357,
        0.5205526454541773,
        0.7104809380027772,
        0.6326067708542269,
        0.8033729913715709,
        0.8865851133790292,
        0.7213932098830056,
        0.9028017614117527
    ],
    [
        1.2747548783981961,
        0.960143218483576,
        0.9921567416492215,
        1.103970108290981,
        0.9100137361600648,
        0.9270248108869579,
        1.0532687216470449,
        0.8436856971381911,
        0.82915619758885,
        0.9013878188659973,
        1.2747548783981961,
        0.6123724356957945,
        0.649519052838329,
        0.9354143466934853,
        0.8100925873009825,
        0.6341171751630251,
        0.0,
        0.7603453162872774,
        0.8838834764831844,
        0.9270248108869579,
        0.9223309842157773,
        0.7288689868556626,
        1.004330899432829,
        0.9185586535436918,
        0.6574889099191459,
        1.015504800579495,
        0.9762812094883317,
        0.9023503261544882,
        0.7237057413065064,
        0.8620067027323833,
        0.9270248108869579,
        0.8660254037844386,
        0.8838834764831844,
        0.770551750371122,
        1.125,
        1.0307764064044151,
        1.0458250331675945,
        0.9762812094883317,
        0.9223309842157773,
        0.770551750371122,
        0.9474014167418394,
        0.8385254915624212,
        0.673145600891813,
        0.689706056551952,
        0.9762812094883317,
        0.9013878188659973,
        1.0,
        1.103970108290981,
        0.9354143466934853,
        1.0680004681646913
    ],
    [
        1.159202311936963,
        0.8569568250501305,
        0.9354143466934853,
        1.1524430571616109,
        0.8100925873009825,
        0.8003905296791061,
        0.9013878188659973,
        0.689706056551952,
        0.8385254915624212,
        0.75,
        1.159202311936963,
        0.6614378277661477,
        0.7071067811865476,
        0.7905694150420949,
        0.770551750371122,
        0.58275603114574,
        0.7603453162872774,
        0.0,
        0.7603453162872774,
        0.6846531968814576,
        0.722889648870728,
        0.5863019699779287,
        0.8965597829729172,
        0.9270248108869579,
        0.6666666666666667,
        0.8569568250501305,
        0.770551750371122,
        0.8207381501496754,
        0.6977642868476431,
        0.7009418267191968,
        0.6846531968814576,
        0.8385254915624212,
        0.7806247497997998,
        0.625,
        1.0458250331675945,
        0.8926785535678563,
        0.8569568250501305,
        0.8003905296791061,
        0.7441904624788229,
        0.6373774391990981,
        0.7441904624788229,
        0.7071067811865476,
        0.625,
        0.6052432935972479,
        0.8477912478906585,
        0.7180703308172536,
        0.9100137361600648,
        1.015504800579495,
        0.8569568250501305,
        0.9842509842514764
    ],
    [
        0.625,
        0.8385254915624212,
        0.5590169943749475,
        1.2686114456365274,
        0.33071891388307384,
        0.5590169943749475,
        0.45069390943299864,
        0.4639803635691685,
        1.118033988749895,
        0.5863019699779287,
        0.625,
        0.75,
        0.5994789404140899,
        0.46770717334674267,
        0.7180703308172536,
        0.6531907556489958,
        0.8838834764831844,
        0.7603453162872774,
        0.0,
        0.7180703308172536,
        0.501733107449679,
        0.7288689868556626,
        0.4658474953124562,
        1.25,
        0.768295371441074,
        0.375,
        0.375,
        0.7750448015724282,
        0.6604922406811453,
        0.42898458920779164,
        0.5153882032022076,
        0.33071891388307384,
        0.4841229182759271,
        0.4841229182759271,
        0.6123724356957945,
        0.39528470752104744,
        0.6123724356957945,
        0.375,
        0.5605676686280713,
        0.5994789404140899,
        0.6263873490988712,
        0.4841229182759271,
        0.5303300858899106,
        0.6263873490988712,
        0.414578098794425,
        0.4330127018922193,
        0.39528470752104744,
        0.5,
        0.30618621784789724,
        0.7180703308172536
    ],
    [
        0.82915619758885,
        0.8477912478906585,
        0.649519052838329,
        1.357847561400027,
        0.625,
        0.7180703308172536,
        0.739509972887452,
        0.5743353646704259,
        1.0458250331675945,
        0.770551750371122,
        0.82915619758885,
        0.9519716382329886,
        0.81967981553775,
        0.8003905296791061,
        0.9185586535436918,
        0.7338829495726613,
        0.9270248108869579,
        0.6846531968814576,
        0.7180703308172536,
        0.0,
        0.4639803635691685,
        0.6846531968814576,
        0.6137883276106765,
        1.2808688457449497,
        0.9195031871130797,
        0.6846531968814576,
        0.673145600891813,
        0.5120085719768545,
        0.7881941385217224,
        0.5605676686280713,
        0.8003905296791061,
        0.75,
        0.649519052838329,
        0.6959705453537527,
        0.7603453162872774,
        0.7071067811865476,
        0.4841229182759271,
        0.6846531968814576,
        0.3908679799852858,
        0.7180703308172536,
        0.41036907507483766,
        0.7180703308172536,
        0.6373774391990981,
        0.5120085719768545,
        0.6846531968814576,
        0.6373774391990981,
        0.7180703308172536,
        0.7603453162872774,
        0.739509972887452,
        0.5863019699779287
    ],
    [
        0.6744339190099436,
        0.8122328620674137,
        0.5068968775248517,
        1.2169234888758529,
        0.39086797998528583,
        0.5877806658194119,
        0.5605676686280713,
        0.32542706982944397,
        0.9921567416492215,
        0.6627489050244528,
        0.6744339190099436,
        0.8343743497708661,
        0.7406828681096325,
        0.6387379048648288,
        0.8302024518821365,
        0.6467036597876701,
        0.9223309842157773,
        0.722889648870728,
        0.501733107449679,
        0.4639803635691685,
        0.0,
        0.5697830971323893,
        0.4289845892077917,
        1.2147816447594375,
        0.8549285220284663,
        0.46955948623269356,
        0.4350127712046063,
        0.46955948623269356,
        0.7303442871535163,
        0.32542706982944397,
        0.6972166887783964,
        0.5170697352496191,
        0.5605676686280713,
        0.6009252125773316,
        0.6346477588219923,
        0.501733107449679,
        0.44682522061515034,
        0.452615853800009,
        0.3535533905932738,
        0.6508541396588879,
        0.5590169943749475,
        0.5319643889501544,
        0.4750730937913075,
        0.5448623679425842,
        0.4859126579037751,
        0.5170697352496191,
        0.5605676686280713,
        0.5743353646704259,
        0.501733107449679,
        0.5416666666666666
    ],
    [
        1.0968705484240153,
        0.9519716382329886,
        0.7905694150420949,
        1.1110243021644486,
        0.7180703308172536,
        0.8385254915624212,
        0.9013878188659973,
        0.6263873490988712,
        0.7603453162872774,
        0.8100925873009825,
        1.0968705484240153,
        0.75,
        0.770551750371122,
        0.8100925873009825,
        0.8477912478906585,
        0.6978008458064258,
        0.7288689868556626,
        0.5863019699779287,
        0.7288689868556626,
        0.6846531968814576,
        0.5697830971323893,
        0.0,
        0.8207381501496754,
        0.9100137361600648,
        0.6972166887783964,
        0.875,
        0.8100925873009825,
        0.5833333333333334,
        0.7044501401802685,
        0.6627489050244528,
        0.739509972887452,
        0.7603453162872774,
        0.82915619758885,
        0.7180703308172536,
        0.9354143466934853,
        0.8926785535678563,
        0.7603453162872774,
        0.81967981553775,
        0.6821127309893709,
        0.7071067811865476,
        0.7046472718869902,
        0.739509972887452,
        0.5448623679425842,
        0.6468406123441677,
        0.8660254037844386,
        0.81967981553775,
        0.8838834764831844,
        0.9519716382329886,
        0.8100925873009825,
        0.75
    ],
    [
        0.44682522061515034,
        0.8887803753208976,
        0.26352313834736496,
        1.5377201739371613,
        0.3333333333333333,
        0.6588078458684123,
        0.3254270698294439,
        0.414578098794425,
        1.2665570127975552,
        0.7371585838730889,
        0.44682522061515034,
        0.9372684899334993,
        0.7264831572567789,
        0.7046472718869902,
        0.8907315969346646,
        0.7445712443201662,
        1.004330899432829,
        0.8965597829729172,
        0.4658474953124562,
        0.6137883276106765,
        0.4289845892077917,
        0.8207381501496754,
        0.0,
        1.3501543121683042,
        0.8488145328109735,
        0.27322660517925,
        0.3703414340548162,
        0.625,
        0.8097067370350824,
        0.4330127018922193,
        0.6346477588219923,
        0.42898458920779164,
        0.5319643889501544,
        0.6346477588219923,
        0.39747466725706065,
        0.2083333333333333,
        0.4370036867375632,
        0.34860834438919813,
        0.4658474953124562,
        0.6947221666888778,
        0.6821127309893709,
        0.6236095644623235,
        0.551198189805123,
        0.6414501799308605,
        0.2763853991962833,
        0.5728219618694801,
        0.34860834438919813,
        0.3254270698294439,
        0.3004626062886657,
        0.46955948623269356
    ],
    [
        1.58607219255619,
        1.286953767623375,
        1.286953767623375,
        1.0,
        1.3287682265918312,
        1.3110110602126894,
        1.5360257159305635,
        1.177037240985461,
        0.81967981553775,
        1.2808688457449497,
        1.625,
        1.0231690964840563,
        1.2054563451241194,
        1.2686114456365274,
        1.2183492931011204,
        0.9533105582170813,
        0.9185586535436918,
        0.9270248108869579,
        1.25,
        1.2808688457449497,
        1.2147816447594375,
        0.9100137361600648,
        1.3501543121683042,
        0.0,
        0.9510593508761106,
        1.5103807466993215,
        1.3919410907075054,
        1.200405024240661,
        0.9617692030835673,
        1.2226167292601007,
        1.25,
        1.286953767623375,
        1.3287682265918312,
        1.2054563451241194,
        1.3975424859373686,
        1.4684175155588413,
        1.3693063937629153,
        1.4361406616345072,
        1.2211959074794037,
        1.1726039399558574,
        1.1000315652036736,
        1.2119199643540823,
        1.0307764064044151,
        0.9877724659274749,
        1.4306903927824497,
        1.2686114456365274,
        1.4415703243338496,
        1.5258194519667128,
        1.3635890143294642,
        1.2747548783981961
    ],
    [
        1.0736748938937604,
        1.044163673845139,
        0.8047169964928319,
        1.2040152730666573,
        0.8670271686118671,
        0.9004242827072629,
        0.8907315969346646,
        0.7288689868556626,
        0.898494110535326,
        0.8079466429027216,
        1.0952866190079096,
        0.7046472718869902,
        0.5697830971323893,
        0.8730136183232068,
        0.7883703303510209,
        0.6039247111100376,
        0.6574889099191459,
        0.6666666666666667,
        0.768295371441074,
        0.9195031871130797,
        0.8549285220284663,
        0.6972166887783964,
        0.8488145328109735,
        0.9510593508761106,
        0.0,
        0.8819171036881969,
        0.8457409637576849,
        0.8569568250501305,
        0.7127801593447699,
        0.7180703308172536,
        0.7580585582775105,
        0.7694243880258079,
        0.8395600699837453,
        0.7046472718869902,
        0.8759915017345267,
        0.8640183897219884,
        0.927960727138337,
        0.8549285220284663,
        0.8374896350934076,
        0.7168604389202189,
        0.8457409637576849,
        0.7993052538854533,
        0.6180165405913053,
        0.6934715407122183,
        0.8819171036881969,
        0.8175590362645243,
        0.8994597143717876,
        0.9251501379656049,
        0.7883703303510209,
        0.9023503261544882
    ],
    [
        0.414578098794425,
        0.8477912478906585,
        0.45069390943299864,
        1.7320508075688772,
        0.2795084971874737,
        0.5863019699779287,
        0.33071891388307384,
        0.3908679799852858,
        1.375,
        0.7071067811865476,
        0.414578098794425,
        0.8926785535678563,
        0.673145600891813,
        0.6373774391990981,
        0.875,
        0.7427369408244794,
        1.015504800579495,
        0.8569568250501305,
        0.375,
        0.6846531968814576,
        0.46955948623269356,
        0.875,
        0.27322660517925,
        1.5103807466993215,
        0.8819171036881969,
        0.0,
        0.25,
        0.7336173692357921,
        0.8250000000000001,
        0.41036907507483766,
        0.6614378277661477,
        0.4330127018922193,
        0.46770717334674267,
        0.5448623679425842,
        0.45069390943299864,
        0.1767766952966369,
        0.6123724356957945,
        0.25,
        0.501733107449679,
        0.649519052838329,
        0.7083333333333334,
        0.57282196186948,
        0.5590169943749475,
        0.7192781875680029,
        0.125,
        0.4841229182759271,
        0.375,
        0.33071891388307384,
        0.30618621784789724,
        0.6373774391990981
    ],
    [
        0.57282196186948,
        0.8100925873009825,
        0.5303300858899106,
        1.4577379737113252,
        0.30618621784789724,
        0.5448623679425842,
        0.414578098794425,
        0.3908679799852858,
        1.2624381172952597,
        0.5863019699779287,
        0.57282196186948,
        0.8569568250501305,
        0.649519052838329,
        0.5448623679425842,
        0.81967981553775,
        0.7104809380027772,
        0.9762812094883317,
        0.770551750371122,
        0.375,
        0.673145600891813,
        0.4350127712046063,
        0.8100925873009825,
        0.3703414340548162,
        1.3919410907075054,
        0.8457409637576849,
        0.25,
        0.0,
        0.7336173692357921,
        0.6796138609534094,
        0.34860834438919813,
        0.57282196186948,
        0.39528470752104744,
        0.4330127018922193,
        0.5448623679425842,
        0.5994789404140899,
        0.30618621784789724,
        0.6614378277661477,
        0.21650635094610965,
        0.5170697352496191,
        0.625,
        0.6009252125773316,
        0.5153882032022076,
        0.5448623679425842,
        0.6972166887783964,
        0.2795084971874737,
        0.45069390943299864,
        0.3535533905932738,
        0.4330127018922193,
        0.33071891388307384,
        0.6846531968814576
    ],
    [
        0.8789592962387078,
        1.0146496384904933,
        0.6137883276106765,
        1.4270453157953091,
        0.6468406123441677,
        0.8426561840065285,
        0.7850601533923656,
        0.5590169943749475,
        1.0655593210453684,
        0.905231707600018,
        0.8789592962387078,
        1.0112217582926333,
        0.8700255424092126,
        0.8518770125108698,
        0.9718253158075502,
        0.8154761904761905,
        0.9023503261544882,
        0.8207381501496754,
        0.7750448015724282,
        0.5120085719768545,
        0.46955948623269356,
        0.5833333333333334,
        0.625,
        1.200405024240661,
        0.8569568250501305,
        0.7336173692357921,
        0.7336173692357921,
        0.0,
        0.7899542884102712,
        0.5590169943749475,
        0.8700255424092126,
        0.7546154281781181,
        0.814367511903836,
        0.804716996492832,
        0.7783975705112253,
        0.7546154281781181,
        0.49651563699220774,
        0.7009418267191968,
        0.517069735249619,
        0.8700255424092126,
        0.6744339190099435,
        0.7850601533923656,
        0.5464532103585001,
        0.6387379048648288,
        0.722889648870728,
        0.7850601533923656,
        0.814367511903836,
        0.804716996492832,
        0.7546154281781181,
        0.5120085719768545
    ],
    [
        0.9886859966642595,
        0.8154753215150046,
        0.8400148808205722,
        0.97082439194738,
        0.6773108592072034,
        0.796084166404533,
        0.7558108228915488,
        0.6854641574226263,
        0.9158329542007102,
        0.724137417898012,
        0.9886859966642595,
        0.7762087348130012,
        0.6680194607943694,
        0.6796138609534094,
        0.8710625695092173,
        0.6418841843529477,
        0.7237057413065064,
        0.6977642868476431,
        0.6604922406811453,
        0.7881941385217224,
        0.7303442871535163,
        0.7044501401802685,
        0.8097067370350824,
        0.9617692030835673,
        0.7127801593447699,
        0.8250000000000001,
        0.6796138609534094,
        0.7899542884102712,
        0.0,
        0.6854641574226263,
        0.6680194607943694,
        0.6562202374203343,
        0.7031180555212616,
        0.6796138609534094,
        0.8958236433584459,
        0.8437268515343103,
        0.8728545125048046,
        0.7132671308843553,
        0.8052346103948698,
        0.7171994143890527,
        0.6862235625346726,
        0.7697402159170327,
        0.6144102863722254,
        0.6691619966628244,
        0.702228595259407,
        0.6910137480542626,
        0.7348469228349535,
        0.8975661535508122,
        0.7348469228349535,
        0.8173891362135908
    ],
    [
        0.5965758776365148,
        0.8057949835755716,
        0.4912427551063165,
        1.36613302589625,
        0.3333333333333333,
        0.5286907308520633,
        0.4639803635691685,
        0.25,
        1.1016086722001903,
        0.5833333333333334,
        0.5965758776365148,
        0.7626252174051302,
        0.5833333333333334,
        0.5833333333333334,
        0.7264831572567789,
        0.6057114311852474,
        0.8620067027323833,
        0.7009418267191968,
        0.42898458920779164,
        0.5605676686280713,
        0.32542706982944397,
        0.6627489050244528,
        0.4330127018922193,
        1.2226167292601007,
        0.7180703308172536,
        0.41036907507483766,
        0.34860834438919813,
        0.5590169943749475,
        0.6854641574226263,
        0.0,
        0.5833333333333334,
        0.41036907507483766,
        0.5017331074496789,
        0.4805234414446165,
        0.5605676686280713,
