[
    [
        0.0,
        1.2054563451241194,
        1.3287682265918312,
        1.4361406616345072,
        1.3050383136138188,
        1.0752906583803283,
        1.165922381636102,
        1.2374368670764582,
        1.286953767623375,
        1.103970108290981,
        1.2562344526401112,
        1.5612494995995996,
        1.1989578808281798,
        1.231107225224513,
        1.3228756555322954,
        1.4684175155588413,
        1.5562374497485916,
        1.192424001771182,
        1.4086784586980805,
        1.4197270864500684,
        1.2686114456365274,
        1.3919410907075054,
        1.224744871391589,
        1.25,
        1.3110110602126894,
        1.2930100540985752,
        1.620185174601965,
        1.2747548783981961,
        1.3169567191065923,
        1.299038105676658,
        1.3169567191065923,
        1.3975424859373686,
        1.2624381172952597,
        1.3228756555322954,
        1.2374368670764582,
        1.4415703243338496,
        1.4415703243338496,
        1.2747548783981961,
        1.2119199643540823,
        1.2119199643540823,
        1.4523687548277813,
        1.346291201783626,
        1.403121520040228,
        1.334634781503914,
        1.4252192813739224,
        1.3050383136138188,
        1.125,
        1.231107225224513,
        1.346291201783626,
        1.25
    ],
    [
        1.2054563451241194,
        0.0,
        1.375,
        1.3287682265918312,
        1.357847561400027,
        1.1989578808281798,
        1.165922381636102,
        1.2930100540985752,
        1.25,
        1.165922381636102,
        1.6153559979150107,
        1.4142135623730951,
        1.1989578808281798,
        1.334634781503914,
        1.3287682265918312,
        1.352081728298996,
        1.4630874888399532,
        1.3110110602126894,
        1.4630874888399532,
        1.299038105676658,
        1.375,
        1.3635890143294642,
        1.375,
        1.25,
        1.2562344526401112,
        1.346291201783626,
        1.4684175155588413,
        1.3693063937629153,
        1.3050383136138188,
        1.352081728298996,
        1.2808688457449497,
        1.375,
        1.3693063937629153,
        1.286953767623375,
        1.5662455107677085,
        1.3806701271484076,
        1.2686114456365274,
        1.3110110602126894,
        1.286953767623375,
        1.2930100540985752,
        1.346291201783626,
        1.25,
        1.3806701271484076,
        1.3287682265918312,
        1.346291201783626,
        1.403121520040228,
        1.346291201783626,
        1.648863244784115,
        1.2930100540985752,
        1.375
    ],
    [
        1.3287682265918312,
        1.375,
        0.0,
        1.4684175155588413,
        1.2119199643540823,
        1.3287682265918312,
        1.2930100540985752,
        1.159202311936963,
        1.352081728298996,
        1.3975424859373686,
        1.6630168369562588,
        1.3919410907075054,
        1.3863170633011772,
        1.0968705484240153,
        1.25,
        1.3228756555322954,
        1.4684175155588413,
        1.541103500742244,
        1.286953767623375,
        1.286953767623375,
        1.2930100540985752,
        1.1989578808281798,
        1.231107225224513,
        1.403121520040228,
        1.286953767623375,
        1.25,
        1.375,
        1.2624381172952597,
        1.346291201783626,
        1.4415703243338496,
        1.2119199643540823,
        1.3635890143294642,
        1.14564392373896,
        1.2930100540985752,
        1.3975424859373686,
        1.352081728298996,
        1.2374368670764582,
        1.125,
        1.1524430571616109,
        1.2930100540985752,
        1.7275343701356567,
        1.4842927608797396,
        1.2747548783981961,
        1.2374368670764582,
        1.7633419974582356,
        1.159202311936963,
        1.299038105676658,
        1.3919410907075054,
        1.4684175155588413,
        1.1388041973930374
    ],
    [
        1.4361406616345072,
        1.3287682265918312,
        1.4684175155588413,
        0.0,
        1.4523687548277813,
        1.3806701271484076,
        1.3287682265918312,
        1.3693063937629153,
        1.3050383136138188,
        1.357847561400027,
        1.8200274723201295,
        1.5761900266148114,
        1.3287682265918312,
        1.3863170633011772,
        1.479019945774904,
        1.4684175155588413,
        1.4415703243338496,
        1.4086784586980805,
        1.489546910976623,
        1.4197270864500684,
        1.4523687548277813,
        1.4197270864500684,
        1.4252192813739224,
        1.334634781503914,
        1.4947825928876748,
        1.4523687548277813,
        1.5360257159305635,
        1.479019945774904,
        1.4630874888399532,
        1.3635890143294642,
        1.4086784586980805,
        1.4306903927824497,
        1.4577379737113252,
        1.4086784586980805,
        1.7275343701356567,
        1.4947825928876748,
        1.3975424859373686,
        1.3863170633011772,
        1.4630874888399532,
        1.4469796128487782,
        1.4947825928876748,
        1.4684175155588413,
        1.5360257159305635,
        1.3863170633011772,
        1.4947825928876748,
        1.479019945774904,
        1.3693063937629153,
        1.7721808598447282,
        1.5512092057488571,
        1.4842927608797396
    ],
    [
        1.3050383136138188,
        1.357847561400027,
        1.2119199643540823,
        1.4523687548277813,
        0.0,
        1.2808688457449497,
        1.346291201783626,
        1.2119199643540823,
        1.3693063937629153,
        1.340475661845451,
        1.5258194519667128,
        1.4415703243338496,
        1.299038105676658,
        1.1792476415070754,
        1.2808688457449497,
        1.231107225224513,
        1.5761900266148114,
        1.5258194519667128,
        1.3169567191065923,
        1.3050383136138188,
        1.3228756555322954,
        1.3110110602126894,
        1.231107225224513,
        1.299038105676658,
        1.3110110602126894,
        1.192424001771182,
        1.4630874888399532,
        1.243734296383275,
        1.340475661845451,
        1.3693063937629153,
        1.25,
        1.286953767623375,
        1.2686114456365274,
        1.224744871391589,
        1.2930100540985752,
        1.346291201783626,
        1.2686114456365274,
        1.1726039399558574,
        1.1858541225631423,
        1.2374368670764582,
        1.6583123951777,
        1.4252192813739224,
        1.2808688457449497,
        1.340475661845451,
        1.713913650100261,
        1.125,
        1.2808688457449497,
        1.3693063937629153,
        1.375,
        1.2054563451241194
    ],
    [
        1.0752906583803283,
        1.1989578808281798,
        1.3287682265918312,
        1.3806701271484076,
        1.2808688457449497,
        0.0,
        1.1858541225631423,
        1.243734296383275,
        1.224744871391589,
        1.1726039399558574,
        1.489546910976623,
        1.4469796128487782,
        1.1858541225631423,
        1.2624381172952597,
        1.352081728298996,
        1.4415703243338496,
        1.403121520040228,
        1.2374368670764582,
        1.3635890143294642,
        1.3863170633011772,
        1.3110110602126894,
        1.3287682265918312,
        1.346291201783626,
        1.2624381172952597,
        1.2747548783981961,
        1.25,
        1.5309310892394863,
        1.3050383136138188,
        1.3050383136138188,
        1.2686114456365274,
        1.3050383136138188,
        1.3169567191065923,
        1.340475661845451,
        1.3110110602126894,
        1.403121520040228,
        1.3975424859373686,
        1.357847561400027,
        1.2183492931011204,
        1.2930100540985752,
        1.2374368670764582,
        1.4142135623730951,
        1.3287682265918312,
        1.4306903927824497,
        1.346291201783626,
        1.375,
        1.3110110602126894,
        1.1989578808281798,
        1.4630874888399532,
        1.4142135623730951,
        1.3169567191065923
    ],
    [
        1.165922381636102,
        1.165922381636102,
        1.2930100540985752,
        1.3287682265918312,
        1.346291201783626,
        1.1858541225631423,
        0.0,
        1.2686114456365274,
        1.2562344526401112,
        1.2119199643540823,
        1.5662455107677085,
        1.4197270864500684,
        1.192424001771182,
        1.3169567191065923,
        1.357847561400027,
        1.286953767623375,
        1.4086784586980805,
        1.3110110602126894,
        1.4197270864500684,
        1.3693063937629153,
        1.346291201783626,
        1.3110110602126894,
        1.3635890143294642,
        1.2930100540985752,
        1.3287682265918312,
        1.3110110602126894,
        1.489546910976623,
        1.2747548783981961,
        1.352081728298996,
        1.346291201783626,
        1.25,
        1.3863170633011772,
        1.3919410907075054,
        1.3169567191065923,
        1.5309310892394863,
        1.3635890143294642,
        1.2930100540985752,
        1.2808688457449497,
        1.3050383136138188,
        1.3635890143294642,
        1.4197270864500684,
        1.3169567191065923,
        1.3806701271484076,
        1.3050383136138188,
        1.3806701271484076,
        1.375,
        1.2119199643540823,
        1.595893166850463,
        1.4252192813739224,
        1.3287682265918312
    ],
    [
        1.2374368670764582,
        1.2930100540985752,
        1.159202311936963,
        1.3693063937629153,
        1.2119199643540823,
        1.243734296383275,
        1.2686114456365274,
        0.0,
        1.357847561400027,
        1.346291201783626,
        1.4684175155588413,
        1.4415703243338496,
        1.3635890143294642,
        1.1524430571616109,
        1.243734296383275,
        1.286953767623375,
        1.5761900266148114,
        1.5155444566227676,
        1.224744871391589,
        1.3287682265918312,
        1.286953767623375,
        1.2562344526401112,
        1.1726039399558574,
        1.3110110602126894,
        1.231107225224513,
        1.2686114456365274,
        1.4630874888399532,
        1.159202311936963,
        1.3287682265918312,
        1.352081728298996,
        1.2183492931011204,
        1.3287682265918312,
        1.125,
        1.2183492931011204,
        1.25,
        1.3806701271484076,
        1.231107225224513,
        1.1388041973930374,
        1.1726039399558574,
        1.2119199643540823,
        1.7320508075688772,
        1.4523687548277813,
        1.3975424859373686,
        1.2183492931011204,
        1.709349291397168,
        1.1388041973930374,
        1.2054563451241194,
        1.243734296383275,
        1.3806701271484076,
        1.1726039399558574
    ],
    [
        1.286953767623375,
        1.25,
        1.352081728298996,
        1.3050383136138188,
        1.3693063937629153,
        1.224744871391589,
        1.2562344526401112,
        1.357847561400027,
        0.0,
        1.1726039399558574,
        1.6909686573085854,
        1.4577379737113252,
        1.2624381172952597,
        1.357847561400027,
        1.357847561400027,
        1.4197270864500684,
        1.375,
        1.3919410907075054,
        1.4842927608797396,
        1.3919410907075054,
        1.3919410907075054,
        1.357847561400027,
        1.4142135623730951,
        1.224744871391589,
        1.4252192813739224,
        1.334634781503914,
        1.4947825928876748,
        1.3110110602126894,
        1.403121520040228,
        1.3050383136138188,
        1.3635890143294642,
        1.375,
        1.4630874888399532,
        1.3806701271484076,
        1.5662455107677085,
        1.479019945774904,
        1.3635890143294642,
        1.3287682265918312,
        1.375,
        1.3919410907075054,
        1.3863170633011772,
        1.334634781503914,
        1.4361406616345072,
        1.3693063937629153,
        1.4684175155588413,
        1.4306903927824497,
        1.2930100540985752,
        1.648863244784115,
        1.4630874888399532,
        1.4737282653189494
    ],
    [
        1.103970108290981,
        1.165922381636102,
        1.3975424859373686,
        1.357847561400027,
        1.340475661845451,
        1.1726039399558574,
        1.2119199643540823,
        1.346291201783626,
        1.1726039399558574,
        0.0,
        1.4630874888399532,
        1.505199322349037,
        1.2183492931011204,
        1.2808688457449497,
        1.3693063937629153,
        1.403121520040228,
        1.3975424859373686,
        1.3806701271484076,
        1.4684175155588413,
        1.299038105676658,
        1.403121520040228,
        1.403121520040228,
        1.3806701271484076,
        1.2183492931011204,
        1.3975424859373686,
        1.375,
        1.5103807466993215,
        1.3863170633011772,
        1.346291201783626,
        1.286953767623375,
        1.403121520040228,
        1.352081728298996,
        1.4142135623730951,
        1.3169567191065923,
        1.5761900266148114,
        1.340475661845451,
        1.4142135623730951,
        1.3863170633011772,
        1.3287682265918312,
        1.3693063937629153,
        1.3975424859373686,
        1.231107225224513,
        1.357847561400027,
        1.3228756555322954,
        1.4737282653189494,
        1.3806701271484076,
        1.2930100540985752,
        1.5360257159305635,
        1.4415703243338496,
        1.4361406616345072
    ],
    [
        1.2562344526401112,
        1.6153559979150107,
        1.6630168369562588,
        1.8200274723201295,
        1.5258194519667128,
        1.489546910976623,
        1.5662455107677085,
        1.4684175155588413,
        1.6909686573085854,
        1.4630874888399532,
        0.0,
        1.9080421903092184,
        1.595893166850463,
        1.5761900266148114,
        1.7230060940112777,
        1.776583800443987,
        2.011684617428885,
        1.4577379737113252,
        1.625,
        1.8157298807917437,
        1.758905909933786,
        1.79843682124227,
        1.4415703243338496,
        1.625,
        1.6298006013006623,
        1.6583123951777,
        2.03100960115899,
        1.5,
        1.8200274723201295,
        1.5761900266148114,
        1.79843682124227,
        1.8666480653835098,
        1.4523687548277813,
        1.741048534648015,
        0.9437293044088437,
        1.8285923547909742,
        1.8498310733685928,
        1.4947825928876748,
        1.5562374497485916,
        1.5612494995995996,
        1.7365554986812255,
        1.6863421954040052,
        1.7677669529663689,
        1.7320508075688772,
        1.9525624189766635,
        1.4415703243338496,
        1.2686114456365274,
        0.9270248108869579,
        1.8708286933869707,
        1.4630874888399532
    ],
    [
        1.5612494995995996,
        1.4142135623730951,
        1.3919410907075054,
        1.5761900266148114,
        1.4415703243338496,
        1.4469796128487782,
        1.4197270864500684,
        1.4415703243338496,
        1.4577379737113252,
        1.505199322349037,
        1.9080421903092184,
        0.0,
        1.4630874888399532,
        1.2562344526401112,
        1.299038105676658,
        1.3635890143294642,
        1.489546910976623,
        1.7544586059522749,
        1.4630874888399532,
        1.2808688457449497,
        1.4415703243338496,
        1.3228756555322954,
        1.375,
        1.5206906325745548,
        1.403121520040228,
        1.3050383136138188,
        1.375,
        1.4252192813739224,
        1.357847561400027,
        1.5512092057488571,
        1.2808688457449497,
        1.357847561400027,
        1.4737282653189494,
        1.334634781503914,
        1.6153559979150107,
        1.357847561400027,
        1.299038105676658,
        1.3919410907075054,
        1.3635890143294642,
        1.4361406616345072,
        1.7001838135919305,
        1.5258194519667128,
        1.375,
        1.4415703243338496,
        1.7320508075688772,
        1.4197270864500684,
        1.6056540723331412,
        1.7544586059522749,
        1.4252192813739224,
        1.489546910976623
    ],
    [
        1.1989578808281798,
        1.1989578808281798,
        1.3863170633011772,
        1.3287682265918312,
        1.299038105676658,
        1.1858541225631423,
        1.192424001771182,
        1.3635890143294642,
        1.2624381172952597,
        1.2183492931011204,
        1.595893166850463,
        1.4630874888399532,
        0.0,
        1.286953767623375,
        1.3169567191065923,
        1.4197270864500684,
        1.4197270864500684,
        1.334634781503914,
        1.4306903927824497,
        1.2686114456365274,
        1.3975424859373686,
        1.375,
        1.352081728298996,
        1.243734296383275,
        1.2686114456365274,
        1.3169567191065923,
        1.4306903927824497,
        1.3635890143294642,
        1.3110110602126894,
        1.3050383136138188,
        1.286953767623375,
        1.4469796128487782,
        1.3975424859373686,
        1.375,
        1.5360257159305635,
        1.3863170633011772,
        1.3050383136138188,
        1.340475661845451,
        1.3050383136138188,
        1.3975424859373686,
        1.346291201783626,
        1.3050383136138188,
        1.3806701271484076,
        1.3110110602126894,
        1.4306903927824497,
        1.3635890143294642,
        1.25,
        1.5662455107677085,
        1.403121520040228,
        1.3975424859373686
    ],
    [
        1.231107225224513,
        1.334634781503914,
        1.0968705484240153,
        1.3863170633011772,
        1.1792476415070754,
        1.2624381172952597,
        1.3169567191065923,
        1.1524430571616109,
        1.357847561400027,
        1.2808688457449497,
        1.5761900266148114,
        1.2562344526401112,
        1.286953767623375,
        0.0,
        1.2054563451241194,
        1.231107225224513,
        1.489546910976623,
        1.5155444566227676,
        1.299038105676658,
        1.25,
        1.243734296383275,
        1.1989578808281798,
        1.2119199643540823,
        1.2808688457449497,
        1.2930100540985752,
        1.1858541225631423,
        1.3287682265918312,
        1.2054563451241194,
        1.2562344526401112,
        1.3169567191065923,
        1.1858541225631423,
        1.3050383136138188,
        1.1792476415070754,
        1.2183492931011204,
        1.340475661845451,
        1.3050383136138188,
        1.2054563451241194,
        1.192424001771182,
        1.192424001771182,
        1.2562344526401112,
        1.58607219255619,
        1.3806701271484076,
        1.2808688457449497,
        1.1792476415070754,
        1.695582495781317,
        1.192424001771182,
        1.2624381172952597,
        1.3863170633011772,
        1.357847561400027,
        1.1858541225631423
    ],
    [
        1.3228756555322954,
        1.3287682265918312,
        1.25,
        1.479019945774904,
        1.2808688457449497,
        1.352081728298996,
        1.357847561400027,
        1.243734296383275,
        1.357847561400027,
        1.3693063937629153,
        1.7230060940112777,
        1.299038105676658,
        1.3169567191065923,
        1.2054563451241194,
        0.0,
        1.2562344526401112,
        1.4684175155588413,
        1.58607219255619,
        1.3228756555322954,
        1.25,
        1.340475661845451,
        1.243734296383275,
        1.243734296383275,
        1.3287682265918312,
        1.334634781503914,
        1.2808688457449497,
        1.3806701271484076,
        1.2930100540985752,
        1.3287682265918312,
        1.3806701271484076,
        1.2119199643540823,
        1.3287682265918312,
        1.3110110602126894,
        1.243734296383275,
        1.4197270864500684,
        1.3287682265918312,
        1.2562344526401112,
        1.3110110602126894,
        1.2374368670764582,
        1.2562344526401112,
        1.6583123951777,
        1.4086784586980805,
        1.357847561400027,
        1.2686114456365274,
        1.653594569415369,
        1.3635890143294642,
        1.3975424859373686,
        1.5,
        1.231107225224513,
        1.2747548783981961
    ],
    [
        1.4684175155588413,
        1.352081728298996,
        1.3228756555322954,
        1.4684175155588413,
        1.231107225224513,
        1.4415703243338496,
        1.286953767623375,
        1.286953767623375,
        1.4197270864500684,
        1.403121520040228,
        1.776583800443987,
        1.3635890143294642,
        1.4197270864500684,
        1.231107225224513,
        1.2562344526401112,
        0.0,
        1.489546910976623,
        1.6441183047457382,
        1.4142135623730951,
        1.2808688457449497,
        1.346291201783626,
        1.2054563451241194,
        1.334634781503914,
        1.375,
        1.2374368670764582,
        1.2808688457449497,
        1.3806701271484076,
        1.334634781503914,
        1.3863170633011772,
        1.4684175155588413,
        1.3050383136138188,
        1.357847561400027,
        1.352081728298996,
        1.243734296383275,
        1.5461646096066226,
        1.3169567191065923,
        1.2624381172952597,
        1.299038105676658,
        1.3050383136138188,
        1.4142135623730951,
        1.709349291397168,
        1.5155444566227676,
        1.3806701271484076,
        1.286953767623375,
        1.6583123951777,
        1.352081728298996,
        1.403121520040228,
        1.590990257669732,
        1.2624381172952597,
        1.352081728298996
    ],
    [
        1.5562374497485916,
        1.4630874888399532,
        1.4684175155588413,
        1.4415703243338496,
        1.5761900266148114,
        1.403121520040228,
        1.4086784586980805,
        1.5761900266148114,
        1.375,
        1.3975424859373686,
        2.011684617428885,
        1.489546910976623,
        1.4197270864500684,
        1.489546910976623,
        1.4684175155588413,
        1.489546910976623,
        0.0,
        1.489546910976623,
        1.571225636247067,
        1.4523687548277813,
        1.4684175155588413,
        1.479019945774904,
        1.620185174601965,
        1.346291201783626,
        1.5258194519667128,
        1.4737282653189494,
        1.4142135623730951,
        1.571225636247067,
        1.5512092057488571,
        1.489546910976623,
        1.489546910976623,
        1.5258194519667128,
        1.6298006013006623,
        1.5155444566227676,
        1.8666480653835098,
        1.58607219255619,
        1.4523687548277813,
        1.5309310892394863,
        1.5206906325745548,
        1.5662455107677085,
        1.4737282653189494,
        1.4252192813739224,
        1.5512092057488571,
        1.541103500742244,
        1.620185174601965,
        1.5562374497485916,
        1.5258194519667128,
        1.956559480312316,
        1.479019945774904,
        1.5562374497485916
    ],
    [
        1.192424001771182,
        1.3110110602126894,
        1.541103500742244,
        1.4086784586980805,
        1.5258194519667128,
        1.2374368670764582,
        1.3110110602126894,
        1.5155444566227676,
        1.3919410907075054,
        1.3806701271484076,
        1.4577379737113252,
        1.7544586059522749,
        1.334634781503914,
        1.5155444566227676,
        1.58607219255619,
        1.6441183047457382,
        1.489546910976623,
        0.0,
        1.6298006013006623,
        1.6817030058842137,
        1.6105123408406408,
        1.6007810593582121,
        1.5461646096066226,
        1.3863170633011772,
        1.4842927608797396,
        1.6583123951777,
        1.7544586059522749,
        1.5612494995995996,
        1.6153559979150107,
        1.352081728298996,
        1.6007810593582121,
        1.6909686573085854,
        1.5206906325745548,
        1.5512092057488571,
        1.5811388300841898,
        1.695582495781317,
        1.648863244784115,
        1.541103500742244,
        1.5206906325745548,
        1.571225636247067,
        1.3975424859373686,
        1.4252192813739224,
        1.7230060940112777,
        1.6056540723331412,
        1.299038105676658,
        1.5612494995995996,
        1.2930100540985752,
        1.6007810593582121,
        1.6909686573085854,
        1.541103500742244
    ],
    [
        1.4086784586980805,
        1.4630874888399532,
        1.286953767623375,
        1.489546910976623,
        1.3169567191065923,
        1.3635890143294642,
        1.4197270864500684,
        1.224744871391589,
        1.4842927608797396,
        1.4684175155588413,
        1.625,
        1.4630874888399532,
        1.4306903927824497,
        1.299038105676658,
        1.3228756555322954,
        1.4142135623730951,
        1.571225636247067,
        1.6298006013006623,
        0.0,
        1.2930100540985752,
        1.3863170633011772,
        1.4086784586980805,
        1.231107225224513,
        1.4684175155588413,
        1.340475661845451,
        1.3806701271484076,
        1.4469796128487782,
        1.3693063937629153,
        1.3693063937629153,
        1.4630874888399532,
        1.3693063937629153,
        1.3169567191065923,
        1.2562344526401112,
        1.3228756555322954,
        1.3635890143294642,
        1.3863170633011772,
        1.3806701271484076,
        1.2747548783981961,
        1.299038105676658,
        1.2930100540985752,
        1.7853571071357126,
        1.5461646096066226,
        1.4306903927824497,
        1.2624381172952597,
        1.7365554986812255,
        1.1858541225631423,
        1.3919410907075054,
        1.4252192813739224,
        1.5103807466993215,
        1.231107225224513
    ],
    [
        1.4197270864500684,
        1.299038105676658,
        1.286953767623375,
        1.4197270864500684,
        1.3050383136138188,
        1.3863170633011772,
        1.3693063937629153,
        1.3287682265918312,
        1.3919410907075054,
        1.299038105676658,
        1.8157298807917437,
        1.2808688457449497,
        1.2686114456365274,
        1.25,
        1.25,
        1.2808688457449497,
        1.4523687548277813,
        1.6817030058842137,
        1.2930100540985752,
        0.0,
        1.3110110602126894,
        1.3287682265918312,
        1.3228756555322954,
        1.357847561400027,
        1.2747548783981961,
        1.2624381172952597,
        1.3228756555322954,
        1.4469796128487782,
        1.2930100540985752,
        1.3806701271484076,
        1.192424001771182,
        1.357847561400027,
        1.2562344526401112,
        1.1792476415070754,
        1.5662455107677085,
        1.2747548783981961,
        1.2624381172952597,
        1.3287682265918312,
        1.3169567191065923,
        1.2624381172952597,
        1.6345871038277526,
        1.4086784586980805,
        1.2808688457449497,
        1.2624381172952597,
        1.648863244784115,
        1.340475661845451,
        1.5103807466993215,
        1.6298006013006623,
        1.3169567191065923,
        1.3287682265918312
    ],
    [
        1.2686114456365274,
        1.375,
        1.2930100540985752,
        1.4523687548277813,
        1.3228756555322954,
        1.3110110602126894,
        1.346291201783626,
        1.286953767623375,
        1.3919410907075054,
        1.403121520040228,
        1.758905909933786,
        1.4415703243338496,
        1.3975424859373686,
        1.243734296383275,
        1.340475661845451,
        1.346291201783626,
        1.4684175155588413,
        1.6105123408406408,
        1.3863170633011772,
        1.3110110602126894,
        0.0,
        1.286953767623375,
        1.286953767623375,
        1.403121520040228,
        1.2183492931011204,
        1.1989578808281798,
        1.375,
        1.2747548783981961,
        1.2686114456365274,
        1.4197270864500684,
        1.2562344526401112,
        1.2808688457449497,
        1.231107225224513,
        1.2808688457449497,
        1.3975424859373686,
        1.375,
        1.3110110602126894,
        1.243734296383275,
        1.224744871391589,
        1.2374368670764582,
        1.71846588560844,
        1.403121520040228,
        1.403121520040228,
        1.2686114456365274,
        1.6298006013006623,
        1.340475661845451,
        1.3693063937629153,
        1.5155444566227676,
        1.2562344526401112,
        1.3110110602126894
    ],
    [
        1.3919410907075054,
        1.3635890143294642,
        1.1989578808281798,
        1.4197270864500684,
        1.3110110602126894,
        1.3287682265918312,
        1.3110110602126894,
        1.2562344526401112,
        1.357847561400027,
        1.403121520040228,
        1.79843682124227,
        1.3228756555322954,
        1.375,
        1.1989578808281798,
        1.243734296383275,
        1.2054563451241194,
        1.479019945774904,
        1.6007810593582121,
        1.4086784586980805,
        1.3287682265918312,
        1.286953767623375,
        0.0,
        1.299038105676658,
        1.3110110602126894,
        1.192424001771182,
        1.2808688457449497,
        1.3228756555322954,
        1.3050383136138188,
        1.2624381172952597,
        1.4197270864500684,
        1.192424001771182,
        1.299038105676658,
        1.3228756555322954,
        1.224744871391589,
        1.5155444566227676,
        1.352081728298996,
        1.243734296383275,
        1.2747548783981961,
        1.243734296383275,
        1.3110110602126894,
        1.648863244784115,
        1.375,
        1.334634781503914,
        1.25,
        1.625,
        1.346291201783626,
        1.3693063937629153,
        1.5662455107677085,
        1.3228756555322954,
        1.3228756555322954
    ],
    [
        1.224744871391589,
        1.375,
        1.231107225224513,
        1.4252192813739224,
        1.231107225224513,
        1.346291201783626,
        1.3635890143294642,
        1.1726039399558574,
        1.4142135623730951,
        1.3806701271484076,
        1.4415703243338496,
        1.375,
        1.352081728298996,
        1.2119199643540823,
        1.243734296383275,
        1.334634781503914,
        1.620185174601965,
        1.5461646096066226,
        1.231107225224513,
        1.3228756555322954,
        1.286953767623375,
        1.299038105676658,
        0.0,
        1.4142135623730951,
        1.375,
        1.2808688457449497,
        1.4630874888399532,
        1.192424001771182,
        1.375,
        1.4361406616345072,
        1.2808688457449497,
        1.334634781503914,
        1.192424001771182,
        1.2624381172952597,
        1.2624381172952597,
        1.3635890143294642,
        1.340475661845451,
        1.2054563451241194,
        1.2686114456365274,
        1.224744871391589,
        1.6909686573085854,
        1.479019945774904,
        1.3693063937629153,
        1.334634781503914,
        1.7544586059522749,
        1.1792476415070754,
        1.3050383136138188,
        1.2624381172952597,
        1.4523687548277813,
        1.2119199643540823
    ],
    [
        1.25,
        1.25,
        1.403121520040228,
        1.334634781503914,
        1.299038105676658,
        1.2624381172952597,
        1.2930100540985752,
        1.3110110602126894,
        1.224744871391589,
        1.2183492931011204,
        1.625,
        1.5206906325745548,
        1.243734296383275,
        1.2808688457449497,
        1.3287682265918312,
        1.375,
        1.346291201783626,
        1.3863170633011772,
        1.4684175155588413,
        1.357847561400027,
        1.403121520040228,
        1.3110110602126894,
        1.4142135623730951,
        0.0,
        1.3975424859373686,
        1.3169567191065923,
        1.489546910976623,
        1.3693063937629153,
        1.357847561400027,
        1.3169567191065923,
        1.2930100540985752,
        1.352081728298996,
        1.4086784586980805,
        1.3169567191065923,
        1.5309310892394863,
        1.3806701271484076,
        1.357847561400027,
        1.299038105676658,
        1.334634781503914,
        1.4252192813739224,
        1.403121520040228,
        1.346291201783626,
        1.334634781503914,
        1.3693063937629153,
        1.4142135623730951,
        1.4086784586980805,
        1.25,
        1.5461646096066226,
        1.352081728298996,
        1.4630874888399532
    ],
    [
        1.3110110602126894,
        1.2562344526401112,
        1.286953767623375,
        1.4947825928876748,
        1.3110110602126894,
        1.2747548783981961,
        1.3287682265918312,
        1.231107225224513,
        1.4252192813739224,
        1.3975424859373686,
        1.6298006013006623,
        1.403121520040228,
        1.2686114456365274,
        1.2930100540985752,
        1.334634781503914,
        1.2374368670764582,
        1.5258194519667128,
        1.4842927608797396,
        1.340475661845451,
        1.2747548783981961,
        1.2183492931011204,
        1.192424001771182,
        1.375,
        1.3975424859373686,
        0.0,
        1.2374368670764582,
        1.4086784586980805,
        1.340475661845451,
        1.1792476415070754,
        1.4630874888399532,
        1.243734296383275,
        1.375,
        1.192424001771182,
        1.25,
        1.4361406616345072,
        1.3228756555322954,
        1.2624381172952597,
        1.1989578808281798,
        1.1858541225631423,
        1.2808688457449497,
        1.713913650100261,
        1.3919410907075054,
        1.3693063937629153,
        1.1726039399558574,
        1.5461646096066226,
        1.3228756555322954,
        1.340475661845451,
        1.5103807466993215,
        1.231107225224513,
        1.3050383136138188
    ],
    [
        1.2930100540985752,
        1.346291201783626,
        1.25,
        1.4523687548277813,
        1.192424001771182,
        1.25,
        1.3110110602126894,
        1.2686114456365274,
        1.334634781503914,
        1.375,
        1.6583123951777,
        1.3050383136138188,
        1.3169567191065923,
        1.1858541225631423,
        1.2808688457449497,
        1.2808688457449497,
        1.4737282653189494,
        1.6583123951777,
        1.3806701271484076,
        1.2624381172952597,
        1.1989578808281798,
        1.2808688457449497,
        1.2808688457449497,
        1.3169567191065923,
        1.2374368670764582,
        0.0,
        1.352081728298996,
        1.1726039399558574,
        1.2686114456365274,
        1.334634781503914,
        1.25,
        1.2686114456365274,
        1.3050383136138188,
        1.2183492931011204,
        1.3169567191065923,
        1.3050383136138188,
        1.231107225224513,
        1.243734296383275,
        1.2808688457449497,
        1.1792476415070754,
        1.6345871038277526,
        1.4197270864500684,
        1.2747548783981961,
        1.243734296383275,
        1.6863421954040052,
        1.334634781503914,
        1.25,
        1.4630874888399532,
        1.25,
        1.334634781503914
    ],
    [
        1.620185174601965,
        1.4684175155588413,
        1.375,
        1.5360257159305635,
        1.4630874888399532,
        1.5309310892394863,
        1.489546910976623,
        1.4630874888399532,
        1.4947825928876748,
        1.5103807466993215,
        2.03100960115899,
        1.375,
        1.4306903927824497,
        1.3287682265918312,
        1.3806701271484076,
        1.3806701271484076,
        1.4142135623730951,
        1.7544586059522749,
        1.4469796128487782,
        1.3228756555322954,
        1.375,
        1.3228756555322954,
        1.4630874888399532,
        1.489546910976623,
        1.4086784586980805,
        1.352081728298996,
        0.0,
        1.4842927608797396,
        1.3863170633011772,
        1.5103807466993215,
        1.357847561400027,
        1.3919410907075054,
        1.489546910976623,
        1.3975424859373686,
        1.7633419974582356,
        1.4947825928876748,
        1.3110110602126894,
        1.4086784586980805,
        1.4684175155588413,
        1.4361406616345072,
        1.6909686573085854,
        1.5461646096066226,
        1.4197270864500684,
        1.4306903927824497,
        1.7365554986812255,
        1.5461646096066226,
        1.625,
        1.8114220932736798,
        1.4415703243338496,
        1.5
    ],
    [
        1.2747548783981961,
        1.3693063937629153,
        1.2624381172952597,
        1.479019945774904,
        1.243734296383275,
        1.3050383136138188,
        1.2747548783981961,
        1.159202311936963,
        1.3110110602126894,
        1.3863170633011772,
        1.5,
        1.4252192813739224,
        1.3635890143294642,
        1.2054563451241194,
        1.2930100540985752,
        1.334634781503914,
        1.571225636247067,
        1.5612494995995996,
        1.3693063937629153,
        1.4469796128487782,
        1.2747548783981961,
        1.3050383136138188,
        1.192424001771182,
        1.3693063937629153,
        1.340475661845451,
        1.1726039399558574,
        1.4842927608797396,
        0.0,
        1.375,
        1.3635890143294642,
        1.2930100540985752,
        1.346291201783626,
        1.286953767623375,
        1.2624381172952597,
        1.2374368670764582,
        1.4469796128487782,
        1.346291201783626,
        1.231107225224513,
        1.165922381636102,
        1.3169567191065923,
        1.704772712123232,
        1.4252192813739224,
        1.357847561400027,
        1.334634781503914,
        1.7230060940112777,
        1.299038105676658,
        1.192424001771182,
        1.3169567191065923,
        1.3050383136138188,
        1.2562344526401112
    ],
    [
        1.3169567191065923,
        1.3050383136138188,
        1.346291201783626,
        1.4630874888399532,
        1.340475661845451,
        1.3050383136138188,
        1.352081728298996,
        1.3287682265918312,
        1.403121520040228,
        1.346291201783626,
        1.8200274723201295,
        1.357847561400027,
        1.3110110602126894,
        1.2562344526401112,
        1.3287682265918312,
        1.3863170633011772,
        1.5512092057488571,
        1.6153559979150107,
        1.3693063937629153,
        1.2930100540985752,
        1.2686114456365274,
        1.2624381172952597,
        1.375,
        1.357847561400027,
        1.1792476415070754,
        1.2686114456365274,
        1.3863170633011772,
        1.375,
        0.0,
        1.489546910976623,
        1.2374368670764582,
        1.2747548783981961,
        1.3110110602126894,
        1.2183492931011204,
        1.489546910976623,
        1.286953767623375,
        1.346291201783626,
        1.346291201783626,
        1.25,
        1.224744871391589,
        1.6909686573085854,
        1.3635890143294642,
        1.3110110602126894,
        1.2562344526401112,
        1.620185174601965,
        1.334634781503914,
        1.5,
        1.620185174601965,
        1.340475661845451,
        1.3919410907075054
    ],
    [
        1.299038105676658,
        1.352081728298996,
        1.4415703243338496,
        1.3635890143294642,
        1.3693063937629153,
        1.2686114456365274,
        1.346291201783626,
        1.352081728298996,
        1.3050383136138188,
        1.286953767623375,
        1.5761900266148114,
        1.5512092057488571,
        1.3050383136138188,
        1.3169567191065923,
        1.3806701271484076,
        1.4684175155588413,
        1.489546910976623,
        1.352081728298996,
        1.4630874888399532,
        1.3806701271484076,
        1.4197270864500684,
        1.4197270864500684,
        1.4361406616345072,
        1.3169567191065923,
        1.4630874888399532,
        1.334634781503914,
        1.5103807466993215,
        1.3635890143294642,
        1.489546910976623,
        0.0,
        1.3635890143294642,
        1.4577379737113252,
        1.3863170633011772,
        1.4306903927824497,
        1.4947825928876748,
        1.5360257159305635,
        1.4086784586980805,
