[
    [
        0.0,
        1.7191358307403017,
        0.676689118624872,
        1.4922204725761907,
        1.1399236906074737,
        1.2617104522457292,
        0.9296010774871692,
        1.0810251443938717,
        1.462542516388805,
        1.2665033013162257,
        0.9379675704763497,
        1.4486314794540762,
        1.27049524330684,
        1.260081791967878,
        1.731958753102677,
        1.1340340220933878,
        1.614072362639524,
        1.406526333393944,
        1.363939746709165,
        1.2618064876378223,
        1.2734757016966562,
        1.2330483215451478,
        1.1424075256442099,
        1.0968705484240153,
        1.074367661936952,
        1.198989795874946,
        1.467198515968705,
        1.4702380952380953,
        1.0239853115974598,
        1.4112541663341385,
        1.1228721373044637,
        0.9806807298389986,
        1.2415530925549065,
        1.1025249314595094,
        0.7397255420431421,
        1.257675414794927,
        1.1944279648707603,
        1.4136497487867699,
        1.4241001455269204,
        1.3745360998518439,
        1.2581367824148955,
        1.5375819208306614,
        1.107286856994821,
        1.3825165607747076,
        1.4210022691676434,
        1.1262433290728868,
        1.0277340341245682,
        1.0287636229167199,
        1.4016435323707432,
        0.7191796630572238
    ],
    [
        1.7191358307403017,
        0.0,
        1.6525443345876618,
        1.2527746981977423,
        1.2856040517117926,
        1.2002025292054301,
        1.390693272356553,
        1.2665570127975554,
        1.256925260749863,
        1.1583333333333334,
        1.7037540250217393,
        1.2856040517117926,
        1.1777745020918808,
        1.2467736139510028,
        1.2104865871944959,
        1.1652992472326185,
        1.2835768167291135,
        1.231107225224513,
        1.2296962136144756,
        1.256925260749863,
        1.2011279421166312,
        1.1524430571616109,
        1.2936812246883354,
        1.2289901003127188,
        1.2644992421244599,
        1.1936754630598347,
        1.1989578808281798,
        1.2233265213252666,
        1.302588235441696,
        1.2950225223266711,
        1.2169234888758527,
        1.3680379299485002,
        1.2233265213252664,
        1.1441275181454984,
        1.5618054011659426,
        1.2530241196578957,
        1.2916666666666665,
        1.2548516955312996,
        1.2025724741384842,
        1.2104865871944959,
        1.2916666666666665,
        1.1909671606630376,
        1.360402309776209,
        1.1516895800904376,
        1.1758271320412896,
        1.3623152270226513,
        1.4058162911434924,
        1.5382845784978945,
        1.2402396721781015,
        1.49362069407791
    ],
    [
        0.676689118624872,
        1.6525443345876618,
        0.0,
        1.3287682265918312,
        0.8926785535678563,
        1.2720554233208552,
        0.7905694150420949,
        0.9418878796214429,
        1.2747548783981961,
        1.1763290356018592,
        0.8477912478906585,
        1.3050383136138188,
        1.1726039399558574,
        1.1472793905583767,
        1.5612494995995996,
        1.0475006697187474,
        1.479019945774904,
        1.2054563451241194,
        1.1726039399558574,
        1.1726039399558574,
        1.2381381631753021,
        1.1110243021644486,
        0.9166666666666666,
        1.0968705484240153,
        1.0905210273585335,
        1.1288821904875637,
        1.3274610268394993,
        1.2936812246883354,
        1.0819542504191202,
        1.125771340508858,
        0.9842509842514764,
        0.770551750371122,
        1.1388041973930374,
        1.015504800579495,
        0.6846531968814576,
        1.2134661099511597,
        1.0,
        1.2374368670764582,
        1.2747548783981961,
        1.3050383136138188,
        1.0897247358851685,
        1.3635890143294642,
        0.9842509842514764,
        1.3050383136138188,
        1.448274835796024,
        0.9930312739844155,
        0.8947765084086641,
        0.8838834764831844,
        1.3693063937629153,
        0.5994789404140899
    ],
    [
        1.4922204725761907,
        1.2527746981977423,
        1.3287682265918312,
        0.0,
        1.0532687216470449,
        1.083685840084662,
        1.0752906583803283,
        1.0265570828962431,
        1.0680004681646913,
        1.0395311443145896,
        1.403121520040228,
        1.14564392373896,
        0.9921567416492215,
        0.9797958971132712,
        1.3228756555322954,
        1.0389420148420612,
        1.14564392373896,
        1.1319231422671772,
        1.0752906583803283,
        0.9762812094883317,
        1.07124667768187,
        1.0606601717798212,
        1.0189182717197902,
        1.0231690964840563,
        1.1953323573150876,
        1.0395311443145896,
        1.1141451630934114,
        1.1349865393230196,
        1.1521718621802912,
        1.0416666666666667,
        1.0532687216470449,
        1.0825317547305484,
        1.0606601717798212,
        0.9762812094883317,
        1.2747548783981961,
        1.0491067629178643,
        1.0680004681646913,
        1.103970108290981,
        1.118033988749895,
        1.14564392373896,
        1.0307764064044151,
        1.224744871391589,
        1.118033988749895,
        1.0606601717798212,
        1.1688669727560959,
        1.0416666666666667,
        1.1280514172678477,
        1.243734296383275,
        1.2119199643540823,
        1.224744871391589
    ],
    [
        1.1399236906074737,
        1.2856040517117926,
        0.8926785535678563,
        1.0532687216470449,
        0.0,
        0.8975661535508122,
        0.8660254037844386,
        0.8270597183866336,
        1.1110243021644486,
        0.991526600752597,
        0.9682458365518543,
        1.118033988749895,
        0.9185586535436918,
        0.9940447676035522,
        1.1989578808281798,
        0.9455858782052662,
        1.2686114456365274,
        0.9354143466934853,
        0.9682458365518543,
        1.0897247358851685,
        1.0316182002616623,
        0.9100137361600648,
        0.8994597143717876,
        0.960143218483576,
        0.9691419458010839,
        0.8975661535508122,
        1.0881304047667162,
        1.0976616560266244,
        1.024084957413202,
        1.0316182002616623,
        0.7905694150420949,
        0.8477912478906585,
        0.9437293044088437,
        0.8569568250501305,
        0.9354143466934853,
        0.9701803955966127,
        0.9270248108869579,
        0.9013878188659973,
        0.8926785535678563,
        0.9921567416492215,
        0.9270248108869579,
        1.0680004681646913,
        0.960143218483576,
        1.0307764064044151,
        1.2134661099511597,
        0.8302024518821365,
        0.8591420138719792,
        0.9354143466934853,
        1.1792476415070754,
        0.8569568250501305
    ],
    [
        1.2617104522457292,
        1.2002025292054301,
        1.2720554233208552,
        1.083685840084662,
        0.8975661535508122,
        0.0,
        1.0574142991278301,
        0.9191632668417027,
        1.0674151020104596,
        0.9871043511199816,
        1.2781823031164217,
        1.1288821904875637,
        0.9646890690787369,
        0.9899494936611666,
        1.2155245781143218,
        0.9639615857364391,
        1.14755174175285,
        0.9807522622966516,
        1.0274361294017258,
        1.052675163571365,
        1.0010758102050903,
        0.9965565713997374,
        0.9848152675050844,
        0.9743587634952539,
        0.9612636359385378,
        0.9519716382329886,
        1.0934146311237816,
        1.1091788754649892,
        1.041633332799983,
        1.0762912142063494,
        0.9233092656309694,
        1.0274361294017258,
        1.019803902718557,
        0.9233092656309694,
        1.1683321445547923,
        0.9148087231765993,
        1.05,
        0.9565563234854496,
        1.0425329730996522,
        0.9161741100904348,
        1.0274361294017258,
        1.0793516572461452,
        1.0991473968490304,
        0.9886859966642595,
        1.0099504938362078,
        0.9973228052028981,
        0.9899494936611666,
        1.2193748398257198,
        1.1191514642799696,
        1.1288821904875637
    ],
    [
        0.9296010774871692,
        1.390693272356553,
        0.7905694150420949,
        1.0752906583803283,
        0.8660254037844386,
        1.0574142991278301,
        0.0,
        0.8640183897219884,
        1.14564392373896,
        1.0121141239998581,
        0.9437293044088437,
        1.125,
        0.9682458365518543,
        1.0700467279516348,
        1.4523687548277813,
        0.9289147716885681,
        1.3110110602126894,
        1.1388041973930374,
        0.9842509842514764,
        1.0752906583803283,
        0.9930312739844155,
        0.9437293044088437,
        0.950146187582615,
        1.0383279828647594,
        0.8609990966571595,
        1.0274361294017258,
        1.0952866190079096,
        1.167410477176825,
        0.9317322576792112,
        1.016359243137539,
        0.8100925873009825,
        0.770551750371122,
        0.8660254037844386,
        0.8477912478906585,
        0.875,
        0.99498743710662,
        0.81967981553775,
        1.0231690964840563,
        1.0383279828647594,
        1.1726039399558574,
        0.875,
        1.118033988749895,
        0.9921567416492215,
        1.1110243021644486,
        1.16081867662439,
        0.9138213416442214,
        0.8507349763586778,
        1.0077822185373186,
        1.1110243021644486,
        0.7071067811865476
    ],
    [
        1.0810251443938717,
        1.2665570127975554,
        0.9418878796214429,
        1.0265570828962431,
        0.8270597183866336,
        0.9191632668417027,
        0.8640183897219884,
        0.0,
        1.0274023338281628,
        0.8756346904452285,
        0.9904053603337261,
        1.0952866190079096,
        0.9251501379656049,
        0.9132131916115389,
        1.315637783653912,
        0.9262409705907567,
        1.2162099599438687,
        0.9982623792259117,
        0.9251501379656049,
        0.980716857994985,
        0.982485510212633,
        0.9664511253952668,
        0.82915619758885,
        0.8759915017345267,
        0.9583333333333334,
        0.9191632668417027,
        1.0565601944254972,
        0.9947780321927768,
        0.957100656496832,
        0.8829008375173788,
        0.8364524958285304,
        0.8457409637576849,
        0.8730136183232068,
        0.8640183897219884,
        0.9023503261544882,
        0.9880887836851729,
        0.8364524958285304,
        0.93355652093367,
        0.982485510212633,
        1.033299730636437,
        0.9418878796214429,
        1.102396379610246,
        0.9753916592266354,
        1.0366546087187274,
        1.1926860441876563,
        0.7637626158259734,
        0.7843521743026748,
        0.8789592962387077,
        1.2402396721781015,
        0.8819171036881969
    ],
    [
        1.462542516388805,
        1.256925260749863,
        1.2747548783981961,
        1.0680004681646913,
        1.1110243021644486,
        1.0674151020104596,
        1.14564392373896,
        1.0274023338281628,
        0.0,
        0.9785192895390463,
        1.4086784586980805,
        1.14564392373896,
        1.0825317547305484,
        0.9653367288153911,
        1.3693063937629153,
        0.9916745269224871,
        1.125,
        1.1319231422671772,
        1.2183492931011204,
        1.015504800579495,
        1.0172129679778086,
        1.0968705484240153,
        1.0937003957005573,
        0.960143218483576,
        1.0984521938720055,
        1.0452272480183435,
        1.125771340508858,
        1.0366546087187274,
        1.0914439976471537,
        1.0172129679778086,
        1.1110243021644486,
        1.0752906583803283,
        1.2183492931011204,
        1.0606601717798212,
        1.243734296383275,
        1.0431323022512533,
        1.0077822185373186,
        1.1388041973930374,
        1.2054563451241194,
        1.2374368670764582,
        1.0680004681646913,
        1.2183492931011204,
        1.0752906583803283,
        1.1524430571616109,
        1.1014195385955345,
        1.0516191220103301,
        1.0505950694725348,
        1.2624381172952597,
        1.14564392373896,
        1.224744871391589
    ],
    [
        1.2665033013162257,
        1.1583333333333334,
        1.1763290356018592,
        1.0395311443145896,
        0.991526600752597,
        0.9871043511199816,
        1.0121141239998581,
        0.8756346904452285,
        0.9785192895390463,
        0.0,
        1.2026013470805694,
        1.0425329730996522,
        0.972753822917186,
        0.9260129588726068,
        1.2270391191808026,
        0.9309790216624165,
        1.0917302780449025,
        1.0720890821195783,
        1.0520812706250409,
        0.9993748045653342,
        1.0345423035225665,
        0.9756408150543928,
        0.9499268977721976,
        0.8905756565278439,
        1.078901189997387,
        1.0056092680559383,
        0.9939749046686798,
        1.0835256239599402,
        1.0068515282801134,
        1.0345423035225665,
        0.9233092656309694,
        1.0425329730996522,
        1.019803902718557,
        0.8799857953399021,
        1.1065147988165365,
        1.0021851126413723,
        1.0274361294017258,
        0.9965565713997374,
        1.0043654713300334,
        1.0425329730996522,
        0.9886859966642595,
        1.0574142991278301,
        1.0179636535751166,
        1.0185774393731681,
        1.0627205653416143,
        1.0079200254870313,
        1.069170239017155,
        1.1051018052650172,
        1.133026919362466,
        1.05
    ],
    [
        0.9379675704763497,
        1.7037540250217393,
        0.8477912478906585,
        1.403121520040228,
        0.9682458365518543,
        1.2781823031164217,
        0.9437293044088437,
        0.9904053603337261,
        1.4086784586980805,
        1.2026013470805694,
        0.0,
        1.4415703243338496,
        1.299038105676658,
        1.306474263045392,
        1.6630168369562588,
        1.3063815112979915,
        1.7320508075688772,
        1.1989578808281798,
        1.192424001771182,
        1.4684175155588413,
        1.3352850299135055,
        1.25,
        0.950146187582615,
        1.243734296383275,
        1.1931517552730295,
        1.2842799539041323,
        1.49362069407791,
        1.3981634779635432,
        1.2781823031164217,
        1.2126360175712707,
        1.14564392373896,
        1.0383279828647594,
        1.14564392373896,
        1.159202311936963,
        0.5303300858899106,
        1.3476831971943555,
        1.192424001771182,
        1.231107225224513,
        1.2930100540985752,
        1.3169567191065923,
        1.159202311936963,
        1.4469796128487782,
        1.1989578808281798,
        1.3919410907075054,
        1.6735067971179562,
        1.0614782669047498,
        0.9701803955966127,
        0.6614378277661477,
        1.648863244784115,
        0.6846531968814576
    ],
    [
        1.4486314794540762,
        1.2856040517117926,
        1.3050383136138188,
        1.14564392373896,
        1.118033988749895,
        1.1288821904875637,
        1.125,
        1.0952866190079096,
        1.14564392373896,
        1.0425329730996522,
        1.4415703243338496,
        0.0,
        1.0077822185373186,
        1.0523782589924593,
        1.2747548783981961,
        1.0691940985659074,
        1.159202311936963,
        1.224744871391589,
        1.14564392373896,
        1.125,
        1.165177621175797,
        1.0897247358851685,
        1.1094605796411956,
        1.1524430571616109,
        1.2047360245667467,
        1.063014581273465,
        1.0290907529357056,
        1.165177621175797,
        1.05,
        1.2047360245667467,
        1.0897247358851685,
        1.0458250331675945,
        1.125,
        0.9682458365518543,
        1.3050383136138188,
        1.1171951485752165,
        1.0307764064044151,
        1.0752906583803283,
        1.125,
        1.2686114456365274,
        1.0077822185373186,
        1.125,
        1.1524430571616109,
        1.165922381636102,
        1.1742018565817378,
        1.2047360245667467,
        1.2046783803156758,
        1.3863170633011772,
        1.192424001771182,
        1.192424001771182
    ],
    [
        1.27049524330684,
        1.1777745020918808,
        1.1726039399558574,
        0.9921567416492215,
        0.9185586535436918,
        0.9646890690787369,
        0.9682458365518543,
        0.9251501379656049,
        1.0825317547305484,
        0.972753822917186,
        1.299038105676658,
        1.0077822185373186,
        0.0,
        0.986470982847443,
        1.2054563451241194,
        0.9162994007619641,
        1.125,
        1.0383279828647594,
        0.9762812094883317,
        1.0383279828647594,
        1.0833333333333333,
        0.960143218483576,
        0.9745012969605417,
        0.9682458365518543,
        0.9344858955002417,
        0.9721111047611792,
        0.9664511253952668,
        1.076903998610007,
        0.9807522622966516,
        1.068812944865055,
        0.8838834764831844,
        0.9437293044088437,
        0.960143218483576,
        0.9354143466934853,
        1.125,
        1.001873245475694,
        0.9437293044088437,
        1.015504800579495,
        1.0,
        1.0383279828647594,
        0.9519716382329886,
        1.0532687216470449,
        1.0077822185373186,
        0.9270248108869579,
        1.0697546447667334,
        1.076903998610007,
        1.0479145957567344,
        1.2119199643540823,
        1.0680004681646913,
        1.0680004681646913
    ],
    [
        1.260081791967878,
        1.2467736139510028,
        1.1472793905583767,
        0.9797958971132712,
        0.9940447676035522,
        0.9899494936611666,
        1.0700467279516348,
        0.9132131916115389,
        0.9653367288153911,
        0.9260129588726068,
        1.306474263045392,
        1.0523782589924593,
        0.986470982847443,
        0.0,
        1.200520720354297,
        0.8735337569263113,
        1.0931605554537724,
        1.1197097838279346,
        1.0914439976471537,
        0.9653367288153911,
        0.9696434052440791,
        0.9620940702446928,
        0.9348202441586773,
        0.9154916711800277,
        1.0692676621563626,
        0.9303897032964198,
        0.9226697374708052,
        1.0106035050624178,
        1.02469507659596,
        0.9660558414961782,
        1.0325938214031691,
        1.0550473923004597,
        1.0479145957567344,
        0.986154146165801,
        1.116915395184434,
        0.9682458365518543,
        1.0597759197113321,
        1.0452272480183435,
        1.1472793905583767,
        1.1472793905583767,
        0.967923034130297,
        1.1407234546549834,
        0.9555757426808196,
        1.0914439976471537,
        1.094588963949482,
        0.9028888820521235,
        0.9354143466934853,
        1.1070794912742263,
        1.1613569649336934,
        1.1056672193747992
    ],
    [
        1.731958753102677,
        1.2104865871944959,
        1.5612494995995996,
        1.3228756555322954,
        1.1989578808281798,
        1.2155245781143218,
        1.4523687548277813,
        1.315637783653912,
        1.3693063937629153,
        1.2270391191808026,
        1.6630168369562588,
        1.2747548783981961,
        1.2054563451241194,
        1.200520720354297,
        0.0,
        1.1873321578485208,
        1.3050383136138188,
        1.2054563451241194,
        1.2808688457449497,
        1.286953767623375,
        1.337233877990101,
        1.2054563451241194,
        1.3333333333333333,
        1.2183492931011204,
        1.3831827227248192,
        1.2439855304624727,
        1.2169234888758527,
        1.2692955176439846,
        1.3761358944522886,
        1.369940185231133,
        1.357847561400027,
        1.3919410907075054,
        1.25,
        1.2374368670764582,
        1.505199322349037,
        1.3242922638149028,
        1.3169567191065923,
        1.286953767623375,
        1.125,
        1.2183492931011204,
        1.3050383136138188,
        1.3228756555322954,
        1.334634781503914,
        1.2183492931011204,
        1.306474263045392,
        1.371206889325361,
        1.3592277219068187,
        1.5309310892394863,
        1.25,
        1.4842927608797396
    ],
    [
        1.1340340220933878,
        1.1652992472326185,
        1.0475006697187474,
        1.0389420148420612,
        0.9455858782052662,
        0.9639615857364391,
        0.9289147716885681,
        0.9262409705907567,
        0.9916745269224871,
        0.9309790216624165,
        1.3063815112979915,
        1.0691940985659074,
        0.9162994007619641,
        0.8735337569263113,
        1.1873321578485208,
        0.0,
        1.0427715229040309,
        1.0841506597614672,
        0.9939228607196962,
        0.865472915432331,
        0.969416099358859,
        0.8946410749910964,
        0.9092152306252392,
        0.9265086979337748,
        0.9586105780570189,
        0.8880298073688238,
        1.0147893060142619,
        0.9449299305748259,
        0.9502483563655926,
        0.9667260420423212,
        0.9204659977757051,
        0.9119389524859789,
        1.0095210017930407,
        0.9119389524859789,
        1.1015121795207954,
        0.8957880466325703,
        0.9114142967982032,
        1.032476466105269,
        1.0475006697187474,
        1.1055576208688649,
        0.9242688781862524,
        1.0363298663247793,
        0.8577007113230591,
        1.0400156984686455,
        0.9987172895718768,
        0.9421699636280132,
        0.8957880466325703,
        1.1115981783918512,
        0.9277125148471813,
        0.9289147716885681
    ],
    [
        1.614072362639524,
        1.2835768167291135,
        1.479019945774904,
        1.14564392373896,
        1.2686114456365274,
        1.14755174175285,
        1.3110110602126894,
        1.2162099599438687,
        1.125,
        1.0917302780449025,
        1.7320508075688772,
        1.159202311936963,
        1.125,
        1.0931605554537724,
        1.3050383136138188,
        1.0427715229040309,
        0.0,
        1.2747548783981961,
        1.231107225224513,
        1.1726039399558574,
        1.1031835245728105,
        1.125,
        1.233924407913404,
        1.0897247358851685,
        1.2211959074794039,
        1.0917302780449025,
        1.0639287779003088,
        1.1829224638815325,
        1.2257650672131262,
        1.2147816447594377,
        1.165922381636102,
        1.2747548783981961,
        1.2686114456365274,
        1.1388041973930374,
        1.505199322349037,
        1.1955647201218342,
        1.0606601717798212,
        1.2183492931011204,
        1.1989578808281798,
        1.2562344526401112,
        1.1858541225631423,
        1.224744871391589,
        1.2119199643540823,
        1.192424001771182,
        1.2402116754812462,
        1.2119199643540823,
        1.3315873985585776,
        1.5103807466993215,
        1.2183492931011204,
        1.3635890143294642
    ],
    [
        1.406526333393944,
        1.231107225224513,
        1.2054563451241194,
        1.1319231422671772,
        0.9354143466934853,
        0.9807522622966516,
        1.1388041973930374,
        0.9982623792259117,
        1.1319231422671772,
        1.0720890821195783,
        1.1989578808281798,
        1.224744871391589,
        1.0383279828647594,
        1.1197097838279346,
        1.2054563451241194,
        1.0841506597614672,
        1.2747548783981961,
        0.0,
        0.9762812094883317,
        1.1524430571616109,
        1.0614782669047498,
        0.9013878188659973,
        1.006058038970803,
        1.118033988749895,
        1.016359243137539,
        1.0274361294017258,
        1.165922381636102,
        1.1395661942647786,
        1.0871407452579451,
        1.104756131963571,
        0.9100137361600648,
        1.0231690964840563,
        1.0383279828647594,
        0.960143218483576,
        1.1989578808281798,
        1.1056672193747992,
        1.0606601717798212,
        1.0968705484240153,
        1.0897247358851685,
        1.015504800579495,
        1.118033988749895,
        0.9762812094883317,
        1.1726039399558574,
        1.0,
        1.1939953936259553,
        1.0905210273585335,
        1.0985786271359916,
        1.1388041973930374,
        1.192424001771182,
        1.1858541225631423
    ],
    [
        1.363939746709165,
        1.2296962136144756,
        1.1726039399558574,
        1.0752906583803283,
        0.9682458365518543,
        1.0274361294017258,
        0.9842509842514764,
        0.9251501379656049,
        1.2183492931011204,
        1.0520812706250409,
        1.192424001771182,
        1.14564392373896,
        0.9762812094883317,
        1.0914439976471537,
        1.2808688457449497,
        0.9939228607196962,
        1.231107225224513,
        0.9762812094883317,
        0.0,
        1.1110243021644486,
        1.076097630845413,
        0.960143218483576,
        0.8994597143717876,
        1.0968705484240153,
        1.068812944865055,
        1.0647769719523428,
        1.0671873729054748,
        1.1395661942647786,
        1.0819542504191202,
        1.0905210273585335,
        0.960143218483576,
        1.0231690964840563,
        0.9437293044088437,
        0.9354143466934853,
        1.1110243021644486,
        1.1056672193747992,
        0.9921567416492215,
        1.015504800579495,
        1.0532687216470449,
        1.0897247358851685,
        0.9921567416492215,
        1.103970108290981,
        1.0532687216470449,
        1.0458250331675945,
        1.232629303562105,
        0.9023503261544882,
        1.0250000000000001,
        1.0680004681646913,
        1.231107225224513,
        1.0606601717798212
    ],
    [
        1.2618064876378223,
        1.256925260749863,
        1.1726039399558574,
        0.9762812094883317,
        1.0897247358851685,
        1.052675163571365,
        1.0752906583803283,
        0.980716857994985,
        1.015504800579495,
        0.9993748045653342,
        1.4684175155588413,
        1.125,
        1.0383279828647594,
        0.9653367288153911,
        1.286953767623375,
        0.865472915432331,
        1.1726039399558574,
        1.1524430571616109,
        1.1110243021644486,
        0.0,
        0.9939050368230469,
        1.0968705484240153,
        0.9771699499632145,
        0.9185586535436918,
        1.0095034532988096,
        1.052675163571365,
        1.068812944865055,
        1.0881304047667162,
        1.003431612019474,
        0.9860132971832694,
        1.0532687216470449,
        1.015504800579495,
        1.0680004681646913,
        1.0231690964840563,
        1.224744871391589,
        0.9324028099485758,
        1.0458250331675945,
        1.1726039399558574,
        1.224744871391589,
        1.125,
        1.0458250331675945,
        1.165922381636102,
        1.015504800579495,
        1.1110243021644486,
        1.0204165815979276,
        1.0214708893442719,
        1.035615758860399,
        1.231107225224513,
        1.0458250331675945,
        1.159202311936963
    ],
    [
        1.2734757016966562,
        1.2011279421166312,
        1.2381381631753021,
        1.07124667768187,
        1.0316182002616623,
        1.0010758102050903,
        0.9930312739844155,
        0.982485510212633,
        1.0172129679778086,
        1.0345423035225665,
        1.3352850299135055,
        1.165177621175797,
        1.0833333333333333,
        0.9696434052440791,
        1.337233877990101,
        0.969416099358859,
        1.1031835245728105,
        1.0614782669047498,
        1.076097630845413,
        0.9939050368230469,
        0.0,
        1.0008676791220261,
        0.982485510212633,
        0.9982623792259117,
        0.8926785535678563,
        0.9197297308328016,
        0.9904053603337261,
        1.0968705484240153,
        0.9517892507156076,
        1.0752906583803283,
        1.0008676791220261,
        1.0120798167909266,
        0.9700372272352347,
        0.9455671431591848,
        1.1777745020918808,
        0.9294188745901626,
        0.9833686434338289,
        1.0532687216470449,
        1.1188101318414627,
        1.0265570828962431,
        1.033299730636437,
        0.9860132971832694,
        1.0146496384904933,
        1.0614782669047498,
        0.9451631252505217,
        1.0077822185373186,
        0.9978796966011929,
        1.162193806748446,
        1.0282468899377555,
        1.0976616560266244
    ],
    [
        1.2330483215451478,
        1.1524430571616109,
        1.1110243021644486,
        1.0606601717798212,
        0.9100137361600648,
        0.9965565713997374,
        0.9437293044088437,
        0.9664511253952668,
        1.0968705484240153,
        0.9756408150543928,
        1.25,
        1.0897247358851685,
        0.960143218483576,
        0.9620940702446928,
        1.2054563451241194,
        0.8946410749910964,
        1.125,
        0.9013878188659973,
        0.960143218483576,
        1.0968705484240153,
        1.0008676791220261,
        0.0,
        0.9166666666666666,
        1.0,
        1.0086432030758503,
        0.9483538369195329,
        0.9583333333333334,
        1.104756131963571,
        0.9956153875869939,
        1.0466547239233726,
        0.8838834764831844,
        0.9185586535436918,
        0.9921567416492215,
        0.8660254037844386,
        1.118033988749895,
        1.0250000000000001,
        0.9682458365518543,
        1.015504800579495,
        1.0383279828647594,
        1.1319231422671772,
        0.9682458365518543,
        0.9519716382329886,
        1.0,
        0.9100137361600648,
        1.084262422110072,
        1.076097630845413,
        1.001873245475694,
        1.165922381636102,
        1.0825317547305484,
        1.0231690964840563
    ],
    [
        1.1424075256442099,
        1.2936812246883354,
        0.9166666666666666,
        1.0189182717197902,
        0.8994597143717876,
        0.9848152675050844,
        0.950146187582615,
        0.82915619758885,
        1.0937003957005573,
        0.9499268977721976,
        0.950146187582615,
        1.1094605796411956,
        0.9745012969605417,
        0.9348202441586773,
        1.3333333333333333,
        0.9092152306252392,
        1.233924407913404,
        1.006058038970803,
        0.8994597143717876,
        0.9771699499632145,
        0.982485510212633,
        0.9166666666666666,
        0.0,
        0.9195031871130797,
        1.0214708893442719,
        0.9443178019666425,
        1.016359243137539,
        0.9947780321927769,
        0.921200907029032,
        0.982485510212633,
        0.8994597143717876,
        0.8364524958285304,
        0.8887803753208976,
        0.8769818824937163,
        0.8936504412303007,
        0.9055768572818348,
        0.9418878796214429,
        1.0801234497346432,
        1.0736748938937604,
        1.0590220855949029,
        0.9251501379656049,
        0.982485510212633,
        0.8878031563609382,
        1.0968705484240153,
        1.2085919263524991,
        0.840593375076334,
        0.7698304286587332,
        0.8789592962387077,
        1.1280821975567403,
        0.8270597183866336
    ],
    [
        1.0968705484240153,
        1.2289901003127188,
        1.0968705484240153,
        1.0231690964840563,
        0.960143218483576,
        0.9743587634952539,
        1.0383279828647594,
        0.8759915017345267,
        0.960143218483576,
        0.8905756565278439,
        1.243734296383275,
        1.1524430571616109,
        0.9682458365518543,
        0.9154916711800277,
        1.2183492931011204,
        0.9265086979337748,
        1.0897247358851685,
        1.118033988749895,
        1.0968705484240153,
        0.9185586535436918,
        0.9982623792259117,
        1.0,
        0.9195031871130797,
        0.0,
        0.9745012969605417,
        0.95818839483684,
        1.0984521938720055,
        1.044163673845139,
        0.9500000000000001,
        0.950146187582615,
        0.9519716382329886,
        0.9842509842514764,
        1.0458250331675945,
        0.9270248108869579,
        1.0077822185373186,
        0.9490126448051154,
        1.015504800579495,
        1.0,
        1.0752906583803283,
        1.1726039399558574,
        1.0606601717798212,
        1.192424001771182,
        0.9519716382329886,
        1.118033988749895,
        0.9069178573608527,
        0.93355652093367,
        0.9069178573608527,
        1.0532687216470449,
        0.9842509842514764,
        1.0231690964840563
    ],
    [
        1.074367661936952,
        1.2644992421244599,
        1.0905210273585335,
        1.1953323573150876,
        0.9691419458010839,
        0.9612636359385378,
        0.8609990966571595,
        0.9583333333333334,
        1.0984521938720055,
        1.078901189997387,
        1.1931517552730295,
        1.2047360245667467,
        0.9344858955002417,
        1.0692676621563626,
        1.3831827227248192,
        0.9586105780570189,
        1.2211959074794039,
        1.016359243137539,
        1.068812944865055,
        1.0095034532988096,
        0.8926785535678563,
        1.0086432030758503,
        1.0214708893442719,
        0.9745012969605417,
        0.0,
        0.9531016618272039,
        1.0968705484240153,
        1.167410477176825,
        0.8651027556179544,
        1.015504800579495,
        0.9195031871130797,
        0.8528953954357801,
        0.9860132971832694,
        0.9455671431591848,
        1.0290907529357056,
        0.9124524340722887,
        0.9510593508761106,
        1.0383279828647594,
        1.1733439866940603,
        1.1349865393230196,
        1.0180659769058849,
        1.1039701082909807,
        1.0069204977995476,
        1.024017143953709,
        0.9776672917374978,
        1.0231690964840563,
        0.9900196406581482,
        1.1486707293408518,
        1.0206207261596574,
        0.9851325347947408
    ],
    [
        1.198989795874946,
        1.1936754630598347,
        1.1288821904875637,
        1.0395311443145896,
        0.8975661535508122,
        0.9519716382329886,
        1.0274361294017258,
        0.9191632668417027,
        1.0452272480183435,
        1.0056092680559383,
        1.2842799539041323,
        1.063014581273465,
        0.9721111047611792,
        0.9303897032964198,
        1.2439855304624727,
        0.8880298073688238,
        1.0917302780449025,
        1.0274361294017258,
        1.0647769719523428,
        1.052675163571365,
        0.9197297308328016,
        0.9483538369195329,
        0.9443178019666425,
        0.95818839483684,
        0.9531016618272039,
        0.0,
        0.9953363473944095,
        0.976743455456845,
        0.9772410142846032,
        1.0242205708624377,
        0.9148087231765993,
        0.9496709956611289,
        1.011805317242403,
        0.9313968005098578,
        1.0559356040971437,
        0.8710625695092173,
        1.0179636535751166,
        1.0099504938362078,
        1.0550473923004597,
        1.0056092680559383,
        0.9646890690787369,
        1.0274361294017258,
        0.877852493303972,
        0.9688911187538051,
        1.0845505981741932,
        1.0468537518573346,
        1.019803902718557,
        1.1736694594305501,
        0.9934158243152764,
        1.0274361294017258
    ],
    [
        1.467198515968705,
        1.1989578808281798,
        1.3274610268394993,
        1.1141451630934114,
        1.0881304047667162,
        1.0934146311237816,
        1.0952866190079096,
        1.0565601944254972,
        1.125771340508858,
        0.9939749046686798,
        1.49362069407791,
        1.0290907529357056,
        0.9664511253952668,
        0.9226697374708052,
        1.2169234888758527,
        1.0147893060142619,
        1.0639287779003088,
        1.165922381636102,
        1.0671873729054748,
        1.068812944865055,
        0.9904053603337261,
        0.9583333333333334,
        1.016359243137539,
        1.0984521938720055,
        1.0968705484240153,
        0.9953363473944095,
        0.0,
        1.16443238437351,
        1.130480477987617,
        1.0590220855949029,
        1.0137937550497031,
        1.102396379610246,
        1.0952866190079096,
        0.9583333333333334,
        1.3057033013326997,
        1.0576769618156365,
        1.044163673845139,
        1.1441275181454984,
        1.1094605796411956,
        1.1509356097444277,
        0.9982623792259117,
        1.0809268142560706,
        1.0565601944254972,
        1.0573814617041266,
        1.1489427507253982,
        1.1380416903123054,
        1.2071545974821214,
        1.36613302589625,
        1.182188413259259,
        1.16443238437351
    ],
    [
        1.4702380952380953,
        1.2233265213252666,
        1.2936812246883354,
        1.1349865393230196,
        1.0976616560266244,
        1.1091788754649892,
        1.167410477176825,
        0.9947780321927768,
        1.0366546087187274,
        1.0835256239599402,
        1.3981634779635432,
        1.165177621175797,
        1.076903998610007,
        1.0106035050624178,
        1.2692955176439846,
        0.9449299305748259,
        1.1829224638815325,
        1.1395661942647786,
        1.1395661942647786,
        1.0881304047667162,
        1.0968705484240153,
        1.104756131963571,
        0.9947780321927769,
        1.044163673845139,
        1.167410477176825,
        0.976743455456845,
        1.16443238437351,
        0.0,
        1.1339765331689091,
        1.0017346066809423,
        1.104756131963571,
        1.0905210273585335,
        1.0976616560266244,
        1.0976616560266244,
        1.1711224435462664,
        1.1065461781798556,
        1.104756131963571,
        1.0905210273585335,
        1.076097630845413,
        1.1799835215421914,
        1.0316182002616623,
        1.0881304047667164,
        1.092906420717,
        1.1599509089229212,
        1.0479477298245579,
        1.0696248044161196,
        1.0028431803848719,
        1.1486707293408518,
        1.0189182717197902,
        1.1599509089229212
    ],
    [
        1.0239853115974598,
        1.302588235441696,
        1.0819542504191202,
        1.1521718621802912,
        1.024084957413202,
        1.041633332799983,
        0.9317322576792112,
        0.957100656496832,
        1.0914439976471537,
        1.0068515282801134,
        1.2781823031164217,
        1.05,
        0.9807522622966516,
        1.02469507659596,
        1.3761358944522886,
        0.9502483563655926,
        1.2257650672131262,
        1.0871407452579451,
        1.0819542504191202,
        1.003431612019474,
        0.9517892507156076,
        0.9956153875869939,
        0.921200907029032,
        0.9500000000000001,
        0.8651027556179544,
        0.9772410142846032,
        1.130480477987617,
        1.1339765331689091,
        0.0,
        1.1244134273280249,
        0.8374067112222114,
        0.8620469824783334,
        0.9646890690787369,
        0.9120718173477349,
        1.0259142264341596,
        0.9536115561380326,
        0.9317322576792112,
        1.1562331079847177,
        1.0553435459602716,
        1.0833974340010224,
        0.9317322576792112,
        1.0529719844326344,
        0.8926785535678563,
        1.100568035152757,
        1.0793516572461452,
        1.0263541190923229,
        1.069462481810372,
        1.1399013115177998,
        1.0090218035305283,
        0.9565563234854496
    ],
    [
        1.4112541663341385,
        1.2950225223266711,
        1.125771340508858,
        1.0416666666666667,
        1.0316182002616623,
        1.0762912142063494,
        1.016359243137539,
        0.8829008375173788,
        1.0172129679778086,
