[
    [
        0.0,
        1.0618104380020004,
        0.9158969306095528,
        0.6871447946030007,
        0.4948464881910349,
        0.40894538525945,
        0.6085731904422015,
        0.5144399260360728,
        0.26378035962709584,
        1.0028036868575025,
        0.4192627457812106,
        0.32775276505317236,
        0.5704730082352714,
        0.4183883699686214,
        0.31868871959954903,
        0.5552923638724019,
        0.5796011559684815,
        0.358013726168425,
        0.40564859330459907,
        0.5019493251315316,
        0.7643484255396881,
        0.5906810305580424,
        0.5294085733155443,
        0.46087128761726953,
        0.7823429854450029,
        0.40110930165604486,
        0.600089511552235,
        0.41339864235384227,
        0.5067898356320892,
        0.6706222170388565,
        0.5079927564690269,
        1.0732452975671498,
        1.4298369115916683,
        0.5351419934232409,
        0.8228012841050991,
        0.5563904317114018,
        0.35733114456341475,
        0.4116231210099841,
        0.4818482482846648,
        0.5793905068043487,
        0.5762215285808054,
        0.35733114456341475,
        0.528588102348553,
        0.6277284195812708,
        0.5590169943749475,
        0.6532670300114648,
        0.6588490200721254,
        0.39497577061764183,
        0.34089725358236606
    ],
    [
        1.0618104380020004,
        0.0,
        0.2619227283475033,
        0.34303903750156484,
        0.42790824805091104,
        0.42216425269082175,
        1.225243120007209,
        0.4487939567607835,
        0.8300390615808391,
        1.7247763668444092,
        0.6510208329999894,
        0.6785640859565145,
        0.3247595264191645,
        0.8783418326596998,
        0.7778049040408527,
        0.42389562394532926,
        1.4899566111551705,
        0.8102432601540108,
        0.42245330733111797,
        0.3376591060152236,
        0.2509746625657658,
        1.081340815871409,
        0.5785471431741755,
        0.5365088972934187,
        0.2728788936964528,
        0.6461272852542291,
        1.3839375719753402,
        0.5084731279772806,
        0.8915839136054441,
        0.21675679215296678,
        0.2679129406169101,
        0.20787710461953235,
        0.25958199571618984,
        0.9451510709272883,
        0.2509746625657658,
        0.3121091305537215,
        0.8885667005070582,
        1.2591462261191113,
        0.5856770254372285,
        1.1601496738029107,
        0.5755856392623082,
        0.49951148009830565,
        0.5031907738235183,
        0.30095875444153475,
        0.9754055646883505,
        0.2790714234295586,
        1.4402148277253641,
        0.48963873799976243,
        0.48963873799976243
    ],
    [
        0.9158969306095528,
        0.2619227283475033,
        0.0,
        0.44469529596117835,
        0.38337012957454053,
        0.6375689300969739,
        1.3639470526746997,
        0.5396848762240795,
        0.815050084734061,
        1.8159987782209546,
        0.7653060560161535,
        0.6837611402200333,
        0.3101473943949876,
        0.7323776028286229,
        0.765943811173509,
        0.4866378594499199,
        1.4440239188202528,
        0.7866997421983816,
        0.4352621336620037,
        0.3318243840874266,
        0.33438960248488586,
        1.1527725485155826,
        0.5598897770990287,
        0.41251183695137766,
        0.30618621784789724,
        0.676762744615866,
        1.3721561500062593,
        0.6159501045133445,
        1.0135796712641785,
        0.26608416196760004,
        0.37173053916782245,
        0.20787710461953235,
        0.29481191037676885,
        1.1331087974572434,
        0.31366968593569894,
        0.3968257843500092,
        0.7951881656249671,
        1.232890721536179,
        0.6402437890171212,
        1.2964984393068122,
        0.6197041254703731,
        0.582961190818051,
        0.5558294680650212,
        0.3549317716125171,
        1.100426053853688,
        0.42100604954085874,
        1.4710752869924775,
        0.5222117177208876,
        0.7818747501998002
    ],
    [
        0.6871447946030007,
        0.34303903750156484,
        0.44469529596117835,
        0.0,
        0.32738010687120256,
        0.4192627457812106,
        1.1608859763129193,
        0.2706329386826371,
        0.600089511552235,
        1.640625,
        0.3486861500690843,
        0.4316008536541604,
        0.3045873232752801,
        0.658292951029403,
        0.5753735199850615,
        0.2049199538844375,
        1.1688502630790651,
        0.5417167444799911,
        0.3081731706768128,
        0.28512949360772905,
        0.258639771206982,
        0.8201430049760292,
        0.4330127018922193,
        0.4215855488510013,
        0.25291271962872885,
        0.4230308240837776,
        0.89117307697495,
        0.3175375223890871,
        0.5215099771337074,
        0.3434736894541156,
        0.3811347161765771,
        0.3511282039725661,
        0.5865101368476081,
        0.9013878188659973,
        0.2390165396996618,
        0.25291271962872885,
        0.5125381083392727,
        0.9202846451642014,
        0.3321920566479578,
        1.0301841082423082,
        0.39621007290956145,
        0.35733114456341475,
        0.35763467500214363,
        0.2803806007019744,
        0.7545435292281023,
        0.11587810136086973,
        1.1236971622728251,
        0.3542432515235823,
        0.5745242597140698
    ],
    [
        0.4948464881910349,
        0.42790824805091104,
        0.38337012957454053,
        0.32738010687120256,
        0.0,
        0.39713328209808857,
        1.0110473761772987,
        0.33108781406901705,
        0.5947770722085712,
        1.4707433282187616,
        0.4095419506900361,
        0.4128076504257158,
        0.21875,
        0.5369637586699869,
        0.5053425508998821,
        0.32211762700137975,
        1.032196535307109,
        0.4627216529675265,
        0.28598445652692384,
        0.18684782411095935,
        0.29315098498896436,
        0.8982374475342129,
        0.40894538525945,
        0.26238836912104163,
        0.3266335150057324,
        0.40745015032516557,
        0.7482074933633049,
        0.28512949360772905,
        0.4992670408959518,
        0.30489887610940414,
        0.4304680410611222,
        0.449880626527749,
        0.7482074933633049,
        0.8924050194558523,
        0.2679129406169101,
        0.2460627460628691,
        0.47186465220442186,
        0.7298731696329164,
        0.4139887906091178,
        0.9130937708554363,
        0.457415036509514,
        0.3462268719712553,
        0.4139232601313651,
        0.26836818808308854,
        0.780468358983886,
        0.2647042866577721,
        1.0621552749598338,
        0.31366968593569894,
        0.515625
    ],
    [
        0.40894538525945,
        0.42216425269082175,
        0.6375689300969739,
        0.4192627457812106,
        0.39713328209808857,
        0.0,
        0.5101508661660784,
        0.3843241836327764,
        0.3065846385991966,
        0.9532530651668527,
        0.24803918541230538,
        0.2692763740564701,
        0.30257682392245444,
        0.47005027989035386,
        0.29933193844793776,
        0.4116231210099841,
        0.6553192804847116,
        0.4304680410611222,
        0.30578727798095195,
        0.3657718722099883,
        0.5053425508998821,
        0.49888656407989623,
        0.4684895109551547,
        0.4230308240837776,
        0.552648099494606,
        0.31171777098843756,
        0.6950930131104758,
        0.33729739288942034,
        0.46613855906800933,
        0.4569997169796109,
        0.32923917977664807,
        0.7243329366562037,
        0.8599429941135633,
        0.3681005934184296,
        0.4921254921257382,
        0.358013726168425,
        0.3710731902199349,
        0.4496092053105675,
        0.2460627460628691,
        0.4992670408959518,
        0.47030990447788784,
        0.20070675904164265,
        0.451806030544205,
        0.4391709163298499,
        0.4259066615762191,
        0.3097535562749845,
        0.7095195337339205,
        0.338381372307933,
        0.12789613706050704
    ],
    [
        0.6085731904422015,
        1.225243120007209,
        1.3639470526746997,
        1.1608859763129193,
        1.0110473761772987,
        0.5101508661660784,
        0.0,
        0.9683719020216355,
        0.5340002340823456,
        0.3590351654086268,
        0.6006994620856589,
        0.5715419111928713,
        1.0550057390246748,
        0.9523562473544236,
        0.5392323102105436,
        1.1257592923778155,
        0.4095419506900361,
        0.5694020986965187,
        0.8418671120640121,
        0.9347616256966265,
        1.2208515534760973,
        0.4423405334913865,
        0.8583801059262732,
        0.7629097259833564,
        1.2716868718359877,
        0.673145600891813,
        0.46351240544347894,
        0.5914841634608656,
        0.432448515721814,
        1.1321867285012859,
        0.9181598870158726,
        1.5047126490629366,
        1.6351844314938913,
        0.1711632992203644,
        1.2528288303375685,
        0.9443758272663485,
        0.5175154738024749,
        0.297285899850632,
        0.8070732231340598,
        0.21423920626253262,
        0.9470864037932336,
        0.6411963915213498,
        1.0850222211946219,
        1.1671780873114437,
        0.39590185810374773,
        1.0701699266354854,
        0.4637756899892447,
        0.8513832953640799,
        0.42847841252506524
    ],
    [
        0.5144399260360728,
        0.4487939567607835,
        0.5396848762240795,
        0.2706329386826371,
        0.33108781406901705,
        0.3843241836327764,
        0.9683719020216355,
        0.0,
        0.338020432074749,
        1.362962220908929,
        0.31366968593569894,
        0.2614562582918986,
        0.3159960690024482,
        0.42129589883477386,
        0.30418628646768414,
        0.2013140426050801,
        0.7418173419043262,
        0.4504229782937367,
        0.28512949360772905,
        0.31328027587130347,
        0.41043517301761556,
        0.528511117892624,
        0.36643873123620546,
        0.46613855906800933,
        0.41191957270200213,
        0.3065846385991966,
        0.8128004252274971,
        0.33511891546136274,
        0.5906580678573687,
        0.4192950950537236,
        0.35733114456341475,
        0.5170435033679468,
        0.7393448852700613,
        0.705378333768482,
        0.4035366115670299,
        0.37856379498705367,
        0.4487939567607835,
        0.7226456924904486,
        0.29851520585223124,
        0.9057110466368399,
        0.41191957270200213,
        0.22857404434887177,
        0.26352313834736496,
        0.3497348325874905,
        0.5689731705010351,
        0.22963966338592295,
        0.7778049040408527,
        0.3423265984407288,
        0.5399110169740936
    ],
    [
        0.26378035962709584,
        0.8300390615808391,
        0.815050084734061,
        0.600089511552235,
        0.5947770722085712,
        0.3065846385991966,
        0.5340002340823456,
        0.338020432074749,
        0.0,
        0.8120491537616427,
        0.34303903750156484,
        0.30095875444153475,
        0.4568809849129202,
        0.453125,
        0.29064180058966055,
        0.4192627457812106,
        0.5142025834970104,
        0.3874873989886639,
        0.4077496359593715,
        0.5319388915796626,
        0.703125,
        0.4035702214127191,
        0.4533943165170909,
        0.5457577873929056,
        0.6698734721945631,
        0.30378472023786846,
        0.6455602581285499,
        0.4710879197400417,
        0.6033354555096194,
        0.6099979010095945,
        0.45258588618625745,
        0.904227268514393,
        1.1599392158104664,
        0.4035366115670299,
        0.6762214065119501,
        0.5923091069070271,
        0.3714020101251473,
        0.436102679279777,
        0.3521696146745201,
        0.5683291712335379,
        0.47981726664950275,
        0.2939826206597934,
        0.3825200838953863,
        0.5401370630451127,
        0.3733688482921413,
        0.49706167876833957,
        0.5700448858423344,
        0.38081430021731066,
        0.3476343040826092
    ],
    [
        1.0028036868575025,
        1.7247763668444092,
        1.8159987782209546,
        1.640625,
        1.4707433282187616,
        0.9532530651668527,
        0.3590351654086268,
        1.362962220908929,
        0.8120491537616427,
        0.0,
        1.023407680863301,
        0.959380089563047,
        1.5053615118136905,
        1.2519516015006331,
        0.875,
        1.575880210390371,
        0.44138896536954797,
        0.8549602512690283,
        1.2674562369170779,
        1.3688605834324399,
        1.6883678324050124,
        0.5679233155639158,
        1.20616499052783,
        1.1588863525492912,
        1.7350083303114139,
        1.0821934106826745,
        0.5709008095764097,
        0.9346310267961363,
        0.7689659249602676,
        1.5765858143028915,
        1.347560005621271,
        1.9715382042012273,
        2.137600509332836,
        0.33874192794810626,
        1.7171867891263315,
        1.399811650276565,
        0.8450510801868725,
        0.49607837082461076,
        1.2175474836736349,
        0.3836884111815211,
        1.274659114969567,
        1.0552371253064403,
        1.4970221454004762,
        1.620109829417438,
        0.522679021364929,
        1.532365664993183,
        0.45821494683172437,
        1.2679377017917717,
        0.8650381584791506
    ],
    [
        0.4192627457812106,
        0.6510208329999894,
        0.7653060560161535,
        0.3486861500690843,
        0.4095419506900361,
        0.24803918541230538,
        0.6006994620856589,
        0.31366968593569894,
        0.34303903750156484,
        1.023407680863301,
        0.0,
        0.23017062285400366,
        0.44276960360327355,
        0.5075119302784911,
        0.3782412011534439,
        0.33620991861484395,
        0.5504348423065167,
        0.3483358876501243,
        0.42331928700450205,
        0.4253330496505062,
        0.5196340358848716,
        0.43920179927467407,
        0.4375,
        0.5046173519360982,
        0.557267328128969,
        0.2460627460628691,
        0.5629338604578694,
        0.2576941016011038,
        0.29973947020704494,
        0.5956202270416202,
        0.5508782051188811,
        0.8189348550861661,
        1.0293543182500378,
        0.3759752942348739,
        0.5229125165837972,
        0.3965180481390475,
        0.40625,
        0.41634101857731964,
        0.2153757617514097,
        0.5193990668310832,
        0.3563048203434806,
        0.28555729503901667,
        0.4205225234257178,
        0.5205728515299276,
        0.3455210060546247,
        0.28768675999253074,
        0.5966213466261495,
        0.3700849775727191,
        0.27198273727389394
    ],
    [
        0.32775276505317236,
        0.6785640859565145,
        0.6837611402200333,
        0.4316008536541604,
        0.4128076504257158,
        0.2692763740564701,
        0.5715419111928713,
        0.2614562582918986,
        0.30095875444153475,
        0.959380089563047,
        0.23017062285400366,
        0.0,
        0.35664725657854146,
        0.40834794829287435,
        0.26972932033800107,
        0.3483358876501243,
        0.5622829442327056,
        0.350780380010057,
        0.28641098093474,
        0.35251606789620243,
        0.5349138365194903,
        0.4519861166593259,
        0.41634101857731964,
        0.43889287203712934,
        0.5642334401646184,
        0.22857404434887177,
        0.6478253888008713,
        0.3433947027474361,
        0.460075995760483,
        0.48933393470387665,
        0.4131032520750714,
        0.7807811092905617,
        1.0380928276170682,
        0.39621007290956145,
        0.5130142237306876,
        0.4192627457812106,
        0.3671043788897103,
        0.45069390943299864,
        0.29851520585223124,
        0.5704730082352714,
        0.3590351654086268,
        0.24206145913796356,
        0.3647321125002416,
        0.4419417382415922,
        0.39989012162717896,
        0.3521696146745201,
        0.6141638752197983,
        0.30777680630612825,
        0.3001464486296648
    ],
    [
        0.5704730082352714,
        0.3247595264191645,
        0.3101473943949876,
        0.3045873232752801,
        0.21875,
        0.30257682392245444,
        1.0550057390246748,
        0.3159960690024482,
        0.4568809849129202,
        1.5053615118136905,
        0.44276960360327355,
        0.35664725657854146,
        0.0,
        0.47238176430721796,
        0.3983608994994363,
        0.31522251565362525,
        1.0417317687989553,
        0.5127762212944356,
        0.23696485762661096,
        0.1767766952966369,
        0.3053878169639385,
        0.7974534937241029,
        0.38273277230987157,
        0.3347544575879461,
        0.3113259194558012,
        0.37173053916782245,
        0.9960860906568267,
        0.37727176461405115,
        0.6792832849776299,
        0.21524977416428984,
        0.26378035962709584,
        0.3661054535581244,
        0.5912777477632657,
        0.7741868213648434,
        0.24506854908372067,
        0.26052081250832915,
        0.4813413062734176,
        0.8716453550613346,
        0.3518228202874282,
        0.9820160226544168,
        0.42847841252506524,
        0.3001464486296648,
        0.26274996365894665,
        0.19578068884596356,
        0.7117526233706484,
        0.25958199571618984,
        1.0533846119176984,
        0.2619227283475033,
        0.45258588618625745
    ],
    [
        0.4183883699686214,
        0.8783418326596998,
        0.7323776028286229,
        0.658292951029403,
        0.5369637586699869,
        0.47005027989035386,
        0.9523562473544236,
        0.42129589883477386,
        0.453125,
        1.2519516015006331,
        0.5075119302784911,
        0.40834794829287435,
        0.47238176430721796,
        0.0,
        0.3862252216971336,
        0.5077524002897476,
        0.7991694907840263,
        0.5719689130538477,
        0.3881169483866944,
        0.5198688987379414,
        0.6853660062331659,
        0.7419453186743467,
        0.4341388746703064,
        0.48889024522381297,
        0.6077703230867726,
        0.4422178655651533,
        0.8502354912757994,
        0.5160982676535545,
        0.8379429798619952,
        0.5920571628042158,
        0.48210151939192225,
        0.8428814974538236,
        1.1319231422671772,
        0.7442815852384096,
        0.6606992034958117,
        0.5757976803965087,
        0.4785435259722986,
        0.7022564079451322,
        0.4501518840902479,
        0.9241233176638278,
        0.5125381083392727,
        0.3843241836327764,
        0.40444309704827447,
        0.5193990668310832,
        0.7182403084100752,
        0.5877575898063758,
        0.8837453588987045,
        0.34798527267687634,
        0.5706869489921773
    ],
    [
        0.31868871959954903,
        0.7778049040408527,
        0.765943811173509,
        0.5753735199850615,
        0.5053425508998821,
        0.29933193844793776,
        0.5392323102105436,
        0.30418628646768414,
        0.29064180058966055,
        0.875,
        0.3782412011534439,
        0.26972932033800107,
        0.3983608994994363,
        0.3862252216971336,
        0.0,
        0.39621007290956145,
        0.6157518904761885,
        0.3801726581436387,
        0.3483358876501243,
        0.48487877028696563,
        0.6466938152054649,
        0.5372162930199633,
        0.38559258372665833,
        0.4616652094591924,
        0.5986638768958755,
        0.3113259194558012,
        0.6901582132924305,
        0.4310348195041788,
        0.6163463413536256,
        0.511133637599905,
        0.33693529145074724,
        0.7924201458191229,
        1.020421366703481,
        0.4487939567607835,
        0.6216708207524301,
        0.5457577873929056,
        0.37238672774415577,
        0.4637756899892447,
        0.37205877811845806,
        0.5867182298599558,
        0.38049361443393503,
        0.3045873232752801,
        0.2916666666666667,
        0.4536634731549367,
        0.49951148009830565,
        0.48235465751353535,
        0.6764019006847926,
        0.35147568372506227,
        0.34161267357930386
    ],
    [
        0.5552923638724019,
        0.42389562394532926,
        0.4866378594499199,
        0.2049199538844375,
        0.32211762700137975,
        0.4116231210099841,
        1.1257592923778155,
        0.2013140426050801,
        0.4192627457812106,
        1.575880210390371,
        0.33620991861484395,
        0.3483358876501243,
        0.31522251565362525,
        0.5077524002897476,
        0.39621007290956145,
        0.0,
        0.8836072197249183,
        0.46692352492137296,
        0.2692763740564701,
        0.31868871959954903,
        0.3321920566479578,
        0.6385467645255992,
        0.3205981957606749,
        0.45177600921253,
        0.34481369516740484,
        0.27421763710600383,
        0.8734640537108553,
        0.31868871959954903,
        0.5399110169740936,
        0.3637266721232977,
        0.4071504443998557,
        0.4408354993645589,
        0.6901582132924305,
        0.8025228773997661,
        0.3232525135246438,
        0.30257682392245444,
        0.4653522691198572,
        0.8487985534713169,
        0.265625,
        1.0091137432792203,
        0.33548297739974825,
        0.24853083938416978,
        0.253983027921596,
        0.2768757054167086,
        0.6302513759405846,
        0.2153757617514097,
        0.8936352636143003,
        0.32960973608951544,
        0.5644497458808888
    ],
    [
        0.5796011559684815,
        1.4899566111551705,
        1.4440239188202528,
        1.1688502630790651,
        1.032196535307109,
        0.6553192804847116,
        0.4095419506900361,
        0.7418173419043262,
        0.5142025834970104,
        0.44138896536954797,
        0.5504348423065167,
        0.5622829442327056,
        1.0417317687989553,
        0.7991694907840263,
        0.6157518904761885,
        0.8836072197249183,
        0.0,
        0.4690103443688636,
        0.8505225875160518,
        0.9990229601966113,
        1.2801061967665026,
        0.31332356755614654,
        0.7102073860852195,
        0.9329315774080112,
        1.2335836070672308,
        0.6197041254703731,
        0.5091928355250102,
        0.7182403084100752,
        0.6491430649325309,
        1.1902836525850093,
        0.9874703318328101,
        1.5433197781082182,
        1.8442795849599376,
        0.33108781406901705,
        1.2798200862328266,
        1.069485309915475,
        0.6482021410216107,
        0.3912495007984036,
        0.5674693686667149,
        0.39590185810374773,
        0.6121730632549917,
        0.682331423778064,
        0.8584117075868795,
        1.1111341685975642,
        0.3671043788897103,
        1.065368370858174,
        0.3576725981956124,
        0.7848355221796475,
        0.6573651239988322
    ],
    [
        0.358013726168425,
        0.8102432601540108,
        0.7866997421983816,
        0.5417167444799911,
        0.4627216529675265,
        0.4304680410611222,
        0.5694020986965187,
        0.4504229782937367,
        0.3874873989886639,
        0.8549602512690283,
        0.3483358876501243,
        0.350780380010057,
        0.5127762212944356,
        0.5719689130538477,
        0.3801726581436387,
        0.46692352492137296,
        0.4690103443688636,
        0.0,
        0.4624577683421482,
        0.48988798145596507,
        0.6265605517426069,
        0.46319040998576144,
        0.38049361443393503,
        0.5783361101038046,
        0.6568077986557407,
        0.28470104934825935,
        0.5627169720427846,
        0.37205877811845806,
        0.493364168870217,
        0.5706394135334307,
        0.5252417598116128,
        0.8198287263965566,
        1.0666280103672507,
        0.4523160883165665,
        0.6558778706817299,
        0.5087131436281158,
        0.39373759901106725,
        0.4358226775306673,
        0.374022162612057,
        0.5561709915799277,
        0.3021731188408393,
        0.3792081593597374,
        0.45063371659006807,
        0.4918773824592873,
        0.4050462936504913,
        0.5111071010561289,
        0.48538201771903333,
        0.42129589883477386,
        0.390625
    ],
    [
        0.40564859330459907,
        0.42245330733111797,
        0.4352621336620037,
        0.3081731706768128,
        0.28598445652692384,
        0.30578727798095195,
        0.8418671120640121,
        0.28512949360772905,
        0.4077496359593715,
        1.2674562369170779,
        0.42331928700450205,
        0.28641098093474,
        0.23696485762661096,
        0.3881169483866944,
        0.3483358876501243,
        0.2692763740564701,
        0.8505225875160518,
        0.4624577683421482,
        0.0,
        0.2651650429449553,
        0.31093357409581873,
        0.6954051514425081,
        0.33548297739974825,
        0.3620821945705146,
        0.3205981957606749,
        0.3332926407453366,
        0.8738832158818477,
        0.3563048203434806,
        0.6954441588833714,
        0.27721840379523466,
        0.28768675999253074,
        0.46692352492137296,
        0.7251750866170183,
        0.6506457129267816,
        0.3053878169639385,
        0.2538762001448738,
        0.3549317716125171,
        0.673145600891813,
        0.374022162612057,
        0.8020664229819124,
        0.4352621336620037,
        0.17258376589355096,
        0.3060976094773982,
        0.30418628646768414,
        0.6623599498195826,
        0.26745691825974516,
        0.9292606688249535,
        0.24902152266420668,
        0.38305158350410196
    ],
    [
        0.5019493251315316,
        0.3376591060152236,
        0.3318243840874266,
        0.28512949360772905,
        0.18684782411095935,
        0.3657718722099883,
        0.9347616256966265,
        0.31328027587130347,
        0.5319388915796626,
        1.3688605834324399,
        0.4253330496505062,
        0.35251606789620243,
        0.1767766952966369,
        0.5198688987379414,
        0.48487877028696563,
        0.31868871959954903,
        0.9990229601966113,
        0.48988798145596507,
        0.2651650429449553,
        0.0,
        0.28081563680642857,
        0.8817325314087285,
        0.4160477173654484,
        0.27466243486323355,
        0.30257682392245444,
        0.3610693752591045,
        0.8385254915624212,
        0.31792171795899693,
        0.5885877563074176,
        0.23512611125616067,
        0.3376591060152236,
        0.3690941190943036,
        0.5982559287211452,
        0.8466385740090041,
        0.24951124097923924,
        0.23333100817293873,
        0.4408354993645589,
        0.7424752731572951,
        0.4080489017875186,
        0.8748604799480887,
        0.4487939567607835,
        0.34938562148434216,
        0.3515142713832699,
        0.22857404434887177,
        0.7630697154421737,
        0.2533949178160446,
        1.0502510860503786,
        0.25291271962872885,
        0.4671848871164392
    ],
    [
        0.7643484255396881,
        0.2509746625657658,
        0.33438960248488586,
        0.258639771206982,
        0.29315098498896436,
        0.5053425508998821,
        1.2208515534760973,
        0.41043517301761556,
        0.703125,
        1.6883678324050124,
        0.5196340358848716,
        0.5349138365194903,
        0.3053878169639385,
        0.6853660062331659,
        0.6466938152054649,
        0.3321920566479578,
        1.2801061967665026,
        0.6265605517426069,
        0.31093357409581873,
        0.28081563680642857,
        0.0,
        0.9659878857864166,
        0.4708287241662301,
        0.37662408728731095,
        0.20070675904164265,
        0.4921254921257382,
        1.085684547877513,
        0.40110930165604486,
        0.739509972887452,
        0.24110702081463972,
        0.36174490321219455,
        0.24655834121967968,
        0.4397264774834465,
        1.0007321538503697,
        0.16010860571811872,
        0.2049199538844375,
        0.598867746773025,
        1.0437219307602958,
        0.45177600921253,
        1.1205423840154374,
        0.4757292921136978,
        0.40924377667839984,
        0.38731234255371266,
        0.26005182776708186,
        0.9184257506053497,
        0.24853083938416978,
        1.2583704119813053,
        0.3671043788897103,
        0.6360353886577381
    ],
    [
        0.5906810305580424,
        1.081340815871409,
        1.1527725485155826,
        0.8201430049760292,
        0.8982374475342129,
        0.49888656407989623,
        0.4423405334913865,
        0.528511117892624,
        0.4035702214127191,
        0.5679233155639158,
        0.43920179927467407,
        0.4519861166593259,
        0.7974534937241029,
        0.7419453186743467,
        0.5372162930199633,
        0.6385467645255992,
        0.31332356755614654,
        0.46319040998576144,
        0.6954051514425081,
        0.8817325314087285,
        0.9659878857864166,
        0.0,
        0.5876421961486806,
        0.8880322885380413,
        0.9433986882911405,
        0.4759288250650277,
        0.5733426446676058,
        0.7187688705252274,
        0.7038576429912672,
        0.9457392574359783,
        0.7716247345068571,
        1.1462238917722158,
        1.3804146858321638,
        0.26244005598633585,
        0.9620201951636866,
        0.8829776455660949,
        0.6751173380523484,
        0.4243113804382867,
        0.49182222998028235,
        0.4744731636100309,
        0.48423497079872746,
        0.5322702621267174,
        0.6460643068160217,
        0.8202918317502077,
        0.20023315402855296,
        0.7471916460338525,
        0.33729739288942034,
        0.6912382583893278,
        0.5550969244070004
    ],
    [
        0.5294085733155443,
        0.5785471431741755,
        0.5598897770990287,
        0.4330127018922193,
        0.40894538525945,
        0.4684895109551547,
        0.8583801059262732,
        0.36643873123620546,
        0.4533943165170909,
        1.20616499052783,
        0.4375,
        0.41634101857731964,
        0.38273277230987157,
        0.4341388746703064,
        0.38559258372665833,
        0.3205981957606749,
        0.7102073860852195,
        0.38049361443393503,
        0.33548297739974825,
        0.4160477173654484,
        0.4708287241662301,
        0.5876421961486806,
        0.0,
        0.46770717334674267,
        0.48864049284724653,
        0.31328027587130347,
        0.8084333325172831,
        0.39805435008928114,
        0.6871447946030007,
        0.3828744989476897,
        0.5046173519360982,
        0.5317093602241736,
        0.7501627427598627,
        0.6482021410216107,
        0.4833658843205631,
        0.46113608010542834,
        0.3968257843500092,
        0.6733269195754763,
        0.42274216432714634,
        0.8217621120190441,
        0.31366968593569894,
        0.28895690638917076,
        0.4190038616899743,
        0.3965180481390475,
        0.5817034521558214,
        0.4276228807313753,
        0.7925741783107749,
        0.3640993811790951,
        0.554632479665589
    ],
    [
        0.46087128761726953,
        0.5365088972934187,
        0.41251183695137766,
        0.4215855488510013,
        0.26238836912104163,
        0.4230308240837776,
        0.7629097259833564,
        0.46613855906800933,
        0.5457577873929056,
        1.1588863525492912,
        0.5046173519360982,
        0.43889287203712934,
        0.3347544575879461,
        0.48889024522381297,
        0.4616652094591924,
        0.45177600921253,
        0.9329315774080112,
        0.5783361101038046,
        0.3620821945705146,
        0.27466243486323355,
        0.37662408728731095,
        0.8880322885380413,
        0.46770717334674267,
        0.0,
        0.3965180481390475,
        0.4818482482846648,
        0.7770197974472722,
        0.39590185810374773,
        0.5638005797708974,
        0.3078208719955668,
        0.3462268719712553,
        0.49361153121660356,
        0.7172198385955313,
        0.7522751948256702,
        0.39497577061764183,
        0.32738010687120256,
        0.338381372307933,
        0.6371858907532401,
        0.5103900928456586,
        0.7611476224261625,
        0.5618485811364126,
        0.4544699866327808,
        0.4322916666666667,
        0.3336586953759785,
        0.7970281715535531,
        0.390625,
        0.9797759629119301,
        0.3284968131504475,
        0.4032339968926231
    ],
    [
        0.7823429854450029,
        0.2728788936964528,
        0.30618621784789724,
        0.25291271962872885,
        0.3266335150057324,
        0.552648099494606,
        1.2716868718359877,
        0.41191957270200213,
        0.6698734721945631,
        1.7350083303114139,
        0.557267328128969,
        0.5642334401646184,
        0.3113259194558012,
        0.6077703230867726,
        0.5986638768958755,
        0.34481369516740484,
        1.2335836070672308,
        0.6568077986557407,
        0.3205981957606749,
        0.30257682392245444,
        0.20070675904164265,
        0.9433986882911405,
        0.48864049284724653,
        0.3965180481390475,
        0.0,
        0.49013709816744133,
        1.167282668476235,
        0.46087128761726953,
        0.8078291221694103,
        0.28067069969390585,
        0.36876324128768584,
        0.2790714234295586,
        0.45981059279881753,
        1.0149035899409362,
        0.15388840315306412,
        0.26745691825974516,
        0.6588490200721254,
        1.0993161937086162,
        0.47930817656806146,
        1.1733324270533905,
        0.5134898976610932,
        0.4347008669763611,
        0.37373194168562995,
        0.28427195935406646,
        0.9433411780077238,
        0.26378035962709584,
        1.2336825589469926,
        0.3814548629916782,
        0.6801812143649661
    ],
    [
        0.40110930165604486,
        0.6461272852542291,
        0.676762744615866,
        0.4230308240837776,
        0.40745015032516557,
        0.31171777098843756,
        0.673145600891813,
        0.3065846385991966,
        0.30378472023786846,
        1.0821934106826745,
        0.2460627460628691,
        0.22857404434887177,
        0.37173053916782245,
        0.4422178655651533,
        0.3113259194558012,
        0.27421763710600383,
        0.6197041254703731,
        0.28470104934825935,
        0.3332926407453366,
        0.3610693752591045,
        0.4921254921257382,
        0.4759288250650277,
        0.31328027587130347,
        0.4818482482846648,
        0.49013709816744133,
        0.0,
        0.661622354991879,
        0.31868871959954903,
        0.49311668243935936,
        0.46400959528213304,
        0.44469529596117835,
        0.6706019916835917,
        0.9132274497626536,
        0.48487877028696563,
        0.5075119302784911,
        0.40564859330459907,
        0.34375,
        0.5266343608235224,
        0.23747943989954162,
        0.6187184335382291,
        0.2509746625657658,
        0.23696485762661096,
        0.2877810371571105,
        0.36241917202322504,
        0.4542013079296448,
        0.3465792658252943,
        0.6756796347012392,
        0.271083618326523,
        0.3358466446906981
    ],
    [
        0.600089511552235,
        1.3839375719753402,
        1.3721561500062593,
        0.89117307697495,
        0.7482074933633049,
        0.6950930131104758,
        0.46351240544347894,
        0.8128004252274971,
        0.6455602581285499,
        0.5709008095764097,
        0.5629338604578694,
        0.6478253888008713,
        0.9960860906568267,
        0.8502354912757994,
        0.6901582132924305,
        0.8734640537108553,
        0.5091928355250102,
        0.5627169720427846,
        0.8738832158818477,
        0.8385254915624212,
        1.085684547877513,
        0.5733426446676058,
        0.8084333325172831,
        0.7770197974472722,
        1.167282668476235,
        0.661622354991879,
        0.0,
        0.5186935210218072,
        0.409839907768875,
        1.1607574492127017,
        1.0458250331675945,
        1.4707433282187616,
        1.761818352228742,
        0.5113458803735491,
        1.1373025240673653,
        0.8529590039972613,
        0.5638005797708974,
        0.35596205468420367,
        0.6097755094089955,
        0.41634101857731964,
        0.698421769957094,
        0.7322109071162488,
        0.9670824581713691,
        1.0522251348333207,
        0.6091746465505602,
        0.9388011803624876,
        0.5863019699779287,
        0.7328774624724109,
        0.5676844413932797
    ],
    [
        0.41339864235384227,
        0.5084731279772806,
        0.6159501045133445,
        0.3175375223890871,
        0.28512949360772905,
        0.33729739288942034,
        0.5914841634608656,
        0.33511891546136274,
        0.4710879197400417,
        0.9346310267961363,
        0.2576941016011038,
        0.3433947027474361,
        0.37727176461405115,
        0.5160982676535545,
        0.4310348195041788,
        0.31868871959954903,
        0.7182403084100752,
        0.37205877811845806,
        0.3563048203434806,
        0.31792171795899693,
        0.40110930165604486,
        0.7187688705252274,
        0.39805435008928114,
        0.39590185810374773,
        0.46087128761726953,
        0.31868871959954903,
        0.5186935210218072,
        0.0,
        0.35664725657854146,
        0.4708575307203986,
        0.4708287241662301,
        0.6568077986557407,
        0.840125316173129,
        0.6151568651571727,
        0.41751216299648086,
        0.30136408628102984,
        0.3365728004459065,
        0.427337322849292,
        0.3251351882294502,
        0.5298695299316616,
        0.414578098794425,
        0.29189908894170946,
        0.43910914392412487,
        0.39805435008928114,
        0.6117741234516216,
        0.28555729503901667,
        0.832975183453865,
        0.2943975575221371,
        0.29022149407822984
    ],
    [
        0.5067898356320892,
        0.8915839136054441,
        1.0135796712641785,
        0.5215099771337074,
        0.4992670408959518,
        0.46613855906800933,
        0.432448515721814,
        0.5906580678573687,
        0.6033354555096194,
        0.7689659249602676,
        0.29973947020704494,
        0.460075995760483,
        0.6792832849776299,
        0.8379429798619952,
        0.6163463413536256,
        0.5399110169740936,
        0.6491430649325309,
        0.493364168870217,
        0.6954441588833714,
        0.5885877563074176,
        0.739509972887452,
        0.7038576429912672,
        0.6871447946030007,
        0.5638005797708974,
        0.8078291221694103,
        0.49311668243935936,
        0.409839907768875,
        0.35664725657854146,
        0.0,
        0.8564501996289361,
        0.7828109406172093,
        1.1326777937149646,
        1.2914041231833666,
        0.5280232890223688,
        0.7386841658483009,
        0.4992670408959518,
        0.4419417382415922,
        0.3714020101251473,
        0.3727143888086426,
        0.33511891546136274,
        0.5125381083392727,
        0.5508782051188811,
        0.7931045056891586,
        0.7933438921741315,
        0.6129701639354073,
        0.532856028280623,
        0.7991694907840263,
        0.5378723274393283,
        0.28512949360772905
    ],
    [
        0.6706222170388565,
        0.21675679215296678,
        0.26608416196760004,
        0.3434736894541156,
        0.30489887610940414,
        0.4569997169796109,
        1.1321867285012859,
        0.4192950950537236,
