[
    [
        0.0,
        2.8602351817262477,
        1.0630625761526584,
        2.43866076495494,
        1.90528266690702,
        2.1818271925061308,
        1.6610982659010851,
        1.4656401014674367,
        2.2491494991191128,
        2.299808665510934,
        1.638192134454245,
        2.0252708309694065,
        1.988888136725684,
        2.060906155959914,
        3.0207614933986435,
        2.210177640842842,
        2.0730443205831466,
        2.660414652351956,
        1.9161305076765986,
        2.0965989222586963,
        2.149633795211347,
        2.087453408987582,
        2.0118519294274724,
        2.238704640944793,
        2.126200141288756,
        1.8817056960456413,
        2.3140526901105147,
        2.227598548837869,
        1.3754451969438544,
        1.2721813136438456,
        1.761693600602451,
        1.7088828550386062,
        2.288990397711691,
        2.4451102924824535,
        1.309185562376355,
        1.8542697555993874,
        1.739949272073113,
        2.349487026079157,
        2.097190310760205,
        2.3142057966800955,
        1.9128640924752545,
        2.2441818199103936,
        1.789460356461394,
        2.217052163298054,
        2.2344331107756643,
        1.9979262207783022,
        1.6443742994630797,
        2.509039778928365,
        2.3242427996740647,
        1.0534200859823302
    ],
    [
        2.8602351817262477,
        0.0,
        2.8056243115887374,
        2.4689038278375914,
        2.3124061542519345,
        1.9957593932023858,
        2.271502195073168,
        2.120501774999912,
        2.1282654648536887,
        1.9442043502563087,
        2.615060547418867,
        1.9418633662885074,
        1.91258623625475,
        2.2087106595880273,
        2.148562180725623,
        1.9095457040663801,
        2.1449229460389585,
        2.1147629234082532,
        1.9361806092082223,
        1.9794955867032837,
        2.112298642606096,
        2.244592266859272,
        2.14249335536374,
        2.2695906385660534,
        2.0416666666666665,
        2.2525294424022273,
        1.9166666666666667,
        2.1473497877875207,
        2.1870991696257804,
        2.005634424426457,
        2.299984903332097,
        2.5262510652040198,
        2.6568830944883097,
        2.759768005547648,
        2.2561643951134807,
        2.1475761530929076,
        2.2012464903120486,
        1.964971020425266,
        1.9601055810565127,
        2.0369844269300525,
        2.1638603620997974,
        2.1278575558006176,
        2.172667970747282,
        2.113531142162066,
        2.15886415608867,
        2.244592266859272,
        2.381365737928086,
        2.138843794618433,
        2.1546139123079824,
        2.1642614855367586
    ],
    [
        1.0630625761526584,
        2.8056243115887374,
        0.0,
        1.3169567191065923,
        1.4947825928876748,
        1.9715159142142373,
        1.571225636247067,
        1.8276426832884425,
        1.8413649828320293,
        2.2317313906471807,
        2.4653853654145026,
        1.920286436967152,
        1.9121323175972944,
        1.6141948457357929,
        2.521780125229002,
        2.0036637360961893,
        1.7853571071357126,
        2.9501059303014867,
        1.7763145462859158,
        1.7001838135919305,
        1.5601371022374213,
        1.5461646096066226,
        2.3720742212483805,
        1.7633419974582356,
        1.709349291397168,
        1.372953021774598,
        1.9193821343801702,
        2.390664714630175,
        1.2484990989183773,
        1.4831226442131404,
        1.0516191220103301,
        1.103970108290981,
        1.2054563451241194,
        1.0137937550497031,
        1.8791620472966135,
        1.4011156269202054,
        1.4684175155588413,
        2.1972994789058684,
        2.314282346166469,
        2.200852107707376,
        2.0908198817157295,
        1.7365554986812255,
        1.3975424859373686,
        1.676015446759897,
        1.7661752461180062,
        2.3717082451262845,
        1.1575836902790226,
        3.0285103598964294,
        1.7853571071357126,
        0.9842509842514764
    ],
    [
        2.43866076495494,
        2.4689038278375914,
        1.3169567191065923,
        0.0,
        1.479019945774904,
        1.8043350575766133,
        2.023301757029831,
        2.698700819118546,
        1.75,
        2.0667002685440385,
        3.6933216756735394,
        2.1972994789058684,
        1.8285923547909742,
        1.456451166362951,
        1.8791620472966135,
        1.8574003942310866,
        1.5562374497485916,
        3.1942330847951594,
        1.7931986015190275,
        1.505199322349037,
        1.2936812246883354,
        1.2808688457449497,
        2.6450950413506464,
        1.6909686573085854,
        1.4469796128487782,
        1.3040801355744975,
        1.7916666666666667,
        2.953046919896653,
        1.5630499032340588,
        2.3154073315749675,
        1.0189182717197902,
        1.1989578808281798,
        1.2686114456365274,
        1.2956926504555177,
        2.161452058223823,
        1.3966477723463422,
        1.4684175155588413,
        2.125,
        2.3566542903965453,
        2.03100960115899,
        2.410192477329928,
        1.4630874888399532,
        1.4415703243338496,
        1.4743171677461777,
        1.4077908225301088,
        2.3351927115336757,
        1.2589678312014172,
        3.3517719194479807,
        1.4086784586980805,
        1.590990257669732
    ],
    [
        1.90528266690702,
        2.3124061542519345,
        1.4947825928876748,
        1.479019945774904,
        0.0,
        1.6099301227071938,
        1.346291201783626,
        1.74453511795486,
        1.4842927608797396,
        1.7583728273605685,
        2.2603926650031405,
        1.5103807466993215,
        1.6441183047457382,
        1.4348344852281743,
        2.069118169655856,
        1.7546403492174802,
        1.3050383136138188,
        2.2946949688357274,
        1.4254430031053646,
        1.2808688457449497,
        1.4227809232469892,
        1.4630874888399532,
        1.5618054011659426,
        1.5461646096066226,
        1.5309310892394863,
        1.266392514191394,
        1.534895038032822,
        1.915307489093534,
        1.4352700094407325,
        1.584977216800853,
        1.1441275181454984,
        1.3635890143294642,
        1.299038105676658,
        1.5551214672101268,
        1.7320508075688772,
        1.2968712349342937,
        1.4469796128487782,
        1.920286436967152,
        2.0378365434395804,
        1.6441183047457382,
        1.999131755982526,
        1.3975424859373686,
        1.3169567191065923,
        1.3944333775567925,
        1.3157697366940768,
        1.6298006013006623,
        1.2103718436910205,
        2.084166500066633,
        1.5360257159305635,
        1.4306903927824497
    ],
    [
        2.1818271925061308,
        1.9957593932023858,
        1.9715159142142373,
        1.8043350575766133,
        1.6099301227071938,
        0.0,
        1.7119068315769992,
        1.9848558581866287,
        1.4337450958939668,
        1.5612494995995996,
        2.2099208130609567,
        1.5862692079215306,
        1.5590461827668864,
        1.6725728683677732,
        2.0614012224698035,
        1.6734610658080786,
        1.5368392889303684,
        2.2317313906471807,
        1.505838975590738,
        1.5550321540083987,
        1.5664893516678908,
        1.736375535418534,
        1.7992282296090796,
        1.675,
        1.5398863594434493,
        1.5839034061457158,
        1.7049967416065313,
        1.9175903571351671,
        1.5878444508200418,
        1.533876715312472,
        1.6814139222029114,
        1.9160506256359722,
        1.7930421077041108,
        1.9798112985276597,
        1.742663191784345,
        1.5540270267920053,
        1.4446020213193667,
        1.6796577032240825,
        1.9483076702045234,
        1.5489916074659669,
        1.965077041181281,
        1.6238457439054979,
        1.6399314010043224,
        1.6245939663668445,
        1.5431299362010964,
        2.0138582373146328,
        1.6818888191554162,
        2.160150457722795,
        1.6647071814586494,
        1.6238457439054979
    ],
    [
        1.6610982659010851,
        2.271502195073168,
        1.571225636247067,
        2.023301757029831,
        1.346291201783626,
        1.7119068315769992,
        0.0,
        1.4690085469836829,
        1.3287682265918312,
        1.6035117710824576,
        1.776583800443987,
        1.4523687548277813,
        1.4577379737113252,
        1.520485119953497,
        2.2672946434021317,
        1.5498724437310107,
        1.4142135623730951,
        2.0348525745124633,
        1.3034491136353328,
        1.3806701271484076,
        1.6567412793392537,
        1.8285923547909742,
        1.267242193812129,
        1.286953767623375,
        1.6056540723331412,
        1.4769055487741927,
        1.6223268611609822,
        1.7415470453338637,
        1.259464171781,
        1.375631168268265,
        1.4221706804896677,
        1.5512092057488571,
        1.5612494995995996,
        1.8726837545203527,
        1.2930100540985752,
        1.3143439428094916,
        1.346291201783626,
        1.6583123951777,
        1.81764117593227,
        1.6153559979150107,
        1.7960218385210256,
        1.6007810593582121,
        1.3693063937629153,
        1.480193305694301,
        1.5690363284513202,
        1.6393596310755,
        1.3633598204435982,
        1.8328597873268975,
        1.6677080080157918,
        1.0606601717798212
    ],
    [
        1.4656401014674367,
        2.120501774999912,
        1.8276426832884425,
        2.698700819118546,
        1.74453511795486,
        1.9848558581866287,
        1.4690085469836829,
        0.0,
        1.8587256685996218,
        1.8334469661753998,
        1.2876280950302037,
        1.6765332948942258,
        1.5467259327725489,
        1.84533947494161,
        2.359967043084383,
        1.6781069941753497,
        1.765310013692905,
        1.7305466381079324,
        1.516712920727,
        1.8233630405867554,
        2.0369844269300525,
        2.059446392709566,
        1.3417701823420516,
        1.7770723426780102,
        1.886538570445295,
        1.8557530666671262,
        1.7305466381079324,
        1.357847561400027,
        1.5273433725844945,
        1.3975424859373686,
        2.1400610063993764,
        2.0365582349749896,
        1.9234481479306318,
        2.3819343213260753,
        1.1711224435462664,
        1.763716089523607,
        1.6398890545128688,
        1.8333333333333333,
        1.6158932858054431,
        1.9530069408763275,
        1.381298704520898,
        1.9952199823021464,
        1.5756392000990864,
        1.9261540552210368,
        2.277074756007023,
        1.5343293866268306,
        1.8325945481141697,
        1.5948049340837198,
        1.9369398831949098,
        1.2610621625351297
    ],
    [
        2.2491494991191128,
        2.1282654648536887,
        1.8413649828320293,
        1.75,
        1.4842927608797396,
        1.4337450958939668,
        1.3287682265918312,
        1.8587256685996218,
        0.0,
        1.5590461827668864,
        2.2707377655731187,
        1.695582495781317,
        1.4737282653189494,
        1.5858751527153707,
        1.956559480312316,
        1.5723414556200013,
        1.5155444566227676,
        2.2465250944514286,
        1.4099229245108489,
        1.505199322349037,
        1.5155444566227676,
        1.7275343701356567,
        1.5246812052943322,
        1.4361406616345072,
        1.5155444566227676,
        1.404457190518814,
        1.6356488688658768,
        1.9530069408763275,
        1.4391837964624254,
        1.521261355294057,
        1.4772581584363196,
        1.704772712123232,
        1.5258194519667128,
        1.8819316317727026,
        1.713913650100261,
        1.306474263045392,
        1.3228756555322954,
        1.6770509831248424,
        1.9382838916021679,
        1.5258194519667128,
        1.9908645525667152,
        1.4737282653189494,
        1.5155444566227676,
        1.4258282193557228,
        1.3856406460551018,
        1.9039432764659772,
        1.457523584714841,
        2.1139418156609704,
        1.5360257159305635,
        1.4469796128487782
    ],
    [
        2.299808665510934,
        1.9442043502563087,
        2.2317313906471807,
        2.0667002685440385,
        1.7583728273605685,
        1.5612494995995996,
        1.6035117710824576,
        1.8334469661753998,
        1.5590461827668864,
        0.0,
        2.0522853115490545,
        1.6678953804120928,
        1.5388713396512392,
        1.7501785623187138,
        2.0538074398540873,
        1.5866792430759795,
        1.7146428199482247,
        1.801735274672725,
        1.453031665315028,
        1.6334396223919634,
        1.729763953067971,
        1.9959333656212073,
        1.5420269849202453,
        1.6796577032240825,
        1.6852299546352716,
        1.7435595774162693,
        1.681042170136662,
        1.6072967298472856,
        1.6740669042783207,
        1.6014533330003025,
        1.8068350167565876,
        1.9078784028338913,
        1.9029582233985065,
        2.30203714131636,
        1.6074047405678509,
        1.6228832367117483,
        1.6276900810658028,
        1.6228832367117483,
        1.6247008271610432,
        1.6324827717314507,
        1.6916050891912622,
        1.6618889854620253,
        1.6729465024321608,
        1.5406753569638074,
        1.8098687797738267,
        1.7746478523921303,
        1.8415346860702897,
        1.8355857375780624,
        1.6740669042783207,
        1.5898113095584645
    ],
    [
        1.638192134454245,
        2.615060547418867,
        2.4653853654145026,
        3.6933216756735394,
        2.2603926650031405,
        2.2099208130609567,
        1.776583800443987,
        1.2876280950302037,
        2.2707377655731187,
        2.0522853115490545,
        0.0,
        2.1286732957408003,
        1.79843682124227,
        2.4747474618635334,
        2.920830361386981,
        1.9632302359080744,
        2.3385358667337135,
        2.042516829796024,
        1.783748918452828,
        2.2672946434021317,
        2.7348065135703234,
        2.858649156507318,
        1.5224021588704257,
        2.143303524935281,
        2.45903944661325,
        2.68456234794426,
        2.3731718109830235,
        1.7726706155152205,
        1.7799227511327564,
        1.7638342073763937,
        2.9671230922299876,
        2.4906073556464094,
        2.8228974476590536,
        3.4013886053264253,
        1.2183492931011204,
        2.2852789764052877,
        2.0879116360612584,
        2.1542109924517607,
        1.9139473463093086,
        2.2878756522153907,
        1.683766445931396,
        2.6190408549696205,
        2.003902442735175,
        2.5259074277046123,
        2.5256187360724107,
        1.9039432764659772,
        2.506117515201552,
        1.8328597873268975,
        2.5708704751503917,
        1.7677669529663689
    ],
    [
        2.0252708309694065,
        1.9418633662885074,
        1.920286436967152,
        2.1972994789058684,
        1.5103807466993215,
        1.5862692079215306,
        1.4523687548277813,
        1.6765332948942258,
        1.695582495781317,
        1.6678953804120928,
        2.1286732957408003,
        0.0,
        1.5206906325745548,
        1.6238457439054979,
        2.0155644370746373,
        1.6521476437457685,
        1.4197270864500684,
        1.8498310733685928,
        1.4344744113209877,
        1.505199322349037,
        1.8099838857477895,
        1.6863421954040052,
        1.62553410026093,
        1.6817030058842137,
        1.5461646096066226,
        1.5495967217311735,
        1.467234738471584,
        1.6435902436096683,
        1.5968719422671311,
        1.4379528272281166,
        1.584977216800853,
        1.8498310733685928,
        1.7365554986812255,
        2.116814299313423,
        1.7809758560968758,
        1.5136875503220604,
        1.6298006013006623,
        1.6817030058842137,
        1.6991623753419736,
        1.620185174601965,
        1.7534687843750678,
        1.5461646096066226,
        1.4630874888399532,
        1.522402158870426,
        1.6033168744823956,
        1.5258194519667128,
        1.6238457439054979,
        1.7897276329095442,
        1.7853571071357126,
        1.4947825928876748
    ],
    [
        1.988888136725684,
        1.91258623625475,
        1.9121323175972944,
        1.8285923547909742,
        1.6441183047457382,
        1.5590461827668864,
        1.4577379737113252,
        1.5467259327725489,
        1.4737282653189494,
        1.5388713396512392,
        1.79843682124227,
        1.5206906325745548,
        0.0,
        1.624807680927192,
        1.9882467150733583,
        1.4099229245108489,
        1.4684175155588413,
        1.875,
        1.4099229245108489,
        1.4252192813739224,
        1.532064692570853,
        1.7853571071357126,
        1.4240006242195884,
        1.4577379737113252,
        1.5309310892394863,
        1.5624499991999745,
        1.547847968417226,
        1.7770723426780102,
        1.4228053275132195,
        1.4258282193557228,
        1.6478099944404325,
        1.7230060940112777,
        1.7721808598447282,
        1.9873733362853034,
        1.5309310892394863,
        1.5116216457830975,
        1.2374368670764582,
        1.4415703243338496,
        1.8731472327490852,
        1.403121520040228,
        1.7843844254469883,
        1.4737282653189494,
        1.505199322349037,
        1.6158932858054431,
        1.6351605425767832,
        1.7365554986812255,
        1.6005858302509117,
        1.8540496217739157,
        1.5761900266148114,
        1.4469796128487782
    ],
    [
        2.060906155959914,
        2.2087106595880273,
        1.6141948457357929,
        1.456451166362951,
        1.4348344852281743,
        1.6725728683677732,
        1.520485119953497,
        1.84533947494161,
        1.5858751527153707,
        1.7501785623187138,
        2.4747474618635334,
        1.6238457439054979,
        1.624807680927192,
        0.0,
        1.8798271197107463,
        1.7226766370733562,
        1.4914338738274655,
        2.2197972880423116,
        1.60530053133934,
        1.3962002005443201,
        1.341278411731799,
        1.2884098726725126,
        1.7440573703611677,
        1.7137313091613866,
        1.5039531242695032,
        1.4590236461414874,
        1.4753059946254465,
        2.102594297000203,
        1.4633010626661898,
        1.6814139222029112,
        1.3700922515574554,
        1.3202745926510895,
        1.4882876066137216,
        1.6714722386101555,
        1.8420437019788645,
        1.404457190518814,
        1.520485119953497,
        1.7734147850968198,
        1.9610973402097556,
        1.7453509675707062,
        1.8700118835035366,
        1.4293792358922806,
        1.3645054048995189,
        1.462755200906077,
        1.3672508913875316,
        1.6324827717314507,
        1.2457427503300993,
        2.0492376631323173,
        1.2992786460186283,
        1.5143067720907808
    ],
    [
        3.0207614933986435,
        2.148562180725623,
        2.521780125229002,
        1.8791620472966135,
        2.069118169655856,
        2.0614012224698035,
        2.2672946434021317,
        2.359967043084383,
        1.956559480312316,
        2.0538074398540873,
        2.920830361386981,
        2.0155644370746373,
        1.9882467150733583,
        1.8798271197107463,
        0.0,
        1.998644310934953,
        1.8791620472966135,
        2.38812164681785,
        1.982947069801071,
        1.776583800443987,
        1.7006943026632126,
        1.7809758560968758,
        2.089573986353306,
        2.1542109924517607,
        1.9724667297574374,
        2.0234562016510265,
        1.7593993608931178,
        2.414510532408403,
        2.150436002302789,
        2.340020180349829,
        1.9139473463093086,
        1.9324531042175384,
        2.0615528128088303,
        2.2871166952689093,
        2.050152433357091,
        2.0579115627256677,
        2.190176933491904,
        2.0766559657295187,
        1.8685072770648887,
        2.0615528128088303,
        2.076237917216832,
        1.7853571071357126,
        1.7365554986812255,
        1.81764117593227,
        1.9082059637261382,
        1.8833148966649205,
        1.854723699099141,
        2.391390808713624,
        1.5562374497485916,
        2.0077973005261263
    ],
    [
        2.210177640842842,
        1.9095457040663801,
        2.0036637360961893,
        1.8574003942310866,
        1.7546403492174802,
        1.6734610658080786,
        1.5498724437310107,
        1.6781069941753497,
        1.5723414556200013,
        1.5866792430759795,
        1.9632302359080744,
        1.6521476437457685,
        1.4099229245108489,
        1.7226766370733562,
        1.998644310934953,
        0.0,
        1.7725406935255623,
        1.8429228947295564,
        1.5155444566227676,
        1.5152288168283161,
        1.6113701019449804,
        1.7969290697277545,
        1.643676469260574,
        1.537167086904096,
        1.478696509547155,
        1.749631885481594,
        1.5374897451863827,
        1.6149830808630543,
        1.5685891555074294,
        1.5290669164299628,
        1.621573222692484,
        1.8228285935964064,
        1.9442976539992376,
        2.018655903151599,
        1.5444105936028323,
        1.6410082764158462,
        1.5773023340695418,
        1.7149366323748596,
        1.624029450265234,
        1.5577734633974565,
        1.6482937133693376,
        1.5255059381552531,
        1.5247741552406362,
        1.5569658229056105,
        1.8536952890078229,
        1.675529157962843,
        1.7226766370733562,
        1.7981708393105864,
        1.6853964591424166,
        1.4839704738797665
    ],
    [
        2.0730443205831466,
        2.1449229460389585,
        1.7853571071357126,
        1.5562374497485916,
        1.3050383136138188,
        1.5368392889303684,
        1.4142135623730951,
        1.765310013692905,
        1.5155444566227676,
        1.7146428199482247,
        2.3385358667337135,
        1.4197270864500684,
        1.4684175155588413,
        1.4914338738274655,
        1.8791620472966135,
        1.7725406935255623,
        0.0,
        2.1065374432940898,
        1.4581754044709716,
        1.4197270864500684,
        1.3856907623596575,
        1.625,
        1.7295431317097716,
        1.4577379737113252,
        1.541103500742244,
        1.360376786041279,
        1.6099732571968048,
        1.738553837085422,
        1.453229162933362,
        1.481365736219265,
        1.3925645805890337,
        1.620185174601965,
        1.403121520040228,
        1.818596070232933,
        1.7721808598447282,
        1.4493533040635744,
        1.4361406616345072,
        1.709349291397168,
        1.9965247584518233,
        1.6393596310755,
        1.86711304186734,
        1.4737282653189494,
        1.4842927608797396,
        1.5126779050559458,
        1.4091220671041953,
        1.8027756377319946,
        1.3995535002278405,
        2.019436802675439,
        1.5309310892394863,
        1.489546910976623
    ],
    [
        2.660414652351956,
        2.1147629234082532,
        2.9501059303014867,
        3.1942330847951594,
        2.2946949688357274,
        2.2317313906471807,
        2.0348525745124633,
        1.7305466381079324,
        2.2465250944514286,
        1.801735274672725,
        2.042516829796024,
        1.8498310733685928,
        1.875,
        2.2197972880423116,
        2.38812164681785,
        1.8429228947295564,
        2.1065374432940898,
        0.0,
        1.9258413215834704,
        2.0766559657295187,
        2.5484881138955044,
        2.7012728481217887,
        1.8643214434330913,
        1.9364916731037085,
        2.2150056433336687,
        2.522523538046771,
        1.8162078931419474,
        1.818596070232933,
        2.2060994991160303,
        2.052691322792267,
        2.718889683512575,
        2.7271780286589284,
        2.5124689052802225,
        3.051923346204998,
        1.845602882529175,
        2.3620700666999697,
        2.4173849507267144,
        1.9080421903092184,
        1.6541194367732672,
        2.080414622136655,
        1.6099732571968048,
        2.2980970388562794,
        1.9525624189766635,
        2.22282977805819,
        2.4053326173317484,
        1.9324531042175384,
        2.428219512317616,
        1.758905909933786,
        2.3351927115336757,
        2.0953818267800264
    ],
    [
        1.9161305076765986,
        1.9361806092082223,
        1.7763145462859158,
        1.7931986015190275,
        1.4254430031053646,
        1.505838975590738,
        1.3034491136353328,
        1.516712920727,
        1.4099229245108489,
        1.453031665315028,
        1.783748918452828,
        1.4344744113209877,
        1.4099229245108489,
        1.60530053133934,
        1.982947069801071,
        1.5155444566227676,
        1.4581754044709716,
        1.9258413215834704,
        0.0,
        1.478696509547155,
        1.3923101286462962,
        1.6939831999263313,
        1.5757291441110388,
        1.3819398152818467,
        1.4138753012012548,
        1.4785843684733981,
        1.4145767898318795,
        1.714203040334506,
        1.2958479612884801,
        1.3672218674818781,
        1.3766352881403585,
        1.6754339979935506,
        1.6999024581860394,
        2.058431102913619,
        1.439688883624741,
        1.3655706364979097,
        1.2069103749082715,
        1.5773023340695418,
        1.6690565348583277,
        1.5324924676047535,
        1.7898266140579158,
        1.3915974156870725,
        1.303816024019415,
        1.3983535224313433,
        1.4972679200763623,
        1.599086952492782,
        1.4082754687625456,
        1.893530877401652,
        1.5501810295864789,
        1.2743796009615576
    ],
    [
        2.0965989222586963,
        1.9794955867032837,
        1.7001838135919305,
        1.505199322349037,
        1.2808688457449497,
        1.5550321540083987,
        1.3806701271484076,
        1.8233630405867554,
        1.505199322349037,
        1.6334396223919634,
        2.2672946434021317,
        1.505199322349037,
        1.4252192813739224,
        1.3962002005443201,
        1.776583800443987,
        1.5152288168283161,
        1.4197270864500684,
        2.0766559657295187,
        1.478696509547155,
        0.0,
        1.2624381172952597,
        1.4577379737113252,
        1.5717780094883345,
        1.4306903927824497,
        1.3919410907075054,
        1.5290928683373026,
        1.4403655014536336,
        1.9476659820867073,
        1.451077186093145,
        1.6430620127608628,
        1.4349312798102138,
        1.4197270864500684,
        1.6723860200324565,
        1.7129003992578722,
        1.58607219255619,
        1.4611639196202457,
        1.3693063937629153,
        1.5612494995995996,
        1.8276426832884425,
        1.6345871038277526,
        1.8276426832884427,
        1.4415703243338496,
        1.2624381172952597,
        1.3962996733430033,
        1.4504309704360285,
        1.6056540723331412,
        1.3564659966250536,
        2.099106952968333,
        1.352081728298996,
        1.3975424859373686
    ],
    [
        2.149633795211347,
        2.112298642606096,
        1.5601371022374213,
        1.2936812246883354,
        1.4227809232469892,
        1.5664893516678908,
        1.6567412793392537,
        2.0369844269300525,
        1.5155444566227676,
        1.729763953067971,
        2.7348065135703234,
        1.8099838857477895,
        1.532064692570853,
        1.341278411731799,
        1.7006943026632126,
        1.6113701019449804,
        1.3856907623596575,
        2.5484881138955044,
        1.3923101286462962,
        1.2624381172952597,
        0.0,
        1.3235316811890492,
        1.964529205687714,
        1.5132516497779063,
        1.2977009585331196,
        1.3944084767384342,
        1.489546910976623,
        2.404061956125276,
        1.4674950312238424,
        1.8394783378870097,
        1.0881304047667162,
        1.2876280950302037,
        1.4349312798102136,
        1.4959435892513537,
        1.7534687843750678,
        1.3993798229533285,
        1.3320306135954818,
        1.8304902197073998,
        1.9458824048059362,
        1.7118865486811783,
        1.992607866869724,
        1.4282613750835509,
        1.3430634551071832,
        1.3919410907075054,
        1.3781277557291671,
        1.7235098233288695,
        1.2600705447623866,
        2.448780875819186,
        1.2983697042402402,
        1.3944333775567925
    ],
    [
        2.087453408987582,
        2.244592266859272,
        1.5461646096066226,
        1.2808688457449497,
        1.4630874888399532,
        1.736375535418534,
        1.8285923547909742,
        2.059446392709566,
        1.7275343701356567,
        1.9959333656212073,
        2.858649156507318,
        1.6863421954040052,
        1.7853571071357126,
        1.2884098726725126,
        1.7809758560968758,
        1.7969290697277545,
        1.625,
        2.7012728481217887,
        1.6939831999263313,
        1.4577379737113252,
        1.3235316811890492,
        0.0,
        2.216572679711731,
        1.8833148966649205,
        1.505199322349037,
        1.3808964479641477,
        1.620720861564727,
        2.248070160036035,
        1.5459624833740306,
        1.8685072770648887,
        1.2548516955312996,
        1.352081728298996,
        1.3975424859373686,
        1.3565683830083088,
        2.0879116360612584,
        1.3348689074212494,
        1.505199322349037,
        2.042516829796024,
        2.114352409394212,
        1.8582585934148133,
        1.9715863607201634,
        1.4306903927824497,
        1.299038105676658,
        1.5980674092304257,
        1.5157506391224118,
        2.003902442735175,
        1.2597122687344122,
        2.7414640249326636,
        1.340475661845451,
        1.4737282653189494
    ],
    [
        2.0118519294274724,
        2.14249335536374,
        2.3720742212483805,
        2.6450950413506464,
        1.5618054011659426,
        1.7992282296090796,
        1.267242193812129,
        1.3417701823420516,
        1.5246812052943322,
        1.5420269849202453,
        1.5224021588704257,
        1.62553410026093,
        1.4240006242195884,
        1.7440573703611677,
        2.089573986353306,
        1.643676469260574,
        1.7295431317097716,
        1.8643214434330913,
        1.5757291441110388,
        1.5717780094883345,
        1.964529205687714,
        2.216572679711731,
        0.0,
        1.4129854131510975,
        2.1254084574761416,
        2.068228576450012,
        1.505199322349037,
        1.473139127471974,
        1.736875387329532,
        1.8371173070873836,
        1.837589755933329,
        1.7250201287070377,
        1.6914819275153699,
        2.6666666666666665,
        1.1395661942647786,
        1.7467032438918244,
        1.6899416492227706,
        1.6899416492227706,
        1.76235716521305,
        1.9293061504650375,
        1.5767406607020418,
        1.811901242096575,
        1.4129854131510975,
        1.685312368013057,
        1.8434192264497093,
        1.5684608520598926,
        1.7529934714970021,
        1.4475793971700173,
        1.6045724594974755,
        1.4690085469836829
    ],
    [
        2.238704640944793,
        2.2695906385660534,
        1.7633419974582356,
        1.6909686573085854,
        1.5461646096066226,
        1.675,
        1.286953767623375,
        1.7770723426780102,
        1.4361406616345072,
        1.6796577032240825,
        2.143303524935281,
        1.6817030058842137,
        1.4577379737113252,
        1.7137313091613866,
        2.1542109924517607,
        1.537167086904096,
        1.4577379737113252,
        1.9364916731037085,
        1.3819398152818467,
        1.4306903927824497,
        1.5132516497779063,
        1.8833148966649205,
        1.4129854131510975,
        0.0,
        1.4086784586980805,
        1.3242922638149028,
        1.5931711911920967,
        1.8796239281066602,
        1.3202745926510895,
        1.5005785921140922,
        1.4385563751360058,
        1.6056540723331412,
        1.6677080080157918,
        1.6541194367732672,
        1.58607219255619,
        1.4155387666892065,
        1.3050383136138188,
        1.6723860200324565,
        2.040390757782549,
        1.6863421954040052,
        1.9449900028306344,
        1.5761900266148114,
        1.479019945774904,
        1.5109553637057287,
        1.6654578949946468,
        1.79843682124227,
        1.6296088487732263,
        2.027159342528357,
        1.6153559979150107,
        1.4523687548277813
    ],
    [
        2.126200141288756,
        2.0416666666666665,
        1.709349291397168,
        1.4469796128487782,
        1.5309310892394863,
        1.5398863594434493,
        1.6056540723331412,
        1.886538570445295,
        1.5155444566227676,
        1.6852299546352716,
        2.45903944661325,
        1.5461646096066226,
        1.5309310892394863,
        1.5039531242695032,
        1.9724667297574374,
        1.478696509547155,
        1.541103500742244,
        2.2150056433336687,
        1.4138753012012548,
        1.3919410907075054,
        1.2977009585331196,
        1.505199322349037,
        2.1254084574761416,
        1.4086784586980805,
        0.0,
        1.5033296378372907,
        1.5750881809529833,
        2.064498190306249,
        1.4402690720834075,
        1.4619003994040694,
        1.445779297741456,
        1.5512092057488571,
        1.6345871038277526,
        1.6094339929856638,
        1.8328597873268975,
        1.5290928683373026,
        1.3050383136138188,
        1.6770509831248424,
        1.853112996494757,
        1.6345871038277526,
        1.8008485654145259,
        1.5206906325745548,
        1.25,
        1.5143984871155207,
        1.523975065412817,
        2.0463381929681126,
        1.3344006145082519,
        2.5310570914145734,
        1.4469796128487782,
        1.2562344526401112
    ],
    [
        1.8817056960456413,
        2.2525294424022273,
        1.372953021774598,
        1.3040801355744975,
        1.266392514191394,
        1.5839034061457158,
        1.4769055487741927,
        1.8557530666671262,
        1.404457190518814,
        1.7435595774162693,
        2.68456234794426,
        1.5495967217311735,
        1.5624499991999745,
        1.4590236461414874,
        2.0234562016510265,
        1.749631885481594,
        1.360376786041279,
        2.522523538046771,
        1.4785843684733981,
        1.5290928683373026,
        1.3944084767384342,
        1.3808964479641477,
        2.068228576450012,
        1.3242922638149028,
        1.5033296378372907,
        0.0,
        1.518794295193102,
        2.0011108026404845,
        1.3446653858860202,
        1.4431110298395076,
        1.1828931106026068,
        1.346523300949523,
        1.136331817736351,
        1.3085721650375692,
        1.963256223726287,
        0.9013878188659973,
        1.276224901810022,
        1.892584212129014,
        2.1196665094092304,
        1.705872210923198,
        1.951246040639445,
        1.4177446878757824,
        1.4168627315304754,
        1.3677587100394897,
        1.3811227316933132,
        2.1669390854382593,
        1.2864680330268607,
        2.6446880723442603,
        1.6194134740701647,
        1.372953021774598
    ],
    [
        2.3140526901105147,
        1.9166666666666667,
        1.9193821343801702,
        1.7916666666666667,
        1.534895038032822,
        1.7049967416065313,
        1.6223268611609822,
        1.7305466381079324,
        1.6356488688658768,
        1.681042170136662,
        2.3731718109830235,
        1.467234738471584,
        1.547847968417226,
        1.4753059946254465,
        1.7593993608931178,
        1.5374897451863827,
        1.6099732571968048,
        1.8162078931419474,
        1.4145767898318795,
        1.4403655014536336,
        1.489546910976623,
        1.620720861564727,
        1.505199322349037,
        1.5931711911920967,
        1.5750881809529833,
        1.518794295193102,
        0.0,
        1.7574247257469284,
        1.6102104762352585,
        1.594260539142416,
        1.573985563960342,
        1.62553410026093,
        1.7667845872595158,
        1.9342490647391937,
        1.6287350238076719,
        1.554384479821872,
        1.6796370308955313,
        1.5833333333333335,
        1.7027347284752126,
        1.8008485654145259,
        1.6749792701868151,
        1.5297966458904848,
        1.4439769542636214,
        1.4743171677461777,
        1.627647416092045,
        1.6158932858054431,
        1.4902693641680278,
        1.7490076551512796,
        1.3888194427082465,
        1.49362069407791
    ],
    [
        2.227598548837869,
        2.1473497877875207,
        2.390664714630175,
        2.953046919896653,
        1.915307489093534,
        1.9175903571351671,
        1.7415470453338637,
        1.357847561400027,
        1.9530069408763275,
        1.6072967298472856,
        1.7726706155152205,
        1.6435902436096683,
        1.7770723426780102,
        2.102594297000203,
        2.414510532408403,
        1.6149830808630543,
        1.738553837085422,
        1.818596070232933,
        1.714203040334506,
        1.9476659820867073,
        2.404061956125276,
        2.248070160036035,
        1.473139127471974,
        1.8796239281066602,
        2.064498190306249,
        2.0011108026404845,
        1.7574247257469284,
        0.0,
        1.762711768207661,
        1.590990257669732,
        2.365477987872876,
        2.6084132043149233,
        2.14249335536374,
        2.4752244567131907,
        1.5898986690282426,
        1.981494245372528,
        1.9449900028306344,
        1.7370552988063193,
        1.6514934318838677,
        2.0004339806929674,
        1.4601179556612693,
        2.207153773024838,
        1.6950704672339993,
        2.019866607256804,
        2.238597651308614,
        1.768748773065927,
        1.9927995383379633,
        1.74453511795486,
        2.308649196199178,
        1.7149263022713899
    ],
    [
        1.3754451969438544,
        2.1870991696257804,
        1.2484990989183773,
        1.5630499032340588,
        1.4352700094407325,
        1.5878444508200418,
        1.259464171781,
        1.5273433725844945,
        1.4391837964624254,
        1.6740669042783207,
        1.7799227511327564,
        1.5968719422671311,
        1.4228053275132195,
        1.4633010626661898,
        2.150436002302789,
        1.5685891555074294,
        1.453229162933362,
        2.2060994991160303,
        1.2958479612884801,
        1.451077186093145,
        1.4674950312238424,
        1.5459624833740306,
        1.736875387329532,
        1.3202745926510895,
        1.4402690720834075,
        1.3446653858860202,
        1.6102104762352585,
        1.762711768207661,
        0.0,
        1.118717023101811,
        1.24404135336768,
        1.4735162028291375,
        1.3332291625973383,
        1.4484426502665237,
        1.4271912976192085,
        1.400446357416092,
        1.1629703349613008,
        1.6562382075051885,
        1.8662201846989486,
        1.6332482971061075,
        1.742742889177224,
        1.4017845768876187,
        1.283062742035634,
        1.4902693641680278,
        1.543332433405065,
        1.9241881404893857,
        1.2871965661856002,
        2.29741702788153,
        1.5530212490497355,
        1.044030650891055
    ],
    [
        1.2721813136438456,
