[
    [
        0.0,
        1.2119199643540823,
        1.4684175155588413,
        1.1110243021644486,
        1.75,
        1.5662455107677085,
        1.505199322349037,
        1.1110243021644486,
        1.4361406616345072,
        1.653594569415369,
        1.2562344526401112,
        1.224744871391589,
        1.2930100540985752,
        1.352081728298996,
        1.3806701271484076,
        1.243734296383275,
        1.58607219255619,
        1.0532687216470449,
        1.648863244784115,
        1.5761900266148114,
        1.595893166850463,
        1.776583800443987,
        1.346291201783626,
        1.4469796128487782,
        1.595893166850463,
        1.403121520040228,
        1.3050383136138188,
        1.352081728298996,
        1.8371173070873836,
        1.5206906325745548,
        1.6817030058842137,
        1.8498310733685928,
        1.996089927833914,
        1.8540496217739157,
        1.1792476415070754,
        1.4197270864500684,
        1.4523687548277813,
        1.3693063937629153,
        1.3287682265918312,
        1.6441183047457382,
        1.58607219255619,
        1.4306903927824497,
        1.5360257159305635,
        1.7897276329095442,
        1.4197270864500684,
        1.2930100540985752,
        1.6630168369562588,
        1.192424001771182,
        1.4197270864500684,
        1.1524430571616109
    ],
    [
        1.2119199643540823,
        0.0,
        1.3635890143294642,
        1.0606601717798212,
        1.695582495781317,
        1.4684175155588413,
        1.6153559979150107,
        1.0383279828647594,
        1.3110110602126894,
        1.571225636247067,
        1.1726039399558574,
        1.103970108290981,
        1.224744871391589,
        1.4086784586980805,
        1.4630874888399532,
        1.1726039399558574,
        1.4252192813739224,
        1.2808688457449497,
        1.741048534648015,
        1.541103500742244,
        1.8027756377319946,
        1.8413649828320293,
        1.14564392373896,
        1.541103500742244,
        1.8027756377319946,
        1.695582495781317,
        1.2183492931011204,
        1.4630874888399532,
        1.7544586059522749,
        1.479019945774904,
        1.7275343701356567,
        1.7365554986812255,
        1.9803724397193574,
        1.7001838135919305,
        1.125,
        1.5761900266148114,
        1.4842927608797396,
        1.403121520040228,
        1.346291201783626,
        1.571225636247067,
        1.541103500742244,
        1.4361406616345072,
        1.5461646096066226,
        1.7721808598447282,
        1.4086784586980805,
        1.1388041973930374,
        1.5662455107677085,
        1.3050383136138188,
        1.4947825928876748,
        1.0680004681646913
    ],
    [
        1.4684175155588413,
        1.3635890143294642,
        0.0,
        1.403121520040228,
        1.3635890143294642,
        1.4142135623730951,
        1.5,
        1.4086784586980805,
        1.2808688457449497,
        1.340475661845451,
        1.620185174601965,
        1.3693063937629153,
        1.3110110602126894,
        1.3110110602126894,
        1.4361406616345072,
        1.375,
        1.3050383136138188,
        1.4842927608797396,
        1.4684175155588413,
        1.357847561400027,
        1.5155444566227676,
        1.5309310892394863,
        1.299038105676658,
        1.340475661845451,
        1.6770509831248424,
        1.695582495781317,
        1.595893166850463,
        1.340475661845451,
        1.4415703243338496,
        1.3806701271484076,
        1.403121520040228,
        1.4142135623730951,
        1.6441183047457382,
        1.4252192813739224,
        1.5103807466993215,
        1.3919410907075054,
        1.3287682265918312,
        1.3693063937629153,
        1.25,
        1.2624381172952597,
        1.4142135623730951,
        1.3635890143294642,
        1.2686114456365274,
        1.4252192813739224,
        1.2624381172952597,
        1.6105123408406408,
        1.3919410907075054,
        1.5155444566227676,
        1.4415703243338496,
        1.3287682265918312
    ],
    [
        1.1110243021644486,
        1.0606601717798212,
        1.403121520040228,
        0.0,
        1.741048534648015,
        1.58607219255619,
        1.6056540723331412,
        0.9842509842514764,
        1.4252192813739224,
        1.6153559979150107,
        0.9270248108869579,
        1.118033988749895,
        1.1524430571616109,
        1.3693063937629153,
        1.5562374497485916,
        1.1388041973930374,
        1.4415703243338496,
        1.1524430571616109,
        1.71846588560844,
        1.5662455107677085,
        1.8582585934148133,
        1.9445436482630056,
        1.165922381636102,
        1.6105123408406408,
        1.9039432764659772,
        1.7809758560968758,
        1.0307764064044151,
        1.4842927608797396,
        1.8285923547909742,
        1.4523687548277813,
        1.6817030058842137,
        1.7365554986812255,
        2.053959590644373,
        1.7897276329095442,
        0.9762812094883317,
        1.6909686573085854,
        1.590990257669732,
        1.4086784586980805,
        1.2747548783981961,
        1.6007810593582121,
        1.5761900266148114,
        1.5103807466993215,
        1.571225636247067,
        1.776583800443987,
        1.571225636247067,
        1.0077822185373186,
        1.6007810593582121,
        1.2808688457449497,
        1.5512092057488571,
        1.0307764064044151
    ],
    [
        1.75,
        1.695582495781317,
        1.3635890143294642,
        1.741048534648015,
        0.0,
        1.4684175155588413,
        1.7230060940112777,
        1.7721808598447282,
        1.4684175155588413,
        1.5103807466993215,
        1.9445436482630056,
        1.5562374497485916,
        1.5461646096066226,
        1.5155444566227676,
        1.5612494995995996,
        1.6345871038277526,
        1.3806701271484076,
        1.6817030058842137,
        1.479019945774904,
        1.4142135623730951,
        1.5562374497485916,
        1.5309310892394863,
        1.5155444566227676,
        1.571225636247067,
        1.648863244784115,
        1.7365554986812255,
        1.9685019685029528,
        1.5,
        1.5258194519667128,
        1.5,
        1.4577379737113252,
        1.4947825928876748,
        1.5,
        1.4197270864500684,
        1.8915932438026946,
        1.5461646096066226,
        1.4415703243338496,
        1.620185174601965,
        1.5206906325745548,
        1.3693063937629153,
        1.5309310892394863,
        1.6007810593582121,
        1.3975424859373686,
        1.4684175155588413,
        1.5206906325745548,
        1.9121323175972944,
        1.5155444566227676,
        1.6770509831248424,
        1.5612494995995996,
        1.7275343701356567
    ],
    [
        1.5662455107677085,
        1.4684175155588413,
        1.4142135623730951,
        1.58607219255619,
        1.4684175155588413,
        0.0,
        1.648863244784115,
        1.5612494995995996,
        1.340475661845451,
        1.489546910976623,
        1.8157298807917437,
        1.4142135623730951,
        1.4630874888399532,
        1.4415703243338496,
        1.5461646096066226,
        1.4737282653189494,
        1.5103807466993215,
        1.5360257159305635,
        1.5811388300841898,
        1.4252192813739224,
        1.5562374497485916,
        1.595893166850463,
        1.3863170633011772,
        1.4415703243338496,
        1.6441183047457382,
        1.7809758560968758,
        1.80710403685012,
        1.4252192813739224,
        1.5811388300841898,
        1.5103807466993215,
        1.4577379737113252,
        1.5,
        1.6345871038277526,
        1.4737282653189494,
        1.7275343701356567,
        1.5,
        1.4306903927824497,
        1.4415703243338496,
        1.4415703243338496,
        1.4361406616345072,
        1.4142135623730951,
        1.4197270864500684,
        1.357847561400027,
        1.4415703243338496,
        1.4086784586980805,
        1.7809758560968758,
        1.5206906325745548,
        1.5612494995995996,
        1.479019945774904,
        1.4361406616345072
    ],
    [
        1.505199322349037,
        1.6153559979150107,
        1.5,
        1.6056540723331412,
        1.7230060940112777,
        1.648863244784115,
        0.0,
        1.6105123408406408,
        1.590990257669732,
        1.595893166850463,
        1.8285923547909742,
        1.5,
        1.6345871038277526,
        1.5103807466993215,
        1.489546910976623,
        1.590990257669732,
        1.5512092057488571,
        1.4361406616345072,
        1.5562374497485916,
        1.5662455107677085,
        1.625,
        1.5562374497485916,
        1.590990257669732,
        1.4252192813739224,
        1.571225636247067,
        1.541103500742244,
        1.8915932438026946,
        1.4306903927824497,
        1.7001838135919305,
        1.58607219255619,
        1.758905909933786,
        1.713913650100261,
        1.9605483926697653,
        1.704772712123232,
        1.7721808598447282,
        1.5512092057488571,
        1.6105123408406408,
        1.5155444566227676,
        1.5512092057488571,
        1.5512092057488571,
        1.695582495781317,
        1.4737282653189494,
        1.7275343701356567,
        1.7320508075688772,
        1.6105123408406408,
        1.8027756377319946,
        1.6393596310755,
        1.4630874888399532,
        1.4737282653189494,
        1.5761900266148114
    ],
    [
        1.1110243021644486,
        1.0383279828647594,
        1.4086784586980805,
        0.9842509842514764,
        1.7721808598447282,
        1.5612494995995996,
        1.6105123408406408,
        0.0,
        1.403121520040228,
        1.6056540723331412,
        1.0,
        1.1110243021644486,
        1.1858541225631423,
        1.4523687548277813,
        1.5309310892394863,
        1.0968705484240153,
        1.4415703243338496,
        1.159202311936963,
        1.7897276329095442,
        1.5761900266148114,
        1.845602882529175,
        1.9525624189766635,
        1.2054563451241194,
        1.620185174601965,
        1.8624580532189174,
        1.7455300054711176,
        1.0606601717798212,
        1.4361406616345072,
        1.845602882529175,
        1.4252192813739224,
        1.8114220932736798,
        1.8371173070873836,
        2.069118169655856,
        1.8413649828320293,
        0.9437293044088437,
        1.653594569415369,
        1.5206906325745548,
        1.4842927608797396,
        1.357847561400027,
        1.625,
        1.58607219255619,
        1.5309310892394863,
        1.6105123408406408,
        1.7677669529663689,
        1.5155444566227676,
        1.0825317547305484,
        1.6007810593582121,
        1.2624381172952597,
        1.5811388300841898,
        0.9519716382329886
    ],
    [
        1.4361406616345072,
        1.3110110602126894,
        1.2808688457449497,
        1.4252192813739224,
        1.4684175155588413,
        1.340475661845451,
        1.590990257669732,
        1.403121520040228,
        0.0,
        1.4197270864500684,
        1.590990257669732,
        1.3050383136138188,
        1.3863170633011772,
        1.4361406616345072,
        1.489546910976623,
        1.334634781503914,
        1.3919410907075054,
        1.4197270864500684,
        1.4684175155588413,
        1.352081728298996,
        1.5155444566227676,
        1.595893166850463,
        1.3110110602126894,
        1.375,
        1.590990257669732,
        1.71846588560844,
        1.5461646096066226,
        1.334634781503914,
        1.5206906325745548,
        1.4306903927824497,
        1.489546910976623,
        1.4630874888399532,
        1.6153559979150107,
        1.5,
        1.4684175155588413,
        1.4252192813739224,
        1.3975424859373686,
        1.4252192813739224,
        1.2624381172952597,
        1.3806701271484076,
        1.3919410907075054,
        1.4469796128487782,
        1.2808688457449497,
        1.4086784586980805,
        1.3110110602126894,
        1.5662455107677085,
        1.5155444566227676,
        1.4306903927824497,
        1.4684175155588413,
        1.346291201783626
    ],
    [
        1.653594569415369,
        1.571225636247067,
        1.340475661845451,
        1.6153559979150107,
        1.5103807466993215,
        1.489546910976623,
        1.595893166850463,
        1.6056540723331412,
        1.4197270864500684,
        0.0,
        1.8498310733685928,
        1.479019945774904,
        1.4252192813739224,
        1.489546910976623,
        1.6298006013006623,
        1.4415703243338496,
        1.4086784586980805,
        1.5103807466993215,
        1.5612494995995996,
        1.5,
        1.7001838135919305,
        1.6677080080157918,
        1.4469796128487782,
        1.541103500742244,
        1.7455300054711176,
        1.8540496217739157,
        1.741048534648015,
        1.489546910976623,
        1.5811388300841898,
        1.5155444566227676,
        1.5360257159305635,
        1.5612494995995996,
        1.7544586059522749,
        1.5258194519667128,
        1.7275343701356567,
        1.6153559979150107,
        1.4630874888399532,
        1.590990257669732,
        1.4142135623730951,
        1.4197270864500684,
        1.4361406616345072,
        1.5155444566227676,
        1.4415703243338496,
        1.595893166850463,
        1.4469796128487782,
        1.7897276329095442,
        1.571225636247067,
        1.541103500742244,
        1.590990257669732,
        1.489546910976623
    ],
    [
        1.2562344526401112,
        1.1726039399558574,
        1.620185174601965,
        0.9270248108869579,
        1.9445436482630056,
        1.8157298807917437,
        1.8285923547909742,
        1.0,
        1.590990257669732,
        1.8498310733685928,
        0.0,
        1.286953767623375,
        1.2119199643540823,
        1.6393596310755,
        1.8200274723201295,
        1.192424001771182,
        1.6863421954040052,
        1.2808688457449497,
        2.03100960115899,
        1.8708286933869707,
        2.2430448056157952,
        2.165063509461097,
        1.25,
        1.8666480653835098,
        2.1469455046647083,
        1.9445436482630056,
        0.7180703308172536,
        1.824314939915803,
        2.2043990110685496,
        1.713913650100261,
        1.984313483298443,
        2.0077973005261263,
        2.29128784747792,
        2.080414622136655,
        0.770551750371122,
        1.8874586088176875,
        1.7677669529663689,
        1.6007810593582121,
        1.541103500742244,
        1.8874586088176875,
        1.8200274723201295,
        1.75,
        1.7544586059522749,
        1.9445436482630056,
        1.8285923547909742,
        0.8003905296791061,
        1.8540496217739157,
        1.3693063937629153,
        1.8582585934148133,
        1.0383279828647594
    ],
    [
        1.224744871391589,
        1.103970108290981,
        1.3693063937629153,
        1.118033988749895,
        1.5562374497485916,
        1.4142135623730951,
        1.5,
        1.1110243021644486,
        1.3050383136138188,
        1.479019945774904,
        1.286953767623375,
        0.0,
        1.2624381172952597,
        1.3919410907075054,
        1.4737282653189494,
        1.231107225224513,
        1.3919410907075054,
        1.2183492931011204,
        1.625,
        1.4684175155588413,
        1.6817030058842137,
        1.741048534648015,
        1.165922381636102,
        1.5206906325745548,
        1.7230060940112777,
        1.6677080080157918,
        1.3050383136138188,
        1.4361406616345072,
        1.709349291397168,
        1.4252192813739224,
        1.590990257669732,
        1.648863244784115,
        1.845602882529175,
        1.6441183047457382,
        1.192424001771182,
        1.5662455107677085,
        1.4577379737113252,
        1.4630874888399532,
        1.2686114456365274,
        1.4523687548277813,
        1.4361406616345072,
        1.4523687548277813,
        1.4630874888399532,
        1.625,
        1.375,
        1.2930100540985752,
        1.571225636247067,
        1.334634781503914,
        1.479019945774904,
        1.0968705484240153
    ],
    [
        1.2930100540985752,
        1.224744871391589,
        1.3110110602126894,
        1.1524430571616109,
        1.5461646096066226,
        1.4630874888399532,
        1.6345871038277526,
        1.1858541225631423,
        1.3863170633011772,
        1.4252192813739224,
        1.2119199643540823,
        1.2624381172952597,
        0.0,
        1.3975424859373686,
        1.4947825928876748,
        1.0752906583803283,
        1.3169567191065923,
        1.2624381172952597,
        1.6770509831248424,
        1.4684175155588413,
        1.7275343701356567,
        1.7365554986812255,
        1.1110243021644486,
        1.5461646096066226,
        1.8413649828320293,
        1.758905909933786,
        1.192424001771182,
        1.489546910976623,
        1.7275343701356567,
        1.4306903927824497,
        1.6863421954040052,
        1.6677080080157918,
        1.8874586088176875,
        1.6863421954040052,
        1.2054563451241194,
        1.620185174601965,
        1.489546910976623,
        1.4252192813739224,
        1.243734296383275,
        1.489546910976623,
        1.4947825928876748,
        1.4415703243338496,
        1.4415703243338496,
        1.6770509831248424,
        1.4737282653189494,
        1.1792476415070754,
        1.6393596310755,
        1.2686114456365274,
        1.541103500742244,
        1.125
    ],
    [
        1.352081728298996,
        1.4086784586980805,
        1.3110110602126894,
        1.3693063937629153,
        1.5155444566227676,
        1.4415703243338496,
        1.5103807466993215,
        1.4523687548277813,
        1.4361406616345072,
        1.489546910976623,
        1.6393596310755,
        1.3919410907075054,
        1.3975424859373686,
        0.0,
        1.375,
        1.4142135623730951,
        1.3919410907075054,
        1.2624381172952597,
        1.4361406616345072,
        1.4252192813739224,
        1.4630874888399532,
        1.4684175155588413,
        1.334634781503914,
        1.352081728298996,
        1.346291201783626,
        1.489546910976623,
        1.6105123408406408,
        1.231107225224513,
        1.6298006013006623,
        1.5258194519667128,
        1.4684175155588413,
        1.58607219255619,
        1.7940875118009154,
        1.5662455107677085,
        1.5562374497485916,
        1.4361406616345072,
        1.4197270864500684,
        1.2747548783981961,
        1.2747548783981961,
        1.3975424859373686,
        1.479019945774904,
        1.2624381172952597,
        1.4197270864500684,
        1.5360257159305635,
        1.3975424859373686,
        1.6056540723331412,
        1.4737282653189494,
        1.3050383136138188,
        1.2930100540985752,
        1.3635890143294642
    ],
    [
        1.3806701271484076,
        1.4630874888399532,
        1.4361406616345072,
        1.5562374497485916,
        1.5612494995995996,
        1.5461646096066226,
        1.489546910976623,
        1.5309310892394863,
        1.489546910976623,
        1.6298006013006623,
        1.8200274723201295,
        1.4737282653189494,
        1.4947825928876748,
        1.375,
        0.0,
        1.479019945774904,
        1.5662455107677085,
        1.3806701271484076,
        1.4361406616345072,
        1.5562374497485916,
        1.590990257669732,
        1.5309310892394863,
        1.4252192813739224,
        1.4142135623730951,
        1.505199322349037,
        1.5612494995995996,
        1.695582495781317,
        1.352081728298996,
        1.741048534648015,
        1.625,
        1.5512092057488571,
        1.625,
        1.713913650100261,
        1.595893166850463,
        1.6153559979150107,
        1.4361406616345072,
        1.5258194519667128,
        1.3806701271484076,
        1.4306903927824497,
        1.505199322349037,
        1.5662455107677085,
        1.3975424859373686,
        1.479019945774904,
        1.5612494995995996,
        1.5562374497485916,
        1.6441183047457382,
        1.6298006013006623,
        1.4142135623730951,
        1.3228756555322954,
        1.5612494995995996
    ],
    [
        1.243734296383275,
        1.1726039399558574,
        1.375,
        1.1388041973930374,
        1.6345871038277526,
        1.4737282653189494,
        1.590990257669732,
        1.0968705484240153,
        1.334634781503914,
        1.4415703243338496,
        1.192424001771182,
        1.231107225224513,
        1.0752906583803283,
        1.4142135623730951,
        1.479019945774904,
        0.0,
        1.3919410907075054,
        1.2183492931011204,
        1.6723860200324565,
        1.479019945774904,
        1.704772712123232,
        1.776583800443987,
        1.1319231422671772,
        1.5512092057488571,
        1.758905909933786,
        1.709349291397168,
        1.14564392373896,
        1.4577379737113252,
        1.7001838135919305,
        1.3975424859373686,
        1.6630168369562588,
        1.6909686573085854,
        1.8874586088176875,
        1.6583123951777,
        1.14564392373896,
        1.5461646096066226,
        1.3975424859373686,
        1.346291201783626,
        1.25,
        1.5512092057488571,
        1.5258194519667128,
        1.5103807466993215,
        1.505199322349037,
        1.7001838135919305,
        1.3863170633011772,
        1.103970108290981,
        1.5360257159305635,
        1.286953767623375,
        1.4142135623730951,
        1.103970108290981
    ],
    [
        1.58607219255619,
        1.4252192813739224,
        1.3050383136138188,
        1.4415703243338496,
        1.3806701271484076,
        1.5103807466993215,
        1.5512092057488571,
        1.4415703243338496,
        1.3919410907075054,
        1.4086784586980805,
        1.6863421954040052,
        1.3919410907075054,
        1.3169567191065923,
        1.3919410907075054,
        1.5662455107677085,
        1.3919410907075054,
        0.0,
        1.5360257159305635,
        1.625,
        1.4947825928876748,
        1.6393596310755,
        1.505199322349037,
        1.346291201783626,
        1.5512092057488571,
        1.6677080080157918,
        1.79843682124227,
        1.6393596310755,
        1.4086784586980805,
        1.5103807466993215,
        1.299038105676658,
        1.6056540723331412,
        1.4684175155588413,
        1.713913650100261,
        1.5206906325745548,
        1.6007810593582121,
        1.5360257159305635,
        1.3693063937629153,
        1.4086784586980805,
        1.2686114456365274,
        1.3635890143294642,
        1.58607219255619,
        1.479019945774904,
        1.4252192813739224,
        1.5258194519667128,
        1.4469796128487782,
        1.6393596310755,
        1.4630874888399532,
        1.4737282653189494,
        1.4947825928876748,
        1.4142135623730951
    ],
    [
        1.0532687216470449,
        1.2808688457449497,
        1.4842927608797396,
        1.1524430571616109,
        1.6817030058842137,
        1.5360257159305635,
        1.4361406616345072,
        1.159202311936963,
        1.4197270864500684,
        1.5103807466993215,
        1.2808688457449497,
        1.2183492931011204,
        1.2624381172952597,
        1.2624381172952597,
        1.3806701271484076,
        1.2183492931011204,
        1.5360257159305635,
        0.0,
        1.5562374497485916,
        1.5512092057488571,
        1.6153559979150107,
        1.6863421954040052,
        1.2374368670764582,
        1.4306903927824497,
        1.571225636247067,
        1.4252192813739224,
        1.2747548783981961,
        1.334634781503914,
        1.8157298807917437,
        1.5103807466993215,
        1.7001838135919305,
        1.6723860200324565,
        2.065338955232288,
        1.776583800443987,
        1.2119199643540823,
        1.5461646096066226,
        1.5562374497485916,
        1.357847561400027,
        1.3806701271484076,
        1.6677080080157918,
        1.5612494995995996,
        1.357847561400027,
        1.5206906325745548,
        1.741048534648015,
        1.571225636247067,
        1.299038105676658,
        1.653594569415369,
        1.1388041973930374,
        1.4142135623730951,
        1.2183492931011204
    ],
    [
        1.648863244784115,
        1.741048534648015,
        1.4684175155588413,
        1.71846588560844,
        1.479019945774904,
        1.5811388300841898,
        1.5562374497485916,
        1.7897276329095442,
        1.4684175155588413,
        1.5612494995995996,
        2.03100960115899,
        1.625,
        1.6770509831248424,
        1.4361406616345072,
        1.4361406616345072,
        1.6723860200324565,
        1.625,
        1.5562374497485916,
        0.0,
        1.5309310892394863,
        1.5,
        1.479019945774904,
        1.6583123951777,
        1.4469796128487782,
        1.4361406616345072,
        1.6441183047457382,
        2.065338955232288,
        1.4197270864500684,
        1.6298006013006623,
        1.6441183047457382,
        1.5103807466993215,
        1.5258194519667128,
        1.5206906325745548,
        1.5258194519667128,
        1.9039432764659772,
        1.479019945774904,
        1.5512092057488571,
        1.489546910976623,
        1.5512092057488571,
        1.4737282653189494,
        1.6056540723331412,
        1.4306903927824497,
        1.4737282653189494,
        1.5512092057488571,
        1.6007810593582121,
        1.9243505397925815,
        1.5562374497485916,
        1.571225636247067,
        1.3635890143294642,
        1.7677669529663689
    ],
    [
        1.5761900266148114,
        1.541103500742244,
        1.357847561400027,
        1.5662455107677085,
        1.4142135623730951,
        1.4252192813739224,
        1.5662455107677085,
        1.5761900266148114,
        1.352081728298996,
        1.5,
        1.8708286933869707,
        1.4684175155588413,
        1.4684175155588413,
        1.4252192813739224,
        1.5562374497485916,
        1.479019945774904,
        1.4947825928876748,
        1.5512092057488571,
        1.5309310892394863,
        0.0,
        1.4737282653189494,
        1.4842927608797396,
        1.5258194519667128,
        1.346291201783626,
        1.6723860200324565,
        1.6441183047457382,
        1.8624580532189174,
        1.5155444566227676,
        1.4577379737113252,
        1.4523687548277813,
        1.3169567191065923,
        1.4306903927824497,
        1.5155444566227676,
        1.4252192813739224,
        1.7455300054711176,
        1.3693063937629153,
        1.3863170633011772,
        1.3635890143294642,
        1.2808688457449497,
        1.403121520040228,
        1.3287682265918312,
        1.4415703243338496,
        1.231107225224513,
        1.403121520040228,
        1.3693063937629153,
        1.7809758560968758,
        1.5206906325745548,
        1.6105123408406408,
        1.5206906325745548,
        1.4684175155588413
    ],
    [
        1.595893166850463,
        1.8027756377319946,
        1.5155444566227676,
        1.8582585934148133,
        1.5562374497485916,
        1.5562374497485916,
        1.625,
        1.845602882529175,
        1.5155444566227676,
        1.7001838135919305,
        2.2430448056157952,
        1.6817030058842137,
        1.7275343701356567,
        1.4630874888399532,
        1.590990257669732,
        1.704772712123232,
        1.6393596310755,
        1.6153559979150107,
        1.5,
        1.4737282653189494,
        0.0,
        1.4361406616345072,
        1.8027756377319946,
        1.403121520040228,
        1.4577379737113252,
        1.6770509831248424,
        2.1139418156609704,
        1.4252192813739224,
        1.6583123951777,
        1.6630168369562588,
        1.6056540723331412,
        1.6441183047457382,
        1.6723860200324565,
        1.541103500742244,
        1.996089927833914,
        1.3693063937629153,
        1.5309310892394863,
        1.4415703243338496,
        1.4842927608797396,
        1.5360257159305635,
        1.6723860200324565,
        1.5155444566227676,
        1.4469796128487782,
        1.6007810593582121,
        1.6105123408406408,
        2.161452058223823,
        1.5155444566227676,
        1.713913650100261,
        1.4947825928876748,
        1.776583800443987
    ],
    [
        1.776583800443987,
        1.8413649828320293,
        1.5309310892394863,
        1.9445436482630056,
        1.5309310892394863,
        1.595893166850463,
        1.5562374497485916,
        1.9525624189766635,
        1.595893166850463,
        1.6677080080157918,
        2.165063509461097,
        1.741048534648015,
        1.7365554986812255,
        1.4684175155588413,
        1.5309310892394863,
        1.776583800443987,
        1.505199322349037,
        1.6863421954040052,
        1.479019945774904,
        1.4842927608797396,
        1.4361406616345072,
        0.0,
        1.695582495781317,
        1.4947825928876748,
        1.479019945774904,
        1.6105123408406408,
        2.1286732957408003,
        1.4252192813739224,
        1.5662455107677085,
        1.541103500742244,
        1.479019945774904,
        1.5562374497485916,
        1.6056540723331412,
        1.505199322349037,
        2.069118169655856,
        1.4842927608797396,
        1.5206906325745548,
        1.5,
        1.5512092057488571,
        1.5206906325745548,
        1.6298006013006623,
        1.403121520040228,
        1.5512092057488571,
        1.5811388300841898,
        1.590990257669732,
        2.072890493972125,
        1.6007810593582121,
        1.6345871038277526,
        1.541103500742244,
        1.8666480653835098
    ],
    [
        1.346291201783626,
        1.14564392373896,
        1.299038105676658,
        1.165922381636102,
        1.5155444566227676,
        1.3863170633011772,
        1.590990257669732,
        1.2054563451241194,
        1.3110110602126894,
        1.4469796128487782,
        1.25,
        1.165922381636102,
        1.1110243021644486,
        1.334634781503914,
        1.4252192813739224,
        1.1319231422671772,
        1.346291201783626,
        1.2374368670764582,
        1.6583123951777,
        1.5258194519667128,
        1.8027756377319946,
        1.695582495781317,
        0.0,
        1.4684175155588413,
        1.758905909933786,
        1.7633419974582356,
        1.2686114456365274,
        1.4577379737113252,
        1.6909686573085854,
        1.403121520040228,
        1.625,
        1.5612494995995996,
        1.9121323175972944,
        1.5811388300841898,
        1.192424001771182,
        1.5811388300841898,
        1.4684175155588413,
        1.340475661845451,
        1.231107225224513,
        1.4737282653189494,
        1.5155444566227676,
        1.4415703243338496,
        1.4252192813739224,
        1.6583123951777,
        1.5,
        1.1792476415070754,
        1.5562374497485916,
        1.25,
        1.4361406616345072,
        1.165922381636102
    ],
    [
        1.4469796128487782,
        1.541103500742244,
        1.340475661845451,
        1.6105123408406408,
        1.571225636247067,
        1.4415703243338496,
        1.4252192813739224,
        1.620185174601965,
        1.375,
        1.541103500742244,
        1.8666480653835098,
        1.5206906325745548,
        1.5461646096066226,
        1.352081728298996,
        1.4142135623730951,
        1.5512092057488571,
        1.5512092057488571,
        1.4306903927824497,
        1.4469796128487782,
        1.346291201783626,
        1.403121520040228,
        1.4947825928876748,
        1.4684175155588413,
        0.0,
        1.4361406616345072,
        1.5155444566227676,
        1.8157298807917437,
        1.3287682265918312,
        1.5761900266148114,
        1.5360257159305635,
        1.5360257159305635,
        1.5258194519667128,
        1.7230060940112777,
        1.5612494995995996,
        1.75,
        1.3806701271484076,
        1.4306903927824497,
        1.3919410907075054,
        1.4361406616345072,
        1.4630874888399532,
        1.5206906325745548,
        1.2930100540985752,
        1.3919410907075054,
        1.5258194519667128,
        1.4142135623730951,
        1.7853571071357126,
        1.6007810593582121,
        1.505199322349037,
        1.346291201783626,
        1.5309310892394863
    ],
    [
        1.595893166850463,
        1.8027756377319946,
        1.6770509831248424,
        1.9039432764659772,
        1.648863244784115,
        1.6441183047457382,
        1.571225636247067,
        1.8624580532189174,
        1.590990257669732,
        1.7455300054711176,
        2.1469455046647083,
        1.7230060940112777,
        1.8413649828320293,
        1.346291201783626,
        1.505199322349037,
        1.758905909933786,
        1.6677080080157918,
        1.571225636247067,
        1.4361406616345072,
        1.6723860200324565,
        1.4577379737113252,
        1.479019945774904,
        1.758905909933786,
        1.4361406616345072,
        0.0,
        1.4142135623730951,
        2.1286732957408003,
        1.4630874888399532,
        1.7940875118009154,
        1.7677669529663689,
        1.7677669529663689,
        1.7230060940112777,
        1.8200274723201295,
        1.7230060940112777,
        1.9605483926697653,
        1.5,
        1.6677080080157918,
        1.4252192813739224,
        1.6630168369562588,
        1.6770509831248424,
        1.7320508075688772,
        1.4684175155588413,
        1.58607219255619,
        1.8114220932736798,
        1.653594569415369,
        2.042516829796024,
        1.713913650100261,
        1.5562374497485916,
        1.4086784586980805,
        1.8114220932736798
    ],
    [
        1.403121520040228,
        1.695582495781317,
        1.695582495781317,
        1.7809758560968758,
        1.7365554986812255,
        1.7809758560968758,
        1.541103500742244,
        1.7455300054711176,
        1.71846588560844,
        1.8540496217739157,
        1.9445436482630056,
        1.6677080080157918,
        1.758905909933786,
        1.489546910976623,
        1.5612494995995996,
        1.709349291397168,
        1.79843682124227,
        1.4252192813739224,
        1.6441183047457382,
        1.6441183047457382,
        1.6770509831248424,
        1.6105123408406408,
        1.7633419974582356,
        1.5155444566227676,
        1.4142135623730951,
        0.0,
        1.964529205687714,
        1.5,
        1.7853571071357126,
        1.7633419974582356,
        1.79843682124227,
        1.875,
        1.9724667297574374,
        1.8285923547909742,
        1.8328597873268975,
        1.4361406616345072,
        1.6909686573085854,
        1.5,
        1.6583123951777,
        1.7230060940112777,
        1.8157298807917437,
        1.5103807466993215,
        1.7275343701356567,
        1.758905909933786,
        1.713913650100261,
        1.899835519196333,
        1.79843682124227,
        1.4306903927824497,
        1.5103807466993215,
        1.7365554986812255
    ],
    [
        1.3050383136138188,
        1.2183492931011204,
        1.595893166850463,
        1.0307764064044151,
        1.9685019685029528,
        1.80710403685012,
        1.8915932438026946,
        1.0606601717798212,
        1.5461646096066226,
        1.741048534648015,
        0.7180703308172536,
        1.3050383136138188,
        1.192424001771182,
        1.6105123408406408,
        1.695582495781317,
        1.14564392373896,
        1.6393596310755,
        1.2747548783981961,
        2.065338955232288,
        1.8624580532189174,
        2.1139418156609704,
        2.1286732957408003,
        1.2686114456365274,
        1.8157298807917437,
        2.1286732957408003,
        1.964529205687714,
        0.0,
        1.75,
        2.091650066335189,
        1.695582495781317,
        1.9685019685029528,
        2.03100960115899,
        2.3351927115336757,
        2.023301757029831,
        0.7905694150420949,
        1.8708286933869707,
        1.7455300054711176,
        1.648863244784115,
        1.5155444566227676,
        1.8285923547909742,
        1.776583800443987,
        1.7633419974582356,
        1.776583800443987,
        1.956559480312316,
        1.6153559979150107,
        0.8660254037844386,
        1.8708286933869707,
        1.334634781503914,
        1.776583800443987,
        1.118033988749895
    ],
    [
        1.352081728298996,
        1.4630874888399532,
        1.340475661845451,
        1.4842927608797396,
        1.5,
        1.4252192813739224,
        1.4306903927824497,
        1.4361406616345072,
        1.334634781503914,
        1.489546910976623,
        1.824314939915803,
        1.4361406616345072,
        1.489546910976623,
        1.231107225224513,
        1.352081728298996,
        1.4577379737113252,
        1.4086784586980805,
        1.334634781503914,
        1.4197270864500684,
        1.5155444566227676,
        1.4252192813739224,
        1.4252192813739224,
        1.4577379737113252,
        1.3287682265918312,
        1.4630874888399532,
        1.5,
        1.75,
        0.0,
        1.625,
        1.5206906325745548,
        1.5360257159305635,
        1.6007810593582121,
        1.7001838135919305,
        1.571225636247067,
        1.648863244784115,
        1.375,
        1.4142135623730951,
        1.3228756555322954,
        1.2930100540985752,
        1.4197270864500684,
        1.541103500742244,
        1.352081728298996,
        1.4577379737113252,
        1.6007810593582121,
        1.4306903927824497,
        1.7809758560968758,
        1.5258194519667128,
        1.3635890143294642,
        1.3287682265918312,
        1.4142135623730951
    ],
    [
        1.8371173070873836,
        1.7544586059522749,
        1.4415703243338496,
        1.8285923547909742,
        1.5258194519667128,
        1.5811388300841898,
        1.7001838135919305,
        1.845602882529175,
        1.5206906325745548,
        1.5811388300841898,
        2.2043990110685496,
        1.709349291397168,
        1.7275343701356567,
        1.6298006013006623,
        1.741048534648015,
        1.7001838135919305,
        1.5103807466993215,
        1.8157298807917437,
        1.6298006013006623,
        1.4577379737113252,
        1.6583123951777,
        1.5662455107677085,
        1.6909686573085854,
        1.5761900266148114,
        1.7940875118009154,
        1.7853571071357126,
        2.091650066335189,
        1.625,
        0.0,
        1.6105123408406408,
        1.479019945774904,
        1.6441183047457382,
        1.6105123408406408,
        1.479019945774904,
        2.0155644370746373,
        1.5761900266148114,
        1.4523687548277813,
        1.6630168369562588,
        1.505199322349037,
        1.479019945774904,
        1.653594569415369,
        1.6298006013006623,
        1.4577379737113252,
        1.5512092057488571,
        1.4842927608797396,
        2.1286732957408003,
        1.5309310892394863,
        1.8157298807917437,
        1.625,
        1.7365554986812255
    ],
    [
        1.5206906325745548,
        1.479019945774904,
        1.3806701271484076,
        1.4523687548277813,
        1.5,
        1.5103807466993215,
        1.58607219255619,
        1.4252192813739224,
        1.4306903927824497,
        1.5155444566227676,
        1.713913650100261,
        1.4252192813739224,
        1.4306903927824497,
        1.5258194519667128,
        1.625,
        1.3975424859373686,
        1.299038105676658,
        1.5103807466993215,
        1.6441183047457382,
        1.4523687548277813,
        1.6630168369562588,
        1.541103500742244,
        1.403121520040228,
        1.5360257159305635,
        1.7677669529663689,
        1.7633419974582356,
        1.695582495781317,
