[
    [
        0.0,
        1.4842927608797396,
        1.571225636247067,
        1.489546910976623,
        1.2183492931011204,
        1.6007810593582121,
        1.6630168369562588,
        1.6345871038277526,
        1.340475661845451,
        1.3635890143294642,
        1.7275343701356567,
        1.58607219255619,
        1.5461646096066226,
        1.4630874888399532,
        1.505199322349037,
        1.505199322349037,
        1.4361406616345072,
        1.6007810593582121,
        1.479019945774904,
        1.571225636247067,
        1.505199322349037,
        1.6153559979150107,
        1.6583123951777,
        1.625,
        1.6153559979150107,
        1.5612494995995996,
        1.6105123408406408,
        1.4737282653189494,
        1.571225636247067,
        1.5761900266148114,
        1.5811388300841898,
        1.5612494995995996,
        1.6007810593582121,
        1.6583123951777,
        1.3169567191065923,
        1.58607219255619,
        1.620185174601965,
        1.5258194519667128,
        1.6723860200324565,
        1.6056540723331412,
        1.6723860200324565,
        1.6105123408406408,
        1.4842927608797396,
        1.571225636247067,
        1.6007810593582121,
        1.648863244784115,
        1.5811388300841898,
        1.6393596310755,
        1.5258194519667128,
        1.2183492931011204
    ],
    [
        1.4842927608797396,
        0.0,
        0.414578098794425,
        0.414578098794425,
        0.7288689868556626,
        0.4330127018922193,
        0.5448623679425842,
        0.45069390943299864,
        0.57282196186948,
        0.8477912478906585,
        0.7288689868556626,
        0.5590169943749475,
        0.414578098794425,
        0.46770717334674267,
        0.4841229182759271,
        0.39528470752104744,
        0.6373774391990981,
        0.414578098794425,
        0.6614378277661477,
        0.414578098794425,
        0.39528470752104744,
        0.375,
        0.5303300858899106,
        0.4841229182759271,
        0.5153882032022076,
        0.33071891388307384,
        0.414578098794425,
        0.4330127018922193,
        0.4330127018922193,
        0.4330127018922193,
        0.46770717334674267,
        0.4330127018922193,
        0.33071891388307384,
        0.5303300858899106,
        0.673145600891813,
        0.4330127018922193,
        0.46770717334674267,
        0.45069390943299864,
        0.5590169943749475,
        0.39528470752104744,
        0.5590169943749475,
        0.5153882032022076,
        0.7180703308172536,
        0.414578098794425,
        0.3535533905932738,
        0.5303300858899106,
        0.45069390943299864,
        0.5994789404140899,
        0.46770717334674267,
        1.103970108290981
    ],
    [
        1.571225636247067,
        0.414578098794425,
        0.0,
        0.4841229182759271,
        0.8477912478906585,
        0.2795084971874737,
        0.39528470752104744,
        0.25,
        0.5863019699779287,
        0.9519716382329886,
        0.5153882032022076,
        0.33071891388307384,
        0.25,
        0.414578098794425,
        0.30618621784789724,
        0.2795084971874737,
        0.625,
        0.21650635094610965,
        0.5448623679425842,
        0.30618621784789724,
        0.30618621784789724,
        0.1767766952966369,
        0.375,
        0.3535533905932738,
        0.3535533905932738,
        0.3535533905932738,
        0.2795084971874737,
        0.4330127018922193,
        0.21650635094610965,
        0.125,
        0.414578098794425,
        0.2795084971874737,
        0.25,
        0.375,
        0.7180703308172536,
        0.2795084971874737,
        0.30618621784789724,
        0.30618621784789724,
        0.414578098794425,
        0.125,
        0.414578098794425,
        0.4330127018922193,
        0.7288689868556626,
        0.414578098794425,
        0.25,
        0.414578098794425,
        0.3535533905932738,
        0.4330127018922193,
        0.375,
        1.165922381636102
    ],
    [
        1.489546910976623,
        0.414578098794425,
        0.4841229182759271,
        0.0,
        0.7288689868556626,
        0.46770717334674267,
        0.5994789404140899,
        0.5153882032022076,
        0.5303300858899106,
        0.8100925873009825,
        0.7603453162872774,
        0.6123724356957945,
        0.5153882032022076,
        0.39528470752104744,
        0.5303300858899106,
        0.46770717334674267,
        0.57282196186948,
        0.46770717334674267,
        0.6959705453537527,
        0.5,
        0.4841229182759271,
        0.45069390943299864,
        0.5863019699779287,
        0.5590169943749475,
        0.5590169943749475,
        0.414578098794425,
        0.5,
        0.3535533905932738,
        0.46770717334674267,
        0.5,
        0.57282196186948,
        0.46770717334674267,
        0.414578098794425,
        0.5863019699779287,
        0.5863019699779287,
        0.5,
        0.5303300858899106,
        0.5,
        0.6123724356957945,
        0.46770717334674267,
        0.6123724356957945,
        0.5994789404140899,
        0.6373774391990981,
        0.375,
        0.4330127018922193,
        0.5863019699779287,
        0.5448623679425842,
        0.6614378277661477,
        0.5303300858899106,
        1.0752906583803283
    ],
    [
        1.2183492931011204,
        0.7288689868556626,
        0.8477912478906585,
        0.7288689868556626,
        0.0,
        0.8385254915624212,
        1.0077822185373186,
        0.8838834764831844,
        0.7603453162872774,
        0.8100925873009825,
        1.2374368670764582,
        0.9185586535436918,
        0.8477912478906585,
        0.7180703308172536,
        0.8100925873009825,
        0.770551750371122,
        0.7806247497997998,
        0.8477912478906585,
        0.9354143466934853,
        0.8569568250501305,
        0.770551750371122,
        0.8385254915624212,
        0.9842509842514764,
        0.9100137361600648,
        0.9270248108869579,
        0.7603453162872774,
        0.875,
        0.7180703308172536,
        0.82915619758885,
        0.8569568250501305,
        0.8926785535678563,
        0.8385254915624212,
        0.81967981553775,
        0.9842509842514764,
        0.7180703308172536,
        0.875,
        0.8838834764831844,
        0.81967981553775,
        1.0307764064044151,
        0.8569568250501305,
        1.0307764064044151,
        0.9682458365518543,
        0.8477912478906585,
        0.770551750371122,
        0.81967981553775,
        0.9921567416492215,
        0.8926785535678563,
        1.0606601717798212,
        0.8385254915624212,
        1.015504800579495
    ],
    [
        1.6007810593582121,
        0.4330127018922193,
        0.2795084971874737,
        0.46770717334674267,
        0.8385254915624212,
        0.0,
        0.414578098794425,
        0.2795084971874737,
        0.5994789404140899,
        0.8926785535678563,
        0.5863019699779287,
        0.39528470752104744,
        0.30618621784789724,
        0.5,
        0.45069390943299864,
        0.30618621784789724,
        0.6373774391990981,
        0.2795084971874737,
        0.6614378277661477,
        0.2795084971874737,
        0.4330127018922193,
        0.2795084971874737,
        0.39528470752104744,
        0.3535533905932738,
        0.375,
        0.375,
        0.30618621784789724,
        0.5,
        0.30618621784789724,
        0.30618621784789724,
        0.3535533905932738,
        0.25,
        0.33071891388307384,
        0.39528470752104744,
        0.7071067811865476,
        0.2795084971874737,
        0.33071891388307384,
        0.375,
        0.4330127018922193,
        0.2795084971874737,
        0.45069390943299864,
        0.3535533905932738,
        0.7288689868556626,
        0.414578098794425,
        0.30618621784789724,
        0.39528470752104744,
        0.30618621784789724,
        0.4841229182759271,
        0.375,
        1.14564392373896
    ],
    [
        1.6630168369562588,
        0.5448623679425842,
        0.39528470752104744,
        0.5994789404140899,
        1.0077822185373186,
        0.414578098794425,
        0.0,
        0.30618621784789724,
        0.739509972887452,
        1.0825317547305484,
        0.33071891388307384,
        0.375,
        0.39528470752104744,
        0.57282196186948,
        0.5590169943749475,
        0.4841229182759271,
        0.7806247497997998,
        0.375,
        0.739509972887452,
        0.39528470752104744,
        0.5153882032022076,
        0.39528470752104744,
        0.125,
        0.25,
        0.25,
        0.5,
        0.33071891388307384,
        0.5994789404140899,
        0.414578098794425,
        0.375,
        0.33071891388307384,
        0.375,
        0.4330127018922193,
        0.125,
        0.9013878188659973,
        0.375,
        0.30618621784789724,
        0.46770717334674267,
        0.125,
        0.375,
        0.125,
        0.25,
        0.8385254915624212,
        0.5448623679425842,
        0.4330127018922193,
        0.125,
        0.30618621784789724,
        0.25,
        0.45069390943299864,
        1.2562344526401112
    ],
    [
        1.6345871038277526,
        0.45069390943299864,
        0.25,
        0.5153882032022076,
        0.8838834764831844,
        0.2795084971874737,
        0.30618621784789724,
        0.0,
        0.673145600891813,
        1.0077822185373186,
        0.45069390943299864,
        0.33071891388307384,
        0.25,
        0.4841229182759271,
        0.46770717334674267,
        0.375,
        0.7180703308172536,
        0.21650635094610965,
        0.673145600891813,
        0.25,
        0.414578098794425,
        0.25,
        0.2795084971874737,
        0.25,
        0.25,
        0.39528470752104744,
        0.125,
        0.5153882032022076,
        0.2795084971874737,
        0.21650635094610965,
        0.33071891388307384,
        0.21650635094610965,
        0.30618621784789724,
        0.2795084971874737,
        0.7806247497997998,
        0.21650635094610965,
        0.1767766952966369,
        0.3535533905932738,
        0.33071891388307384,
        0.21650635094610965,
        0.33071891388307384,
        0.3535533905932738,
        0.770551750371122,
        0.45069390943299864,
        0.30618621784789724,
        0.33071891388307384,
        0.25,
        0.39528470752104744,
        0.33071891388307384,
        1.2054563451241194
    ],
    [
        1.340475661845451,
        0.57282196186948,
        0.5863019699779287,
        0.5303300858899106,
        0.7603453162872774,
        0.5994789404140899,
        0.739509972887452,
        0.673145600891813,
        0.0,
        0.6614378277661477,
        0.9354143466934853,
        0.649519052838329,
        0.5863019699779287,
        0.4841229182759271,
        0.5303300858899106,
        0.5303300858899106,
        0.4841229182759271,
        0.649519052838329,
        0.5994789404140899,
        0.625,
        0.5303300858899106,
        0.625,
        0.7288689868556626,
        0.6959705453537527,
        0.7071067811865476,
        0.57282196186948,
        0.6614378277661477,
        0.4841229182759271,
        0.6123724356957945,
        0.5994789404140899,
        0.673145600891813,
        0.6123724356957945,
        0.5994789404140899,
        0.7288689868556626,
        0.625,
        0.649519052838329,
        0.673145600891813,
        0.57282196186948,
        0.75,
        0.6373774391990981,
        0.7603453162872774,
        0.7180703308172536,
        0.6959705453537527,
        0.5590169943749475,
        0.5994789404140899,
        0.7288689868556626,
        0.6614378277661477,
        0.770551750371122,
        0.6373774391990981,
        1.0231690964840563
    ],
    [
        1.3635890143294642,
        0.8477912478906585,
        0.9519716382329886,
        0.8100925873009825,
        0.8100925873009825,
        0.8926785535678563,
        1.0825317547305484,
        1.0077822185373186,
        0.6614378277661477,
        0.0,
        1.2808688457449497,
        0.960143218483576,
        0.8838834764831844,
        0.8569568250501305,
        0.81967981553775,
        0.8385254915624212,
        0.6846531968814576,
        0.9519716382329886,
        0.81967981553775,
        0.9354143466934853,
        0.8569568250501305,
        0.9762812094883317,
        1.0606601717798212,
        0.9842509842514764,
        1.0231690964840563,
        0.8569568250501305,
        0.960143218483576,
        0.770551750371122,
        0.9437293044088437,
        0.9682458365518543,
        0.9270248108869579,
        0.9270248108869579,
        0.960143218483576,
        1.0606601717798212,
        0.770551750371122,
        0.9354143466934853,
        0.9842509842514764,
        0.82915619758885,
        1.0968705484240153,
        0.9842509842514764,
        1.0968705484240153,
        0.9762812094883317,
        0.9185586535436918,
        0.8477912478906585,
        0.9185586535436918,
        1.0383279828647594,
        0.9437293044088437,
        1.1110243021644486,
        0.9013878188659973,
        0.9842509842514764
    ],
    [
        1.7275343701356567,
        0.7288689868556626,
        0.5153882032022076,
        0.7603453162872774,
        1.2374368670764582,
        0.5863019699779287,
        0.33071891388307384,
        0.45069390943299864,
        0.9354143466934853,
        1.2808688457449497,
        0.0,
        0.5,
        0.5863019699779287,
        0.75,
        0.6846531968814576,
        0.6614378277661477,
        0.9270248108869579,
        0.5153882032022076,
        0.9100137361600648,
        0.5994789404140899,
        0.6846531968814576,
        0.5153882032022076,
        0.3535533905932738,
        0.414578098794425,
        0.414578098794425,
        0.6614378277661477,
        0.46770717334674267,
        0.770551750371122,
        0.5448623679425842,
        0.5,
        0.5448623679425842,
        0.5153882032022076,
        0.5863019699779287,
        0.3535533905932738,
        1.118033988749895,
        0.5448623679425842,
        0.45069390943299864,
        0.57282196186948,
        0.30618621784789724,
        0.5448623679425842,
        0.30618621784789724,
        0.46770717334674267,
        0.9842509842514764,
        0.7288689868556626,
        0.5590169943749475,
        0.3535533905932738,
        0.4841229182759271,
        0.2795084971874737,
        0.5994789404140899,
        1.357847561400027
    ],
    [
        1.58607219255619,
        0.5590169943749475,
        0.33071891388307384,
        0.6123724356957945,
        0.9185586535436918,
        0.39528470752104744,
        0.375,
        0.33071891388307384,
        0.649519052838329,
        0.960143218483576,
        0.5,
        0.0,
        0.2795084971874737,
        0.5153882032022076,
        0.414578098794425,
        0.414578098794425,
        0.6373774391990981,
        0.375,
        0.5303300858899106,
        0.414578098794425,
        0.4330127018922193,
        0.414578098794425,
        0.3535533905932738,
        0.33071891388307384,
        0.33071891388307384,
        0.5,
        0.33071891388307384,
        0.5590169943749475,
        0.39528470752104744,
        0.30618621784789724,
        0.3535533905932738,
        0.39528470752104744,
        0.46770717334674267,
        0.3535533905932738,
        0.8660254037844386,
        0.3535533905932738,
        0.33071891388307384,
        0.3535533905932738,
        0.39528470752104744,
        0.39528470752104744,
        0.39528470752104744,
        0.414578098794425,
        0.7806247497997998,
        0.5303300858899106,
        0.45069390943299864,
        0.39528470752104744,
        0.33071891388307384,
        0.375,
        0.46770717334674267,
        1.224744871391589
    ],
    [
        1.5461646096066226,
        0.414578098794425,
        0.25,
        0.5153882032022076,
        0.8477912478906585,
        0.30618621784789724,
        0.39528470752104744,
        0.25,
        0.5863019699779287,
        0.8838834764831844,
        0.5863019699779287,
        0.2795084971874737,
        0.0,
        0.4841229182759271,
        0.33071891388307384,
        0.2795084971874737,
        0.625,
        0.25,
        0.5448623679425842,
        0.2795084971874737,
        0.33071891388307384,
        0.30618621784789724,
        0.375,
        0.33071891388307384,
        0.3535533905932738,
        0.39528470752104744,
        0.2795084971874737,
        0.46770717334674267,
        0.33071891388307384,
        0.21650635094610965,
        0.33071891388307384,
        0.30618621784789724,
        0.3535533905932738,
        0.375,
        0.770551750371122,
        0.25,
        0.30618621784789724,
        0.33071891388307384,
        0.414578098794425,
        0.2795084971874737,
        0.414578098794425,
        0.3535533905932738,
        0.7288689868556626,
        0.46770717334674267,
        0.33071891388307384,
        0.375,
        0.30618621784789724,
        0.4330127018922193,
        0.30618621784789724,
        1.159202311936963
    ],
    [
        1.4630874888399532,
        0.46770717334674267,
        0.414578098794425,
        0.39528470752104744,
        0.7180703308172536,
        0.5,
        0.57282196186948,
        0.4841229182759271,
        0.4841229182759271,
        0.8569568250501305,
        0.75,
        0.5153882032022076,
        0.4841229182759271,
        0.0,
        0.414578098794425,
        0.414578098794425,
        0.5590169943749475,
        0.46770717334674267,
        0.649519052838329,
        0.4841229182759271,
        0.414578098794425,
        0.414578098794425,
        0.5590169943749475,
        0.5303300858899106,
        0.5303300858899106,
        0.375,
        0.5,
        0.2795084971874737,
        0.414578098794425,
        0.4330127018922193,
        0.5448623679425842,
        0.46770717334674267,
        0.375,
        0.5590169943749475,
        0.625,
        0.46770717334674267,
        0.5,
        0.4841229182759271,
        0.5863019699779287,
        0.4330127018922193,
        0.5863019699779287,
        0.5994789404140899,
        0.6373774391990981,
        0.33071891388307384,
        0.414578098794425,
        0.57282196186948,
        0.5153882032022076,
        0.5994789404140899,
        0.5303300858899106,
        1.0680004681646913
    ],
    [
        1.505199322349037,
        0.4841229182759271,
        0.30618621784789724,
        0.5303300858899106,
        0.8100925873009825,
        0.45069390943299864,
        0.5590169943749475,
        0.46770717334674267,
        0.5303300858899106,
        0.81967981553775,
        0.6846531968814576,
        0.414578098794425,
        0.33071891388307384,
        0.414578098794425,
        0.0,
        0.33071891388307384,
        0.5590169943749475,
        0.4330127018922193,
        0.5,
        0.46770717334674267,
        0.25,
        0.39528470752104744,
        0.5448623679425842,
        0.5,
        0.5303300858899106,
        0.39528470752104744,
        0.46770717334674267,
        0.414578098794425,
        0.414578098794425,
        0.33071891388307384,
        0.5303300858899106,
        0.45069390943299864,
        0.3535533905932738,
        0.5448623679425842,
        0.7180703308172536,
        0.45069390943299864,
        0.5,
        0.3535533905932738,
        0.57282196186948,
        0.414578098794425,
        0.57282196186948,
        0.5448623679425842,
        0.6959705453537527,
        0.46770717334674267,
        0.375,
        0.5590169943749475,
        0.4841229182759271,
        0.5303300858899106,
        0.4841229182759271,
        1.1110243021644486
    ],
    [
        1.505199322349037,
        0.39528470752104744,
        0.2795084971874737,
        0.46770717334674267,
        0.770551750371122,
        0.30618621784789724,
        0.4841229182759271,
        0.375,
        0.5303300858899106,
        0.8385254915624212,
        0.6614378277661477,
        0.414578098794425,
        0.2795084971874737,
        0.414578098794425,
        0.33071891388307384,
        0.0,
        0.5863019699779287,
        0.3535533905932738,
        0.5303300858899106,
        0.3535533905932738,
        0.2795084971874737,
        0.2795084971874737,
        0.46770717334674267,
        0.4330127018922193,
        0.414578098794425,
        0.33071891388307384,
        0.375,
        0.414578098794425,
        0.33071891388307384,
        0.30618621784789724,
        0.4330127018922193,
        0.33071891388307384,
        0.30618621784789724,
        0.46770717334674267,
        0.6846531968814576,
        0.3535533905932738,
        0.375,
        0.39528470752104744,
        0.5,
        0.30618621784789724,
        0.5,
        0.45069390943299864,
        0.6846531968814576,
        0.4330127018922193,
        0.25,
        0.46770717334674267,
        0.375,
        0.5153882032022076,
        0.3535533905932738,
        1.118033988749895
    ],
    [
        1.4361406616345072,
        0.6373774391990981,
        0.625,
        0.57282196186948,
        0.7806247497997998,
        0.6373774391990981,
        0.7806247497997998,
        0.7180703308172536,
        0.4841229182759271,
        0.6846531968814576,
        0.9270248108869579,
        0.6373774391990981,
        0.625,
        0.5590169943749475,
        0.5590169943749475,
        0.5863019699779287,
        0.0,
        0.6959705453537527,
        0.5994789404140899,
        0.7071067811865476,
        0.57282196186948,
        0.673145600891813,
        0.770551750371122,
        0.75,
        0.7288689868556626,
        0.5994789404140899,
        0.7180703308172536,
        0.5,
        0.6614378277661477,
        0.6373774391990981,
        0.7288689868556626,
        0.6846531968814576,
        0.649519052838329,
        0.770551750371122,
        0.6959705453537527,
        0.6614378277661477,
        0.7288689868556626,
        0.6123724356957945,
        0.8003905296791061,
        0.6846531968814576,
        0.8003905296791061,
        0.7288689868556626,
        0.7180703308172536,
        0.5590169943749475,
        0.6614378277661477,
        0.770551750371122,
        0.7180703308172536,
        0.7806247497997998,
        0.7180703308172536,
        1.0752906583803283
    ],
    [
        1.6007810593582121,
        0.414578098794425,
        0.21650635094610965,
        0.46770717334674267,
        0.8477912478906585,
        0.2795084971874737,
        0.375,
        0.21650635094610965,
        0.649519052838329,
        0.9519716382329886,
        0.5153882032022076,
        0.375,
        0.25,
        0.46770717334674267,
        0.4330127018922193,
        0.3535533905932738,
        0.6959705453537527,
        0.0,
        0.625,
        0.21650635094610965,
        0.3535533905932738,
        0.21650635094610965,
        0.3535533905932738,
        0.33071891388307384,
        0.33071891388307384,
        0.3535533905932738,
        0.1767766952966369,
        0.46770717334674267,
        0.25,
        0.1767766952966369,
        0.375,
        0.25,
        0.2795084971874737,
        0.3535533905932738,
        0.739509972887452,
        0.21650635094610965,
        0.2795084971874737,
        0.33071891388307384,
        0.39528470752104744,
        0.1767766952966369,
        0.39528470752104744,
        0.39528470752104744,
        0.739509972887452,
        0.39528470752104744,
        0.2795084971874737,
        0.39528470752104744,
        0.30618621784789724,
        0.45069390943299864,
        0.3535533905932738,
        1.1726039399558574
    ],
    [
        1.479019945774904,
        0.6614378277661477,
        0.5448623679425842,
        0.6959705453537527,
        0.9354143466934853,
        0.6614378277661477,
        0.739509972887452,
        0.673145600891813,
        0.5994789404140899,
        0.81967981553775,
        0.9100137361600648,
        0.5303300858899106,
        0.5448623679425842,
        0.649519052838329,
        0.5,
        0.5303300858899106,
        0.5994789404140899,
        0.625,
        0.0,
        0.6373774391990981,
        0.5448623679425842,
        0.625,
        0.7288689868556626,
        0.6959705453537527,
        0.7180703308172536,
        0.6373774391990981,
        0.649519052838329,
        0.625,
        0.6373774391990981,
        0.5590169943749475,
        0.6959705453537527,
        0.673145600891813,
        0.649519052838329,
        0.7288689868556626,
        0.8838834764831844,
        0.6614378277661477,
        0.673145600891813,
        0.5590169943749475,
        0.75,
        0.6373774391990981,
        0.75,
        0.7180703308172536,
        0.8100925873009825,
        0.7180703308172536,
        0.6373774391990981,
        0.7288689868556626,
        0.6846531968814576,
        0.7071067811865476,
        0.6614378277661477,
        1.165922381636102
    ],
    [
        1.571225636247067,
        0.414578098794425,
        0.30618621784789724,
        0.5,
        0.8569568250501305,
        0.2795084971874737,
        0.39528470752104744,
        0.25,
        0.625,
        0.9354143466934853,
        0.5994789404140899,
        0.414578098794425,
        0.2795084971874737,
        0.4841229182759271,
        0.46770717334674267,
        0.3535533905932738,
        0.7071067811865476,
        0.21650635094610965,
        0.6373774391990981,
        0.0,
        0.375,
        0.30618621784789724,
        0.375,
        0.3535533905932738,
        0.33071891388307384,
        0.375,
        0.21650635094610965,
        0.5153882032022076,
        0.375,
        0.2795084971874737,
        0.39528470752104744,
        0.25,
        0.3535533905932738,
        0.375,
        0.75,
        0.21650635094610965,
        0.3535533905932738,
        0.3535533905932738,
        0.414578098794425,
        0.2795084971874737,
        0.414578098794425,
        0.375,
        0.75,
        0.4841229182759271,
        0.33071891388307384,
        0.414578098794425,
        0.30618621784789724,
        0.46770717334674267,
        0.39528470752104744,
        1.165922381636102
    ],
    [
        1.505199322349037,
        0.39528470752104744,
        0.30618621784789724,
        0.4841229182759271,
        0.770551750371122,
        0.4330127018922193,
        0.5153882032022076,
        0.414578098794425,
        0.5303300858899106,
        0.8569568250501305,
        0.6846531968814576,
        0.4330127018922193,
        0.33071891388307384,
        0.414578098794425,
        0.25,
        0.2795084971874737,
        0.57282196186948,
        0.3535533905932738,
        0.5448623679425842,
        0.375,
        0.0,
        0.33071891388307384,
        0.5,
        0.45069390943299864,
        0.4841229182759271,
        0.2795084971874737,
        0.39528470752104744,
        0.414578098794425,
        0.3535533905932738,
        0.33071891388307384,
        0.46770717334674267,
        0.4330127018922193,
        0.2795084971874737,
        0.5,
        0.6846531968814576,
        0.39528470752104744,
        0.45069390943299864,
        0.3535533905932738,
        0.5303300858899106,
        0.3535533905932738,
        0.5303300858899106,
        0.4841229182759271,
        0.673145600891813,
        0.414578098794425,
        0.30618621784789724,
        0.5,
        0.45069390943299864,
        0.5303300858899106,
        0.45069390943299864,
        1.118033988749895
    ],
    [
        1.6153559979150107,
        0.375,
        0.1767766952966369,
        0.45069390943299864,
        0.8385254915624212,
        0.2795084971874737,
        0.39528470752104744,
        0.25,
        0.625,
        0.9762812094883317,
        0.5153882032022076,
        0.414578098794425,
        0.30618621784789724,
        0.414578098794425,
        0.39528470752104744,
        0.2795084971874737,
        0.673145600891813,
        0.21650635094610965,
        0.625,
        0.30618621784789724,
        0.33071891388307384,
        0.0,
        0.375,
        0.3535533905932738,
        0.3535533905932738,
        0.30618621784789724,
        0.2795084971874737,
        0.45069390943299864,
        0.21650635094610965,
        0.21650635094610965,
        0.414578098794425,
        0.2795084971874737,
        0.1767766952966369,
        0.375,
        0.7071067811865476,
        0.2795084971874737,
        0.30618621784789724,
        0.3535533905932738,
        0.414578098794425,
        0.125,
        0.414578098794425,
        0.4330127018922193,
        0.7288689868556626,
        0.375,
        0.1767766952966369,
        0.414578098794425,
        0.3535533905932738,
        0.46770717334674267,
        0.375,
        1.1792476415070754
    ],
    [
        1.6583123951777,
        0.5303300858899106,
        0.375,
        0.5863019699779287,
        0.9842509842514764,
        0.39528470752104744,
        0.125,
        0.2795084971874737,
        0.7288689868556626,
        1.0606601717798212,
        0.3535533905932738,
        0.3535533905932738,
        0.375,
        0.5590169943749475,
        0.5448623679425842,
        0.46770717334674267,
        0.770551750371122,
        0.3535533905932738,
        0.7288689868556626,
        0.375,
        0.5,
        0.375,
        0.0,
        0.21650635094610965,
        0.21650635094610965,
        0.4841229182759271,
        0.30618621784789724,
        0.5863019699779287,
        0.39528470752104744,
        0.3535533905932738,
        0.30618621784789724,
        0.3535533905932738,
        0.414578098794425,
        0.0,
        0.875,
        0.3535533905932738,
        0.2795084971874737,
        0.45069390943299864,
        0.1767766952966369,
        0.3535533905932738,
        0.1767766952966369,
        0.21650635094610965,
        0.81967981553775,
        0.5303300858899106,
        0.414578098794425,
        0.1767766952966369,
        0.2795084971874737,
        0.2795084971874737,
        0.4330127018922193,
        1.243734296383275
    ],
    [
        1.625,
        0.4841229182759271,
        0.3535533905932738,
        0.5590169943749475,
        0.9100137361600648,
        0.3535533905932738,
        0.25,
        0.25,
        0.6959705453537527,
        0.9842509842514764,
        0.414578098794425,
        0.33071891388307384,
        0.33071891388307384,
        0.5303300858899106,
        0.5,
        0.4330127018922193,
        0.75,
        0.33071891388307384,
        0.6959705453537527,
        0.3535533905932738,
        0.45069390943299864,
        0.3535533905932738,
        0.21650635094610965,
        0.0,
        0.1767766952966369,
        0.4330127018922193,
        0.2795084971874737,
        0.5590169943749475,
        0.375,
        0.33071891388307384,
        0.2795084971874737,
        0.30618621784789724,
        0.39528470752104744,
        0.21650635094610965,
        0.82915619758885,
        0.33071891388307384,
        0.25,
        0.3535533905932738,
        0.2795084971874737,
        0.33071891388307384,
        0.2795084971874737,
        0.2795084971874737,
        0.7905694150420949,
        0.5153882032022076,
        0.39528470752104744,
        0.25,
        0.25,
        0.3535533905932738,
        0.3535533905932738,
        1.2054563451241194
    ],
    [
        1.6153559979150107,
        0.5153882032022076,
        0.3535533905932738,
        0.5590169943749475,
        0.9270248108869579,
        0.375,
        0.25,
        0.25,
        0.7071067811865476,
        1.0231690964840563,
        0.414578098794425,
        0.33071891388307384,
        0.3535533905932738,
        0.5303300858899106,
        0.5303300858899106,
        0.414578098794425,
        0.7288689868556626,
        0.33071891388307384,
        0.7180703308172536,
        0.33071891388307384,
        0.4841229182759271,
        0.3535533905932738,
        0.21650635094610965,
        0.1767766952966369,
        0.0,
        0.46770717334674267,
        0.2795084971874737,
        0.57282196186948,
        0.3535533905932738,
        0.33071891388307384,
        0.2795084971874737,
        0.30618621784789724,
        0.39528470752104744,
        0.21650635094610965,
        0.8385254915624212,
        0.30618621784789724,
        0.25,
        0.414578098794425,
        0.2795084971874737,
        0.33071891388307384,
        0.2795084971874737,
        0.25,
        0.8003905296791061,
        0.5153882032022076,
        0.39528470752104744,
        0.2795084971874737,
        0.25,
        0.3535533905932738,
        0.414578098794425,
        1.2119199643540823
    ],
    [
        1.5612494995995996,
        0.33071891388307384,
        0.3535533905932738,
        0.414578098794425,
        0.7603453162872774,
        0.375,
        0.5,
        0.39528470752104744,
        0.57282196186948,
        0.8569568250501305,
        0.6614378277661477,
        0.5,
        0.39528470752104744,
        0.375,
        0.39528470752104744,
        0.33071891388307384,
        0.5994789404140899,
        0.3535533905932738,
        0.6373774391990981,
        0.375,
        0.2795084971874737,
        0.30618621784789724,
        0.4841229182759271,
        0.4330127018922193,
        0.46770717334674267,
        0.0,
        0.39528470752104744,
        0.375,
        0.3535533905932738,
        0.375,
        0.46770717334674267,
        0.414578098794425,
        0.25,
        0.4841229182759271,
        0.6373774391990981,
        0.375,
        0.4330127018922193,
        0.39528470752104744,
        0.5153882032022076,
        0.33071891388307384,
        0.5153882032022076,
        0.46770717334674267,
        0.7071067811865476,
        0.30618621784789724,
        0.2795084971874737,
        0.4841229182759271,
        0.4330127018922193,
        0.5590169943749475,
        0.45069390943299864,
        1.125
    ],
    [
        1.6105123408406408,
        0.414578098794425,
        0.2795084971874737,
        0.5,
        0.875,
        0.30618621784789724,
        0.33071891388307384,
        0.125,
        0.6614378277661477,
        0.960143218483576,
        0.46770717334674267,
        0.33071891388307384,
        0.2795084971874737,
        0.5,
        0.46770717334674267,
        0.375,
        0.7180703308172536,
        0.1767766952966369,
        0.649519052838329,
        0.21650635094610965,
        0.39528470752104744,
        0.2795084971874737,
        0.30618621784789724,
        0.2795084971874737,
        0.2795084971874737,
        0.39528470752104744,
        0.0,
        0.5,
        0.30618621784789724,
        0.25,
        0.33071891388307384,
        0.25,
        0.33071891388307384,
        0.30618621784789724,
        0.7806247497997998,
        0.25,
        0.21650635094610965,
        0.33071891388307384,
        0.3535533905932738,
        0.25,
        0.3535533905932738,
        0.3535533905932738,
        0.770551750371122,
        0.4330127018922193,
        0.33071891388307384,
        0.3535533905932738,
        0.25,
        0.414578098794425,
        0.3535533905932738,
        1.192424001771182
    ],
    [
        1.4737282653189494,
        0.4330127018922193,
        0.4330127018922193,
        0.3535533905932738,
        0.7180703308172536,
        0.5,
        0.5994789404140899,
        0.5153882032022076,
        0.4841229182759271,
        0.770551750371122,
        0.770551750371122,
        0.5590169943749475,
        0.46770717334674267,
        0.2795084971874737,
        0.414578098794425,
        0.414578098794425,
        0.5,
        0.46770717334674267,
        0.625,
        0.5153882032022076,
        0.414578098794425,
        0.45069390943299864,
        0.5863019699779287,
        0.5590169943749475,
        0.57282196186948,
        0.375,
        0.5,
        0.0,
        0.5,
        0.45069390943299864,
        0.5863019699779287,
        0.5,
        0.414578098794425,
        0.5863019699779287,
        0.6123724356957945,
        0.5303300858899106,
        0.5448623679425842,
        0.4841229182759271,
        0.625,
        0.46770717334674267,
        0.625,
        0.6123724356957945,
        0.6373774391990981,
        0.375,
        0.45069390943299864,
        0.5863019699779287,
        0.5448623679425842,
        0.649519052838329,
        0.5303300858899106,
        1.0752906583803283
    ],
    [
        1.571225636247067,
        0.4330127018922193,
        0.21650635094610965,
        0.46770717334674267,
        0.82915619758885,
        0.30618621784789724,
        0.414578098794425,
        0.2795084971874737,
        0.6123724356957945,
        0.9437293044088437,
        0.5448623679425842,
        0.39528470752104744,
        0.33071891388307384,
        0.414578098794425,
        0.414578098794425,
        0.33071891388307384,
        0.6614378277661477,
        0.25,
        0.6373774391990981,
        0.375,
        0.3535533905932738,
        0.21650635094610965,
        0.39528470752104744,
        0.375,
        0.3535533905932738,
        0.3535533905932738,
        0.30618621784789724,
        0.5,
        0.0,
        0.25,
        0.39528470752104744,
        0.30618621784789724,
        0.30618621784789724,
        0.39528470752104744,
        0.739509972887452,
        0.25,
        0.33071891388307384,
        0.33071891388307384,
        0.4330127018922193,
        0.21650635094610965,
        0.4330127018922193,
        0.4330127018922193,
        0.7180703308172536,
        0.39528470752104744,
        0.2795084971874737,
        0.4330127018922193,
        0.375,
        0.4841229182759271,
        0.39528470752104744,
        1.1858541225631423
    ],
    [
        1.5761900266148114,
        0.4330127018922193,
        0.125,
        0.5,
        0.8569568250501305,
        0.30618621784789724,
        0.375,
        0.21650635094610965,
        0.5994789404140899,
        0.9682458365518543,
        0.5,
        0.30618621784789724,
        0.21650635094610965,
        0.4330127018922193,
        0.33071891388307384,
        0.30618621784789724,
        0.6373774391990981,
        0.1767766952966369,
        0.5590169943749475,
        0.2795084971874737,
        0.33071891388307384,
        0.21650635094610965,
        0.3535533905932738,
        0.33071891388307384,
        0.33071891388307384,
        0.375,
        0.25,
        0.45069390943299864,
        0.25,
        0.0,
        0.39528470752104744,
        0.25,
        0.2795084971874737,
        0.3535533905932738,
        0.739509972887452,
        0.25,
        0.2795084971874737,
        0.2795084971874737,
        0.39528470752104744,
        0.1767766952966369,
        0.39528470752104744,
        0.414578098794425,
        0.739509972887452,
        0.4330127018922193,
        0.2795084971874737,
        0.39528470752104744,
        0.33071891388307384,
        0.414578098794425,
        0.3535533905932738,
        1.1726039399558574
    ],
    [
        1.5811388300841898,
        0.46770717334674267,
        0.414578098794425,
        0.57282196186948,
        0.8926785535678563,
        0.3535533905932738,
        0.33071891388307384,
        0.33071891388307384,
        0.673145600891813,
        0.9270248108869579,
        0.5448623679425842,
        0.3535533905932738,
        0.33071891388307384,
        0.5448623679425842,
        0.5303300858899106,
        0.4330127018922193,
        0.7288689868556626,
        0.375,
        0.6959705453537527,
        0.39528470752104744,
        0.46770717334674267,
        0.414578098794425,
        0.30618621784789724,
        0.2795084971874737,
        0.2795084971874737,
        0.46770717334674267,
        0.33071891388307384,
        0.5863019699779287,
        0.39528470752104744,
