[
    [
        0.0,
        2.2806475961993526,
        0.8580724126238545,
        2.092945512517549,
        1.6951122712802529,
        1.7450330386908006,
        1.3655753067360827,
        2.055442556800941,
        1.9901703598497518,
        2.065094997073688,
        1.7350858650751766,
        2.2870392365212617,
        2.413358338371605,
        1.7899556772531022,
        2.399843213416158,
        2.0599280500611115,
        2.1507295866989047,
        1.9737596208293264,
        1.808515148074886,
        1.8724472418387088,
        1.533890574579745,
        1.6459598031147014,
        1.6769030885098783,
        1.845516492055538,
        1.5690706516121466,
        1.3232179005155946,
        1.618806879861126,
        1.9954508211408861,
        1.388518884955315,
        1.3037480854424233,
        1.438248474175929,
        1.1751845274123496,
        1.6587716919688187,
        1.4608821264227947,
        1.5108029355955332,
        1.6652817375165447,
        1.3679084287289685,
        1.9036920358469058,
        2.0871478683815856,
        2.111107381545816,
        1.7090487136617656,
        1.5948937972447557,
        1.4831106994890082,
        1.839064172202389,
        1.7741266894458474,
        1.8033946165099703,
        1.620629916585095,
        1.6515685185388378,
        1.7454386618982003,
        1.0612612827216876
    ],
    [
        2.2806475961993526,
        0.0,
        1.9965247584518233,
        1.7460272366464136,
        1.7770723426780102,
        1.6111159003760234,
        1.9671786056854794,
        1.8166857797159701,
        1.62553410026093,
        1.66065582761082,
        2.028268896510837,
        1.9166666666666667,
        1.854517757022324,
        1.6502104242927458,
        2.101999709271573,
        1.6878332794261175,
        1.6692688020008442,
        1.8503002759312097,
        1.9389966606177074,
        1.8166857797159701,
        1.7365554986812255,
        1.7129003992578722,
        1.7310481731534157,
        1.6666666666666667,
        1.7275343701356567,
        1.8645449251165225,
        1.7270318146718922,
        1.9427572044791277,
        1.7164239310587321,
        1.5871664128950758,
        1.9180248810806508,
        1.726529112925055,
        1.8521758975744058,
        1.7829244079445556,
        1.7667845872595158,
        1.8705688380216798,
        1.6541194367732672,
        1.6588357697828653,
        1.9369398831949098,
        1.9315544977498764,
        1.8266925180652478,
        1.7370552988063193,
        1.7174553204604124,
        1.8498310733685928,
        1.8101948943568356,
        1.900749121326174,
        1.8260461233069782,
        1.9685019685029528,
        1.7897276329095442,
        1.8754629058211498
    ],
    [
        0.8580724126238545,
        1.9965247584518233,
        0.0,
        1.6345871038277526,
        1.357847561400027,
        1.5252049042669644,
        0.9762812094883317,
        1.6094339929856638,
        1.8114220932736798,
        1.7246376431007182,
        1.745895331972705,
        1.7365554986812255,
        1.620185174601965,
        1.3740906083661295,
        1.9724667297574374,
        1.50826802955562,
        1.8915932438026946,
        1.709349291397168,
        1.5962927395074131,
        1.4737282653189494,
        1.4092945437739803,
        1.4306903927824497,
        1.375631168268265,
        1.3806701271484076,
        1.2083333333333333,
        1.5225389978585113,
        1.2374368670764582,
        1.5461646096066226,
        1.0784827305061495,
        1.4148272371958037,
        1.1726039399558574,
        1.0606601717798212,
        1.6223268611609822,
        1.3430634551071832,
        1.3169567191065923,
        1.6305673859120327,
        1.3806701271484076,
        1.776583800443987,
        1.79843682124227,
        1.8507693595427341,
        1.337233877990101,
        1.5562374497485916,
        1.231107225224513,
        1.7370552988063193,
        1.3984366270946995,
        1.3287682265918312,
        1.413329402510257,
        1.5612494995995996,
        1.5562374497485916,
        1.0680004681646913
    ],
    [
        2.092945512517549,
        1.7460272366464136,
        1.6345871038277526,
        0.0,
        1.4577379737113252,
        1.5333786225195654,
        1.590990257669732,
        1.2040152730666573,
        1.489546910976623,
        1.2754901018824099,
        1.9936122481361231,
        1.192424001771182,
        1.192424001771182,
        1.2376893794486563,
        1.6153559979150107,
        1.2276055173069438,
        1.352081728298996,
        1.620185174601965,
        1.901345522496731,
        1.6056540723331412,
        1.551768704128006,
        1.352081728298996,
        1.2025724741384842,
        1.2562344526401112,
        1.4654587829224146,
        1.8748333259252674,
        1.346291201783626,
        1.653594569415369,
        1.5423196815187181,
        1.5816877413418589,
        1.7001838135919305,
        1.5612494995995996,
        1.905766104338212,
        1.596437005055668,
        1.3228756555322954,
        1.7790446874657195,
        1.4252192813739224,
        1.5761900266148114,
        1.5,
        1.6276687487187176,
        1.5734339657082672,
        1.5461646096066226,
        1.5360257159305635,
        1.6914819275153699,
        1.3838352503098048,
        1.5155444566227676,
        1.8445866745696715,
        2.0615528128088303,
        1.4947825928876748,
        1.4630874888399532
    ],
    [
        1.6951122712802529,
        1.7770723426780102,
        1.357847561400027,
        1.4577379737113252,
        0.0,
        1.2983162172598786,
        1.159202311936963,
        1.8104634152000358,
        1.571225636247067,
        1.4435200033252051,
        1.4581754044709716,
        1.7455300054711176,
        1.648863244784115,
        1.3683932183404008,
        1.6909686573085854,
        1.5441008545362547,
        1.7320508075688772,
        1.375,
        1.3923991921155663,
        1.4197270864500684,
        1.2381381631753021,
        1.1388041973930374,
        1.2325166214790868,
        1.2747548783981961,
        1.2589954108115107,
        1.4326548781894404,
        1.165922381636102,
        1.346291201783626,
        1.182951816432098,
        1.3925645805890337,
        1.2747548783981961,
        1.25,
        1.4000248013676202,
        1.2651855375574148,
        1.3863170633011772,
        1.3984366270946995,
        1.352081728298996,
        1.3863170633011772,
        1.6345871038277526,
        1.4749058350356548,
        1.1486707293408518,
        1.403121520040228,
        1.1726039399558574,
        1.3352850299135055,
        1.1602801385872292,
        1.2930100540985752,
        1.3722700171613458,
        1.4197270864500684,
        1.346291201783626,
        1.4086784586980805
    ],
    [
        1.7450330386908006,
        1.6111159003760234,
        1.5252049042669644,
        1.5333786225195654,
        1.2983162172598786,
        0.0,
        1.3865424623862046,
        1.8145438667732574,
        1.447411482613013,
        1.4553779577827886,
        1.5172015390857212,
        1.7762319668331612,
        1.6077935190813526,
        1.4828182626336917,
        1.6893045906526152,
        1.646358845750097,
        1.7173744495595595,
        1.5301143748099355,
        1.5016742357129529,
        1.4515078366994785,
        1.3388687181514267,
        1.176860229593982,
        1.1811305789134596,
        1.335102992281869,
        1.4134276698076127,
        1.4175242502334837,
        1.3982131454109563,
        1.5054069217324597,
        1.43853223808158,
        1.362697488235905,
        1.4417870855296213,
        1.41222342424986,
        1.449952106488732,
        1.4117316002382008,
        1.4188463623662713,
        1.4826075003182737,
        1.2925265954710565,
        1.3763629608500805,
        1.6792855623746665,
        1.4102550990669895,
        1.386417245196329,
        1.282331860323216,
        1.3088640112708425,
        1.3795631353600475,
        1.3820274961085255,
        1.4309088021254184,
        1.4075688260259247,
        1.4298164217828806,
        1.35,
        1.4210471491122314
    ],
    [
        1.3655753067360827,
        1.9671786056854794,
        0.9762812094883317,
        1.590990257669732,
        1.159202311936963,
        1.3865424623862046,
        0.0,
        1.7519830034690533,
        1.875,
        1.5759917512474486,
        1.3912536557701753,
        1.8957188610128877,
        1.9324531042175384,
        1.5037453241822567,
        1.824314939915803,
        1.7898167161894036,
        1.8791620472966135,
        1.4142135623730951,
        1.3987968591118671,
        1.2747548783981961,
        1.4221706804896677,
        1.2183492931011204,
        1.2956926504555177,
        1.3863170633011772,
        1.0433320021290762,
        1.457523584714841,
        1.2374368670764582,
        1.4142135623730951,
        1.2379418403139948,
        1.4385563751360058,
        1.0897247358851685,
        1.0307764064044151,
        1.3743685418725535,
        1.1599509089229212,
        1.489546910976623,
        1.2801367114492108,
        1.4469796128487782,
        1.6007810593582121,
        1.8498310733685928,
        1.66978874245949,
        1.1441275181454984,
        1.5360257159305635,
        1.2054563451241194,
        1.697629065621947,
        1.1984364814206885,
        1.1989578808281798,
        1.3112494041943354,
        1.3693063937629153,
        1.4086784586980805,
        1.3693063937629153
    ],
    [
        2.055442556800941,
        1.8166857797159701,
        1.6094339929856638,
        1.2040152730666573,
        1.8104634152000358,
        1.8145438667732574,
        1.7519830034690533,
        0.0,
        1.6806703358415587,
        1.54024709417389,
        2.19086435484153,
        1.0752906583803283,
        1.1094605796411956,
        1.2467736139510028,
        1.964971020425266,
        1.1289298958529563,
        1.227576655221353,
        1.9755449318549496,
        2.1476467636264567,
        1.7712009422360235,
        1.7129003992578722,
        1.6822191031821958,
        1.379412113103904,
        1.4529663145135578,
        1.6175040786484727,
        1.9825453616780404,
        1.4901295618539723,
        2.0017353582440522,
        1.4524643808981266,
        1.7219981933143187,
        1.855921454276674,
        1.7726706155152205,
        2.368411915187052,
        1.7721808598447282,
        1.1599509089229212,
        2.1347976745141706,
        1.5399765510480274,
        1.8823928330127528,
        1.7073167707123231,
        2.0151337148906245,
        1.855921454276674,
        1.74453511795486,
        1.6822191031821958,
        1.9834383725686506,
        1.7926547662924703,
        1.636709945116863,
        2.1203052715221085,
        2.3577590584658514,
        1.7415470453338637,
        1.3450010326307478
    ],
    [
        1.9901703598497518,
        1.62553410026093,
        1.8114220932736798,
        1.489546910976623,
        1.571225636247067,
        1.447411482613013,
        1.875,
        1.6806703358415587,
        0.0,
        1.435705401536123,
        1.8228285935964064,
        1.5562374497485916,
        1.5612494995995996,
        1.475,
        1.7544586059522749,
        1.5727470118443416,
        1.6056540723331412,
        1.6677080080157918,
        1.870317281825166,
        1.713913650100261,
        1.4312970031098058,
        1.352081728298996,
        1.3900689431343565,
        1.505199322349037,
        1.660404903764273,
        1.5305227865013968,
        1.5512092057488571,
        1.80710403685012,
        1.6443083652405348,
        1.4080621040596502,
        1.8833148966649205,
        1.6817030058842137,
        1.6883999657795674,
        1.8003664750390251,
        1.5562374497485916,
        1.7808003818508127,
        1.299038105676658,
        1.3287682265918312,
        1.4306903927824497,
        1.5904445569993595,
        1.6126668733636358,
        1.4086784586980805,
        1.479019945774904,
        1.4743171677461777,
        1.6199922839322416,
        1.7544586059522749,
        1.680587694825831,
        1.8540496217739157,
        1.541103500742244,
        1.4361406616345072
    ],
    [
        2.065094997073688,
        1.66065582761082,
        1.7246376431007182,
        1.2754901018824099,
        1.4435200033252051,
        1.4553779577827886,
        1.5759917512474486,
        1.54024709417389,
        1.435705401536123,
        0.0,
        1.7362286128037308,
        1.5364325562809455,
        1.4752118491931931,
        1.312202347201071,
        1.7128193132960639,
        1.4457317545528454,
        1.492271758092339,
        1.5378556499229699,
        1.776264280989281,
        1.5630499032340588,
        1.4519144449848123,
        1.390593398517338,
        1.3726242101253432,
        1.384963898446454,
        1.4936439409116962,
        1.6677080080157918,
        1.3390761740842079,
        1.6486737093797548,
        1.5556349186104046,
        1.381449520531886,
        1.6439282222773597,
        1.5700318468107581,
        1.841100968925327,
        1.452034013987888,
        1.4435200033252051,
        1.7003676073131953,
        1.2597122687344122,
        1.4228053275132195,
        1.500624869845892,
        1.6352454793631988,
        1.5596028696790447,
        1.45,
        1.4348344852281743,
        1.5527082075450551,
        1.3921655792325853,
        1.5907938269933033,
        1.7095320997278756,
        1.9258115172570758,
        1.407346794503757,
        1.4391837964624254
    ],
    [
        1.7350858650751766,
        2.028268896510837,
        1.745895331972705,
        1.9936122481361231,
        1.4581754044709716,
        1.5172015390857212,
        1.3912536557701753,
        2.19086435484153,
        1.8228285935964064,
        1.7362286128037308,
        0.0,
        2.2278530206529905,
        2.1674187600998227,
        1.8648124597943037,
        1.9406039981281655,
        2.1168059303910636,
        2.1823006723386666,
        1.4091311188828672,
        1.4067530279450806,
        1.6011794122471354,
        1.4805403461416673,
        1.5458552219877963,
        1.5476190476190477,
        1.5709211843205053,
        1.5646725259231353,
        1.2681639467822634,
        1.5709211843205053,
        1.5773023340695418,
        1.6762864386762175,
        1.4752541193141226,
        1.4154531617334516,
        1.4574098144814789,
        1.275643983914064,
        1.3880538873200523,
        1.9293153327181185,
        1.2712580142423922,
        1.4451052147275136,
        1.5941938657618318,
        1.8313803760094878,
        1.5425627107360296,
        1.3806059705089604,
        1.638094805509356,
        1.3459358704436621,
        1.4509287236104096,
        1.465596103561793,
        1.7285492914757232,
        1.474459430518486,
        1.4311360907349384,
        1.555930065056569,
        1.579423654892079
    ],
    [
        2.2870392365212617,
        1.9166666666666667,
        1.7365554986812255,
        1.192424001771182,
        1.7455300054711176,
        1.7762319668331612,
        1.8957188610128877,
        1.0752906583803283,
        1.5562374497485916,
        1.5364325562809455,
        2.2278530206529905,
        0.0,
        1.1110243021644486,
        1.282331860323216,
        1.8200274723201295,
        1.2183492931011204,
        1.340475661845451,
        1.956559480312316,
        2.276418037538943,
        1.8371173070873836,
        1.6013232375479696,
        1.6441183047457382,
        1.3103487661263655,
        1.4684175155588413,
        1.702224851317958,
        2.0832666655999663,
        1.5258194519667128,
        2.0155644370746373,
        1.681888819155416,
        1.748511271529774,
        1.928406077567689,
        1.8833148966649205,
        2.3333333333333335,
        1.946328452354444,
        1.3110110602126894,
        2.1576897367323227,
        1.5360257159305635,
        1.709349291397168,
        1.5309310892394863,
        1.8911342863183696,
        1.893427961250294,
        1.6630168369562588,
        1.7809758560968758,
        1.91258623625475,
        1.7408690358553685,
        1.7721808598447282,
        2.1032712616303204,
        2.4302777619029476,
        1.648863244784115,
        1.4306903927824497
    ],
    [
        2.413358338371605,
        1.854517757022324,
        1.620185174601965,
        1.192424001771182,
        1.648863244784115,
        1.6077935190813526,
        1.9324531042175384,
        1.1094605796411956,
        1.5612494995995996,
        1.4752118491931931,
        2.1674187600998227,
        1.1110243021644486,
        0.0,
        1.200520720354297,
        1.7677669529663689,
        1.17491315354257,
        1.4523687548277813,
        1.9882467150733583,
        2.286690639687112,
        1.776583800443987,
        1.6351180725290486,
        1.5512092057488571,
        1.2268693220279547,
        1.4086784586980805,
        1.7829244079445556,
        2.1007439158545718,
        1.4252192813739224,
        1.984313483298443,
        1.7322312201320007,
        1.8247907033715158,
        1.8791620472966135,
        1.8708286933869707,
        2.4762763263506042,
        1.9382838916021679,
        1.1319231422671772,
        2.2602544104591415,
        1.4361406616345072,
        1.7940875118009154,
        1.653594569415369,
        1.8128591598172576,
        1.7916666666666667,
        1.6393596310755,
        1.8285923547909742,
        1.964971020425266,
        1.7498214194597117,
        1.6153559979150107,
        2.2200788274293326,
        2.496873044429772,
        1.7230060940112777,
        1.4086784586980805
    ],
    [
        1.7899556772531022,
        1.6502104242927458,
        1.3740906083661295,
        1.2376893794486563,
        1.3683932183404008,
        1.4828182626336917,
        1.5037453241822567,
        1.2467736139510028,
        1.475,
        1.312202347201071,
        1.8648124597943037,
        1.282331860323216,
        1.200520720354297,
        0.0,
        1.6251922963145007,
        1.2499183646812086,
        1.2835497652993435,
        1.486186394770185,
        1.7897347597351072,
        1.554630181104175,
        1.4805216798292569,
        1.3057564857200596,
        1.1789237087747073,
        1.216038650701531,
        1.2931174648027062,
        1.6874537030686205,
        1.2786711852544421,
        1.545558151607373,
        1.3320566804757221,
        1.4435440569807505,
        1.5775772564283501,
        1.4558073361540667,
        1.7712597525803806,
        1.4836142056178592,
        1.2300914600142545,
        1.6966879500957153,
        1.2599603168354154,
        1.5116216457830975,
        1.5233597736582125,
        1.6486315874418733,
        1.4900596557781765,
        1.475,
        1.3642763649642253,
        1.537471770291879,
        1.3883443376914821,
        1.3845125496000388,
        1.644498403769368,
        1.8342232688525135,
        1.3462912017836262,
        1.3686215693170993
    ],
    [
        2.399843213416158,
        2.101999709271573,
        1.9724667297574374,
        1.6153559979150107,
        1.6909686573085854,
        1.6893045906526152,
        1.824314939915803,
        1.964971020425266,
        1.7544586059522749,
        1.7128193132960639,
        1.9406039981281655,
        1.8200274723201295,
        1.7677669529663689,
        1.6251922963145007,
        0.0,
        1.8505204728422118,
        1.8582585934148133,
        1.6153559979150107,
        1.9642857142857144,
        1.7633419974582356,
        1.8823928330127528,
        1.5360257159305635,
        1.5651366642494124,
        1.6007810593582121,
        1.8247907033715158,
        1.935523185084591,
        1.713913650100261,
        1.75,
        1.8962133318801446,
        1.9355949415561557,
        1.920286436967152,
        1.9525624189766635,
        1.8883781989374433,
        1.8276426832884425,
        1.7940875118009154,
        1.999531195055481,
        1.7853571071357126,
        1.758905909933786,
        1.709349291397168,
        1.6899416492227706,
        1.7235098233288695,
        1.695582495781317,
        1.8371173070873836,
        1.8233630405867554,
        1.5449514555480375,
        1.6723860200324565,
        2.0102860492974624,
        1.9121323175972944,
        1.6056540723331412,
        1.875
    ],
    [
        2.0599280500611115,
        1.6878332794261175,
        1.50826802955562,
        1.2276055173069438,
        1.5441008545362547,
        1.646358845750097,
        1.7898167161894036,
        1.1289298958529563,
        1.5727470118443416,
        1.4457317545528454,
        2.1168059303910636,
        1.2183492931011204,
        1.17491315354257,
        1.2499183646812086,
        1.8505204728422118,
        0.0,
        1.2212249203657977,
        1.8532755062431534,
        1.9982454038174466,
        1.74187252632309,
        1.5578530672493867,
        1.5215291717243422,
        1.3717752331374966,
        1.3872368292429966,
        1.4604818963665769,
        1.911188192230804,
        1.3784742748889485,
        1.9227756828425442,
        1.496739653993551,
        1.645163150384551,
        1.9406039981281653,
        1.6161454205634354,
        2.13027889064494,
        1.7230266572743453,
        1.205588602115589,
        1.9390620760289954,
        1.4214106244380285,
        1.597391048949914,
        1.4486314794540762,
        1.8726364543737348,
        1.7478221790601332,
        1.5324924676047533,
        1.6257847398743055,
        1.8128102987180765,
        1.6753616728019887,
        1.6732438250174968,
        1.8727980267449003,
        2.27963756965435,
        1.6778113780780495,
        1.3246822876695024
    ],
    [
        2.1507295866989047,
        1.6692688020008442,
        1.8915932438026946,
        1.352081728298996,
        1.7320508075688772,
        1.7173744495595595,
        1.8791620472966135,
        1.227576655221353,
        1.6056540723331412,
        1.492271758092339,
        2.1823006723386666,
        1.340475661845451,
        1.4523687548277813,
        1.2835497652993435,
        1.8582585934148133,
        1.2212249203657977,
        0.0,
        1.8157298807917437,
        2.1570955529345,
        1.709349291397168,
        1.6651034335573405,
        1.595893166850463,
        1.542229626943479,
        1.4142135623730951,
        1.6191132689771206,
        1.9173549488814015,
        1.5562374497485916,
        1.8624580532189174,
        1.4675660121439171,
        1.611589967151143,
        1.9803724397193574,
        1.7230060940112777,
        2.0581815058714112,
        1.7638342073763937,
        1.4361406616345072,
        1.9619824158233428,
        1.5258194519667128,
        1.713913650100261,
        1.6393596310755,
        1.9148542155126764,
        1.840421902113148,
        1.824314939915803,
        1.5662455107677085,
        1.8003664750390251,
        1.7246376431007182,
        1.8200274723201295,
        1.8614510468986285,
        2.1866069605669876,
        1.713913650100261,
        1.695582495781317
    ],
    [
        1.9737596208293264,
        1.8503002759312097,
        1.709349291397168,
        1.620185174601965,
        1.375,
        1.5301143748099355,
        1.4142135623730951,
        1.9755449318549496,
        1.6677080080157918,
        1.5378556499229699,
        1.4091311188828672,
        1.956559480312316,
        1.9882467150733583,
        1.486186394770185,
        1.6153559979150107,
        1.8532755062431534,
        1.8157298807917437,
        0.0,
        1.7005588817221478,
        1.5662455107677085,
        1.586619397054981,
        1.479019945774904,
        1.442172358323065,
        1.3975424859373686,
        1.3533651474093096,
        1.4703315952532614,
        1.4197270864500684,
        1.4306903927824497,
        1.647725705328408,
        1.505775916632721,
        1.5360257159305635,
        1.4737282653189494,
        1.4707802162268993,
        1.2527746981977423,
        1.7809758560968758,
        1.4690558192253962,
        1.5309310892394863,
        1.6441183047457382,
        1.6630168369562588,
        1.5816877413418589,
        1.2589954108115107,
        1.571225636247067,
        1.5309310892394863,
        1.5388487760516156,
        1.2879246872391257,
        1.5562374497485916,
        1.676305461424021,
        1.620185174601965,
        1.4415703243338496,
        1.7001838135919305
    ],
    [
        1.808515148074886,
        1.9389966606177074,
        1.5962927395074131,
        1.901345522496731,
        1.3923991921155663,
        1.5016742357129529,
        1.3987968591118671,
        2.1476467636264567,
        1.870317281825166,
        1.776264280989281,
        1.4067530279450806,
        2.276418037538943,
        2.286690639687112,
        1.7897347597351072,
        1.9642857142857144,
        1.9982454038174466,
        2.1570955529345,
        1.7005588817221478,
        0.0,
        1.5108029355955335,
        1.4449335797491252,
        1.5152288168283161,
        1.6263839388512442,
        1.6485731307245484,
        1.534987369488686,
        1.393594127368774,
        1.65802393449158,
        1.542241113789029,
        1.4932970985339107,
        1.4910565772475866,
        1.288315820387697,
        1.3574952549997878,
        1.292544139081495,
        1.4797863270405445,
        1.7302087876841892,
        1.3740349117746282,
        1.5843623580584882,
        1.5843623580584882,
        1.9497841324785947,
        1.7423402987227519,
        1.4942966022851376,
        1.5744694603683658,
        1.3803236458696702,
        1.5638004792093876,
        1.4991153854108463,
        1.6546548440871964,
        1.349102120157049,
        1.3640566374619794,
        1.6150598649421448,
        1.5189071998093409
    ],
    [
        1.8724472418387088,
        1.8166857797159701,
        1.4737282653189494,
        1.6056540723331412,
        1.4197270864500684,
        1.4515078366994785,
        1.2747548783981961,
        1.7712009422360235,
        1.713913650100261,
        1.5630499032340588,
        1.6011794122471354,
        1.8371173070873836,
        1.776583800443987,
        1.554630181104175,
        1.7633419974582356,
        1.74187252632309,
        1.709349291397168,
        1.5662455107677085,
        1.5108029355955335,
        0.0,
        1.4099103596407192,
        1.4086784586980805,
        1.3642254619787417,
        1.4252192813739224,
        1.2923385349392351,
        1.5927570436196476,
        1.5,
        1.357847561400027,
        1.402453207775575,
        1.516117116555021,
        1.2930100540985752,
        1.4415703243338496,
        1.4221706804896677,
        1.4166666666666667,
        1.4947825928876748,
        1.4269723192830335,
        1.5512092057488571,
        1.489546910976623,
        1.75,
        1.6303331288761542,
        1.2896489617118467,
        1.5206906325745548,
        1.3228756555322954,
        1.5269568501507245,
        1.3179055353097202,
        1.334634781503914,
        1.4515078366994785,
        1.5360257159305635,
        1.4630874888399532,
        1.5155444566227676
    ],
    [
        1.533890574579745,
        1.7365554986812255,
        1.4092945437739803,
        1.551768704128006,
        1.2381381631753021,
        1.3388687181514267,
        1.4221706804896677,
        1.7129003992578722,
        1.4312970031098058,
        1.4519144449848123,
        1.4805403461416673,
        1.6013232375479696,
        1.6351180725290486,
        1.4805216798292569,
        1.8823928330127528,
        1.5578530672493867,
        1.6651034335573405,
        1.586619397054981,
        1.4449335797491252,
        1.4099103596407192,
        0.0,
        1.3333333333333333,
        1.3313787757225382,
        1.4129854131510975,
        1.3919410907075054,
        1.161207465433192,
        1.1718634258687695,
        1.5132516497779063,
        1.2555156090007182,
        1.2068956964966866,
        1.3339842161318434,
        1.130388330520878,
        1.3724724243333837,
        1.3103487661263655,
        1.3274610268394993,
        1.4193846475771736,
        1.1851218877773242,
        1.3235316811890492,
        1.62553410026093,
        1.5023130314433288,
        1.3838101587846345,
        1.2444320435890066,
        1.1372786719963484,
        1.3527235900623271,
        1.3733828874554814,
        1.4373490258883617,
        1.1456742313783812,
        1.403121520040228,
        1.2679270045585782,
        1.1733439866940603
    ],
    [
        1.6459598031147014,
        1.7129003992578722,
        1.4306903927824497,
        1.352081728298996,
        1.1388041973930374,
        1.176860229593982,
        1.2183492931011204,
        1.6822191031821958,
        1.352081728298996,
        1.390593398517338,
        1.5458552219877963,
        1.6441183047457382,
        1.5512092057488571,
        1.3057564857200596,
        1.5360257159305635,
        1.5215291717243422,
        1.595893166850463,
        1.479019945774904,
        1.5152288168283161,
        1.4086784586980805,
        1.3333333333333333,
        0.0,
        1.1909671606630376,
        1.2747548783981961,
        1.3559283412727483,
        1.3736356867816153,
        1.2054563451241194,
        1.4577379737113252,
        1.2272937708633576,
        1.3623152270226513,
        1.4523687548277813,
        1.3169567191065923,
        1.472549753922691,
        1.3737367934862112,
        1.3228756555322954,
        1.483028994996389,
        1.2624381172952597,
        1.3228756555322954,
        1.5,
        1.3623152270226513,
        1.2126360175712707,
        1.3228756555322954,
        1.2119199643540823,
        1.3680379299485002,
        1.2484990989183773,
        1.403121520040228,
        1.3786315678962238,
        1.4577379737113252,
        1.299038105676658,
        1.3287682265918312
    ],
    [
        1.6769030885098783,
        1.7310481731534157,
        1.375631168268265,
        1.2025724741384842,
        1.2325166214790868,
        1.1811305789134596,
        1.2956926504555177,
        1.379412113103904,
        1.3900689431343565,
        1.3726242101253432,
        1.5476190476190477,
        1.3103487661263655,
        1.2268693220279547,
        1.1789237087747073,
        1.5651366642494124,
        1.3717752331374966,
        1.542229626943479,
        1.442172358323065,
        1.6263839388512442,
        1.3642254619787417,
        1.3313787757225382,
        1.1909671606630376,
        0.0,
        1.2360330811826103,
        1.247219128924647,
        1.3243447016879288,
        1.2548516955312996,
        1.4166666666666667,
        1.3248165491451596,
        1.3507970897872774,
        1.4111411851563416,
        1.3215626272628087,
        1.4475793971700175,
        1.3469358229370512,
        1.2733922324946771,
        1.525091071961861,
        1.2374368670764582,
        1.3527235900623273,
        1.4695993407123664,
        1.4737282653189494,
        1.334634781503914,
        1.2506942516503028,
        1.2486103386476415,
        1.3831827227248192,
        1.2606766260844036,
        1.2774758097296577,
        1.3613208455189556,
        1.536590742882148,
        1.2147816447594375,
        1.206176235510844
    ],
    [
        1.845516492055538,
        1.6666666666666667,
        1.3806701271484076,
        1.2562344526401112,
        1.2747548783981961,
        1.335102992281869,
        1.3863170633011772,
        1.4529663145135578,
        1.505199322349037,
        1.384963898446454,
        1.5709211843205053,
        1.4684175155588413,
        1.4086784586980805,
        1.216038650701531,
        1.6007810593582121,
        1.3872368292429966,
        1.4142135623730951,
        1.3975424859373686,
        1.6485731307245484,
        1.4252192813739224,
        1.4129854131510975,
        1.2747548783981961,
        1.2360330811826103,
        0.0,
        1.3469358229370512,
        1.5449514555480375,
        1.2562344526401112,
        1.4577379737113252,
        1.3672508913875316,
        1.4589284500009665,
        1.4523687548277813,
        1.403121520040228,
        1.5750881809529833,
        1.4129854131510975,
        1.2747548783981961,
        1.5143067720907808,
        1.243734296383275,
        1.5,
        1.4577379737113252,
        1.5011569612209852,
        1.3057033013326997,
        1.4086784586980805,
        1.340475661845451,
        1.550089603144856,
        1.2038999127834507,
        1.334634781503914,
        1.5384651442265436,
        1.713913650100261,
        1.346291201783626,
        1.375
    ],
    [
        1.5690706516121466,
        1.7275343701356567,
        1.2083333333333333,
        1.4654587829224146,
        1.2589954108115107,
        1.4134276698076127,
        1.0433320021290762,
        1.6175040786484727,
        1.660404903764273,
        1.4936439409116962,
        1.5646725259231353,
        1.702224851317958,
        1.7829244079445556,
        1.2931174648027062,
        1.8247907033715158,
        1.4604818963665769,
        1.6191132689771206,
        1.3533651474093096,
        1.534987369488686,
        1.2923385349392351,
        1.3919410907075054,
        1.3559283412727483,
        1.247219128924647,
        1.3469358229370512,
        0.0,
        1.4878209270981206,
        1.2506942516503028,
        1.387568817112226,
        1.2404916140161708,
        1.3391798899990164,
        1.3083598723422984,
        1.068812944865055,
        1.5028907330726193,
        1.1372786719963484,
        1.4475793971700175,
        1.4473635034472547,
        1.3888194427082465,
        1.550649505494033,
        1.5980674092304257,
        1.6666666666666667,
        1.2261615807968467,
        1.4654587829224146,
        1.3326821326432896,
        1.5461646096066226,
        1.275190617559238,
        1.3686723088047368,
        1.3967472132700955,
        1.5360257159305637,
        1.4796067420470587,
        1.4000248013676202
    ],
    [
        1.3232179005155946,
        1.8645449251165225,
        1.5225389978585113,
        1.8748333259252674,
        1.4326548781894404,
        1.4175242502334837,
        1.457523584714841,
        1.9825453616780404,
        1.5305227865013968,
        1.6677080080157918,
        1.2681639467822634,
        2.0832666655999663,
        2.1007439158545718,
        1.6874537030686205,
        1.935523185084591,
        1.911188192230804,
        1.9173549488814015,
        1.4703315952532614,
        1.393594127368774,
        1.5927570436196476,
        1.161207465433192,
        1.3736356867816153,
        1.3243447016879288,
        1.5449514555480375,
        1.4878209270981206,
        0.0,
        1.4293792358922806,
        1.6628289148315891,
        1.4859761101713582,
        1.125956383603636,
        1.4788086421170252,
        1.2422258248804845,
        1.2115187896924164,
        1.2892719737209144,
        1.669393602479655,
        1.3052777482206612,
        1.1288821904875637,
        1.3320566804757221,
        1.4819750335278932,
        1.5116675854462478,
        1.4719837333038404,
        1.182951816432098,
        1.2038999127834507,
        1.3823540710605868,
        1.4033442200686188,
        1.841195263952197,
        1.2221906561580318,
        1.3190905958272918,
        1.3622132725825278,
        1.1426394882026438
    ],
    [
        1.618806879861126,
        1.7270318146718922,
        1.2374368670764582,
        1.346291201783626,
        1.165922381636102,
        1.3982131454109563,
        1.2374368670764582,
        1.4901295618539723,
        1.5512092057488571,
        1.3390761740842079,
        1.5709211843205053,
        1.5258194519667128,
        1.4252192813739224,
        1.2786711852544421,
        1.713913650100261,
        1.3784742748889485,
        1.5562374497485916,
        1.4197270864500684,
        1.65802393449158,
        1.5,
        1.1718634258687695,
        1.2054563451241194,
        1.2548516955312996,
        1.2562344526401112,
        1.2506942516503028,
        1.4293792358922806,
        0.0,
        1.4306903927824497,
        1.3325257971236428,
        1.2486103386476415,
        1.4737282653189494,
        1.2562344526401112,
        1.5651366642494124,
        1.2423376263229644,
        1.14564392373896,
        1.4777516706131648,
        1.2930100540985752,
        1.5155444566227676,
        1.5662455107677085,
        1.5246812052943322,
        1.256925260749863,
        1.403121520040228,
        1.2808688457449497,
        1.472549753922691,
        1.2359207094308275,
        1.3806701271484076,
        1.3885694076998816,
        1.5662455107677085,
        1.2808688457449497,
        1.2686114456365274
    ],
    [
        1.9954508211408861,
        1.9427572044791277,
        1.5461646096066226,
        1.653594569415369,
        1.346291201783626,
        1.5054069217324597,
        1.4142135623730951,
        2.0017353582440522,
        1.80710403685012,
        1.6486737093797548,
        1.5773023340695418,
        2.0155644370746373,
        1.984313483298443,
        1.545558151607373,
        1.75,
        1.9227756828425442,
        1.8624580532189174,
        1.4306903927824497,
        1.542241113789029,
        1.357847561400027,
        1.5132516497779063,
        1.4577379737113252,
        1.4166666666666667,
        1.4577379737113252,
        1.387568817112226,
        1.6628289148315891,
        1.4306903927824497,
        0.0,
        1.5241801074676182,
        1.6744609414508433,
        1.3169567191065923,
        1.5360257159305635,
        1.4148272371958037,
        1.516117116555021,
        1.7230060940112777,
        1.5037453241822567,
        1.6583123951777,
        1.695582495781317,
        1.8791620472966135,
        1.6029486718059454,
        1.3450010326307478,
        1.6007810593582121,
        1.4252192813739224,
        1.4924578907143595,
        1.3083864108129524,
        1.375,
        1.5208961174255131,
        1.4842927608797396,
        1.403121520040228,
        1.741048534648015
    ],
    [
        1.388518884955315,
        1.7164239310587321,
        1.0784827305061495,
        1.5423196815187181,
        1.182951816432098,
        1.43853223808158,
        1.2379418403139948,
        1.4524643808981266,
        1.6443083652405348,
        1.5556349186104046,
        1.6762864386762175,
        1.681888819155416,
        1.7322312201320007,
        1.3320566804757221,
        1.8962133318801446,
        1.496739653993551,
        1.4675660121439171,
        1.647725705328408,
        1.4932970985339107,
        1.402453207775575,
        1.2555156090007182,
        1.2272937708633576,
        1.3248165491451596,
        1.3672508913875316,
        1.2404916140161708,
        1.4859761101713582,
        1.3325257971236428,
        1.5241801074676182,
        0.0,
        1.0865017768559382,
        1.3245282178949604,
        1.1031205736455105,
        1.5272751698513416,
        1.3038671114973506,
        1.1866444286305817,
        1.4089002803605373,
        1.268857754044952,
        1.4785973082621247,
        1.7049560111627513,
        1.7388533897689908,
        1.276741729734109,
        1.4568802284333466,
        1.136331817736351,
        1.6083333333333334,
        1.415317985471816,
        1.4570947120897804,
        1.2049377577285891,
        1.4341809509263466,
        1.4943644133878453,
        1.2564831873129063
    ],
    [
        1.3037480854424233,
        1.5871664128950758,
        1.4148272371958037,
        1.5816877413418589,
