[
    [
        0.0,
        1.2688348566397583,
        0.38877751887637935,
        0.823947999647095,
        0.9208123631681242,
        1.1838679687139688,
        0.6611967350562006,
        0.8436437007869798,
        1.1409023460688064,
        1.1473627702390432,
        1.1450871101343854,
        1.1326272059928202,
        1.1400635499651688,
        1.1295599197231185,
        1.2936264483053452,
        0.8883816402737679,
        1.242964896806775,
        1.3420210162897097,
        1.1974941949499276,
        1.0795820714422741,
        0.9041743079397478,
        0.8663935336220145,
        0.9950095146481579,
        1.0258147583103623,
        0.8990854196552932,
        0.9416997766739439,
        1.0250373313261545,
        1.078367083554308,
        0.841751696385191,
        1.1006111732344561,
        0.7104809380027772,
        0.7399410483964521,
        0.9296010774871692,
        0.7655234007510846,
        0.729524936279125,
        0.9296010774871692,
        0.6993984295559336,
        1.3232371792891326,
        1.5360257159305628,
        1.264429191033773,
        1.195198965400081,
        1.2084945939777594,
        0.8474150369789051,
        1.0702374331265498,
        0.9542065835455301,
        1.0319787588560914,
        0.8453428841817591,
        1.2134976434308575,
        1.0340195494145306,
        0.5050762722761054
    ],
    [
        1.2688348566397583,
        0.0,
        1.1094605796411956,
        0.8579691784155834,
        0.8640183897219884,
        0.9386751893552482,
        1.006058038970803,
        0.8975274678557507,
        0.9664511253952668,
        0.9884050002121825,
        0.9479061541616373,
        0.9474014167418394,
        0.9147707666708396,
        0.9068029922020916,
        0.9592387027684449,
        0.8819171036881969,
        0.9251501379656049,
        0.9771699499632145,
        1.0631125685144227,
        0.9547032697824667,
        0.8829008375173788,
        0.9166666666666666,
        1.0146496384904935,
        1.104756131963571,
        0.9363418772601764,
        0.93355652093367,
        0.9204467514322718,
        0.9260879487872029,
        0.93355652093367,
        0.9991315673568166,
        1.0952866190079096,
        0.9664511253952668,
        0.9982623792259117,
        0.9344858955002419,
        0.9771699499632145,
        0.871022706681953,
        1.006058038970803,
        1.0189182717197902,
        1.2610621625351297,
        0.9753916592266355,
        1.0968705484240153,
        0.9982623792259117,
        0.8700255424092125,
        0.9771699499632145,
        0.9962777948165082,
        1.0299339245256898,
        0.8730136183232068,
        0.9664511253952668,
        0.8518770125108697,
        1.0809268142560706
    ],
    [
        0.38877751887637935,
        1.1094605796411956,
        0.0,
        0.673145600891813,
        0.7806247497997998,
        1.019803902718557,
        0.5153882032022076,
        0.7180703308172536,
        0.9519716382329886,
        1.062426468043789,
        0.9462600928208408,
        1.0231690964840563,
        1.0077822185373186,
        0.9886859966642595,
        1.1726039399558574,
        0.7806247497997998,
        1.103970108290981,
        1.1319231422671772,
        1.0307764064044151,
        0.8100925873009825,
        0.8014743359029727,
        0.649519052838329,
        0.7614861201040444,
        0.960143218483576,
        0.8477912478906585,
        0.6846531968814576,
        0.8926785535678563,
        0.9363418772601764,
        0.7288689868556626,
        0.9745012969605417,
        0.5303300858899106,
        0.5590169943749475,
        0.6959705453537527,
        0.6627489050244528,
        0.4841229182759271,
        0.7180703308172536,
        0.5448623679425842,
        1.1388041973930374,
        1.352081728298996,
        1.1118053386771944,
        1.130388330520878,
        1.0383279828647594,
        0.7071067811865476,
        0.7603453162872774,
        0.7929375763576854,
        0.927960727138337,
        0.5994789404140899,
        1.103970108290981,
        0.8926785535678563,
        0.375
    ],
    [
        0.823947999647095,
        0.8579691784155834,
        0.673145600891813,
        0.0,
        0.57282196186948,
        0.8739279146474268,
        0.5994789404140899,
        0.625,
        0.7603453162872774,
        0.9,
        0.7981963085223932,
        0.8838834764831844,
        0.9013878188659973,
        0.8038967595406763,
        1.0,
        0.5863019699779287,
        0.960143218483576,
        0.9437293044088437,
        0.9013878188659973,
        0.770551750371122,
        0.6521864934374387,
        0.5303300858899106,
        0.720484019407941,
        0.8385254915624212,
        0.8100925873009825,
        0.5,
        0.8385254915624212,
        0.7580585582775105,
        0.770551750371122,
        0.9363418772601764,
        0.5590169943749475,
        0.5590169943749475,
        0.649519052838329,
        0.6277716322216402,
        0.57282196186948,
        0.57282196186948,
        0.5994789404140899,
        1.015504800579495,
        1.224744871391589,
        0.8640183897219884,
        1.0833333333333333,
        0.739509972887452,
        0.7071067811865476,
        0.6846531968814576,
        0.6284902544988268,
        0.8217951218048342,
        0.5303300858899106,
        0.9100137361600648,
        0.6614378277661477,
        0.6123724356957945
    ],
    [
        0.9208123631681242,
        0.8640183897219884,
        0.7806247497997998,
        0.57282196186948,
        0.0,
        0.8422440263961509,
        0.6614378277661477,
        0.6123724356957945,
        0.770551750371122,
        0.8370334521391604,
        0.712945170631326,
        0.8100925873009825,
        0.770551750371122,
        0.73824115301167,
        0.9013878188659973,
        0.6373774391990981,
        0.82915619758885,
        0.8926785535678563,
        0.81967981553775,
        0.7288689868556626,
        0.6821127309893709,
        0.5994789404140899,
        0.8079466429027216,
        0.9185586535436918,
        0.7806247497997998,
        0.625,
        0.770551750371122,
        0.7476816018719317,
        0.7071067811865476,
        0.8302024518821365,
        0.75,
        0.6614378277661477,
        0.739509972887452,
        0.6222160217945033,
        0.6959705453537527,
        0.5994789404140899,
        0.6614378277661477,
        0.9519716382329886,
        1.159202311936963,
        0.8907315969346646,
        0.9780578828587919,
        0.8838834764831844,
        0.7071067811865476,
        0.6614378277661477,
        0.7378177281686853,
        0.8730136183232068,
        0.5994789404140899,
        0.7905694150420949,
        0.673145600891813,
        0.6846531968814576
    ],
    [
        1.1838679687139688,
        0.9386751893552482,
        1.019803902718557,
        0.8739279146474268,
        0.8422440263961509,
        0.0,
        0.8154753215150046,
        0.9233092656309694,
        0.8344159634139319,
        0.7762087348130012,
        0.9454577230751511,
        0.9062284480195929,
        0.8437268515343103,
        0.7909646009778188,
        1.0043654713300334,
        0.8185352771872451,
        0.888467782195843,
        0.8710625695092173,
        0.9062284480195929,
        0.8250000000000001,
        0.7719473931413836,
        0.8154753215150046,
        0.8017342313870462,
        0.8268917704270614,
        0.9496709956611289,
        0.7558108228915488,
        0.8250000000000001,
        0.8017342313870462,
        0.972753822917186,
        0.893300683482953,
        0.8799857953399021,
        0.8058380730643099,
        0.8620469824783334,
        0.8114202226822904,
        0.8231038816577164,
        0.8888194417315589,
        0.796084166404533,
        0.8620469824783334,
        0.991526600752597,
        0.8017342313870462,
        0.9988187467648417,
        0.8620469824783334,
        0.8584142356694698,
        0.8620469824783334,
        0.7762087348130012,
        0.7617596588017626,
        0.8799857953399021,
        0.8166241485530538,
        0.7721722605740251,
        0.9886859966642595
    ],
    [
        0.6611967350562006,
        1.006058038970803,
        0.5153882032022076,
        0.5994789404140899,
        0.6614378277661477,
        0.8154753215150046,
        0.0,
        0.6614378277661477,
        0.7905694150420949,
        0.9620940702446928,
        0.8320355540872675,
        0.9013878188659973,
        0.82915619758885,
        0.8344159634139319,
        1.0752906583803283,
        0.6614378277661477,
        0.9519716382329886,
        0.9100137361600648,
        0.875,
        0.739509972887452,
        0.7300589778306347,
        0.5590169943749475,
        0.6947221666888779,
        0.82915619758885,
        0.8477912478906585,
        0.6123724356957945,
        0.75,
        0.8670271686118671,
        0.7071067811865476,
        0.9081039465709737,
        0.4841229182759271,
        0.5,
        0.6373774391990981,
        0.5877806658194119,
        0.57282196186948,
        0.625,
        0.46770717334674267,
        0.9921567416492215,
        1.125,
        0.927960727138337,
        0.9753916592266355,
        0.9013878188659973,
        0.673145600891813,
        0.7180703308172536,
        0.6986594306241061,
        0.7716774657271723,
        0.5994789404140899,
        0.9842509842514764,
        0.75,
        0.5153882032022076
    ],
    [
        0.8436437007869798,
        0.8975274678557507,
        0.7180703308172536,
        0.625,
        0.6123724356957945,
        0.9233092656309694,
        0.6614378277661477,
        0.0,
        0.7905694150420949,
        0.9539392014169457,
        0.8320355540872675,
        0.8385254915624212,
        0.8100925873009825,
        0.8799857953399021,
        1.0,
        0.673145600891813,
        0.8660254037844386,
        0.9100137361600648,
        0.8003905296791061,
        0.7071067811865476,
        0.6972166887783964,
        0.5590169943749475,
        0.8207381501496754,
        0.9519716382329886,
        0.9100137361600648,
        0.6123724356957945,
        0.770551750371122,
        0.8759915017345267,
        0.5863019699779287,
        0.8730136183232068,
        0.673145600891813,
        0.57282196186948,
        0.6614378277661477,
        0.7083333333333334,
        0.7071067811865476,
        0.57282196186948,
        0.5590169943749475,
        0.8926785535678563,
        1.2624381172952597,
        0.9930312739844155,
        0.9965217285917832,
        0.8003905296791061,
        0.7180703308172536,
        0.6614378277661477,
        0.7729812416870153,
        0.9109671295448103,
        0.4841229182759271,
        0.9100137361600648,
        0.7071067811865476,
        0.6614378277661477
    ],
    [
        1.1409023460688064,
        0.9664511253952668,
        0.9519716382329886,
        0.7603453162872774,
        0.770551750371122,
        0.8344159634139319,
        0.7905694150420949,
        0.7905694150420949,
        0.0,
        0.9344115795515379,
        0.9296010774871692,
        0.8838834764831844,
        0.9185586535436918,
        0.8437268515343103,
        1.0752906583803283,
        0.7288689868556626,
        0.9270248108869579,
        0.8569568250501305,
        0.9519716382329886,
        0.7071067811865476,
        0.773923984208613,
        0.6846531968814576,
        0.8228507357554792,
        0.81967981553775,
        0.9185586535436918,
        0.7603453162872774,
        0.8926785535678563,
        0.9260879487872029,
        0.8385254915624212,
        0.9418878796214429,
        0.8100925873009825,
        0.7180703308172536,
        0.75,
        0.7938566201357354,
        0.8003905296791061,
        0.8100925873009825,
        0.7905694150420949,
        0.8100925873009825,
        1.0307764064044151,
        0.8207381501496754,
        1.0366546087187274,
        0.7603453162872774,
        0.875,
        0.8660254037844386,
        0.7428828979051814,
        0.7938566201357354,
        0.770551750371122,
        0.8926785535678563,
        0.82915619758885,
        0.9185586535436918
    ],
    [
        1.1473627702390432,
        0.9884050002121825,
        1.062426468043789,
        0.9,
        0.8370334521391604,
        0.7762087348130012,
        0.9620940702446928,
        0.9539392014169457,
        0.9344115795515379,
        0.0,
        0.8504875552485487,
        0.8771402396424417,
        0.8771402396424417,
        0.852936105461599,
        1.0697546447667334,
        0.9374166629626337,
        0.9377499666755525,
        0.9374166629626337,
        0.9374166629626337,
        0.9374166629626337,
        0.7319115004182162,
        0.9290452088031024,
        0.7933753490274603,
        0.8536685539481936,
        0.8721381771256204,
        0.8407585860400119,
        0.8947765084086641,
        0.8223864325512943,
        0.9377499666755525,
        0.8552939715546801,
        1.0096410253154338,
        0.912071817347735,
        0.9290452088031024,
        0.8223864325512943,
        0.8912771734987944,
        0.9539392014169457,
        0.9539392014169457,
        0.912071817347735,
        1.1199888392301058,
        0.841171471487499,
        0.9962777948165082,
        0.9344115795515379,
        0.8426149773176358,
        0.9620940702446928,
        0.8385254915624212,
        0.8128311291064365,
        0.9457140159688869,
        0.7504165509901817,
        0.823862852664204,
        1.0550473923004597
    ],
    [
        1.1450871101343854,
        0.9479061541616373,
        0.9462600928208408,
        0.7981963085223932,
        0.712945170631326,
        0.9454577230751511,
        0.8320355540872675,
        0.8320355540872675,
        0.9296010774871692,
        0.8504875552485487,
        0.0,
        0.8953536526229767,
        0.8687825753692958,
        0.8900384077931349,
        0.9528086837110071,
        0.8506075259867538,
        0.9379675704763497,
        0.9462600928208408,
        0.8865851133790292,
        0.8320355540872675,
        0.8035273356509547,
        0.8104861227078727,
        0.8692922030251754,
        1.0746973945236484,
        0.9321702240098705,
        0.8229799015573509,
        0.8506075259867538,
        0.7840440400190173,
        0.8225923433057872,
        0.8572875208610214,
        0.9379675704763497,
        0.8687825753692958,
        0.8506075259867538,
        0.886724973787432,
        0.8840638424633259,
        0.7321428571428572,
        0.8597430798007659,
        0.9866778416815217,
        1.2073066245632407,
        0.9212932101878978,
        0.9721533827264529,
        0.9866778416815217,
        0.7576144084141581,
        0.7935887872603204,
        0.9373486272351349,
        0.9868035159738345,
        0.8033729913715709,
        0.9308008949944392,
        0.7879432668896502,
        0.9626308551388253
    ],
    [
        1.1326272059928202,
        0.9474014167418394,
        1.0231690964840563,
        0.8838834764831844,
        0.8100925873009825,
        0.9062284480195929,
        0.9013878188659973,
        0.8385254915624212,
        0.8838834764831844,
        0.8771402396424417,
        0.8953536526229767,
        0.0,
        0.8100925873009825,
        0.852936105461599,
        1.0077822185373186,
        0.81967981553775,
        0.9354143466934853,
        0.9185586535436918,
        0.8926785535678563,
        0.875,
        0.8848650242331376,
        0.8385254915624212,
        0.9691419458010839,
        1.0231690964840563,
        1.0606601717798212,
        0.81967981553775,
        0.8477912478906585,
        1.0008676791220261,
        0.81967981553775,
        0.9583333333333334,
        0.9682458365518543,
        0.8660254037844386,
        0.9519716382329886,
        0.9023503261544882,
        0.9013878188659973,
        0.8477912478906585,
        0.8838834764831844,
        0.960143218483576,
        1.243734296383275,
        0.9771699499632145,
        1.0416666666666665,
        0.8477912478906585,
        0.9185586535436918,
        0.7905694150420949,
        0.9539392014169457,
        0.9446486707295528,
        0.8385254915624212,
        0.9921567416492215,
        0.7905694150420949,
        1.015504800579495
    ],
    [
        1.1400635499651688,
        0.9147707666708396,
        1.0077822185373186,
        0.9013878188659973,
        0.770551750371122,
        0.8437268515343103,
        0.82915619758885,
        0.8100925873009825,
        0.9185586535436918,
        0.8771402396424417,
        0.8687825753692958,
        0.8100925873009825,
        0.0,
        0.8710625695092173,
        0.9682458365518543,
        0.82915619758885,
        0.8385254915624212,
        0.8385254915624212,
        0.82915619758885,
        0.81967981553775,
        0.8207381501496754,
        0.7806247497997998,
        0.9446486707295528,
        1.0383279828647594,
        0.9921567416492215,
        0.81967981553775,
        0.7905694150420949,
        0.9691419458010839,
        0.81967981553775,
        0.9166666666666666,
        0.9519716382329886,
        0.8003905296791061,
        0.9921567416492215,
        0.8936504412303007,
        0.9682458365518543,
        0.81967981553775,
        0.8838834764831844,
        0.8569568250501305,
        1.165922381636102,
        0.952883052169106,
        0.9232716585900141,
        0.9354143466934853,
        0.8003905296791061,
        0.8838834764831844,
        0.9290452088031024,
        0.9930312739844155,
        0.875,
        0.9354143466934853,
        0.8100925873009825,
        0.9921567416492215
    ],
    [
        1.1295599197231185,
        0.9068029922020916,
        0.9886859966642595,
        0.8038967595406763,
        0.73824115301167,
        0.7909646009778188,
        0.8344159634139319,
        0.8799857953399021,
        0.8437268515343103,
        0.852936105461599,
        0.8900384077931349,
        0.852936105461599,
        0.8710625695092173,
        0.0,
        0.9807522622966516,
        0.808934484368172,
        0.888467782195843,
        0.8888194417315589,
        0.8250000000000001,
        0.7660776723022281,
        0.7617596588017626,
        0.8154753215150046,
        0.8398081791562748,
        0.8638576271585499,
        0.8814051281902097,
        0.7348469228349535,
        0.7558108228915488,
        0.8398081791562748,
        0.897217922246318,
        0.9201071797471326,
        0.8975661535508122,
        0.7558108228915488,
        0.8888194417315589,
        0.7719473931413836,
        0.8231038816577164,
        0.8437268515343103,
        0.8620469824783334,
        0.8620469824783334,
        1.0644834428021885,
        0.7719473931413836,
        0.9322910847297997,
        0.8954747344286159,
        0.792148975887743,
        0.852936105461599,
        0.852936105461599,
        0.8209919474500208,
        0.8250000000000001,
        0.8287792227125388,
        0.7516648189186454,
        0.9807522622966516
    ],
    [
        1.2936264483053452,
        0.9592387027684449,
        1.1726039399558574,
        1.0,
        0.9013878188659973,
        1.0043654713300334,
        1.0752906583803283,
        1.0,
        1.0752906583803283,
        1.0697546447667334,
        0.9528086837110071,
        1.0077822185373186,
        0.9682458365518543,
        0.9807522622966516,
        0.0,
        0.9682458365518543,
        0.9762812094883317,
        0.960143218483576,
        0.9682458365518543,
        0.9921567416492215,
        0.9446486707295528,
        0.9921567416492215,
        1.0833333333333333,
        1.2054563451241194,
        1.125,
        0.9185586535436918,
        0.960143218483576,
        1.0316182002616623,
        1.0606601717798212,
        1.042499666933067,
        1.0680004681646913,
        1.0231690964840563,
        1.0231690964840563,
        1.104756131963571,
        1.0680004681646913,
        0.9519716382329886,
        0.9842509842514764,
        1.0383279828647594,
        1.224744871391589,
        1.0008676791220261,
        1.1448859720028406,
        1.0752906583803283,
        0.9682458365518543,
        0.9842509842514764,
        1.1197097838279346,
        1.1118053386771944,
        1.0077822185373186,
        1.0,
        0.9437293044088437,
        1.125
    ],
    [
        0.8883816402737679,
        0.8819171036881969,
        0.7806247497997998,
        0.5863019699779287,
        0.6373774391990981,
        0.8185352771872451,
        0.6614378277661477,
        0.673145600891813,
        0.7288689868556626,
        0.9374166629626337,
        0.8506075259867538,
        0.81967981553775,
        0.82915619758885,
        0.808934484368172,
        0.9682458365518543,
        0.0,
        0.8838834764831844,
        0.82915619758885,
        0.8100925873009825,
        0.739509972887452,
        0.7500000000000001,
        0.6123724356957945,
        0.8302024518821365,
        0.9354143466934853,
        0.8926785535678563,
        0.5863019699779287,
        0.8003905296791061,
        0.8936504412303007,
        0.7071067811865476,
        0.8447139555297205,
        0.625,
        0.6123724356957945,
        0.75,
        0.6795627679291705,
        0.6614378277661477,
        0.6123724356957945,
        0.6373774391990981,
        0.9185586535436918,
        1.0825317547305484,
        0.8477912478906585,
        0.9664511253952668,
        0.7806247497997998,
        0.8003905296791061,
        0.7071067811865476,
        0.687386354243376,
        0.7500000000000001,
        0.649519052838329,
        0.8926785535678563,
        0.6614378277661477,
        0.75
    ],
    [
        1.242964896806775,
        0.9251501379656049,
        1.103970108290981,
        0.960143218483576,
        0.82915619758885,
        0.888467782195843,
        0.9519716382329886,
        0.8660254037844386,
        0.9270248108869579,
        0.9377499666755525,
        0.9379675704763497,
        0.9354143466934853,
        0.8385254915624212,
        0.888467782195843,
        0.9762812094883317,
        0.8838834764831844,
        0.0,
        0.875,
        0.8477912478906585,
        0.9013878188659973,
        0.840593375076334,
        0.8660254037844386,
        1.0017346066809423,
        1.0532687216470449,
        1.015504800579495,
        0.8660254037844386,
        0.7905694150420949,
        0.9619496983845996,
        0.9354143466934853,
        0.8789592962387078,
        1.015504800579495,
        0.9013878188659973,
        0.9185586535436918,
        0.9619496983845996,
        1.0231690964840563,
        0.8838834764831844,
        0.9185586535436918,
        0.8838834764831844,
        1.0532687216470449,
        0.927960727138337,
        0.9166666666666666,
        0.739509972887452,
        0.9437293044088437,
        0.9682458365518543,
        1.001873245475694,
        0.9860132971832694,
        0.9437293044088437,
        0.9185586535436918,
        0.8660254037844386,
        1.0968705484240153
    ],
    [
        1.3420210162897097,
        0.9771699499632145,
        1.1319231422671772,
        0.9437293044088437,
        0.8926785535678563,
        0.8710625695092173,
        0.9100137361600648,
        0.9100137361600648,
        0.8569568250501305,
        0.9374166629626337,
        0.9462600928208408,
        0.9185586535436918,
        0.8385254915624212,
        0.8888194417315589,
        0.960143218483576,
        0.82915619758885,
        0.875,
        0.0,
        0.8926785535678563,
        0.8569568250501305,
        0.927960727138337,
        0.8477912478906585,
        0.950146187582615,
        1.0680004681646913,
        1.1524430571616109,
        0.8660254037844386,
        0.9100137361600648,
        0.9851325347947408,
        0.9437293044088437,
        0.9745012969605417,
        1.015504800579495,
        0.8569568250501305,
        0.9437293044088437,
        0.9930312739844155,
        1.0458250331675945,
        0.9100137361600648,
        0.9185586535436918,
        0.875,
        0.9682458365518543,
        0.8395600699837452,
        0.9886508764753894,
        0.8569568250501305,
        0.9270248108869579,
        0.9519716382329886,
        0.9701803955966127,
        0.961046882889233,
        0.8838834764831844,
        0.9100137361600648,
        0.8838834764831844,
        1.0968705484240153
    ],
    [
        1.1974941949499276,
        1.0631125685144227,
        1.0307764064044151,
        0.9013878188659973,
        0.81967981553775,
        0.9062284480195929,
        0.875,
        0.8003905296791061,
        0.9519716382329886,
        0.9374166629626337,
        0.8865851133790292,
        0.8926785535678563,
        0.82915619758885,
        0.8250000000000001,
        0.9682458365518543,
        0.8100925873009825,
        0.8477912478906585,
        0.8926785535678563,
        0.0,
        0.8660254037844386,
        0.8302024518821365,
        0.8660254037844386,
        0.927960727138337,
        1.0968705484240153,
        1.159202311936963,
        0.7905694150420949,
        0.9185586535436918,
        0.927960727138337,
        0.81967981553775,
        0.8549285220284663,
        0.9519716382329886,
        0.770551750371122,
        0.8838834764831844,
        1.0008676791220261,
        0.9519716382329886,
        0.8926785535678563,
        0.8569568250501305,
        0.8660254037844386,
        0.9762812094883317,
        0.9195031871130797,
        0.9664511253952668,
        0.9270248108869579,
        0.82915619758885,
        0.9270248108869579,
        1.001873245475694,
        0.927960727138337,
        0.8838834764831844,
        0.9100137361600648,
        0.8660254037844386,
        1.015504800579495
    ],
    [
        1.0795820714422741,
        0.9547032697824667,
        0.8100925873009825,
        0.770551750371122,
        0.7288689868556626,
        0.8250000000000001,
        0.739509972887452,
        0.7071067811865476,
        0.7071067811865476,
        0.9374166629626337,
        0.8320355540872675,
        0.875,
        0.81967981553775,
        0.7660776723022281,
        0.9921567416492215,
        0.739509972887452,
        0.9013878188659973,
        0.8569568250501305,
        0.8660254037844386,
        0.0,
        0.7817359599705717,
        0.6959705453537527,
        0.8014743359029727,
        0.9185586535436918,
        0.9437293044088437,
        0.7905694150420949,
        0.8100925873009825,
        0.8302024518821365,
        0.8569568250501305,
        0.9166666666666666,
        0.7603453162872774,
        0.7071067811865476,
        0.7806247497997998,
        0.8111634305804911,
        0.739509972887452,
        0.75,
        0.7180703308172536,
        0.81967981553775,
        1.0383279828647594,
        0.8579691784155834,
        0.9947780321927768,
        0.8838834764831844,
        0.739509972887452,
        0.7288689868556626,
        0.8027297179001162,
        0.8579691784155834,
        0.625,
        0.9437293044088437,
        0.7603453162872774,
        0.8660254037844386
    ],
    [
        0.9041743079397478,
        0.8829008375173788,
        0.8014743359029727,
        0.6521864934374387,
        0.6821127309893709,
        0.7719473931413836,
        0.7300589778306347,
        0.6972166887783964,
        0.773923984208613,
        0.7319115004182162,
        0.8035273356509547,
        0.8848650242331376,
        0.8207381501496754,
        0.7617596588017626,
        0.9446486707295528,
        0.7500000000000001,
        0.840593375076334,
        0.927960727138337,
        0.8302024518821365,
        0.7817359599705717,
        0.0,
        0.7192781875680029,
        0.75,
        0.7783975705112252,
        0.6718548123582124,
        0.6387379048648288,
        0.7406828681096325,
        0.770551750371122,
        0.8025566785107593,
        0.8549285220284663,
        0.7300589778306347,
        0.7083333333333334,
        0.7716774657271723,
        0.6614378277661477,
        0.7264831572567789,
        0.6859199013814303,
        0.6627489050244528,
        0.8759915017345267,
        1.193879065157867,
        0.875,
        0.9510593508761106,
        0.855943274340589,
        0.722889648870728,
        0.7511565157216644,
        0.640854464324346,
        0.739509972887452,
        0.6972166887783964,
        0.7716774657271723,
        0.6666666666666667,
        0.7817359599705717
    ],
    [
        0.8663935336220145,
        0.9166666666666666,
        0.649519052838329,
        0.5303300858899106,
        0.5994789404140899,
        0.8154753215150046,
        0.5590169943749475,
        0.5590169943749475,
        0.6846531968814576,
        0.9290452088031024,
        0.8104861227078727,
        0.8385254915624212,
        0.7806247497997998,
        0.8154753215150046,
        0.9921567416492215,
        0.6123724356957945,
        0.8660254037844386,
        0.8477912478906585,
        0.8660254037844386,
        0.6959705453537527,
        0.7192781875680029,
        0.0,
        0.7716774657271723,
        0.8569568250501305,
        0.7905694150420949,
        0.57282196186948,
        0.7905694150420949,
        0.8111634305804911,
        0.6373774391990981,
        0.8405933750763339,
        0.4841229182759271,
        0.5,
        0.5863019699779287,
        0.5743353646704259,
        0.4841229182759271,
        0.5863019699779287,
        0.4330127018922193,
        0.9013878188659973,
        1.2183492931011204,
        0.9023503261544882,
        1.044163673845139,
        0.82915619758885,
        0.6846531968814576,
        0.6614378277661477,
        0.6403124237432849,
        0.8343743497708661,
        0.5153882032022076,
        0.8926785535678563,
        0.6373774391990981,
        0.5153882032022076
    ],
    [
        0.9950095146481579,
        1.0146496384904935,
        0.7614861201040444,
        0.720484019407941,
        0.8079466429027216,
        0.8017342313870462,
        0.6947221666888779,
        0.8207381501496754,
        0.8228507357554792,
        0.7933753490274603,
        0.8692922030251754,
        0.9691419458010839,
        0.9446486707295528,
        0.8398081791562748,
        1.0833333333333333,
        0.8302024518821365,
        1.0017346066809423,
        0.950146187582615,
        0.927960727138337,
        0.8014743359029727,
        0.75,
        0.7716774657271723,
        0.0,
        0.7476816018719317,
        0.759202798262025,
        0.7614861201040444,
        0.952883052169106,
        0.739509972887452,
        0.8680277773333192,
        0.8660254037844387,
        0.7406828681096325,
        0.6627489050244528,
        0.7817359599705717,
        0.6959705453537527,
        0.6346477588219923,
        0.7916666666666667,
        0.7614861201040444,
        1.016359243137539,
        1.0172129679778086,
        0.81967981553775,
        1.0299339245256898,
        0.9176131477310517,
        0.6666666666666667,
        0.8395600699837452,
        0.7632623693360262,
        0.6959705453537527,
        0.8057949835755716,
        0.8759915017345267,
        0.7850601533923655,
        0.7511565157216644
    ],
    [
        1.0258147583103623,
        1.104756131963571,
        0.960143218483576,
        0.8385254915624212,
        0.9185586535436918,
        0.8268917704270614,
        0.82915619758885,
        0.9519716382329886,
        0.81967981553775,
        0.8536685539481936,
        1.0746973945236484,
        1.0231690964840563,
        1.0383279828647594,
        0.8638576271585499,
        1.2054563451241194,
        0.9354143466934853,
        1.0532687216470449,
        1.0680004681646913,
        1.0968705484240153,
        0.9185586535436918,
        0.7783975705112252,
        0.8569568250501305,
        0.7476816018719317,
        0.0,
        0.7603453162872774,
        0.8477912478906585,
        0.9437293044088437,
        0.8364524958285304,
        0.9762812094883317,
        0.9771699499632145,
        0.81967981553775,
        0.8477912478906585,
        0.8660254037844386,
        0.6821127309893709,
        0.7603453162872774,
        0.9921567416492215,
        0.8926785535678563,
        0.960143218483576,
        1.125,
        0.8640183897219884,
        1.0540925533894598,
        0.8660254037844386,
        0.8385254915624212,
        1.015504800579495,
        0.725,
        0.7156485015549029,
        0.9354143466934853,
        0.875,
        0.8003905296791061,
        0.8838834764831844
    ],
    [
        0.8990854196552932,
        0.9363418772601764,
        0.8477912478906585,
        0.8100925873009825,
        0.7806247497997998,
        0.9496709956611289,
        0.8477912478906585,
        0.9100137361600648,
        0.9185586535436918,
        0.8721381771256204,
        0.9321702240098705,
        1.0606601717798212,
        0.9921567416492215,
        0.8814051281902097,
        1.125,
        0.8926785535678563,
        1.015504800579495,
        1.1524430571616109,
        1.159202311936963,
        0.9437293044088437,
        0.6718548123582124,
        0.7905694150420949,
        0.759202798262025,
        0.7603453162872774,
        0.0,
        0.8660254037844386,
        0.9185586535436918,
        0.846766726370899,
        0.9354143466934853,
        0.9510593508761106,
        0.8838834764831844,
        0.8385254915624212,
        1.0383279828647594,
        0.5137011669140814,
        0.8003905296791061,
        0.9437293044088437,
        0.8385254915624212,
        1.0897247358851685,
        1.3287682265918312,
        0.9510593508761106,
        0.9930312739844155,
        1.0077822185373186,
        0.7071067811865476,
        0.9519716382329886,
        0.5820223363411408,
        0.99128143778086,
        0.7806247497997998,
        0.9519716382329886,
        0.739509972887452,
        0.8569568250501305
    ],
    [
        0.9416997766739439,
        0.93355652093367,
        0.6846531968814576,
        0.5,
        0.625,
        0.7558108228915488,
        0.6123724356957945,
        0.6123724356957945,
        0.7603453162872774,
        0.8407585860400119,
        0.8229799015573509,
        0.81967981553775,
        0.81967981553775,
        0.7348469228349535,
        0.9185586535436918,
        0.5863019699779287,
        0.8660254037844386,
        0.8660254037844386,
        0.7905694150420949,
        0.7905694150420949,
        0.6387379048648288,
        0.57282196186948,
        0.7614861201040444,
        0.8477912478906585,
        0.8660254037844386,
        0.0,
        0.8003905296791061,
        0.7192781875680029,
        0.75,
        0.9185586535436918,
        0.5303300858899106,
        0.5863019699779287,
        0.5863019699779287,
        0.6744339190099436,
        0.57282196186948,
        0.6123724356957945,
        0.5,
        0.9270248108869579,
        1.0606601717798212,
        0.8759915017345267,
        1.0590220855949029,
        0.7905694150420949,
        0.82915619758885,
        0.7071067811865476,
        0.6986594306241061,
        0.7300589778306347,
        0.5863019699779287,
        0.8660254037844386,
        0.6614378277661477,
        0.625
    ],
    [
        1.0250373313261545,
        0.9204467514322718,
        0.8926785535678563,
        0.8385254915624212,
        0.770551750371122,
        0.8250000000000001,
        0.75,
        0.770551750371122,
        0.8926785535678563,
        0.8947765084086641,
        0.8506075259867538,
        0.8477912478906585,
        0.7905694150420949,
        0.7558108228915488,
        0.960143218483576,
        0.8003905296791061,
        0.7905694150420949,
        0.9100137361600648,
        0.9185586535436918,
        0.8100925873009825,
        0.7406828681096325,
        0.7905694150420949,
        0.952883052169106,
        0.9437293044088437,
        0.9185586535436918,
        0.8003905296791061,
        0.0,
        0.927960727138337,
        0.7288689868556626,
        0.8270597183866336,
        0.7905694150420949,
        0.8100925873009825,
        0.8477912478906585,
        0.8014743359029727,
        0.8477912478906585,
        0.75,
        0.75,
        0.875,
        1.243734296383275,
        1.016359243137539,
        0.9372684899334995,
        0.9270248108869579,
        0.7905694150420949,
        0.739509972887452,
        0.868187767709267,
        0.9363418772601764,
        0.7905694150420949,
        0.8926785535678563,
        0.7905694150420949,
        0.9100137361600648
    ],
    [
        1.078367083554308,
        0.9260879487872029,
        0.9363418772601764,
        0.7580585582775105,
        0.7476816018719317,
        0.8017342313870462,
        0.8670271686118671,
        0.8759915017345267,
        0.9260879487872029,
        0.8223864325512943,
        0.7840440400190173,
        1.0008676791220261,
        0.9691419458010839,
        0.8398081791562748,
        1.0316182002616623,
        0.8936504412303007,
        0.9619496983845996,
        0.9851325347947408,
        0.927960727138337,
        0.8302024518821365,
        0.770551750371122,
        0.8111634305804911,
        0.739509972887452,
        0.8364524958285304,
        0.846766726370899,
        0.7192781875680029,
        0.927960727138337,
        0.0,
        0.8858454843945541,
        0.9090593428863095,
        0.8848650242331376,
        0.8014743359029727,
        0.8111634305804911,
        0.81967981553775,
        0.7883703303510209,
        0.8488145328109735,
        0.8111634305804911,
        1.0008676791220261,
        1.084134319271474,
        0.8003905296791061,
        1.0374916331657278,
        0.9344858955002419,
        0.722889648870728,
        0.8936504412303007,
        0.8223864325512943,
        0.8100925873009825,
        0.8395600699837452,
        0.8302024518821365,
        0.7850601533923655,
        0.927960727138337
    ],
    [
        0.841751696385191,
        0.93355652093367,
        0.7288689868556626,
        0.770551750371122,
        0.7071067811865476,
        0.972753822917186,
        0.7071067811865476,
        0.5863019699779287,
        0.8385254915624212,
        0.9377499666755525,
        0.8225923433057872,
        0.81967981553775,
        0.81967981553775,
        0.897217922246318,
        1.0606601717798212,
        0.7071067811865476,
        0.9354143466934853,
        0.9437293044088437,
        0.81967981553775,
        0.8569568250501305,
        0.8025566785107593,
        0.6373774391990981,
        0.8680277773333192,
        0.9762812094883317,
        0.9354143466934853,
        0.75,
        0.7288689868556626,
        0.8858454843945541,
        0.0,
        0.8343743497708661,
        0.81967981553775,
        0.5994789404140899,
        0.7603453162872774,
        0.6984606089266754,
        0.770551750371122,
        0.7071067811865476,
        0.6846531968814576,
        0.9185586535436918,
        1.231107225224513,
        1.0466547239233726,
        0.8730136183232068,
        0.9013878188659973,
        0.7180703308172536,
        0.739509972887452,
        0.8317902379807063,
        0.9204467514322718,
        0.673145600891813,
        0.9437293044088437,
        0.7905694150420949,
        0.6959705453537527
    ],
    [
        1.1006111732344561,
        0.9991315673568166,
        0.9745012969605417,
        0.9363418772601764,
        0.8302024518821365,
        0.893300683482953,
        0.9081039465709737,
        0.8730136183232068,
        0.9418878796214429,
        0.8552939715546801,
        0.8572875208610214,
        0.9583333333333334,
        0.9166666666666666,
        0.9201071797471326,
        1.042499666933067,
        0.8447139555297205,
        0.8789592962387078,
