[
    [
        0.0,
        0.8003905296791061,
        0.1767766952966369,
        0.8385254915624212,
        0.9437293044088437,
        0.7071067811865476,
        0.5590169943749475,
        0.5120085719768545,
        0.9437293044088437,
        1.0077822185373186,
        0.1767766952966369,
        0.5,
        0.6846531968814576,
        1.0897247358851685,
        1.0897247358851685,
        0.5303300858899106,
        0.6373774391990981,
        1.0,
        0.7836824377675604,
        0.8100925873009825,
        0.7905694150420949,
        0.770551750371122,
        0.625,
        0.875,
        0.8660254037844386,
        0.770551750371122,
        0.7071067811865476,
        0.6123724356957945,
        0.6959705453537527,
        0.6846531968814576,
        0.7806247497997998,
        0.3535533905932738,
        1.0231690964840563,
        0.9100137361600648,
        0.45069390943299864,
        0.770551750371122,
        0.7288689868556626,
        0.33071891388307384,
        1.015504800579495,
        1.0825317547305484,
        0.7476816018719317,
        0.5994789404140899,
        0.6123724356957945,
        0.9682458365518543,
        0.6846531968814576,
        0.5590169943749475,
        0.649519052838329,
        0.25,
        0.9437293044088437,
        0.5590169943749475
    ],
    [
        0.8003905296791061,
        0.0,
        0.75,
        0.673145600891813,
        0.75,
        0.4841229182759271,
        0.5863019699779287,
        0.6095307849303248,
        0.5994789404140899,
        0.649519052838329,
        0.82915619758885,
        0.57282196186948,
        0.57282196186948,
        0.739509972887452,
        0.5153882032022076,
        0.57282196186948,
        0.414578098794425,
        0.770551750371122,
        0.576981943621554,
        0.6373774391990981,
        0.6373774391990981,
        0.5153882032022076,
        0.5863019699779287,
        0.6123724356957945,
        0.6959705453537527,
        0.5153882032022076,
        0.6614378277661477,
        0.5590169943749475,
        0.7071067811865476,
        0.57282196186948,
        0.673145600891813,
        0.6373774391990981,
        0.75,
        0.7180703308172536,
        0.5863019699779287,
        0.5590169943749475,
        0.5448623679425842,
        0.625,
        0.673145600891813,
        0.673145600891813,
        0.6821127309893709,
        0.46770717334674267,
        0.5590169943749475,
        0.57282196186948,
        0.5448623679425842,
        0.649519052838329,
        0.5863019699779287,
        0.673145600891813,
        0.770551750371122,
        0.625
    ],
    [
        0.1767766952966369,
        0.75,
        0.0,
        0.739509972887452,
        0.9682458365518543,
        0.6614378277661477,
        0.5303300858899106,
        0.44682522061515034,
        0.9100137361600648,
        0.9437293044088437,
        0.21650635094610965,
        0.45069390943299864,
        0.649519052838329,
        1.0458250331675945,
        1.0077822185373186,
        0.46770717334674267,
        0.5994789404140899,
        0.9437293044088437,
        0.773649250801231,
        0.875,
        0.8003905296791061,
        0.6959705453537527,
        0.5448623679425842,
        0.8385254915624212,
        0.8385254915624212,
        0.770551750371122,
        0.6959705453537527,
        0.5448623679425842,
        0.6959705453537527,
        0.625,
        0.770551750371122,
        0.30618621784789724,
        0.9842509842514764,
        0.9185586535436918,
        0.45069390943299864,
        0.770551750371122,
        0.6614378277661477,
        0.2795084971874737,
        0.9354143466934853,
        1.0307764064044151,
        0.7156485015549029,
        0.5590169943749475,
        0.5863019699779287,
        0.9682458365518543,
        0.6373774391990981,
        0.5,
        0.5863019699779287,
        0.1767766952966369,
        0.9270248108869579,
        0.4841229182759271
    ],
    [
        0.8385254915624212,
        0.673145600891813,
        0.739509972887452,
        0.0,
        0.7071067811865476,
        0.5153882032022076,
        0.5994789404140899,
        0.44095855184409843,
        0.6959705453537527,
        0.6959705453537527,
        0.960143218483576,
        0.5863019699779287,
        0.5303300858899106,
        0.8660254037844386,
        0.7071067811865476,
        0.5153882032022076,
        0.5,
        0.7071067811865476,
        0.6341171751630251,
        0.739509972887452,
        0.6959705453537527,
        0.5590169943749475,
        0.5,
        0.6959705453537527,
        0.5994789404140899,
        0.57282196186948,
        0.5863019699779287,
        0.5590169943749475,
        0.673145600891813,
        0.5303300858899106,
        0.6959705453537527,
        0.57282196186948,
        0.6614378277661477,
        0.770551750371122,
        0.5448623679425842,
        0.57282196186948,
        0.57282196186948,
        0.625,
        0.625,
        0.7603453162872774,
        0.6666666666666667,
        0.5153882032022076,
        0.45069390943299864,
        0.673145600891813,
        0.5303300858899106,
        0.5448623679425842,
        0.46770717334674267,
        0.6846531968814576,
        0.770551750371122,
        0.5303300858899106
    ],
    [
        0.9437293044088437,
        0.75,
        0.9682458365518543,
        0.7071067811865476,
        0.0,
        0.625,
        0.6373774391990981,
        0.6666666666666667,
        0.7071067811865476,
        0.649519052838329,
        1.2119199643540823,
        0.6846531968814576,
        0.625,
        0.7603453162872774,
        0.75,
        0.7288689868556626,
        0.6123724356957945,
        0.7806247497997998,
        0.6376275382627544,
        0.6123724356957945,
        0.57282196186948,
        0.5994789404140899,
        0.649519052838329,
        0.649519052838329,
        0.7180703308172536,
        0.5448623679425842,
        0.7288689868556626,
        0.6959705453537527,
        0.6373774391990981,
        0.7071067811865476,
        0.6959705453537527,
        0.82915619758885,
        0.7603453162872774,
        0.649519052838329,
        0.6614378277661477,
        0.5590169943749475,
        0.6123724356957945,
        0.8385254915624212,
        0.6959705453537527,
        0.6959705453537527,
        0.6387379048648288,
        0.649519052838329,
        0.5448623679425842,
        0.6123724356957945,
        0.5994789404140899,
        0.739509972887452,
        0.673145600891813,
        0.8926785535678563,
        0.649519052838329,
        0.75
    ],
    [
        0.7071067811865476,
        0.4841229182759271,
        0.6614378277661477,
        0.5153882032022076,
        0.625,
        0.0,
        0.46770717334674267,
        0.4965156369922077,
        0.6123724356957945,
        0.5994789404140899,
        0.75,
        0.4841229182759271,
        0.4841229182759271,
        0.7071067811865476,
        0.625,
        0.375,
        0.39528470752104744,
        0.6373774391990981,
        0.5348206832811406,
        0.5863019699779287,
        0.5448623679425842,
        0.46770717334674267,
        0.45069390943299864,
        0.5590169943749475,
        0.6373774391990981,
        0.46770717334674267,
        0.4330127018922193,
        0.4330127018922193,
        0.625,
        0.33071891388307384,
        0.5590169943749475,
        0.4841229182759271,
        0.7180703308172536,
        0.625,
        0.4841229182759271,
        0.5153882032022076,
        0.414578098794425,
        0.5,
        0.6373774391990981,
        0.6614378277661477,
        0.5833333333333334,
        0.375,
        0.46770717334674267,
        0.6373774391990981,
        0.45069390943299864,
        0.414578098794425,
        0.46770717334674267,
        0.57282196186948,
        0.6614378277661477,
        0.4841229182759271
    ],
    [
        0.5590169943749475,
        0.5863019699779287,
        0.5303300858899106,
        0.5994789404140899,
        0.6373774391990981,
        0.46770717334674267,
        0.0,
        0.3703414340548162,
        0.6614378277661477,
        0.6614378277661477,
        0.6123724356957945,
        0.39528470752104744,
        0.414578098794425,
        0.8100925873009825,
        0.75,
        0.3535533905932738,
        0.4330127018922193,
        0.6959705453537527,
        0.5348206832811406,
        0.5,
        0.5,
        0.5153882032022076,
        0.3535533905932738,
        0.625,
        0.649519052838329,
        0.5303300858899106,
        0.414578098794425,
        0.4330127018922193,
        0.5303300858899106,
        0.414578098794425,
        0.5303300858899106,
        0.39528470752104744,
        0.7071067811865476,
        0.6123724356957945,
        0.30618621784789724,
        0.5590169943749475,
        0.4841229182759271,
        0.3535533905932738,
        0.6373774391990981,
        0.770551750371122,
        0.5697830971323893,
        0.3535533905932738,
        0.39528470752104744,
        0.649519052838329,
        0.45069390943299864,
        0.375,
        0.30618621784789724,
        0.4330127018922193,
        0.5590169943749475,
        0.375
    ],
    [
        0.5120085719768545,
        0.6095307849303248,
        0.44682522061515034,
        0.44095855184409843,
        0.6666666666666667,
        0.4965156369922077,
        0.3703414340548162,
        0.0,
        0.6934715407122183,
        0.6934715407122183,
        0.5833333333333334,
        0.3254270698294439,
        0.4805234414446165,
        0.8457409637576849,
        0.7383352144445563,
        0.3254270698294439,
        0.42898458920779164,
        0.7476816018719317,
        0.5867852191594777,
        0.6346477588219923,
        0.5980291706003051,
        0.4823265376162594,
        0.34860834438919813,
        0.6109532624422992,
        0.6934715407122183,
        0.5432668671002208,
        0.4639803635691685,
        0.41036907507483766,
        0.5697830971323893,
        0.44682522061515034,
        0.6095307849303248,
        0.34860834438919813,
        0.731247032282677,
        0.7156485015549029,
        0.3333333333333333,
        0.5697830971323893,
        0.5416666666666666,
        0.34860834438919813,
        0.6588078458684123,
        0.7795119555779045,
        0.57282196186948,
        0.3908679799852858,
        0.3333333333333333,
        0.7264831572567789,
        0.4658474953124562,
        0.3703414340548162,
        0.34860834438919813,
        0.41036907507483766,
        0.7476816018719317,
        0.3254270698294439
    ],
    [
        0.9437293044088437,
        0.5994789404140899,
        0.9100137361600648,
        0.6959705453537527,
        0.7071067811865476,
        0.6123724356957945,
        0.6614378277661477,
        0.6934715407122183,
        0.0,
        0.6123724356957945,
        1.224744871391589,
        0.6959705453537527,
        0.649519052838329,
        0.739509972887452,
        0.5863019699779287,
        0.7180703308172536,
        0.5303300858899106,
        0.7288689868556626,
        0.576981943621554,
        0.6123724356957945,
        0.5994789404140899,
        0.5,
        0.5994789404140899,
        0.6123724356957945,
        0.673145600891813,
        0.5590169943749475,
        0.6614378277661477,
        0.6959705453537527,
        0.7071067811865476,
        0.7071067811865476,
        0.625,
        0.7905694150420949,
        0.7288689868556626,
        0.649519052838329,
        0.7071067811865476,
        0.5994789404140899,
        0.673145600891813,
        0.7905694150420949,
        0.5,
        0.649519052838329,
        0.6095307849303248,
        0.6123724356957945,
        0.625,
        0.5448623679425842,
        0.57282196186948,
        0.6846531968814576,
        0.5863019699779287,
        0.8385254915624212,
        0.6846531968814576,
        0.7288689868556626
    ],
    [
        1.0077822185373186,
        0.649519052838329,
        0.9437293044088437,
        0.6959705453537527,
        0.649519052838329,
        0.5994789404140899,
        0.6614378277661477,
        0.6934715407122183,
        0.6123724356957945,
        0.0,
        1.14564392373896,
        0.5863019699779287,
        0.5153882032022076,
        0.81967981553775,
        0.6846531968814576,
        0.7071067811865476,
        0.57282196186948,
        0.57282196186948,
        0.641118681107723,
        0.625,
        0.5863019699779287,
        0.5994789404140899,
        0.6123724356957945,
        0.5994789404140899,
        0.7071067811865476,
        0.57282196186948,
        0.625,
        0.5863019699779287,
        0.5994789404140899,
        0.625,
        0.649519052838329,
        0.8100925873009825,
        0.7603453162872774,
        0.7180703308172536,
        0.739509972887452,
        0.625,
        0.6373774391990981,
        0.8003905296791061,
        0.6123724356957945,
        0.6846531968814576,
        0.6346477588219923,
        0.5863019699779287,
        0.625,
        0.6373774391990981,
        0.5153882032022076,
        0.7071067811865476,
        0.6123724356957945,
        0.8569568250501305,
        0.673145600891813,
        0.7180703308172536
    ],
    [
        0.1767766952966369,
        0.82915619758885,
        0.21650635094610965,
        0.960143218483576,
        1.2119199643540823,
        0.75,
        0.6123724356957945,
        0.5833333333333334,
        1.224744871391589,
        1.14564392373896,
        0.0,
        0.5863019699779287,
        0.75,
        1.357847561400027,
        1.1858541225631423,
        0.57282196186948,
        0.6846531968814576,
        1.0752906583803283,
        0.9379675704763497,
        0.9921567416492215,
        1.0532687216470449,
        0.9013878188659973,
        0.6846531968814576,
        1.103970108290981,
        1.1792476415070754,
        0.9762812094883317,
        0.8569568250501305,
        0.673145600891813,
        0.9354143466934853,
        0.7288689868556626,
        0.960143218483576,
        0.4330127018922193,
        1.2930100540985752,
        1.25,
        0.5448623679425842,
        1.015504800579495,
        0.8838834764831844,
        0.375,
        1.1858541225631423,
        1.286953767623375,
        0.9664511253952668,
        0.625,
        0.6959705453537527,
        1.125,
        0.7806247497997998,
        0.6959705453537527,
        0.739509972887452,
        0.25,
        1.159202311936963,
        0.6123724356957945
    ],
    [
        0.5,
        0.57282196186948,
        0.45069390943299864,
        0.5863019699779287,
        0.6846531968814576,
        0.4841229182759271,
        0.39528470752104744,
        0.3254270698294439,
        0.6959705453537527,
        0.5863019699779287,
        0.5863019699779287,
        0.0,
        0.414578098794425,
        0.875,
        0.75,
        0.33071891388307384,
        0.45069390943299864,
        0.673145600891813,
        0.6162654973834785,
        0.6846531968814576,
        0.6123724356957945,
        0.4841229182759271,
        0.414578098794425,
        0.5994789404140899,
        0.7071067811865476,
        0.5590169943749475,
        0.4841229182759271,
        0.2795084971874737,
        0.4330127018922193,
        0.375,
        0.5863019699779287,
        0.375,
        0.7905694150420949,
        0.7071067811865476,
        0.375,
        0.5863019699779287,
        0.46770717334674267,
        0.375,
        0.7071067811865476,
        0.75,
        0.5697830971323893,
        0.375,
        0.39528470752104744,
        0.6959705453537527,
        0.39528470752104744,
        0.4330127018922193,
        0.414578098794425,
        0.39528470752104744,
        0.7071067811865476,
        0.39528470752104744
    ],
    [
        0.6846531968814576,
        0.57282196186948,
        0.649519052838329,
        0.5303300858899106,
        0.625,
        0.4841229182759271,
        0.414578098794425,
        0.4805234414446165,
        0.649519052838329,
        0.5153882032022076,
        0.75,
        0.414578098794425,
        0.0,
        0.8569568250501305,
        0.673145600891813,
        0.414578098794425,
        0.4330127018922193,
        0.649519052838329,
        0.576981943621554,
        0.6123724356957945,
        0.5448623679425842,
        0.5153882032022076,
        0.30618621784789724,
        0.5994789404140899,
        0.7071067811865476,
        0.5590169943749475,
        0.4330127018922193,
        0.46770717334674267,
        0.5590169943749475,
        0.46770717334674267,
        0.4841229182759271,
        0.5,
        0.7180703308172536,
        0.673145600891813,
        0.5,
        0.625,
        0.5590169943749475,
        0.5153882032022076,
        0.6123724356957945,
        0.7288689868556626,
        0.5697830971323893,
        0.414578098794425,
        0.39528470752104744,
        0.625,
        0.4841229182759271,
        0.46770717334674267,
        0.375,
        0.5863019699779287,
        0.673145600891813,
        0.414578098794425
    ],
    [
        1.0897247358851685,
        0.739509972887452,
        1.0458250331675945,
        0.8660254037844386,
        0.7603453162872774,
        0.7071067811865476,
        0.8100925873009825,
        0.8457409637576849,
        0.739509972887452,
        0.81967981553775,
        1.357847561400027,
        0.875,
        0.8569568250501305,
        0.0,
        0.6846531968814576,
        0.8003905296791061,
        0.75,
        0.8385254915624212,
        0.773649250801231,
        0.673145600891813,
        0.770551750371122,
        0.6959705453537527,
        0.81967981553775,
        0.739509972887452,
        0.770551750371122,
        0.7180703308172536,
        0.75,
        0.82915619758885,
        0.82915619758885,
        0.7603453162872774,
        0.7806247497997998,
        0.9100137361600648,
        0.6373774391990981,
        0.6846531968814576,
        0.8660254037844386,
        0.7071067811865476,
        0.8100925873009825,
        0.960143218483576,
        0.7603453162872774,
        0.75,
        0.8364524958285304,
        0.8100925873009825,
        0.75,
        0.7071067811865476,
        0.7806247497997998,
        0.8003905296791061,
        0.8003905296791061,
        0.9842509842514764,
        0.770551750371122,
        0.8003905296791061
    ],
    [
        1.0897247358851685,
        0.5153882032022076,
        1.0077822185373186,
        0.7071067811865476,
        0.75,
        0.625,
        0.75,
        0.7383352144445563,
        0.5863019699779287,
        0.6846531968814576,
        1.1858541225631423,
        0.75,
        0.673145600891813,
        0.6846531968814576,
        0.0,
        0.7071067811865476,
        0.57282196186948,
        0.770551750371122,
        0.6165241607725739,
        0.7288689868556626,
        0.7071067811865476,
        0.6123724356957945,
        0.6846531968814576,
        0.6373774391990981,
        0.7071067811865476,
        0.625,
        0.7071067811865476,
        0.673145600891813,
        0.82915619758885,
        0.6959705453537527,
        0.7180703308172536,
        0.81967981553775,
        0.6373774391990981,
        0.7180703308172536,
        0.739509972887452,
        0.6373774391990981,
        0.7071067811865476,
        0.82915619758885,
        0.625,
        0.5863019699779287,
        0.7694243880258078,
        0.6614378277661477,
        0.649519052838329,
        0.6123724356957945,
        0.673145600891813,
        0.6959705453537527,
        0.6959705453537527,
        0.9013878188659973,
        0.8100925873009825,
        0.7806247497997998
    ],
    [
        0.5303300858899106,
        0.57282196186948,
        0.46770717334674267,
        0.5153882032022076,
        0.7288689868556626,
        0.375,
        0.3535533905932738,
        0.3254270698294439,
        0.7180703308172536,
        0.7071067811865476,
        0.57282196186948,
        0.33071891388307384,
        0.414578098794425,
        0.8003905296791061,
        0.7071067811865476,
        0.0,
        0.39528470752104744,
        0.6846531968814576,
        0.590366973386305,
        0.5863019699779287,
        0.5863019699779287,
        0.4330127018922193,
        0.375,
        0.6373774391990981,
        0.6614378277661477,
        0.5303300858899106,
        0.4841229182759271,
        0.33071891388307384,
        0.5994789404140899,
        0.30618621784789724,
        0.5994789404140899,
        0.33071891388307384,
        0.6959705453537527,
        0.7180703308172536,
        0.30618621784789724,
        0.5590169943749475,
        0.4330127018922193,
        0.3535533905932738,
        0.6614378277661477,
        0.770551750371122,
        0.6346477588219923,
        0.3535533905932738,
        0.39528470752104744,
        0.7071067811865476,
        0.46770717334674267,
        0.3535533905932738,
        0.30618621784789724,
        0.375,
        0.6846531968814576,
        0.33071891388307384
    ],
    [
        0.6373774391990981,
        0.414578098794425,
        0.5994789404140899,
        0.5,
        0.6123724356957945,
        0.39528470752104744,
        0.4330127018922193,
        0.42898458920779164,
        0.5303300858899106,
        0.57282196186948,
        0.6846531968814576,
        0.45069390943299864,
        0.4330127018922193,
        0.75,
        0.57282196186948,
        0.39528470752104744,
        0.0,
        0.6123724356957945,
        0.5200078492343227,
        0.45069390943299864,
        0.4841229182759271,
        0.3535533905932738,
        0.375,
        0.5590169943749475,
        0.625,
        0.39528470752104744,
        0.4841229182759271,
        0.39528470752104744,
        0.6123724356957945,
        0.414578098794425,
        0.57282196186948,
        0.5,
        0.673145600891813,
        0.625,
        0.4330127018922193,
        0.4330127018922193,
        0.46770717334674267,
        0.5,
        0.5,
        0.6614378277661477,
        0.5833333333333334,
        0.30618621784789724,
        0.375,
        0.5863019699779287,
        0.414578098794425,
        0.4841229182759271,
        0.39528470752104744,
        0.5303300858899106,
        0.625,
        0.45069390943299864
    ],
    [
        1.0,
        0.770551750371122,
        0.9437293044088437,
        0.7071067811865476,
        0.7806247497997998,
        0.6373774391990981,
        0.6959705453537527,
        0.7476816018719317,
        0.7288689868556626,
        0.57282196186948,
        1.0752906583803283,
        0.673145600891813,
        0.649519052838329,
        0.8385254915624212,
        0.770551750371122,
        0.6846531968814576,
        0.6123724356957945,
        0.0,
        0.6993984295559336,
        0.6373774391990981,
        0.7806247497997998,
        0.6959705453537527,
        0.649519052838329,
        0.7288689868556626,
        0.8003905296791061,
        0.673145600891813,
        0.57282196186948,
        0.6614378277661477,
        0.7071067811865476,
        0.57282196186948,
        0.6614378277661477,
        0.7905694150420949,
        0.7806247497997998,
        0.8003905296791061,
        0.7603453162872774,
        0.739509972887452,
        0.739509972887452,
        0.7806247497997998,
        0.673145600891813,
        0.739509972887452,
        0.6705615391429617,
        0.7071067811865476,
        0.6123724356957945,
        0.7071067811865476,
        0.673145600891813,
        0.6614378277661477,
        0.6373774391990981,
        0.8569568250501305,
        0.7905694150420949,
        0.6373774391990981
    ],
    [
        0.7836824377675604,
        0.576981943621554,
        0.773649250801231,
        0.6341171751630251,
        0.6376275382627544,
        0.5348206832811406,
        0.5348206832811406,
        0.5867852191594777,
        0.576981943621554,
        0.641118681107723,
        0.9379675704763497,
        0.6162654973834785,
        0.576981943621554,
        0.773649250801231,
        0.6165241607725739,
        0.590366973386305,
        0.5200078492343227,
        0.6993984295559336,
        0.0,
        0.6034551874541357,
        0.549234160686775,
        0.5203143672976238,
        0.5348206832811406,
        0.576981943621554,
        0.6131530254781926,
        0.5050762722761054,
        0.590366973386305,
        0.5200078492343227,
        0.6531907556489958,
        0.549234160686775,
        0.5047605008965204,
        0.6650437303405741,
        0.7531820253201122,
        0.6881374595713462,
        0.5593021344059224,
        0.5632789391281252,
        0.5632789391281252,
        0.590366973386305,
        0.5632789391281252,
        0.6162654973834785,
        0.5453823369197395,
        0.5348206832811406,
        0.5451549115169195,
        0.641118681107723,
        0.549234160686775,
        0.590366973386305,
        0.590366973386305,
        0.6993984295559336,
        0.6034551874541357,
        0.6288148879163932
    ],
    [
        0.8100925873009825,
        0.6373774391990981,
        0.875,
        0.739509972887452,
        0.6123724356957945,
        0.5863019699779287,
        0.5,
        0.6346477588219923,
        0.6123724356957945,
        0.625,
        0.9921567416492215,
        0.6846531968814576,
        0.6123724356957945,
        0.673145600891813,
        0.7288689868556626,
        0.5863019699779287,
        0.45069390943299864,
        0.6373774391990981,
        0.6034551874541357,
        0.0,
        0.5303300858899106,
        0.5153882032022076,
        0.5994789404140899,
        0.625,
        0.6614378277661477,
        0.5153882032022076,
        0.4841229182759271,
        0.6373774391990981,
        0.6846531968814576,
        0.5994789404140899,
        0.6373774391990981,
        0.7071067811865476,
        0.6614378277661477,
        0.5863019699779287,
        0.5994789404140899,
        0.5590169943749475,
        0.5863019699779287,
        0.75,
        0.5994789404140899,
        0.6959705453537527,
        0.7046472718869902,
        0.5303300858899106,
        0.46770717334674267,
        0.5863019699779287,
        0.5448623679425842,
        0.649519052838329,
        0.649519052838329,
        0.81967981553775,
        0.5448623679425842,
        0.5863019699779287
    ],
    [
        0.7905694150420949,
        0.6373774391990981,
        0.8003905296791061,
        0.6959705453537527,
        0.57282196186948,
        0.5448623679425842,
        0.5,
        0.5980291706003051,
        0.5994789404140899,
        0.5863019699779287,
        1.0532687216470449,
        0.6123724356957945,
        0.5448623679425842,
        0.770551750371122,
        0.7071067811865476,
        0.5863019699779287,
        0.4841229182759271,
        0.7806247497997998,
        0.549234160686775,
        0.5303300858899106,
        0.0,
        0.5153882032022076,
        0.5303300858899106,
        0.5863019699779287,
        0.649519052838329,
        0.46770717334674267,
        0.57282196186948,
        0.625,
        0.57282196186948,
        0.6614378277661477,
        0.5994789404140899,
        0.6373774391990981,
        0.770551750371122,
        0.57282196186948,
        0.5303300858899106,
        0.5,
        0.57282196186948,
        0.7180703308172536,
        0.5590169943749475,
        0.7603453162872774,
        0.5713045500334204,
        0.45069390943299864,
        0.5,
        0.57282196186948,
        0.5,
        0.6373774391990981,
        0.5,
        0.7288689868556626,
        0.5994789404140899,
        0.5863019699779287
    ],
    [
        0.770551750371122,
        0.5153882032022076,
        0.6959705453537527,
        0.5590169943749475,
        0.5994789404140899,
        0.46770717334674267,
        0.5153882032022076,
        0.4823265376162594,
        0.5,
        0.5994789404140899,
        0.9013878188659973,
        0.4841229182759271,
        0.5153882032022076,
        0.6959705453537527,
        0.6123724356957945,
        0.4330127018922193,
        0.3535533905932738,
        0.6959705453537527,
        0.5203143672976238,
        0.5153882032022076,
        0.5153882032022076,
        0.0,
        0.4841229182759271,
        0.5303300858899106,
        0.6373774391990981,
        0.45069390943299864,
        0.5153882032022076,
        0.46770717334674267,
        0.5994789404140899,
        0.4330127018922193,
        0.5994789404140899,
        0.5590169943749475,
        0.7071067811865476,
        0.5994789404140899,
        0.45069390943299864,
        0.45069390943299864,
        0.46770717334674267,
        0.5863019699779287,
        0.5590169943749475,
        0.649519052838329,
        0.5713045500334204,
        0.414578098794425,
        0.375,
        0.5863019699779287,
        0.4330127018922193,
        0.5153882032022076,
        0.45069390943299864,
        0.6123724356957945,
        0.6959705453537527,
        0.5303300858899106
    ],
    [
        0.625,
        0.5863019699779287,
        0.5448623679425842,
        0.5,
        0.649519052838329,
        0.45069390943299864,
        0.3535533905932738,
        0.34860834438919813,
        0.5994789404140899,
        0.6123724356957945,
        0.6846531968814576,
        0.414578098794425,
        0.30618621784789724,
        0.81967981553775,
        0.6846531968814576,
        0.375,
        0.375,
        0.649519052838329,
        0.5348206832811406,
        0.5994789404140899,
        0.5303300858899106,
        0.4841229182759271,
        0.0,
        0.57282196186948,
        0.6373774391990981,
        0.5448623679425842,
        0.414578098794425,
        0.375,
        0.5590169943749475,
        0.45069390943299864,
        0.45069390943299864,
        0.39528470752104744,
        0.7071067811865476,
        0.6614378277661477,
        0.414578098794425,
        0.57282196186948,
        0.5153882032022076,
        0.4330127018922193,
        0.5448623679425842,
        0.7071067811865476,
        0.5120085719768545,
        0.375,
        0.375,
        0.6123724356957945,
        0.414578098794425,
        0.414578098794425,
        0.30618621784789724,
        0.4841229182759271,
        0.6846531968814576,
        0.3535533905932738
    ],
    [
        0.875,
        0.6123724356957945,
        0.8385254915624212,
        0.6959705453537527,
        0.649519052838329,
        0.5590169943749475,
        0.625,
        0.6109532624422992,
        0.6123724356957945,
        0.5994789404140899,
        1.103970108290981,
        0.5994789404140899,
        0.5994789404140899,
        0.739509972887452,
        0.6373774391990981,
        0.6373774391990981,
        0.5590169943749475,
        0.7288689868556626,
        0.576981943621554,
        0.625,
        0.5863019699779287,
        0.5303300858899106,
        0.57282196186948,
        0.0,
        0.57282196186948,
        0.5448623679425842,
        0.5994789404140899,
        0.5448623679425842,
        0.6373774391990981,
        0.5994789404140899,
        0.5863019699779287,
        0.6959705453537527,
        0.6959705453537527,
        0.6614378277661477,
        0.5863019699779287,
        0.5994789404140899,
        0.5303300858899106,
        0.673145600891813,
        0.5863019699779287,
        0.57282196186948,
        0.5713045500334204,
        0.5863019699779287,
        0.5448623679425842,
        0.5863019699779287,
        0.46770717334674267,
        0.6123724356957945,
        0.5448623679425842,
        0.770551750371122,
        0.673145600891813,
        0.649519052838329
    ],
    [
        0.8660254037844386,
        0.6959705453537527,
        0.8385254915624212,
        0.5994789404140899,
        0.7180703308172536,
        0.6373774391990981,
        0.649519052838329,
        0.6934715407122183,
        0.673145600891813,
        0.7071067811865476,
        1.1792476415070754,
        0.7071067811865476,
        0.7071067811865476,
        0.770551750371122,
        0.7071067811865476,
        0.6614378277661477,
        0.625,
        0.8003905296791061,
        0.6131530254781926,
        0.6614378277661477,
        0.649519052838329,
        0.6373774391990981,
        0.6373774391990981,
        0.57282196186948,
        0.0,
        0.6123724356957945,
        0.5994789404140899,
        0.625,
        0.7806247497997998,
        0.6373774391990981,
        0.5863019699779287,
        0.6846531968814576,
        0.6959705453537527,
        0.739509972887452,
        0.7071067811865476,
        0.649519052838329,
        0.6123724356957945,
        0.7071067811865476,
        0.6614378277661477,
        0.75,
        0.6782841915041545,
        0.649519052838329,
        0.6373774391990981,
        0.7180703308172536,
        0.57282196186948,
        0.57282196186948,
        0.6123724356957945,
        0.770551750371122,
        0.739509972887452,
        0.7071067811865476
    ],
    [
        0.770551750371122,
        0.5153882032022076,
        0.770551750371122,
        0.57282196186948,
        0.5448623679425842,
        0.46770717334674267,
        0.5303300858899106,
        0.5432668671002208,
        0.5590169943749475,
        0.57282196186948,
        0.9762812094883317,
        0.5590169943749475,
        0.5590169943749475,
        0.7180703308172536,
        0.625,
        0.5303300858899106,
        0.39528470752104744,
        0.673145600891813,
        0.5050762722761054,
        0.5153882032022076,
        0.46770717334674267,
        0.45069390943299864,
        0.5448623679425842,
        0.5448623679425842,
        0.6123724356957945,
        0.0,
        0.5303300858899106,
        0.5303300858899106,
        0.5863019699779287,
        0.5303300858899106,
        0.5994789404140899,
        0.6373774391990981,
        0.6959705453537527,
        0.5863019699779287,
        0.5153882032022076,
        0.4330127018922193,
        0.5,
        0.649519052838329,
        0.5448623679425842,
        0.5994789404140899,
        0.5713045500334204,
        0.45069390943299864,
        0.4330127018922193,
        0.45069390943299864,
        0.46770717334674267,
        0.6123724356957945,
        0.5153882032022076,
        0.6959705453537527,
        0.5994789404140899,
        0.5863019699779287
    ],
    [
        0.7071067811865476,
        0.6614378277661477,
        0.6959705453537527,
        0.5863019699779287,
        0.7288689868556626,
        0.4330127018922193,
        0.414578098794425,
        0.4639803635691685,
        0.6614378277661477,
        0.625,
        0.8569568250501305,
        0.4841229182759271,
        0.4330127018922193,
        0.75,
        0.7071067811865476,
        0.4841229182759271,
        0.4841229182759271,
        0.57282196186948,
        0.590366973386305,
        0.4841229182759271,
        0.57282196186948,
        0.5153882032022076,
        0.414578098794425,
        0.5994789404140899,
        0.5994789404140899,
        0.5303300858899106,
        0.0,
        0.414578098794425,
        0.6373774391990981,
        0.375,
        0.5153882032022076,
        0.5153882032022076,
        0.7180703308172536,
        0.6123724356957945,
        0.5153882032022076,
        0.5994789404140899,
        0.5590169943749475,
        0.5,
        0.5863019699779287,
        0.7071067811865476,
        0.5697830971323893,
        0.4841229182759271,
        0.45069390943299864,
        0.7071067811865476,
        0.5303300858899106,
        0.3535533905932738,
        0.45069390943299864,
        0.5994789404140899,
        0.5448623679425842,
        0.414578098794425
    ],
    [
        0.6123724356957945,
        0.5590169943749475,
        0.5448623679425842,
        0.5590169943749475,
        0.6959705453537527,
        0.4330127018922193,
        0.4330127018922193,
        0.41036907507483766,
        0.6959705453537527,
        0.5863019699779287,
        0.673145600891813,
        0.2795084971874737,
        0.46770717334674267,
        0.82915619758885,
        0.673145600891813,
        0.33071891388307384,
        0.39528470752104744,
        0.6614378277661477,
        0.5200078492343227,
        0.6373774391990981,
        0.625,
        0.46770717334674267,
        0.375,
        0.5448623679425842,
        0.625,
        0.5303300858899106,
        0.414578098794425,
        0.0,
        0.5153882032022076,
        0.414578098794425,
        0.5303300858899106,
        0.4330127018922193,
        0.7288689868556626,
        0.649519052838329,
        0.3535533905932738,
        0.5448623679425842,
        0.4330127018922193,
        0.375,
        0.6373774391990981,
        0.6959705453537527,
        0.5416666666666666,
        0.33071891388307384,
        0.39528470752104744,
        0.6614378277661477,
        0.39528470752104744,
        0.4330127018922193,
        0.414578098794425,
        0.46770717334674267,
        0.7180703308172536,
        0.414578098794425
    ],
    [
        0.6959705453537527,
        0.7071067811865476,
        0.6959705453537527,
        0.673145600891813,
        0.6373774391990981,
        0.625,
        0.5303300858899106,
        0.5697830971323893,
        0.7071067811865476,
        0.5994789404140899,
        0.9354143466934853,
        0.4330127018922193,
        0.5590169943749475,
        0.82915619758885,
        0.82915619758885,
        0.5994789404140899,
        0.6123724356957945,
        0.7071067811865476,
        0.6531907556489958,
        0.6846531968814576,
        0.57282196186948,
        0.5994789404140899,
        0.5590169943749475,
        0.6373774391990981,
        0.7806247497997998,
        0.5863019699779287,
        0.6373774391990981,
        0.5153882032022076,
        0.0,
        0.5994789404140899,
        0.57282196186948,
        0.625,
        0.82915619758885,
        0.625,
        0.5153882032022076,
        0.5590169943749475,
        0.5303300858899106,
        0.6123724356957945,
        0.673145600891813,
        0.75,
        0.5270462766947299,
        0.57282196186948,
        0.5,
        0.673145600891813,
        0.4841229182759271,
        0.6614378277661477,
        0.5590169943749475,
        0.6373774391990981,
        0.5863019699779287,
        0.57282196186948
    ],
    [
        0.6846531968814576,
        0.57282196186948,
        0.625,
        0.5303300858899106,
        0.7071067811865476,
        0.33071891388307384,
        0.414578098794425,
        0.44682522061515034,
        0.7071067811865476,
        0.625,
        0.7288689868556626,
        0.375,
        0.46770717334674267,
        0.7603453162872774,
        0.6959705453537527,
        0.30618621784789724,
        0.414578098794425,
        0.57282196186948,
        0.549234160686775,
        0.5994789404140899,
        0.6614378277661477,
        0.4330127018922193,
        0.45069390943299864,
        0.5994789404140899,
        0.6373774391990981,
        0.5303300858899106,
        0.375,
        0.414578098794425,
        0.5994789404140899,
        0.0,
        0.5303300858899106,
        0.414578098794425,
        0.7071067811865476,
        0.7071067811865476,
        0.4330127018922193,
        0.57282196186948,
        0.414578098794425,
        0.4330127018922193,
        0.6614378277661477,
        0.7180703308172536,
        0.6095307849303248,
        0.414578098794425,
        0.4330127018922193,
        0.6959705453537527,
        0.46770717334674267,
        0.33071891388307384,
        0.4330127018922193,
        0.5,
        0.7071067811865476,
        0.414578098794425
    ],
    [
        0.7806247497997998,
        0.673145600891813,
        0.770551750371122,
        0.6959705453537527,
        0.6959705453537527,
        0.5590169943749475,
        0.5303300858899106,
