[
    [
        0.0,
        0.7820308597651374,
        0.5077524002897476,
        0.28895690638917076,
        0.2647042866577721,
        0.40202126032089397,
        0.8298919828055938,
        0.39744054193677825,
        0.6794629657862156,
        1.1158481919598202,
        0.47752208718550393,
        0.3634282296754065,
        0.22041774968227945,
        0.410137648387709,
        0.3433947027474361,
        0.2768757054167086,
        0.7843687748756958,
        0.36776882174811937,
        0.33438960248488586,
        0.21079277442550065,
        0.2799448885495143,
        0.592102978796763,
        0.433294519495689,
        0.36743675050952646,
        0.4752158226795484,
        0.29022149407822984,
        0.5603256586575346,
        0.38937299357428473,
        0.3843241836327764,
        0.44982032485513346,
        0.4148724389797423,
        0.7212930554739869,
        0.6905118685620111,
        0.41751216299648086,
        0.4026280852101602,
        0.49509310992983935,
        0.33071891388307384,
        0.48260766285876566,
        0.370744078678271,
        0.6940385098285253,
        0.2790714234295586,
        0.2893790496476896,
        0.44855211707906484,
        0.38305158350410196,
        0.5287163848652697,
        0.5160982676535545,
        0.8535312677342289,
        0.25958199571618984,
        0.4772663859156645
    ],
    [
        0.7820308597651374,
        0.0,
        0.2312288841710741,
        0.3576725981956124,
        0.3801726581436387,
        0.517279542413964,
        1.232989729022509,
        0.5633673867912483,
        1.119997558591089,
        1.6152804274722703,
        0.8672930678986198,
        0.8205728753438052,
        0.49361153121660356,
        0.8309209875192707,
        0.7266884971395928,
        0.46875,
        1.254873312828829,
        0.6695089151758922,
        0.42990051538117513,
        0.40202126032089397,
        0.328125,
        0.7959553516843768,
        0.7845243881645745,
        0.7363669792467612,
        0.18684782411095935,
        0.5535309244974485,
        1.0430199542674148,
        0.597847702178406,
        0.47624220794150535,
        0.269477777505761,
        0.20787710461953235,
        0.11692679333668567,
        0.1137517170200081,
        0.6373774391990981,
        0.20787710461953235,
        0.14823176532039278,
        0.7773339352395469,
        0.9991451424217604,
        0.7260162597180589,
        0.9919106405064924,
        0.3921843874378479,
        0.3782412011534439,
        0.40245961451982293,
        0.2181912506838897,
        0.8061652087196519,
        0.14320549046737,
        1.3301455218790912,
        0.3912495007984036,
        0.19825902406952375
    ],
    [
        0.5077524002897476,
        0.2312288841710741,
        0.0,
        0.35733114456341475,
        0.33874192794810626,
        0.6977222988051909,
        1.2994139303932368,
        0.5598897770990287,
        0.9526125671672614,
        1.4893829993490593,
        0.8556738481308167,
        0.78125,
        0.38843134045800165,
        0.600089511552235,
        0.5935443722882056,
        0.40864677595693816,
        1.08669600308688,
        0.6019175088830695,
        0.41546049375963534,
        0.45874744549697494,
        0.38843134045800165,
        0.773871406064987,
        0.7467376965842826,
        0.5392323102105436,
        0.19702375332685143,
        0.506307867063114,
        0.8395439145006055,
        0.7320441734451549,
        0.587134194626748,
        0.2901747557746691,
        0.2460627460628691,
        0.19390115071860714,
        0.14986973510352247,
        0.6798221849314716,
        0.2430679560328757,
        0.23593232610221093,
        0.5764333358030224,
        0.7754471996048474,
        0.6778441238588707,
        1.0018293813694026,
        0.4504229782937367,
        0.427051574022389,
        0.427559439906053,
        0.184877493221863,
        0.8573840573949343,
        0.23280725665236468,
        1.2569144697929928,
        0.3874873989886639,
        0.3775951866748304
    ],
    [
        0.28895690638917076,
        0.3576725981956124,
        0.35733114456341475,
        0.0,
        0.23175620272173947,
        0.42216425269082175,
        1.0260284474613752,
        0.3069825422560703,
        0.6987712429686843,
        1.232989729022509,
        0.4705693858242374,
        0.4734142939857224,
        0.21930732574403436,
        0.4095419506900361,
        0.35008369535012623,
        0.2013140426050801,
        0.7840574556433986,
        0.33511891546136274,
        0.21423920626253262,
        0.22910747341586218,
        0.22480460265528374,
        0.48864049284724653,
        0.467968097870998,
        0.39404750665370286,
        0.28125,
        0.2460627460628691,
        0.5833798344560772,
        0.41339864235384227,
        0.271083618326523,
        0.25947747306419067,
        0.2567449488305466,
        0.32775276505317236,
        0.3398212995458054,
        0.4095419506900361,
        0.21194781197266463,
        0.23228232417685166,
        0.3798514306607256,
        0.5210416250166583,
        0.385275875185561,
        0.7255116728902438,
        0.1753901900050285,
        0.171875,
        0.25472956792994755,
        0.2538762001448738,
        0.4913807872973871,
        0.27599252707274524,
        0.8513832953640799,
        0.1907274314958391,
        0.28168369339562416
    ],
    [
        0.2647042866577721,
        0.3801726581436387,
        0.33874192794810626,
        0.23175620272173947,
        0.0,
        0.4198446513295126,
        0.981643034343442,
        0.2803806007019744,
        0.7987111199457536,
        1.3170494070554073,
        0.5661772166247949,
        0.426193178030808,
        0.2181912506838897,
        0.5360536499502638,
        0.42990051538117513,
        0.28168369339562416,
        0.9310979322149738,
        0.39989012162717896,
        0.23175620272173947,
        0.15857643070456592,
        0.19948664585630788,
        0.587134194626748,
        0.5340002340823456,
        0.43131792943257063,
        0.23070036031614688,
        0.318305449804115,
        0.6344981407577173,
        0.3801726581436387,
        0.28683687110446593,
        0.2583774323919263,
        0.1988737822087165,
        0.33874192794810626,
        0.3419698223162389,
        0.4764984588117783,
        0.23070036031614688,
        0.1926379375927805,
        0.38049361443393503,
        0.582332661049507,
        0.4201353018671485,
        0.8079802171154935,
        0.2724311839712921,
        0.24803918541230538,
        0.2797025329603657,
        0.27332587007087344,
        0.5787580992953792,
        0.26052081250832915,
        0.9692539012044264,
        0.1875,
        0.213668661424646
    ],
    [
        0.40202126032089397,
        0.517279542413964,
        0.6977222988051909,
        0.42216425269082175,
        0.4198446513295126,
        0.0,
        0.4747017978426035,
        0.34903606099513557,
        0.40894538525945,
        0.746247121016222,
        0.25048780534189685,
        0.2509746625657658,
        0.3603925810834624,
        0.42100604954085874,
        0.24902152266420668,
        0.46140072063229376,
        0.3924955214712647,
        0.34161267357930386,
        0.3909373750999001,
        0.3336586953759785,
        0.3538984891533164,
        0.363763960213213,
        0.3465792658252943,
        0.32021721143623744,
        0.5439654745477879,
        0.2981060004427955,
        0.4876402041977261,
        0.23175620272173947,
        0.25048780534189685,
        0.5001084951732419,
        0.4352621336620037,
        0.6527062054439194,
        0.6612532490468384,
        0.2159417962669571,
        0.5330850659134994,
        0.5031638183782693,
        0.4645646483537033,
        0.36073113689422487,
        0.2312288841710741,
        0.28598445652692384,
        0.3896863722918727,
        0.3318243840874266,
        0.5210936849283652,
        0.6216708207524301,
        0.28980057798424075,
        0.5333140051836254,
        0.5300998579277304,
        0.3511282039725661,
        0.31444705933590794
    ],
    [
        0.8298919828055938,
        1.232989729022509,
        1.2994139303932368,
        1.0260284474613752,
        0.981643034343442,
        0.4747017978426035,
        0.0,
        0.7439534910698383,
        0.37629983058725924,
        0.2348952559120767,
        0.4550068680800324,
        0.40864677595693816,
        0.8500919067959652,
        0.8831926725664112,
        0.5887951150442742,
        1.0205409870504958,
        0.3194538796915761,
        0.6117741234516216,
        0.8954092988684001,
        0.820721624166806,
        0.9682458365518543,
        0.5616312736128571,
        0.5620658046439047,
        0.510629207449006,
        1.1784192271853002,
        0.6942143716100957,
        0.640625,
        0.4684895109551547,
        0.6832253471586077,
        1.0344148616018516,
        1.0183856710500203,
        1.3183463541023657,
        1.3046641090717563,
        0.4215855488510013,
        1.1881166162250236,
        1.1378390634773443,
        0.6968469725305549,
        0.4805798906009281,
        0.6654856074702142,
        0.30856902590830465,
        1.0182657975081948,
        0.8922682209543271,
        1.150864899699835,
        1.2579823254918965,
        0.5428422739387565,
        1.1820392535254487,
        0.3029799910885206,
        0.9459256792290819,
        0.9509452534189337
    ],
    [
        0.39744054193677825,
        0.5633673867912483,
        0.5598897770990287,
        0.3069825422560703,
        0.2803806007019744,
        0.34903606099513557,
        0.7439534910698383,
        0.0,
        0.42389562394532926,
        0.8820862610170277,
        0.3175375223890871,
        0.3511282039725661,
        0.2910615001593306,
        0.3049878327491115,
        0.2609889545076573,
        0.26238836912104163,
        0.45874744549697494,
        0.27775607554111215,
        0.214808235701055,
        0.1926379375927805,
        0.3332926407453366,
        0.32211762700137975,
        0.37727176461405115,
        0.3518228202874282,
        0.4552750713854208,
        0.2715335499528557,
        0.489139870078079,
        0.3647692978102735,
        0.3647692978102735,
        0.33430846949752524,
        0.34089725358236606,
        0.5070306481121235,
        0.5721822944875173,
        0.27018150727797785,
        0.4192627457812106,
        0.4330127018922193,
        0.35561895864815757,
        0.4014135180832853,
        0.32923917977664807,
        0.5622829442327056,
        0.3198357732884175,
        0.2533949178160446,
        0.34303903750156484,
        0.45607873497895074,
        0.3175375223890871,
        0.44028133761266786,
        0.5522061577210091,
        0.3518228202874282,
        0.3759752942348739
    ],
    [
        0.6794629657862156,
        1.119997558591089,
        0.9526125671672614,
        0.6987712429686843,
        0.7987111199457536,
        0.40894538525945,
        0.37629983058725924,
        0.42389562394532926,
        0.0,
        0.48235465751353535,
        0.28895690638917076,
        0.3483358876501243,
        0.6015117673412549,
        0.4386146514880687,
        0.4113264556590057,
        0.5745242597140698,
        0.3045873232752801,
        0.3955934031616301,
        0.5089530460906978,
        0.6189156975105737,
        0.7045125198497185,
        0.29315098498896436,
        0.4372208931135382,
        0.5043753872365304,
        0.9313601025516393,
        0.38843134045800165,
        0.4684895109551547,
        0.6111752254877483,
        0.7475546071191054,
        0.6107978403171634,
        0.7172198385955313,
        1.0886039655218973,
        1.0901727214070256,
        0.3610693752591045,
        0.8111467095260881,
        0.9333240326917549,
        0.5698307040253272,
        0.5004880430639677,
        0.4035366115670299,
        0.4757292921136978,
        0.6091746465505602,
        0.5681143425843076,
        0.6379092164272105,
        0.8606524596200257,
        0.293567097313374,
        0.872205358559554,
        0.3878023014372143,
        0.6975473214234286,
        0.8162473679130611
    ],
    [
        1.1158481919598202,
        1.6152804274722703,
        1.4893829993490593,
        1.232989729022509,
        1.3170494070554073,
        0.746247121016222,
        0.2348952559120767,
        0.8820862610170277,
        0.48235465751353535,
        0.0,
        0.46561451330472936,
        0.598867746773025,
        1.0795959168827938,
        0.8418671120640121,
        0.804497853866,
        1.14872976723205,
        0.29933193844793776,
        0.6704199360289042,
        1.049320836898801,
        1.1102549327181572,
        1.2347705062581467,
        0.48286053563632636,
        0.4795627891632127,
        0.6381430580206918,
        1.4728168430341229,
        0.7529239876972974,
        0.5806532555019389,
        0.6744138079658512,
        1.0175462596978084,
        1.1908988275084962,
        1.2799154635170247,
        1.672021021660613,
        1.644786389056342,
        0.4041411611367988,
        1.393080696917806,
        1.460498764335321,
        0.8526727281026408,
        0.610775633927877,
        0.6095752875978487,
        0.48638695050854314,
        1.2041391829331858,
        1.1047438546445958,
        1.2370202844043332,
        1.4233337297520916,
        0.4259066615762191,
        1.4736454320408963,
        0.44249382057832176,
        1.1926287273288363,
        1.3202893858923506
    ],
    [
        0.47752208718550393,
        0.8672930678986198,
        0.8556738481308167,
        0.4705693858242374,
        0.5661772166247949,
        0.25048780534189685,
        0.4550068680800324,
        0.3175375223890871,
        0.28895690638917076,
        0.46561451330472936,
        0.0,
        0.24902152266420668,
        0.4523160883165665,
        0.4444207079164966,
        0.3423265984407288,
        0.4881406047441659,
        0.33729739288942034,
        0.3209787278777209,
        0.5208072910155924,
        0.4341388746703064,
        0.48789046862487484,
        0.3419698223162389,
        0.3198357732884175,
        0.38081430021731066,
        0.7105510625563796,
        0.33729739288942034,
        0.44524396402421895,
        0.37952993129659746,
        0.48538201771903333,
        0.6343271054717047,
        0.598051850281395,
        0.8431710977020026,
        0.8874669888226829,
        0.20610790559801437,
        0.6651186454310238,
        0.7281987623581903,
        0.4734142939857224,
        0.3909373750999001,
        0.2764344689524083,
        0.37662408728731095,
        0.39466659188484654,
        0.4400039950102726,
        0.5399110169740936,
        0.7571275899741073,
        0.23017062285400366,
        0.7281987623581903,
        0.3661054535581244,
        0.4945997434795129,
        0.5800222247897058
    ],
    [
        0.3634282296754065,
        0.8205728753438052,
        0.78125,
        0.4734142939857224,
        0.426193178030808,
        0.2509746625657658,
        0.40864677595693816,
        0.3511282039725661,
        0.3483358876501243,
        0.598867746773025,
        0.24902152266420668,
        0.0,
        0.38559258372665833,
        0.44249382057832176,
        0.2914805954090255,
        0.4606063429057399,
        0.3814548629916782,
        0.2786336640644845,
        0.4493376201421377,
        0.3563048203434806,
        0.457415036509514,
        0.3644344934278313,
        0.31715286140913185,
        0.2821167200823092,
        0.6571794014004091,
        0.3236299246438747,
        0.45177600921253,
        0.3329261836353518,
        0.4026280852101602,
        0.5617278651130317,
        0.542167236653046,
        0.8326820371546393,
        0.8450510801868725,
        0.26052081250832915,
        0.673145600891813,
        0.6687792049697717,
        0.37727176461405115,
        0.33548297739974825,
        0.2557922741210141,
        0.37238672774415577,
        0.4026280852101602,
        0.43131792943257063,
        0.6026156455979585,
        0.7090032065336517,
        0.3089643739575811,
        0.7045125198497185,
        0.44579195680272204,
        0.4708287241662301,
        0.534685582258396
    ],
    [
        0.22041774968227945,
        0.49361153121660356,
        0.38843134045800165,
        0.21930732574403436,
        0.2181912506838897,
        0.3603925810834624,
        0.8500919067959652,
        0.2910615001593306,
        0.6015117673412549,
        1.0795959168827938,
        0.4523160883165665,
        0.38559258372665833,
        0.0,
        0.32588521272834703,
        0.28768675999253074,
        0.2460627460628691,
        0.6892732812535243,
        0.34089725358236606,
        0.20252314682524564,
        0.21763106683100186,
        0.203125,
        0.47289831095067364,
        0.4468859264398466,
        0.2821167200823092,
        0.30418628646768414,
        0.24705294220065463,
        0.5555121510822243,
        0.4151665704870757,
        0.350780380010057,
        0.26826708874324817,
        0.21763106683100186,
        0.42676563386711447,
        0.4487939567607835,
        0.3955934031616301,
        0.2543565718140579,
        0.31715286140913185,
        0.3358466446906981,
        0.4721232790543165,
        0.3444594950788844,
        0.641577036488994,
        0.24754655496491967,
        0.2125229766989913,
        0.24262113955941908,
        0.271083618326523,
        0.48638695050854314,
        0.28384222069663984,
        0.8376515721050132,
        0.23385358667337133,
        0.2619227283475033
    ],
    [
        0.410137648387709,
        0.8309209875192707,
        0.600089511552235,
        0.4095419506900361,
        0.5360536499502638,
        0.42100604954085874,
        0.8831926725664112,
        0.3049878327491115,
        0.4386146514880687,
        0.8418671120640121,
        0.4444207079164966,
        0.44249382057832176,
        0.32588521272834703,
        0.0,
        0.2572199630180364,
        0.31792171795899693,
        0.5038911092686593,
        0.39927913559939493,
        0.27018150727797785,
        0.36241917202322504,
        0.40924377667839984,
        0.34268300311658295,
        0.426193178030808,
        0.26836818808308854,
        0.5984599375689237,
        0.22857404434887177,
        0.44524396402421895,
        0.5294085733155443,
        0.5751613224783113,
        0.3364921938586061,
        0.4142835494863391,
        0.73054185797256,
        0.7672177310744324,
        0.38273277230987157,
        0.4576818286211503,
        0.6031330958005869,
        0.370744078678271,
        0.3968257843500092,
        0.3903123748998999,
        0.5953924651018015,
        0.3458741190809165,
        0.30257682392245444,
        0.3184332576590161,
        0.5002440810494413,
        0.4044430970482745,
        0.550213026926844,
        0.7733980419227864,
        0.421875,
        0.5349138365194903
    ],
    [
        0.3433947027474361,
        0.7266884971395928,
        0.5935443722882056,
        0.35008369535012623,
        0.42990051538117513,
        0.24902152266420668,
        0.5887951150442742,
        0.2609889545076573,
        0.4113264556590057,
        0.804497853866,
        0.3423265984407288,
        0.2914805954090255,
        0.28768675999253074,
        0.2572199630180364,
        0.0,
        0.31171777098843756,
        0.4744445765840305,
        0.32923917977664807,
        0.2572199630180364,
        0.29189908894170946,
        0.32700702400713044,
        0.369754986443726,
        0.42042575147105343,
        0.1767766952966369,
        0.5594535559365049,
        0.20432338797846908,
        0.4637756899892447,
        0.36174490321219455,
        0.44824963399315787,
        0.31358319215604935,
        0.3792081593597374,
        0.6943901888527804,
        0.7153451963912248,
        0.3001464486296648,
        0.42847841252506524,
        0.5691876750027183,
        0.2415566380271923,
        0.31715286140913185,
        0.34268300311658295,
        0.4071504443998557,
        0.293567097313374,
        0.25911131174651564,
        0.33406495230884536,
        0.5002440810494413,
        0.3896863722918727,
        0.5026783731920441,
        0.6455602581285499,
        0.3021731188408393,
        0.453125
    ],
    [
        0.2768757054167086,
        0.46875,
        0.40864677595693816,
        0.2013140426050801,
        0.28168369339562416,
        0.46140072063229376,
        1.0205409870504958,
        0.26238836912104163,
        0.5745242597140698,
        1.14872976723205,
        0.4881406047441659,
        0.4606063429057399,
        0.2460627460628691,
        0.31792171795899693,
        0.31171777098843756,
        0.0,
        0.6695089151758922,
        0.3634282296754065,
        0.20252314682524564,
        0.2628531850196988,
        0.28427195935406646,
        0.4038389994787527,
        0.38337012957454053,
        0.3896863722918727,
        0.3336586953759785,
        0.25291271962872885,
        0.5380992299288301,
        0.489139870078079,
        0.3843241836327764,
        0.27814645672538935,
        0.3232525135246438,
        0.4192627457812106,
        0.43273070075394465,
        0.4059494080239556,
        0.30136408628102984,
        0.3069825422560703,
        0.30136408628102984,
        0.5002440810494413,
        0.39187300637451417,
        0.6913952153074245,
        0.265625,
        0.17746588580625855,
        0.2876396098225849,
        0.29481191037676885,
        0.44743190822738604,
        0.36073113689422487,
        0.8297448779594846,
        0.2927342811749249,
        0.350780380010057
    ],
    [
        0.7843687748756958,
        1.254873312828829,
        1.08669600308688,
        0.7840574556433986,
        0.9310979322149738,
        0.3924955214712647,
        0.3194538796915761,
        0.45874744549697494,
        0.3045873232752801,
        0.29933193844793776,
        0.33729739288942034,
        0.3814548629916782,
        0.6892732812535243,
        0.5038911092686593,
        0.4744445765840305,
        0.6695089151758922,
        0.0,
        0.43694160794092385,
        0.6317989568486165,
        0.7287014885225637,
        0.7708685239715006,
        0.32700702400713044,
        0.4095419506900361,
        0.5342287811649612,
        1.032196535307109,
        0.4148724389797423,
        0.3899994991983964,
        0.5777025483542547,
        0.7561596020351788,
        0.7571455040057434,
        0.8536742737279834,
        1.2237477655750797,
        1.2231491119238078,
        0.3486861500690843,
        0.925443305935053,
        1.0509482325500148,
        0.6319921380048964,
        0.4352621336620037,
        0.39805435008928114,
        0.375,
        0.6756796347012392,
        0.6564359855500002,
        0.734965778918009,
        0.9971884303505532,
        0.2923169833417142,
        1.0147833050705948,
        0.4178044361600293,
        0.7683306783215155,
        0.9237269533660908
    ],
    [
        0.36776882174811937,
        0.6695089151758922,
        0.6019175088830695,
        0.33511891546136274,
        0.39989012162717896,
        0.34161267357930386,
        0.6117741234516216,
        0.27775607554111215,
        0.3955934031616301,
        0.6704199360289042,
        0.3209787278777209,
        0.2786336640644845,
        0.34089725358236606,
        0.39927913559939493,
        0.32923917977664807,
        0.3634282296754065,
        0.43694160794092385,
        0.0,
        0.3620821945705146,
        0.3321920566479578,
        0.4128076504257158,
        0.34089725358236606,
        0.3262595784034547,
        0.35869500885153116,
        0.5491026059626744,
        0.22963966338592295,
        0.4014135180832853,
        0.3671043788897103,
        0.43666214414006627,
        0.4167643114752563,
        0.43833625434704804,
        0.6027281725620597,
        0.6317989568486165,
        0.2755498763835687,
        0.4744445765840305,
        0.5321683239352001,
        0.3965180481390475,
        0.4416654382844553,
        0.24853083938416978,
        0.45177600921253,
        0.32886820593514354,
        0.3538984891533164,
        0.3787070818184477,
        0.4868886390900901,
        0.3113259194558012,
        0.48210151939192225,
        0.5041333064031774,
        0.41043517301761556,
        0.4533943165170909
    ],
    [
        0.33438960248488586,
        0.42990051538117513,
        0.41546049375963534,
        0.21423920626253262,
        0.23175620272173947,
        0.3909373750999001,
        0.8954092988684001,
        0.214808235701055,
        0.5089530460906978,
        1.049320836898801,
        0.5208072910155924,
        0.4493376201421377,
        0.20252314682524564,
        0.27018150727797785,
        0.2572199630180364,
        0.20252314682524564,
        0.6317989568486165,
        0.3620821945705146,
        0.0,
        0.23385358667337133,
        0.2567449488305466,
        0.37173053916782245,
        0.4377789289413094,
        0.297285899850632,
        0.3329261836353518,
        0.2415566380271923,
        0.5566097853299024,
        0.4752158226795484,
        0.41191957270200213,
        0.14158622103196028,
        0.1887975933374152,
        0.36677170607204695,
        0.4014135180832853,
        0.328125,
        0.24256522962906288,
        0.30578727798095195,
        0.375,
        0.4471590006641933,
        0.37041467472280304,
        0.6189156975105737,
        0.23541436208311506,
        0.16461958988832404,
        0.22738416617649035,
        0.28980057798424075,
        0.4785435259722986,
        0.23333100817293873,
        0.8639084966736928,
        0.28125,
        0.2460627460628691
    ],
    [
        0.21079277442550065,
        0.40202126032089397,
        0.45874744549697494,
        0.22910747341586218,
        0.15857643070456592,
        0.3336586953759785,
        0.820721624166806,
        0.1926379375927805,
        0.6189156975105737,
        1.1102549327181572,
        0.4341388746703064,
        0.3563048203434806,
        0.21763106683100186,
        0.36241917202322504,
        0.29189908894170946,
        0.2628531850196988,
        0.7287014885225637,
        0.3321920566479578,
        0.23385358667337133,
        0.0,
        0.18288593610499415,
        0.4558110045567132,
        0.40050017556175926,
        0.37304176207229134,
        0.301768873684812,
        0.2460627460628691,
        0.5513212113867922,
        0.30856902590830465,
        0.225888004606265,
        0.3327224219517591,
        0.2706329386826371,
        0.37629983058725924,
        0.4460657007381312,
        0.359375,
        0.3217384419058438,
        0.293567097313374,
        0.28512949360772905,
        0.457415036509514,
        0.3299798762803574,
        0.6222596172418712,
        0.21079277442550065,
        0.171875,
        0.2666442861702126,
        0.37041467472280304,
        0.44304521496118204,
        0.37041467472280304,
        0.8250236739027553,
        0.19327057620082783,
        0.24655834121967968
    ],
    [
        0.2799448885495143,
        0.328125,
        0.38843134045800165,
        0.22480460265528374,
        0.19948664585630788,
        0.3538984891533164,
        0.9682458365518543,
        0.3332926407453366,
        0.7045125198497185,
        1.2347705062581467,
        0.48789046862487484,
        0.457415036509514,
        0.203125,
        0.40924377667839984,
        0.32700702400713044,
        0.28427195935406646,
        0.7708685239715006,
        0.4128076504257158,
        0.2567449488305466,
        0.18288593610499415,
        0.0,
        0.5342287811649612,
        0.518458125719908,
        0.3759752942348739,
        0.2460627460628691,
        0.31792171795899693,
        0.6375689300969739,
        0.3412551510600243,
        0.20551478809321727,
        0.28389000156065924,
        0.240035804620894,
        0.34410493039914436,
        0.35008369535012623,
        0.41546049375963534,
        0.22316963839196408,
        0.23747943989954162,
        0.39958474539201316,
        0.511823104817475,
        0.3899994991983964,
        0.6525191568069094,
        0.20252314682524564,
        0.23799290955824715,
        0.26826708874324817,
        0.2786336640644845,
        0.5196340358848716,
        0.25048780534189685,
        0.8710849915478971,
        0.11048543456039805,
        0.16828640022295324
    ],
    [
        0.592102978796763,
        0.7959553516843768,
        0.773871406064987,
        0.48864049284724653,
        0.587134194626748,
        0.363763960213213,
        0.5616312736128571,
        0.32211762700137975,
        0.29315098498896436,
        0.48286053563632636,
        0.3419698223162389,
        0.3644344934278313,
        0.47289831095067364,
        0.34268300311658295,
        0.369754986443726,
        0.4038389994787527,
        0.32700702400713044,
        0.34089725358236606,
        0.37173053916782245,
        0.4558110045567132,
        0.5342287811649612,
        0.0,
        0.31715286140913185,
        0.4477046494342001,
        0.7039925203793006,
        0.2764344689524083,
        0.47264010819544294,
        0.5768567169367104,
        0.6271447575121711,
        0.4404969278017473,
        0.5139651313562039,
        0.7416527678941136,
        0.8040425206417879,
        0.1660960283239789,
        0.5923091069070271,
        0.6999930245188162,
        0.5774912066430102,
        0.5091928355250102,
        0.28853414550967793,
        0.4987778031097615,
        0.4259066615762191,
        0.39713328209808857,
        0.460105475528287,
        0.6647514808182078,
        0.1907274314958391,
        0.6039421278152403,
        0.5369637586699869,
        0.5561709915799277,
        0.5730350256528828
    ],
    [
        0.433294519495689,
        0.7845243881645745,
        0.7467376965842826,
        0.467968097870998,
        0.5340002340823456,
        0.3465792658252943,
        0.5620658046439047,
        0.37727176461405115,
        0.4372208931135382,
        0.4795627891632127,
        0.3198357732884175,
        0.31715286140913185,
        0.4468859264398466,
        0.426193178030808,
        0.42042575147105343,
        0.38337012957454053,
        0.4095419506900361,
        0.3262595784034547,
        0.4377789289413094,
        0.40050017556175926,
        0.518458125719908,
        0.31715286140913185,
        0.0,
        0.4304680410611222,
        0.664567822441773,
        0.2803806007019744,
        0.42331928700450205,
        0.42990051538117513,
        0.5231459075869752,
        0.533644521844312,
        0.5380992299288301,
        0.7298731696329164,
        0.7807811092905617,
        0.2533949178160446,
        0.6189156975105737,
        0.6337281184585389,
        0.449880626527749,
        0.5026783731920441,
        0.25194555463432966,
        0.5191639914323797,
        0.42129589883477386,
        0.382413695328763,
        0.5114784873829549,
        0.6362272834844479,
        0.2633171804117612,
        0.6321852601294972,
        0.4542013079296448,
        0.5130142237306876,
        0.5488802521953218
    ],
    [
        0.36743675050952646,
        0.7363669792467612,
        0.5392323102105436,
        0.39404750665370286,
        0.43131792943257063,
        0.32021721143623744,
        0.510629207449006,
        0.3518228202874282,
        0.5043753872365304,
        0.6381430580206918,
        0.38081430021731066,
        0.2821167200823092,
        0.2821167200823092,
        0.26836818808308854,
        0.1767766952966369,
        0.3896863722918727,
        0.5342287811649612,
        0.35869500885153116,
        0.297285899850632,
        0.37304176207229134,
        0.3759752942348739,
        0.4477046494342001,
        0.4304680410611222,
        0.0,
        0.5383260367797568,
        0.3069825422560703,
        0.4301843718105064,
        0.32700702400713044,
        0.39528470752104744,
        0.31539458035838924,
        0.39187300637451417,
        0.6905118685620111,
        0.699469665174981,
        0.3890593624371479,
        0.4310348195041788,
        0.5491026059626744,
        0.2557922741210141,
        0.3340243488504992,
        0.40474480771839433,
        0.46113608010542834,
        0.3583545294118661,
        0.31638213642682167,
        0.3509350109983962,
        0.4584812734725378,
        0.4648273368951099,
        0.5075119302784911,
        0.6922774349023663,
        0.3563048203434806,
        0.48513045925812576
    ],
    [
        0.4752158226795484,
        0.18684782411095935,
        0.19702375332685143,
        0.28125,
        0.23070036031614688,
        0.5439654745477879,
        1.1784192271853002,
        0.4552750713854208,
        0.9313601025516393,
        1.4728168430341229,
        0.7105510625563796,
        0.6571794014004091,
        0.30418628646768414,
        0.5984599375689237,
        0.5594535559365049,
        0.3336586953759785,
        1.032196535307109,
        0.5491026059626744,
        0.3329261836353518,
        0.301768873684812,
        0.2460627460628691,
        0.7039925203793006,
        0.664567822441773,
        0.5383260367797568,
        0.0,
        0.4198446513295126,
        0.820721624166806,
        0.5291779444336281,
        0.3532079548580411,
        0.2795570187566592,
        0.2049199538844375,
        0.17258376589355096,
        0.16973094517500337,
        0.5939555565233816,
        0.12597277731716483,
        0.12789613706050704,
        0.5541921203427562,
        0.758255347409433,
        0.5700448858423344,
        0.9120236342195305,
        0.3365728004459065,
        0.30935921676911454,
        0.3174948052943369,
        0.16755945773068137,
        0.7084865030471647,
        0.20191949973937634,
        1.1292238415721658,
        0.22371595411369302,
        0.24356964481437338
    ],
    [
        0.29022149407822984,
        0.5535309244974485,
        0.506307867063114,
        0.2460627460628691,
        0.318305449804115,
        0.2981060004427955,
        0.6942143716100957,
        0.2715335499528557,
        0.38843134045800165,
        0.7529239876972974,
        0.33729739288942034,
        0.3236299246438747,
        0.24705294220065463,
        0.22857404434887177,
        0.20432338797846908,
        0.25291271962872885,
        0.4148724389797423,
        0.22963966338592295,
        0.2415566380271923,
        0.2460627460628691,
        0.31792171795899693,
        0.2764344689524083,
        0.2803806007019744,
        0.3069825422560703,
        0.4198446513295126,
        0.0,
        0.47238176430721796,
        0.41721968508808405,
        0.38874547826952277,
        0.3298976587940232,
        0.29481191037676885,
        0.48839061275274326,
        0.5323976574187756,
        0.2405438174740727,
        0.3714020101251473,
        0.40202126032089397,
        0.3640993811790951,
        0.40655036972680275,
        0.24206145913796356,
        0.49286907173710953,
        0.25194555463432966,
        0.2576941016011038,
        0.2898941677099114,
        0.39435717075387383,
        0.3113259194558012,
        0.3801726581436387,
        0.5960072225862704,
        0.33071891388307384,
        0.3325593227155119
    ],
    [
        0.5603256586575346,
        1.0430199542674148,
        0.8395439145006055,
        0.5833798344560772,
        0.6344981407577173,
        0.4876402041977261,
        0.640625,
        0.489139870078079,
        0.4684895109551547,
        0.5806532555019389,
        0.44524396402421895,
        0.45177600921253,
        0.5555121510822243,
        0.44524396402421895,
        0.4637756899892447,
        0.5380992299288301,
        0.3899994991983964,
        0.4014135180832853,
        0.5566097853299024,
        0.5513212113867922,
        0.6375689300969739,
        0.47264010819544294,
        0.42331928700450205,
        0.4301843718105064,
        0.820721624166806,
        0.47238176430721796,
        0.0,
        0.4422178655651533,
        0.671147862341079,
        0.6182798438229875,
        0.7218005914031935,
        0.9642030387838445,
        0.9692539012044264,
        0.484375,
        0.731042972830599,
        0.8342930671382809,
        0.5079927564690269,
        0.39989012162717896,
        0.453125,
        0.44304521496118204,
        0.5614138819756775,
        0.5700448858423344,
        0.5792031987878788,
        0.7416527678941136,
        0.47030990447788784,
        0.8085843145584757,
        0.5745242597140698,
        0.638716669874053,
        0.7824990015968072
    ],
    [
        0.38937299357428473,
        0.597847702178406,
        0.7320441734451549,
        0.41339864235384227,
        0.3801726581436387,
        0.23175620272173947,
        0.4684895109551547,
        0.3647692978102735,
        0.6111752254877483,
        0.6744138079658512,
        0.37952993129659746,
        0.3329261836353518,
        0.4151665704870757,
        0.5294085733155443,
        0.36174490321219455,
        0.489139870078079,
        0.5777025483542547,
        0.3671043788897103,
        0.4752158226795484,
        0.30856902590830465,
        0.3412551510600243,
        0.5768567169367104,
        0.42990051538117513,
        0.32700702400713044,
        0.5291779444336281,
        0.41721968508808405,
        0.4422178655651533,
        0.0,
        0.19702375332685143,
        0.5893707287461584,
        0.5196340358848716,
        0.6665852814906732,
        0.6883872116222091,
        0.38874547826952277,
        0.5730350256528828,
        0.533542846217621,
        0.3928064090617667,
        0.3921843874378479,
        0.37727176461405115,
        0.3874873989886639,
        0.36643873123620546,
        0.41369382171480396,
        0.5323467029603713,
        0.6302513759405846,
        0.4757292921136978,
        0.6234355419768751,
        0.7302075903467452,
        0.36743675050952646,
        0.4077496359593715
    ],
    [
        0.3843241836327764,
        0.47624220794150535,
        0.587134194626748,
        0.271083618326523,
        0.28683687110446593,
        0.25048780534189685,
        0.6832253471586077,
        0.3647692978102735,
        0.7475546071191054,
        1.0175462596978084,
        0.48538201771903333,
        0.4026280852101602,
        0.350780380010057,
        0.5751613224783113,
        0.44824963399315787,
        0.3843241836327764,
        0.7561596020351788,
        0.43666214414006627,
        0.41191957270200213,
        0.225888004606265,
        0.20551478809321727,
        0.6271447575121711,
        0.5231459075869752,
        0.39528470752104744,
        0.3532079548580411,
        0.38874547826952277,
        0.671147862341079,
        0.19702375332685143,
        0.0,
        0.4737007083709197,
        0.3968257843500092,
        0.49975579974123363,
        0.5506565683345654,
        0.4433206549722221,
        0.4166341133116682,
        0.37205877811845806,
        0.47930817656806146,
        0.4780330793993236,
        0.38305158350410196,
        0.5666082613896483,
        0.2679129406169101,
        0.3053878169639385,
        0.3832993644369604,
        0.47752208718550393,
        0.5515425810850872,
        0.48789046862487484,
        0.8633431114713316,
        0.23175620272173947,
        0.2633171804117612
    ],
    [
        0.44982032485513346,
        0.269477777505761,
        0.2901747557746691,
        0.25947747306419067,
        0.2583774323919263,
        0.5001084951732419,
        1.0344148616018516,
        0.33430846949752524,
        0.6107978403171634,
