[
    [
        0.0,
        2.310214059836788,
        0.7107053122190142,
        1.1804638486456007,
        1.473836448711668,
        1.6973268298553874,
        1.4756743529377907,
        1.990570885193389,
        1.8936992735847764,
        2.4032052363797947,
        2.388522192759808,
        2.097587292338412,
        2.020147246603371,
        1.6123487114600672,
        2.587006385924922,
        1.6996210562045522,
        1.8129177913979848,
        2.6696876489314523,
        1.7334310379317968,
        1.6725766813817657,
        1.4392950687001538,
        1.4658093118736524,
        1.9737596208293264,
        1.8138849388614955,
        1.8514775462609288,
        1.2217261542253923,
        1.9905263863572822,
        2.4664198833159627,
        1.3408514656967883,
        1.3138052304940293,
        1.3295679186638552,
        1.1371228910666407,
        1.2547105121850837,
        0.9527157149748768,
        1.5274904388624915,
        1.2609216745649807,
        1.2231816992531221,
        2.28752718284284,
        2.187514172289691,
        2.123198516101476,
        2.068510191038671,
        1.5335325033319347,
        1.4211862679336813,
        1.598965084798173,
        1.4300394243174,
        1.966719271751195,
        1.1342926861966376,
        2.628641788654594,
        1.6645501016239574,
        0.9244413646817703
    ],
    [
        2.310214059836788,
        0.0,
        2.2916666666666665,
        1.9436506316151,
        1.8418363421083621,
        1.6321211488257985,
        2.048034287907418,
        1.920738428602685,
        1.8810088900492854,
        1.9512460406394452,
        2.3305300823745245,
        1.7945712889465024,
        1.7159383568311668,
        1.6511570017549646,
        1.9530069408763278,
        1.6220647657564078,
        1.620720861564727,
        1.9742262900803558,
        1.5707632971268801,
        1.6078151151312283,
        1.6530695354064477,
        1.6588357697828653,
        1.8075843302903218,
        1.8390063742261593,
        1.5,
        1.9322554466506523,
        1.6577888553398135,
        1.867577902584581,
        1.713994684290992,
        1.663538731473094,
        1.9075871903765995,
        1.9516730714383947,
        1.9346977943739831,
        2.1750638560230313,
        1.8460731597396434,
        1.7931195659458343,
        1.8573240906685557,
        1.8133379289157454,
        1.7083333333333333,
        1.809024445507701,
        1.786815136865964,
        1.7280367794439768,
        1.5416666666666667,
        1.7320508075688772,
        1.8076611653982306,
        1.6991623753419736,
        2.0440122580628306,
        2.1594430866416565,
        1.6303331288761542,
        1.9166666666666667
    ],
    [
        0.7107053122190142,
        2.2916666666666665,
        0.0,
        1.0231690964840563,
        1.192424001771182,
        1.5892215075312817,
        1.2747548783981961,
        1.8708286933869707,
        1.595893166850463,
        2.290469384209272,
        2.646715330521272,
        1.9445436482630056,
        1.79843682124227,
        1.4558073361540667,
        2.368411915187052,
        1.640915001094306,
        1.590990257669732,
        2.484325864293974,
        1.5357142857142858,
        1.4197270864500684,
        1.1975089885999928,
        1.4306903927824497,
        1.7230060940112777,
        1.75,
        1.7858432493114034,
        1.0848386976873567,
        1.7579185924774154,
        2.3048861143232218,
        1.1224972160321824,
        1.2624381172952597,
        0.982485510212633,
        0.9682458365518543,
        1.0680004681646913,
        0.9418878796214429,
        1.3693063937629153,
        1.2119199643540823,
        1.0897247358851685,
        2.117634293262177,
        2.087079964394699,
        1.9882467150733583,
        1.9369398831949098,
        1.2686114456365274,
        1.3050383136138188,
        1.3565683830083088,
        1.2968712349342937,
        1.7544586059522749,
        0.8455767262643882,
        2.582997289971478,
        1.4577379737113252,
        0.8100925873009825
    ],
    [
        1.1804638486456007,
        1.9436506316151,
        1.0231690964840563,
        0.0,
        1.1110243021644486,
        1.358077685554107,
        1.4842927608797396,
        2.2672946434021317,
        1.648863244784115,
        2.2897871080080785,
        2.782392708384902,
        1.899835519196333,
        1.8285923547909742,
        1.2871965661856002,
        2.1830311495716224,
        1.442565387758622,
        1.3975424859373686,
        2.404423007708918,
        1.411505203240679,
        1.2119199643540823,
        1.0833333333333333,
        1.1989578808281798,
        1.6441183047457382,
        1.7365554986812255,
        1.6239312724920898,
        0.8287792227125388,
        1.5314979957907588,
        2.0,
        1.448274835796024,
        1.299038105676658,
        0.9446486707295528,
        0.9100137361600648,
        0.9185586535436918,
        0.927960727138337,
        1.4197270864500684,
        0.960143218483576,
        0.960143218483576,
        1.940521837032503,
        1.9847508939690923,
        1.920286436967152,
        2.0052015692526606,
        1.118033988749895,
        1.1110243021644486,
        1.1280821975567403,
        0.9701803955966127,
        1.695582495781317,
        0.7176350047203662,
        2.7357585785299112,
        1.165922381636102,
        0.9270248108869579
    ],
    [
        1.473836448711668,
        1.8418363421083621,
        1.192424001771182,
        1.1110243021644486,
        0.0,
        1.2908330643425585,
        1.3919410907075054,
        1.695582495781317,
        1.489546910976623,
        1.8864649479913482,
        2.288990397711691,
        1.6677080080157918,
        1.5360257159305635,
        1.1573136999102707,
        1.8833148966649205,
        1.2828589325472721,
        1.1110243021644486,
        2.0348525745124633,
        1.13796385473963,
        1.125,
        1.1023963796102458,
        1.192424001771182,
        1.4842927608797396,
        1.4577379737113252,
        1.5767406607020418,
        1.1508149286483904,
        1.366768288904727,
        1.80710403685012,
        1.2539936203984452,
        1.165922381636102,
        1.0214708893442719,
        1.0968705484240153,
        1.286953767623375,
        1.3096861371251425,
        1.2808688457449497,
        1.1726039399558574,
        1.1388041973930374,
        1.648863244784115,
        1.7974712175102492,
        1.7721808598447282,
        1.7726706155152205,
        1.0825317547305484,
        1.0458250331675945,
        1.0647443615983865,
        1.0479145957567344,
        1.5309310892394863,
        1.16940155635265,
        2.125,
        1.1319231422671772,
        1.0680004681646913
    ],
    [
        1.6973268298553874,
        1.6321211488257985,
        1.5892215075312817,
        1.358077685554107,
        1.2908330643425585,
        0.0,
        1.4870272357963052,
        1.7968722826066408,
        1.3808964479641477,
        1.7732385626305334,
        2.1682395520564697,
        1.6894895678872952,
        1.536432556280945,
        1.1858541225631423,
        1.9551214796017151,
        1.3231841619860072,
        1.2908330643425585,
        1.988718180135134,
        1.3746474501649133,
        1.2275483697190916,
        1.1106804721030756,
        1.1294356998076518,
        1.4718186029535025,
        1.5564382416273381,
        1.4495928547162629,
        1.3437354650376687,
        1.462826411817585,
        1.7933906434460953,
        1.4208272238382822,
        1.2786711852544421,
        1.2621355359513142,
        1.3418736900319643,
        1.3360389215887387,
        1.557664740707847,
        1.372953021774598,
        1.3820274961085255,
        1.2577261228105268,
        1.8159019797334877,
        1.7295431317097714,
        1.5862692079215306,
        1.732792383537175,
        1.35,
        1.2616952880945542,
        1.237380746218039,
        1.2002603884157803,
        1.5219231255224424,
        1.3867678248358664,
        1.892584212129014,
        1.266392514191394,
        1.247747971346778
    ],
    [
        1.4756743529377907,
        2.048034287907418,
        1.2747548783981961,
        1.4842927608797396,
        1.3919410907075054,
        1.4870272357963052,
        0.0,
        1.4842927608797396,
        1.192424001771182,
        1.5337861650177969,
        1.873979314023438,
        1.571225636247067,
        1.2808688457449497,
        1.352312833629852,
        2.1213203435596424,
        1.3690734987201962,
        1.4306903927824497,
        1.964529205687714,
        1.4713462182224655,
        1.6105123408406408,
        1.3648616128466,
        1.3863170633011772,
        1.403121520040228,
        1.231107225224513,
        1.765310013692905,
        1.5409007106234978,
        1.5115297622680879,
        1.9882467150733583,
        1.1744679646546345,
        1.25,
        1.396921217853351,
        1.5811388300841898,
        1.6583123951777,
        1.594260539142416,
        1.2183492931011204,
        1.6056540723331412,
        1.6817030058842137,
        1.8540496217739157,
        1.7608788840929535,
        1.6677080080157918,
        1.6651034335573405,
        1.340475661845451,
        1.5,
        1.2943520472507557,
        1.3633598204435982,
        1.58607219255619,
        1.6460179221381521,
        1.7320508075688772,
        1.4523687548277813,
        1.1110243021644486
    ],
    [
        1.990570885193389,
        1.920738428602685,
        1.8708286933869707,
        2.2672946434021317,
        1.695582495781317,
        1.7968722826066408,
        1.4842927608797396,
        0.0,
        1.6105123408406408,
        1.4882876066137216,
        1.324802642213672,
        1.505199322349037,
        1.5103807466993215,
        1.603901493234544,
        2.0953818267800264,
        1.3539671490905258,
        1.741048534648015,
        1.6630168369562588,
        1.5748744685963814,
        1.7275343701356567,
        1.7360555546666383,
        1.79843682124227,
        1.505199322349037,
        1.5761900266148114,
        1.5618054011659426,
        2.32768661980087,
        1.7628496501088482,
        1.8200274723201295,
        1.4558073361540667,
        1.709349291397168,
        1.9198343389180454,
        1.9525624189766635,
        2.0155644370746373,
        2.249228262710963,
        1.3635890143294642,
        2.229069312515876,
        2.1469455046647083,
        1.71846588560844,
        1.5898986690282426,
        1.9243505397925815,
        1.5005785921140922,
        1.9121323175972944,
        1.7001838135919305,
        1.8925108248626274,
        2.0138582373146323,
        1.4684175155588413,
        2.2083647796503185,
        1.5512092057488571,
        1.7940875118009154,
        1.7853571071357126
    ],
    [
        1.8936992735847764,
        1.8810088900492854,
        1.595893166850463,
        1.648863244784115,
        1.489546910976623,
        1.3808964479641477,
        1.192424001771182,
        1.6105123408406408,
        0.0,
        1.5388713396512392,
        1.8360755620038505,
        1.653594569415369,
        1.2747548783981961,
        1.3290033860002013,
        1.9121323175972944,
        1.3572603332614188,
        1.505199322349037,
        1.8874586088176875,
        1.5534687979236819,
        1.5360257159305635,
        1.319590635176093,
        1.3975424859373686,
        1.489546910976623,
        1.3287682265918312,
        1.7475180812925641,
        1.6296088487732263,
        1.516117116555021,
        1.9243505397925815,
        1.3560051622320617,
        1.334634781503914,
        1.486630231242606,
        1.6909686573085854,
        1.7275343701356567,
        1.7623571652130505,
        1.2747548783981961,
        1.7320508075688772,
        1.741048534648015,
        1.7365554986812255,
        1.9016622845406712,
        1.4684175155588413,
        1.851707170274081,
        1.2808688457449497,
        1.4947825928876748,
        1.2781551375148306,
        1.303121252992215,
        1.6677080080157918,
        1.6970562748477143,
        1.7230060940112777,
        1.4361406616345072,
        1.346291201783626
    ],
    [
        2.4032052363797947,
        1.9512460406394452,
        2.290469384209272,
        2.2897871080080785,
        1.8864649479913482,
        1.7732385626305334,
        1.5337861650177969,
        1.4882876066137216,
        1.5388713396512392,
        0.0,
        1.5977702894844379,
        1.6238457439054979,
        1.4819750335278932,
        1.6500000000000001,
        1.98730344940072,
        1.5146647099848431,
        1.6852299546352716,
        1.7064216946581523,
        1.7172073318059655,
        1.7737671775066761,
        1.7684739183827396,
        1.8103866990231672,
        1.509138827278657,
        1.5081031131855673,
        1.6567622373506439,
        2.3553131426627756,
        1.6305673859120329,
        1.8955540087267364,
        1.6770509831248424,
        1.935523185084591,
        1.8922539470166262,
        2.102676865331428,
        2.277471185328148,
        2.5554408186803657,
        1.4293792358922806,
        2.3047505287991585,
        2.1649191670822265,
        1.9786358937409378,
        1.7181829872798118,
        1.7658213386410302,
        1.7926547662924703,
        1.788679680658334,
        1.7327723451163457,
        1.6936564652320205,
        1.8718306547334884,
        1.6343959128681154,
        2.2373254121830377,
        1.6439282222773597,
        1.6759325762094368,
        1.9951503702728774
    ],
    [
        2.388522192759808,
        2.3305300823745245,
        2.646715330521272,
        2.782392708384902,
        2.288990397711691,
        2.1682395520564697,
        1.873979314023438,
        1.324802642213672,
        1.8360755620038505,
        1.5977702894844379,
        0.0,
        1.844738795734994,
        1.7755065388186424,
        2.0686681113948757,
        2.4152074529564382,
        1.8407587721216643,
        2.05225112836552,
        1.9089611449846813,
        2.236780895731677,
        2.4673247306608452,
        2.2621788681031654,
        2.2718609202185607,
        1.8638272561630616,
        1.8403256422132892,
        2.1657834411206025,
        2.6949877891510883,
        2.095897488232461,
        2.0247984278612496,
        1.7626872458069844,
        2.0552012166248654,
        2.5585684817368013,
        2.8446714418795183,
        2.512215056438425,
        2.930518613215693,
        1.8512096155801283,
        2.648401520208916,
        2.9089060991853195,
        2.098195288667801,
        1.8020483117591028,
        2.182154547548765,
        1.6231128934404435,
        2.346295386522406,
        2.3142057966800955,
        2.2970484117440124,
        2.377801784533482,
        1.8320767183829438,
        3.0355378099965034,
        1.5885833118774446,
        2.1077480970970717,
        2.559682996157205
    ],
    [
        2.097587292338412,
        1.7945712889465024,
        1.9445436482630056,
        1.899835519196333,
        1.6677080080157918,
        1.6894895678872952,
        1.571225636247067,
        1.505199322349037,
        1.653594569415369,
        1.6238457439054979,
        1.844738795734994,
        0.0,
        1.4947825928876748,
        1.6011714461605913,
        1.7455300054711176,
        1.432472352548672,
        1.6153559979150107,
        1.709349291397168,
        1.5758865337793007,
        1.695582495781317,
        1.632461502013311,
        1.6298006013006623,
        1.4842927608797396,
        1.5562374497485916,
        1.5567951410224503,
        1.9556009306604454,
        1.4463795798091486,
        1.5512092057488571,
        1.5392774278862142,
        1.6630168369562588,
        1.847953071794724,
        1.9724667297574374,
        2.0348525745124633,
        2.1282654648536887,
        1.4469796128487782,
        1.9162137145944864,
        1.9525624189766635,
        1.79843682124227,
        1.5898986690282426,
        1.8027756377319946,
        1.5467259327725489,
        1.653594569415369,
        1.6863421954040052,
        1.7113793981594043,
        1.7808003818508125,
        1.5309310892394863,
        2.094486810653149,
        1.5612494995995996,
        1.7001838135919305,
        1.71846588560844
    ],
    [
        2.020147246603371,
        1.7159383568311668,
        1.79843682124227,
        1.8285923547909742,
        1.5360257159305635,
        1.536432556280945,
        1.2808688457449497,
        1.5103807466993215,
        1.2747548783981961,
        1.4819750335278932,
        1.7755065388186424,
        1.4947825928876748,
        0.0,
        1.5415090009467995,
        1.9324531042175384,
        1.3857418995775865,
        1.4630874888399532,
        1.758905909933786,
        1.405051927285019,
        1.5155444566227676,
        1.5528870961320187,
        1.4684175155588413,
        1.5103807466993215,
        1.346291201783626,
        1.5931711911920967,
        1.8369471957571344,
        1.470189897031446,
        1.8874586088176875,
        1.3534677683639165,
        1.5,
        1.6457014715109584,
        1.8413649828320293,
        1.984313483298443,
        1.9904284854160312,
        1.3169567191065923,
        1.8791620472966135,
        1.824314939915803,
        1.5811388300841898,
        1.66978874245949,
        1.5811388300841898,
        1.6388300366080946,
        1.541103500742244,
        1.5612494995995996,
        1.5005785921140922,
        1.6110943485718023,
        1.6677080080157918,
        1.918984106239549,
        1.6909686573085854,
        1.5512092057488571,
        1.541103500742244
    ],
    [
        1.6123487114600672,
        1.6511570017549646,
        1.4558073361540667,
        1.2871965661856002,
        1.1573136999102707,
        1.1858541225631423,
        1.352312833629852,
        1.603901493234544,
        1.3290033860002013,
        1.6500000000000001,
        2.0686681113948757,
        1.6011714461605913,
        1.5415090009467995,
        0.0,
        1.8055470085267789,
        1.212256708181321,
        1.2216791722870617,
        1.8587630295441104,
        1.2743745965158353,
        1.1755317945508748,
        0.9996179825869036,
        1.176860229593982,
        1.3383758814324174,
        1.4471955638406304,
        1.3946574649154697,
        1.2784267675545595,
        1.3349989596333858,
        1.6543503256565701,
        1.2942179105544784,
        1.1834800378544625,
        1.205139457121503,
        1.2514991010783827,
        1.2577261228105268,
        1.4376871858803097,
        1.260208316112856,
        1.232629303562105,
        1.2134661099511597,
        1.6678953804120928,
        1.5783914104063173,
        1.5463667094192115,
        1.4798883216122911,
        1.1635076278220096,
        1.1377060252982754,
        1.145583306054654,
        1.1672617529928753,
        1.276224901810022,
        1.3867678248358664,
        1.8081413108493485,
        1.1635076278220096,
        1.087140745257945
    ],
    [
        2.587006385924922,
        1.9530069408763278,
        2.368411915187052,
        2.1830311495716224,
        1.8833148966649205,
        1.9551214796017151,
        2.1213203435596424,
        2.0953818267800264,
        1.9121323175972944,
        1.98730344940072,
        2.4152074529564382,
        1.7455300054711176,
        1.9324531042175384,
        1.8055470085267789,
        0.0,
        1.7244860222154097,
        1.80710403685012,
        1.9243505397925815,
        1.8028640762827963,
        1.776583800443987,
        1.8549857741293387,
        1.8371173070873836,
        1.8157298807917437,
        1.9364916731037085,
        1.9148542155126762,
        2.116453401329687,
        1.728539042724295,
        1.8666480653835098,
        2.0373082731879335,
        2.042516829796024,
        2.1550167568309586,
        2.1830311495716224,
        2.207940216581962,
        2.324387613496892,
        1.8328597873268975,
        2.1028254801575903,
        2.1469455046647083,
        1.875,
        1.76235716521305,
        1.9525624189766635,
        2.015995067233824,
        1.8708286933869707,
        1.899835519196333,
        1.8948028334836788,
        1.9868316486305526,
        1.9039432764659772,
        2.1840329667841556,
        2.1937410968480306,
        1.9525624189766635,
        2.1323402636539974
    ],
    [
        1.6996210562045522,
        1.6220647657564078,
        1.640915001094306,
        1.442565387758622,
        1.2828589325472721,
        1.3231841619860072,
        1.3690734987201962,
        1.3539671490905258,
        1.3572603332614188,
        1.5146647099848431,
        1.8407587721216643,
        1.432472352548672,
        1.3857418995775865,
        1.212256708181321,
        1.7244860222154097,
        0.0,
        1.30699159936716,
        1.5688899949730477,
        1.2134976434308578,
        1.2057208445996281,
        1.2445886269527517,
        1.294981482808278,
        1.3597249872001054,
        1.267982891148338,
        1.3828753032390122,
        1.5529391159859371,
        1.2192214115328421,
        1.484400174330029,
        1.2718147487358529,
        1.2457837054707075,
        1.35286763962338,
        1.4073196045631409,
        1.5946938481689064,
        1.6117108802298405,
        1.2331776193299675,
        1.4987239470255205,
        1.4456567605720783,
        1.6951122712802529,
        1.4402917040460117,
        1.6578315994831616,
        1.4464408190741507,
        1.324802642213672,
        1.225265485600603,
        1.3014768995957653,
        1.4280713410407901,
        1.3095508655213646,
        1.556757816090603,
        1.7160519175343938,
        1.342377383903769,
        1.3306866801829522
    ],
    [
        1.8129177913979848,
        1.620720861564727,
        1.590990257669732,
        1.3975424859373686,
        1.1110243021644486,
        1.2908330643425585,
        1.4306903927824497,
        1.741048534648015,
        1.505199322349037,
        1.6852299546352716,
        2.05225112836552,
        1.6153559979150107,
        1.4630874888399532,
        1.2216791722870617,
        1.80710403685012,
        1.30699159936716,
        0.0,
        1.940521837032503,
        1.2528029797707414,
        1.25,
        1.2367351733046525,
        1.334634781503914,
        1.4361406616345072,
        1.4361406616345072,
        1.551768704128006,
        1.4420038141419738,
        1.3686723088047368,
        1.6056540723331412,
        1.4341809509263466,
        1.3110110602126894,
        1.377522937901378,
        1.4737282653189494,
        1.5,
        1.7123935490028763,
        1.3693063937629153,
        1.4361406616345072,
        1.3635890143294642,
        1.5811388300841898,
        1.6287350238076719,
        1.71846588560844,
        1.6541194367732672,
        1.357847561400027,
        1.2562344526401112,
        1.2296962136144756,
        1.310295768137866,
        1.4842927608797396,
        1.549798373982887,
        1.9685019685029528,
        1.231107225224513,
        1.3110110602126894
    ],
    [
        2.6696876489314523,
        1.9742262900803558,
        2.484325864293974,
        2.404423007708918,
        2.0348525745124633,
        1.988718180135134,
        1.964529205687714,
        1.6630168369562588,
        1.8874586088176875,
        1.7064216946581523,
        1.9089611449846813,
        1.709349291397168,
        1.758905909933786,
        1.8587630295441104,
        1.9243505397925815,
        1.5688899949730477,
        1.940521837032503,
        0.0,
        1.7681276849266518,
        1.8328597873268975,
        2.067859198946259,
        1.984313483298443,
        1.6393596310755,
        1.80710403685012,
        1.646228855428201,
        2.440414923737355,
        1.6132050568838283,
        1.7809758560968758,
        1.8976959714348345,
        2.084166500066633,
        2.20321734440038,
        2.2569337606584736,
        2.391390808713624,
        2.5566498261070736,
        1.6723860200324565,
        2.2741756748325317,
        2.29128784747792,
        1.9724667297574374,
        1.6556930405254606,
        2.117634293262177,
        1.7250201287070377,
        2.023301757029831,
        1.776583800443987,
        2.1400610063993764,
        2.2494443758403984,
        1.7897276329095442,
        2.4179019831250397,
        1.8328597873268975,
        1.8957188610128877,
        2.2325713874364688
    ],
    [
        1.7334310379317968,
        1.5707632971268801,
        1.5357142857142858,
        1.411505203240679,
        1.13796385473963,
        1.3746474501649133,
        1.4713462182224655,
        1.5748744685963814,
        1.5534687979236819,
        1.7172073318059655,
        2.236780895731677,
        1.5758865337793007,
        1.405051927285019,
        1.2743745965158353,
        1.8028640762827963,
        1.2134976434308578,
        1.2528029797707414,
        1.7681276849266518,
        0.0,
        1.090309823033839,
        1.1794729596667461,
        1.3077233293485473,
        1.3632381917137366,
        1.4706958994202126,
        1.2690442687349683,
        1.3805592626001322,
        1.317817352175993,
        1.5822476585734688,
        1.3188633402305494,
        1.3957159306906521,
        1.262648590299389,
        1.1740986555912687,
        1.318287773235125,
        1.637424160020425,
        1.2179566360699952,
        1.3153819186216353,
        1.288315820387697,
        1.6800904980484392,
        1.6061615169696055,
        1.7475383561233924,
        1.5173551924468283,
        1.259023552648023,
        1.150227351084851,
        1.3766352881403585,
        1.35393888717478,
        1.2451436274828798,
        1.3776690236684246,
        2.0092261684336004,
        1.3342763459444744,
        1.3106461640530365
    ],
    [
        1.6725766813817657,
        1.6078151151312283,
        1.4197270864500684,
        1.2119199643540823,
        1.125,
        1.2275483697190916,
        1.6105123408406408,
        1.7275343701356567,
        1.5360257159305635,
        1.7737671775066761,
        2.4673247306608452,
        1.695582495781317,
        1.5155444566227676,
        1.1755317945508748,
        1.776583800443987,
        1.2057208445996281,
        1.25,
        1.8328597873268975,
        1.090309823033839,
        0.0,
        1.0785149254620654,
        1.0307764064044151,
        1.2119199643540823,
        1.6153559979150107,
        1.2856040517117926,
        1.193471826228001,
        1.2465229418042993,
        1.6007810593582121,
        1.440702953422391,
        1.403121520040228,
        1.0416666666666667,
        1.1319231422671772,
        1.2054563451241194,
        1.4439769542636214,
        1.159202311936963,
        1.1726039399558574,
        1.0606601717798212,
        1.6770509831248424,
        1.7159383568311668,
        1.71846588560844,
        1.6393596310755,
        1.1858541225631423,
        0.9354143466934853,
        1.2506942516503028,
        1.1445523142259597,
        1.192424001771182,
        1.1602801385872292,
        2.3284920012746446,
        1.2054563451241194,
        1.165922381636102
    ],
    [
        1.4392950687001538,
        1.6530695354064477,
        1.1975089885999928,
        1.0833333333333333,
        1.1023963796102458,
        1.1106804721030756,
        1.3648616128466,
        1.7360555546666383,
        1.319590635176093,
        1.7684739183827396,
        2.2621788681031654,
        1.632461502013311,
        1.5528870961320187,
        0.9996179825869036,
        1.8549857741293387,
        1.2445886269527517,
        1.2367351733046525,
        2.067859198946259,
        1.1794729596667461,
        1.0785149254620654,
        0.0,
        1.165177621175797,
        1.3565683830083088,
        1.5195485440675391,
        1.3705736836165439,
        1.025067748438555,
        1.3806701271484076,
        1.854517757022324,
        1.2218781081233558,
        1.1629404780794053,
        0.9762812094883317,
        1.0008676791220261,
        1.024017143953709,
        1.2104865871944959,
        1.1577036657874837,
        1.0549157417643469,
        1.016359243137539,
        1.7295431317097716,
        1.6457014715109584,
        1.5986105077709065,
        1.6142808856508764,
        1.1380416903123052,
        1.0307764064044151,
        1.1094605796411956,
        1.0792873162930765,
        1.3116730198914328,
        1.078901189997387,
        2.131525927071444,
        1.0881304047667162,
        1.015504800579495
    ],
    [
        1.4658093118736524,
        1.6588357697828653,
        1.4306903927824497,
        1.1989578808281798,
        1.192424001771182,
        1.1294356998076518,
        1.3863170633011772,
        1.79843682124227,
        1.3975424859373686,
        1.8103866990231672,
        2.2718609202185607,
        1.6298006013006623,
        1.4684175155588413,
        1.176860229593982,
        1.8371173070873836,
        1.294981482808278,
        1.334634781503914,
        1.984313483298443,
        1.3077233293485473,
        1.0307764064044151,
        1.165177621175797,
        0.0,
        1.375,
        1.4630874888399532,
        1.375631168268265,
        1.0880027573494473,
        1.3743685418725535,
        1.7544586059522749,
        1.3672508913875316,
        1.1792476415070754,
        1.1975089885999928,
        1.243734296383275,
        1.2562344526401112,
        1.3514395616855712,
        1.3287682265918312,
        1.1726039399558574,
        1.192424001771182,
        1.6630168369562588,
        1.6899416492227706,
        1.5461646096066226,
        1.7902125882450697,
        1.1388041973930374,
        1.103970108290981,
        1.1234557302260635,
        1.1031205736455103,
        1.5,
        1.1742018565817378,
        2.125,
        1.2119199643540823,
        1.103970108290981
    ],
    [
        1.9737596208293264,
        1.8075843302903218,
        1.7230060940112777,
        1.6441183047457382,
        1.4842927608797396,
        1.4718186029535025,
        1.403121520040228,
        1.505199322349037,
        1.489546910976623,
        1.509138827278657,
        1.8638272561630616,
        1.4842927608797396,
        1.5103807466993215,
        1.3383758814324174,
        1.8157298807917437,
        1.3597249872001054,
        1.4361406616345072,
        1.6393596310755,
        1.3632381917137366,
        1.2119199643540823,
        1.3565683830083088,
        1.375,
        0.0,
        1.243734296383275,
        1.5405401289446792,
        1.6987127479359188,
        1.3274610268394993,
        1.6677080080157918,
        1.4611639196202457,
        1.653594569415369,
        1.2795127110653406,
        1.4469796128487782,
        1.5662455107677085,
        2.022014259758488,
        1.1388041973930374,
        1.6863421954040052,
        1.479019945774904,
        1.845602882529175,
        1.6383002709447916,
        1.648863244784115,
        1.5512092057488571,
        1.3693063937629153,
        1.2808688457449497,
        1.3962996733430033,
        1.4718186029535025,
        1.3110110602126894,
        1.5550321540083987,
        1.6630168369562588,
        1.3635890143294642,
        1.5258194519667128
    ],
    [
        1.8138849388614955,
        1.8390063742261593,
        1.75,
        1.7365554986812255,
        1.4577379737113252,
        1.5564382416273381,
        1.231107225224513,
        1.5761900266148114,
        1.3287682265918312,
        1.5081031131855673,
        1.8403256422132892,
        1.5562374497485916,
        1.346291201783626,
        1.4471955638406304,
        1.9364916731037085,
        1.267982891148338,
        1.4361406616345072,
        1.80710403685012,
        1.4706958994202126,
        1.6153559979150107,
        1.5195485440675391,
        1.4630874888399532,
        1.243734296383275,
        0.0,
        1.660404903764273,
        1.686156872891725,
        1.5034682127223928,
        1.8285923547909742,
        1.304559312564975,
        1.4252192813739224,
        1.4831226442131404,
        1.7897276329095442,
        1.920286436967152,
        1.88515767097727,
        1.159202311936963,
        1.7275343701356567,
        1.8157298807917437,
        1.741048534648015,
        1.5783914104063177,
        1.5662455107677085,
        1.7564365756964995,
        1.505199322349037,
        1.5612494995995996,
        1.4306903927824497,
        1.545760330711071,
        1.6105123408406408,
        1.8383076456349736,
        1.6393596310755,
        1.4469796128487782,
        1.5103807466993215
    ],
    [
        1.8514775462609288,
        1.5,
        1.7858432493114034,
        1.6239312724920898,
        1.5767406607020418,
        1.4495928547162629,
        1.765310013692905,
        1.5618054011659426,
        1.7475180812925641,
        1.6567622373506439,
        2.1657834411206025,
        1.5567951410224503,
        1.5931711911920967,
        1.3946574649154697,
        1.9148542155126762,
        1.3828753032390122,
        1.551768704128006,
        1.646228855428201,
        1.2690442687349683,
        1.2856040517117926,
        1.3705736836165439,
        1.375631168268265,
        1.5405401289446792,
        1.660404903764273,
        0.0,
        1.7050985634593419,
        1.2325166214790866,
        1.5651366642494124,
        1.35794984361639,
        1.4743171677461777,
        1.4959435892513535,
        1.550089603144856,
        1.632461502013311,
        1.7800007802744857,
        1.3925645805890337,
        1.534895038032822,
        1.550089603144856,
        1.742045413363906,
        1.5996961517043722,
        1.893427961250294,
        1.469008546983683,
        1.6061946056163652,
        1.2444320435890066,
        1.5662455107677085,
        1.526479246137624,
        1.47784565424735,
        1.7019800560262484,
        1.9180248810806508,
        1.3888194427082465,
        1.3642254619787417
    ],
    [
        1.2217261542253923,
        1.9322554466506523,
        1.0848386976873567,
        0.8287792227125388,
        1.1508149286483904,
        1.3437354650376687,
        1.5409007106234978,
        2.32768661980087,
        1.6296088487732263,
        2.3553131426627756,
        2.6949877891510883,
        1.9556009306604454,
        1.8369471957571344,
        1.2784267675545595,
        2.116453401329687,
        1.5529391159859371,
        1.4420038141419738,
        2.440414923737355,
        1.3805592626001322,
        1.193471826228001,
        1.025067748438555,
        1.0880027573494473,
        1.6987127479359188,
        1.686156872891725,
        1.7050985634593419,
        0.0,
        1.6068646143620466,
        1.9027939983088027,
        1.43287298809071,
        1.2794041581923985,
        0.9862245631137408,
        0.8799857953399021,
        1.0,
        0.9365643479109045,
        1.3642763649642253,
        0.6796138609534094,
        0.8565920849505907,
        2.0765054779605085,
        2.0238336833291855,
        1.9322913858939599,
        2.0618222792256153,
        1.1233320969330487,
        1.0851267207105353,
        1.199594839009312,
        1.046721070772916,
        1.6757461024868892,
        0.7988272654335228,
        2.6884010117540127,
        1.2168093523637957,
        1.0301698889018258
    ],
    [
        1.9905263863572822,
        1.6577888553398135,
        1.7579185924774154,
        1.5314979957907588,
        1.366768288904727,
        1.462826411817585,
        1.5115297622680879,
        1.7628496501088482,
        1.516117116555021,
        1.6305673859120329,
        2.095897488232461,
        1.4463795798091486,
        1.470189897031446,
        1.3349989596333858,
        1.728539042724295,
        1.2192214115328421,
        1.3686723088047368,
        1.6132050568838283,
        1.317817352175993,
        1.2465229418042993,
        1.3806701271484076,
        1.3743685418725535,
        1.3274610268394993,
        1.5034682127223928,
        1.2325166214790866,
        1.6068646143620466,
        0.0,
        1.5138251770487459,
        1.538826212121145,
        1.4068285846778443,
        1.4630874888399532,
        1.516117116555021,
        1.5618054011659426,
        1.6950704672339993,
        1.2104865871944959,
        1.420338379088276,
        1.4475793971700175,
        1.6509677296799126,
        1.5206906325745548,
        1.7524784037344243,
        1.4288690166235205,
        1.3856907623596575,
        1.1777745020918808,
        1.369940185231133,
        1.4391355429948602,
        1.375631168268265,
        1.5989145623759196,
        1.8003664750390251,
        1.3391798899990164,
        1.3507970897872772
    ],
    [
        2.4664198833159627,
        1.867577902584581,
        2.3048861143232218,
        2.0,
        1.80710403685012,
        1.7933906434460953,
        1.9882467150733583,
        1.8200274723201295,
        1.9243505397925815,
        1.8955540087267364,
        2.0247984278612496,
        1.5512092057488571,
        1.8874586088176875,
        1.6543503256565701,
        1.8666480653835098,
        1.484400174330029,
        1.6056540723331412,
        1.7809758560968758,
        1.5822476585734688,
        1.6007810593582121,
        1.854517757022324,
        1.7544586059522749,
        1.6677080080157918,
        1.8285923547909742,
        1.5651366642494124,
        1.9027939983088027,
        1.5138251770487459,
        0.0,
        1.8542181640788657,
        1.8582585934148133,
        1.9794955867032842,
        2.0,
        2.1396553460779613,
        2.260776661041756,
        1.6393596310755,
        1.8285923547909742,
        2.072890493972125,
        1.8157298807917437,
        1.5439172761374087,
        2.091650066335189,
        1.6260680250906547,
        1.79843682124227,
        1.7455300054711176,
        1.7916666666666667,
        2.084316434709471,
        1.6863421954040052,
        2.1086132883959543,
        1.984313483298443,
        1.79843682124227,
        2.0348525745124633
    ],
    [
        1.3408514656967883,
        1.713994684290992,
        1.1224972160321824,
        1.448274835796024,
        1.2539936203984452,
        1.4208272238382822,
        1.1744679646546345,
        1.4558073361540667,
        1.3560051622320617,
        1.6770509831248424,
        1.7626872458069844,
        1.5392774278862142,
        1.3534677683639165,
        1.2942179105544784,
        2.0373082731879335,
        1.2718147487358529,
        1.4341809509263466,
        1.8976959714348345,
        1.3188633402305494,
        1.440702953422391,
        1.2218781081233558,
        1.3672508913875316,
        1.4611639196202457,
        1.304559312564975,
        1.35794984361639,
        1.43287298809071,
        1.538826212121145,
        1.8542181640788657,
        0.0,
        1.1489125293076057,
        1.2774486291041218,
        1.346523300949523,
        1.4845032839303522,
        1.4086538096904986,
        1.1224972160321824,
        1.4417870855296213,
        1.3977660748494363,
        1.682817577754642,
        1.6270713294478245,
        1.6848590445494247,
        1.5086095511356732,
        1.2786711852544421,
        1.3254716141811562,
        1.4805216798292569,
        1.4630874888399532,
        1.4579523311823332,
        1.5624499991999745,
        1.8285923547909742,
        1.4558073361540667,
        1.1155155758661552
    ],
    [
        1.3138052304940293,
        1.663538731473094,
        1.2624381172952597,
        1.299038105676658,
        1.165922381636102,
        1.2786711852544421,
        1.25,
        1.709349291397168,
        1.334634781503914,
