[
    [
        0.0,
        2.106915847335887,
        0.9122885553174855,
        1.784285142399539,
        2.0278670809397696,
        2.107624037069385,
        1.1230141202521517,
        1.7206396796044998,
        1.8821293032854338,
        1.8232973606370735,
        1.4541241490382881,
        1.5626785612256553,
        2.084319494487838,
        1.5445386009407203,
        2.4380068808394295,
        1.8877120099880327,
        1.9646915165241683,
        1.9746479923970122,
        1.678476441081407,
        1.5750769336571386,
        1.5617373422176652,
        1.3591385702205732,
        1.5172034073051386,
        1.265843471317663,
        1.6979107977445411,
        1.7188369644047337,
        1.7094218367252145,
        2.122447446526134,
        1.4212984506127786,
        1.3808754083638526,
        1.5575687490968941,
        1.4740527916777812,
        1.6490995962821802,
        1.736443278880993,
        1.339166661375191,
        1.8410186011542409,
        1.485259202280593,
        1.9586770576913721,
        1.9853399070399156,
        2.061380940830674,
        1.7124970000139237,
        2.1719747903223734,
        1.4771862041166826,
        1.6829140044830755,
        1.9305743567495077,
        1.5697817850286422,
        1.696744331515686,
        1.9350090966405384,
        1.6476057149199062,
        1.0942509785609664
    ],
    [
        2.106915847335887,
        0.0,
        2.0077973005261263,
        2.5,
        1.648863244784115,
        1.6688319268278637,
        1.8540496217739157,
        1.834753238025333,
        1.5811388300841898,
        1.531135199778256,
        1.5550075464086195,
        1.75,
        1.996089927833914,
        1.6035117710824576,
        1.6677080080157918,
        1.6260789196903158,
        1.7897276329095442,
        1.4577379737113252,
        1.3975424859373686,
        1.4842927608797396,
        1.4475793971700175,
        1.5258194519667128,
        1.7001838135919305,
        1.7365554986812255,
        1.6239312724920898,
        1.4947825928876748,
        2.3514918432537435,
        1.7230060940112777,
        2.0348525745124633,
        1.5695673501531138,
        1.8027756377319946,
        1.845602882529175,
        1.7159383568311668,
        1.7370552988063193,
        1.6393596310755,
        1.5155444566227676,
        1.709349291397168,
        1.5761900266148114,
        1.664060462309655,
        1.5212613552940573,
        1.467234738471584,
        1.6345871038277526,
        1.571225636247067,
        1.4258282193557228,
        1.472030910001553,
        1.5915357712320235,
        1.597067625368444,
        1.5612494995995996,
        1.5206906325745548,
        1.590990257669732
    ],
    [
        0.9122885553174855,
        2.0077973005261263,
        0.0,
        1.1110243021644486,
        1.4361406616345072,
        1.8227726133558184,
        0.9354143466934853,
        1.0663736576724772,
        1.505199322349037,
        1.594129856692986,
        1.168108317244735,
        1.3169567191065923,
        1.334634781503914,
        1.2619429464123963,
        2.0,
        1.3342763459444744,
        1.479019945774904,
        1.8413649828320293,
        1.357847561400027,
        1.2562344526401112,
        1.1777745020918808,
        1.165922381636102,
        1.4129854131510975,
        1.0606601717798212,
        1.125771340508858,
        1.2747548783981961,
        0.8518770125108697,
        2.0615528128088303,
        0.9921567416492215,
        1.3057033013326997,
        1.0606601717798212,
        1.0,
        1.1372786719963484,
        1.2040152730666573,
        1.165922381636102,
        1.3110110602126894,
        1.2374368670764582,
        1.9364916731037085,
        1.861525658640723,
        1.784384425446988,
        1.536590742882148,
        1.571225636247067,
        1.224744871391589,
        1.472549753922691,
        1.7843065880055478,
        1.2916666666666665,
        1.3442005058770063,
        1.5155444566227676,
        1.4523687548277813,
        1.1858541225631423
    ],
    [
        1.784285142399539,
        2.5,
        1.1110243021644486,
        0.0,
        1.6441183047457382,
        2.5655165171949292,
        0.649519052838329,
        1.5331974577478416,
        1.5662455107677085,
        2.03116345969496,
        1.5799283114710474,
        1.118033988749895,
        1.7230060940112777,
        1.6035117710824576,
        2.179449471770337,
        1.4907238688171678,
        1.5103807466993215,
        2.407670035532278,
        1.704772712123232,
        1.5309310892394863,
        1.6588357697828653,
        1.2562344526401112,
        2.7616545966342554,
        0.8003905296791061,
        1.1372786719963484,
        1.5562374497485916,
        0.3254270698294439,
        3.2572035551988456,
        0.5,
        2.238008166999297,
        0.9013878188659973,
        1.648863244784115,
        1.66978874245949,
        1.4037400439935848,
        1.9685019685029528,
        1.5662455107677085,
        2.225561726845607,
        2.9738443133425796,
        3.739800945386146,
        2.3018712194888553,
        1.9556719504502225,
        1.8582585934148133,
        2.5799709300687867,
        2.0314369572081508,
        2.310167742827347,
        1.9886832606302873,
        1.9253246479490154,
        2.2810359488618324,
        2.318404623873926,
        2.038688303787511
    ],
    [
        2.0278670809397696,
        1.648863244784115,
        1.4361406616345072,
        1.6441183047457382,
        0.0,
        1.5043686383330384,
        1.352081728298996,
        1.2423376263229646,
        1.1792476415070754,
        1.6174826119621812,
        1.3687240818532045,
        1.192424001771182,
        1.375,
        1.2142384444580892,
        1.5258194519667128,
        1.043230119212752,
        1.2686114456365274,
        1.709349291397168,
        1.2119199643540823,
        1.165922381636102,
        1.2733922324946771,
        1.165922381636102,
        1.4541606972179288,
        1.299038105676658,
        1.1464013743498005,
        1.125,
        1.6067349570549037,
        1.9324531042175384,
        1.3635890143294642,
        1.2402396721781015,
        1.1792476415070754,
        1.5155444566227676,
        1.2672421938121292,
        1.1094605796411956,
        1.2183492931011204,
        1.103970108290981,
        1.403121520040228,
        1.984313483298443,
        2.0339992079098206,
        1.3850641782162219,
        1.4312970031098058,
        1.224744871391589,
        1.375,
        1.3680379299485002,
        1.336740438529485,
        1.3391798899990164,
        1.4298164217828806,
        1.5103807466993215,
        1.346291201783626,
        1.648863244784115
    ],
    [
        2.107624037069385,
        1.6688319268278637,
        1.8227726133558184,
        2.5655165171949292,
        1.5043686383330384,
        0.0,
        2.020365066021485,
        1.670287733030184,
        1.5270478054075451,
        1.6562382075051885,
        1.7115975948015971,
        1.751071100783746,
        1.7635192088548397,
        1.7746478523921303,
        1.724275210052038,
        1.5249790898532989,
        1.6632047378479897,
        1.5155444566227674,
        1.3932874793092773,
        1.5229494410518032,
        1.55264111901123,
        1.6966879500957153,
        1.4118053847625192,
        1.9970290433541522,
        1.6978131359029016,
        1.5167811312117514,
        2.5509938150541336,
        1.5773791554347356,
        2.039607805437114,
        1.3902937339521697,
        1.8124568960391858,
        1.8134911083322134,
        1.6514724070087006,
        1.6021686691620343,
        1.4439529078193651,
        1.5576424493445213,
        1.4396180048887968,
        1.659442677527609,
        1.532381951226405,
        1.465032233244185,
        1.6031436131689651,
        1.5473768125443783,
        1.405791591950955,
        1.5346235513781366,
        1.400669482783144,
        1.5079189117603256,
        1.5360257159305635,
        1.4826075003182737,
        1.3896942109687296,
        1.6309506430300091
    ],
    [
        1.1230141202521517,
        1.8540496217739157,
        0.9354143466934853,
        0.649519052838329,
        1.352081728298996,
        2.020365066021485,
        0.0,
        1.1688966782587948,
        1.2747548783981961,
        1.561449646962719,
        1.2295521417930007,
        0.9270248108869579,
        1.3863170633011772,
        1.1008519428152,
        1.8285923547909742,
        1.1471737675963587,
        1.2747548783981961,
        1.8833148966649205,
        1.4306903927824497,
        1.243734296383275,
        1.1931517552730295,
        0.9185586535436918,
        1.8013305267681072,
        0.7905694150420949,
        0.8457409637576849,
        1.159202311936963,
        0.7264831572567789,
        2.2741756748325317,
        0.4841229182759271,
        1.4215601757693317,
        0.7180703308172536,
        1.340475661845451,
        1.2083333333333335,
        1.068812944865055,
        1.3287682265918312,
        1.0968705484240153,
        1.541103500742244,
        2.069118169655856,
        2.260776661041756,
        1.8587256685996218,
        1.6340559625939648,
        1.4252192813739224,
        1.5103807466993215,
        1.5314979957907588,
        1.8024289167675935,
        1.4312970031098058,
        1.496036430037718,
        1.71846588560844,
        1.6441183047457382,
        1.2747548783981961
    ],
    [
        1.7206396796044998,
        1.834753238025333,
        1.0663736576724772,
        1.5331974577478416,
        1.2423376263229646,
        1.670287733030184,
        1.1688966782587948,
        0.0,
        1.319590635176093,
        1.5052223903611202,
        1.1737968462562758,
        1.155452051988504,
        0.927960727138337,
        1.1383772563512404,
        1.6509677296799126,
        1.0593231484678405,
        1.0639287779003088,
        1.811901242096575,
        1.3661330258962503,
        1.2381381631753021,
        1.1395661942647786,
        1.1755613316388238,
        1.5080800892378214,
        1.1486707293408518,
        1.015504800579495,
        1.1807189429420628,
        1.28086884574495,
        2.149773889919072,
        1.2211959074794039,
        1.337233877990101,
        1.1280821975567403,
        1.0086432030758503,
        0.9437293044088437,
        0.9798313346920706,
        1.2997061633735185,
        1.1755613316388238,
        1.3962996733430033,
        2.100760444325922,
        2.0670194591354103,
        1.4819516036482283,
        1.6153559979150107,
        1.3254978100489057,
        1.4583333333333333,
        1.4000248013676202,
        1.580831356526615,
        1.2909944487358056,
        1.3202219931174874,
        1.498842145717079,
        1.2876280950302037,
        1.5833333333333335
    ],
    [
        1.8821293032854338,
        1.5811388300841898,
        1.505199322349037,
        1.5662455107677085,
        1.1792476415070754,
        1.5270478054075451,
        1.2747548783981961,
        1.319590635176093,
        0.0,
        1.4254385290148432,
        1.3095508655213646,
        1.118033988749895,
        1.5155444566227676,
        1.1573136999102707,
        1.3228756555322954,
        1.119601559958374,
        1.192424001771182,
        1.5612494995995996,
        1.2374368670764582,
        1.2119199643540823,
        1.1494261853444767,
        1.0897247358851685,
        1.6308654825650772,
        1.243734296383275,
        1.0516191220103301,
        1.14564392373896,
        1.5800404354882116,
        1.8624580532189174,
        1.3228756555322954,
        1.3856907623596575,
        1.1726039399558574,
        1.5612494995995996,
        1.3017082793177759,
        1.1188101318414627,
        1.3693063937629153,
        1.1792476415070754,
        1.5360257159305635,
        1.653594569415369,
        1.8605927968138423,
        1.3925645805890337,
        1.5057759166327211,
        1.1858541225631423,
        1.479019945774904,
        1.3527235900623273,
        1.42828568570857,
        1.420338379088276,
        1.282331860323216,
        1.5662455107677085,
        1.243734296383275,
        1.5103807466993215
    ],
    [
        1.8232973606370735,
        1.531135199778256,
        1.594129856692986,
        2.03116345969496,
        1.6174826119621812,
        1.6562382075051885,
        1.561449646962719,
        1.5052223903611202,
        1.4254385290148432,
        0.0,
        1.0744243831475722,
        1.6009762646585364,
        1.7732385626305334,
        1.276224901810022,
        1.7953063805378735,
        1.4540978337801351,
        1.475,
        1.572815946002583,
        1.352312833629852,
        1.1377060252982754,
        1.0647117502456291,
        1.2502499750049987,
        1.6624112340546517,
        1.4417870855296213,
        1.4380494119157072,
        1.332760293526184,
        1.9338720513806262,
        1.856912760470992,
        1.7501785623187138,
        1.3483271528494525,
        1.5862692079215306,
        1.282331860323216,
        1.2455197487171548,
        1.4227565185621576,
        1.4647952075290251,
        1.6009762646585364,
        1.3899190623917639,
        1.6632047378479897,
        1.720969526491132,
        1.3894193431470252,
        1.4161518672483935,
        1.4686303142724515,
        1.5043686383330384,
        1.290294970582739,
        1.448706319445042,
        1.266090877903759,
        1.1960873713905686,
        1.4300349646075092,
        1.3738631664034087,
        1.4579523311823332
    ],
    [
        1.4541241490382881,
        1.5550075464086195,
        1.168108317244735,
        1.5799283114710474,
        1.3687240818532045,
        1.7115975948015971,
        1.2295521417930007,
        1.1737968462562758,
        1.3095508655213646,
        1.0744243831475722,
        0.0,
        1.2038681279059409,
        1.4410172144165725,
        1.0716785422687083,
        1.6524371302375638,
        1.1949617874515435,
        1.2385959381328455,
        1.4383593261144476,
        1.273628714359415,
        1.0609607698223535,
        0.9764807930671371,
        1.1642802366216456,
        1.533890574579745,
        1.1093008921783825,
        1.1027980543838634,
        1.2295521417930007,
        1.43221262150467,
        1.9579443093120261,
        1.333200461066435,
        1.3251770086703096,
        1.2421950206741914,
        1.0672537712488523,
        1.1013352543179702,
        1.1794128790330487,
        1.3921701602541412,
        1.3155031240509294,
        1.3768540375858025,
        1.6190038509490194,
        1.7545696735179899,
        1.4457057766861707,
        1.2426940688491412,
        1.3792836798091084,
        1.3300874606811481,
        1.222065994447346,
        1.3492108426629188,
        1.1595384764888355,
        1.1322836775872962,
        1.2767544951228198,
        1.240525316639886,
        1.3155031240509294
    ],
    [
        1.5626785612256553,
        1.75,
        1.3169567191065923,
        1.118033988749895,
        1.192424001771182,
        1.751071100783746,
        0.9270248108869579,
        1.155452051988504,
        1.118033988749895,
        1.6009762646585364,
        1.2038681279059409,
        0.0,
        1.357847561400027,
        1.0793516572461452,
        1.5155444566227676,
        1.0172303834732939,
        1.1319231422671772,
        1.8157298807917437,
        1.346291201783626,
        1.192424001771182,
        1.1996816707406641,
        0.9185586535436918,
        1.7940875118009154,
        0.8838834764831844,
        0.8730136183232068,
        1.103970108290981,
        1.14564392373896,
        2.1972994789058684,
        0.875,
        1.3616778865306827,
        0.81967981553775,
        1.4361406616345072,
        1.1418491338370602,
        0.9446486707295528,
        1.403121520040228,
        1.0383279828647594,
        1.505199322349037,
        2.038688303787511,
        2.197694499040099,
        1.6345871038277526,
        1.5612494995995996,
        1.2054563451241194,
        1.5761900266148114,
        1.420338379088276,
        1.5337861650177969,
        1.403121520040228,
        1.4590236461414874,
        1.6393596310755,
        1.4577379737113252,
        1.5512092057488571
    ],
    [
        2.084319494487838,
        1.996089927833914,
        1.334634781503914,
        1.7230060940112777,
        1.375,
        1.7635192088548397,
        1.3863170633011772,
        0.927960727138337,
        1.5155444566227676,
        1.7732385626305334,
        1.4410172144165725,
        1.357847561400027,
        0.0,
        1.3226394066411298,
        1.741048534648015,
        1.201083694342874,
        1.224744871391589,
        1.928406077567689,
        1.7320508075688772,
        1.5206906325745548,
        1.4111411851563416,
        1.4086784586980805,
        1.768748773065927,
        1.4469796128487782,
        1.2211959074794039,
        1.5258194519667128,
        1.4690085469836829,
        2.348536778506992,
        1.4306903927824497,
        1.5942605391424158,
        1.334634781503914,
        1.165922381636102,
        0.961046882889233,
        1.1755613316388238,
        1.5155444566227676,
        1.4306903927824497,
        1.505199322349037,
        2.484325864293974,
        2.323266976575108,
        1.6356488688658768,
        1.697629065621947,
        1.595893166850463,
        1.7721808598447282,
        1.5980674092304257,
        1.7408690358553685,
        1.486630231242606,
        1.6299923312703037,
        1.5562374497485916,
        1.5155444566227676,
        2.091650066335189
    ],
    [
        1.5445386009407203,
        1.6035117710824576,
        1.2619429464123963,
        1.6035117710824576,
        1.2142384444580892,
        1.7746478523921303,
        1.1008519428152,
        1.1383772563512404,
        1.1573136999102707,
        1.276224901810022,
        1.0716785422687083,
        1.0793516572461452,
        1.3226394066411298,
        0.0,
        1.5078958850000221,
        1.0343340556974379,
        1.243483011544589,
        1.5520148195168757,
        1.3437354650376687,
        1.1869077470469218,
        0.992296718616855,
        1.0313825672368135,
        1.6895512224651057,
        1.05,
        1.0830448333799996,
        1.1478240283248997,
        1.417671212470179,
        2.075,
        1.2026013470805694,
        1.3421841652073434,
        1.1219402836158439,
        1.3117259622344906,
        1.0675452111165025,
        1.1278975032234877,
        1.453229162933362,
        1.100568035152757,
        1.579952530932496,
        1.8095234179197572,
        1.9086062395836858,
        1.465529862465374,
        1.4687958030683201,
        1.2155245781143218,
        1.3469873793024194,
        1.226642889262306,
        1.3693063937629153,
        1.2411072565343504,
        1.2903487900563941,
        1.46692706021806,
        1.2509996003196804,
        1.45
    ],
    [
        2.4380068808394295,
        1.6677080080157918,
        2.0,
        2.179449471770337,
        1.5258194519667128,
        1.724275210052038,
        1.8285923547909742,
        1.6509677296799126,
        1.3228756555322954,
        1.7953063805378735,
        1.6524371302375638,
        1.5155444566227676,
        1.741048534648015,
        1.5078958850000221,
        0.0,
        1.4182664036903414,
        1.505199322349037,
        1.7940875118009154,
        1.5,
        1.5512092057488571,
        1.4589284500009665,
        1.5,
        1.853581368294602,
        1.758905909933786,
        1.570120306784731,
        1.4630874888399532,
        2.106949479961755,
        2.065338955232288,
        1.845602882529175,
        1.7534687843750678,
        1.709349291397168,
        1.956559480312316,
        1.6223268611609822,
        1.532064692570853,
        1.7275343701356567,
        1.505199322349037,
        1.9121323175972944,
        2.03100960115899,
        2.125816836470683,
        1.5618054011659426,
        1.8147734783652139,
        1.4415703243338496,
        1.7853571071357126,
        1.620720861564727,
        1.6180621125284407,
        1.7225022173828657,
        1.7378147196982767,
        1.7853571071357126,
        1.5309310892394863,
        2.027159342528357
    ],
    [
        1.8877120099880327,
        1.6260789196903158,
        1.3342763459444744,
        1.4907238688171678,
        1.043230119212752,
        1.5249790898532989,
        1.1471737675963587,
        1.0593231484678405,
        1.119601559958374,
        1.4540978337801351,
        1.1949617874515435,
        1.0172303834732939,
        1.201083694342874,
        1.0343340556974379,
        1.4182664036903414,
        0.0,
        1.0862075946961107,
        1.703369260241212,
        1.3648745924300973,
        1.146200466848658,
        1.1802086992121965,
        1.0400156984686455,
        1.5862397241857973,
        1.1938939036033414,
        1.0147893060142619,
        1.1051248890547,
        1.4247095618409062,
        2.0241683855502792,
        1.1607142857142858,
        1.3064764325980933,
        1.032476466105269,
        1.3447507545403106,
        1.055402632436213,
        0.969416099358859,
        1.237952143745501,
        1.080615376457662,
        1.441238483855791,
        2.0395483943905877,
        2.041822845616098,
        1.4315940245918761,
        1.5150651258612307,
        1.1334715051827393,
        1.4821428571428572,
        1.3417965881236347,
        1.433255712975012,
        1.3081025837504154,
        1.3626486063875,
        1.3944587860967599,
        1.3174408943873275,
        1.6067459827431418
    ],
    [
        1.9646915165241683,
        1.7897276329095442,
        1.479019945774904,
        1.5103807466993215,
        1.2686114456365274,
        1.6632047378479897,
        1.2747548783981961,
        1.0639287779003088,
        1.192424001771182,
        1.475,
        1.2385959381328455,
        1.1319231422671772,
        1.224744871391589,
        1.243483011544589,
        1.505199322349037,
        1.0862075946961107,
        0.0,
        1.7001838135919305,
        1.352081728298996,
        1.14564392373896,
        1.2126360175712707,
        1.118033988749895,
        1.718970945394689,
        1.165922381636102,
        1.044163673845139,
        1.2183492931011204,
        1.4529663145135576,
        2.057759704144291,
        1.3050383136138188,
        1.4819516036482283,
        1.1726039399558574,
        1.334634781503914,
        1.2083333333333333,
        1.0833333333333333,
        1.352081728298996,
        1.1726039399558574,
        1.5258194519667128,
        2.0953818267800264,
        2.246911460452127,
        1.5717780094883345,
        1.5783914104063175,
        1.3110110602126894,
        1.6583123951777,
        1.5263882570011835,
        1.4788086421170252,
        1.3116730198914328,
        1.3977660748494363,
        1.5811388300841898,
        1.3863170633011772,
        1.7455300054711176
    ],
    [
        1.9746479923970122,
        1.4577379737113252,
        1.8413649828320293,
        2.407670035532278,
        1.709349291397168,
        1.5155444566227674,
        1.8833148966649205,
        1.811901242096575,
        1.5612494995995996,
        1.572815946002583,
        1.4383593261144476,
        1.8157298807917437,
        1.928406077567689,
        1.5520148195168757,
        1.7940875118009154,
        1.703369260241212,
        1.7001838135919305,
        0.0,
        1.346291201783626,
        1.3806701271484076,
        1.3182743349630313,
        1.6770509831248424,
        1.510955363705729,
        1.7001838135919305,
        1.683766445931396,
        1.5309310892394863,
        2.2886343574765764,
        1.6677080080157918,
        2.023301757029831,
        1.4953632037438636,
        1.8027756377319946,
        1.6630168369562588,
        1.6541194367732672,
        1.799401906807432,
        1.4086784586980805,
        1.709349291397168,
        1.4469796128487782,
        1.4415703243338496,
        1.5745369689742654,
        1.4421723583230652,
        1.393810723639811,
        1.625,
        1.3975424859373686,
        1.2849286620924396,
        1.3950806428303706,
        1.452966314513558,
        1.334634781503914,
        1.2562344526401112,
        1.403121520040228,
        1.5206906325745548
    ],
    [
        1.678476441081407,
        1.3975424859373686,
        1.357847561400027,
        1.704772712123232,
        1.2119199643540823,
        1.3932874793092773,
        1.4306903927824497,
        1.3661330258962503,
        1.2374368670764582,
        1.352312833629852,
        1.273628714359415,
        1.346291201783626,
        1.7320508075688772,
        1.3437354650376687,
        1.5,
        1.3648745924300973,
        1.352081728298996,
        1.346291201783626,
        0.0,
        1.1388041973930374,
        1.092111868506763,
        1.192424001771182,
        1.2444320435890066,
        1.3050383136138188,
        1.2360330811826103,
        1.0383279828647594,
        1.7037540250217393,
        1.6393596310755,
        1.5309310892394863,
        1.2040152730666573,
        1.4142135623730951,
        1.5258194519667128,
        1.3661330258962503,
        1.3010412496663328,
        1.231107225224513,
        1.192424001771182,
        1.2119199643540823,
        1.334634781503914,
        1.547847968417226,
        1.2997061633735185,
        1.2610621625351297,
        1.2562344526401112,
        1.1388041973930374,
        1.270662556831409,
        1.1895377253370318,
        1.1509356097444279,
        1.1879604370516723,
        1.3050383136138188,
        1.165922381636102,
        1.231107225224513
    ],
    [
        1.5750769336571386,
        1.4842927608797396,
        1.2562344526401112,
        1.5309310892394863,
        1.165922381636102,
        1.5229494410518032,
        1.243734296383275,
        1.2381381631753021,
        1.2119199643540823,
        1.1377060252982754,
        1.0609607698223535,
        1.192424001771182,
        1.5206906325745548,
        1.1869077470469218,
        1.5512092057488571,
        1.146200466848658,
        1.14564392373896,
        1.3806701271484076,
        1.1388041973930374,
        0.0,
        0.9798313346920706,
        1.0825317547305484,
        1.5980674092304257,
        1.14564392373896,
        1.0655593210453684,
        1.1319231422671772,
        1.486630231242606,
        1.8285923547909742,
        1.334634781503914,
        1.2325166214790866,
        1.1388041973930374,
        1.1792476415070754,
        1.1188101318414627,
        1.1554520519885039,
        1.1726039399558574,
        1.1792476415070754,
        1.3110110602126894,
        1.5309310892394863,
        1.6791201399674904,
        1.3546473505840715,
        1.247219128924647,
        1.3050383136138188,
        1.1858541225631423,
        1.2018504251546631,
        1.286225096940656,
        1.227576655221353,
        1.1349559462816168,
        1.3169567191065923,
        1.3287682265918312,
        1.14564392373896
    ],
    [
        1.5617373422176652,
        1.4475793971700175,
        1.1777745020918808,
        1.6588357697828653,
        1.2733922324946771,
        1.55264111901123,
        1.1931517552730295,
        1.1395661942647786,
        1.1494261853444767,
        1.0647117502456291,
        0.9764807930671371,
        1.1996816707406641,
        1.4111411851563416,
        0.992296718616855,
        1.4589284500009665,
        1.1802086992121965,
        1.2126360175712707,
        1.3182743349630313,
        1.092111868506763,
        0.9798313346920706,
        0.0,
        0.9930312739844155,
        1.369940185231133,
        1.076097630845413,
        1.07124667768187,
        1.0069204977995476,
        1.5444794160708866,
        1.8879184598681986,
        1.2876280950302037,
        1.2169234888758529,
        1.1931517552730295,
        1.165177621175797,
        0.9851325347947408,
        1.0752906583803283,
        1.1141451630934114,
        1.1055415967851334,
        1.3215626272628087,
        1.505775916632721,
        1.648863244784115,
        1.2822235461190932,
        1.2713455251993633,
        1.2318121249245402,
        1.1426091000668408,
        1.0857345183996152,
        1.3051447344175195,
        1.034139470499238,
        1.133884669816311,
        1.191695803839591,
        1.1141451630934114,
        1.2318121249245402
    ],
    [
        1.3591385702205732,
        1.5258194519667128,
        1.165922381636102,
        1.2562344526401112,
        1.165922381636102,
        1.6966879500957153,
        0.9185586535436918,
        1.1755613316388238,
        1.0897247358851685,
        1.2502499750049987,
        1.1642802366216456,
        0.9185586535436918,
        1.4086784586980805,
        1.0313825672368135,
        1.5,
        1.0400156984686455,
        1.118033988749895,
        1.6770509831248424,
        1.192424001771182,
        1.0825317547305484,
        0.9930312739844155,
        0.0,
        1.6393596310755,
        0.9437293044088437,
        0.9033118078616167,
        1.0077822185373186,
        1.267242193812129,
        1.9882467150733583,
        0.9519716382329886,
        1.3326821326432896,
        0.9437293044088437,
        1.3919410907075054,
        1.1418491338370602,
        1.0391636594449938,
        1.357847561400027,
        1.0383279828647594,
        1.4523687548277813,
        1.7365554986812255,
        1.9490025939210833,
        1.5263882570011835,
        1.391317321422,
        1.1524430571616109,
        1.3975424859373686,
        1.2754356554178305,
        1.4607361157991543,
        1.3057033013326997,
        1.2070107704573312,
        1.4737282653189494,
        1.346291201783626,
        1.2747548783981961
    ],
    [
        1.5172034073051386,
        1.7001838135919305,
        1.4129854131510975,
        2.7616545966342554,
        1.4541606972179288,
        1.4118053847625192,
        1.8013305267681072,
        1.5080800892378214,
        1.6308654825650772,
        1.6624112340546517,
        1.533890574579745,
        1.7940875118009154,
        1.768748773065927,
        1.6895512224651057,
        1.853581368294602,
        1.5862397241857973,
        1.718970945394689,
        1.510955363705729,
        1.2444320435890066,
        1.5980674092304257,
        1.369940185231133,
        1.6393596310755,
        0.0,
        1.7455300054711176,
        1.6754974385735917,
        1.3925645805890337,
        2.3888485138706934,
        1.5416666666666667,
        1.9494479275482641,
        1.1303883305208782,
        1.7098570440569327,
        1.5545631755148024,
        1.6340559625939648,
        1.6013232375479696,
        1.1486707293408518,
        1.505775916632721,
        1.2360330811826103,
        1.5427923817978015,
        1.379412113103904,
        1.4684175155588413,
        1.4583333333333333,
        1.5411035007422442,
        0.9956502621123767,
        1.4690085469836827,
        1.363741788853985,
        1.2638125740085917,
        1.276741729734109,
        1.2296962136144756,
        1.2465229418042993,
        1.2930100540985752
    ],
    [
        1.265843471317663,
        1.7365554986812255,
        1.0606601717798212,
        0.8003905296791061,
        1.299038105676658,
        1.9970290433541522,
        0.7905694150420949,
        1.1486707293408518,
        1.243734296383275,
        1.4417870855296213,
        1.1093008921783825,
        0.8838834764831844,
        1.4469796128487782,
        1.05,
        1.758905909933786,
        1.1938939036033414,
        1.165922381636102,
        1.7001838135919305,
        1.3050383136138188,
        1.14564392373896,
        1.076097630845413,
        0.9437293044088437,
        1.7455300054711176,
        0.0,
        0.8907315969346646,
        1.0968705484240153,
        0.8333333333333334,
        2.348536778506992,
        0.7603453162872774,
        1.508655582519306,
        0.8003905296791061,
        1.3050383136138188,
        1.182188413259259,
        1.104756131963571,
        1.403121520040228,
        1.118033988749895,
        1.6105123408406408,
        1.8833148966649205,
        2.401533075164927,
        1.7460272366464136,
        1.4831226442131404,
        1.375,
        1.5512092057488571,
        1.4529663145135578,
        1.7300650276795957,
        1.4197270864500684,
        1.3124404748406688,
        1.695582495781317,
        1.5512092057488571,
        1.3635890143294642
    ],
    [
        1.6979107977445411,
        1.6239312724920898,
        1.125771340508858,
        1.1372786719963484,
        1.1464013743498005,
        1.6978131359029016,
        0.8457409637576849,
        1.015504800579495,
        1.0516191220103301,
        1.4380494119157072,
        1.1027980543838634,
        0.8730136183232068,
        1.2211959074794039,
        1.0830448333799996,
        1.570120306784731,
        1.0147893060142619,
        1.044163673845139,
        1.683766445931396,
        1.2360330811826103,
        1.0655593210453684,
        1.07124667768187,
        0.9033118078616167,
        1.6754974385735917,
        0.8907315969346646,
        0.0,
        1.0952866190079096,
        1.103970108290981,
        2.0945531212594677,
        0.9251501379656049,
        1.3235316811890492,
        0.8457409637576849,
        1.2430361575146915,
        1.0897247358851685,
        0.93355652093367,
        1.2211959074794037,
        0.9664511253952668,
        1.375631168268265,
        2.105713128082213,
        2.124182849421814,
        1.5427923817978013,
        1.4306903927824497,
        1.2638125740085917,
        1.5280934017410208,
        1.3189326492787012,
        1.531293933610106,
        1.2788341044352338,
        1.2959338117529169,
        1.555679558549539,
        1.2835768167291135,
        1.4565465244123779
    ],
    [
        1.7188369644047337,
        1.4947825928876748,
        1.2747548783981961,
        1.5562374497485916,
        1.125,
        1.5167811312117514,
        1.159202311936963,
        1.1807189429420628,
        1.14564392373896,
        1.332760293526184,
        1.2295521417930007,
        1.103970108290981,
        1.5258194519667128,
        1.1478240283248997,
        1.4630874888399532,
        1.1051248890547,
        1.2183492931011204,
        1.5309310892394863,
        1.0383279828647594,
        1.1319231422671772,
        1.0069204977995476,
        1.0077822185373186,
        1.3925645805890337,
        1.0968705484240153,
        1.0952866190079096,
        0.0,
        1.550649505494033,
        1.7544586059522749,
        1.2054563451241194,
        1.1577036657874837,
        1.1792476415070754,
        1.4415703243338496,
        1.2004050242406612,
        1.0817295821455974,
        1.224744871391589,
        0.875,
        1.3975424859373686,
        1.6393596310755,
        1.7892425461319907,
        1.2815463749358083,
        1.4018836534383934,
        1.14564392373896,
        1.2374368670764582,
        1.2254534308210618,
        1.3495369576265779,
        1.1531960419248373,
        1.2429802894656052,
        1.3863170633011772,
        1.14564392373896,
        1.2119199643540823
    ],
    [
        1.7094218367252145,
        2.3514918432537435,
        0.8518770125108697,
        0.3254270698294439,
        1.6067349570549037,
        2.5509938150541336,
        0.7264831572567789,
        1.28086884574495,
        1.5800404354882116,
        1.9338720513806262,
        1.43221262150467,
        1.14564392373896,
        1.4690085469836829,
        1.417671212470179,
        2.106949479961755,
        1.4247095618409062,
        1.4529663145135576,
        2.2886343574765764,
        1.7037540250217393,
        1.486630231242606,
        1.5444794160708866,
        1.267242193812129,
        2.3888485138706934,
        0.8333333333333334,
        1.103970108290981,
        1.550649505494033,
        0.0,
        3.191242356477768,
        0.5697830971323893,
        2.1794494717703365,
        0.9251501379656049,
        1.4129854131510977,
        1.480193305694301,
        1.3391798899990164,
        1.7255232700707215,
        1.498842145717079,
        2.149773889919072,
        2.9014483930922808,
        3.5526789578820344,
        2.1734668926241625,
        1.940521837032503,
        1.858725668599622,
        2.151388440570931,
        1.939626968717897,
        2.2011045207147957,
        1.7902125882450697,
        1.8443607745413226,
        2.2236106773543884,
        2.072890493972125,
        1.9355949415561557
    ],
    [
        2.122447446526134,
        1.7230060940112777,
        2.0615528128088303,
        3.2572035551988456,
        1.9324531042175384,
        1.5773791554347356,
        2.2741756748325317,
        2.149773889919072,
        1.8624580532189174,
        1.856912760470992,
        1.9579443093120261,
        2.1972994789058684,
        2.348536778506992,
        2.075,
        2.065338955232288,
        2.0241683855502792,
        2.057759704144291,
        1.6677080080157918,
        1.6393596310755,
        1.8285923547909742,
        1.8879184598681986,
        1.9882467150733583,
        1.5416666666666667,
        2.348536778506992,
        2.0945531212594677,
        1.7544586059522749,
        3.191242356477768,
        0.0,
        2.4748737341529163,
        1.5143984871155207,
        2.143303524935281,
        2.1866069605669876,
        2.116814299313423,
        2.1032382440206603,
        1.6153559979150107,
        1.9445436482630056,
        1.595893166850463,
        1.5258194519667128,
        1.5667996397469306,
        1.754953307387724,
        1.5800404354882116,
        1.79843682124227,
        1.5360257159305635,
        1.8394783378870097,
        1.6083765106466832,
        1.5717780094883345,
        1.592168332809066,
        1.6393596310755,
        1.6630168369562588,
        1.5206906325745548
    ],
    [
        1.4212984506127786,
        2.0348525745124633,
        0.9921567416492215,
        0.5,
        1.3635890143294642,
        2.039607805437114,
        0.4841229182759271,
        1.2211959074794039,
        1.3228756555322954,
        1.7501785623187138,
        1.333200461066435,
        0.875,
        1.4306903927824497,
        1.2026013470805694,
        1.845602882529175,
        1.1607142857142858,
        1.3050383136138188,
        2.023301757029831,
        1.5309310892394863,
        1.334634781503914,
        1.2876280950302037,
        0.9519716382329886,
        1.9494479275482641,
        0.7603453162872774,
        0.9251501379656049,
        1.2054563451241194,
        0.5697830971323893,
        2.4748737341529163,
        0.0,
        1.5855247992033703,
        0.673145600891813,
        1.4252192813739224,
        1.2465229418042993,
        1.0540925533894598,
        1.4086784586980805,
        1.1319231422671772,
        1.7320508075688772,
        2.348536778506992,
        2.669594746606891,
        1.90029237516523,
        1.6991623753419736,
        1.4197270864500684,
        1.713913650100261,
        1.6541194367732672,
        1.9266226926930972,
        1.5915357712320233,
        1.659442677527609,
        1.9921721813136535,
        1.7544586059522749,
        1.590990257669732
    ],
    [
        1.3808754083638526,
        1.5695673501531138,
        1.3057033013326997,
        2.238008166999297,
        1.2402396721781015,
        1.3902937339521697,
        1.4215601757693317,
        1.337233877990101,
        1.3856907623596575,
        1.3483271528494525,
        1.3251770086703096,
        1.3616778865306827,
        1.5942605391424158,
