[
    [
        0.0,
        2.225561726845607,
        2.42706097986845,
        4.235268586524354,
        2.666341125962693,
        2.019436802675439,
        2.582997289971478,
        2.5799709300687867,
        2.378287198805056,
        2.2946949688357274,
        2.433490291741473,
        2.6487025125521364,
        2.7386127875258306,
        2.5525722320827673,
        2.468552207266437,
        2.592055169165965,
        2.5799709300687867,
        2.1396553460779613,
        2.125,
        2.2569337606584736,
        2.2980970388562794,
        2.592055169165965,
        1.7809758560968758,
        2.6040833319999575,
        2.6309456474811483,
        2.2741756748325317,
        4.207508169926709,
        1.9162137145944864,
        3.2161700825671518,
        1.7940875118009154,
        2.62797450520358,
        2.439902661992892,
        2.5,
        2.4937421679075005,
        2.050152433357091,
        2.496873044429772,
        1.9039432764659772,
        1.956559480312316,
        1.6583123951777,
        2.099106952968333,
        2.348536778506992,
        2.179449471770337,
        1.8791620472966135,
        2.2043990110685496,
        2.117634293262177,
        1.899835519196333,
        2.2741756748325317,
        2.069118169655856,
        2.0077973005261263,
        1.7001838135919305
    ],
    [
        2.225561726845607,
        0.0,
        1.489546910976623,
        2.598076211353316,
        1.6909686573085854,
        1.7001838135919305,
        1.8413649828320293,
        1.7853571071357126,
        1.58607219255619,
        1.6770509831248424,
        1.6345871038277526,
        1.940521837032503,
        1.8371173070873836,
        1.6677080080157918,
        1.7853571071357126,
        1.8540496217739157,
        1.976423537605237,
        1.5662455107677085,
        1.6153559979150107,
        1.6583123951777,
        1.620185174601965,
        1.6105123408406408,
        1.9121323175972944,
        1.920286436967152,
        1.824314939915803,
        1.6770509831248424,
        2.5525722320827673,
        1.9324531042175384,
        2.1360009363293826,
        1.7455300054711176,
        1.940521837032503,
        1.713913650100261,
        1.7455300054711176,
        1.7809758560968758,
        1.695582495781317,
        1.695582495781317,
        1.7809758560968758,
        1.8027756377319946,
        1.928406077567689,
        1.6393596310755,
        1.6583123951777,
        1.7001838135919305,
        1.590990257669732,
        1.6153559979150107,
        1.6441183047457382,
        1.6298006013006623,
        1.758905909933786,
        1.5461646096066226,
        1.5761900266148114,
        1.8200274723201295
    ],
    [
        2.42706097986845,
        1.489546910976623,
        0.0,
        1.8540496217739157,
        1.4197270864500684,
        1.7275343701356567,
        1.4415703243338496,
        1.4142135623730951,
        1.231107225224513,
        1.5103807466993215,
        1.357847561400027,
        1.4523687548277813,
        1.3287682265918312,
        1.3287682265918312,
        1.5103807466993215,
        1.334634781503914,
        1.5155444566227676,
        1.5562374497485916,
        1.4630874888399532,
        1.4197270864500684,
        1.352081728298996,
        1.25,
        1.9605483926697653,
        1.505199322349037,
        1.3228756555322954,
        1.4086784586980805,
        1.9364916731037085,
        2.190176933491904,
        1.58607219255619,
        1.7677669529663689,
        1.403121520040228,
        1.4252192813739224,
        1.352081728298996,
        1.4415703243338496,
        1.7677669529663689,
        1.4306903927824497,
        1.8328597873268975,
        1.9882467150733583,
        2.2150056433336687,
        1.5309310892394863,
        1.6863421954040052,
        1.4737282653189494,
        1.7275343701356567,
        1.4947825928876748,
        1.5562374497485916,
        1.5512092057488571,
        1.7001838135919305,
        1.4947825928876748,
        1.3806701271484076,
        1.9162137145944864
    ],
    [
        4.235268586524354,
        2.598076211353316,
        1.8540496217739157,
        0.0,
        2.2603926650031405,
        3.018174116912409,
        1.334634781503914,
        1.7897276329095442,
        1.940521837032503,
        2.207940216581962,
        1.8540496217739157,
        1.4630874888399532,
        1.648863244784115,
        1.776583800443987,
        1.996089927833914,
        1.758905909933786,
        1.595893166850463,
        2.5860201081971503,
        2.2672946434021317,
        1.9080421903092184,
        1.8371173070873836,
        1.75,
        3.418698582794336,
        1.0897247358851685,
        1.5,
        1.9445436482630056,
        0.5,
        3.8527587518556103,
        0.8385254915624212,
        2.9501059303014867,
        1.224744871391589,
        2.023301757029831,
        1.6863421954040052,
        1.9121323175972944,
        2.8339460121886586,
        1.695582495781317,
        3.092329219213245,
        3.5597577164745355,
        4.257346591481601,
        2.6010815058356016,
        2.7585095613392387,
        2.0077973005261263,
        3.292984968079873,
        2.2150056433336687,
        2.7386127875258306,
        2.2946949688357274,
        2.478028450199876,
        2.5860201081971503,
        2.6545950726994127,
        3.3166247903554
    ],
    [
        2.666341125962693,
        1.6909686573085854,
        1.4197270864500684,
        2.2603926650031405,
        0.0,
        1.8200274723201295,
        1.824314939915803,
        1.7544586059522749,
        1.5360257159305635,
        2.011684617428885,
        1.8371173070873836,
        1.7897276329095442,
        1.4523687548277813,
        1.505199322349037,
        1.7365554986812255,
        1.6677080080157918,
        1.7940875118009154,
        1.8498310733685928,
        1.8791620472966135,
        1.7853571071357126,
        1.8114220932736798,
        1.5512092057488571,
        1.9605483926697653,
        1.8957188610128877,
        1.7230060940112777,
        1.7001838135919305,
        2.318404623873926,
        2.555631037532609,
        1.976423537605237,
        2.0879116360612584,
        1.8114220932736798,
        1.80710403685012,
        1.7230060940112777,
        1.71846588560844,
        2.019436802675439,
        1.709349291397168,
        2.1286732957408003,
        2.361805453461398,
        2.6160561920570435,
        1.6345871038277526,
        1.741048534648015,
        1.7809758560968758,
        2.0463381929681126,
        1.8874586088176875,
        1.7001838135919305,
        1.8957188610128877,
        2.0879116360612584,
        1.7365554986812255,
        1.695582495781317,
        2.3082731640774234
    ],
    [
        2.019436802675439,
        1.7001838135919305,
        1.7275343701356567,
        3.018174116912409,
        1.8200274723201295,
        0.0,
        2.069118169655856,
        1.9685019685029528,
        1.704772712123232,
        1.928406077567689,
        2.0,
        2.057759704144291,
        1.956559480312316,
        2.011684617428885,
        1.79843682124227,
        1.928406077567689,
        2.0348525745124633,
        1.6817030058842137,
        1.6630168369562588,
        1.7809758560968758,
        1.845602882529175,
        1.9324531042175384,
        1.6298006013006623,
        2.29128784747792,
        1.928406077567689,
        1.75,
        3.0439489154714803,
        1.8791620472966135,
        2.443102535711508,
        1.625,
        2.0463381929681126,
        1.8915932438026946,
        1.8114220932736798,
        1.9080421903092184,
        1.6583123951777,
        1.8540496217739157,
        1.776583800443987,
        1.8114220932736798,
        1.8874586088176875,
        1.6345871038277526,
        1.8915932438026946,
        1.7544586059522749,
        1.5761900266148114,
        1.79843682124227,
        1.6105123408406408,
        1.6817030058842137,
        1.8157298807917437,
        1.6583123951777,
        1.5562374497485916,
        1.8027756377319946
    ],
    [
        2.582997289971478,
        1.8413649828320293,
        1.4415703243338496,
        1.334634781503914,
        1.824314939915803,
        2.069118169655856,
        0.0,
        1.2808688457449497,
        1.4842927608797396,
        1.6007810593582121,
        1.4197270864500684,
        1.125,
        1.231107225224513,
        1.3693063937629153,
        1.5103807466993215,
        1.2930100540985752,
        1.2054563451241194,
        1.9882467150733583,
        1.79843682124227,
        1.4306903927824497,
        1.4630874888399532,
        1.2562344526401112,
        2.375,
        1.0680004681646913,
        1.192424001771182,
        1.4737282653189494,
        1.2930100540985752,
        2.576941016011038,
        1.0606601717798212,
        2.0077973005261263,
        1.0532687216470449,
        1.4684175155588413,
        1.2930100540985752,
        1.375,
        2.0,
        1.3287682265918312,
        2.161452058223823,
        2.42706097986845,
        2.576941016011038,
        1.8540496217739157,
        2.190176933491904,
        1.5206906325745548,
        2.168668946612184,
        1.713913650100261,
        2.0,
        1.776583800443987,
        1.9525624189766635,
        1.9121323175972944,
        1.79843682124227,
        2.1972994789058684
    ],
    [
        2.5799709300687867,
        1.7853571071357126,
        1.4142135623730951,
        1.7897276329095442,
        1.7544586059522749,
        1.9685019685029528,
        1.2808688457449497,
        0.0,
        1.5258194519667128,
        1.620185174601965,
        1.489546910976623,
        1.3050383136138188,
        1.352081728298996,
        1.4842927608797396,
        1.3287682265918312,
        1.334634781503914,
        1.3975424859373686,
        2.023301757029831,
        1.6298006013006623,
        1.505199322349037,
        1.4306903927824497,
        1.4197270864500684,
        2.2395591083961146,
        1.352081728298996,
        1.3635890143294642,
        1.3919410907075054,
        1.8157298807917437,
        2.407670035532278,
        1.4142135623730951,
        1.8371173070873836,
        1.2808688457449497,
        1.489546910976623,
        1.299038105676658,
        1.346291201783626,
        1.8582585934148133,
        1.340475661845451,
        1.9921721813136535,
        2.4462982238476156,
        2.436698586202241,
        1.7230060940112777,
        2.1286732957408003,
        1.4523687548277813,
        2.1830311495716224,
        1.6441183047457382,
        1.8027756377319946,
        1.6723860200324565,
        1.8114220932736798,
        1.7940875118009154,
        1.704772712123232,
        2.2150056433336687
    ],
    [
        2.378287198805056,
        1.58607219255619,
        1.231107225224513,
        1.940521837032503,
        1.5360257159305635,
        1.704772712123232,
        1.4842927608797396,
        1.5258194519667128,
        0.0,
        1.6153559979150107,
        1.595893166850463,
        1.4842927608797396,
        1.4197270864500684,
        1.3110110602126894,
        1.4947825928876748,
        1.505199322349037,
        1.5155444566227676,
        1.6770509831248424,
        1.6393596310755,
        1.620185174601965,
        1.5,
        1.2808688457449497,
        2.0879116360612584,
        1.648863244784115,
        1.403121520040228,
        1.5103807466993215,
        2.027159342528357,
        2.2465250944514286,
        1.6583123951777,
        1.8498310733685928,
        1.5,
        1.5662455107677085,
        1.403121520040228,
        1.4142135623730951,
        1.7721808598447282,
        1.4842927608797396,
        1.8833148966649205,
        2.011684617428885,
        2.2465250944514286,
        1.6153559979150107,
        1.8114220932736798,
        1.4523687548277813,
        1.8413649828320293,
        1.6345871038277526,
        1.6770509831248424,
        1.625,
        1.8027756377319946,
        1.7001838135919305,
        1.5103807466993215,
        2.019436802675439
    ],
    [
        2.2946949688357274,
        1.6770509831248424,
        1.5103807466993215,
        2.207940216581962,
        2.011684617428885,
        1.928406077567689,
        1.6007810593582121,
        1.620185174601965,
        1.6153559979150107,
        0.0,
        1.352081728298996,
        1.6441183047457382,
        1.928406077567689,
        1.4947825928876748,
        1.6817030058842137,
        1.6298006013006623,
        1.653594569415369,
        1.7633419974582356,
        1.571225636247067,
        1.4086784586980805,
        1.3919410907075054,
        1.4577379737113252,
        2.229069312515876,
        1.4842927608797396,
        1.5512092057488571,
        1.4086784586980805,
        2.2395591083961146,
        2.200852107707376,
        1.8540496217739157,
        1.8200274723201295,
        1.6441183047457382,
        1.4306903927824497,
        1.3919410907075054,
        1.6677080080157918,
        1.845602882529175,
        1.6007810593582121,
        1.8957188610128877,
        2.023301757029831,
        2.179449471770337,
        1.6909686573085854,
        1.9243505397925815,
        1.5562374497485916,
        2.0348525745124633,
        1.5662455107677085,
        1.709349291397168,
        1.5,
        1.7001838135919305,
        1.695582495781317,
        1.7275343701356567,
        1.8624580532189174
    ],
    [
        2.433490291741473,
        1.6345871038277526,
        1.357847561400027,
        1.8540496217739157,
        1.8371173070873836,
        2.0,
        1.4197270864500684,
        1.489546910976623,
        1.595893166850463,
        1.352081728298996,
        0.0,
        1.403121520040228,
        1.6056540723331412,
        1.375,
        1.5206906325745548,
        1.479019945774904,
        1.4469796128487782,
        1.741048534648015,
        1.5461646096066226,
        1.3863170633011772,
        1.2747548783981961,
        1.4142135623730951,
        2.2325713874364688,
        1.3287682265918312,
        1.3693063937629153,
        1.3806701271484076,
        1.824314939915803,
        2.375,
        1.541103500742244,
        1.8624580532189174,
        1.4086784586980805,
        1.2374368670764582,
        1.352081728298996,
        1.489546910976623,
        1.8624580532189174,
        1.4415703243338496,
        1.9324531042175384,
        2.0463381929681126,
        2.2569337606584736,
        1.6909686573085854,
        1.9121323175972944,
        1.5662455107677085,
        2.023301757029831,
        1.5309310892394863,
        1.6817030058842137,
        1.489546910976623,
        1.6153559979150107,
        1.620185174601965,
        1.6909686573085854,
        1.9324531042175384
    ],
    [
        2.6487025125521364,
        1.940521837032503,
        1.4523687548277813,
        1.4630874888399532,
        1.7897276329095442,
        2.057759704144291,
        1.125,
        1.3050383136138188,
        1.4842927608797396,
        1.6441183047457382,
        1.403121520040228,
        0.0,
        1.299038105676658,
        1.3169567191065923,
        1.4361406616345072,
        1.25,
        1.2808688457449497,
        2.099106952968333,
        1.71846588560844,
        1.4469796128487782,
        1.479019945774904,
        1.3693063937629153,
        2.5,
        1.1989578808281798,
        1.159202311936963,
        1.4415703243338496,
        1.4415703243338496,
        2.6100766272276377,
        1.159202311936963,
        1.940521837032503,
        1.14564392373896,
        1.3975424859373686,
        1.243734296383275,
        1.2747548783981961,
        1.9445436482630056,
        1.2930100540985752,
        2.065338955232288,
        2.540300179112697,
        2.564785566085399,
        1.8285923547909742,
        2.1830311495716224,
        1.4252192813739224,
        2.3651109910530628,
        1.58607219255619,
        1.8708286933869707,
        1.7001838135919305,
        1.8708286933869707,
        1.875,
        1.8666480653835098,
        2.3284920012746446
    ],
    [
        2.7386127875258306,
        1.8371173070873836,
        1.3287682265918312,
        1.648863244784115,
        1.4523687548277813,
        1.956559480312316,
        1.231107225224513,
        1.352081728298996,
        1.4197270864500684,
        1.928406077567689,
        1.6056540723331412,
        1.299038105676658,
        0.0,
        1.2747548783981961,
        1.5206906325745548,
        1.3228756555322954,
        1.3693063937629153,
        2.0077973005261263,
        1.8791620472966135,
        1.6630168369562588,
        1.6345871038277526,
        1.231107225224513,
        2.2395591083961146,
        1.340475661845451,
        1.3050383136138188,
        1.5512092057488571,
        1.58607219255619,
        2.5093574874855915,
        1.2747548783981961,
        1.9882467150733583,
        1.25,
        1.6007810593582121,
        1.3635890143294642,
        1.3287682265918312,
        1.9803724397193574,
        1.3635890143294642,
        2.1065374432940898,
        2.6070817018267762,
        2.6190408549696205,
        1.7275343701356567,
        1.9364916731037085,
        1.5562374497485916,
        2.1396553460779613,
        1.8200274723201295,
        1.8791620472966135,
        1.8285923547909742,
        2.0879116360612584,
        1.776583800443987,
        1.6441183047457382,
        2.462214450449026
    ],
    [
        2.5525722320827673,
        1.6677080080157918,
        1.3287682265918312,
        1.776583800443987,
        1.505199322349037,
        2.011684617428885,
        1.3693063937629153,
        1.4842927608797396,
        1.3110110602126894,
        1.4947825928876748,
        1.375,
        1.3169567191065923,
        1.2747548783981961,
        0.0,
        1.4947825928876748,
        1.352081728298996,
        1.4523687548277813,
        1.7809758560968758,
        1.7320508075688772,
        1.4523687548277813,
        1.4142135623730951,
        1.286953767623375,
        2.225561726845607,
        1.3228756555322954,
        1.352081728298996,
        1.4630874888399532,
        1.7633419974582356,
        2.42706097986845,
        1.4306903927824497,
        1.956559480312316,
        1.357847561400027,
        1.4842927608797396,
        1.352081728298996,
        1.3975424859373686,
        1.9525624189766635,
        1.3863170633011772,
        2.1028254801575903,
        2.2150056433336687,
        2.311655251113366,
        1.695582495781317,
        1.8666480653835098,
        1.5103807466993215,
        1.920286436967152,
        1.6007810593582121,
        1.653594569415369,
        1.6677080080157918,
        1.8540496217739157,
        1.704772712123232,
        1.58607219255619,
        2.161452058223823
    ],
    [
        2.468552207266437,
        1.7853571071357126,
        1.5103807466993215,
        1.996089927833914,
        1.7365554986812255,
        1.79843682124227,
        1.5103807466993215,
        1.3287682265918312,
        1.4947825928876748,
        1.6817030058842137,
        1.5206906325745548,
        1.4361406616345072,
        1.5206906325745548,
        1.4947825928876748,
        0.0,
        1.352081728298996,
        1.4252192813739224,
        1.9605483926697653,
        1.5761900266148114,
        1.4684175155588413,
        1.541103500742244,
        1.5103807466993215,
        2.165063509461097,
        1.6723860200324565,
        1.403121520040228,
        1.4842927608797396,
        2.019436802675439,
        2.29128784747792,
        1.713913650100261,
        1.875,
        1.5512092057488571,
        1.5155444566227676,
        1.4523687548277813,
        1.3806701271484076,
        1.7809758560968758,
        1.4737282653189494,
        1.875,
        2.2430448056157952,
        2.3217719526258387,
        1.6863421954040052,
        2.084166500066633,
        1.4415703243338496,
        1.9685019685029528,
        1.6441183047457382,
        1.7809758560968758,
        1.6630168369562588,
        1.709349291397168,
        1.80710403685012,
        1.6723860200324565,
        2.065338955232288
    ],
    [
        2.592055169165965,
        1.8540496217739157,
        1.334634781503914,
        1.758905909933786,
        1.6677080080157918,
        1.928406077567689,
        1.2930100540985752,
        1.334634781503914,
        1.505199322349037,
        1.6298006013006623,
        1.479019945774904,
        1.25,
        1.3228756555322954,
        1.352081728298996,
        1.352081728298996,
        0.0,
        1.2930100540985752,
        1.984313483298443,
        1.6817030058842137,
        1.4197270864500684,
        1.4842927608797396,
        1.4252192813739224,
        2.318404623873926,
        1.3635890143294642,
        1.2686114456365274,
        1.4306903927824497,
        1.7677669529663689,
        2.4558603380485624,
        1.3693063937629153,
        1.899835519196333,
        1.2686114456365274,
        1.4252192813739224,
        1.2686114456365274,
        1.3169567191065923,
        1.8157298807917437,
        1.2747548783981961,
        1.928406077567689,
        2.4558603380485624,
        2.5310570914145734,
        1.75,
        2.091650066335189,
        1.3693063937629153,
        2.200852107707376,
        1.6153559979150107,
        1.8371173070873836,
        1.6583123951777,
        1.8708286933869707,
        1.7455300054711176,
        1.8114220932736798,
        2.172268399622846
    ],
    [
        2.5799709300687867,
        1.976423537605237,
        1.5155444566227676,
        1.595893166850463,
        1.7940875118009154,
        2.0348525745124633,
        1.2054563451241194,
        1.3975424859373686,
        1.5155444566227676,
        1.653594569415369,
        1.4469796128487782,
        1.2808688457449497,
        1.3693063937629153,
        1.4523687548277813,
        1.4252192813739224,
        1.2930100540985752,
        0.0,
        1.940521837032503,
        1.6345871038277526,
        1.352081728298996,
        1.4306903927824497,
        1.505199322349037,
        2.462214450449026,
        1.3110110602126894,
        1.2054563451241194,
        1.4469796128487782,
        1.6723860200324565,
        2.4558603380485624,
        1.340475661845451,
        2.003902442735175,
        1.2562344526401112,
        1.4630874888399532,
        1.334634781503914,
        1.4252192813739224,
        1.899835519196333,
        1.3635890143294642,
        2.003902442735175,
        2.48746859276655,
        2.598076211353316,
        1.8624580532189174,
        2.1578345627040085,
        1.4523687548277813,
        2.368411915187052,
        1.7365554986812255,
        1.8791620472966135,
        1.6863421954040052,
        1.8666480653835098,
        1.9685019685029528,
        1.9162137145944864,
        2.229069312515876
    ],
    [
        2.1396553460779613,
        1.5662455107677085,
        1.5562374497485916,
        2.5860201081971503,
        1.8498310733685928,
        1.6817030058842137,
        1.9882467150733583,
        2.023301757029831,
        1.6770509831248424,
        1.7633419974582356,
        1.741048534648015,
        2.099106952968333,
        2.0077973005261263,
        1.7809758560968758,
        1.9605483926697653,
        1.984313483298443,
        1.940521837032503,
        0.0,
        1.58607219255619,
        1.6583123951777,
        1.6105123408406408,
        1.8371173070873836,
        1.8328597873268975,
        2.011684617428885,
        1.899835519196333,
        1.7230060940112777,
        2.62797450520358,
        1.899835519196333,
        2.2878756522153907,
        1.7677669529663689,
        2.003902442735175,
        1.7940875118009154,
        1.8582585934148133,
        2.0,
        1.7940875118009154,
        1.8874586088176875,
        1.8027756377319946,
        1.6345871038277526,
        1.9162137145944864,
        1.5761900266148114,
        1.7001838135919305,
        1.8114220932736798,
        1.6393596310755,
        1.5562374497485916,
        1.5562374497485916,
        1.6630168369562588,
        1.7365554986812255,
        1.505199322349037,
        1.5461646096066226,
        1.776583800443987
    ],
    [
        2.125,
        1.6153559979150107,
        1.4630874888399532,
        2.2672946434021317,
        1.8791620472966135,
        1.6630168369562588,
        1.79843682124227,
        1.6298006013006623,
        1.6393596310755,
        1.571225636247067,
        1.5461646096066226,
        1.71846588560844,
        1.8791620472966135,
        1.7320508075688772,
        1.5761900266148114,
        1.6817030058842137,
        1.6345871038277526,
        1.58607219255619,
        0.0,
        1.4684175155588413,
        1.3806701271484076,
        1.6723860200324565,
        1.845602882529175,
        1.824314939915803,
        1.6056540723331412,
        1.4577379737113252,
        2.3082731640774234,
        1.9324531042175384,
        2.065338955232288,
        1.6105123408406408,
        1.79843682124227,
        1.5,
        1.505199322349037,
        1.653594569415369,
        1.595893166850463,
        1.5662455107677085,
        1.6583123951777,
        1.758905909933786,
        1.948557158514987,
        1.5360257159305635,
        1.9364916731037085,
        1.5461646096066226,
        1.6817030058842137,
        1.4415703243338496,
        1.5612494995995996,
        1.4469796128487782,
        1.505199322349037,
        1.571225636247067,
        1.4415703243338496,
        1.6630168369562588
    ],
    [
        2.2569337606584736,
        1.6583123951777,
        1.4197270864500684,
        1.9080421903092184,
        1.7853571071357126,
        1.7809758560968758,
        1.4306903927824497,
        1.505199322349037,
        1.620185174601965,
        1.4086784586980805,
        1.3863170633011772,
        1.4469796128487782,
        1.6630168369562588,
        1.4523687548277813,
        1.4684175155588413,
        1.4197270864500684,
        1.352081728298996,
        1.6583123951777,
        1.4684175155588413,
        0.0,
        1.243734296383275,
        1.505199322349037,
        2.0879116360612584,
        1.4469796128487782,
        1.375,
        1.3635890143294642,
        1.9364916731037085,
        2.143303524935281,
        1.6630168369562588,
        1.704772712123232,
        1.4142135623730951,
        1.3806701271484076,
        1.286953767623375,
        1.489546910976623,
        1.7544586059522749,
        1.3863170633011772,
        1.8114220932736798,
        1.996089927833914,
        2.042516829796024,
        1.6723860200324565,
        1.956559480312316,
        1.4577379737113252,
        1.8114220932736798,
        1.4737282653189494,
        1.6723860200324565,
        1.489546910976623,
        1.6105123408406408,
        1.6153559979150107,
        1.6723860200324565,
        1.7853571071357126
    ],
    [
        2.2980970388562794,
        1.620185174601965,
        1.352081728298996,
        1.8371173070873836,
        1.8114220932736798,
        1.845602882529175,
        1.4630874888399532,
        1.4306903927824497,
        1.5,
        1.3919410907075054,
        1.2747548783981961,
        1.479019945774904,
        1.6345871038277526,
        1.4142135623730951,
        1.541103500742244,
        1.4842927608797396,
        1.4306903927824497,
        1.6105123408406408,
        1.3806701271484076,
        1.243734296383275,
        0.0,
        1.357847561400027,
        2.065338955232288,
        1.4197270864500684,
        1.4086784586980805,
        1.286953767623375,
        1.9039432764659772,
        2.1937410968480306,
        1.6105123408406408,
        1.7455300054711176,
        1.489546910976623,
        1.3806701271484076,
        1.192424001771182,
        1.4523687548277813,
        1.6909686573085854,
        1.2808688457449497,
        1.8582585934148133,
        1.875,
        2.091650066335189,
        1.595893166850463,
        1.9324531042175384,
        1.4142135623730951,
        1.8027756377319946,
        1.340475661845451,
        1.6056540723331412,
        1.3228756555322954,
        1.58607219255619,
        1.541103500742244,
        1.5461646096066226,
        1.8200274723201295
    ],
    [
        2.592055169165965,
        1.6105123408406408,
        1.25,
        1.75,
        1.5512092057488571,
        1.9324531042175384,
        1.2562344526401112,
        1.4197270864500684,
        1.2808688457449497,
        1.4577379737113252,
        1.4142135623730951,
        1.3693063937629153,
        1.231107225224513,
        1.286953767623375,
        1.5103807466993215,
        1.4252192813739224,
        1.505199322349037,
        1.8371173070873836,
        1.6723860200324565,
        1.505199322349037,
        1.357847561400027,
        0.0,
        2.225561726845607,
        1.357847561400027,
        1.299038105676658,
        1.4197270864500684,
        1.8200274723201295,
        2.5031230493125984,
        1.4523687548277813,
        2.0077973005261263,
        1.3228756555322954,
        1.4684175155588413,
        1.2686114456365274,
        1.4142135623730951,
        2.011684617428885,
        1.3169567191065923,
        2.1323402636539974,
        2.165063509461097,
        2.433490291741473,
        1.695582495781317,
        1.8666480653835098,
        1.5,
        1.964529205687714,
        1.5811388300841898,
        1.6817030058842137,
        1.6817030058842137,
        1.8027756377319946,
        1.6056540723331412,
        1.6105123408406408,
        2.1396553460779613
    ],
    [
        1.7809758560968758,
        1.9121323175972944,
        1.9605483926697653,
        3.418698582794336,
        1.9605483926697653,
        1.6298006013006623,
        2.375,
        2.2395591083961146,
        2.0879116360612584,
        2.229069312515876,
        2.2325713874364688,
        2.5,
        2.2395591083961146,
        2.225561726845607,
        2.165063509461097,
        2.318404623873926,
        2.462214450449026,
        1.8328597873268975,
        1.845602882529175,
        2.0879116360612584,
        2.065338955232288,
        2.225561726845607,
        0.0,
        2.5433737436719754,
        2.2946949688357274,
        2.0348525745124633,
        3.416412592179112,
        1.845602882529175,
        2.7128168017763383,
        1.653594569415369,
        2.3651109910530628,
        2.200852107707376,
        2.2638462845343543,
        2.200852107707376,
        1.7633419974582356,
        2.2114757516192665,
        1.7455300054711176,
        1.79843682124227,
        1.7455300054711176,
        1.7230060940112777,
        1.8114220932736798,
        1.984313483298443,
        1.4842927608797396,
        1.899835519196333,
        1.713913650100261,
        1.7940875118009154,
        1.9525624189766635,
        1.6298006013006623,
        1.6441183047457382,
        1.713913650100261
    ],
    [
        2.6040833319999575,
        1.920286436967152,
        1.505199322349037,
        1.0897247358851685,
        1.8957188610128877,
        2.29128784747792,
        1.0680004681646913,
        1.352081728298996,
        1.648863244784115,
        1.4842927608797396,
        1.3287682265918312,
        1.1989578808281798,
        1.340475661845451,
        1.3228756555322954,
        1.6723860200324565,
        1.3635890143294642,
        1.3110110602126894,
        2.011684617428885,
        1.824314939915803,
        1.4469796128487782,
        1.4197270864500684,
        1.357847561400027,
        2.5433737436719754,
        0.0,
        1.159202311936963,
        1.5360257159305635,
        1.0458250331675945,
        2.8228974476590536,
        0.9519716382329886,
        2.165063509461097,
        1.0606601717798212,
        1.4469796128487782,
        1.3287682265918312,
        1.4630874888399532,
        2.1360009363293826,
        1.357847561400027,
        2.2534695471649933,
        2.384848003542364,
        2.7810744326608736,
        2.0348525745124633,
        2.218529918662356,
        1.590990257669732,
        2.315032397181517,
        1.6723860200324565,
        2.1578345627040085,
        1.79843682124227,
        1.9445436482630056,
        2.023301757029831,
        2.038688303787511,
        2.225561726845607
    ],
    [
        2.6309456474811483,
        1.824314939915803,
        1.3228756555322954,
        1.5,
        1.7230060940112777,
        1.928406077567689,
        1.192424001771182,
        1.3635890143294642,
        1.403121520040228,
        1.5512092057488571,
        1.3693063937629153,
        1.159202311936963,
        1.3050383136138188,
        1.352081728298996,
        1.403121520040228,
        1.2686114456365274,
        1.2054563451241194,
        1.899835519196333,
        1.6056540723331412,
        1.375,
        1.4086784586980805,
        1.299038105676658,
        2.2946949688357274,
        1.159202311936963,
        0.0,
        1.4469796128487782,
        1.5206906325745548,
        2.5062422069704278,
        1.2808688457449497,
        1.9039432764659772,
        1.1524430571616109,
        1.4197270864500684,
        1.2624381172952597,
        1.2808688457449497,
        1.9039432764659772,
        1.2808688457449497,
        1.956559480312316,
        2.439902661992892,
        2.5495097567963922,
        1.79843682124227,
        2.0953818267800264,
        1.4086784586980805,
        2.084166500066633,
        1.595893166850463,
        1.80710403685012,
        1.590990257669732,
        1.75,
        1.824314939915803,
        1.6863421954040052,
        2.1830311495716224
    ],
    [
        2.2741756748325317,
        1.6770509831248424,
        1.4086784586980805,
        1.9445436482630056,
        1.7001838135919305,
        1.75,
        1.4737282653189494,
        1.3919410907075054,
        1.5103807466993215,
        1.4086784586980805,
        1.3806701271484076,
        1.4415703243338496,
        1.5512092057488571,
        1.4630874888399532,
        1.4842927608797396,
        1.4306903927824497,
        1.4469796128487782,
        1.7230060940112777,
        1.4577379737113252,
        1.3635890143294642,
        1.286953767623375,
        1.4197270864500684,
        2.0348525745124633,
        1.5360257159305635,
        1.4469796128487782,
        0.0,
        1.9882467150733583,
        2.125,
        1.6393596310755,
        1.709349291397168,
        1.505199322349037,
        1.3050383136138188,
        1.3228756555322954,
        1.3975424859373686,
        1.7230060940112777,
        1.25,
        1.8413649828320293,
        2.003902442735175,
        2.161452058223823,
        1.505199322349037,
        1.940521837032503,
        1.375,
        1.8027756377319946,
        1.4684175155588413,
        1.595893166850463,
        1.3919410907075054,
        1.6441183047457382,
        1.5662455107677085,
        1.58607219255619,
        1.7633419974582356
    ],
    [
        4.207508169926709,
        2.5525722320827673,
        1.9364916731037085,
        0.5,
        2.318404623873926,
        3.0439489154714803,
        1.2930100540985752,
        1.8157298807917437,
        2.027159342528357,
        2.2395591083961146,
        1.824314939915803,
        1.4415703243338496,
        1.58607219255619,
        1.7633419974582356,
        2.019436802675439,
        1.7677669529663689,
        1.6723860200324565,
        2.62797450520358,
        2.3082731640774234,
        1.9364916731037085,
        1.9039432764659772,
        1.8200274723201295,
        3.416412592179112,
        1.0458250331675945,
        1.5206906325745548,
        1.9882467150733583,
        0.0,
        3.822221212855164,
        0.7806247497997998,
        2.910111681705704,
        1.2374368670764582,
        2.023301757029831,
        1.7455300054711176,
        1.9724667297574374,
        2.797878660699924,
        1.7721808598447282,
        3.1299960063872287,
        3.5044614422190468,
        4.109820555693399,
        2.5799709300687867,
        2.8284271247461903,
        2.057759704144291,
        3.1622776601683795,
        2.2603926650031405,
        2.6780356607035687,
        2.2672946434021317,
        2.521780125229002,
        2.6160561920570435,
        2.6100766272276377,
        3.278719262151
    ],
    [
        1.9162137145944864,
        1.9324531042175384,
        2.190176933491904,
        3.8527587518556103,
        2.555631037532609,
        1.8791620472966135,
        2.576941016011038,
        2.407670035532278,
        2.2465250944514286,
        2.200852107707376,
        2.375,
        2.6100766272276377,
        2.5093574874855915,
        2.42706097986845,
        2.29128784747792,
        2.4558603380485624,
        2.4558603380485624,
        1.899835519196333,
        1.9324531042175384,
        2.143303524935281,
        2.1937410968480306,
        2.5031230493125984,
        1.845602882529175,
        2.8228974476590536,
        2.5062422069704278,
        2.125,
        3.822221212855164,
        0.0,
        3.087272258807117,
        1.7809758560968758,
        2.6040833319999575,
        2.315032397181517,
        2.378287198805056,
        2.414150989478496,
        1.8791620472966135,
        2.348536778506992,
        1.79843682124227,
        1.758905909933786,
        1.6677080080157918,
        2.0155644370746373,
        2.2534695471649933,
        2.042516829796024,
        1.75,
        2.0348525745124633,
        1.9921721813136535,
        1.8582585934148133,
        1.9364916731037085,
        1.9324531042175384,
        1.976423537605237,
        1.741048534648015
    ],
    [
        3.2161700825671518,
        2.1360009363293826,
        1.58607219255619,
        0.8385254915624212,
        1.976423537605237,
        2.443102535711508,
        1.0606601717798212,
        1.4142135623730951,
        1.6583123951777,
        1.8540496217739157,
        1.541103500742244,
        1.159202311936963,
        1.2747548783981961,
        1.4306903927824497,
        1.713913650100261,
        1.3693063937629153,
        1.340475661845451,
        2.2878756522153907,
        2.065338955232288,
        1.6630168369562588,
        1.6105123408406408,
        1.4523687548277813,
        2.7128168017763383,
        0.9519716382329886,
        1.2808688457449497,
        1.6393596310755,
        0.7806247497997998,
        3.087272258807117,
        0.0,
        2.345207879911715,
        0.9519716382329886,
        1.6817030058842137,
        1.3863170633011772,
        1.5155444566227676,
        2.2465250944514286,
        1.375,
        2.496873044429772,
        2.902046691560975,
        3.2015621187164243,
        2.179449471770337,
        2.436698586202241,
        1.7001838135919305,
        2.62797450520358,
        1.8582585934148133,
        2.3217719526258387,
        1.9882467150733583,
        2.2430448056157952,
        2.2534695471649933,
        2.225561726845607,
        2.6398390102428593
    ],
    [
        1.7940875118009154,
        1.7455300054711176,
        1.7677669529663689,
        2.9501059303014867,
        2.0879116360612584,
        1.625,
        2.0077973005261263,
        1.8371173070873836,
        1.8498310733685928,
        1.8200274723201295,
        1.8624580532189174,
        1.940521837032503,
        1.9882467150733583,
        1.956559480312316,
        1.875,
        1.899835519196333,
        2.003902442735175,
        1.7677669529663689,
        1.6105123408406408,
        1.704772712123232,
        1.7455300054711176,
        2.0077973005261263,
        1.653594569415369,
        2.165063509461097,
        1.9039432764659772,
        1.709349291397168,
        2.910111681705704,
        1.7809758560968758,
        2.345207879911715,
