[
    [
        0.0,
        0.5277920548142042,
        1.0891644948652155,
        0.48839061275274326,
        0.4542013079296448,
        0.5732480102451294,
        0.5559514648330374,
        0.4818482482846648,
        0.24556615071096424,
        0.24803918541230538,
        0.699469665174981,
        0.5694020986965187,
        0.35251606789620243,
        0.4648273368951099,
        0.4555431167847891,
        0.5858854143516461,
        0.19390115071860714,
        0.2790714234295586,
        0.31868871959954903,
        0.2159417962669571,
        0.3779183319514945,
        0.7022757216621625,
        0.71602745233685,
        0.484375,
        0.34903606099513557,
        0.921875,
        0.4873898112650694,
        0.825319540390266,
        0.5412658773652742,
        0.703125,
        0.2773162398327945,
        0.2881107642904027,
        0.44824963399315787,
        0.4968160342370202,
        0.45285552331841994,
        0.6590342721550981,
        0.4810876349481454,
        0.66383268082025,
        0.2670001170411728,
        0.31444705933590794,
        0.4358226775306673,
        0.3733688482921413,
        0.22060227692236845,
        0.338381372307933,
        0.28895690638917076,
        0.3209787278777209,
        0.3262595784034547,
        0.4050462936504913,
        0.654946622347959
    ],
    [
        0.5277920548142042,
        0.0,
        0.5622829442327056,
        0.3001464486296648,
        0.6915717492603353,
        0.12789613706050704,
        0.18421603316486868,
        0.19452968121857395,
        0.37629983058725924,
        0.1907274314958391,
        0.24556615071096424,
        0.31522251565362525,
        0.1887975933374152,
        0.2795084971874737,
        0.24256522962906288,
        0.28768675999253074,
        0.5319388915796626,
        0.35596205468420367,
        0.24506854908372067,
        0.26972932033800107,
        0.125,
        0.7000705259610952,
        0.3140586131600278,
        0.17469281074217108,
        0.26052081250832915,
        0.5193990668310832,
        0.9705125095793459,
        0.28427195935406646,
        0.6169402194499886,
        0.2460627460628691,
        0.15546678704790937,
        0.22426093897511443,
        0.1781524101717403,
        0.4468859264398466,
        0.3340243488504992,
        0.6489549892904746,
        0.7837460127490283,
        1.1305203102443582,
        0.5170435033679468,
        0.4736720747257537,
        0.39958474539201316,
        0.5668236608505329,
        0.42517357566580316,
        0.5137275694616749,
        0.4408354993645589,
        0.3332926407453366,
        0.5337715891418351,
        0.4566137248813268,
        0.4833658843205631
    ],
    [
        1.0891644948652155,
        0.5622829442327056,
        0.0,
        0.6669514365754077,
        1.265817886536211,
        0.358013726168425,
        0.4785435259722986,
        0.6898043767076286,
        0.7540580320008534,
        0.6151568651571727,
        0.3647692978102735,
        0.4201353018671485,
        0.5785471431741755,
        0.7849910429425294,
        0.5555121510822243,
        0.5051009336013942,
        1.0970931050963724,
        0.8833308765689106,
        0.7219696907592451,
        0.7062430862493452,
        0.5412658773652742,
        1.2842740396923773,
        0.28125,
        0.5383260367797568,
        0.7300403991389791,
        0.0924387466109315,
        1.5662455107677085,
        0.14657549249448218,
        1.1687458221850464,
        0.28768675999253074,
        0.6127709859727368,
        0.5583615120376761,
        0.5881728195224597,
        1.045708305109508,
        0.6756796347012392,
        1.177175512614835,
        1.351630236741913,
        1.7115616726764478,
        1.0970931050963724,
        1.018984827230023,
        0.8163969048508207,
        1.1117931392012634,
        0.9616394511602453,
        1.0751771293024233,
        0.9194884362377811,
        0.8741625456687103,
        1.090732444564202,
        1.0262663671045642,
        1.2227498466571156
    ],
    [
        0.48839061275274326,
        0.3001464486296648,
        0.6669514365754077,
        0.0,
        0.4095419506900361,
        0.34303903750156484,
        0.2679129406169101,
        0.22426093897511443,
        0.5048592006688597,
        0.34375,
        0.30257682392245444,
        0.297285899850632,
        0.3194538796915761,
        0.296875,
        0.214808235701055,
        0.2976962325509008,
        0.4911323014219285,
        0.33548297739974825,
        0.3097535562749845,
        0.3569893643373707,
        0.26972932033800107,
        0.6972166887783963,
        0.3423265984407288,
        0.19008632907181935,
        0.2670001170411728,
        0.6419574557554418,
        0.649519052838329,
        0.46561451330472936,
        0.5951874048356535,
        0.2790714234295586,
        0.33548297739974825,
        0.29189908894170946,
        0.17044862679118303,
        0.5539718094136199,
        0.23385358667337133,
        0.578125,
        0.7001673907002525,
        0.875418426739465,
        0.397747564417433,
        0.4868886390900901,
        0.29522568168267477,
        0.5732480102451294,
        0.3344301615974718,
        0.4579484653047764,
        0.39466659188484654,
        0.4640388251536718,
        0.547321246504281,
        0.4189714899309976,
        0.6817945071647321
    ],
    [
        0.4542013079296448,
        0.6915717492603353,
        1.265817886536211,
        0.4095419506900361,
        0.0,
        0.8019142137722712,
        0.6047500775113633,
        0.47186465220442186,
        0.5031638183782693,
        0.5198688987379414,
        0.8244316223920575,
        0.6964965340007084,
        0.5883803244925854,
        0.554632479665589,
        0.484375,
        0.6474484173468956,
        0.32249636625859834,
        0.24556615071096424,
        0.44028133761266786,
        0.4014135180832853,
        0.6440457451726547,
        0.3189014482258673,
        0.9307045382397144,
        0.5577052592992109,
        0.3299798762803574,
        1.2016021206081486,
        0.3538984891533164,
        0.9989007630265381,
        0.2829807855667943,
        0.8129505962080352,
        0.427337322849292,
        0.5428422739387565,
        0.5004880430639677,
        0.22371595411369302,
        0.4131032520750714,
        0.1926379375927805,
        0.3769480650567131,
        0.5506565683345654,
        0.23333100817293873,
        0.26052081250832915,
        0.3569893643373707,
        0.2768757054167086,
        0.3566852847554986,
        0.22534695471649932,
        0.24902152266420668,
        0.30095875444153475,
        0.2927342811749249,
        0.24105075969596113,
        0.35561895864815757
    ],
    [
        0.5732480102451294,
        0.12789613706050704,
        0.358013726168425,
        0.34303903750156484,
        0.8019142137722712,
        0.0,
        0.19136638615493579,
        0.29022149407822984,
        0.3769480650567131,
        0.21930732574403436,
        0.14149039278339715,
        0.25291271962872885,
        0.19515618744994995,
        0.3121091305537215,
        0.2445699350390395,
        0.24803918541230538,
        0.597847702178406,
        0.4422178655651533,
        0.2764344689524083,
        0.3332926407453366,
        0.14823176532039278,
        0.8118654038864926,
        0.13710881855300192,
        0.1907274314958391,
        0.31483502624390447,
        0.3205981957606749,
        1.0660556314634804,
        0.15068204314051492,
        0.734375,
        0.12203515118604147,
        0.22426093897511443,
        0.2430679560328757,
        0.20432338797846908,
        0.557267328128969,
        0.370744078678271,
        0.7707101534461578,
        0.8852634671384559,
        1.2225501651261597,
        0.6061613981647133,
        0.5629338604578694,
        0.47186465220442186,
        0.6577364118702871,
        0.4703387428078949,
        0.609975665498223,
        0.49361153121660356,
        0.43498159084609545,
        0.6212779797522201,
        0.5704730082352714,
        0.6331499871673378
    ],
    [
        0.5559514648330374,
        0.18421603316486868,
        0.4785435259722986,
        0.2679129406169101,
        0.6047500775113633,
        0.19136638615493579,
        0.0,
        0.13621559198564606,
        0.47005027989035386,
        0.2872621298570349,
        0.20372507516258279,
        0.19136638615493579,
        0.21986323874172325,
        0.22963966338592295,
        0.16010860571811872,
        0.20610790559801437,
        0.5852600250102513,
        0.37173053916782245,
        0.328125,
        0.3318243840874266,
        0.19948664585630788,
        0.7839190518549164,
        0.18619336387207788,
        0.16237976320958225,
        0.2706329386826371,
        0.3843241836327764,
        0.9776556381850411,
        0.30338262248355624,
        0.6493310860993796,
        0.1887975933374152,
        0.2692763740564701,
        0.2405438174740727,
        0.1316585902058806,
        0.5587985856952395,
        0.24105075969596113,
        0.5812836011793211,
        0.7684895392098711,
        1.1170509094821954,
        0.48713928962874675,
        0.5419420373757695,
        0.2829807855667943,
        0.654946622347959,
        0.4602528460440703,
        0.5747366924296725,
        0.4584812734725378,
        0.4253330496505062,
        0.5709008095764097,
        0.4818482482846648,
        0.7338761603635862
    ],
    [
        0.4818482482846648,
        0.19452968121857395,
        0.6898043767076286,
        0.22426093897511443,
        0.47186465220442186,
        0.29022149407822984,
        0.13621559198564606,
        0.0,
        0.390625,
        0.22480460265528374,
        0.2628531850196988,
        0.3521696146745201,
        0.125,
        0.22426093897511443,
        0.22857404434887177,
        0.2567449488305466,
        0.501219216635795,
        0.25146057717861064,
        0.22857404434887177,
        0.22152260748059102,
        0.17399263633843817,
        0.6723794940565765,
        0.3121091305537215,
        0.14405538214520136,
        0.18421603316486868,
        0.6605144183702578,
        0.8427366600101125,
        0.4460657007381312,
        0.5247767382420833,
        0.25626905416963636,
        0.17258376589355096,
        0.20191949973937634,
        0.13531646934131855,
        0.4441459501109967,
        0.2821167200823092,
        0.48538201771903333,
        0.6381430580206918,
        0.9841269528749835,
        0.3694247005480278,
        0.4592793267718459,
        0.2768757054167086,
        0.5390058847081356,
        0.336854771604586,
        0.4419417382415922,
        0.338381372307933,
        0.30418628646768414,
        0.4780330793993236,
        0.3532079548580411,
        0.6269500827418399
    ],
    [
        0.24556615071096424,
        0.37629983058725924,
        0.7540580320008534,
        0.5048592006688597,
        0.5031638183782693,
        0.3769480650567131,
        0.47005027989035386,
        0.390625,
        0.0,
        0.2557922741210141,
        0.4866378594499199,
        0.49361153121660356,
        0.32287466124643477,
        0.4186800314679457,
        0.4372208931135382,
        0.46087128761726953,
        0.2688226645950821,
        0.30578727798095195,
        0.22152260748059102,
        0.30737993082665627,
        0.28125,
        0.7274346990070273,
        0.4977978850648122,
        0.4080489017875186,
        0.32249636625859834,
        0.61812626390164,
        0.5340002340823456,
        0.5581428468591172,
        0.6041442165369126,
        0.5024354747129227,
        0.31054073303674673,
        0.33693529145074724,
        0.39744054193677825,
        0.5353700530941192,
        0.4627216529675265,
        0.7091753573693885,
        0.49632438044589344,
        0.7770197974472722,
        0.3376591060152236,
        0.3909373750999001,
        0.4501518840902479,
        0.46034124570800733,
        0.26811536825486976,
        0.4116231210099841,
        0.2614562582918986,
        0.369754986443726,
        0.41251183695137766,
        0.4684895109551547,
        0.6853660062331659
    ],
    [
        0.24803918541230538,
        0.1907274314958391,
        0.6151568651571727,
        0.34375,
        0.5198688987379414,
        0.21930732574403436,
        0.2872621298570349,
        0.22480460265528374,
        0.2557922741210141,
        0.0,
        0.3156095293238149,
        0.374022162612057,
        0.11692679333668567,
        0.3175375223890871,
        0.3069825422560703,
        0.3736956482219187,
        0.24803918541230538,
        0.24556615071096424,
        0.20070675904164265,
        0.184877493221863,
        0.1137517170200081,
        0.6996635476149312,
        0.293567097313374,
        0.2651650429449553,
        0.2312288841710741,
        0.5482126497765261,
        0.6968469725305549,
        0.39927913559939493,
        0.5631506653418781,
        0.31444705933590794,
        0.11267347735824966,
        0.1288470508005519,
        0.2460627460628691,
        0.4653522691198572,
        0.3325593227155119,
        0.6319921380048964,
        0.6095752875978487,
        0.8726251253402001,
        0.33071891388307384,
        0.318305449804115,
        0.3862252216971336,
        0.43889287203712934,
        0.1669106287391882,
        0.36543798636020314,
        0.2872621298570349,
        0.28555729503901667,
        0.36073113689422487,
        0.3733688482921413,
        0.639671546576835
    ],
    [
        0.699469665174981,
        0.24556615071096424,
        0.3647692978102735,
        0.30257682392245444,
        0.8244316223920575,
        0.14149039278339715,
        0.20372507516258279,
        0.2628531850196988,
        0.4866378594499199,
        0.3156095293238149,
        0.0,
        0.2049199538844375,
        0.2647042866577721,
        0.3045873232752801,
        0.23017062285400366,
        0.18619336387207788,
        0.7165387179873813,
        0.5215099771337074,
        0.4142835494863391,
        0.39621007290956145,
        0.21194781197266463,
        0.9578236869475393,
        0.12789613706050704,
        0.1801962905417312,
        0.37565047750535335,
        0.26005182776708186,
        1.1618319653138314,
        0.15625,
        0.8270925167416279,
        0.06442352540027595,
        0.33548297739974825,
        0.30856902590830465,
        0.20191949973937634,
        0.7163683366467282,
        0.3878023014372143,
        0.7918037162074955,
        0.9377603805077286,
        1.3377409245627496,
        0.6676831443506718,
        0.705378333768482,
        0.42647950199863066,
        0.8026749711900827,
        0.5803962517347763,
        0.740994106336211,
        0.5633673867912483,
        0.547544233372976,
        0.7288689868556626,
        0.6722382738843423,
        0.912425082541027
    ],
    [
        0.5694020986965187,
        0.31522251565362525,
        0.4201353018671485,
        0.297285899850632,
        0.6964965340007084,
        0.25291271962872885,
        0.19136638615493579,
        0.3521696146745201,
        0.49361153121660356,
        0.374022162612057,
        0.2049199538844375,
        0.0,
        0.3125,
        0.2688226645950821,
        0.1988737822087165,
        0.2125229766989913,
        0.6115745559619039,
        0.4846269506022132,
        0.35869500885153116,
        0.4533943165170909,
        0.29189908894170946,
        0.9633304948775945,
        0.23696485762661096,
        0.24754655496491967,
        0.3476343040826092,
        0.3247595264191645,
        0.9746543858594183,
        0.30257682392245444,
        0.8251716204069308,
        0.21423920626253262,
        0.390625,
        0.3521696146745201,
        0.20252314682524564,
        0.746247121016222,
        0.29563887388163285,
        0.820275296775418,
        0.9128263543111581,
        1.1477729795129348,
        0.5709008095764097,
        0.6640165425273681,
        0.4347008669763611,
        0.7600241566884568,
        0.4230628852323388,
        0.6555055301063447,
        0.5186935210218072,
        0.598867746773025,
        0.6929824019230214,
        0.6185211066527965,
        0.9177609472242758
    ],
    [
        0.35251606789620243,
        0.1887975933374152,
        0.5785471431741755,
        0.3194538796915761,
        0.5883803244925854,
        0.19515618744994995,
        0.21986323874172325,
        0.125,
        0.32287466124643477,
        0.11692679333668567,
        0.2647042866577721,
        0.3125,
        0.0,
        0.24655834121967968,
        0.2430679560328757,
        0.29646353064078557,
        0.37434839220971683,
        0.3089643739575811,
        0.25194555463432966,
        0.20787710461953235,
        0.120017902310447,
        0.7886283527869413,
        0.24105075969596113,
        0.20551478809321727,
        0.20191949973937634,
        0.5142025834970104,
        0.8512399044922647,
        0.36677170607204695,
        0.6204915516145244,
        0.25958199571618984,
        0.14235052467412967,
        0.13887803777055607,
        0.18814991529362962,
        0.5294085733155443,
        0.28853414550967793,
        0.6037399714488018,
        0.6579219772321031,
        0.9747796225301388,
        0.3444594950788844,
        0.41251183695137766,
        0.298923851089203,
        0.5412658773652742,
        0.28489154856619464,
        0.4805798906009281,
        0.3647692978102735,
        0.3358466446906981,
        0.43833625434704804,
        0.465089877066788,
        0.7283663763004166
    ],
    [
        0.4648273368951099,
        0.2795084971874737,
        0.7849910429425294,
        0.296875,
        0.554632479665589,
        0.3121091305537215,
        0.22963966338592295,
        0.22426093897511443,
        0.4186800314679457,
        0.3175375223890871,
        0.3045873232752801,
        0.2688226645950821,
        0.24655834121967968,
        0.0,
        0.2209708691207961,
        0.24105075969596113,
        0.4923734767683978,
        0.36005370693134103,
        0.3205981957606749,
        0.3365728004459065,
        0.23385358667337133,
        0.9074315812515993,
        0.3521696146745201,
        0.1988737822087165,
        0.25958199571618984,
        0.639671546576835,
        0.9065193565225179,
        0.5111071010561289,
        0.6853660062331659,
        0.2976962325509008,
        0.3194538796915761,
        0.2724311839712921,
        0.19948664585630788,
        0.617533526417797,
        0.2724311839712921,
        0.6470712262765205,
        0.7124383196986248,
        1.0461751391975438,
        0.4080489017875186,
        0.5021924587496311,
        0.30618621784789724,
        0.6240226733661206,
        0.39325503502109727,
        0.5513212113867922,
        0.4107324821279661,
        0.4375,
        0.5146771591250189,
        0.5034063654245942,
        0.8765332548597343
    ],
    [
        0.4555431167847891,
        0.24256522962906288,
        0.5555121510822243,
        0.214808235701055,
        0.484375,
        0.2445699350390395,
        0.16010860571811872,
        0.22857404434887177,
        0.4372208931135382,
        0.3069825422560703,
        0.23017062285400366,
        0.1988737822087165,
        0.2430679560328757,
        0.2209708691207961,
        0.0,
        0.1801962905417312,
        0.4752158226795484,
        0.3511282039725661,
        0.2773162398327945,
        0.3504322108125907,
        0.2275034340400162,
        0.7778746529450902,
        0.2614562582918986,
        0.16461958988832404,
        0.2543565718140579,
        0.4629853871884079,
        0.8060137735330581,
        0.36174490321219455,
        0.6571794014004091,
        0.22262198201210948,
        0.31444705933590794,
        0.26836818808308854,
        0.14823176532039278,
        0.596212000885591,
        0.19327057620082783,
        0.6216708207524301,
        0.7173900177030623,
        1.005235319154177,
        0.3921843874378479,
        0.5004880430639677,
        0.2619227283475033,
        0.606362747247883,
        0.32463420921348796,
        0.5051009336013942,
        0.3881169483866944,
        0.46927054430253773,
        0.5423923424284307,
        0.460075995760483,
        0.7486967844194337
    ],
    [
        0.5858854143516461,
        0.28768675999253074,
        0.5051009336013942,
        0.2976962325509008,
        0.6474484173468956,
        0.24803918541230538,
        0.20610790559801437,
        0.2567449488305466,
        0.46087128761726953,
        0.3736956482219187,
        0.18619336387207788,
        0.2125229766989913,
        0.29646353064078557,
        0.24105075969596113,
        0.1801962905417312,
        0.0,
        0.6528932004930056,
        0.4347008669763611,
        0.3433947027474361,
        0.4017175041307013,
        0.234375,
        0.9615548209078415,
        0.2395267143243108,
        0.1690102160373745,
        0.3465792658252943,
        0.3899994991983964,
        1.0550057390246748,
        0.31522251565362525,
        0.7977935882012339,
        0.19640320453088336,
        0.36876324128768584,
        0.29646353064078557,
        0.18087245160609727,
        0.7246699140815769,
        0.3391021002220423,
        0.7112379172963151,
        0.8453399371702487,
        1.2065697438917486,
        0.5259385212408386,
        0.6842965137643184,
        0.3049878327491115,
        0.7760766211367277,
        0.4710591272747922,
        0.6640165425273681,
        0.4558110045567132,
        0.5462049466546417,
        0.7001673907002525,
        0.600089511552235,
        0.9150969040216451
    ],
    [
        0.19390115071860714,
        0.5319388915796626,
        1.0970931050963724,
        0.4911323014219285,
        0.32249636625859834,
        0.597847702178406,
        0.5852600250102513,
        0.501219216635795,
        0.2688226645950821,
        0.24803918541230538,
        0.7165387179873813,
        0.6115745559619039,
        0.37434839220971683,
        0.4923734767683978,
        0.4752158226795484,
        0.6528932004930056,
        0.0,
        0.2209708691207961,
        0.301768873684812,
        0.19515618744994995,
        0.40894538525945,
        0.5007589725717464,
        0.7543817315358319,
        0.49410588440130926,
        0.3899994991983964,
        0.9664791933870072,
        0.34693130173710185,
        0.8408515029421069,
        0.38337012957454053,
        0.7419818794114854,
        0.25146057717861064,
        0.3159960690024482,
        0.4632489712616748,
        0.3262595784034547,
        0.48713928962874675,
        0.5533103503008054,
        0.33145630368119416,
        0.5949822738956179,
        0.2960514893983815,
        0.17608480733726006,
        0.42274216432714634,
        0.2665425329567497,
        0.1775422973860345,
        0.19136638615493579,
        0.26238836912104163,
        0.1767766952966369,
        0.24256522962906288,
        0.29851520585223124,
        0.4460657007381312
    ],
    [
        0.2790714234295586,
        0.35596205468420367,
        0.8833308765689106,
        0.33548297739974825,
        0.24556615071096424,
        0.4422178655651533,
        0.37173053916782245,
        0.25146057717861064,
        0.30578727798095195,
        0.24556615071096424,
        0.5215099771337074,
        0.4846269506022132,
        0.3089643739575811,
        0.36005370693134103,
        0.3511282039725661,
        0.4347008669763611,
        0.2209708691207961,
        0.0,
        0.21079277442550065,
        0.20551478809321727,
        0.30378472023786846,
        0.42209999144489185,
        0.59764348434079,
        0.3236299246438747,
        0.1875,
        0.8444730698044788,
        0.4923734767683978,
        0.6449927325171967,
        0.32021721143623744,
        0.5108682101334943,
        0.17746588580625855,
        0.2893790496476896,
        0.3128903811640748,
        0.24105075969596113,
        0.3563048203434806,
        0.35733114456341475,
        0.34268300311658295,
        0.682152498529471,
        0.19390115071860714,
        0.19200321449132043,
        0.3156095293238149,
        0.2679129406169101,
        0.19873733362853038,
        0.20846350100197397,
        0.16535945694153692,
        0.14405538214520136,
        0.2385052737886523,
        0.16387638252658618,
        0.38654115240165565
    ],
    [
        0.31868871959954903,
        0.24506854908372067,
        0.7219696907592451,
        0.3097535562749845,
        0.44028133761266786,
        0.2764344689524083,
        0.328125,
        0.22857404434887177,
        0.22152260748059102,
        0.20070675904164265,
        0.4142835494863391,
        0.35869500885153116,
        0.25194555463432966,
        0.3205981957606749,
        0.2773162398327945,
        0.3433947027474361,
        0.301768873684812,
        0.21079277442550065,
        0.0,
        0.24754655496491967,
        0.19390115071860714,
        0.6094640248361214,
        0.4198446513295126,
        0.240035804620894,
        0.2209708691207961,
        0.5717554519853746,
        0.7108945728798328,
        0.4913807872973871,
        0.5137275694616749,
        0.4180965050081141,
        0.22152260748059102,
        0.27599252707274524,
        0.23644915547533682,
        0.41692700200394794,
        0.3634282296754065,
        0.5698307040253272,
        0.5482126497765261,
        0.9280776503073436,
        0.26378035962709584,
        0.3504322108125907,
        0.3325593227155119,
        0.4444207079164966,
        0.1948083771798442,
        0.33729739288942034,
        0.2619227283475033,
        0.26972932033800107,
        0.4095419506900361,
        0.3329261836353518,
        0.552648099494606
    ],
    [
        0.2159417962669571,
        0.26972932033800107,
        0.7062430862493452,
        0.3569893643373707,
        0.4014135180832853,
        0.3332926407453366,
        0.3318243840874266,
        0.22152260748059102,
        0.30737993082665627,
        0.184877493221863,
        0.39621007290956145,
        0.4533943165170909,
        0.20787710461953235,
        0.3365728004459065,
        0.3504322108125907,
        0.4017175041307013,
        0.19515618744994995,
        0.20551478809321727,
        0.24754655496491967,
        0.0,
        0.20787710461953235,
        0.5549502996390258,
        0.3700849775727191,
        0.28341183042526646,
        0.22857404434887177,
        0.6519576889070333,
        0.5219779090153146,
        0.5041333064031774,
        0.4160477173654484,
        0.37856379498705367,
        0.1795175827043134,
        0.15388840315306412,
        0.28853414550967793,
        0.3329261836353518,
        0.3486861500690843,
        0.4627216529675265,
        0.45981059279881753,
        0.6943901888527804,
        0.26972932033800107,
        0.21763106683100186,
        0.3504322108125907,
        0.318305449804115,
        0.22010986051161918,
        0.2795084971874737,
        0.2881107642904027,
        0.18553659510996745,
        0.258639771206982,
        0.28641098093474,
        0.5017060736875726
    ],
    [
        0.3779183319514945,
        0.125,
        0.5412658773652742,
        0.26972932033800107,
        0.6440457451726547,
        0.14823176532039278,
        0.19948664585630788,
        0.17399263633843817,
        0.28125,
        0.1137517170200081,
        0.21194781197266463,
        0.29189908894170946,
        0.120017902310447,
        0.23385358667337133,
        0.2275034340400162,
        0.234375,
        0.40894538525945,
        0.30378472023786846,
        0.19390115071860714,
        0.20787710461953235,
        0.0,
        0.7687718775116438,
        0.22316963839196408,
        0.13531646934131855,
        0.21079277442550065,
        0.48588474392081915,
        0.8855392072065471,
        0.30935921676911454,
        0.6459383315185746,
        0.21194781197266463,
        0.15780476466190746,
        0.14574029770451274,
        0.15857643070456592,
        0.5298695299316616,
        0.3065846385991966,
        0.661622354991879,
        0.7328774624724109,
        1.0373870420436144,
        0.40864677595693816,
        0.42847841252506524,
        0.3630921887069453,
        0.5497691276799744,
        0.3087887262037841,
        0.48210151939192225,
        0.36241917202322504,
        0.34053897996411514,
        0.46561451330472936,
        0.46561451330472936,
        0.6985965283158799
    ],
    [
        0.7022757216621625,
        0.7000705259610952,
        1.2842740396923773,
        0.6972166887783963,
        0.3189014482258673,
        0.8118654038864926,
        0.7839190518549164,
        0.6723794940565765,
        0.7274346990070273,
        0.6996635476149312,
        0.9578236869475393,
        0.9633304948775945,
        0.7886283527869413,
        0.9074315812515993,
        0.7778746529450902,
        0.9615548209078415,
        0.5007589725717464,
        0.42209999144489185,
        0.6094640248361214,
        0.5549502996390258,
        0.7687718775116438,
        0.0,
        1.0219886107418767,
        0.7263711292177788,
        0.6058480554721988,
        1.2320763583389536,
        0.20478753386809895,
        1.0065836877707244,
        0.1747704347454429,
        0.9124399476053814,
        0.5413661025077617,
        0.7593457070253165,
        0.6777440686346465,
        0.16642234696531724,
        0.6843757927443405,
        0.23924341828866358,
        0.26836818808308854,
        0.37763110536092115,
        0.44618731080056995,
        0.27471181238001235,
        0.6622575552188472,
        0.21731922963567776,
        0.5814935645602624,
        0.31949633485552087,
        0.4331692898631614,
        0.35393681266733346,
        0.3276699887505381,
        0.29951313213187236,
        0.10018429198787158
    ],
    [
        0.71602745233685,
        0.3140586131600278,
        0.28125,
        0.3423265984407288,
        0.9307045382397144,
        0.13710881855300192,
        0.18619336387207788,
        0.3121091305537215,
        0.4977978850648122,
        0.293567097313374,
        0.12789613706050704,
        0.23696485762661096,
        0.24105075969596113,
        0.3521696146745201,
        0.2614562582918986,
        0.2395267143243108,
        0.7543817315358319,
        0.59764348434079,
        0.4198446513295126,
        0.3700849775727191,
        0.22316963839196408,
        1.0219886107418767,
        0.0,
        0.2096313728906053,
        0.433294519495689,
        0.25,
        1.2630181486225762,
        0.15934435979977452,
        0.8944544863351069,
        0.0924387466109315,
        0.33034960174790584,
        0.26745691825974516,
        0.2390165396996618,
        0.7815624375249876,
        0.38177474133970674,
        0.8719254017689816,
        1.0144223648830895,
        1.3794317783964527,
        0.7293712510614879,
        0.7590598625931949,
        0.4744445765840305,
        0.8570992594939049,
        0.62619243886054,
        0.7971813136765061,
        0.6333427562347264,
        0.6065640294931772,
        0.7798424820917362,
        0.7411588266019639,
        0.9541490400482516
    ],
    [
        0.484375,
        0.17469281074217108,
        0.5383260367797568,
        0.19008632907181935,
        0.5577052592992109,
        0.1907274314958391,
        0.16237976320958225,
        0.14405538214520136,
        0.4080489017875186,
        0.2651650429449553,
        0.1801962905417312,
        0.24754655496491967,
        0.20551478809321727,
        0.1988737822087165,
        0.16461958988832404,
        0.1690102160373745,
        0.49410588440130926,
        0.3236299246438747,
        0.240035804620894,
        0.28341183042526646,
        0.13531646934131855,
        0.7263711292177788,
        0.2096313728906053,
        0.0,
        0.24407030237208294,
        0.5091928355250102,
        0.8779247992425091,
        0.318305449804115,
        0.6259758007503166,
        0.15546678704790937,
        0.2670001170411728,
        0.19452968121857395,
        0.10364452469860624,
        0.5307902422332197,
        0.2781952158557009,
        0.603537747369624,
        0.7568050648945209,
        1.0507159017784018,
        0.4207160005573831,
        0.4923734767683978,
        0.2943975575221371,
        0.6159501045133445,
        0.3580516092145253,
        0.4913807872973871,
        0.38937299357428473,
        0.4041411611367988,
        0.5611964061271241,
        0.43554249577394855,
        0.6832253471586077
    ],
    [
        0.34903606099513557,
        0.26052081250832915,
        0.7300403991389791,
        0.2670001170411728,
        0.3299798762803574,
        0.31483502624390447,
        0.2706329386826371,
        0.18421603316486868,
        0.32249636625859834,
        0.2312288841710741,
        0.37565047750535335,
        0.3476343040826092,
        0.20191949973937634,
        0.25958199571618984,
        0.2543565718140579,
        0.3465792658252943,
        0.3899994991983964,
        0.1875,
        0.2209708691207961,
        0.22857404434887177,
        0.21079277442550065,
        0.6058480554721988,
        0.433294519495689,
        0.24407030237208294,
        0.0,
        0.6448034463113547,
        0.5581428468591172,
        0.5084731279772806,
        0.45204612942154476,
        0.37434839220971683,
        0.2153757617514097,
        0.240035804620894,
        0.21194781197266463,
        0.4186800314679457,
        0.22207297505549836,
        0.48260766285876566,
        0.5060667106469264,
        0.7404997256920491,
        0.29064180058966055,
        0.38590903235088964,
        0.25626905416963636,
        0.43805768027738085,
        0.25695617465716686,
        0.35458767868469426,
        0.258167369404036,
        0.2795084971874737,
        0.41191957270200213,
        0.31522251565362525,
        0.5644497458808888
    ],
    [
        0.921875,
        0.5193990668310832,
        0.0924387466109315,
        0.6419574557554418,
        1.2016021206081486,
        0.3205981957606749,
        0.3843241836327764,
        0.6605144183702578,
        0.61812626390164,
        0.5482126497765261,
        0.26005182776708186,
        0.3247595264191645,
        0.5142025834970104,
        0.639671546576835,
        0.4629853871884079,
        0.3899994991983964,
        0.9664791933870072,
        0.8444730698044788,
        0.5717554519853746,
        0.6519576889070333,
        0.48588474392081915,
        1.2320763583389536,
        0.25,
        0.5091928355250102,
        0.6448034463113547,
        0.0,
        1.4840460161750375,
        0.07654655446197431,
        1.1211958250568899,
        0.24407030237208294,
        0.5594535559365049,
        0.5115845482420281,
        0.5111071010561289,
        0.9959635331552055,
        0.5603256586575346,
        1.1300883192808429,
        1.2902693214499832,
        1.6000946016954747,
        0.9938777433618282,
        0.954532771831329,
        0.7424752731572951,
        1.0596238645741234,
        0.8287798773313964,
        0.9982895528102055,
        0.840125316173129,
        0.8288617006171778,
        1.0114095207926412,
        0.974403864229304,
        1.1723957176440043
    ],
    [
        0.4873898112650694,
        0.9705125095793459,
        1.5662455107677085,
        0.649519052838329,
        0.3538984891533164,
        1.0660556314634804,
        0.9776556381850411,
        0.8427366600101125,
        0.5340002340823456,
        0.6968469725305549,
        1.1618319653138314,
        0.9746543858594183,
        0.8512399044922647,
        0.9065193565225179,
        0.8060137735330581,
        1.0550057390246748,
        0.34693130173710185,
        0.4923734767683978,
        0.7108945728798328,
        0.5219779090153146,
        0.8855392072065471,
        0.20478753386809895,
        1.2630181486225762,
        0.8779247992425091,
        0.5581428468591172,
        1.4840460161750375,
        0.0,
        1.300353016972699,
        0.234375,
        1.1526548838442494,
        0.6333427562347264,
        0.7597028613214512,
        0.8265019472148871,
        0.2651650429449553,
        0.6333427562347264,
        0.27198273727389394,
        0.2829807855667943,
        0.3205981957606749,
        0.4671848871164392,
        0.28853414550967793,
        0.671875,
        0.22426093897511443,
        0.5067363062064705,
        0.2445699350390395,
        0.42561995224613236,
        0.3391021002220423,
        0.2275034340400162,
        0.46927054430253773,
        0.2312288841710741
    ],
    [
        0.825319540390266,
        0.28427195935406646,
        0.14657549249448218,
        0.46561451330472936,
        0.9989007630265381,
        0.15068204314051492,
        0.30338262248355624,
        0.4460657007381312,
        0.5581428468591172,
        0.39927913559939493,
        0.15625,
        0.30257682392245444,
        0.36677170607204695,
        0.5111071010561289,
        0.36174490321219455,
        0.31522251565362525,
        0.8408515029421069,
        0.6449927325171967,
        0.4913807872973871,
        0.5041333064031774,
        0.30935921676911454,
        1.0065836877707244,
        0.15934435979977452,
        0.318305449804115,
        0.5084731279772806,
        0.07654655446197431,
        1.300353016972699,
        0.0,
        0.9168294126362876,
        0.1316585902058806,
        0.39897329171261575,
        0.3843241836327764,
        0.3614072970693868,
        0.7185801429729324,
        0.5134898976610932,
        0.9267614141460573,
        1.0983163606743733,
        1.4623363957636424,
        0.8300390615808391,
        0.7763911405503028,
        0.6006994620856589,
        0.8552457614627506,
        0.7107419221216031,
        0.8265019472148871,
        0.6817945071647321,
        0.61812626390164,
        0.8570992594939049,
        0.7796859343671656,
        0.8285670989726782
    ],
    [
        0.5412658773652742,
        0.6169402194499886,
        1.1687458221850464,
        0.5951874048356535,
        0.2829807855667943,
        0.734375,
        0.6493310860993796,
        0.5247767382420833,
        0.6041442165369126,
        0.5631506653418781,
        0.8270925167416279,
        0.8251716204069308,
        0.6204915516145244,
        0.6853660062331659,
        0.6571794014004091,
        0.7977935882012339,
        0.38337012957454053,
        0.32021721143623744,
        0.5137275694616749,
        0.4160477173654484,
        0.6459383315185746,
        0.1747704347454429,
        0.8944544863351069,
        0.6259758007503166,
        0.45204612942154476,
        1.1211958250568899,
        0.234375,
        0.9168294126362876,
        0.0,
        0.8121994636479392,
        0.41692700200394794,
        0.578125,
        0.5923091069070271,
        0.14149039278339715,
        0.5212758536753836,
        0.2159417962669571,
        0.2803806007019744,
        0.3255104164999947,
        0.3398212995458054,
        0.20372507516258279,
        0.5084731279772806,
        0.2209708691207961,
        0.47241047616041615,
        0.21194781197266463,
        0.3968257843500092,
        0.2728788936964528,
        0.23175620272173947,
        0.19640320453088336,
        0.18944305707784595
    ],
    [
        0.703125,
        0.2460627460628691,
        0.28768675999253074,
        0.2790714234295586,
        0.8129505962080352,
        0.12203515118604147,
        0.1887975933374152,
        0.25626905416963636,
        0.5024354747129227,
        0.31444705933590794,
        0.06442352540027595,
        0.21423920626253262,
        0.25958199571618984,
        0.2976962325509008,
        0.22262198201210948,
