[
    [
        0.0,
        1.9582790555511824,
        0.8905326885565488,
        1.526759607128504,
        1.419951673509363,
        1.365556625687556,
        1.116321400577699,
        1.2194974523471458,
        1.5738617526093357,
        1.5404991902308942,
        1.0439939987316762,
        1.3497212486212076,
        1.5550075464086195,
        1.677389401445482,
        1.8639983358142698,
        1.4434493127115156,
        1.7525491637693278,
        1.67724111418187,
        1.2250052061530354,
        1.3621851817531105,
        1.5299703397003523,
        1.3621851817531105,
        1.1550840247827818,
        1.496701304842876,
        1.3273275667248665,
        1.410809219228888,
        1.2079814172032572,
        1.3898522735901209,
        0.9916745269224871,
        1.0879675865519869,
        1.2358897480713056,
        1.0259701730159447,
        1.5369019954974918,
        1.15669327931117,
        1.0386350442297048,
        1.5173150292405277,
        1.1814089219302208,
        1.52529689314733,
        1.4229178805484808,
        1.5490949921759416,
        1.1814089219302208,
        1.2644572119357484,
        1.1042589166957362,
        1.5996297048829033,
        1.3679084287289685,
        1.3728854076009505,
        1.3249037315817265,
        0.9261644628492814,
        1.566449091130012,
        1.1170352980738152
    ],
    [
        1.9582790555511824,
        0.0,
        1.76235716521305,
        1.4409680388158819,
        1.3718398027628607,
        1.4855087044885031,
        1.584977216800853,
        1.571225636247067,
        1.631929668963845,
        1.4948755057789187,
        1.8605927968138423,
        1.5618054011659426,
        1.4185037108791,
        1.5736325633528445,
        1.5005785921140922,
        1.3340904525559378,
        1.3775229379013783,
        1.454757520841341,
        1.4704911099045754,
        1.5143984871155207,
        1.58607219255619,
        1.4883809249576458,
        1.4209494087483279,
        1.4953632037438633,
        1.4565465244123779,
        1.397939952612812,
        1.6029486718059454,
        1.5206906325745548,
        1.5246812052943322,
        1.7579185924774154,
        1.5195485440675391,
        1.5717780094883345,
        1.4185037108791,
        1.6142808856508764,
        1.5382845784978945,
        1.4899198337867414,
        1.5467259327725489,
        1.7564365756964995,
        1.3831827227248192,
        1.3705736836165439,
        1.6351180725290486,
        1.560693400027337,
        1.5534459901922708,
        1.4129854131510975,
        1.402502723308903,
        1.6007810593582121,
        1.5571519586161855,
        1.9490025939210833,
        1.507504376260462,
        1.9423103368011108
    ],
    [
        0.8905326885565488,
        1.76235716521305,
        0.0,
        1.299038105676658,
        1.346291201783626,
        1.0865656906050365,
        0.7180703308172536,
        1.3775229379013783,
        1.6441183047457382,
        1.6772373117719508,
        0.8100925873009825,
        1.5258194519667128,
        1.3975424859373686,
        1.6452583383772896,
        1.8957188610128877,
        1.300387501116965,
        1.5360257159305635,
        1.5309310892394863,
        1.095124864747283,
        1.0231690964840563,
        1.5634719199411433,
        1.0231690964840563,
        0.798218502527834,
        1.4577379737113252,
        0.9013878188659973,
        1.019803902718557,
        0.8994597143717876,
        1.2774758097296577,
        0.960143218483576,
        0.7806247497997998,
        0.7603453162872774,
        0.81967981553775,
        1.420338379088276,
        1.1000315652036738,
        1.1989578808281798,
        1.0274361294017258,
        1.2119199643540823,
        1.4523687548277813,
        1.1599509089229212,
        1.256925260749863,
        0.960143218483576,
        1.103970108290981,
        0.8003905296791061,
        1.3925645805890337,
        1.103970108290981,
        1.182188413259259,
        1.1426394882026438,
        0.6373774391990981,
        1.4684175155588413,
        1.489546910976623
    ],
    [
        1.526759607128504,
        1.4409680388158819,
        1.299038105676658,
        0.0,
        1.2374368670764582,
        1.1305419054595012,
        1.224744871391589,
        1.1755613316388236,
        1.3050383136138188,
        1.404457190518814,
        1.3919410907075054,
        1.1792476415070754,
        1.125,
        1.2811127975318957,
        1.3050383136138188,
        1.0421597472439195,
        1.165922381636102,
        1.2183492931011204,
        0.9857078157137559,
        1.165922381636102,
        1.2896489617118467,
        1.0825317547305484,
        1.0516191220103301,
        1.2562344526401112,
        1.2054563451241194,
        0.9839334327077214,
        1.2360330811826103,
        1.107110854632202,
        1.159202311936963,
        1.25,
        1.2054563451241194,
        1.1792476415070754,
        1.1865859054915118,
        1.1280821975567403,
        1.118033988749895,
        1.0738365797457263,
        1.0825317547305484,
        1.3287682265918312,
        1.1996816707406641,
        1.1326897682556822,
        1.14564392373896,
        1.0968705484240153,
        1.165922381636102,
        1.1865859054915118,
        1.0680004681646913,
        1.0491398593345143,
        0.9905806378079474,
        1.352081728298996,
        1.159202311936963,
        1.4197270864500684
    ],
    [
        1.419951673509363,
        1.3718398027628607,
        1.346291201783626,
        1.2374368670764582,
        0.0,
        1.170202973846845,
        1.1319231422671772,
        1.0833333333333333,
        1.299038105676658,
        1.2798925736170204,
        1.6345871038277526,
        1.1858541225631423,
        1.1388041973930374,
        1.162163929916946,
        1.3169567191065923,
        1.104547649585151,
        1.0968705484240153,
        1.2374368670764582,
        1.1183191651322268,
        1.118033988749895,
        1.2381381631753021,
        1.0825317547305484,
        1.2169234888758527,
        1.165922381636102,
        1.192424001771182,
        1.133026919362466,
        1.2486103386476415,
        1.3116730198914328,
        1.0606601717798212,
        1.3975424859373686,
        1.103970108290981,
        1.118033988749895,
        1.114924013354971,
        1.2692955176439846,
        1.0458250331675945,
        1.1294356998076516,
        1.118033988749895,
        1.5360257159305635,
        1.1577036657874837,
        1.2169234888758527,
        1.3110110602126894,
        1.3228756555322954,
        1.1388041973930374,
        1.2332207155790618,
        1.118033988749895,
        1.2754356554178305,
        1.170202973846845,
        1.6583123951777,
        1.1989578808281798,
        1.375
    ],
    [
        1.365556625687556,
        1.4855087044885031,
        1.0865656906050365,
        1.1305419054595012,
        1.170202973846845,
        0.0,
        1.0043654713300334,
        1.2558474341168109,
        1.352312833629852,
        1.3706750161872798,
        1.0574142991278301,
        1.2356678356257396,
        1.0720890821195783,
        1.4630874888399532,
        1.4082347105507662,
        1.1362644669158277,
        1.1640446726822813,
        1.2572290960680157,
        0.9228325405831675,
        1.0865656906050365,
        1.280245202208459,
        1.013348409975562,
        0.9341514271727518,
        1.3205112646244257,
        0.972753822917186,
        0.9695359714832658,
        0.9378610415905617,
        1.0453601187044481,
        1.0040542814011602,
        0.9148087231765993,
        1.019803902718557,
        1.052675163571365,
        1.1851804832082655,
        0.9514608650794723,
        1.1191514642799696,
        0.9842509842514764,
        1.1494563932572648,
        1.2116620816052635,
        1.0690078473883051,
        1.061674515931214,
        1.044030650891055,
        0.95,
        0.8584142356694697,
        1.1864981153705123,
        0.8710625695092173,
        1.0150259985723409,
        0.9185586535436918,
        1.063308515906837,
        1.1669940016983806,
        1.50996688705415
    ],
    [
        1.116321400577699,
        1.584977216800853,
        0.7180703308172536,
        1.224744871391589,
        1.1319231422671772,
        1.0043654713300334,
        0.0,
        1.2147816447594375,
        1.4630874888399532,
        1.4633010626661898,
        0.9100137361600648,
        1.3050383136138188,
        1.159202311936963,
        1.4100088652203575,
        1.6056540723331412,
        1.1471737675963587,
        1.2686114456365274,
        1.2930100540985752,
        1.0364837043522466,
        0.9519716382329886,
        1.3888194427082465,
        0.9437293044088437,
        0.8640183897219884,
        1.340475661845451,
        0.81967981553775,
        0.9400797838481583,
        0.9081039465709737,
        1.2083333333333333,
        0.9185586535436918,
        0.8660254037844386,
        0.75,
        0.8477912478906585,
        1.1799835215421914,
        1.0785149254620654,
        0.9842509842514764,
        1.0121141239998581,
        0.9519716382329886,
        1.3975424859373686,
        1.104756131963571,
        1.1733439866940603,
        0.9185586535436918,
        1.0825317547305484,
        0.75,
        1.2190615698606495,
        0.9762812094883317,
        1.1349865393230196,
        1.0121141239998581,
        0.9437293044088437,
        1.1792476415070754,
        1.3975424859373686
    ],
    [
        1.2194974523471458,
        1.571225636247067,
        1.3775229379013783,
        1.1755613316388236,
        1.0833333333333333,
        1.2558474341168109,
        1.2147816447594375,
        0.0,
        1.076097630845413,
        1.1130226612447944,
        1.6223268611609822,
        1.0516191220103301,
        1.3195906351760929,
        1.1828931106026068,
        1.2977009585331196,
        1.154393657533377,
        1.2506942516503028,
        1.2997061633735185,
        1.0471623734078583,
        1.1688966782587948,
        1.0825317547305484,
        1.162193806748446,
        1.3017082793177757,
        1.1909671606630376,
        1.2651855375574148,
        1.2115187896924164,
        1.3010412496663328,
        1.2183492931011204,
        1.1554520519885039,
        1.4439769542636214,
        1.1887785514739255,
        0.9982623792259117,
        1.136515141415488,
        1.1110243021644486,
        1.0086432030758503,
        1.1713892511790338,
        0.9418878796214429,
        1.3869430814244366,
        1.1953323573150876,
        1.233924407913404,
        1.0881304047667162,
        1.267242193812129,
        1.1666666666666667,
        1.2025724741384842,
        1.2835768167291135,
        1.1524430571616109,
        1.1571636780411738,
        1.550089603144856,
        1.1865859054915118,
        1.076097630845413
    ],
    [
        1.5738617526093357,
        1.631929668963845,
        1.6441183047457382,
        1.3050383136138188,
        1.299038105676658,
        1.352312833629852,
        1.4630874888399532,
        1.076097630845413,
        0.0,
        1.241974234837422,
        1.7940875118009154,
        1.1989578808281798,
        1.5512092057488571,
        1.2992786460186283,
        1.4577379737113252,
        1.3090637720079465,
        1.4086784586980805,
        1.4252192813739224,
        1.2006853910010171,
        1.4737282653189494,
        1.0008676791220261,
        1.4523687548277813,
        1.4221706804896677,
        1.2686114456365274,
        1.4306903927824497,
        1.3804437692278524,
        1.5115297622680879,
        1.2254534308210618,
        1.4361406616345072,
        1.6441183047457382,
        1.479019945774904,
        1.159202311936963,
        1.2617503274772268,
        1.206176235510844,
        1.3169567191065923,
        1.358077685554107,
        1.1792476415070754,
        1.1858541225631423,
        1.2849286620924396,
        1.3469358229370512,
        1.2374368670764582,
        1.3169567191065923,
        1.3110110602126894,
        1.3775229379013783,
        1.4577379737113252,
        1.1326897682556822,
        1.3638181696985856,
        1.8791620472966135,
        1.3863170633011772,
        1.118033988749895
    ],
    [
        1.5404991902308942,
        1.4948755057789187,
        1.6772373117719508,
        1.404457190518814,
        1.2798925736170204,
        1.3706750161872798,
        1.4633010626661898,
        1.1130226612447944,
        1.241974234837422,
        0.0,
        1.7679437208237143,
        1.1784523749392675,
        1.4033442200686188,
        1.258222953216162,
        1.3899190623917639,
        1.3069623216466808,
        1.3910427743243556,
        1.3395428324618814,
        1.2554930326776172,
        1.3638181696985856,
        1.2072984073726116,
        1.352312833629852,
        1.4685120965718252,
        1.2725466592624413,
        1.3921655792325853,
        1.4210471491122314,
        1.4368416366770866,
        1.3245544324203684,
        1.408900280360537,
        1.700367607313195,
        1.4199471821162926,
        1.3786315678962238,
        1.3001869523692011,
        1.294727556069015,
        1.2427288521636568,
        1.3301785594423028,
        1.266392514191394,
        1.475,
        1.3610147358170341,
        1.3837850668044915,
        1.3088640112708425,
        1.4450346016618425,
        1.462232881588976,
        1.2673243906400251,
        1.4144345159815634,
        1.2764969425911072,
        1.318379687343521,
        1.9662782102235685,
        1.2798925736170204,
        1.4762706391444627
    ],
    [
        1.0439939987316762,
        1.8605927968138423,
        0.8100925873009825,
        1.3919410907075054,
        1.6345871038277526,
        1.0574142991278301,
        0.9100137361600648,
        1.6223268611609822,
        1.7940875118009154,
        1.7679437208237143,
        0.0,
        1.590990257669732,
        1.505199322349037,
        1.9694542391231131,
        1.940521837032503,
        1.5523394129703803,
        1.595893166850463,
        1.6770509831248424,
        1.066207517037727,
        1.25,
        1.7430417219459908,
        1.1388041973930374,
        1.0366546087187274,
        1.7897276329095442,
        1.015504800579495,
        1.1800423721205946,
        0.8730136183232068,
        1.2651855375574148,
        1.0752906583803283,
        0.57282196186948,
        0.9354143466934853,
        1.118033988749895,
        1.6868568733330966,
        1.227576655221353,
        1.357847561400027,
        1.2903487900563941,
        1.3975424859373686,
        1.403121520040228,
        1.1865859054915118,
        1.2692955176439846,
        1.0307764064044151,
        0.9921567416492215,
        0.8926785535678563,
        1.4690085469836829,
        1.015504800579495,
        1.2147816447594375,
        1.2597122687344122,
        0.46770717334674267,
        1.590990257669732,
        1.7809758560968758
    ],
    [
        1.3497212486212076,
        1.5618054011659426,
        1.5258194519667128,
        1.1792476415070754,
        1.1858541225631423,
        1.2356678356257396,
        1.3050383136138188,
        1.0516191220103301,
        1.1989578808281798,
        1.1784523749392675,
        1.590990257669732,
        0.0,
        1.224744871391589,
        1.2725466592624413,
        1.352081728298996,
        1.1245747495595564,
        1.2686114456365274,
        1.2119199643540823,
        1.0848857270774313,
        1.3635890143294642,
        1.0952866190079096,
        1.2374368670764582,
        1.4942017564200922,
        1.224744871391589,
        1.352081728298996,
        1.390593398517338,
        1.3565683830083088,
        1.2977009585331196,
        0.9762812094883317,
        1.5360257159305635,
        1.3110110602126894,
        1.25,
        1.2169234888758527,
        1.1807189429420628,
        0.9519716382329886,
        1.373408169482037,
        1.125,
        1.571225636247067,
        1.3043729868748772,
        1.3222193043852026,
        1.243734296383275,
        1.4469796128487782,
        1.3228756555322954,
        1.4074454795045446,
        1.2930100540985752,
        1.2733922324946771,
        1.132199187422425,
        1.741048534648015,
        1.1792476415070754,
        1.1989578808281798
    ],
    [
        1.5550075464086195,
        1.4185037108791,
        1.3975424859373686,
        1.125,
        1.1388041973930374,
        1.0720890821195783,
        1.159202311936963,
        1.3195906351760929,
        1.5512092057488571,
        1.4033442200686188,
        1.505199322349037,
        1.224744871391589,
        0.0,
        1.3360389215887387,
        1.4306903927824497,
        1.153963887243108,
        1.159202311936963,
        1.1858541225631423,
        1.1908184031949436,
        1.1858541225631423,
        1.4493772609105073,
        1.0532687216470449,
        1.201850425154663,
        1.3169567191065923,
        1.2183492931011204,
        1.1629703349613008,
        1.3096861371251425,
        1.3195906351760929,
        1.015504800579495,
        1.3110110602126894,
        1.2183492931011204,
        1.3050383136138188,
        1.2909944487358056,
        1.2896489617118467,
        1.1110243021644486,
        1.107925990308017,
        1.2747548783981961,
        1.6056540723331412,
        1.2631255326020099,
        1.2876280950302037,
        1.243734296383275,
        1.3693063937629153,
        1.14564392373896,
        1.2849286620924396,
        1.0752906583803283,
        1.313656897536204,
        1.107925990308017,
        1.5562374497485916,
        1.1524430571616109,
        1.6007810593582121
    ],
    [
        1.677389401445482,
        1.5736325633528445,
        1.6452583383772896,
        1.2811127975318957,
        1.162163929916946,
        1.4630874888399532,
        1.4100088652203575,
        1.1828931106026068,
        1.2992786460186283,
        1.258222953216162,
        1.9694542391231131,
        1.2725466592624413,
        1.3360389215887387,
        0.0,
        1.41222342424986,
        1.260790163641315,
        1.271318213509112,
        1.4111165791670084,
        1.2378954738109484,
        1.2639224659764539,
        1.196029310306027,
        1.3649633694718697,
        1.3990075847622208,
        1.2095970403402945,
        1.4100088652203575,
        1.2283118496538248,
        1.490921601635117,
        1.499976851673237,
        1.3476831971943555,
        1.6920771259017717,
        1.4320003491619686,
        1.2539936203984452,
        1.1215688416974978,
        1.4737047043270086,
        1.3430376018563293,
        1.3635890143294642,
        1.15,
        1.6299923312703037,
        1.3524412084161819,
        1.2873314344885012,
        1.3786315678962238,
        1.4066804896635199,
        1.4111165791670084,
        1.2496944070896336,
        1.3820274961085255,
        1.32284940773905,
        1.3919410907075054,
        1.9398775734566345,
        1.271318213509112,
        1.4363582422223224
    ],
    [
        1.8639983358142698,
        1.5005785921140922,
        1.8957188610128877,
        1.3050383136138188,
        1.3169567191065923,
        1.4082347105507662,
        1.6056540723331412,
        1.2977009585331196,
        1.4577379737113252,
        1.3899190623917639,
        1.940521837032503,
        1.352081728298996,
        1.4306903927824497,
        1.41222342424986,
        0.0,
        1.322514032948966,
        1.2686114456365274,
        1.4415703243338496,
        1.30699159936716,
        1.489546910976623,
        1.472549753922691,
        1.4842927608797396,
        1.5080800892378214,
        1.3863170633011772,
        1.6105123408406408,
        1.4402690720834075,
        1.5789412767913682,
        1.379412113103904,
        1.58607219255619,
        1.7633419974582356,
        1.595893166850463,
        1.5360257159305635,
        1.379412113103904,
        1.4883809249576458,
        1.489546910976623,
        1.4882876066137216,
        1.4252192813739224,
        1.7365554986812255,
        1.4209494087483279,
        1.3987841942995431,
        1.5562374497485916,
        1.4947825928876748,
        1.5103807466993215,
        1.4018836534383934,
        1.4577379737113252,
        1.504045470648337,
        1.4337450958939666,
        1.948557158514987,
        1.3806701271484076,
        1.7230060940112777
    ],
    [
        1.4434493127115156,
        1.3340904525559378,
        1.300387501116965,
        1.0421597472439195,
        1.104547649585151,
        1.1362644669158277,
        1.1471737675963587,
        1.154393657533377,
        1.3090637720079465,
        1.3069623216466808,
        1.5523394129703803,
        1.1245747495595564,
        1.153963887243108,
        1.260790163641315,
        1.322514032948966,
        0.0,
        1.1664692495750077,
        1.2505101000008283,
        1.120171041968728,
        1.153963887243108,
        1.2455419368906404,
        1.0549325348387093,
        1.1274381490996974,
        1.138384103607802,
        1.2197879541384333,
        1.0859198583576555,
        1.2707740869428175,
        1.2580241319439336,
        1.0696413665622813,
        1.347593281766136,
        1.2004197820184506,
        1.15878961306483,
        1.1255824896661657,
        1.2455419368906404,
        1.090309823033839,
        1.057932861185203,
        0.9916745269224871,
        1.5342601088578993,
        1.2027934228871513,
        1.1897319101968264,
        1.2620591774346157,
        1.2804953601426827,
        1.1529963183827092,
        1.2256702548794047,
        1.112601749531801,
        1.2137749859645683,
        1.057932861185203,
        1.4665705171019405,
        1.2059852860645033,
        1.3730273419100776
    ],
    [
        1.7525491637693278,
        1.3775229379013783,
        1.5360257159305635,
        1.165922381636102,
        1.0968705484240153,
        1.1640446726822813,
        1.2686114456365274,
        1.2506942516503028,
        1.4086784586980805,
        1.3910427743243556,
        1.595893166850463,
        1.2686114456365274,
        1.159202311936963,
        1.271318213509112,
        1.2686114456365274,
        1.1664692495750077,
        0.0,
        1.286953767623375,
        1.1042589166957362,
        1.1524430571616109,
        1.3584866989084254,
        1.1792476415070754,
        1.2332207155790618,
        1.2183492931011204,
        1.2562344526401112,
        1.083685840084662,
        1.2296962136144753,
        1.2692955176439846,
        1.2119199643540823,
        1.4306903927824497,
        1.2747548783981961,
        1.346291201783626,
        1.2018504251546631,
        1.2936812246883354,
        1.224744871391589,
        1.2090802289343745,
        1.2183492931011204,
        1.4630874888399532,
        1.2018504251546631,
        1.1219093348196882,
        1.334634781503914,
        1.1792476415070754,
        1.2624381172952597,
        1.1726039399558574,
        1.0968705484240153,
        1.2692955176439846,
        1.155151505214792,
        1.625,
        1.1858541225631423,
        1.595893166850463
    ],
    [
        1.67724111418187,
        1.454757520841341,
        1.5309310892394863,
        1.2183492931011204,
        1.2374368670764582,
        1.2572290960680157,
        1.2930100540985752,
        1.2997061633735185,
        1.4252192813739224,
        1.3395428324618814,
        1.6770509831248424,
        1.2119199643540823,
        1.1858541225631423,
        1.4111165791670084,
        1.4415703243338496,
        1.2505101000008283,
        1.286953767623375,
        0.0,
        1.1661958476611212,
        1.2624381172952597,
        1.3527235900623273,
        1.2183492931011204,
        1.339827932567794,
        1.25,
        1.2930100540985752,
        1.3238202294873727,
        1.3241873818392251,
        1.3057033013326997,
        1.2054563451241194,
        1.5103807466993215,
        1.3287682265918312,
        1.340475661845451,
        1.2774758097296577,
        1.2381381631753021,
        1.2183492931011204,
        1.3,
        1.2686114456365274,
        1.6298006013006623,
        1.313656897536204,
        1.2527746981977423,
        1.3635890143294642,
        1.4737282653189494,
        1.3693063937629153,
        1.2527746981977423,
        1.231107225224513,
        1.2631255326020099,
        1.1803071634112876,
        1.7677669529663689,
        1.3050383136138188,
        1.5662455107677085
    ],
    [
        1.2250052061530354,
        1.4704911099045754,
        1.095124864747283,
        0.9857078157137559,
        1.1183191651322268,
        0.9228325405831675,
        1.0364837043522466,
        1.0471623734078583,
        1.2006853910010171,
        1.2554930326776172,
        1.066207517037727,
        1.0848857270774313,
        1.1908184031949436,
        1.2378954738109484,
        1.30699159936716,
        1.120171041968728,
        1.1042589166957362,
        1.1661958476611212,
        0.0,
        1.1232980323083253,
        1.1767813485960883,
        1.0735098832277954,
        0.9133559570662415,
        1.2644572119357484,
        1.0514506500011092,
        0.96293556272431,
        1.0142305205192923,
        0.9812947275939212,
        0.97431949040741,
        1.00588193610769,
        1.0879675865519869,
        1.040781937206986,
        1.2113204925208303,
        0.9652405619344994,
        0.9440671348490216,
        1.0483891920270751,
        0.9546476003302614,
        1.1032477565102492,
        0.9923531323218691,
        1.0501525102500973,
        0.9213316671081736,
        0.9297725747817723,
        0.9766077795625226,
        1.149595709275474,
        0.97431949040741,
        0.9571125024800523,
        0.9429315446834853,
        1.1032477565102492,
        1.1390841738440758,
        1.298424280520392
    ],
    [
        1.3621851817531105,
        1.5143984871155207,
        1.0231690964840563,
        1.165922381636102,
        1.118033988749895,
        1.0865656906050365,
        0.9519716382329886,
        1.1688966782587948,
        1.4737282653189494,
        1.3638181696985856,
        1.25,
        1.3635890143294642,
        1.1858541225631423,
        1.2639224659764539,
        1.489546910976623,
        1.153963887243108,
        1.1524430571616109,
        1.2624381172952597,
        1.1232980323083253,
        0.0,
        1.4111411851563416,
        0.9682458365518543,
        0.9583333333333334,
        1.299038105676658,
        0.9682458365518543,
        0.9093266739736606,
        1.044163673845139,
        1.2651855375574148,
        1.015504800579495,
        1.0680004681646913,
        0.9185586535436918,
        1.0383279828647594,
        1.217636599683538,
        1.1554520519885039,
        1.1524430571616109,
        1.0274361294017258,
        1.118033988749895,
        1.5206906325745548,
        1.1531960419248373,
        1.1931517552730295,
        1.0897247358851685,
        1.1989578808281798,
        1.0231690964840563,
        1.1785113019775793,
        1.0307764064044151,
        1.2402396721781015,
        1.0574142991278301,
        1.2183492931011204,
        1.2562344526401112,
        1.5258194519667128
    ],
    [
        1.5299703397003523,
        1.58607219255619,
        1.5634719199411433,
        1.2896489617118467,
        1.2381381631753021,
        1.280245202208459,
        1.3888194427082465,
        1.0825317547305484,
        1.0008676791220261,
        1.2072984073726116,
        1.7430417219459908,
        1.0952866190079096,
        1.4493772609105073,
        1.196029310306027,
        1.472549753922691,
        1.2455419368906404,
        1.3584866989084254,
        1.3527235900623273,
        1.1767813485960883,
        1.4111411851563416,
        0.0,
        1.271345525199363,
        1.3565683830083088,
        1.1975089885999928,
        1.3313787757225382,
        1.3046657724405042,
        1.3274610268394993,
        1.2624381172952597,
        1.3017082793177757,
        1.5584670174387536,
        1.3195906351760929,
        1.2486103386476415,
        1.2254534308210618,
        1.271345525199363,
        1.1799835215421914,
        1.339879762433099,
        1.102396379610246,
        1.369940185231133,
        1.2513881181401005,
        1.3300741416260307,
        1.1509356097444277,
        1.2169234888758527,
        1.2815463749358083,
        1.3176156917368247,
        1.4166666666666667,
        1.192424001771182,
        1.2870616837501525,
        1.886538570445295,
        1.3352850299135055,
        1.2815463749358083
    ],
    [
        1.3621851817531105,
        1.4883809249576458,
        1.0231690964840563,
        1.0825317547305484,
        1.0825317547305484,
        1.013348409975562,
        0.9437293044088437,
        1.162193806748446,
        1.4523687548277813,
        1.352312833629852,
        1.1388041973930374,
        1.2374368670764582,
        1.0532687216470449,
        1.3649633694718697,
        1.4842927608797396,
        1.0549325348387093,
        1.1792476415070754,
        1.2183492931011204,
        1.0735098832277954,
        0.9682458365518543,
        1.271345525199363,
        0.0,
        0.9860132971832694,
        1.2686114456365274,
        0.9437293044088437,
        0.9062284480195929,
        0.9664511253952668,
        1.1887785514739255,
        0.9270248108869579,
        1.015504800579495,
        0.875,
        1.0968705484240153,
        1.1326897682556822,
        1.1554520519885039,
        1.0458250331675945,
        0.8620469824783334,
        1.1792476415070754,
        1.4684175155588413,
        1.1188101318414627,
        1.0833333333333333,
        0.9762812094883317,
        1.118033988749895,
        1.0,
        1.1599509089229212,
        0.9354143466934853,
        1.1418491338370602,
        1.0647769719523428,
        1.1319231422671772,
        1.224744871391589,
        1.5
    ],
    [
        1.1550840247827818,
        1.4209494087483279,
        0.798218502527834,
        1.0516191220103301,
        1.2169234888758527,
        0.9341514271727518,
        0.8640183897219884,
        1.3017082793177757,
        1.4221706804896677,
        1.4685120965718252,
        1.0366546087187274,
        1.4942017564200922,
        1.201850425154663,
        1.3990075847622208,
        1.5080800892378214,
        1.1274381490996974,
        1.2332207155790618,
        1.339827932567794,
        0.9133559570662415,
        0.9583333333333334,
        1.3565683830083088,
        0.9860132971832694,
        0.0,
        1.3294213444619847,
        0.950146187582615,
        0.9020039418489871,
        0.9195031871130797,
        1.103970108290981,
        0.9982623792259117,
        0.9418878796214429,
        0.8868248605746984,
        0.8620067027323833,
        1.1785113019775793,
        1.0231690964840563,
        1.2147816447594375,
        0.9360080721399314,
        1.0833333333333333,
        1.2943520472507557,
        0.9664511253952668,
        1.0366546087187274,
        0.8936504412303007,
        0.9771699499632145,
        0.8447139555297206,
        1.189508535301683,
        0.9042722672587794,
        1.0,
        1.0083333333333333,
        0.961046882889233,
        1.2465229418042993,
        1.4907119849998598
    ],
    [
        1.496701304842876,
        1.4953632037438633,
        1.4577379737113252,
        1.2562344526401112,
        1.165922381636102,
        1.3205112646244257,
        1.340475661845451,
        1.1909671606630376,
        1.2686114456365274,
        1.2725466592624413,
        1.7897276329095442,
        1.224744871391589,
        1.3169567191065923,
        1.2095970403402945,
        1.3863170633011772,
        1.138384103607802,
        1.2183492931011204,
        1.25,
        1.2644572119357484,
        1.299038105676658,
        1.1975089885999928,
        1.2686114456365274,
        1.3294213444619847,
        0.0,
        1.2808688457449497,
        1.2168093523637957,
        1.4499760534421096,
        1.2610621625351297,
        1.3050383136138188,
        1.5662455107677085,
        1.4197270864500684,
        1.2747548783981961,
        1.1509356097444277,
        1.2423376263229644,
        1.192424001771182,
        1.285496013218244,
        1.1792476415070754,
        1.5103807466993215,
        1.3359349618234497,
        1.390693272356553,
        1.3228756555322954,
        1.4577379737113252,
        1.3287682265918312,
        1.2040152730666573,
        1.3693063937629153,
        1.1975089885999928,
        1.2359207094308275,
        1.6677080080157918,
        1.2808688457449497,
        1.375
    ],
    [
        1.3273275667248665,
        1.4565465244123779,
        0.9013878188659973,
        1.2054563451241194,
        1.192424001771182,
        0.972753822917186,
        0.81967981553775,
        1.2651855375574148,
        1.4306903927824497,
        1.3921655792325853,
        1.015504800579495,
        1.352081728298996,
        1.2183492931011204,
        1.4100088652203575,
        1.6105123408406408,
        1.2197879541384333,
        1.2562344526401112,
        1.2930100540985752,
        1.0514506500011092,
        0.9682458365518543,
        1.3313787757225382,
        0.9437293044088437,
        0.950146187582615,
        1.2808688457449497,
        0.0,
        0.9807522622966516,
        0.9418878796214429,
        1.162193806748446,
        0.9682458365518543,
        0.9100137361600648,
        0.9519716382329886,
        1.0825317547305484,
        1.217636599683538,
        1.0785149254620654,
        1.165922381636102,
        1.0274361294017258,
        1.103970108290981,
        1.3975424859373686,
        1.0391636594449938,
        1.1395661942647786,
        0.9437293044088437,
        1.0897247358851685,
        0.9013878188659973,
        1.1479147761629926,
        0.9013878188659973,
        1.0565601944254972,
        1.0425329730996522,
        1.0825317547305484,
        1.2562344526401112,
        1.6056540723331412
    ],
    [
        1.410809219228888,
        1.397939952612812,
        1.019803902718557,
        0.9839334327077214,
        1.133026919362466,
        0.9695359714832658,
        0.9400797838481583,
        1.2115187896924164,
        1.3804437692278524,
        1.4210471491122314,
        1.1800423721205946,
        1.390593398517338,
        1.1629703349613008,
        1.2283118496538248,
        1.4402690720834075,
        1.0859198583576555,
        1.083685840084662,
        1.3238202294873727,
        0.96293556272431,
        0.9093266739736606,
        1.3046657724405042,
        0.9062284480195929,
        0.9020039418489871,
        1.2168093523637957,
        0.9807522622966516,
        0.0,
        1.049669260079362,
        1.0820826113461843,
        1.0647769719523428,
        0.9886859966642595,
        0.9565563234854496,
        1.021334910790775,
        1.1668452244311487,
        1.1100237735191882,
        1.193471826228001,
        0.9519716382329886,
        1.1163556780883053,
        1.3167194082263693,
        1.0199741282121926,
        1.0013879257199867,
        0.9663074045043843,
        1.0482127646618316,
        0.9199184746487049,
        1.0978514370249637,
        0.9236476600955582,
        0.9735387911006822,
        0.9367496997597597,
        1.1947803145348521,
        1.2,
        1.4997916521970645
    ],
    [
        1.2079814172032572,
        1.6029486718059454,
        0.8994597143717876,
        1.2360330811826103,
        1.2486103386476415,
        0.9378610415905617,
        0.9081039465709737,
        1.3010412496663328,
        1.5115297622680879,
        1.4368416366770866,
        0.8730136183232068,
        1.3565683830083088,
        1.3096861371251425,
        1.490921601635117,
        1.5789412767913682,
        1.2707740869428175,
        1.2296962136144753,
        1.3241873818392251,
        1.0142305205192923,
        1.044163673845139,
        1.3274610268394993,
        0.9664511253952668,
        0.9195031871130797,
        1.4499760534421096,
        0.9418878796214429,
        1.049669260079362,
        0.0,
        1.076097630845413,
        0.9904053603337261,
        0.8907315969346646,
        0.8457409637576849,
        0.9583333333333334,
        1.3950557535652672,
        1.0606601717798212,
        1.0565601944254972,
        1.054619467970425,
        1.2304019216861166,
        1.3070322617798436,
        1.0736748938937604,
        1.0968705484240153,
        0.9771699499632145,
        0.8670271686118671,
        0.8239049972202162,
        1.189508535301683,
        0.9166666666666666,
        1.0704360482220943,
        1.154429873718336,
        0.927960727138337,
        1.2835768167291135,
        1.464273615900465
    ],
    [
        1.3898522735901209,
        1.5206906325745548,
        1.2774758097296577,
        1.107110854632202,
        1.3116730198914328,
        1.0453601187044481,
        1.2083333333333333,
        1.2183492931011204,
        1.2254534308210618,
        1.3245544324203684,
        1.2651855375574148,
        1.2977009585331196,
        1.3195906351760929,
        1.499976851673237,
        1.379412113103904,
        1.2580241319439336,
        1.2692955176439846,
        1.3057033013326997,
        0.9812947275939212,
        1.2651855375574148,
        1.2624381172952597,
        1.1887785514739255,
        1.103970108290981,
        1.2610621625351297,
        1.162193806748446,
        1.0820826113461843,
        1.076097630845413,
        0.0,
        1.2651855375574148,
        1.1688966782587948,
        1.233924407913404,
        1.1234557302260635,
        1.2367351733046525,
        0.9270248108869579,
        1.2692955176439846,
        1.0964272788369402,
        1.2733922324946771,
        1.024017143953709,
        1.0614782669047498,
        1.0316182002616623,
        0.9982623792259117,
        0.9583333333333334,
        1.104756131963571,
        1.1326897682556822,
        1.1554520519885039,
        0.8477912478906585,
        1.0964272788369402,
        1.2169234888758527,
        1.2754356554178305,
        1.4258282193557228
    ],
    [
        0.9916745269224871,
        1.5246812052943322,
        0.960143218483576,
        1.159202311936963,
        1.0606601717798212,
        1.0040542814011602,
        0.9185586535436918,
        1.1554520519885039,
        1.4361406616345072,
        1.408900280360537,
        1.0752906583803283,
        0.9762812094883317,
        1.015504800579495,
        1.3476831971943555,
        1.58607219255619,
        1.0696413665622813,
        1.2119199643540823,
        1.2054563451241194,
        0.97431949040741,
        1.015504800579495,
        1.3017082793177757,
        0.9270248108869579,
        0.9982623792259117,
        1.3050383136138188,
        0.9682458365518543,
        1.0647769719523428,
        0.9904053603337261,
        1.2651855375574148,
        0.0,
        1.0,
        0.9354143466934853,
        1.0606601717798212,
        1.1799835215421914,
        1.1280821975567403,
        0.739509972887452,
        1.100568035152757,
        1.0897247358851685,
        1.5103807466993215,
        1.1395661942647786,
        1.2254534308210618,
        1.0307764064044151,
        1.14564392373896,
        0.9354143466934853,
        1.256925260749863,
        0.9185586535436918,
        1.2402396721781015,
        0.9483538369195329,
        1.224744871391589,
        1.1319231422671772,
        1.3228756555322954
    ],
    [
        1.0879675865519869,
        1.7579185924774154,
        0.7806247497997998,
        1.25,
        1.3975424859373686,
        0.9148087231765993,
