[
    [
        0.0,
        0.28895690638917076,
        0.21079277442550065,
        0.21986323874172325,
        0.21137108216357317,
        0.28341183042526646,
        0.240035804620894,
        0.17258376589355096,
        0.3045873232752801,
        0.70468576773623,
        0.29315098498896436,
        0.203125,
        0.33693529145074724,
        0.2576941016011038,
        0.19948664585630788,
        0.16387638252658618,
        0.24206145913796356,
        0.24407030237208294,
        0.19008632907181935,
        0.2688226645950821,
        0.19825902406952375,
        0.22809883792143948,
        0.2609889545076573,
        0.1788362990978062,
        0.19764235376052372,
        0.2728788936964528,
        0.26745691825974516,
        0.22696623509896796,
        0.4281934251888975,
        0.1711632992203644,
        0.21650635094610965,
        0.28384222069663984,
        0.20551478809321727,
        0.25,
        0.1711632992203644,
        0.24556615071096424,
        0.3081731706768128,
        0.2159417962669571,
        0.21021287573552672,
        0.23175620272173947,
        0.40202126032089397,
        0.19764235376052372,
        0.1775422973860345,
        0.2395267143243108,
        0.24951124097923924,
        0.20372507516258279,
        0.7034721365306518,
        0.3444594950788844,
        0.37727176461405115
    ],
    [
        0.28895690638917076,
        0.0,
        0.28341183042526646,
        0.2445699350390395,
        0.24705294220065463,
        0.0897587913521567,
        0.22696623509896796,
        0.2706329386826371,
        0.39435717075387383,
        0.2692763740564701,
        0.44469529596117835,
        0.28384222069663984,
        0.28980057798424075,
        0.3694247005480278,
        0.1788362990978062,
        0.27198273727389394,
        0.44304521496118204,
        0.24556615071096424,
        0.23799290955824715,
        0.3175375223890871,
        0.3167677333236452,
        0.183404342308948,
        0.22803936748947537,
        0.24803918541230538,
        0.19200321449132043,
        0.23228232417685166,
        0.30777680630612825,
        0.25626905416963636,
        0.16682934768798924,
        0.24705294220065463,
        0.13799626353637262,
        0.23280725665236468,
        0.2665425329567497,
        0.35008369535012623,
        0.24256522962906288,
        0.22963966338592295,
        0.19200321449132043,
        0.20372507516258279,
        0.2914805954090255,
        0.34161267357930386,
        0.20252314682524564,
        0.18288593610499415,
        0.33528076957148084,
        0.22152260748059102,
        0.21650635094610965,
        0.20191949973937634,
        0.3318243840874266,
        0.3209787278777209,
        0.28254908312539256
    ],
    [
        0.21079277442550065,
        0.28341183042526646,
        0.0,
        0.32249636625859834,
        0.14657549249448218,
        0.2642427269576213,
        0.3029799910885206,
        0.2445699350390395,
        0.4032339968926231,
        0.4148724389797423,
        0.3423265984407288,
        0.17258376589355096,
        0.3896863722918727,
        0.28555729503901667,
        0.19452968121857395,
        0.13258252147247765,
        0.2893790496476896,
        0.16828640022295324,
        0.1788362990978062,
        0.3811347161765771,
        0.18421603316486868,
        0.12597277731716483,
        0.32700702400713044,
        0.2072890493972125,
        0.13710881855300192,
        0.1690102160373745,
        0.11158481919598204,
        0.26608416196760004,
        0.2312288841710741,
        0.15309310892394862,
        0.1988737822087165,
        0.2910615001593306,
        0.15068204314051492,
        0.34938562148434216,
        0.14320549046737,
        0.24506854908372067,
        0.16387638252658618,
        0.22696623509896796,
        0.14235052467412967,
        0.16461958988832404,
        0.2072890493972125,
        0.1711632992203644,
        0.16145833333333331,
        0.1711632992203644,
        0.120017902310447,
        0.14405538214520136,
        0.4490658707249973,
        0.3391021002220423,
        0.4307515235028194
    ],
    [
        0.21986323874172325,
        0.2445699350390395,
        0.32249636625859834,
        0.0,
        0.4250459533979826,
        0.1988737822087165,
        0.15625,
        0.14405538214520136,
        0.18553659510996745,
        0.7091753573693885,
        0.3419698223162389,
        0.2348952559120767,
        0.16387638252658618,
        0.2773162398327945,
        0.15467960838455727,
        0.2755498763835687,
        0.3700849775727191,
        0.40019526483955303,
        0.18154609435347266,
        0.15546678704790937,
        0.3021731188408393,
        0.30329319503209723,
        0.14574029770451274,
        0.2543565718140579,
        0.2943975575221371,
        0.47981726664950275,
        0.43694160794092385,
        0.22371595411369302,
        0.547544233372976,
        0.24754655496491967,
        0.15857643070456592,
        0.2395267143243108,
        0.34089725358236606,
        0.2096313728906053,
        0.2609889545076573,
        0.1875,
        0.5168073565169133,
        0.28512949360772905,
        0.3759752942348739,
        0.4411123191716595,
        0.5314797297404672,
        0.27198273727389394,
        0.269477777505761,
        0.3671043788897103,
        0.4017175041307013,
        0.2312288841710741,
        0.7770197974472722,
        0.3001464486296648,
        0.21650635094610965
    ],
    [
        0.21137108216357317,
        0.24705294220065463,
        0.14657549249448218,
        0.4250459533979826,
        0.0,
        0.23747943989954162,
        0.32775276505317236,
        0.26608416196760004,
        0.43357615392223775,
        0.350780380010057,
        0.34481369516740484,
        0.25048780534189685,
        0.4095419506900361,
        0.301768873684812,
        0.2773162398327945,
        0.14405538214520136,
        0.29481191037676885,
        0.15229366163764005,
        0.2072890493972125,
        0.3700849775727191,
        0.24803918541230538,
        0.15900351585910155,
        0.4207160005573831,
        0.19948664585630788,
        0.18087245160609727,
        0.1795175827043134,
        0.1570293065800139,
        0.265625,
        0.1907274314958391,
        0.19578068884596356,
        0.2619227283475033,
        0.32135880939379896,
        0.13710881855300192,
        0.32738010687120256,
        0.18814991529362962,
        0.27775607554111215,
        0.16461958988832404,
        0.1608692209529219,
        0.14320549046737,
        0.20252314682524564,
        0.17608480733726006,
        0.1988737822087165,
        0.18443678343360184,
        0.13710881855300192,
        0.15625,
        0.1767766952966369,
        0.369754986443726,
        0.3089643739575811,
        0.5024354747129227
    ],
    [
        0.28341183042526646,
        0.0897587913521567,
        0.2642427269576213,
        0.1988737822087165,
        0.23747943989954162,
        0.0,
        0.25,
        0.2181912506838897,
        0.3878023014372143,
        0.4192627457812106,
        0.36241917202322504,
        0.271083618326523,
        0.3097535562749845,
        0.3167677333236452,
        0.11481983169296148,
        0.23541436208311506,
        0.36876324128768584,
        0.2509746625657658,
        0.21137108216357317,
        0.33548297739974825,
        0.32738010687120256,
        0.19729892630078968,
        0.2390165396996618,
        0.1570293065800139,
        0.1711632992203644,
        0.30378472023786846,
        0.2927342811749249,
        0.20372507516258279,
        0.26836818808308854,
        0.2385052737886523,
        0.10711960313126631,
        0.2181912506838897,
        0.2312288841710741,
        0.2786336640644845,
        0.23799290955824715,
        0.14405538214520136,
        0.25194555463432966,
        0.1514899955442603,
        0.22371595411369302,
        0.32738010687120256,
        0.28683687110446593,
        0.16828640022295324,
        0.26962873136551635,
        0.20610790559801437,
        0.214808235701055,
        0.15934435979977452,
        0.4815948439819513,
        0.2533949178160446,
        0.2572199630180364
    ],
    [
        0.240035804620894,
        0.22696623509896796,
        0.3029799910885206,
        0.15625,
        0.32775276505317236,
        0.25,
        0.0,
        0.14905300022139775,
        0.2159417962669571,
        0.673145600891813,
        0.25911131174651564,
        0.19200321449132043,
        0.12597277731716483,
        0.31171777098843756,
        0.18814991529362962,
        0.2803806007019744,
        0.21986323874172325,
        0.2781952158557009,
        0.1801962905417312,
        0.19200321449132043,
        0.2390165396996618,
        0.33467341305036136,
        0.13441133229754104,
        0.17608480733726006,
        0.2576941016011038,
        0.3890593624371479,
        0.4276228807313753,
        0.12203515118604147,
        0.47981726664950275,
        0.25048780534189685,
        0.21986323874172325,
        0.1875,
        0.2773162398327945,
        0.24256522962906288,
        0.24902152266420668,
        0.2170694373351532,
        0.40625,
        0.25911131174651564,
        0.29933193844793776,
        0.318305449804115,
        0.48889024522381297,
        0.2768757054167086,
        0.2748598917074742,
        0.301768873684812,
        0.255314603724503,
        0.2170694373351532,
        0.7790594288948693,
        0.28341183042526646,
        0.23017062285400366
    ],
    [
        0.17258376589355096,
        0.2706329386826371,
        0.2445699350390395,
        0.14405538214520136,
        0.26608416196760004,
        0.2181912506838897,
        0.14905300022139775,
        0.0,
        0.22426093897511443,
        0.6017146723115533,
        0.19327057620082783,
        0.16755945773068137,
        0.23385358667337133,
        0.2576941016011038,
        0.15780476466190746,
        0.19578068884596356,
        0.21763106683100186,
        0.26238836912104163,
        0.14657549249448218,
        0.1690102160373745,
        0.203125,
        0.27515581128900607,
        0.213096589015404,
        0.1608692209529219,
        0.2415566380271923,
        0.29933193844793776,
        0.3089643739575811,
        0.12979099785809492,
        0.42961647140211,
        0.1570293065800139,
        0.17258376589355096,
        0.258639771206982,
        0.19327057620082783,
        0.13799626353637262,
        0.203125,
        0.20191949973937634,
        0.38081430021731066,
        0.2181912506838897,
        0.2460627460628691,
        0.2914805954090255,
        0.4071504443998557,
        0.22316963839196408,
        0.20077432570204565,
        0.234375,
        0.24803918541230538,
        0.15388840315306412,
        0.6547602137424051,
        0.30338262248355624,
        0.28470104934825935
    ],
    [
        0.3045873232752801,
        0.39435717075387383,
        0.4032339968926231,
        0.18553659510996745,
        0.43357615392223775,
        0.3878023014372143,
        0.2159417962669571,
        0.22426093897511443,
        0.0,
        0.7491857559210533,
        0.20904825250405706,
        0.2799448885495143,
        0.21930732574403436,
        0.27775607554111215,
        0.3021731188408393,
        0.3504322108125907,
        0.24655834121967968,
        0.3965180481390475,
        0.27332587007087344,
        0.15780476466190746,
        0.30136408628102984,
        0.42860501273835383,
        0.25,
        0.3159960690024482,
        0.38590903235088964,
        0.4539324701979359,
        0.46692352492137296,
        0.2170694373351532,
        0.5755856392623082,
        0.2795084971874737,
        0.32021721143623744,
        0.34268300311658295,
        0.3476343040826092,
        0.22262198201210948,
        0.32960973608951544,
        0.3321920566479578,
        0.5165711017130169,
        0.3681005934184296,
        0.39528470752104744,
        0.4276228807313753,
        0.5650981662507851,
        0.3775951866748304,
        0.31358319215604935,
        0.3843241836327764,
        0.4014135180832853,
        0.31366968593569894,
        0.8376515721050132,
        0.369754986443726,
        0.297285899850632
    ],
    [
        0.70468576773623,
        0.2692763740564701,
        0.4148724389797423,
        0.7091753573693885,
        0.350780380010057,
        0.4192627457812106,
        0.673145600891813,
        0.6017146723115533,
        0.7491857559210533,
        0.0,
        0.5766450652264354,
        0.5835890436557218,
        0.7950346395755344,
        0.7231522790878834,
        0.5783361101038046,
        0.49262133657607643,
        0.5904513633653495,
        0.31171777098843756,
        0.5726088188065217,
        0.6819735263373499,
        0.4770105475773046,
        0.3891639342338051,
        0.729538595620547,
        0.4198446513295126,
        0.4523160883165665,
        0.2385052737886523,
        0.32923917977664807,
        0.47752208718550393,
        0.14574029770451274,
        0.41546049375963534,
        0.48864049284724653,
        0.6432871515699656,
        0.3504322108125907,
        0.49410588440130926,
        0.4831132760543846,
        0.4868886390900901,
        0.23593232610221093,
        0.4198446513295126,
        0.40834794829287435,
        0.3391021002220423,
        0.213668661424646,
        0.38337012957454053,
        0.5145190158860344,
        0.3325593227155119,
        0.2943975575221371,
        0.42561995224613236,
        0.10711960313126631,
        0.5753735199850615,
        0.7251750866170183
    ],
    [
        0.29315098498896436,
        0.44469529596117835,
        0.3423265984407288,
        0.3419698223162389,
        0.34481369516740484,
        0.36241917202322504,
        0.25911131174651564,
        0.19327057620082783,
        0.20904825250405706,
        0.5766450652264354,
        0.0,
        0.2764344689524083,
        0.29973947020704494,
        0.31328027587130347,
        0.32287466124643477,
        0.3125,
        0.16312978920172735,
        0.328125,
        0.2688226645950821,
        0.17044862679118303,
        0.2609889545076573,
        0.39428837752687784,
        0.3347544575879461,
        0.2803806007019744,
        0.3569893643373707,
        0.3232525135246438,
        0.3597145135381668,
        0.20669932117692114,
        0.4460657007381312,
        0.23385358667337133,
        0.32960973608951544,
        0.37565047750535335,
        0.25958199571618984,
        0.1690102160373745,
        0.3065846385991966,
        0.3190715290103459,
        0.40293115494461335,
        0.31715286140913185,
        0.3205981957606749,
        0.3358466446906981,
        0.44028133761266786,
        0.35596205468420367,
        0.2754514129620282,
        0.28641098093474,
        0.3029799910885206,
        0.27775607554111215,
        0.6722382738843423,
        0.375,
        0.37565047750535335
    ],
    [
        0.203125,
        0.28384222069663984,
        0.17258376589355096,
        0.2348952559120767,
        0.25048780534189685,
        0.271083618326523,
        0.19200321449132043,
        0.16755945773068137,
        0.2799448885495143,
        0.5835890436557218,
        0.2764344689524083,
        0.0,
        0.2651650429449553,
        0.2651650429449553,
        0.16682934768798924,
        0.19136638615493579,
        0.20252314682524564,
        0.22152260748059102,
        0.140625,
        0.2923169833417142,
        0.14490028899212037,
        0.21986323874172325,
        0.20669932117692114,
        0.20846350100197397,
        0.1926379375927805,
        0.28641098093474,
        0.2728788936964528,
        0.21930732574403436,
        0.37856379498705367,
        0.15625,
        0.184877493221863,
        0.2538762001448738,
        0.18944305707784595,
        0.2960514893983815,
        0.15229366163764005,
        0.2619227283475033,
        0.3049878327491115,
        0.2609889545076573,
        0.21986323874172325,
        0.2533949178160446,
        0.36643873123620546,
        0.21079277442550065,
        0.18822198957909012,
        0.2430679560328757,
        0.2049199538844375,
        0.15934435979977452,
        0.6331499871673378,
        0.32960973608951544,
        0.3644344934278313
    ],
    [
        0.33693529145074724,
        0.28980057798424075,
        0.3896863722918727,
        0.16387638252658618,
        0.4095419506900361,
        0.3097535562749845,
        0.12597277731716483,
        0.23385358667337133,
        0.21930732574403436,
        0.7950346395755344,
        0.29973947020704494,
        0.2651650429449553,
        0.0,
        0.3336586953759785,
        0.2829807855667943,
        0.3451675317871019,
        0.2803806007019744,
        0.369754986443726,
        0.23333100817293873,
        0.2013140426050801,
        0.318305449804115,
        0.42939541840502005,
        0.17328963291264715,
        0.240035804620894,
        0.350780380010057,
        0.48235465751353535,
        0.5139651313562039,
        0.19008632907181935,
        0.5800222247897058,
        0.33145630368119416,
        0.293567097313374,
        0.2348952559120767,
        0.3511282039725661,
        0.25958199571618984,
        0.3476343040826092,
        0.28853414550967793,
        0.4923734767683978,
        0.32249636625859834,
        0.3769480650567131,
        0.4044430970482745,
        0.5825422463221015,
        0.3603925810834624,
        0.33938196995093567,
        0.38654115240165565,
        0.3401803290168319,
        0.3053878169639385,
        0.8657434485746918,
        0.26052081250832915,
        0.2072890493972125
    ],
    [
        0.2576941016011038,
        0.3694247005480278,
        0.28555729503901667,
        0.2773162398327945,
        0.301768873684812,
        0.3167677333236452,
        0.31171777098843756,
        0.2576941016011038,
        0.27775607554111215,
        0.7231522790878834,
        0.31328027587130347,
        0.2651650429449553,
        0.3336586953759785,
        0.0,
        0.2538762001448738,
        0.24556615071096424,
        0.29973947020704494,
        0.35664725657854146,
        0.23747943989954162,
        0.3156095293238149,
        0.3358466446906981,
        0.2971489963665815,
        0.3198357732884175,
        0.28081563680642857,
        0.2692763740564701,
        0.36843206632973735,
        0.33946189035000673,
        0.3156095293238149,
        0.48713928962874675,
        0.27018150727797785,
        0.2799448885495143,
        0.24853083938416978,
        0.29563887388163285,
        0.29522568168267477,
        0.24902152266420668,
        0.2927342811749249,
        0.4032339968926231,
        0.29646353064078557,
        0.3053878169639385,
        0.38495890608609123,
        0.46034124570800733,
        0.2943975575221371,
        0.2905484516871115,
        0.3391021002220423,
        0.30737993082665627,
        0.2609889545076573,
        0.6543872372303726,
        0.3001464486296648,
        0.41251183695137766
    ],
    [
        0.19948664585630788,
        0.1788362990978062,
        0.19452968121857395,
        0.15467960838455727,
        0.2773162398327945,
        0.11481983169296148,
        0.18814991529362962,
        0.15780476466190746,
        0.3021731188408393,
        0.5783361101038046,
        0.32287466124643477,
        0.16682934768798924,
        0.2829807855667943,
        0.2538762001448738,
        0.0,
        0.15934435979977452,
        0.31444705933590794,
        0.275106513463422,
        0.13887803777055607,
        0.2773162398327945,
        0.20904825250405706,
        0.16812512907884347,
        0.18221724671391565,
        0.1660960283239789,
        0.12789613706050704,
        0.3451675317871019,
        0.29646353064078557,
        0.20009763241977652,
        0.4178044361600293,
        0.17469281074217108,
        0.109375,
        0.20070675904164265,
        0.21763106683100186,
        0.25958199571618984,
        0.14490028899212037,
        0.1690102160373745,
        0.39404750665370286,
        0.20372507516258279,
        0.25,
        0.3029799910885206,
        0.4017175041307013,
        0.19327057620082783,
        0.20097688939140354,
        0.25911131174651564,
        0.24407030237208294,
        0.11158481919598204,
        0.6404344228724749,
        0.2872621298570349,
        0.27775607554111215
    ],
    [
        0.16387638252658618,
        0.27198273727389394,
        0.13258252147247765,
        0.2755498763835687,
        0.14405538214520136,
        0.23541436208311506,
        0.2803806007019744,
        0.19578068884596356,
        0.3504322108125907,
        0.49262133657607643,
        0.3125,
        0.19136638615493579,
        0.3451675317871019,
        0.24556615071096424,
        0.15934435979977452,
        0.0,
        0.271083618326523,
        0.18355218944485516,
        0.14405538214520136,
        0.3240068961457456,
        0.21194781197266463,
        0.12926743381240474,
        0.28768675999253074,
        0.15780476466190746,
        0.120017902310447,
        0.21986323874172325,
        0.18355218944485516,
        0.2072890493972125,
        0.2795084971874737,
        0.14986973510352247,
        0.1660960283239789,
        0.2651650429449553,
        0.17044862679118303,
        0.3049878327491115,
        0.1316585902058806,
        0.23385358667337133,
        0.22803936748947537,
        0.15467960838455727,
        0.15388840315306412,
        0.2385052737886523,
        0.26745691825974516,
        0.11158481919598204,
        0.1678829318883979,
        0.17469281074217108,
        0.16461958988832404,
        0.11899645477912357,
        0.47418721579667245,
        0.2803806007019744,
        0.39311705079403514
    ],
    [
        0.24206145913796356,
        0.44304521496118204,
        0.2893790496476896,
        0.3700849775727191,
        0.29481191037676885,
        0.36876324128768584,
        0.21986323874172325,
        0.21763106683100186,
        0.24655834121967968,
        0.5904513633653495,
        0.16312978920172735,
        0.20252314682524564,
        0.2803806007019744,
        0.29973947020704494,
        0.31444705933590794,
        0.271083618326523,
        0.0,
        0.27466243486323355,
        0.20551478809321727,
        0.22910747341586218,
        0.1781524101717403,
        0.3394618903500067,
        0.3329261836353518,
        0.24803918541230538,
        0.3101473943949876,
        0.29315098498896436,
        0.3497348325874905,
        0.20669932117692114,
        0.4186800314679457,
        0.1608692209529219,
        0.31054073303674673,
        0.3472829807952011,
        0.22963966338592295,
        0.23070036031614688,
        0.23333100817293873,
        0.3236299246438747,
        0.350780380010057,
        0.29563887388163285,
        0.27599252707274524,
        0.27599252707274524,
        0.4160477173654484,
        0.3156095293238149,
        0.21943098367646768,
        0.2688226645950821,
        0.26972932033800107,
        0.2642427269576213,
        0.6682313993857217,
        0.34938562148434216,
        0.42647950199863066
    ],
    [
        0.24407030237208294,
        0.24556615071096424,
        0.16828640022295324,
        0.40019526483955303,
        0.15229366163764005,
        0.2509746625657658,
        0.2781952158557009,
        0.26238836912104163,
        0.3965180481390475,
        0.31171777098843756,
        0.328125,
        0.22152260748059102,
        0.369754986443726,
        0.35664725657854146,
        0.275106513463422,
        0.18355218944485516,
        0.27466243486323355,
        0.0,
        0.22696623509896796,
        0.338381372307933,
        0.1690102160373745,
        0.1416819844659942,
        0.375,
        0.16755945773068137,
        0.15546678704790937,
        0.11267347735824966,
        0.14574029770451274,
        0.22207297505549836,
        0.14740595518838442,
        0.16973094517500337,
        0.24655834121967968,
        0.32738010687120256,
        0.15068204314051492,
        0.30737993082665627,
        0.1514899955442603,
        0.28768675999253074,
        0.12303137303143455,
        0.19390115071860714,
        0.15467960838455727,
        0.120017902310447,
        0.13799626353637262,
        0.19200321449132043,
        0.21181978549648703,
        0.11587810136086973,
        0.10825317547305482,
        0.1690102160373745,
        0.3542432515235823,
        0.37565047750535335,
        0.4744445765840305
    ],
    [
        0.19008632907181935,
        0.23799290955824715,
        0.1788362990978062,
        0.18154609435347266,
        0.2072890493972125,
        0.21137108216357317,
        0.1801962905417312,
        0.14657549249448218,
        0.27332587007087344,
        0.5726088188065217,
        0.2688226645950821,
        0.140625,
        0.23333100817293873,
        0.23747943989954162,
        0.13887803777055607,
        0.14405538214520136,
        0.20551478809321727,
        0.22696623509896796,
        0.0,
        0.2405438174740727,
        0.20846350100197397,
        0.21072842004316572,
        0.184877493221863,
        0.1660960283239789,
        0.16973094517500337,
        0.2728788936964528,
        0.2786336640644845,
        0.203125,
        0.382413695328763,
        0.13799626353637262,
        0.12597277731716483,
        0.2209708691207961,
        0.18553659510996745,
        0.2390165396996618,
        0.18288593610499415,
        0.18684782411095935,
        0.2976962325509008,
        0.19008632907181935,
        0.20070675904164265,
        0.25958199571618984,
        0.35561895864815757,
        0.15229366163764005,
        0.17569924784826044,
        0.22696623509896796,
        0.1801962905417312,
        0.10364452469860624,
        0.6055569492211281,
        0.2405438174740727,
        0.30578727798095195
    ],
    [
        0.2688226645950821,
        0.3175375223890871,
        0.3811347161765771,
        0.15546678704790937,
        0.3700849775727191,
        0.33548297739974825,
        0.19200321449132043,
        0.1690102160373745,
        0.15780476466190746,
        0.6819735263373499,
        0.17044862679118303,
        0.2923169833417142,
        0.2013140426050801,
        0.3156095293238149,
        0.2773162398327945,
        0.3240068961457456,
        0.22910747341586218,
        0.338381372307933,
        0.2405438174740727,
        0.0,
        0.3021731188408393,
        0.40947570856251997,
        0.2312288841710741,
        0.2619227283475033,
        0.3590351654086268,
        0.39805435008928114,
        0.44304521496118204,
        0.1608692209529219,
        0.5189288095442379,
        0.2795084971874737,
        0.29064180058966055,
        0.296875,
        0.3021731188408393,
        0.14149039278339715,
        0.3365728004459065,
        0.2567449488305466,
        0.4501518840902479,
        0.30935921676911454,
        0.350780380010057,
        0.3583545294118661,
        0.508232998977831,
        0.3329261836353518,
        0.3260516505393654,
        0.3358466446906981,
        0.3391021002220423,
        0.28598445652692384,
        0.7866997421983816,
        0.3284968131504475,
        0.19452968121857395
    ],
    [
        0.19825902406952375,
        0.3167677333236452,
        0.18421603316486868,
        0.3021731188408393,
        0.24803918541230538,
        0.32738010687120256,
        0.2390165396996618,
        0.203125,
        0.30136408628102984,
        0.4770105475773046,
        0.2609889545076573,
        0.14490028899212037,
        0.318305449804115,
        0.3358466446906981,
        0.20904825250405706,
        0.21194781197266463,
        0.1781524101717403,
        0.1690102160373745,
        0.20846350100197397,
        0.3021731188408393,
        0.0,
        0.23075914496745542,
        0.271083618326523,
        0.19702375332685143,
        0.213668661424646,
        0.20551478809321727,
        0.2445699350390395,
        0.1926379375927805,
        0.3194538796915761,
        0.1616262567623219,
        0.22803936748947537,
        0.33438960248488586,
        0.1753901900050285,
        0.2773162398327945,
        0.13799626353637262,
        0.2981060004427955,
        0.25,
        0.26378035962709584,
        0.19390115071860714,
        0.15388840315306412,
        0.3358466446906981,
        0.24902152266420668,
        0.19355108516731298,
        0.20610790559801437,
        0.15934435979977452,
        0.2049199538844375,
        0.6161482547853235,
        0.38305158350410196,
        0.4116231210099841
    ],
    [
        0.22809883792143948,
        0.183404342308948,
        0.12597277731716483,
        0.30329319503209723,
        0.15900351585910155,
        0.19729892630078968,
        0.33467341305036136,
        0.27515581128900607,
        0.42860501273835383,
        0.3891639342338051,
        0.39428837752687784,
        0.21986323874172325,
        0.42939541840502005,
        0.2971489963665815,
        0.16812512907884347,
        0.12926743381240474,
        0.3394618903500067,
        0.1416819844659942,
        0.21072842004316572,
        0.40947570856251997,
        0.23075914496745542,
        0.0,
        0.3347949724997541,
        0.15866193970549808,
        0.11634535366504518,
        0.2023891586221401,
        0.17171709918577643,
        0.27307764018579855,
        0.21201179621924604,
        0.17430417219459907,
        0.16666666666666666,
        0.2788283086317536,
        0.18109727761160116,
        0.3774155419685899,
        0.1405285162836671,
        0.2444589938062778,
        0.19819059990042137,
        0.1800456876817042,
        0.1615423168674044,
        0.16154231686740442,
        0.200233154028553,
        0.14996020884258301,
        0.18872573887493166,
        0.1763926481445427,
        0.1514899955442603,
        0.13926814538667642,
        0.3406584463701632,
        0.33866183764601787,
        0.4265113039077758
    ],
    [
        0.2609889545076573,
        0.22803936748947537,
        0.32700702400713044,
        0.14574029770451274,
        0.4207160005573831,
        0.2390165396996618,
        0.13441133229754104,
        0.213096589015404,
        0.25,
        0.729538595620547,
        0.3347544575879461,
        0.20669932117692114,
        0.17328963291264715,
        0.3198357732884175,
        0.18221724671391565,
        0.28768675999253074,
        0.3329261836353518,
        0.375,
        0.184877493221863,
        0.2312288841710741,
        0.271083618326523,
        0.3347949724997541,
        0.0,
        0.25048780534189685,
        0.2768757054167086,
        0.4945997434795129,
        0.4584812734725378,
        0.20009763241977652,
        0.5622829442327056,
        0.28384222069663984,
        0.19008632907181935,
        0.16535945694153692,
        0.338381372307933,
        0.26238836912104163,
        0.265625,
        0.25194555463432966,
        0.5273292822089439,
        0.3620821945705146,
        0.38337012957454053,
        0.3779183319514945,
        0.5477671294674408,
        0.3128903811640748,
        0.2973315203373351,
        0.4128076504257158,
        0.35561895864815757,
        0.2430679560328757,
        0.820721624166806,
        0.28512949360772905,
        0.21986323874172325
    ],
    [
        0.1788362990978062,
        0.24803918541230538,
        0.2072890493972125,
        0.2543565718140579,
        0.19948664585630788,
        0.1570293065800139,
        0.17608480733726006,
        0.1608692209529219,
        0.3159960690024482,
        0.4198446513295126,
        0.2803806007019744,
        0.20846350100197397,
        0.240035804620894,
        0.28081563680642857,
        0.1660960283239789,
        0.15780476466190746,
        0.24803918541230538,
        0.16755945773068137,
        0.1660960283239789,
        0.2619227283475033,
        0.19702375332685143,
        0.15866193970549808,
        0.25048780534189685,
        0.0,
        0.10126157341262282,
        0.24356964481437338,
        0.2405438174740727,
        0.15068204314051492,
        0.24256522962906288,
        0.18355218944485516,
        0.16237976320958225,
        0.21079277442550065,
        0.1690102160373745,
        0.21986323874172325,
        0.171875,
        0.1711632992203644,
        0.1926379375927805,
        0.1269381000724369,
        0.1711632992203644,
        0.22426093897511443,
        0.258167369404036,
        0.1660960283239789,
        0.2091131239571326,
        0.14490028899212037,
        0.14149039278339715,
        0.09757809372497497,
        0.5142025834970104,
        0.234375,
        0.33946189035000673
    ],
    [
        0.19764235376052372,
        0.19200321449132043,
        0.13710881855300192,
        0.2943975575221371,
        0.18087245160609727,
        0.1711632992203644,
        0.2576941016011038,
        0.2415566380271923,
        0.38590903235088964,
        0.4523160883165665,
        0.3569893643373707,
        0.1926379375927805,
        0.350780380010057,
        0.2692763740564701,
        0.12789613706050704,
        0.120017902310447,
        0.3101473943949876,
        0.15546678704790937,
        0.16973094517500337,
        0.3590351654086268,
        0.213668661424646,
        0.11634535366504518,
        0.2768757054167086,
        0.10126157341262282,
        0.0,
        0.2430679560328757,
        0.20191949973937634,
        0.23175620272173947,
        0.26745691825974516,
        0.17469281074217108,
        0.13258252147247765,
        0.22963966338592295,
        0.1801962905417312,
        0.33511891546136274,
        0.14490028899212037,
        0.1926379375927805,
        0.22534695471649932,
        0.15068204314051492,
        0.15780476466190746,
        0.20669932117692114,
        0.2548360379734389,
        0.14986973510352247,
        0.19996201896304652,
        0.16755945773068137,
        0.14657549249448218,
        0.10597390598633231,
        0.47186465220442186,
        0.26608416196760004,
        0.3542432515235823
    ],
    [
        0.2728788936964528,
        0.23228232417685166,
        0.1690102160373745,
        0.47981726664950275,
        0.1795175827043134,
        0.30378472023786846,
        0.3890593624371479,
        0.29933193844793776,
        0.4539324701979359,
        0.2385052737886523,
        0.3232525135246438,
        0.28641098093474,
        0.48235465751353535,
        0.36843206632973735,
        0.3451675317871019,
        0.21986323874172325,
        0.29315098498896436,
        0.11267347735824966,
        0.2728788936964528,
        0.39805435008928114,
        0.20551478809321727,
        0.2023891586221401,
        0.4945997434795129,
        0.24356964481437338,
        0.2430679560328757,
        0.0,
        0.15229366163764005,
        0.2764344689524083,
        0.16237976320958225,
        0.15857643070456592,
        0.31093357409581873,
        0.4236075534914362,
        0.15068204314051492,
        0.3140586131600278,
        0.18814991529362962,
        0.35869500885153116,
        0.15780476466190746,
        0.265625,
        0.14490028899212037,
        0.17608480733726006,
        0.15309310892394862,
        0.22426093897511443,
        0.19661027175184245,
        0.14740595518838442,
        0.14905300022139775,
        0.2390165396996618,
        0.2679129406169101,
        0.3955934031616301,
        0.5435164728414402
    ],
    [
        0.26745691825974516,
        0.30777680630612825,
        0.11158481919598204,
        0.43694160794092385,
        0.1570293065800139,
        0.2927342811749249,
        0.4276228807313753,
        0.3089643739575811,
        0.46692352492137296,
        0.32923917977664807,
        0.3597145135381668,
        0.2728788936964528,
        0.5139651313562039,
        0.33946189035000673,
        0.29646353064078557,
        0.18355218944485516,
        0.3497348325874905,
        0.14574029770451274,
        0.2786336640644845,
        0.44304521496118204,
        0.2445699350390395,
        0.17171709918577643,
        0.4584812734725378,
        0.2405438174740727,
        0.20191949973937634,
        0.15229366163764005,
        0.0,
        0.29481191037676885,
        0.19452968121857395,
        0.171875,
        0.2872621298570349,
        0.37727176461405115,
        0.171875,
        0.38209435189492136,
        0.17399263633843817,
        0.3121091305537215,
        0.15780476466190746,
        0.2390165396996618,
        0.15780476466190746,
        0.16535945694153692,
        0.15546678704790937,
        0.21986323874172325,
        0.231111538878477,
        0.16387638252658618,
        0.16535945694153692,
        0.20669932117692114,
        0.33438960248488586,
        0.39187300637451417,
        0.5408146343711494
    ],
    [
        0.22696623509896796,
        0.25626905416963636,
        0.26608416196760004,
        0.22371595411369302,
        0.265625,
        0.20372507516258279,
        0.12203515118604147,
        0.12979099785809492,
        0.2170694373351532,
        0.47752208718550393,
        0.20669932117692114,
        0.21930732574403436,
        0.19008632907181935,
        0.3156095293238149,
        0.20009763241977652,
        0.2072890493972125,
        0.20669932117692114,
        0.22207297505549836,
        0.203125,
        0.1608692209529219,
        0.1926379375927805,
        0.27307764018579855,
        0.20009763241977652,
        0.15068204314051492,
        0.23175620272173947,
        0.2764344689524083,
        0.29481191037676885,
        0.0,
        0.3614072970693868,
        0.16461958988832404,
        0.20252314682524564,
        0.25048780534189685,
        0.19452968121857395,
        0.14905300022139775,
        0.22426093897511443,
        0.21194781197266463,
        0.34089725358236606,
        0.2181912506838897,
        0.24951124097923924,
        0.2651650429449553,
        0.34410493039914436,
        0.2390165396996618,
        0.22359466597568417,
        0.2209708691207961,
        0.22316963839196408,
        0.15934435979977452,
        0.5812836011793211,
        0.29933193844793776,
        0.2633171804117612
    ],
    [
        0.4281934251888975,
        0.16682934768798924,
        0.2312288841710741,
        0.547544233372976,
        0.1907274314958391,
        0.26836818808308854,
        0.47981726664950275,
        0.42961647140211,
        0.5755856392623082,
        0.14574029770451274,
        0.4460657007381312,
        0.37856379498705367,
        0.5800222247897058,
        0.48713928962874675,
        0.4178044361600293,
        0.2795084971874737,
        0.4186800314679457,
        0.14740595518838442,
        0.382413695328763,
        0.5189288095442379,
        0.3194538796915761,
        0.21201179621924604,
        0.5622829442327056,
        0.24256522962906288,
        0.26745691825974516,
        0.16237976320958225,
        0.19452968121857395,
        0.3614072970693868,
        0.0,
        0.25194555463432966,
        0.3243834295629171,
        0.436102679279777,
        0.22316963839196408,
        0.41221581119602874,
        0.2786336640644845,
        0.3205981957606749,
        0.09375,
        0.23799290955824715,
        0.214808235701055,
        0.2209708691207961,
        0.09882117688026186,
        0.22696623509896796,
        0.32253842094564655,
        0.1781524101717403,
        0.171875,
        0.26378035962709584,
        0.19825902406952375,
        0.3846416757840991,
        0.5681143425843076
    ],
    [
        0.1711632992203644,
        0.24705294220065463,
        0.15309310892394862,
        0.24754655496491967,
