[
    [
        0.0,
        0.12401959270615269,
        0.4747017978426035,
        0.109375,
        0.09757809372497497,
        0.15309310892394862,
        0.12401959270615269,
        0.10364452469860624,
        0.10126157341262282,
        0.13531646934131855,
        0.15857643070456592,
        0.16755945773068137,
        0.11481983169296148,
        0.12979099785809492,
        0.10364452469860624,
        0.13441133229754104,
        0.18221724671391565,
        0.18619336387207788,
        0.13531646934131855,
        0.1137517170200081,
        0.14149039278339715,
        0.09882117688026186,
        0.07328774624724109,
        0.09110862335695782,
        0.21423920626253262,
        0.5383260367797568,
        0.21021287573552672,
        0.2209708691207961,
        0.1988737822087165,
        0.28384222069663984,
        0.10825317547305482,
        0.18355218944485516,
        0.1335000585205864,
        0.1926379375927805,
        0.21194781197266463,
        0.10004881620988826,
        0.19200321449132043,
        0.16973094517500337,
        0.11692679333668567,
        0.35869500885153116,
        0.14490028899212037,
        0.20372507516258279,
        0.30578727798095195,
        0.0855816496101822,
        0.08838834764831845,
        0.10126157341262282,
        0.14905300022139775,
        0.08118988160479113,
        0.22534695471649932
    ],
    [
        0.12401959270615269,
        0.0,
        0.42561995224613236,
        0.14657549249448218,
        0.09882117688026186,
        0.12203515118604147,
        0.07328774624724109,
        0.0855816496101822,
        0.10825317547305482,
        0.10711960313126631,
        0.1570293065800139,
        0.171875,
        0.11796616305110547,
        0.1711632992203644,
        0.09375,
        0.18087245160609727,
        0.18944305707784595,
        0.18553659510996745,
        0.15934435979977452,
        0.10825317547305482,
        0.17328963291264715,
        0.08838834764831845,
        0.14235052467412967,
        0.08414320011147662,
        0.23696485762661096,
        0.5958023739043006,
        0.2724311839712921,
        0.2096313728906053,
        0.20372507516258279,
        0.28598445652692384,
        0.06810779599282303,
        0.19452968121857395,
        0.12789613706050704,
        0.14320549046737,
        0.2348952559120767,
        0.0924387466109315,
        0.2209708691207961,
        0.21650635094610965,
        0.13710881855300192,
        0.36843206632973735,
        0.15934435979977452,
        0.214808235701055,
        0.3899994991983964,
        0.11692679333668567,
        0.06442352540027595,
        0.10711960313126631,
        0.13258252147247765,
        0.10597390598633231,
        0.11796616305110547
    ],
    [
        0.4747017978426035,
        0.42561995224613236,
        0.0,
        0.2981060004427955,
        0.3899994991983964,
        0.22041774968227945,
        0.350780380010057,
        0.3630921887069453,
        0.3843241836327764,
        0.5179870141953368,
        0.3504322108125907,
        0.31792171795899693,
        0.44304521496118204,
        0.4579484653047764,
        0.4496092053105675,
        0.33034960174790584,
        0.29064180058966055,
        0.2692763740564701,
        0.33620991861484395,
        0.3412551510600243,
        0.2914805954090255,
        0.36677170607204695,
        0.3089643739575811,
        0.43805768027738085,
        0.20551478809321727,
        0.15388840315306412,
        0.21763106683100186,
        0.19136638615493579,
        0.240035804620894,
        0.18288593610499415,
        0.34161267357930386,
        0.24556615071096424,
        0.26052081250832915,
        0.5681143425843076,
        0.2049199538844375,
        0.3423265984407288,
        0.21650635094610965,
        0.265625,
        0.36073113689422487,
        0.14823176532039278,
        0.25194555463432966,
        0.21875,
        0.15467960838455727,
        0.4690103443688636,
        0.4330127018922193,
        0.3792081593597374,
        0.5435164728414402,
        0.41339864235384227,
        0.5840072372197112
    ],
    [
        0.109375,
        0.14657549249448218,
        0.2981060004427955,
        0.0,
        0.11692679333668567,
        0.15309310892394862,
        0.1137517170200081,
        0.11267347735824966,
        0.14149039278339715,
        0.1907274314958391,
        0.18221724671391565,
        0.18814991529362962,
        0.16312978920172735,
        0.14740595518838442,
        0.15388840315306412,
        0.14740595518838442,
        0.11692679333668567,
        0.13621559198564606,
        0.11481983169296148,
        0.14490028899212037,
        0.14823176532039278,
        0.10711960313126631,
        0.11048543456039805,
        0.13441133229754104,
        0.14235052467412967,
        0.4352621336620037,
        0.184877493221863,
        0.19578068884596356,
        0.1767766952966369,
        0.21021287573552672,
        0.11158481919598204,
        0.14905300022139775,
        0.10711960313126631,
        0.2538762001448738,
        0.12401959270615269,
        0.09631896879639025,
        0.13621559198564606,
        0.14986973510352247,
        0.13710881855300192,
        0.2881107642904027,
        0.09882117688026186,
        0.184877493221863,
        0.22642776165920997,
        0.14235052467412967,
        0.12979099785809492,
        0.12979099785809492,
        0.20372507516258279,
        0.11899645477912357,
        0.271083618326523
    ],
    [
        0.09757809372497497,
        0.09882117688026186,
        0.3899994991983964,
        0.11692679333668567,
        0.0,
        0.11267347735824966,
        0.0625,
        0.07654655446197431,
        0.11692679333668567,
        0.15857643070456592,
        0.1307281291459493,
        0.11158481919598204,
        0.11796616305110547,
        0.109375,
        0.09504316453590968,
        0.11267347735824966,
        0.10364452469860624,
        0.1316585902058806,
        0.10004881620988826,
        0.109375,
        0.12203515118604147,
        0.06629126073623882,
        0.11481983169296148,
        0.078125,
        0.1988737822087165,
        0.5314797297404672,
        0.1801962905417312,
        0.14740595518838442,
        0.125,
        0.20432338797846908,
        0.06810779599282303,
        0.14149039278339715,
        0.10825317547305482,
        0.19764235376052372,
        0.19640320453088336,
        0.11267347735824966,
        0.14740595518838442,
        0.16973094517500337,
        0.1137517170200081,
        0.3125,
        0.12597277731716483,
        0.1316585902058806,
        0.28683687110446593,
        0.08838834764831845,
        0.08267972847076846,
        0.06629126073623882,
        0.171875,
        0.09631896879639025,
        0.22857404434887177
    ],
    [
        0.15309310892394862,
        0.12203515118604147,
        0.22041774968227945,
        0.15309310892394862,
        0.11267347735824966,
        0.0,
        0.0855816496101822,
        0.08838834764831845,
        0.10825317547305482,
        0.18814991529362962,
        0.13258252147247765,
        0.16973094517500337,
        0.11158481919598204,
        0.1767766952966369,
        0.10481568644530265,
        0.1753901900050285,
        0.15625,
        0.1660960283239789,
        0.09504316453590968,
        0.08118988160479113,
        0.12103072956898178,
        0.10597390598633231,
        0.12303137303143455,
        0.09757809372497497,
        0.22041774968227945,
        0.37856379498705367,
        0.1711632992203644,
        0.17746588580625855,
        0.10481568644530265,
        0.18154609435347266,
        0.08699631816921909,
        0.1307281291459493,
        0.140625,
        0.20787710461953235,
        0.19578068884596356,
        0.08118988160479113,
        0.12597277731716483,
        0.16461958988832404,
        0.12203515118604147,
        0.24655834121967968,
        0.15934435979977452,
        0.10481568644530265,
        0.240035804620894,
        0.11899645477912357,
        0.11267347735824966,
        0.07328774624724109,
        0.19452968121857395,
        0.11587810136086973,
        0.22480460265528374
    ],
    [
        0.12401959270615269,
        0.07328774624724109,
        0.350780380010057,
        0.1137517170200081,
        0.0625,
        0.0855816496101822,
        0.0,
        0.06051536478449089,
        0.11796616305110547,
        0.15546678704790937,
        0.1316585902058806,
        0.10597390598633231,
        0.12597277731716483,
        0.14657549249448218,
        0.10364452469860624,
        0.1307281291459493,
        0.09110862335695782,
        0.12401959270615269,
        0.09757809372497497,
        0.08838834764831845,
        0.12979099785809492,
        0.07967217989988726,
        0.11048543456039805,
        0.08699631816921909,
        0.18814991529362962,
        0.5139651313562039,
        0.16973094517500337,
        0.12789613706050704,
        0.11158481919598204,
        0.18288593610499415,
        0.04133986423538423,
        0.1288470508005519,
        0.10004881620988826,
        0.19390115071860714,
        0.184877493221863,
        0.109375,
        0.1307281291459493,
        0.1690102160373745,
        0.12597277731716483,
        0.298923851089203,
        0.1269381000724369,
        0.11587810136086973,
        0.2773162398327945,
        0.11481983169296148,
        0.06987712429686843,
        0.08414320011147662,
        0.1767766952966369,
        0.11048543456039805,
        0.20009763241977652
    ],
    [
        0.10364452469860624,
        0.0855816496101822,
        0.3630921887069453,
        0.11267347735824966,
        0.07654655446197431,
        0.08838834764831845,
        0.06051536478449089,
        0.0,
        0.09110862335695782,
        0.15934435979977452,
        0.12103072956898178,
        0.13710881855300192,
        0.10825317547305482,
        0.1288470508005519,
        0.09375,
        0.13799626353637262,
        0.12789613706050704,
        0.13975424859373686,
        0.11158481919598204,
        0.0625,
        0.11048543456039805,
        0.04941058844013093,
        0.0924387466109315,
        0.08699631816921909,
        0.18619336387207788,
        0.5158616881005993,
        0.18814991529362962,
        0.18619336387207788,
        0.13258252147247765,
        0.22696623509896796,
        0.06442352540027595,
        0.13710881855300192,
        0.09757809372497497,
        0.2153757617514097,
        0.18087245160609727,
        0.078125,
        0.14490028899212037,
        0.15780476466190746,
        0.09631896879639025,
        0.3089643739575811,
        0.11158481919598204,
        0.140625,
        0.293567097313374,
        0.10364452469860624,
        0.06442352540027595,
        0.08414320011147662,
        0.1801962905417312,
        0.09375,
        0.23696485762661096
    ],
    [
        0.10126157341262282,
        0.10825317547305482,
        0.3843241836327764,
        0.14149039278339715,
        0.11692679333668567,
        0.10825317547305482,
        0.11796616305110547,
        0.09110862335695782,
        0.0,
        0.14657549249448218,
        0.10126157341262282,
        0.1616262567623219,
        0.071602745233685,
        0.14905300022139775,
        0.09375,
        0.15388840315306412,
        0.15625,
        0.19008632907181935,
        0.12979099785809492,
        0.0625,
        0.11048543456039805,
        0.09110862335695782,
        0.10004881620988826,
        0.08118988160479113,
        0.22696623509896796,
        0.5247767382420833,
        0.21875,
        0.23333100817293873,
        0.14235052467412967,
        0.258167369404036,
        0.10597390598633231,
        0.16461958988832404,
        0.14986973510352247,
        0.17399263633843817,
        0.22262198201210948,
        0.0855816496101822,
        0.1781524101717403,
        0.1316585902058806,
        0.09110862335695782,
        0.3476343040826092,
        0.17608480733726006,
        0.14657549249448218,
        0.31054073303674673,
        0.08699631816921909,
        0.08838834764831845,
        0.09110862335695782,
        0.15309310892394862,
        0.071602745233685,
        0.2181912506838897
    ],
    [
        0.13531646934131855,
        0.10711960313126631,
        0.5179870141953368,
        0.1907274314958391,
        0.15857643070456592,
        0.18814991529362962,
        0.15546678704790937,
        0.15934435979977452,
        0.14657549249448218,
        0.0,
        0.1926379375927805,
        0.22316963839196408,
        0.1137517170200081,
        0.1875,
        0.10711960313126631,
        0.22857404434887177,
        0.2790714234295586,
        0.265625,
        0.21930732574403436,
        0.15229366163764005,
        0.2125229766989913,
        0.1316585902058806,
        0.18154609435347266,
        0.11481983169296148,
        0.28853414550967793,
        0.6664021285042538,
        0.3347544575879461,
        0.301768873684812,
        0.2642427269576213,
        0.3597145135381668,
        0.15309310892394862,
        0.25048780534189685,
        0.20669932117692114,
        0.05846339666834283,
        0.29481191037676885,
        0.12401959270615269,
        0.3049878327491115,
        0.2460627460628691,
        0.1788362990978062,
        0.460075995760483,
        0.225888004606265,
        0.2614562582918986,
        0.449880626527749,
        0.11267347735824966,
        0.11587810136086973,
        0.15309310892394862,
        0.04133986423538423,
        0.11481983169296148,
        0.07967217989988726
    ],
    [
        0.15857643070456592,
        0.1570293065800139,
        0.3504322108125907,
        0.18221724671391565,
        0.1307281291459493,
        0.13258252147247765,
        0.1316585902058806,
        0.12103072956898178,
        0.10126157341262282,
        0.1926379375927805,
        0.0,
        0.12203515118604147,
        0.10825317547305482,
        0.1616262567623219,
        0.12789613706050704,
        0.1335000585205864,
        0.14405538214520136,
        0.21650635094610965,
        0.13531646934131855,
        0.1137517170200081,
        0.11587810136086973,
        0.125,
        0.15780476466190746,
        0.12401959270615269,
        0.2576941016011038,
        0.5191639914323797,
        0.18421603316486868,
        0.22696623509896796,
        0.10825317547305482,
        0.21930732574403436,
        0.12203515118604147,
        0.14823176532039278,
        0.19327057620082783,
        0.2170694373351532,
        0.2688226645950821,
        0.14235052467412967,
        0.16755945773068137,
        0.15068204314051492,
        0.10711960313126631,
        0.34481369516740484,
        0.2125229766989913,
        0.10481568644530265,
        0.31868871959954903,
        0.1307281291459493,
        0.13710881855300192,
        0.10711960313126631,
        0.20372507516258279,
        0.12401959270615269,
        0.26005182776708186
    ],
    [
        0.16755945773068137,
        0.171875,
        0.31792171795899693,
        0.18814991529362962,
        0.11158481919598204,
        0.16973094517500337,
        0.10597390598633231,
        0.13710881855300192,
        0.1616262567623219,
        0.22316963839196408,
        0.12203515118604147,
        0.0,
        0.14986973510352247,
        0.15388840315306412,
        0.14823176532039278,
        0.11481983169296148,
        0.15780476466190746,
        0.1767766952966369,
        0.1570293065800139,
        0.16682934768798924,
        0.13710881855300192,
        0.1316585902058806,
        0.15780476466190746,
        0.12979099785809492,
        0.2543565718140579,
        0.4590134631740119,
        0.13531646934131855,
        0.14320549046737,
        0.18421603316486868,
        0.17399263633843817,
        0.109375,
        0.16461958988832404,
        0.17469281074217108,
        0.26378035962709584,
        0.25911131174651564,
        0.1753901900050285,
        0.14823176532039278,
        0.20551478809321727,
        0.13710881855300192,
        0.28512949360772905,
        0.19948664585630788,
        0.12789613706050704,
        0.2692763740564701,
        0.12979099785809492,
        0.140625,
        0.12203515118604147,
        0.23799290955824715,
        0.15229366163764005,
        0.2781952158557009
    ],
    [
        0.11481983169296148,
        0.11796616305110547,
        0.44304521496118204,
        0.16312978920172735,
        0.11796616305110547,
        0.11158481919598204,
        0.12597277731716483,
        0.10825317547305482,
        0.071602745233685,
        0.1137517170200081,
        0.10825317547305482,
        0.14986973510352247,
        0.0,
        0.140625,
        0.06629126073623882,
        0.16010860571811872,
        0.1788362990978062,
        0.203125,
        0.13531646934131855,
        0.0855816496101822,
        0.1316585902058806,
        0.11158481919598204,
        0.13531646934131855,
        0.08118988160479113,
        0.26052081250832915,
        0.6015117673412549,
        0.26745691825974516,
        0.23644915547533682,
        0.15625,
        0.2647042866577721,
        0.10481568644530265,
        0.18553659510996745,
        0.1795175827043134,
        0.12979099785809492,
        0.2706329386826371,
        0.09375,
        0.23017062285400366,
        0.17399263633843817,
        0.109375,
        0.39713328209808857,
        0.19702375332685143,
        0.1570293065800139,
        0.3651037951733726,
        0.07654655446197431,
        0.09375,
        0.08118988160479113,
        0.1269381000724369,
        0.06987712429686843,
        0.1660960283239789
    ],
    [
        0.12979099785809492,
        0.1711632992203644,
        0.4579484653047764,
        0.14740595518838442,
        0.109375,
        0.1767766952966369,
        0.14657549249448218,
        0.1288470508005519,
        0.14905300022139775,
        0.1875,
        0.1616262567623219,
        0.15388840315306412,
        0.140625,
        0.0,
        0.140625,
        0.13531646934131855,
        0.1690102160373745,
        0.1781524101717403,
        0.14986973510352247,
        0.14657549249448218,
        0.12303137303143455,
        0.12103072956898178,
        0.13799626353637262,
        0.12401959270615269,
        0.21763106683100186,
        0.578125,
        0.23385358667337133,
        0.23017062285400366,
        0.17608480733726006,
        0.2821167200823092,
        0.15068204314051492,
        0.16237976320958225,
        0.1660960283239789,
        0.25194555463432966,
        0.23070036031614688,
        0.13710881855300192,
        0.20610790559801437,
        0.15467960838455727,
        0.11899645477912357,
        0.3736956482219187,
        0.1570293065800139,
        0.17328963291264715,
        0.31715286140913185,
        0.12303137303143455,
        0.15229366163764005,
        0.11158481919598204,
        0.19702375332685143,
        0.12103072956898178,
        0.28641098093474
    ],
    [
        0.10364452469860624,
        0.09375,
        0.4496092053105675,
        0.15388840315306412,
        0.09504316453590968,
        0.10481568644530265,
        0.10364452469860624,
        0.09375,
        0.09375,
        0.10711960313126631,
        0.12789613706050704,
        0.14823176532039278,
        0.06629126073623882,
        0.140625,
        0.0,
        0.16682934768798924,
        0.18087245160609727,
        0.1788362990978062,
        0.1307281291459493,
        0.06051536478449089,
        0.13441133229754104,
        0.08699631816921909,
        0.14574029770451274,
        0.06051536478449089,
        0.24754655496491967,
        0.6228478571248359,
        0.2609889545076573,
        0.2181912506838897,
        0.14740595518838442,
        0.25242960033442985,
        0.09110862335695782,
        0.16755945773068137,
        0.1570293065800139,
        0.125,
        0.273772116686488,
        0.09631896879639025,
        0.22426093897511443,
        0.171875,
        0.11158481919598204,
        0.39989012162717896,
        0.17746588580625855,
        0.16237976320958225,
        0.3965180481390475,
        0.0625,
        0.071602745233685,
        0.06987712429686843,
        0.125,
        0.08414320011147662,
        0.15625
    ],
    [
        0.13441133229754104,
        0.18087245160609727,
        0.33034960174790584,
        0.14740595518838442,
        0.11267347735824966,
        0.1753901900050285,
        0.1307281291459493,
        0.13799626353637262,
        0.15388840315306412,
        0.22857404434887177,
        0.1335000585205864,
        0.11481983169296148,
        0.16010860571811872,
        0.13531646934131855,
        0.16682934768798924,
        0.0,
        0.1335000585205864,
        0.1801962905417312,
        0.1514899955442603,
        0.16010860571811872,
        0.10126157341262282,
        0.12401959270615269,
        0.14823176532039278,
        0.15546678704790937,
        0.22963966338592295,
        0.4416654382844553,
        0.15780476466190746,
        0.16010860571811872,
        0.17746588580625855,
        0.19764235376052372,
        0.13531646934131855,
        0.15467960838455727,
        0.15934435979977452,
        0.2715335499528557,
        0.22696623509896796,
        0.16535945694153692,
        0.15068204314051492,
        0.15934435979977452,
        0.15857643070456592,
        0.2755498763835687,
        0.171875,
        0.14823176532039278,
        0.23696485762661096,
        0.14149039278339715,
        0.15857643070456592,
        0.1269381000724369,
        0.24356964481437338,
        0.14149039278339715,
        0.2981060004427955
    ],
    [
        0.18221724671391565,
        0.18944305707784595,
        0.29064180058966055,
        0.11692679333668567,
        0.10364452469860624,
        0.15625,
        0.09110862335695782,
        0.12789613706050704,
        0.15625,
        0.2790714234295586,
        0.14405538214520136,
        0.15780476466190746,
        0.1788362990978062,
        0.1690102160373745,
        0.18087245160609727,
        0.1335000585205864,
        0.0,
        0.1335000585205864,
        0.13531646934131855,
        0.14823176532039278,
        0.11158481919598204,
        0.12203515118604147,
        0.16973094517500337,
        0.16237976320958225,
        0.18553659510996745,
        0.41251183695137766,
        0.13441133229754104,
        0.14740595518838442,
        0.13799626353637262,
        0.1711632992203644,
        0.11796616305110547,
        0.11267347735824966,
        0.1335000585205864,
        0.3243834295629171,
        0.1875,
        0.16828640022295324,
        0.078125,
        0.1616262567623219,
        0.14149039278339715,
        0.25291271962872885,
        0.12979099785809492,
        0.13621559198564606,
        0.20787710461953235,
        0.16535945694153692,
        0.15388840315306412,
        0.12401959270615269,
        0.2939826206597934,
        0.16755945773068137,
        0.3472829807952011
    ],
    [
        0.18619336387207788,
        0.18553659510996745,
        0.2692763740564701,
        0.13621559198564606,
        0.1316585902058806,
        0.1660960283239789,
        0.12401959270615269,
        0.13975424859373686,
        0.19008632907181935,
        0.265625,
        0.21650635094610965,
        0.1767766952966369,
        0.203125,
        0.1781524101717403,
        0.1788362990978062,
        0.1801962905417312,
        0.1335000585205864,
        0.0,
        0.140625,
        0.16828640022295324,
        0.16973094517500337,
        0.1269381000724369,
        0.1514899955442603,
        0.16461958988832404,
        0.15780476466190746,
        0.32960973608951544,
        0.1795175827043134,
        0.12789613706050704,
        0.17258376589355096,
        0.1753901900050285,
        0.12303137303143455,
        0.1570293065800139,
        0.10597390598633231,
        0.28168369339562416,
        0.1660960283239789,
        0.16010860571811872,
        0.14320549046737,
        0.20372507516258279,
        0.18553659510996745,
        0.2181912506838897,
        0.11796616305110547,
        0.1907274314958391,
        0.18288593610499415,
        0.17399263633843817,
        0.16312978920172735,
        0.13441133229754104,
        0.2755498763835687,
        0.17044862679118303,
        0.30055287596361474
    ],
    [
        0.13531646934131855,
        0.15934435979977452,
        0.33620991861484395,
        0.11481983169296148,
        0.10004881620988826,
        0.09504316453590968,
        0.09757809372497497,
        0.11158481919598204,
        0.12979099785809492,
        0.21930732574403436,
        0.13531646934131855,
        0.1570293065800139,
        0.13531646934131855,
        0.14986973510352247,
        0.1307281291459493,
        0.1514899955442603,
        0.13531646934131855,
        0.140625,
        0.0,
        0.109375,
        0.120017902310447,
        0.109375,
        0.15309310892394862,
        0.1137517170200081,
        0.1988737822087165,
        0.4921254921257382,
        0.2125229766989913,
        0.1767766952966369,
        0.10004881620988826,
        0.16312978920172735,
        0.10245997694221876,
        0.10711960313126631,
        0.14320549046737,
        0.2395267143243108,
        0.213096589015404,
        0.10004881620988826,
        0.17399263633843817,
        0.14149039278339715,
        0.11692679333668567,
        0.3419698223162389,
        0.14986973510352247,
        0.13531646934131855,
        0.28555729503901667,
        0.11796616305110547,
        0.1288470508005519,
        0.08414320011147662,
        0.22426093897511443,
        0.1307281291459493,
        0.26005182776708186
    ],
    [
        0.1137517170200081,
        0.10825317547305482,
        0.3412551510600243,
        0.14490028899212037,
        0.109375,
        0.08118988160479113,
        0.08838834764831845,
        0.0625,
        0.0625,
        0.15229366163764005,
        0.1137517170200081,
        0.16682934768798924,
        0.0855816496101822,
        0.14657549249448218,
        0.06051536478449089,
        0.16010860571811872,
        0.14823176532039278,
        0.16828640022295324,
        0.109375,
        0.0,
        0.11899645477912357,
        0.08267972847076846,
        0.10711960313126631,
        0.071602745233685,
        0.2153757617514097,
        0.5139651313562039,
        0.19948664585630788,
        0.19948664585630788,
        0.11267347735824966,
        0.21875,
        0.06629126073623882,
        0.14320549046737,
        0.13621559198564606,
        0.1926379375927805,
        0.21021287573552672,
        0.08267972847076846,
        0.1616262567623219,
        0.14574029770451274,
        0.10004881620988826,
        0.3284968131504475,
        0.1608692209529219,
        0.13975424859373686,
        0.30935921676911454,
        0.08838834764831845,
        0.08699631816921909,
        0.07967217989988726,
        0.1616262567623219,
        0.09375,
        0.2275034340400162
    ],
    [
        0.14149039278339715,
        0.17328963291264715,
        0.2914805954090255,
        0.14823176532039278,
        0.12203515118604147,
        0.12103072956898178,
        0.12979099785809492,
        0.11048543456039805,
        0.11048543456039805,
        0.2125229766989913,
        0.11587810136086973,
        0.13710881855300192,
        0.1316585902058806,
        0.12303137303143455,
        0.13441133229754104,
        0.10126157341262282,
        0.11158481919598204,
        0.16973094517500337,
        0.120017902310447,
        0.11899645477912357,
        0.0,
        0.11587810136086973,
        0.13531646934131855,
        0.13621559198564606,
        0.234375,
        0.4444207079164966,
        0.15934435979977452,
        0.20252314682524564,
        0.10711960313126631,
        0.1926379375927805,
        0.12303137303143455,
        0.12597277731716483,
        0.15857643070456592,
        0.2665425329567497,
        0.2348952559120767,
        0.13710881855300192,
        0.14149039278339715,
        0.13531646934131855,
        0.12103072956898178,
        0.29315098498896436,
        0.18087245160609727,
        0.11796616305110547,
        0.2572199630180364,
        0.14905300022139775,
        0.14823176532039278,
        0.10711960313126631,
        0.22696623509896796,
        0.12103072956898178,
        0.29646353064078557
    ],
    [
        0.09882117688026186,
        0.08838834764831845,
        0.36677170607204695,
        0.10711960313126631,
        0.06629126073623882,
        0.10597390598633231,
        0.07967217989988726,
        0.04941058844013093,
        0.09110862335695782,
        0.1316585902058806,
        0.125,
        0.1316585902058806,
        0.11158481919598204,
        0.12103072956898178,
        0.08699631816921909,
        0.12401959270615269,
        0.12203515118604147,
        0.1269381000724369,
        0.109375,
        0.08267972847076846,
        0.11587810136086973,
        0.0,
        0.06629126073623882,
        0.06442352540027595,
        0.18814991529362962,
        0.5084731279772806,
        0.18221724671391565,
        0.1926379375927805,
        0.14905300022139775,
        0.23644915547533682,
        0.0625,
        0.14149039278339715,
        0.10597390598633231,
        0.19200321449132043,
        0.19702375332685143,
        0.08267972847076846,
        0.15309310892394862,
        0.14823176532039278,
        0.08838834764831845,
        0.33108781406901705,
        0.12303137303143455,
        0.14823176532039278,
        0.3049878327491115,
        0.09631896879639025,
        0.07654655446197431,
        0.08118988160479113,
        0.14574029770451274,
        0.07493486755176124,
        0.21194781197266463
    ],
    [
        0.07328774624724109,
        0.14235052467412967,
        0.3089643739575811,
        0.11048543456039805,
        0.11481983169296148,
        0.12303137303143455,
        0.11048543456039805,
        0.0924387466109315,
        0.10004881620988826,
        0.18154609435347266,
        0.15780476466190746,
        0.15780476466190746,
        0.13531646934131855,
        0.13799626353637262,
        0.14574029770451274,
        0.14823176532039278,
        0.16973094517500337,
        0.1514899955442603,
        0.15309310892394862,
        0.10711960313126631,
        0.13531646934131855,
        0.06629126073623882,
        0.0,
        0.11899645477912357,
        0.1788362990978062,
        0.4321661464356041,
        0.1711632992203644,
        0.20904825250405706,
        0.1690102160373745,
        0.24407030237208294,
        0.09631896879639025,
        0.15780476466190746,
        0.10364452469860624,
        0.26972932033800107,
        0.15546678704790937,
        0.08699631816921909,
        0.14657549249448218,
        0.15625,
        0.09757809372497497,
        0.29933193844793776,
        0.1288470508005519,
        0.16535945694153692,
        0.255314603724503,
        0.11899645477912357,
        0.1137517170200081,
        0.13258252147247765,
        0.18421603316486868,
        0.08838834764831845,
        0.2706329386826371
    ],
    [
        0.09110862335695782,
        0.08414320011147662,
        0.43805768027738085,
        0.13441133229754104,
        0.078125,
        0.09757809372497497,
        0.08699631816921909,
        0.08699631816921909,
        0.08118988160479113,
        0.11481983169296148,
        0.12401959270615269,
        0.12979099785809492,
        0.08118988160479113,
        0.12401959270615269,
        0.06051536478449089,
        0.15546678704790937,
        0.16237976320958225,
        0.16461958988832404,
        0.1137517170200081,
        0.071602745233685,
        0.13621559198564606,
        0.06442352540027595,
        0.11899645477912357,
        0.0,
        0.23593232610221093,
        0.5958023739043006,
        0.24556615071096424,
        0.20669932117692114,
        0.14905300022139775,
        0.240035804620894,
        0.07967217989988726,
        0.16312978920172735,
        0.14490028899212037,
        0.12979099785809492,
        0.24655834121967968,
        0.09882117688026186,
        0.21423920626253262,
        0.1788362990978062,
        0.10711960313126631,
        0.3862252216971336,
        0.17044862679118303,
        0.16237976320958225,
        0.3627558364451219,
        0.04419417382415922,
        0.06442352540027595,
        0.071602745233685,
        0.1288470508005519,
        0.071602745233685,
        0.14986973510352247
    ],
    [
        0.21423920626253262,
        0.23696485762661096,
        0.20551478809321727,
        0.14235052467412967,
        0.1988737822087165,
        0.22041774968227945,
        0.18814991529362962,
        0.18619336387207788,
        0.22696623509896796,
        0.28853414550967793,
        0.2576941016011038,
        0.2543565718140579,
        0.26052081250832915,
        0.21763106683100186,
        0.24754655496491967,
        0.22963966338592295,
        0.18553659510996745,
        0.15780476466190746,
        0.1988737822087165,
        0.2153757617514097,
        0.234375,
        0.18814991529362962,
        0.1788362990978062,
        0.23593232610221093,
        0.0,
        0.22316963839196408,
        0.18421603316486868,
        0.214808235701055,
        0.22480460265528374,
        0.18684782411095935,
        0.19200321449132043,
        0.16312978920172735,
        0.1137517170200081,
        0.35458767868469426,
        0.07967217989988726,
        0.18087245160609727,
        0.18087245160609727,
        0.21137108216357317,
        0.2013140426050801,
        0.19948664585630788,
        0.12401959270615269,
        0.2348952559120767,
        0.20610790559801437,
        0.24803918541230538,
        0.21986323874172325,
        0.21079277442550065,
        0.301768873684812,
        0.2072890493972125,
        0.3714020101251473
    ],
    [
        0.5383260367797568,
        0.5958023739043006,
        0.15388840315306412,
        0.4352621336620037,
        0.5314797297404672,
        0.37856379498705367,
        0.5139651313562039,
        0.5158616881005993,
        0.5247767382420833,
        0.6664021285042538,
        0.5191639914323797,
        0.4590134631740119,
        0.6015117673412549,
        0.578125,
        0.6228478571248359,
        0.4416654382844553,
        0.41251183695137766,
        0.32960973608951544,
        0.4921254921257382,
        0.5139651313562039,
        0.4444207079164966,
        0.5084731279772806,
        0.4321661464356041,
        0.5958023739043006,
        0.22316963839196408,
        0.0,
        0.35251606789620243,
        0.32738010687120256,
        0.4166341133116682,
        0.33693529145074724,
        0.5125381083392727,
        0.39866721319290854,
        0.3486861500690843,
        0.7451011885978978,
        0.24803918541230538,
        0.5024354747129227,
        0.338381372307933,
        0.39958474539201316,
        0.5146771591250189,
        0.19327057620082783,
        0.31093357409581873,
        0.38177474133970674,
        0.23175620272173947,
        0.6049518963314356,
        0.5753735199850615,
        0.5482126497765261,
        0.6839396446324778,
        0.5530896881383706,
        0.7537341934495211
    ],
    [
        0.21021287573552672,
        0.2724311839712921,
        0.21763106683100186,
        0.184877493221863,
        0.1801962905417312,
        0.1711632992203644,
        0.16973094517500337,
        0.18814991529362962,
        0.21875,
        0.3347544575879461,
        0.18421603316486868,
        0.13531646934131855,
        0.26745691825974516,
        0.23385358667337133,
        0.2609889545076573,
        0.15780476466190746,
        0.13441133229754104,
        0.1795175827043134,
        0.2125229766989913,
        0.19948664585630788,
        0.15934435979977452,
        0.18221724671391565,
        0.1711632992203644,
        0.24556615071096424,
        0.18421603316486868,
        0.35251606789620243,
        0.0,
        0.12401959270615269,
        0.1616262567623219,
        0.14823176532039278,
        0.1801962905417312,
        0.1288470508005519,
        0.16535945694153692,
        0.41339864235384227,
        0.19702375332685143,
        0.2096313728906053,
        0.09882117688026186,
        0.18944305707784595,
        0.18944305707784595,
        0.22262198201210948,
        0.1711632992203644,
        0.13531646934131855,
        0.16461958988832404,
        0.2509746625657658,
        0.23280725665236468,
        0.19640320453088336,
        0.35008369535012623,
        0.22910747341586218,
        0.4352621336620037
    ],
    [
        0.2209708691207961,
        0.2096313728906053,
        0.19136638615493579,
        0.19578068884596356,
        0.14740595518838442,
        0.17746588580625855,
        0.12789613706050704,
        0.18619336387207788,
        0.23333100817293873,
        0.301768873684812,
        0.22696623509896796,
        0.14320549046737,
        0.23644915547533682,
        0.23017062285400366,
        0.2181912506838897,
        0.16010860571811872,
        0.14740595518838442,
        0.12789613706050704,
        0.1767766952966369,
        0.19948664585630788,
        0.20252314682524564,
        0.1926379375927805,
        0.20904825250405706,
        0.20669932117692114,
        0.214808235701055,
        0.32738010687120256,
        0.12401959270615269,
        0.0,
        0.16755945773068137,
        0.10825317547305482,
        0.14574029770451274,
        0.1690102160373745,
        0.16973094517500337,
        0.3113259194558012,
        0.2153757617514097,
        0.20904825250405706,
        0.11267347735824966,
        0.234375,
        0.23333100817293873,
        0.20070675904164265,
        0.19640320453088336,
        0.17044862679118303,
        0.1781524101717403,
        0.2096313728906053,
        0.1926379375927805,
        0.1795175827043134,
        0.31792171795899693,
        0.225888004606265,
        0.3205981957606749
    ],
    [
        0.1988737822087165,
        0.20372507516258279,
        0.240035804620894,
        0.1767766952966369,
        0.125,
        0.10481568644530265,
        0.11158481919598204,
        0.13258252147247765,
        0.14235052467412967,
        0.2642427269576213,
        0.10825317547305482,
        0.18421603316486868,
        0.15625,
        0.17608480733726006,
        0.14740595518838442,
        0.17746588580625855,
        0.13799626353637262,
        0.17258376589355096,
        0.10004881620988826,
        0.11267347735824966,
        0.10711960313126631,
        0.14905300022139775,
        0.1690102160373745,
        0.14905300022139775,
        0.22480460265528374,
        0.4166341133116682,
        0.1616262567623219,
        0.16755945773068137,
        0.0,
        0.13441133229754104,
        0.11796616305110547,
        0.08838834764831845,
        0.17399263633843817,
        0.297285899850632,
        0.23280725665236468,
        0.13799626353637262,
        0.14149039278339715,
        0.12789613706050704,
        0.1316585902058806,
        0.2651650429449553,
        0.18087245160609727,
        0.0924387466109315,
        0.25242960033442985,
        0.16237976320958225,
        0.17399263633843817,
        0.10245997694221876,
        0.27198273727389394,
        0.16312978920172735,
        0.32775276505317236
    ],
    [
        0.28384222069663984,
        0.28598445652692384,
        0.18288593610499415,
        0.21021287573552672,
        0.20432338797846908,
        0.18154609435347266,
        0.18288593610499415,
        0.22696623509896796,
        0.258167369404036,
