[
    [
        0.0,
        1.2808688457449497,
        1.4142135623730951,
        2.875,
        1.648863244784115,
        1.4737282653189494,
        1.7275343701356567,
        1.571225636247067,
        1.6298006013006623,
        1.5461646096066226,
        0.8385254915624212,
        1.5309310892394863,
        1.6105123408406408,
        1.3287682265918312,
        1.4415703243338496,
        1.231107225224513,
        1.7365554986812255,
        1.8371173070873836,
        1.8708286933869707,
        1.6345871038277526,
        1.6345871038277526,
        1.7721808598447282,
        1.625,
        1.541103500742244,
        1.4252192813739224,
        2.03100960115899,
        3.5685256059050494,
        2.2707377655731187,
        2.225561726845607,
        2.1102428770167667,
        2.4302777619029476,
        1.4469796128487782,
        2.019436802675439,
        1.8027756377319946,
        0.30618621784789724,
        2.1028254801575903,
        1.3635890143294642,
        2.027159342528357,
        1.8200274723201295,
        1.5761900266148114,
        2.797878660699924,
        1.7721808598447282,
        2.1360009363293826,
        2.7012728481217887,
        1.2930100540985752,
        1.2119199643540823,
        1.4252192813739224,
        0.8003905296791061,
        1.357847561400027,
        0.25
    ],
    [
        1.2808688457449497,
        0.0,
        0.8926785535678563,
        1.3863170633011772,
        0.9682458365518543,
        0.6123724356957945,
        0.7905694150420949,
        0.7071067811865476,
        0.7905694150420949,
        0.7905694150420949,
        0.6373774391990981,
        0.6959705453537527,
        0.8100925873009825,
        0.8003905296791061,
        0.6959705453537527,
        0.57282196186948,
        0.8100925873009825,
        0.81967981553775,
        0.9270248108869579,
        0.8477912478906585,
        0.82915619758885,
        0.7806247497997998,
        0.7806247497997998,
        0.739509972887452,
        0.7288689868556626,
        1.0,
        1.695582495781317,
        1.2054563451241194,
        1.1989578808281798,
        1.0383279828647594,
        1.159202311936963,
        0.6373774391990981,
        1.0532687216470449,
        1.0532687216470449,
        1.118033988749895,
        1.1524430571616109,
        0.649519052838329,
        1.0,
        0.7806247497997998,
        0.7180703308172536,
        1.5662455107677085,
        0.8569568250501305,
        1.0680004681646913,
        1.5258194519667128,
        0.7071067811865476,
        0.6373774391990981,
        0.7905694150420949,
        0.6959705453537527,
        0.82915619758885,
        1.0680004681646913
    ],
    [
        1.4142135623730951,
        0.8926785535678563,
        0.0,
        1.4415703243338496,
        0.7180703308172536,
        0.960143218483576,
        0.9354143466934853,
        0.9921567416492215,
        1.0897247358851685,
        0.9013878188659973,
        0.8660254037844386,
        1.0307764064044151,
        1.0680004681646913,
        0.7180703308172536,
        0.960143218483576,
        0.9762812094883317,
        1.1524430571616109,
        1.0383279828647594,
        1.1110243021644486,
        0.9762812094883317,
        0.8569568250501305,
        1.0,
        0.9682458365518543,
        0.8660254037844386,
        1.0825317547305484,
        1.0968705484240153,
        1.7897276329095442,
        1.0752906583803283,
        1.3169567191065923,
        1.2183492931011204,
        1.340475661845451,
        0.8477912478906585,
        1.1110243021644486,
        0.875,
        1.2686114456365274,
        1.015504800579495,
        0.8838834764831844,
        1.125,
        1.0307764064044151,
        0.9921567416492215,
        1.3169567191065923,
        0.9842509842514764,
        1.0307764064044151,
        1.4197270864500684,
        0.9185586535436918,
        0.7806247497997998,
        0.875,
        0.875,
        0.7071067811865476,
        1.2183492931011204
    ],
    [
        2.875,
        1.3863170633011772,
        1.4415703243338496,
        0.0,
        1.352081728298996,
        1.340475661845451,
        1.1858541225631423,
        1.3635890143294642,
        1.375,
        1.2686114456365274,
        1.571225636247067,
        1.3919410907075054,
        1.3919410907075054,
        1.4142135623730951,
        1.3169567191065923,
        1.4361406616345072,
        1.4142135623730951,
        1.2808688457449497,
        1.1792476415070754,
        1.2624381172952597,
        1.5,
        1.2930100540985752,
        1.2374368670764582,
        1.352081728298996,
        1.4684175155588413,
        1.2374368670764582,
        1.3693063937629153,
        1.2054563451241194,
        1.224744871391589,
        1.224744871391589,
        1.1524430571616109,
        1.2930100540985752,
        1.2054563451241194,
        1.3863170633011772,
        1.8371173070873836,
        1.2808688457449497,
        1.3693063937629153,
        1.2374368670764582,
        1.1388041973930374,
        1.357847561400027,
        1.6393596310755,
        1.2930100540985752,
        1.357847561400027,
        1.3110110602126894,
        1.352081728298996,
        1.4684175155588413,
        1.4523687548277813,
        1.5360257159305635,
        1.4415703243338496,
        1.8498310733685928
    ],
    [
        1.648863244784115,
        0.9682458365518543,
        0.7180703308172536,
        1.352081728298996,
        0.0,
        0.9842509842514764,
        0.960143218483576,
        1.0606601717798212,
        1.0752906583803283,
        0.9185586535436918,
        0.9519716382329886,
        1.103970108290981,
        1.0825317547305484,
        0.8100925873009825,
        1.0307764064044151,
        0.9842509842514764,
        1.1792476415070754,
        1.0231690964840563,
        1.0897247358851685,
        1.015504800579495,
        0.8569568250501305,
        1.0458250331675945,
        1.0307764064044151,
        0.960143218483576,
        1.0680004681646913,
        1.0532687216470449,
        1.713913650100261,
        1.0458250331675945,
        1.1989578808281798,
        1.231107225224513,
        1.2562344526401112,
        0.9354143466934853,
        1.0968705484240153,
        0.9013878188659973,
        1.2747548783981961,
        0.9519716382329886,
        0.9185586535436918,
        1.0897247358851685,
        1.0383279828647594,
        1.0383279828647594,
        1.2686114456365274,
        1.015504800579495,
        1.0897247358851685,
        1.3287682265918312,
        0.9437293044088437,
        0.81967981553775,
        0.9842509842514764,
        0.9682458365518543,
        0.739509972887452,
        1.2183492931011204
    ],
    [
        1.4737282653189494,
        0.6123724356957945,
        0.960143218483576,
        1.340475661845451,
        0.9842509842514764,
        0.0,
        0.9185586535436918,
        0.6614378277661477,
        0.75,
        0.8569568250501305,
        0.8385254915624212,
        0.7180703308172536,
        0.7180703308172536,
        0.8926785535678563,
        0.7180703308172536,
        0.673145600891813,
        0.8003905296791061,
        0.8003905296791061,
        0.8926785535678563,
        0.8926785535678563,
        0.8569568250501305,
        0.7288689868556626,
        0.739509972887452,
        0.75,
        0.7180703308172536,
        0.9519716382329886,
        1.7320508075688772,
        1.1524430571616109,
        1.192424001771182,
        1.0077822185373186,
        1.1110243021644486,
        0.6959705453537527,
        1.0606601717798212,
        1.0,
        1.2119199643540823,
        1.159202311936963,
        0.75,
        0.960143218483576,
        0.8385254915624212,
        0.6959705453537527,
        1.6007810593582121,
        0.8838834764831844,
        1.015504800579495,
        1.4523687548277813,
        0.81967981553775,
        0.6959705453537527,
        0.8660254037844386,
        0.8660254037844386,
        0.9842509842514764,
        1.2054563451241194
    ],
    [
        1.7275343701356567,
        0.7905694150420949,
        0.9354143466934853,
        1.1858541225631423,
        0.960143218483576,
        0.9185586535436918,
        0.0,
        0.9185586535436918,
        0.9762812094883317,
        0.8660254037844386,
        0.8569568250501305,
        0.9354143466934853,
        0.960143218483576,
        0.9437293044088437,
        0.8477912478906585,
        0.875,
        1.0383279828647594,
        0.9013878188659973,
        0.9921567416492215,
        0.875,
        0.9842509842514764,
        0.9100137361600648,
        0.8838834764831844,
        0.82915619758885,
        0.960143218483576,
        0.960143218483576,
        1.5562374497485916,
        1.125,
        1.0680004681646913,
        1.0077822185373186,
        1.0825317547305484,
        0.7180703308172536,
        0.960143218483576,
        1.0680004681646913,
        1.224744871391589,
        1.118033988749895,
        0.82915619758885,
        0.9762812094883317,
        0.9013878188659973,
        0.9013878188659973,
        1.541103500742244,
        0.9270248108869579,
        1.103970108290981,
        1.357847561400027,
        0.82915619758885,
        0.7905694150420949,
        0.81967981553775,
        0.8477912478906585,
        0.9437293044088437,
        1.1524430571616109
    ],
    [
        1.571225636247067,
        0.7071067811865476,
        0.9921567416492215,
        1.3635890143294642,
        1.0606601717798212,
        0.6614378277661477,
        0.9185586535436918,
        0.0,
        0.81967981553775,
        0.82915619758885,
        0.9354143466934853,
        0.739509972887452,
        0.8100925873009825,
        0.9354143466934853,
        0.739509972887452,
        0.7288689868556626,
        0.75,
        0.82915619758885,
        0.8569568250501305,
        0.960143218483576,
        0.9185586535436918,
        0.8100925873009825,
        0.770551750371122,
        0.8477912478906585,
        0.8003905296791061,
        0.9437293044088437,
        1.695582495781317,
        1.2054563451241194,
        1.192424001771182,
        0.9682458365518543,
        1.1319231422671772,
        0.770551750371122,
        1.118033988749895,
        1.0307764064044151,
        1.346291201783626,
        1.1792476415070754,
        0.8477912478906585,
        0.9437293044088437,
        0.875,
        0.7071067811865476,
        1.6105123408406408,
        0.875,
        1.0897247358851685,
        1.489546910976623,
        0.9270248108869579,
        0.8100925873009825,
        0.8100925873009825,
        0.9682458365518543,
        1.0606601717798212,
        1.346291201783626
    ],
    [
        1.6298006013006623,
        0.7905694150420949,
        1.0897247358851685,
        1.375,
        1.0752906583803283,
        0.75,
        0.9762812094883317,
        0.81967981553775,
        0.0,
        0.9437293044088437,
        1.0307764064044151,
        0.6959705453537527,
        0.7603453162872774,
        0.9519716382329886,
        0.7603453162872774,
        0.739509972887452,
        0.8100925873009825,
        0.770551750371122,
        0.875,
        0.960143218483576,
        0.8926785535678563,
        0.8838834764831844,
        0.875,
        0.875,
        0.7071067811865476,
        1.0458250331675945,
        1.6677080080157918,
        1.1989578808281798,
        1.125,
        0.9842509842514764,
        1.0968705484240153,
        0.8100925873009825,
        1.0606601717798212,
        1.0077822185373186,
        1.346291201783626,
        1.192424001771182,
        0.8100925873009825,
        1.0383279828647594,
        0.81967981553775,
        0.8477912478906585,
        1.625,
        0.9437293044088437,
        1.0680004681646913,
        1.4306903927824497,
        0.8569568250501305,
        0.9013878188659973,
        0.9100137361600648,
        1.0307764064044151,
        1.0825317547305484,
        1.334634781503914
    ],
    [
        1.5461646096066226,
        0.7905694150420949,
        0.9013878188659973,
        1.2686114456365274,
        0.9185586535436918,
        0.8569568250501305,
        0.8660254037844386,
        0.82915619758885,
        0.9437293044088437,
        0.0,
        0.8926785535678563,
        0.9185586535436918,
        0.8660254037844386,
        0.9100137361600648,
        0.875,
        0.8385254915624212,
        0.9921567416492215,
        0.9013878188659973,
        0.9270248108869579,
        0.875,
        0.9921567416492215,
        0.8926785535678563,
        0.8385254915624212,
        0.8569568250501305,
        0.9762812094883317,
        0.9762812094883317,
        1.6441183047457382,
        1.14564392373896,
        1.14564392373896,
        0.9921567416492215,
        1.14564392373896,
        0.770551750371122,
        0.9762812094883317,
        1.0680004681646913,
        1.2747548783981961,
        1.0897247358851685,
        0.875,
        0.960143218483576,
        0.82915619758885,
        0.8100925873009825,
        1.5811388300841898,
        0.81967981553775,
        1.125,
        1.3635890143294642,
        0.8100925873009825,
        0.7905694150420949,
        0.8385254915624212,
        0.8926785535678563,
        0.9354143466934853,
        1.243734296383275
    ],
    [
        0.8385254915624212,
        0.6373774391990981,
        0.8660254037844386,
        1.571225636247067,
        0.9519716382329886,
        0.8385254915624212,
        0.8569568250501305,
        0.9354143466934853,
        1.0307764064044151,
        0.8926785535678563,
        0.0,
        0.960143218483576,
        1.015504800579495,
        0.8477912478906585,
        0.8477912478906585,
        0.7071067811865476,
        1.118033988749895,
        1.0077822185373186,
        1.118033988749895,
        0.9682458365518543,
        1.0752906583803283,
        1.0,
        0.9100137361600648,
        0.770551750371122,
        0.9354143466934853,
        1.125,
        1.9162137145944864,
        1.357847561400027,
        1.3287682265918312,
        1.2747548783981961,
        1.4086784586980805,
        0.7905694150420949,
        1.1726039399558574,
        1.118033988749895,
        0.739509972887452,
        1.2119199643540823,
        0.6846531968814576,
        1.1388041973930374,
        1.0307764064044151,
        0.9270248108869579,
        1.713913650100261,
        0.9921567416492215,
        1.3228756555322954,
        1.6863421954040052,
        0.6846531968814576,
        0.6373774391990981,
        0.770551750371122,
        0.375,
        0.8477912478906585,
        0.649519052838329
    ],
    [
        1.5309310892394863,
        0.6959705453537527,
        1.0307764064044151,
        1.3919410907075054,
        1.103970108290981,
        0.7180703308172536,
        0.9354143466934853,
        0.739509972887452,
        0.6959705453537527,
        0.9185586535436918,
        0.960143218483576,
        0.0,
        0.739509972887452,
        0.8926785535678563,
        0.6959705453537527,
        0.673145600891813,
        0.8003905296791061,
        0.8003905296791061,
        0.9270248108869579,
        0.9185586535436918,
        0.8660254037844386,
        0.8569568250501305,
        0.7905694150420949,
        0.7905694150420949,
        0.6846531968814576,
        1.0532687216470449,
        1.758905909933786,
        1.1858541225631423,
        1.159202311936963,
        1.0077822185373186,
        1.159202311936963,
        0.75,
        1.0752906583803283,
        1.0680004681646913,
        1.25,
        1.192424001771182,
        0.770551750371122,
        1.118033988749895,
        0.875,
        0.7905694150420949,
        1.6153559979150107,
        1.015504800579495,
        1.0606601717798212,
        1.4737282653189494,
        0.8660254037844386,
        0.8385254915624212,
        0.9013878188659973,
        0.960143218483576,
        1.0,
        1.2747548783981961
    ],
    [
        1.6105123408406408,
        0.8100925873009825,
        1.0680004681646913,
        1.3919410907075054,
        1.0825317547305484,
        0.7180703308172536,
        0.960143218483576,
        0.8100925873009825,
        0.7603453162872774,
        0.8660254037844386,
        1.015504800579495,
        0.739509972887452,
        0.0,
        0.9354143466934853,
        0.7071067811865476,
        0.6846531968814576,
        0.75,
        0.770551750371122,
        0.9100137361600648,
        1.015504800579495,
        0.9185586535436918,
        0.81967981553775,
        0.8003905296791061,
        0.81967981553775,
        0.739509972887452,
        1.0606601717798212,
        1.713913650100261,
        1.231107225224513,
        1.192424001771182,
        0.9519716382329886,
        1.103970108290981,
        0.8003905296791061,
        1.1319231422671772,
        1.0077822185373186,
        1.2808688457449497,
        1.231107225224513,
        0.82915619758885,
        1.0606601717798212,
        0.8385254915624212,
        0.75,
        1.6677080080157918,
        0.960143218483576,
        1.0825317547305484,
        1.4630874888399532,
        0.9013878188659973,
        0.8385254915624212,
        0.8838834764831844,
        1.015504800579495,
        1.103970108290981,
        1.3050383136138188
    ],
    [
        1.3287682265918312,
        0.8003905296791061,
        0.7180703308172536,
        1.4142135623730951,
        0.8100925873009825,
        0.8926785535678563,
        0.9437293044088437,
        0.9354143466934853,
        0.9519716382329886,
        0.9100137361600648,
        0.8477912478906585,
        0.8926785535678563,
        0.9354143466934853,
        0.0,
        0.8477912478906585,
        0.81967981553775,
        1.0,
        1.0077822185373186,
        1.0307764064044151,
        0.9437293044088437,
        0.8003905296791061,
        0.9842509842514764,
        0.8569568250501305,
        0.81967981553775,
        0.8838834764831844,
        1.015504800579495,
        1.7853571071357126,
        1.0231690964840563,
        1.2562344526401112,
        1.1792476415070754,
        1.2624381172952597,
        0.8385254915624212,
        1.0897247358851685,
        0.8660254037844386,
        1.159202311936963,
        1.0231690964840563,
        0.8477912478906585,
        1.118033988749895,
        0.9762812094883317,
        0.9013878188659973,
        1.2808688457449497,
        0.9270248108869579,
        0.9100137361600648,
        1.346291201783626,
        0.82915619758885,
        0.875,
        0.9270248108869579,
        0.8477912478906585,
        0.7603453162872774,
        1.125
    ],
    [
        1.4415703243338496,
        0.6959705453537527,
        0.960143218483576,
        1.3169567191065923,
        1.0307764064044151,
        0.7180703308172536,
        0.8477912478906585,
        0.739509972887452,
        0.7603453162872774,
        0.875,
        0.8477912478906585,
        0.6959705453537527,
        0.7071067811865476,
        0.8477912478906585,
        0.0,
        0.6614378277661477,
        0.7905694150420949,
        0.7806247497997998,
        0.8660254037844386,
        0.9682458365518543,
        0.9270248108869579,
        0.81967981553775,
        0.770551750371122,
        0.7071067811865476,
        0.625,
        0.9762812094883317,
        1.709349291397168,
        1.1524430571616109,
        1.1319231422671772,
        0.9921567416492215,
        1.0897247358851685,
        0.7288689868556626,
        1.1110243021644486,
        0.9354143466934853,
        1.1726039399558574,
        1.103970108290981,
        0.739509972887452,
        1.0077822185373186,
        0.7905694150420949,
        0.770551750371122,
        1.590990257669732,
        0.8660254037844386,
        1.0,
        1.4306903927824497,
        0.7603453162872774,
        0.75,
        0.770551750371122,
        0.82915619758885,
        1.0,
        1.14564392373896
    ],
    [
        1.231107225224513,
        0.57282196186948,
        0.9762812094883317,
        1.4361406616345072,
        0.9842509842514764,
        0.673145600891813,
        0.875,
        0.7288689868556626,
        0.739509972887452,
        0.8385254915624212,
        0.7071067811865476,
        0.673145600891813,
        0.6846531968814576,
        0.81967981553775,
        0.6614378277661477,
        0.0,
        0.770551750371122,
        0.8660254037844386,
        0.9682458365518543,
        0.8660254037844386,
        0.81967981553775,
        0.8003905296791061,
        0.739509972887452,
        0.7288689868556626,
        0.5863019699779287,
        1.0,
        1.7809758560968758,
        1.1858541225631423,
        1.2054563451241194,
        1.015504800579495,
        1.1388041973930374,
        0.649519052838329,
        1.0680004681646913,
        1.0231690964840563,
        1.0606601717798212,
        1.1858541225631423,
        0.649519052838329,
        1.0606601717798212,
        0.875,
        0.7180703308172536,
        1.648863244784115,
        0.9682458365518543,
        1.0897247358851685,
        1.5562374497485916,
        0.6614378277661477,
        0.6846531968814576,
        0.8477912478906585,
        0.7288689868556626,
        0.9013878188659973,
        1.0383279828647594
    ],
    [
        1.7365554986812255,
        0.8100925873009825,
        1.1524430571616109,
        1.4142135623730951,
        1.1792476415070754,
        0.8003905296791061,
        1.0383279828647594,
        0.75,
        0.8100925873009825,
        0.9921567416492215,
        1.118033988749895,
        0.8003905296791061,
        0.75,
        1.0,
        0.7905694150420949,
        0.770551750371122,
        0.0,
        0.8477912478906585,
        0.9682458365518543,
        1.0307764064044151,
        0.9354143466934853,
        0.8477912478906585,
        0.875,
        0.9354143466934853,
        0.7905694150420949,
        1.0383279828647594,
        1.6723860200324565,
        1.2119199643540823,
        1.2183492931011204,
        1.015504800579495,
        1.14564392373896,
        0.875,
        1.1319231422671772,
        1.0458250331675945,
        1.357847561400027,
        1.2054563451241194,
        0.8926785535678563,
        1.0458250331675945,
        0.9437293044088437,
        0.7905694150420949,
        1.625,
        0.9519716382329886,
        1.0968705484240153,
        1.403121520040228,
        1.0231690964840563,
        1.0,
        1.0231690964840563,
        1.0825317547305484,
        1.192424001771182,
        1.375
    ],
    [
        1.8371173070873836,
        0.81967981553775,
        1.0383279828647594,
        1.2808688457449497,
        1.0231690964840563,
        0.8003905296791061,
        0.9013878188659973,
        0.82915619758885,
        0.770551750371122,
        0.9013878188659973,
        1.0077822185373186,
        0.8003905296791061,
        0.770551750371122,
        1.0077822185373186,
        0.7806247497997998,
        0.8660254037844386,
        0.8477912478906585,
        0.0,
        0.875,
        0.9354143466934853,
        0.9762812094883317,
        0.82915619758885,
        0.81967981553775,
        0.9437293044088437,
        0.81967981553775,
        0.9437293044088437,
        1.5761900266148114,
        1.125,
        1.1524430571616109,
        0.9519716382329886,
        1.1319231422671772,
        0.75,
        1.0532687216470449,
        1.0532687216470449,
        1.2930100540985752,
        1.1388041973930374,
        0.8569568250501305,
        0.9682458365518543,
        0.8660254037844386,
        0.7806247497997998,
        1.625,
        0.8660254037844386,
        1.0307764064044151,
        1.3110110602126894,
        0.9013878188659973,
        0.8838834764831844,
        0.9437293044088437,
        1.015504800579495,
        1.0825317547305484,
        1.3050383136138188
    ],
    [
        1.8708286933869707,
        0.9270248108869579,
        1.1110243021644486,
        1.1792476415070754,
        1.0897247358851685,
        0.8926785535678563,
        0.9921567416492215,
        0.8569568250501305,
        0.875,
        0.9270248108869579,
        1.118033988749895,
        0.9270248108869579,
        0.9100137361600648,
        1.0307764064044151,
        0.8660254037844386,
        0.9682458365518543,
        0.9682458365518543,
        0.875,
        0.0,
        0.9354143466934853,
        1.0606601717798212,
        0.9842509842514764,
        0.8660254037844386,
        0.9762812094883317,
        1.0,
        0.9437293044088437,
        1.571225636247067,
        1.103970108290981,
        1.1319231422671772,
        0.9354143466934853,
        1.0752906583803283,
        0.8385254915624212,
        1.0077822185373186,
        1.0968705484240153,
        1.4415703243338496,
        1.1319231422671772,
        0.9682458365518543,
        0.9437293044088437,
        0.875,
        0.9682458365518543,
        1.571225636247067,
        0.9842509842514764,
        1.14564392373896,
        1.3110110602126894,
        0.9270248108869579,
        0.9921567416492215,
        1.0606601717798212,
        1.0825317547305484,
        1.165922381636102,
        1.4306903927824497
    ],
    [
        1.6345871038277526,
        0.8477912478906585,
        0.9762812094883317,
        1.2624381172952597,
        1.015504800579495,
        0.8926785535678563,
        0.875,
        0.960143218483576,
        0.960143218483576,
        0.875,
        0.9682458365518543,
        0.9185586535436918,
        1.015504800579495,
        0.9437293044088437,
        0.9682458365518543,
        0.8660254037844386,
        1.0307764064044151,
        0.9354143466934853,
        0.9354143466934853,
        0.0,
        1.0825317547305484,
        1.0077822185373186,
        0.8926785535678563,
        0.9013878188659973,
        0.9519716382329886,
        0.9842509842514764,
        1.6298006013006623,
        1.1726039399558574,
        1.165922381636102,
        1.0606601717798212,
        1.2183492931011204,
        0.7288689868556626,
        0.9013878188659973,
        1.1726039399558574,
        1.3228756555322954,
        1.1388041973930374,
        0.8003905296791061,
        1.0606601717798212,
        0.9682458365518543,
        0.9270248108869579,
        1.6393596310755,
        0.9921567416492215,
        1.159202311936963,
        1.5,
        0.8100925873009825,
        0.7905694150420949,
        0.8477912478906585,
        0.875,
        0.9921567416492215,
        1.299038105676658
    ],
    [
        1.6345871038277526,
        0.82915619758885,
        0.8569568250501305,
        1.5,
        0.8569568250501305,
        0.8569568250501305,
        0.9842509842514764,
        0.9185586535436918,
        0.8926785535678563,
        0.9921567416492215,
        1.0752906583803283,
        0.8660254037844386,
        0.9185586535436918,
        0.8003905296791061,
        0.9270248108869579,
        0.81967981553775,
        0.9354143466934853,
        0.9762812094883317,
        1.0606601717798212,
        1.0825317547305484,
        0.0,
        0.9270248108869579,
        0.9437293044088437,
        0.9270248108869579,
        0.875,
        1.0897247358851685,
        1.824314939915803,
        1.1388041973930374,
        1.2183492931011204,
        1.1388041973930374,
        1.192424001771182,
        0.875,
        1.1319231422671772,
        0.9100137361600648,
        1.340475661845451,
        1.0680004681646913,
        0.8926785535678563,
        1.125,
        1.0,
        0.9270248108869579,
        1.346291201783626,
        1.0752906583803283,
        1.0231690964840563,
        1.4415703243338496,
        1.0307764064044151,
        0.9100137361600648,
        0.9921567416492215,
        1.0752906583803283,
        0.8926785535678563,
        1.3228756555322954
    ],
    [
        1.7721808598447282,
        0.7806247497997998,
        1.0,
        1.2930100540985752,
        1.0458250331675945,
        0.7288689868556626,
        0.9100137361600648,
        0.8100925873009825,
        0.8838834764831844,
        0.8926785535678563,
        1.0,
        0.8569568250501305,
        0.81967981553775,
        0.9842509842514764,
        0.81967981553775,
        0.8003905296791061,
        0.8477912478906585,
        0.82915619758885,
        0.9842509842514764,
        1.0077822185373186,
        0.9270248108869579,
        0.0,
        0.82915619758885,
        0.8838834764831844,
        0.81967981553775,
        1.0231690964840563,
        1.6723860200324565,
        1.165922381636102,
        1.1792476415070754,
        0.9842509842514764,
        1.0680004681646913,
        0.8838834764831844,
        1.0,
        1.0383279828647594,
        1.2562344526401112,
        1.2119199643540823,
        0.9013878188659973,
        1.0077822185373186,
        0.9185586535436918,
        0.7806247497997998,
        1.6007810593582121,
        0.9270248108869579,
        1.0968705484240153,
        1.3975424859373686,
        0.9013878188659973,
        0.8385254915624212,
        0.9921567416492215,
        1.0077822185373186,
        1.0383279828647594,
        1.2686114456365274
    ],
    [
        1.625,
        0.7806247497997998,
        0.9682458365518543,
        1.2374368670764582,
        1.0307764064044151,
        0.739509972887452,
        0.8838834764831844,
        0.770551750371122,
        0.875,
        0.8385254915624212,
        0.9100137361600648,
        0.7905694150420949,
        0.8003905296791061,
        0.8569568250501305,
        0.770551750371122,
        0.739509972887452,
        0.875,
        0.81967981553775,
        0.8660254037844386,
        0.8926785535678563,
        0.9437293044088437,
        0.82915619758885,
        0.0,
        0.8003905296791061,
        0.8003905296791061,
        0.9519716382329886,
        1.620185174601965,
        1.1110243021644486,
        1.0968705484240153,
        0.9842509842514764,
        1.1110243021644486,
        0.770551750371122,
        0.9921567416492215,
        1.0231690964840563,
        1.3110110602126894,
        1.1388041973930374,
        0.7806247497997998,
        1.0383279828647594,
        0.8660254037844386,
        0.770551750371122,
        1.625,
        0.9013878188659973,
        1.0458250331675945,
        1.340475661845451,
        0.7905694150420949,
        0.8385254915624212,
        0.8477912478906585,
        0.9270248108869579,
        1.015504800579495,
        1.2686114456365274
    ],
    [
        1.541103500742244,
        0.739509972887452,
        0.8660254037844386,
        1.352081728298996,
        0.960143218483576,
        0.75,
        0.82915619758885,
        0.8477912478906585,
        0.875,
        0.8569568250501305,
        0.770551750371122,
        0.7905694150420949,
        0.81967981553775,
        0.81967981553775,
        0.7071067811865476,
        0.7288689868556626,
        0.9354143466934853,
        0.9437293044088437,
        0.9762812094883317,
        0.9013878188659973,
        0.9270248108869579,
        0.8838834764831844,
        0.8003905296791061,
        0.0,
        0.875,
        1.0532687216470449,
        1.6677080080157918,
        1.1524430571616109,
        1.1726039399558574,
        1.0606601717798212,
        1.1989578808281798,
        0.7288689868556626,
        1.015504800579495,
        0.9354143466934853,
        1.1388041973930374,
        1.0897247358851685,
        0.7071067811865476,
        0.9842509842514764,
        0.9185586535436918,
        0.8477912478906585,
        1.6105123408406408,
        0.8477912478906585,
        1.0752906583803283,
        1.4523687548277813,
        0.8385254915624212,
        0.7180703308172536,
        0.82915619758885,
        0.7806247497997998,
        0.9013878188659973,
        1.0825317547305484
    ],
    [
        1.4252192813739224,
        0.7288689868556626,
        1.0825317547305484,
        1.4684175155588413,
        1.0680004681646913,
        0.7180703308172536,
        0.960143218483576,
        0.8003905296791061,
        0.7071067811865476,
        0.9762812094883317,
        0.9354143466934853,
        0.6846531968814576,
        0.739509972887452,
        0.8838834764831844,
        0.625,
        0.5863019699779287,
        0.7905694150420949,
        0.81967981553775,
        1.0,
        0.9519716382329886,
        0.875,
        0.81967981553775,
        0.8003905296791061,
        0.875,
        0.0,
        1.0532687216470449,
        1.79843682124227,
        1.231107225224513,
        1.1792476415070754,
        1.0307764064044151,
        1.125,
        0.81967981553775,
        1.1319231422671772,
        1.0231690964840563,
        1.2562344526401112,
        1.2374368670764582,
        0.75,
        1.1110243021644486,
        0.9270248108869579,
        0.7603453162872774,
        1.6630168369562588,
        0.960143218483576,
        1.1110243021644486,
        1.5461646096066226,
        0.7603453162872774,
        0.8477912478906585,
        0.8926785535678563,
        0.9354143466934853,
        1.0680004681646913,
        1.231107225224513
    ],
    [
        2.03100960115899,
        1.0,
        1.0968705484240153,
        1.2374368670764582,
        1.0532687216470449,
        0.9519716382329886,
        0.960143218483576,
        0.9437293044088437,
        1.0458250331675945,
        0.9762812094883317,
        1.125,
        1.0532687216470449,
        1.0606601717798212,
        1.015504800579495,
        0.9762812094883317,
        1.0,
        1.0383279828647594,
        0.9437293044088437,
        0.9437293044088437,
        0.9842509842514764,
        1.0897247358851685,
        1.0231690964840563,
        0.9519716382329886,
        1.0532687216470449,
        1.0532687216470449,
        0.0,
        1.479019945774904,
        1.165922381636102,
        1.0825317547305484,
        1.125,
        1.1524430571616109,
        0.9354143466934853,
        1.103970108290981,
        1.0606601717798212,
        1.4086784586980805,
        1.125,
        0.9270248108869579,
        1.0077822185373186,
        1.015504800579495,
        1.015504800579495,
        1.5811388300841898,
        0.9354143466934853,
        1.159202311936963,
        1.3693063937629153,
        0.8926785535678563,
        0.9842509842514764,
        0.960143218483576,
        1.0897247358851685,
        1.103970108290981,
        1.3806701271484076
    ],
    [
        3.5685256059050494,
        1.695582495781317,
        1.7897276329095442,
        1.3693063937629153,
        1.713913650100261,
        1.7320508075688772,
        1.5562374497485916,
        1.695582495781317,
        1.6677080080157918,
        1.6441183047457382,
        1.9162137145944864,
        1.758905909933786,
        1.713913650100261,
        1.7853571071357126,
        1.709349291397168,
        1.7809758560968758,
        1.6723860200324565,
        1.5761900266148114,
        1.571225636247067,
        1.6298006013006623,
        1.824314939915803,
        1.6723860200324565,
        1.620185174601965,
        1.6677080080157918,
        1.79843682124227,
        1.479019945774904,
        0.0,
        1.5206906325745548,
        1.541103500742244,
        1.571225636247067,
        1.4577379737113252,
        1.6677080080157918,
        1.4947825928876748,
        1.6770509831248424,
        2.4109126902482387,
        1.5360257159305635,
        1.7455300054711176,
        1.541103500742244,
        1.5612494995995996,
        1.6817030058842137,
        1.7853571071357126,
        1.5360257159305635,
        1.6393596310755,
        1.5309310892394863,
        1.6909686573085854,
        1.8157298807917437,
        1.7809758560968758,
        1.845602882529175,
        1.8157298807917437,
        2.404423007708918
    ],
    [
        2.2707377655731187,
        1.2054563451241194,
        1.0752906583803283,
        1.2054563451241194,
        1.0458250331675945,
        1.1524430571616109,
        1.125,
        1.2054563451241194,
        1.1989578808281798,
        1.14564392373896,
        1.357847561400027,
        1.1858541225631423,
        1.231107225224513,
        1.0231690964840563,
        1.1524430571616109,
        1.1858541225631423,
        1.2119199643540823,
        1.125,
        1.103970108290981,
        1.1726039399558574,
        1.1388041973930374,
        1.165922381636102,
        1.1110243021644486,
        1.1524430571616109,
        1.231107225224513,
        1.165922381636102,
        1.5206906325745548,
        0.0,
        1.2562344526401112,
        1.2119199643540823,
        1.192424001771182,
        1.0968705484240153,
        1.0752906583803283,
        1.0231690964840563,
        1.571225636247067,
        1.0383279828647594,
        1.1726039399558574,
        1.1989578808281798,
        1.125,
        1.1319231422671772,
        1.1989578808281798,
        1.159202311936963,
        1.0231690964840563,
        1.1858541225631423,
        1.159202311936963,
        1.2374368670764582,
        1.2686114456365274,
        1.3863170633011772,
        1.1388041973930374,
        1.58607219255619
    ],
    [
        2.225561726845607,
        1.1989578808281798,
        1.3169567191065923,
        1.224744871391589,
        1.1989578808281798,
        1.192424001771182,
        1.0680004681646913,
        1.192424001771182,
        1.125,
        1.14564392373896,
        1.3287682265918312,
        1.159202311936963,
        1.192424001771182,
        1.2562344526401112,
        1.1319231422671772,
        1.2054563451241194,
        1.2183492931011204,
        1.1524430571616109,
        1.1319231422671772,
        1.165922381636102,
        1.2183492931011204,
        1.1792476415070754,
        1.0968705484240153,
        1.1726039399558574,
        1.1792476415070754,
        1.0825317547305484,
        1.541103500742244,
        1.2562344526401112,
        0.0,
        1.192424001771182,
        1.159202311936963,
        1.118033988749895,
        1.125,
        1.243734296383275,
        1.648863244784115,
        1.14564392373896,
        1.1319231422671772,
        1.0680004681646913,
        1.1110243021644486,
        1.1319231422671772,
        1.6909686573085854,
        1.1524430571616109,
        1.1858541225631423,
        1.3975424859373686,
        1.0968705484240153,
        1.1989578808281798,
        1.0825317547305484,
        1.3693063937629153,
        1.286953767623375,
        1.6393596310755
    ],
    [
        2.1102428770167667,
        1.0383279828647594,
        1.2183492931011204,
        1.224744871391589,
        1.231107225224513,
        1.0077822185373186,
        1.0077822185373186,
        0.9682458365518543,
        0.9842509842514764,
        0.9921567416492215,
        1.2747548783981961,
        1.0077822185373186,
        0.9519716382329886,
        1.1792476415070754,
        0.9921567416492215,
        1.015504800579495,
        1.015504800579495,
        0.9519716382329886,
        0.9354143466934853,
        1.0606601717798212,
        1.1388041973930374,
        0.9842509842514764,
        0.9842509842514764,
        1.0606601717798212,
        1.0307764064044151,
        1.125,
        1.571225636247067,
        1.2119199643540823,
        1.192424001771182,
        0.0,
        1.0680004681646913,
        0.9842509842514764,
        1.0968705484240153,
        1.14564392373896,
        1.5461646096066226,
        1.231107225224513,
        1.0532687216470449,
        1.0825317547305484,
        0.8926785535678563,
        0.9921567416492215,
        1.6007810593582121,
        1.0606601717798212,
        1.1858541225631423,
        1.4086784586980805,
        1.0606601717798212,
        1.14564392373896,
        1.103970108290981,
