[
    [
        0.0,
        1.243734296383275,
        0.5,
        2.225561726845607,
        1.1858541225631423,
        1.1989578808281798,
        0.9354143466934853,
        1.0606601717798212,
        1.3806701271484076,
        1.1726039399558574,
        0.5994789404140899,
        1.2686114456365274,
        1.286953767623375,
        1.0121141239998581,
        1.4415703243338496,
        0.960143218483576,
        1.4842927608797396,
        1.505199322349037,
        1.4469796128487782,
        1.2624381172952597,
        1.1792476415070754,
        1.2686114456365274,
        1.118033988749895,
        1.1858541225631423,
        1.0516191220103301,
        1.571225636247067,
        2.6368778887161235,
        1.875,
        1.3379088160259651,
        1.4684175155588413,
        1.653594569415369,
        0.8385254915624212,
        1.5206906325745548,
        1.2374368670764582,
        0.1767766952966369,
        1.5612494995995996,
        0.9354143466934853,
        1.58607219255619,
        1.595893166850463,
        1.3806701271484076,
        1.7940875118009154,
        1.541103500742244,
        1.346291201783626,
        2.2114757516192665,
        1.0383279828647594,
        0.875,
        0.8660254037844386,
        0.6614378277661477,
        0.9762812094883317,
        0.125
    ],
    [
        1.243734296383275,
        0.0,
        0.9270248108869579,
        1.159202311936963,
        0.7288689868556626,
        0.5,
        0.8100925873009825,
        0.625,
        0.770551750371122,
        0.625,
        0.7603453162872774,
        0.7071067811865476,
        0.625,
        0.6791538853603063,
        0.7288689868556626,
        0.6614378277661477,
        0.739509972887452,
        0.6959705453537527,
        0.7905694150420949,
        0.8838834764831844,
        0.57282196186948,
        0.6614378277661477,
        0.6373774391990981,
        0.673145600891813,
        0.7347996703561832,
        0.8838834764831844,
        1.403121520040228,
        0.9682458365518543,
        0.879630604287959,
        0.8385254915624212,
        0.8477912478906585,
        0.7905694150420949,
        0.9013878188659973,
        0.7071067811865476,
        1.2119199643540823,
        0.9100137361600648,
        0.7288689868556626,
        0.7905694150420949,
        0.770551750371122,
        0.5994789404140899,
        0.9354143466934853,
        0.8569568250501305,
        0.7806247497997998,
        1.2119199643540823,
        0.7603453162872774,
        0.6614378277661477,
        0.7905694150420949,
        0.770551750371122,
        0.7071067811865476,
        1.1726039399558574
    ],
    [
        0.5,
        0.9270248108869579,
        0.0,
        1.25,
        0.7071067811865476,
        0.9185586535436918,
        0.5153882032022076,
        0.7905694150420949,
        1.0897247358851685,
        0.8477912478906585,
        0.375,
        0.9842509842514764,
        0.9437293044088437,
        0.724137417898012,
        1.0897247358851685,
        0.7071067811865476,
        1.1110243021644486,
        1.0307764064044151,
        0.9921567416492215,
        0.8477912478906585,
        0.8660254037844386,
        0.8385254915624212,
        0.770551750371122,
        0.7180703308172536,
        0.8175590362645243,
        0.9519716382329886,
        1.4523687548277813,
        1.224744871391589,
        0.8975661535508122,
        0.9921567416492215,
        1.0606601717798212,
        0.5590169943749475,
        1.0,
        0.82915619758885,
        0.4330127018922193,
        0.9185586535436918,
        0.57282196186948,
        0.9842509842514764,
        1.118033988749895,
        1.015504800579495,
        0.9100137361600648,
        1.0231690964840563,
        0.875,
        1.4306903927824497,
        0.673145600891813,
        0.57282196186948,
        0.5448623679425842,
        0.45069390943299864,
        0.649519052838329,
        0.375
    ],
    [
        2.225561726845607,
        1.159202311936963,
        1.25,
        0.0,
        1.0383279828647594,
        1.1726039399558574,
        1.0606601717798212,
        1.1388041973930374,
        1.192424001771182,
        1.0077822185373186,
        1.352081728298996,
        1.1524430571616109,
        1.1388041973930374,
        1.074418447347215,
        1.14564392373896,
        1.1989578808281798,
        1.231107225224513,
        1.1110243021644486,
        0.9519716382329886,
        1.0307764064044151,
        1.159202311936963,
        1.0968705484240153,
        1.0680004681646913,
        1.103970108290981,
        1.2903218806001684,
        1.0968705484240153,
        1.165922381636102,
        0.8569568250501305,
        0.972753822917186,
        1.0606601717798212,
        1.0307764064044151,
        1.1524430571616109,
        1.0,
        1.0680004681646913,
        1.4630874888399532,
        0.960143218483576,
        1.1388041973930374,
        0.9921567416492215,
        0.9519716382329886,
        1.118033988749895,
        1.0606601717798212,
        1.1524430571616109,
        1.0606601717798212,
        1.0077822185373186,
        1.0897247358851685,
        1.231107225224513,
        1.2054563451241194,
        1.2686114456365274,
        1.0752906583803283,
        1.4842927608797396
    ],
    [
        1.1858541225631423,
        0.7288689868556626,
        0.7071067811865476,
        1.0383279828647594,
        0.0,
        0.739509972887452,
        0.649519052838329,
        0.75,
        0.8838834764831844,
        0.625,
        0.649519052838329,
        0.9100137361600648,
        0.8569568250501305,
        0.6910137480542626,
        0.875,
        0.75,
        0.9270248108869579,
        0.7806247497997998,
        0.7905694150420949,
        0.770551750371122,
        0.7603453162872774,
        0.7603453162872774,
        0.739509972887452,
        0.6846531968814576,
        0.8819171036881969,
        0.7071067811865476,
        1.340475661845451,
        0.9270248108869579,
        0.7454025757937788,
        0.9013878188659973,
        0.9100137361600648,
        0.7180703308172536,
        0.8003905296791061,
        0.739509972887452,
        0.960143218483576,
        0.7806247497997998,
        0.6846531968814576,
        0.6959705453537527,
        0.7603453162872774,
        0.81967981553775,
        0.81967981553775,
        0.9100137361600648,
        0.875,
        1.1388041973930374,
        0.6614378277661477,
        0.5,
        0.6614378277661477,
        0.6373774391990981,
        0.5994789404140899,
        0.9354143466934853
    ],
    [
        1.1989578808281798,
        0.5,
        0.9185586535436918,
        1.1726039399558574,
        0.739509972887452,
        0.0,
        0.770551750371122,
        0.5,
        0.6373774391990981,
        0.6959705453537527,
        0.770551750371122,
        0.5863019699779287,
        0.5590169943749475,
        0.6339361166552983,
        0.6373774391990981,
        0.57282196186948,
        0.6614378277661477,
        0.6373774391990981,
        0.7288689868556626,
        0.8660254037844386,
        0.5448623679425842,
        0.5153882032022076,
        0.57282196186948,
        0.6373774391990981,
        0.6152009608430584,
        0.8100925873009825,
        1.3975424859373686,
        0.9519716382329886,
        0.852936105461599,
        0.7603453162872774,
        0.81967981553775,
        0.6959705453537527,
        0.9185586535436918,
        0.6614378277661477,
        1.0968705484240153,
        0.8926785535678563,
        0.6846531968814576,
        0.7288689868556626,
        0.7603453162872774,
        0.57282196186948,
        0.8926785535678563,
        0.9185586535436918,
        0.6373774391990981,
        1.1858541225631423,
        0.739509972887452,
        0.625,
        0.7180703308172536,
        0.75,
        0.6959705453537527,
        1.125
    ],
    [
        0.9354143466934853,
        0.8100925873009825,
        0.5153882032022076,
        1.0606601717798212,
        0.649519052838329,
        0.770551750371122,
        0.0,
        0.7180703308172536,
        0.82915619758885,
        0.6846531968814576,
        0.5303300858899106,
        0.7905694150420949,
        0.770551750371122,
        0.6067330549755798,
        0.8838834764831844,
        0.6614378277661477,
        0.9270248108869579,
        0.8100925873009825,
        0.8100925873009825,
        0.57282196186948,
        0.6614378277661477,
        0.7071067811865476,
        0.6373774391990981,
        0.625,
        0.6821127309893709,
        0.7806247497997998,
        1.2119199643540823,
        0.9842509842514764,
        0.7062223445912768,
        0.739509972887452,
        0.82915619758885,
        0.375,
        0.8385254915624212,
        0.7071067811865476,
        0.649519052838329,
        0.770551750371122,
        0.45069390943299864,
        0.7806247497997998,
        0.82915619758885,
        0.8660254037844386,
        0.82915619758885,
        0.9354143466934853,
        0.673145600891813,
        1.2119199643540823,
        0.5994789404140899,
        0.57282196186948,
        0.5,
        0.5153882032022076,
        0.625,
        0.625
    ],
    [
        1.0606601717798212,
        0.625,
        0.7905694150420949,
        1.1388041973930374,
        0.75,
        0.5,
        0.7180703308172536,
        0.0,
        0.649519052838329,
        0.7180703308172536,
        0.6846531968814576,
        0.5448623679425842,
        0.5,
        0.6319612329882269,
        0.7071067811865476,
        0.39528470752104744,
        0.649519052838329,
        0.673145600891813,
        0.649519052838329,
        0.7905694150420949,
        0.5303300858899106,
        0.5153882032022076,
        0.45069390943299864,
        0.5863019699779287,
        0.5416666666666666,
        0.770551750371122,
        1.4252192813739224,
        0.9921567416492215,
        0.7660776723022281,
        0.649519052838329,
        0.75,
        0.625,
        0.875,
        0.6123724356957945,
        0.960143218483576,
        0.8100925873009825,
        0.57282196186948,
        0.82915619758885,
        0.8100925873009825,
        0.673145600891813,
        0.8100925873009825,
        0.9100137361600648,
        0.5994789404140899,
        1.224744871391589,
        0.649519052838329,
        0.6123724356957945,
        0.6373774391990981,
        0.6846531968814576,
        0.7071067811865476,
        0.9921567416492215
    ],
    [
        1.3806701271484076,
        0.770551750371122,
        1.0897247358851685,
        1.192424001771182,
        0.8838834764831844,
        0.6373774391990981,
        0.82915619758885,
        0.649519052838329,
        0.0,
        0.7806247497997998,
        0.9519716382329886,
        0.6373774391990981,
        0.6123724356957945,
        0.7335700375560604,
        0.7180703308172536,
        0.625,
        0.6614378277661477,
        0.649519052838329,
        0.75,
        0.8385254915624212,
        0.649519052838329,
        0.6614378277661477,
        0.6959705453537527,
        0.770551750371122,
        0.6428020258558964,
        0.9013878188659973,
        1.2686114456365274,
        0.9762812094883317,
        0.8799857953399021,
        0.6614378277661477,
        0.7905694150420949,
        0.7905694150420949,
        0.8385254915624212,
        0.6846531968814576,
        1.2119199643540823,
        0.9100137361600648,
        0.75,
        0.8385254915624212,
        0.673145600891813,
        0.7180703308172536,
        0.9519716382329886,
        0.9437293044088437,
        0.649519052838329,
        1.165922381636102,
        0.7603453162872774,
        0.81967981553775,
        0.8385254915624212,
        0.9100137361600648,
        0.8926785535678563,
        1.2183492931011204
    ],
    [
        1.1726039399558574,
        0.625,
        0.8477912478906585,
        1.0077822185373186,
        0.625,
        0.6959705453537527,
        0.6846531968814576,
        0.7180703308172536,
        0.7806247497997998,
        0.0,
        0.7180703308172536,
        0.7603453162872774,
        0.7180703308172536,
        0.6319612329882269,
        0.6846531968814576,
        0.6846531968814576,
        0.8385254915624212,
        0.75,
        0.739509972887452,
        0.7071067811865476,
        0.6846531968814576,
        0.7071067811865476,
        0.6614378277661477,
        0.6614378277661477,
        0.8457409637576849,
        0.82915619758885,
        1.375,
        0.875,
        0.8250000000000001,
        0.770551750371122,
        0.8660254037844386,
        0.673145600891813,
        0.7071067811865476,
        0.739509972887452,
        1.0307764064044151,
        0.7806247497997998,
        0.7180703308172536,
        0.75,
        0.7288689868556626,
        0.6614378277661477,
        0.8660254037844386,
        0.8477912478906585,
        0.7905694150420949,
        1.118033988749895,
        0.5863019699779287,
        0.6614378277661477,
        0.6846531968814576,
        0.673145600891813,
        0.6123724356957945,
        1.0307764064044151
    ],
    [
        0.5994789404140899,
        0.7603453162872774,
        0.375,
        1.352081728298996,
        0.649519052838329,
        0.770551750371122,
        0.5303300858899106,
        0.6846531968814576,
        0.9519716382329886,
        0.7180703308172536,
        0.0,
        0.875,
        0.8660254037844386,
        0.6319612329882269,
        0.9682458365518543,
        0.6373774391990981,
        1.0231690964840563,
        0.9100137361600648,
        0.9100137361600648,
        0.8003905296791061,
        0.7603453162872774,
        0.75,
        0.6959705453537527,
        0.5863019699779287,
        0.7783975705112252,
        0.9519716382329886,
        1.6909686573085854,
        1.165922381636102,
        0.9062284480195929,
        0.9437293044088437,
        1.0606601717798212,
        0.5153882032022076,
        0.9270248108869579,
        0.7603453162872774,
        0.625,
        0.8477912478906585,
        0.4841229182759271,
        0.8569568250501305,
        0.9842509842514764,
        0.9354143466934853,
        0.9100137361600648,
        0.9921567416492215,
        0.8477912478906585,
        1.4306903927824497,
        0.5994789404140899,
        0.4841229182759271,
        0.4330127018922193,
        0.25,
        0.5303300858899106,
        0.5590169943749475
    ],
    [
        1.2686114456365274,
        0.7071067811865476,
        0.9842509842514764,
        1.1524430571616109,
        0.9100137361600648,
        0.5863019699779287,
        0.7905694150420949,
        0.5448623679425842,
        0.6373774391990981,
        0.7603453162872774,
        0.875,
        0.0,
        0.5303300858899106,
        0.6562202374203343,
        0.6846531968814576,
        0.5303300858899106,
        0.6846531968814576,
        0.625,
        0.739509972887452,
        0.8385254915624212,
        0.5448623679425842,
        0.5994789404140899,
        0.625,
        0.75,
        0.5697830971323893,
        0.9100137361600648,
        1.6105123408406408,
        0.9354143466934853,
        0.8620469824783334,
        0.673145600891813,
        0.8003905296791061,
        0.673145600891813,
        0.875,
        0.770551750371122,
        1.0383279828647594,
        0.9100137361600648,
        0.673145600891813,
        0.875,
        0.7288689868556626,
        0.6846531968814576,
        0.9354143466934853,
        1.0077822185373186,
        0.6123724356957945,
        1.192424001771182,
        0.75,
        0.7905694150420949,
        0.7288689868556626,
        0.8569568250501305,
        0.81967981553775,
        1.103970108290981
    ],
    [
        1.286953767623375,
        0.625,
        0.9437293044088437,
        1.1388041973930374,
        0.8569568250501305,
        0.5590169943749475,
        0.770551750371122,
        0.5,
        0.6123724356957945,
        0.7180703308172536,
        0.8660254037844386,
        0.5303300858899106,
        0.0,
        0.6796138609534094,
        0.75,
        0.5153882032022076,
        0.5863019699779287,
        0.5994789404140899,
        0.739509972887452,
        0.9013878188659973,
        0.57282196186948,
        0.625,
        0.625,
        0.6614378277661477,
        0.6095307849303248,
        0.8477912478906585,
        1.4142135623730951,
        0.9519716382329886,
        0.8344159634139319,
        0.7071067811865476,
        0.770551750371122,
        0.6959705453537527,
        0.9270248108869579,
        0.673145600891813,
        1.125,
        0.8838834764831844,
        0.7180703308172536,
        0.7905694150420949,
        0.7180703308172536,
        0.6614378277661477,
        0.8569568250501305,
        0.9185586535436918,
        0.6373774391990981,
        1.1524430571616109,
        0.770551750371122,
        0.7288689868556626,
        0.739509972887452,
        0.8385254915624212,
        0.82915619758885,
        1.159202311936963
    ],
    [
        1.0121141239998581,
        0.6791538853603063,
        0.724137417898012,
        1.074418447347215,
        0.6910137480542626,
        0.6339361166552983,
        0.6067330549755798,
        0.6319612329882269,
        0.7335700375560604,
        0.6319612329882269,
        0.6319612329882269,
        0.6562202374203343,
        0.6796138609534094,
        0.0,
        0.7558108228915488,
        0.580409338312195,
        0.8058380730643099,
        0.7862092596758194,
        0.7132671308843553,
        0.6910137480542626,
        0.6680194607943694,
        0.6562202374203343,
        0.5385164807134504,
        0.5385164807134504,
        0.6382484712955536,
        0.702228595259407,
        1.2139810542178986,
        0.9165151389911681,
        0.673145600891813,
        0.7454025757937788,
        0.8620469824783334,
        0.5528336096873995,
        0.7834219807996199,
        0.6796138609534094,
        0.9233092656309694,
        0.7762087348130012,
        0.5937171043518958,
        0.7762087348130012,
        0.7558108228915488,
        0.7660776723022281,
        0.852936105461599,
        0.8015609770940699,
        0.6067330549755798,
        1.150271707032734,
        0.5937171043518958,
        0.6194755846681933,
        0.5984354601792912,
        0.6067330549755798,
        0.6319612329882269,
        0.9233092656309694
    ],
    [
        1.4415703243338496,
        0.7288689868556626,
        1.0897247358851685,
        1.14564392373896,
        0.875,
        0.6373774391990981,
        0.8838834764831844,
        0.7071067811865476,
        0.7180703308172536,
        0.6846531968814576,
        0.9682458365518543,
        0.6846531968814576,
        0.75,
        0.7558108228915488,
        0.0,
        0.7288689868556626,
        0.7603453162872774,
        0.75,
        0.8003905296791061,
        0.8838834764831844,
        0.6846531968814576,
        0.7180703308172536,
        0.7071067811865476,
        0.7806247497997998,
        0.7839536550927826,
        0.9354143466934853,
        1.4737282653189494,
        0.9354143466934853,
        1.017656621852381,
        0.75,
        0.9100137361600648,
        0.8477912478906585,
        0.8926785535678563,
        0.8569568250501305,
        1.340475661845451,
        0.9921567416492215,
        0.8385254915624212,
        0.8569568250501305,
        0.7288689868556626,
        0.625,
        1.0307764064044151,
        0.9682458365518543,
        0.75,
        1.159202311936963,
        0.8569568250501305,
        0.8838834764831844,
        0.8838834764831844,
        0.9270248108869579,
        0.8477912478906585,
        1.286953767623375
    ],
    [
        0.960143218483576,
        0.6614378277661477,
        0.7071067811865476,
        1.1989578808281798,
        0.75,
        0.57282196186948,
        0.6614378277661477,
        0.39528470752104744,
        0.625,
        0.6846531968814576,
        0.6373774391990981,
        0.5303300858899106,
        0.5153882032022076,
        0.580409338312195,
        0.7288689868556626,
        0.0,
        0.7180703308172536,
        0.7288689868556626,
        0.7603453162872774,
        0.7806247497997998,
        0.45069390943299864,
        0.5153882032022076,
        0.5,
        0.6373774391990981,
        0.46770717334674267,
        0.8477912478906585,
        1.3975424859373686,
        1.0231690964840563,
        0.7454025757937788,
        0.6614378277661477,
        0.7288689868556626,
        0.5448623679425842,
        0.8569568250501305,
        0.6614378277661477,
        0.875,
        0.82915619758885,
        0.5448623679425842,
        0.82915619758885,
        0.8100925873009825,
        0.673145600891813,
        0.8569568250501305,
        0.960143218483576,
        0.6846531968814576,
        1.3110110602126894,
        0.6123724356957945,
        0.57282196186948,
        0.5863019699779287,
        0.6373774391990981,
        0.673145600891813,
        0.875
    ],
    [
        1.4842927608797396,
        0.739509972887452,
        1.1110243021644486,
        1.231107225224513,
        0.9270248108869579,
        0.6614378277661477,
        0.9270248108869579,
        0.649519052838329,
        0.6614378277661477,
        0.8385254915624212,
        1.0231690964840563,
        0.6846531968814576,
        0.5863019699779287,
        0.8058380730643099,
        0.7603453162872774,
        0.7180703308172536,
        0.0,
        0.673145600891813,
        0.8477912478906585,
        0.9762812094883317,
        0.6959705453537527,
        0.7071067811865476,
        0.739509972887452,
        0.8100925873009825,
        0.6561673228343176,
        0.9100137361600648,
        1.3806701271484076,
        1.0,
        0.9148087231765993,
        0.82915619758885,
        0.8477912478906585,
        0.82915619758885,
        1.0458250331675945,
        0.739509972887452,
        1.2930100540985752,
        0.9842509842514764,
        0.8477912478906585,
        0.8838834764831844,
        0.7905694150420949,
        0.7180703308172536,
        0.9842509842514764,
        0.9842509842514764,
        0.75,
        1.1388041973930374,
        0.9354143466934853,
        0.875,
        0.9270248108869579,
        0.9682458365518543,
        0.9921567416492215,
        1.3169567191065923
    ],
    [
        1.505199322349037,
        0.6959705453537527,
        1.0307764064044151,
        1.1110243021644486,
        0.7806247497997998,
        0.6373774391990981,
        0.8100925873009825,
        0.673145600891813,
        0.649519052838329,
        0.75,
        0.9100137361600648,
        0.625,
        0.5994789404140899,
        0.7862092596758194,
        0.75,
        0.7288689868556626,
        0.673145600891813,
        0.0,
        0.739509972887452,
        0.81967981553775,
        0.625,
        0.7071067811865476,
        0.673145600891813,
        0.75,
        0.7371585838730889,
        0.8477912478906585,
        1.352081728298996,
        0.9270248108869579,
        0.8710625695092173,
        0.7806247497997998,
        0.8477912478906585,
        0.75,
        0.8569568250501305,
        0.7180703308172536,
        1.125,
        0.8660254037844386,
        0.75,
        0.770551750371122,
        0.7806247497997998,
        0.6373774391990981,
        0.960143218483576,
        0.8838834764831844,
        0.75,
        1.0968705484240153,
        0.8003905296791061,
        0.739509972887452,
        0.8003905296791061,
        0.875,
        0.8569568250501305,
        1.165922381636102
    ],
    [
        1.4469796128487782,
        0.7905694150420949,
        0.9921567416492215,
        0.9519716382329886,
        0.7905694150420949,
        0.7288689868556626,
        0.8100925873009825,
        0.649519052838329,
        0.75,
        0.739509972887452,
        0.9100137361600648,
        0.739509972887452,
        0.739509972887452,
        0.7132671308843553,
        0.8003905296791061,
        0.7603453162872774,
        0.8477912478906585,
        0.739509972887452,
        0.0,
        0.8003905296791061,
        0.770551750371122,
        0.770551750371122,
        0.6373774391990981,
        0.770551750371122,
        0.8457409637576849,
        0.7288689868556626,
        1.3693063937629153,
        0.8926785535678563,
        0.7558108228915488,
        0.673145600891813,
        0.7905694150420949,
        0.81967981553775,
        0.82915619758885,
        0.8100925873009825,
        1.224744871391589,
        0.81967981553775,
        0.7905694150420949,
        0.81967981553775,
        0.7288689868556626,
        0.8100925873009825,
        0.9100137361600648,
        1.0,
        0.770551750371122,
        0.960143218483576,
        0.7071067811865476,
        0.8660254037844386,
        0.8660254037844386,
        0.9013878188659973,
        0.8660254037844386,
        1.25
    ],
    [
        1.2624381172952597,
        0.8838834764831844,
        0.8477912478906585,
        1.0307764064044151,
        0.770551750371122,
        0.8660254037844386,
        0.57282196186948,
        0.7905694150420949,
        0.8385254915624212,
        0.7071067811865476,
        0.8003905296791061,
        0.8385254915624212,
        0.9013878188659973,
        0.6910137480542626,
        0.8838834764831844,
        0.7806247497997998,
        0.9762812094883317,
        0.81967981553775,
        0.8003905296791061,
        0.0,
        0.7905694150420949,
        0.82915619758885,
        0.739509972887452,
        0.7905694150420949,
        0.768295371441074,
        0.8385254915624212,
        1.3228756555322954,
        0.9519716382329886,
        0.7348469228349535,
        0.8100925873009825,
        0.8569568250501305,
        0.6373774391990981,
        0.6614378277661477,
        0.8660254037844386,
        1.0680004681646913,
        0.8385254915624212,
        0.5590169943749475,
        0.9354143466934853,
        0.8385254915624212,
        0.8660254037844386,
        0.9762812094883317,
        1.0077822185373186,
        0.7288689868556626,
        1.224744871391589,
        0.6614378277661477,
        0.6959705453537527,
        0.5863019699779287,
        0.6614378277661477,
        0.739509972887452,
        1.0825317547305484
    ],
    [
        1.1792476415070754,
        0.57282196186948,
        0.8660254037844386,
        1.159202311936963,
        0.7603453162872774,
        0.5448623679425842,
        0.6614378277661477,
        0.5303300858899106,
        0.649519052838329,
        0.6846531968814576,
        0.7603453162872774,
        0.5448623679425842,
        0.57282196186948,
        0.6680194607943694,
        0.6846531968814576,
        0.45069390943299864,
        0.6959705453537527,
        0.625,
        0.770551750371122,
        0.7905694150420949,
        0.0,
        0.5,
        0.5863019699779287,
        0.6846531968814576,
        0.5416666666666666,
        0.82915619758885,
        1.4306903927824497,
        1.0077822185373186,
        0.7660776723022281,
        0.6614378277661477,
        0.7905694150420949,
        0.6373774391990981,
        0.7905694150420949,
        0.75,
        0.9682458365518543,
        0.8926785535678563,
        0.5994789404140899,
        0.7071067811865476,
        0.739509972887452,
        0.673145600891813,
        0.8660254037844386,
        0.9682458365518543,
        0.7288689868556626,
        1.231107225224513,
        0.770551750371122,
        0.6373774391990981,
        0.7071067811865476,
        0.739509972887452,
        0.673145600891813,
        0.9762812094883317
    ],
    [
        1.2686114456365274,
        0.6614378277661477,
        0.8385254915624212,
        1.0968705484240153,
        0.7603453162872774,
        0.5153882032022076,
        0.7071067811865476,
        0.5153882032022076,
        0.6614378277661477,
        0.7071067811865476,
        0.75,
        0.5994789404140899,
        0.625,
        0.6562202374203343,
        0.7180703308172536,
        0.5153882032022076,
        0.7071067811865476,
        0.7071067811865476,
        0.770551750371122,
        0.82915619758885,
        0.5,
        0.0,
        0.649519052838329,
        0.6123724356957945,
        0.5559026693385972,
        0.81967981553775,
        1.4523687548277813,
        0.960143218483576,
        0.796084166404533,
        0.7071067811865476,
        0.7905694150420949,
        0.673145600891813,
        0.82915619758885,
        0.7180703308172536,
        0.9519716382329886,
        0.8385254915624212,
        0.625,
        0.7288689868556626,
        0.739509972887452,
        0.6846531968814576,
        0.8660254037844386,
        0.9437293044088437,
        0.649519052838329,
        1.1989578808281798,
        0.7288689868556626,
        0.6373774391990981,
        0.673145600891813,
        0.739509972887452,
        0.6846531968814576,
        1.0
    ],
    [
        1.118033988749895,
        0.6373774391990981,
        0.770551750371122,
        1.0680004681646913,
        0.739509972887452,
        0.57282196186948,
        0.6373774391990981,
        0.45069390943299864,
        0.6959705453537527,
        0.6614378277661477,
        0.6959705453537527,
        0.625,
        0.625,
        0.5385164807134504,
        0.7071067811865476,
        0.5,
        0.739509972887452,
        0.673145600891813,
        0.6373774391990981,
        0.739509972887452,
        0.5863019699779287,
        0.649519052838329,
        0.0,
        0.6123724356957945,
        0.5951190357119042,
        0.8100925873009825,
        1.2374368670764582,
        0.9013878188659973,
        0.7348469228349535,
        0.6959705453537527,
        0.75,
        0.5590169943749475,
        0.7905694150420949,
        0.6373774391990981,
        0.9921567416492215,
        0.7905694150420949,
        0.57282196186948,
        0.7905694150420949,
        0.739509972887452,
        0.673145600891813,
        0.8385254915624212,
        0.8838834764831844,
        0.5994789404140899,
        1.1388041973930374,
        0.6373774391990981,
        0.673145600891813,
        0.6373774391990981,
        0.6614378277661477,
        0.6373774391990981,
        0.9842509842514764
    ],
    [
        1.1858541225631423,
        0.673145600891813,
        0.7180703308172536,
        1.103970108290981,
        0.6846531968814576,
        0.6373774391990981,
        0.625,
        0.5863019699779287,
        0.770551750371122,
        0.6614378277661477,
        0.5863019699779287,
        0.75,
        0.6614378277661477,
        0.5385164807134504,
        0.7806247497997998,
        0.6373774391990981,
        0.8100925873009825,
        0.75,
        0.770551750371122,
        0.7905694150420949,
        0.6846531968814576,
        0.6123724356957945,
        0.6123724356957945,
        0.0,
        0.7156485015549029,
        0.8477912478906585,
        1.3287682265918312,
        0.9270248108869579,
        0.8710625695092173,
        0.739509972887452,
        0.8385254915624212,
        0.6123724356957945,
        0.82915619758885,
        0.625,
        0.9437293044088437,
        0.7180703308172536,
        0.5863019699779287,
        0.7180703308172536,
        0.81967981553775,
        0.7288689868556626,
        0.7806247497997998,
        0.8385254915624212,
        0.6373774391990981,
        1.159202311936963,
        0.6959705453537527,
        0.6123724356957945,
        0.673145600891813,
        0.57282196186948,
        0.5863019699779287,
        0.8926785535678563
    ],
    [
        1.0516191220103301,
        0.7347996703561832,
        0.8175590362645243,
        1.2903218806001684,
        0.8819171036881969,
        0.6152009608430584,
        0.6821127309893709,
        0.5416666666666666,
        0.6428020258558964,
        0.8457409637576849,
        0.7783975705112252,
        0.5697830971323893,
        0.6095307849303248,
        0.6382484712955536,
        0.7839536550927826,
        0.46770717334674267,
        0.6561673228343176,
        0.7371585838730889,
        0.8457409637576849,
        0.768295371441074,
        0.5416666666666666,
        0.5559026693385972,
        0.5951190357119042,
        0.7156485015549029,
        0.0,
        0.9464847243000457,
        1.3482241406136197,
        1.0631125685144227,
        0.7813361063659551,
        0.6588078458684123,
        0.7883703303510209,
        0.5833333333333334,
        0.9354143466934854,
        0.7300589778306347,
        0.9745012969605417,
        0.9745012969605417,
        0.6095307849303248,
        0.8640183897219884,
        0.9344858955002419,
        0.768295371441074,
        0.9418878796214429,
        0.9619496983845996,
        0.6346477588219923,
        1.3222193043852026,
        0.7580585582775105,
        0.7264831572567789,
        0.7156485015549029,
        0.8079466429027216,
        0.8270597183866336,
        0.9904053603337261
    ],
    [
        1.571225636247067,
        0.8838834764831844,
        0.9519716382329886,
        1.0968705484240153,
        0.7071067811865476,
        0.8100925873009825,
        0.7806247497997998,
        0.770551750371122,
        0.9013878188659973,
        0.82915619758885,
        0.9519716382329886,
        0.9100137361600648,
        0.8477912478906585,
        0.702228595259407,
        0.9354143466934853,
        0.8477912478906585,
        0.9100137361600648,
        0.8477912478906585,
        0.7288689868556626,
        0.8385254915624212,
        0.82915619758885,
        0.81967981553775,
        0.8100925873009825,
        0.8477912478906585,
        0.9464847243000457,
        0.0,
        1.299038105676658,
        0.9762812094883317,
        0.7132671308843553,
        0.9270248108869579,
        0.9013878188659973,
        0.8926785535678563,
        0.9185586535436918,
        0.81967981553775,
        1.1726039399558574,
        0.8569568250501305,
        0.770551750371122,
        0.8569568250501305,
        0.9519716382329886,
        0.9519716382329886,
        0.875,
        0.9921567416492215,
        0.8569568250501305,
        1.1319231422671772,
        0.7071067811865476,
        0.8385254915624212,
        0.8385254915624212,
        0.8838834764831844,
        0.8100925873009825,
        1.14564392373896
    ],
    [
        2.6368778887161235,
        1.403121520040228,
        1.4523687548277813,
        1.165922381636102,
        1.340475661845451,
        1.3975424859373686,
        1.2119199643540823,
        1.4252192813739224,
        1.2686114456365274,
        1.375,
        1.6909686573085854,
        1.6105123408406408,
        1.4142135623730951,
        1.2139810542178986,
        1.4737282653189494,
        1.3975424859373686,
        1.3806701271484076,
        1.352081728298996,
        1.3693063937629153,
        1.3228756555322954,
        1.4306903927824497,
        1.4523687548277813,
        1.2374368670764582,
        1.3287682265918312,
        1.3482241406136197,
        1.299038105676658,
        0.0,
        1.2054563451241194,
        1.1045361017187263,
        1.3635890143294642,
        1.1989578808281798,
        1.340475661845451,
        1.2624381172952597,
        1.3228756555322954,
        1.956559480312316,
        1.1989578808281798,
        1.3287682265918312,
        1.299038105676658,
        1.352081728298996,
        1.4361406616345072,
        1.192424001771182,
        1.14564392373896,
        1.3228756555322954,
        1.25,
        1.3806701271484076,
        1.5103807466993215,
        1.4142135623730951,
        1.595893166850463,
        1.4142135623730951,
        1.9445436482630056
    ],
    [
        1.875,
        0.9682458365518543,
        1.224744871391589,
        0.8569568250501305,
        0.9270248108869579,
        0.9519716382329886,
        0.9842509842514764,
        0.9921567416492215,
        0.9762812094883317,
        0.875,
        1.165922381636102,
        0.9354143466934853,
        0.9519716382329886,
        0.9165151389911681,
        0.9354143466934853,
        1.0231690964840563,
        1.0,
        0.9270248108869579,
        0.8926785535678563,
        0.9519716382329886,
        1.0077822185373186,
        0.960143218483576,
        0.9013878188659973,
        0.9270248108869579,
        1.0631125685144227,
        0.9762812094883317,
        1.2054563451241194,
        0.0,
        0.9607939425287818,
        0.9519716382329886,
        0.9682458365518543,
        1.0231690964840563,
        0.8660254037844386,
        1.015504800579495,
        1.3693063937629153,
        0.8838834764831844,
        0.9842509842514764,
        0.8477912478906585,
        0.8385254915624212,
        0.9013878188659973,
        1.0458250331675945,
        1.0680004681646913,
        0.9270248108869579,
        1.0077822185373186,
        0.960143218483576,
        1.0532687216470449,
        1.0,
        1.1726039399558574,
        1.0,
        1.403121520040228
    ],
    [
        1.3379088160259651,
        0.879630604287959,
        0.8975661535508122,
        0.972753822917186,
        0.7454025757937788,
        0.852936105461599,
        0.7062223445912768,
        0.7660776723022281,
        0.8799857953399021,
        0.8250000000000001,
        0.9062284480195929,
        0.8620469824783334,
        0.8344159634139319,
        0.673145600891813,
        1.017656621852381,
        0.7454025757937788,
        0.9148087231765993,
        0.8710625695092173,
        0.7558108228915488,
        0.7348469228349535,
        0.7660776723022281,
        0.796084166404533,
        0.7348469228349535,
        0.8710625695092173,
        0.7813361063659551,
        0.7132671308843553,
        1.1045361017187263,
        0.9607939425287818,
        0.0,
        0.8710625695092173,
        0.796084166404533,
        0.7132671308843553,
        0.9038113741262609,
        0.8154753215150046,
        1.019803902718557,
        0.8325412902673356,
        0.7386643351347079,
        0.8710625695092173,
        0.9513148795220224,
        0.9807522622966516,
        0.8975661535508122,
        0.9195787078874761,
        0.7031180555212616,
        1.1570436465406133,
        0.6680194607943694,
        0.796084166404533,
        0.7171994143890527,
        0.852936105461599,
        0.7762087348130012,
        1.0350120772242226
    ],
    [
        1.4684175155588413,
        0.8385254915624212,
        0.9921567416492215,
        1.0606601717798212,
        0.9013878188659973,
        0.7603453162872774,
        0.739509972887452,
        0.649519052838329,
        0.6614378277661477,
        0.770551750371122,
        0.9437293044088437,
        0.673145600891813,
        0.7071067811865476,
        0.7454025757937788,
        0.75,
        0.6614378277661477,
        0.82915619758885,
        0.7806247497997998,
        0.673145600891813,
        0.8100925873009825,
        0.6614378277661477,
        0.7071067811865476,
        0.6959705453537527,
        0.739509972887452,
        0.6588078458684123,
        0.9270248108869579,
        1.3635890143294642,
        0.9519716382329886,
        0.8710625695092173,
        0.0,
        0.739509972887452,
        0.7071067811865476,
        0.8477912478906585,
        0.8100925873009825,
        1.1110243021644486,
        0.9013878188659973,
        0.7180703308172536,
        0.8569568250501305,
        0.75,
        0.7905694150420949,
        0.875,
        1.0458250331675945,
        0.7603453162872774,
        1.14564392373896,
        0.75,
        0.9270248108869579,
        0.8477912478906585,
        0.9013878188659973,
        0.8660254037844386,
        1.14564392373896
    ],
    [
        1.653594569415369,
        0.8477912478906585,
