[
    [
        0.0,
        0.20787710461953235,
        0.24754655496491967,
        0.2390165396996618,
        0.2715335499528557,
        0.24803918541230538,
        0.12401959270615269,
        0.3001464486296648,
        0.10481568644530265,
        0.14320549046737,
        0.109375,
        0.11481983169296148,
        0.13975424859373686,
        0.21875,
        0.11899645477912357,
        0.1269381000724369,
        0.30378472023786846,
        0.16755945773068137,
        0.18154609435347266,
        0.1660960283239789,
        0.36241917202322504,
        0.12103072956898178,
        0.3175375223890871,
        0.14905300022139775,
        0.2706329386826371,
        0.20669932117692114,
        0.23175620272173947,
        0.24105075969596113,
        0.14905300022139775,
        0.4800998612123431,
        0.2390165396996618,
        0.21875,
        0.16755945773068137,
        0.38559258372665833,
        0.20551478809321727,
        0.14657549249448218,
        0.27421763710600383,
        0.1316585902058806,
        0.23644915547533682,
        0.40019526483955303,
        0.14657549249448218,
        0.22642776165920997,
        0.40056790198070313,
        0.20904825250405706,
        0.18221724671391565,
        0.22262198201210948,
        0.15546678704790937,
        0.12303137303143455,
        0.16973094517500337
    ],
    [
        0.20787710461953235,
        0.0,
        0.37662408728731095,
        0.3065846385991966,
        0.28254908312539256,
        0.275106513463422,
        0.10245997694221876,
        0.41191957270200213,
        0.12401959270615269,
        0.15388840315306412,
        0.12303137303143455,
        0.19136638615493579,
        0.13621559198564606,
        0.301768873684812,
        0.18221724671391565,
        0.18087245160609727,
        0.4230308240837776,
        0.18619336387207788,
        0.25291271962872885,
        0.2619227283475033,
        0.3788861141556919,
        0.10364452469860624,
        0.42475866309588084,
        0.12789613706050704,
        0.34161267357930386,
        0.19640320453088336,
        0.30618621784789724,
        0.2533949178160446,
        0.21650635094610965,
        0.534558732221675,
        0.23280725665236468,
        0.3045873232752801,
        0.15546678704790937,
        0.14149039278339715,
        0.258167369404036,
        0.14657549249448218,
        0.38937299357428473,
        0.24506854908372067,
        0.2960514893983815,
        0.4606063429057399,
        0.2405438174740727,
        0.2543565718140579,
        0.5369890174492502,
        0.26972932033800107,
        0.25146057717861064,
        0.28512949360772905,
        0.1781524101717403,
        0.11899645477912357,
        0.05182226234930312
    ],
    [
        0.24754655496491967,
        0.37662408728731095,
        0.0,
        0.1767766952966369,
        0.265625,
        0.13975424859373686,
        0.2679129406169101,
        0.17328963291264715,
        0.24853083938416978,
        0.18619336387207788,
        0.24705294220065463,
        0.20009763241977652,
        0.213668661424646,
        0.22963966338592295,
        0.17044862679118303,
        0.2013140426050801,
        0.16755945773068137,
        0.19702375332685143,
        0.15068204314051492,
        0.14905300022139775,
        0.23644915547533682,
        0.2688226645950821,
        0.2390165396996618,
        0.24803918541230538,
        0.2125229766989913,
        0.258639771206982,
        0.20191949973937634,
        0.171875,
        0.15625,
        0.26902440771135333,
        0.21930732574403436,
        0.15780476466190746,
        0.24356964481437338,
        0.5464283890639284,
        0.1875,
        0.2072890493972125,
        0.1988737822087165,
        0.17399263633843817,
        0.2181912506838897,
        0.19764235376052372,
        0.2013140426050801,
        0.19640320453088336,
        0.27780490318947054,
        0.1907274314958391,
        0.1801962905417312,
        0.1616262567623219,
        0.2538762001448738,
        0.21986323874172325,
        0.3542432515235823
    ],
    [
        0.2390165396996618,
        0.3065846385991966,
        0.1767766952966369,
        0.0,
        0.23747943989954162,
        0.19008632907181935,
        0.20846350100197397,
        0.1316585902058806,
        0.21423920626253262,
        0.2275034340400162,
        0.19136638615493579,
        0.1875,
        0.19008632907181935,
        0.16755945773068137,
        0.19948664585630788,
        0.19702375332685143,
        0.14740595518838442,
        0.1788362990978062,
        0.18814991529362962,
        0.1711632992203644,
        0.2159417962669571,
        0.2153757617514097,
        0.21137108216357317,
        0.25048780534189685,
        0.2159417962669571,
        0.2209708691207961,
        0.1570293065800139,
        0.10825317547305482,
        0.19390115071860714,
        0.2884401145000081,
        0.15388840315306412,
        0.13441133229754104,
        0.23747943989954162,
        0.4674461031766122,
        0.15309310892394862,
        0.19702375332685143,
        0.19390115071860714,
        0.2170694373351532,
        0.1795175827043134,
        0.21194781197266463,
        0.19327057620082783,
        0.18619336387207788,
        0.21973982405967693,
        0.10481568644530265,
        0.2209708691207961,
        0.1795175827043134,
        0.2538762001448738,
        0.214808235701055,
        0.29563887388163285
    ],
    [
        0.2715335499528557,
        0.28254908312539256,
        0.265625,
        0.23747943989954162,
        0.0,
        0.15467960838455727,
        0.21763106683100186,
        0.22262198201210948,
        0.23593232610221093,
        0.2619227283475033,
        0.214808235701055,
        0.2670001170411728,
        0.23385358667337133,
        0.20846350100197397,
        0.24853083938416978,
        0.2509746625657658,
        0.28853414550967793,
        0.13710881855300192,
        0.1988737822087165,
        0.2170694373351532,
        0.2679129406169101,
        0.21021287573552672,
        0.3433947027474361,
        0.2651650429449553,
        0.22041774968227945,
        0.13710881855300192,
        0.1887975933374152,
        0.18619336387207788,
        0.22262198201210948,
        0.31110801089725165,
        0.17469281074217108,
        0.2706329386826371,
        0.20372507516258279,
        0.42100604954085874,
        0.18087245160609727,
        0.20904825250405706,
        0.28512949360772905,
        0.2715335499528557,
        0.19640320453088336,
        0.24853083938416978,
        0.24206145913796356,
        0.1316585902058806,
        0.361444824435364,
        0.16828640022295324,
        0.21079277442550065,
        0.30136408628102984,
        0.24556615071096424,
        0.23070036031614688,
        0.2781952158557009
    ],
    [
        0.24803918541230538,
        0.275106513463422,
        0.13975424859373686,
        0.19008632907181935,
        0.15467960838455727,
        0.0,
        0.22534695471649932,
        0.18288593610499415,
        0.2072890493972125,
        0.20009763241977652,
        0.22480460265528374,
        0.2096313728906053,
        0.23799290955824715,
        0.22262198201210948,
        0.203125,
        0.2576941016011038,
        0.213096589015404,
        0.13258252147247765,
        0.15309310892394862,
        0.1570293065800139,
        0.23017062285400366,
        0.22642776165920997,
        0.23228232417685166,
        0.2724311839712921,
        0.15388840315306412,
        0.1514899955442603,
        0.16682934768798924,
        0.15309310892394862,
        0.15780476466190746,
        0.25296634259543527,
        0.16535945694153692,
        0.2209708691207961,
        0.17469281074217108,
        0.40534755534602646,
        0.13887803777055607,
        0.14574029770451274,
        0.25242960033442985,
        0.20372507516258279,
        0.25048780534189685,
        0.2049199538844375,
        0.22480460265528374,
        0.15857643070456592,
        0.319623666511797,
        0.1711632992203644,
        0.17399263633843817,
        0.22803936748947537,
        0.25291271962872885,
        0.19640320453088336,
        0.29646353064078557
    ],
    [
        0.12401959270615269,
        0.10245997694221876,
        0.2679129406169101,
        0.20846350100197397,
        0.21763106683100186,
        0.22534695471649932,
        0.0,
        0.28853414550967793,
        0.08267972847076846,
        0.12979099785809492,
        0.0625,
        0.120017902310447,
        0.0855816496101822,
        0.19948664585630788,
        0.09757809372497497,
        0.11796616305110547,
        0.2927342811749249,
        0.11692679333668567,
        0.1690102160373745,
        0.16973094517500337,
        0.2981060004427955,
        0.04941058844013093,
        0.3217384419058438,
        0.14905300022139775,
        0.2538762001448738,
        0.14740595518838442,
        0.22207297505549836,
        0.19008632907181935,
        0.13799626353637262,
        0.4475531470612674,
        0.1690102160373745,
        0.18684782411095935,
        0.10597390598633231,
        0.2670001170411728,
        0.17399263633843817,
        0.09504316453590968,
        0.26005182776708186,
        0.16010860571811872,
        0.18221724671391565,
        0.3733688482921413,
        0.14986973510352247,
        0.16755945773068137,
        0.4107655031902157,
        0.16973094517500337,
        0.18221724671391565,
        0.20432338797846908,
        0.15068204314051492,
        0.07493486755176124,
        0.11481983169296148
    ],
    [
        0.3001464486296648,
        0.41191957270200213,
        0.17328963291264715,
        0.1316585902058806,
        0.22262198201210948,
        0.18288593610499415,
        0.28853414550967793,
        0.0,
        0.2799448885495143,
        0.2633171804117612,
        0.2642427269576213,
        0.25048780534189685,
        0.24754655496491967,
        0.19578068884596356,
        0.2348952559120767,
        0.24655834121967968,
        0.15068204314051492,
        0.20904825250405706,
        0.184877493221863,
        0.20787710461953235,
        0.1711632992203644,
        0.28980057798424075,
        0.2665425329567497,
        0.3097535562749845,
        0.18814991529362962,
        0.24356964481437338,
        0.16387638252658618,
        0.11796616305110547,
        0.20551478809321727,
        0.1867025867597388,
        0.1570293065800139,
        0.16010860571811872,
        0.28470104934825935,
        0.5908647000371574,
        0.17746588580625855,
        0.24853083938416978,
        0.17044862679118303,
        0.2385052737886523,
        0.18221724671391565,
        0.18288593610499415,
        0.20009763241977652,
        0.1514899955442603,
        0.20299140906151122,
        0.11587810136086973,
        0.22041774968227945,
        0.21875,
        0.3021731188408393,
        0.26836818808308854,
        0.3928064090617667
    ],
    [
        0.10481568644530265,
        0.12401959270615269,
        0.24853083938416978,
        0.21423920626253262,
        0.23593232610221093,
        0.2072890493972125,
        0.08267972847076846,
        0.2799448885495143,
        0.0,
        0.125,
        0.08699631816921909,
        0.109375,
        0.10004881620988826,
        0.19825902406952375,
        0.10126157341262282,
        0.11796616305110547,
        0.3340243488504992,
        0.14490028899212037,
        0.1570293065800139,
        0.13975424859373686,
        0.35458767868469426,
        0.08838834764831845,
        0.31792171795899693,
        0.13799626353637262,
        0.23228232417685166,
        0.16682934768798924,
        0.214808235701055,
        0.2312288841710741,
        0.12303137303143455,
        0.5039180258098643,
        0.2096313728906053,
        0.2170694373351532,
        0.1288470508005519,
        0.2728788936964528,
        0.18288593610499415,
        0.09504316453590968,
        0.3205981957606749,
        0.14823176532039278,
        0.22534695471649932,
        0.3965180481390475,
        0.140625,
        0.17608480733726006,
        0.40309942856019476,
        0.1926379375927805,
        0.1690102160373745,
        0.23175620272173947,
        0.13258252147247765,
        0.08267972847076846,
        0.13975424859373686
    ],
    [
        0.14320549046737,
        0.15388840315306412,
        0.18619336387207788,
        0.2275034340400162,
        0.2619227283475033,
        0.20009763241977652,
        0.12979099785809492,
        0.2633171804117612,
        0.125,
        0.0,
        0.12597277731716483,
        0.10597390598633231,
        0.12597277731716483,
        0.2153757617514097,
        0.09757809372497497,
        0.12303137303143455,
        0.26836818808308854,
        0.14986973510352247,
        0.15857643070456592,
        0.12597277731716483,
        0.338020432074749,
        0.13258252147247765,
        0.2609889545076573,
        0.12303137303143455,
        0.2385052737886523,
        0.203125,
        0.2572199630180364,
        0.2153757617514097,
        0.11158481919598204,
        0.4068838538036514,
        0.234375,
        0.2096313728906053,
        0.140625,
        0.28683687110446593,
        0.15467960838455727,
        0.10597390598633231,
        0.255314603724503,
        0.11692679333668567,
        0.24256522962906288,
        0.37434839220971683,
        0.15934435979977452,
        0.20904825250405706,
        0.40487882918157675,
        0.2125229766989913,
        0.16973094517500337,
        0.19948664585630788,
        0.1335000585205864,
        0.09631896879639025,
        0.1307281291459493
    ],
    [
        0.109375,
        0.12303137303143455,
        0.24705294220065463,
        0.19136638615493579,
        0.214808235701055,
        0.22480460265528374,
        0.0625,
        0.2642427269576213,
        0.08699631816921909,
        0.12597277731716483,
        0.0,
        0.09757809372497497,
        0.08699631816921909,
        0.184877493221863,
        0.0924387466109315,
        0.11048543456039805,
        0.28384222069663984,
        0.125,
        0.16387638252658618,
        0.16461958988832404,
        0.30418628646768414,
        0.06629126073623882,
        0.30618621784789724,
        0.13258252147247765,
        0.24754655496491967,
        0.13799626353637262,
        0.2181912506838897,
        0.18355218944485516,
        0.125,
        0.45270574473872593,
        0.16973094517500337,
        0.1795175827043134,
        0.10711960313126631,
        0.297285899850632,
        0.16461958988832404,
        0.11158481919598204,
        0.2633171804117612,
        0.14405538214520136,
        0.17044862679118303,
        0.36677170607204695,
        0.13441133229754104,
        0.16387638252658618,
        0.3874523940291102,
        0.1711632992203644,
        0.16461958988832404,
        0.1988737822087165,
        0.13531646934131855,
        0.0855816496101822,
        0.12597277731716483
    ],
    [
        0.11481983169296148,
        0.19136638615493579,
        0.20009763241977652,
        0.1875,
        0.2670001170411728,
        0.2096313728906053,
        0.120017902310447,
        0.25048780534189685,
        0.109375,
        0.10597390598633231,
        0.09757809372497497,
        0.0,
        0.09631896879639025,
        0.19200321449132043,
        0.078125,
        0.10825317547305482,
        0.2728788936964528,
        0.16682934768798924,
        0.13531646934131855,
        0.1335000585205864,
        0.3065846385991966,
        0.13258252147247765,
        0.2679129406169101,
        0.1269381000724369,
        0.23541436208311506,
        0.18944305707784595,
        0.18355218944485516,
        0.20432338797846908,
        0.125,
        0.44673414641086534,
        0.2049199538844375,
        0.16828640022295324,
        0.13621559198564606,
        0.34268300311658295,
        0.1570293065800139,
        0.1137517170200081,
        0.2538762001448738,
        0.1137517170200081,
        0.20252314682524564,
        0.33693529145074724,
        0.14405538214520136,
        0.20669932117692114,
        0.329280373293203,
        0.18619336387207788,
        0.1660960283239789,
        0.2013140426050801,
        0.11796616305110547,
        0.09757809372497497,
        0.16682934768798924
    ],
    [
        0.13975424859373686,
        0.13621559198564606,
        0.213668661424646,
        0.19008632907181935,
        0.23385358667337133,
        0.23799290955824715,
        0.0855816496101822,
        0.24754655496491967,
        0.10004881620988826,
        0.12597277731716483,
        0.08699631816921909,
        0.09631896879639025,
        0.0,
        0.213668661424646,
        0.0855816496101822,
        0.08267972847076846,
        0.33145630368119416,
        0.1316585902058806,
        0.19702375332685143,
        0.1514899955442603,
        0.35458767868469426,
        0.07967217989988726,
        0.2893790496476896,
        0.10597390598633231,
        0.25626905416963636,
        0.14905300022139775,
        0.25911131174651564,
        0.17469281074217108,
        0.1288470508005519,
        0.462223077756954,
        0.213096589015404,
        0.19702375332685143,
        0.16461958988832404,
        0.26745691825974516,
        0.18221724671391565,
        0.12979099785809492,
        0.2790714234295586,
        0.1316585902058806,
        0.20191949973937634,
        0.42129589883477386,
        0.15309310892394862,
        0.1788362990978062,
        0.40185253522834025,
        0.17258376589355096,
        0.17044862679118303,
        0.20904825250405706,
        0.12401959270615269,
        0.09375,
        0.11481983169296148
    ],
    [
        0.21875,
        0.301768873684812,
        0.22963966338592295,
        0.16755945773068137,
        0.20846350100197397,
        0.22262198201210948,
        0.19948664585630788,
        0.19578068884596356,
        0.19825902406952375,
        0.2153757617514097,
        0.184877493221863,
        0.19200321449132043,
        0.213668661424646,
        0.0,
        0.19825902406952375,
        0.2096313728906053,
        0.2509746625657658,
        0.15229366163764005,
        0.16755945773068137,
        0.18288593610499415,
        0.26972932033800107,
        0.2013140426050801,
        0.28512949360772905,
        0.27018150727797785,
        0.16010860571811872,
        0.20904825250405706,
        0.18355218944485516,
        0.16755945773068137,
        0.16973094517500337,
        0.38382978495609804,
        0.1616262567623219,
        0.19136638615493579,
        0.18814991529362962,
        0.5038911092686593,
        0.14320549046737,
        0.18221724671391565,
        0.2764344689524083,
        0.19008632907181935,
        0.18553659510996745,
        0.2960514893983815,
        0.19825902406952375,
        0.16535945694153692,
        0.28900384164593923,
        0.13887803777055607,
        0.21137108216357317,
        0.2642427269576213,
        0.2415566380271923,
        0.20551478809321727,
        0.29933193844793776
    ],
    [
        0.11899645477912357,
        0.18221724671391565,
        0.17044862679118303,
        0.19948664585630788,
        0.24853083938416978,
        0.203125,
        0.09757809372497497,
        0.2348952559120767,
        0.10126157341262282,
        0.09757809372497497,
        0.0924387466109315,
        0.078125,
        0.0855816496101822,
        0.19825902406952375,
        0.0,
        0.071602745233685,
        0.24754655496491967,
        0.15309310892394862,
        0.10481568644530265,
        0.13531646934131855,
        0.2688226645950821,
        0.10364452469860624,
        0.2385052737886523,
        0.12979099785809492,
        0.22426093897511443,
        0.16973094517500337,
        0.18421603316486868,
        0.17469281074217108,
        0.0924387466109315,
        0.4004324376880297,
        0.18619336387207788,
        0.1616262567623219,
        0.1269381000724369,
        0.35561895864815757,
        0.14490028899212037,
        0.10126157341262282,
        0.2209708691207961,
        0.11692679333668567,
        0.19764235376052372,
        0.31444705933590794,
        0.11796616305110547,
        0.18087245160609727,
        0.3287857104601381,
        0.19008632907181935,
        0.15780476466190746,
        0.16973094517500337,
        0.125,
        0.06810779599282303,
        0.15857643070456592
    ],
    [
        0.1269381000724369,
        0.18087245160609727,
        0.2013140426050801,
        0.19702375332685143,
        0.2509746625657658,
        0.2576941016011038,
        0.11796616305110547,
        0.24655834121967968,
        0.11796616305110547,
        0.12303137303143455,
        0.11048543456039805,
        0.10825317547305482,
        0.08267972847076846,
        0.2096313728906053,
        0.071602745233685,
        0.0,
        0.29973947020704494,
        0.14905300022139775,
        0.20669932117692114,
        0.15467960838455727,
        0.3590351654086268,
        0.11899645477912357,
        0.225888004606265,
        0.12303137303143455,
        0.24705294220065463,
        0.18154609435347266,
        0.2768757054167086,
        0.1887975933374152,
        0.125,
        0.4295533250107346,
        0.240035804620894,
        0.19825902406952375,
        0.18619336387207788,
        0.3299798762803574,
        0.1907274314958391,
        0.14320549046737,
        0.255314603724503,
        0.13975424859373686,
        0.21194781197266463,
        0.433294519495689,
        0.14149039278339715,
        0.19702375332685143,
        0.41421806564028296,
        0.19327057620082783,
        0.14149039278339715,
        0.1711632992203644,
        0.10245997694221876,
        0.10004881620988826,
        0.1608692209529219
    ],
    [
        0.30378472023786846,
        0.4230308240837776,
        0.16755945773068137,
        0.14740595518838442,
        0.28853414550967793,
        0.213096589015404,
        0.2927342811749249,
        0.15068204314051492,
        0.3340243488504992,
        0.26836818808308854,
        0.28384222069663984,
        0.2728788936964528,
        0.33145630368119416,
        0.2509746625657658,
        0.24754655496491967,
        0.29973947020704494,
        0.0,
        0.21194781197266463,
        0.20372507516258279,
        0.1753901900050285,
        0.15546678704790937,
        0.301768873684812,
        0.25,
        0.3690941190943036,
        0.22857404434887177,
        0.30257682392245444,
        0.22207297505549836,
        0.15309310892394862,
        0.213668661424646,
        0.2335634096331111,
        0.1608692209529219,
        0.109375,
        0.3391021002220423,
        0.6240226733661206,
        0.17258376589355096,
        0.28980057798424075,
        0.11481983169296148,
        0.21423920626253262,
        0.1788362990978062,
        0.18221724671391565,
        0.21079277442550065,
        0.19515618744994995,
        0.19207384286026846,
        0.16973094517500337,
        0.23696485762661096,
        0.1690102160373745,
        0.4008048543243956,
        0.3125,
        0.4038389994787527
    ],
    [
        0.16755945773068137,
        0.18619336387207788,
        0.19702375332685143,
        0.1788362990978062,
        0.13710881855300192,
        0.13258252147247765,
        0.11692679333668567,
        0.20904825250405706,
        0.14490028899212037,
        0.14986973510352247,
        0.125,
        0.16682934768798924,
        0.1316585902058806,
        0.15229366163764005,
        0.15309310892394862,
        0.14905300022139775,
        0.21194781197266463,
        0.0,
        0.14986973510352247,
        0.12597277731716483,
        0.2609889545076573,
        0.10711960313126631,
        0.2557922741210141,
        0.1616262567623219,
        0.16973094517500337,
        0.11481983169296148,
        0.15388840315306412,
        0.1307281291459493,
        0.14740595518838442,
        0.3291567772776034,
        0.1514899955442603,
        0.18619336387207788,
        0.17044862679118303,
        0.3156095293238149,
        0.10364452469860624,
        0.14905300022139775,
        0.2348952559120767,
        0.17044862679118303,
        0.16312978920172735,
        0.28427195935406646,
        0.1608692209529219,
        0.15068204314051492,
        0.3364921938586061,
        0.12789613706050704,
        0.13887803777055607,
        0.2159417962669571,
        0.16461958988832404,
        0.13710881855300192,
        0.17746588580625855
    ],
    [
        0.18154609435347266,
        0.25291271962872885,
        0.15068204314051492,
        0.18814991529362962,
        0.1988737822087165,
        0.15309310892394862,
        0.1690102160373745,
        0.184877493221863,
        0.1570293065800139,
        0.15857643070456592,
        0.16387638252658618,
        0.13531646934131855,
        0.19702375332685143,
        0.16755945773068137,
        0.10481568644530265,
        0.20669932117692114,
        0.20372507516258279,
        0.14986973510352247,
        0.0,
        0.120017902310447,
        0.22534695471649932,
        0.1801962905417312,
        0.2125229766989913,
        0.2533949178160446,
        0.15467960838455727,
        0.1570293065800139,
        0.1570293065800139,
        0.15467960838455727,
        0.10126157341262282,
        0.30436459028514545,
        0.1288470508005519,
        0.16010860571811872,
        0.11158481919598204,
        0.42676563386711447,
        0.09882117688026186,
        0.10597390598633231,
        0.22152260748059102,
        0.12303137303143455,
        0.19327057620082783,
        0.2445699350390395,
        0.14740595518838442,
        0.09631896879639025,
        0.2927806108865666,
        0.15625,
        0.15309310892394862,
        0.19136638615493579,
        0.22207297505549836,
        0.1269381000724369,
        0.26745691825974516
    ],
    [
        0.1660960283239789,
        0.2619227283475033,
        0.14905300022139775,
        0.1711632992203644,
        0.2170694373351532,
        0.1570293065800139,
        0.16973094517500337,
        0.20787710461953235,
        0.13975424859373686,
        0.12597277731716483,
        0.16461958988832404,
        0.1335000585205864,
        0.1514899955442603,
        0.18288593610499415,
        0.13531646934131855,
        0.15467960838455727,
        0.1753901900050285,
        0.12597277731716483,
        0.120017902310447,
        0.0,
        0.22426093897511443,
        0.1795175827043134,
        0.240035804620894,
        0.19702375332685143,
        0.1926379375927805,
        0.17746588580625855,
        0.1907274314958391,
        0.15857643070456592,
        0.08414320011147662,
        0.28288490862500565,
        0.16237976320958225,
        0.1616262567623219,
        0.140625,
        0.426193178030808,
        0.11158481919598204,
        0.0855816496101822,
        0.20610790559801437,
        0.13887803777055607,
        0.19327057620082783,
        0.25146057717861064,
        0.11899645477912357,
        0.1514899955442603,
        0.328414224384051,
        0.1514899955442603,
        0.10004881620988826,
        0.17469281074217108,
        0.1875,
        0.14235052467412967,
        0.26378035962709584
    ],
    [
        0.36241917202322504,
        0.3788861141556919,
        0.23644915547533682,
        0.2159417962669571,
        0.2679129406169101,
        0.23017062285400366,
        0.2981060004427955,
        0.1711632992203644,
        0.35458767868469426,
        0.338020432074749,
        0.30418628646768414,
        0.3065846385991966,
        0.35458767868469426,
        0.26972932033800107,
        0.2688226645950821,
        0.3590351654086268,
        0.15546678704790937,
        0.2609889545076573,
        0.22534695471649932,
        0.22426093897511443,
        0.0,
        0.3021731188408393,
        0.32588521272834703,
        0.4050462936504913,
        0.22426093897511443,
        0.2914805954090255,
        0.265625,
        0.16461958988832404,
        0.271083618326523,
        0.16764038478574045,
        0.10825317547305482,
        0.20252314682524564,
        0.31171777098843756,
        0.5594535559365049,
        0.19136638615493579,
        0.2981060004427955,
        0.171875,
        0.30378472023786846,
        0.21986323874172325,
        0.1307281291459493,
        0.2799448885495143,
        0.17328963291264715,
        0.22827715625844924,
        0.18814991529362962,
        0.2781952158557009,
        0.2728788936964528,
        0.4259066615762191,
        0.3128903811640748,
        0.3899994991983964
    ],
    [
        0.12103072956898178,
        0.10364452469860624,
        0.2688226645950821,
        0.2153757617514097,
        0.21021287573552672,
        0.22642776165920997,
        0.04941058844013093,
        0.28980057798424075,
        0.08838834764831845,
        0.13258252147247765,
        0.06629126073623882,
        0.13258252147247765,
        0.07967217989988726,
        0.2013140426050801,
        0.10364452469860624,
        0.11899645477912357,
        0.301768873684812,
        0.10711960313126631,
        0.1801962905417312,
        0.1795175827043134,
        0.3021731188408393,
        0.0,
        0.32211762700137975,
        0.13258252147247765,
        0.255314603724503,
        0.14574029770451274,
        0.22152260748059102,
        0.18087245160609727,
        0.15068204314051492,
        0.4480983158799467,
        0.171875,
        0.19515618744994995,
        0.1335000585205864,
        0.2567449488305466,
        0.17608480733726006,
        0.12203515118604147,
        0.2609889545076573,
        0.16682934768798924,
        0.16682934768798924,
        0.3814548629916782,
        0.14235052467412967,
        0.1767766952966369,
        0.42822509981446805,
        0.17746588580625855,
        0.18154609435347266,
        0.20432338797846908,
        0.15068204314051492,
        0.09110862335695782,
        0.10481568644530265
    ],
    [
        0.3175375223890871,
        0.42475866309588084,
        0.2390165396996618,
        0.21137108216357317,
        0.3433947027474361,
        0.23228232417685166,
        0.3217384419058438,
        0.2665425329567497,
        0.31792171795899693,
        0.2609889545076573,
        0.30618621784789724,
        0.2679129406169101,
        0.2893790496476896,
        0.28512949360772905,
        0.2385052737886523,
        0.225888004606265,
        0.25,
        0.2557922741210141,
        0.2125229766989913,
        0.240035804620894,
        0.32588521272834703,
        0.32211762700137975,
        0.0,
        0.3065846385991966,
        0.271083618326523,
        0.31328027587130347,
        0.2312288841710741,
        0.1926379375927805,
        0.22642776165920997,
        0.3375787588145584,
        0.28125,
        0.20252314682524564,
        0.3535533905932738,
        0.5607612014039488,
        0.28384222069663984,
        0.3128903811640748,
        0.2692763740564701,
        0.19948664585630788,
        0.27198273727389394,
        0.2619227283475033,
        0.22316963839196408,
        0.2803806007019744,
        0.3306778995697911,
        0.24655834121967968,
        0.25242960033442985,
        0.14405538214520136,
        0.298923851089203,
        0.31366968593569894,
        0.3912495007984036
    ],
    [
        0.14905300022139775,
        0.12789613706050704,
        0.24803918541230538,
        0.25048780534189685,
        0.2651650429449553,
        0.2724311839712921,
        0.14905300022139775,
        0.3097535562749845,
        0.13799626353637262,
        0.12303137303143455,
        0.13258252147247765,
        0.1269381000724369,
        0.10597390598633231,
        0.27018150727797785,
        0.12979099785809492,
        0.12303137303143455,
        0.3690941190943036,
        0.1616262567623219,
        0.2533949178160446,
        0.19702375332685143,
        0.4050462936504913,
        0.13258252147247765,
        0.3065846385991966,
        0.0,
        0.31054073303674673,
        0.184877493221863,
        0.3262595784034547,
        0.23280725665236468,
        0.1767766952966369,
        0.4922357229462775,
        0.28384222069663984,
        0.2567449488305466,
        0.20070675904164265,
        0.19390115071860714,
        0.24853083938416978,
        0.17746588580625855,
        0.3217384419058438,
        0.1608692209529219,
        0.2548360379734389,
        0.4803258171543562,
        0.17399263633843817,
        0.23385358667337133,
        0.47378659892344405,
        0.2405438174740727,
        0.171875,
        0.2390165396996618,
        0.09110862335695782,
        0.14740595518838442,
        0.11796616305110547
    ],
    [
        0.2706329386826371,
        0.34161267357930386,
        0.2125229766989913,
        0.2159417962669571,
        0.22041774968227945,
        0.15388840315306412,
        0.2538762001448738,
        0.18814991529362962,
        0.23228232417685166,
        0.2385052737886523,
        0.24754655496491967,
        0.23541436208311506,
        0.25626905416963636,
        0.16010860571811872,
        0.22426093897511443,
        0.24705294220065463,
        0.22857404434887177,
        0.16973094517500337,
        0.15467960838455727,
        0.1926379375927805,
        0.22426093897511443,
        0.255314603724503,
        0.271083618326523,
        0.31054073303674673,
        0.0,
        0.17044862679118303,
        0.18814991529362962,
        0.13531646934131855,
        0.19640320453088336,
        0.24462538678786205,
        0.16535945694153692,
        0.19327057620082783,
        0.2153757617514097,
        0.4968160342370202,
        0.1514899955442603,
        0.20009763241977652,
        0.26608416196760004,
        0.21875,
        0.20009763241977652,
        0.21650635094610965,
        0.22696623509896796,
        0.14235052467412967,
        0.2929195560549764,
        0.17746588580625855,
        0.21194781197266463,
        0.23333100817293873,
        0.2543565718140579,
        0.23799290955824715,
        0.35251606789620243
    ],
    [
        0.20669932117692114,
        0.19640320453088336,
        0.258639771206982,
        0.2209708691207961,
        0.13710881855300192,
        0.1514899955442603,
        0.14740595518838442,
        0.24356964481437338,
        0.16682934768798924,
        0.203125,
        0.13799626353637262,
        0.18944305707784595,
        0.14905300022139775,
        0.20904825250405706,
        0.16973094517500337,
        0.18154609435347266,
        0.30257682392245444,
        0.11481983169296148,
        0.1570293065800139,
        0.17746588580625855,
        0.2914805954090255,
        0.14574029770451274,
        0.31328027587130347,
        0.184877493221863,
        0.17044862679118303,
        0.0,
        0.15309310892394862,
        0.1788362990978062,
        0.18154609435347266,
        0.4153951954498003,
        0.19578068884596356,
        0.23541436208311506,
        0.1570293065800139,
        0.3140586131600278,
        0.16755945773068137,
        0.171875,
        0.3065846385991966,
        0.20787710461953235,
        0.18684782411095935,
        0.31171777098843756,
        0.19640320453088336,
        0.13441133229754104,
        0.3306368801688308,
        0.18619336387207788,
        0.16973094517500337,
        0.2576941016011038,
        0.15388840315306412,
        0.16682934768798924,
        0.2049199538844375
    ],
    [
        0.23175620272173947,
        0.30618621784789724,
        0.20191949973937634,
        0.1570293065800139,
        0.1887975933374152,
        0.16682934768798924,
        0.22207297505549836,
        0.16387638252658618,
        0.214808235701055,
        0.2572199630180364,
        0.2181912506838897,
        0.18355218944485516,
        0.25911131174651564,
        0.18355218944485516,
        0.18421603316486868,
        0.2768757054167086,
        0.22207297505549836,
        0.15388840315306412,
        0.1570293065800139,
        0.1907274314958391,
        0.265625,
        0.22152260748059102,
        0.2312288841710741,
        0.3262595784034547,
        0.18814991529362962,
        0.15309310892394862,
        0.0,
        0.1875,
        0.20432338797846908,
        0.3837237595082055,
        0.14149039278339715,
        0.16973094517500337,
        0.19327057620082783,
        0.4664003611437281,
        0.1795175827043134,
        0.1988737822087165,
        0.2724311839712921,
        0.2049199538844375,
        0.14574029770451274,
        0.2395267143243108,
        0.21650635094610965,
        0.15857643070456592,
        0.24677828626004444,
        0.16461958988832404,
        0.24705294220065463,
        0.23070036031614688,
        0.29064180058966055,
        0.20252314682524564,
        0.32700702400713044
    ],
    [
        0.24105075969596113,
        0.2533949178160446,
        0.171875,
        0.10825317547305482,
        0.18619336387207788,
        0.15309310892394862,
        0.19008632907181935,
        0.11796616305110547,
        0.2312288841710741,
        0.2153757617514097,
        0.18355218944485516,
        0.20432338797846908,
        0.17469281074217108,
        0.16755945773068137,
        0.17469281074217108,
        0.1887975933374152,
        0.15309310892394862,
        0.1307281291459493,
        0.15467960838455727,
        0.15857643070456592,
        0.16461958988832404,
        0.18087245160609727,
        0.1926379375927805,
        0.23280725665236468,
        0.13531646934131855,
        0.1788362990978062,
        0.1875,
        0.0,
        0.16973094517500337,
        0.20930761768135545,
        0.11587810136086973,
        0.13258252147247765,
        0.21875,
        0.3788861141556919,
        0.1269381000724369,
        0.18814991529362962,
        0.17469281074217108,
        0.1875,
        0.14405538214520136,
        0.1988737822087165,
        0.1711632992203644,
        0.11158481919598204,
        0.22702598664274343,
        0.109375,
        0.18553659510996745,
        0.17746588580625855,
        0.2348952559120767,
        0.19825902406952375,
        0.24556615071096424
    ],
    [
        0.14905300022139775,
        0.21650635094610965,
        0.15625,
        0.19390115071860714,
        0.22262198201210948,
        0.15780476466190746,
        0.13799626353637262,
        0.20551478809321727,
        0.12303137303143455,
        0.11158481919598204,
        0.125,
        0.125,
        0.1288470508005519,
        0.16973094517500337,
        0.0924387466109315,
        0.125,
        0.213668661424646,
        0.14740595518838442,
        0.10126157341262282,
        0.08414320011147662,
        0.271083618326523,
        0.15068204314051492,
        0.22642776165920997,
        0.1767766952966369,
        0.19640320453088336,
        0.18154609435347266,
        0.20432338797846908,
        0.16973094517500337,
        0.0,
        0.34390779206706623,
        0.17608480733726006,
        0.15546678704790937,
        0.12401959270615269,
        0.38937299357428473,
        0.125,
        0.07493486755176124,
        0.20846350100197397,
        0.10825317547305482,
        0.20846350100197397,
        0.31328027587130347,
        0.10825317547305482,
        0.13799626353637262,
        0.33345538130227326,
        0.1767766952966369,
        0.11587810136086973,
        0.1753901900050285,
        0.15934435979977452,
        0.10004881620988826,
        0.214808235701055
    ],
    [
        0.4800998612123431,
        0.534558732221675,
        0.26902440771135333,
        0.2884401145000081,
        0.31110801089725165,
