[
    [
        0.0,
        1.964529205687714,
        1.695582495781317,
        2.817356917396161,
        2.5124689052802225,
        2.381569860407206,
        2.7613402542968153,
        1.9605483926697653,
        2.947456530637899,
        1.7677669529663689,
        1.79843682124227,
        1.899835519196333,
        1.984313483298443,
        1.7320508075688772,
        2.190176933491904,
        2.229069312515876,
        1.704772712123232,
        2.902046691560975,
        2.1213203435596424,
        2.443102535711508,
        2.6983791431153628,
        2.7894892005526746,
        1.7544586059522749,
        2.8339460121886586,
        1.5512092057488571,
        2.5155764746872635,
        1.6909686573085854,
        2.1578345627040085,
        2.521780125229002,
        2.222048604328897,
        3.6206870894900596,
        2.55868618630734,
        2.6040833319999575,
        1.976423537605237,
        0.45069390943299864,
        2.462214450449026,
        2.0155644370746373,
        2.7838821814150108,
        2.3651109910530628,
        2.341874249399399,
        3.3354160160315836,
        2.3385358667337135,
        2.3979157616563596,
        3.179524335494226,
        2.2878756522153907,
        2.358495283014151,
        2.592055169165965,
        1.7001838135919305,
        1.8285923547909742,
        1.2624381172952597
    ],
    [
        1.964529205687714,
        0.0,
        0.8838834764831844,
        1.224744871391589,
        1.0897247358851685,
        1.2183492931011204,
        1.14564392373896,
        1.0458250331675945,
        1.4197270864500684,
        1.0897247358851685,
        0.9100137361600648,
        1.0532687216470449,
        1.0077822185373186,
        0.9100137361600648,
        1.0897247358851685,
        1.0825317547305484,
        0.8477912478906585,
        1.4252192813739224,
        1.0680004681646913,
        1.2374368670764582,
        1.5258194519667128,
        1.14564392373896,
        0.9519716382329886,
        1.231107225224513,
        0.8569568250501305,
        1.165922381636102,
        0.9100137361600648,
        1.0606601717798212,
        1.0968705484240153,
        0.9519716382329886,
        1.5103807466993215,
        1.1388041973930374,
        1.1858541225631423,
        0.9921567416492215,
        1.2747548783981961,
        1.0752906583803283,
        0.9354143466934853,
        1.224744871391589,
        1.125,
        1.0825317547305484,
        1.4523687548277813,
        1.1792476415070754,
        0.9762812094883317,
        1.299038105676658,
        1.159202311936963,
        1.0825317547305484,
        1.1726039399558574,
        0.9437293044088437,
        0.9100137361600648,
        0.8385254915624212
    ],
    [
        1.695582495781317,
        0.8838834764831844,
        0.0,
        1.1792476415070754,
        1.0532687216470449,
        1.1726039399558574,
        1.165922381636102,
        1.0231690964840563,
        1.3693063937629153,
        1.0077822185373186,
        0.82915619758885,
        0.9921567416492215,
        0.9921567416492215,
        0.8385254915624212,
        1.0825317547305484,
        1.0,
        0.82915619758885,
        1.4197270864500684,
        1.0383279828647594,
        1.2374368670764582,
        1.4684175155588413,
        1.0968705484240153,
        0.7905694150420949,
        1.14564392373896,
        0.82915619758885,
        1.0897247358851685,
        0.82915619758885,
        0.9762812094883317,
        1.0077822185373186,
        0.9682458365518543,
        1.5155444566227676,
        1.165922381636102,
        1.0458250331675945,
        0.9842509842514764,
        1.243734296383275,
        1.0897247358851685,
        0.9185586535436918,
        1.192424001771182,
        1.0532687216470449,
        1.0897247358851685,
        1.4523687548277813,
        1.1319231422671772,
        0.9762812094883317,
        1.2747548783981961,
        1.14564392373896,
        1.0825317547305484,
        1.2054563451241194,
        0.8838834764831844,
        0.8003905296791061,
        0.7806247497997998
    ],
    [
        2.817356917396161,
        1.224744871391589,
        1.1792476415070754,
        0.0,
        1.2686114456365274,
        1.299038105676658,
        1.2054563451241194,
        1.357847561400027,
        1.3050383136138188,
        1.403121520040228,
        1.2374368670764582,
        1.2808688457449497,
        1.334634781503914,
        1.299038105676658,
        1.3110110602126894,
        1.1858541225631423,
        1.3050383136138188,
        1.2930100540985752,
        1.2930100540985752,
        1.2624381172952597,
        1.5512092057488571,
        1.125,
        1.1524430571616109,
        1.2562344526401112,
        1.3110110602126894,
        1.2054563451241194,
        1.3110110602126894,
        1.2562344526401112,
        1.1792476415070754,
        1.1319231422671772,
        1.3635890143294642,
        1.346291201783626,
        1.14564392373896,
        1.3169567191065923,
        1.7001838135919305,
        1.2183492931011204,
        1.2119199643540823,
        1.14564392373896,
        1.2808688457449497,
        1.14564392373896,
        1.2930100540985752,
        1.243734296383275,
        1.0752906583803283,
        1.2183492931011204,
        1.2624381172952597,
        1.1524430571616109,
        1.3110110602126894,
        1.3228756555322954,
        1.2374368670764582,
        1.3169567191065923
    ],
    [
        2.5124689052802225,
        1.0897247358851685,
        1.0532687216470449,
        1.2686114456365274,
        0.0,
        1.2562344526401112,
        1.159202311936963,
        1.231107225224513,
        1.340475661845451,
        1.224744871391589,
        1.118033988749895,
        1.1524430571616109,
        1.1792476415070754,
        1.0532687216470449,
        1.192424001771182,
        1.0752906583803283,
        1.103970108290981,
        1.3975424859373686,
        1.1792476415070754,
        1.25,
        1.58607219255619,
        1.231107225224513,
        1.015504800579495,
        1.165922381636102,
        1.14564392373896,
        1.165922381636102,
        1.159202311936963,
        1.0968705484240153,
        1.1319231422671772,
        1.1110243021644486,
        1.4306903927824497,
        1.2183492931011204,
        1.2183492931011204,
        1.1792476415070754,
        1.5512092057488571,
        1.14564392373896,
        1.118033988749895,
        1.2054563451241194,
        1.165922381636102,
        1.165922381636102,
        1.4469796128487782,
        1.299038105676658,
        1.1524430571616109,
        1.2374368670764582,
        1.2562344526401112,
        1.2686114456365274,
        1.2183492931011204,
        1.165922381636102,
        1.118033988749895,
        1.1319231422671772
    ],
    [
        2.381569860407206,
        1.2183492931011204,
        1.1726039399558574,
        1.299038105676658,
        1.2562344526401112,
        0.0,
        1.2686114456365274,
        1.0458250331675945,
        1.2374368670764582,
        1.0897247358851685,
        1.2374368670764582,
        1.0,
        1.125,
        1.2183492931011204,
        1.118033988749895,
        1.286953767623375,
        1.1989578808281798,
        1.2183492931011204,
        1.0825317547305484,
        1.165922381636102,
        1.286953767623375,
        1.334634781503914,
        1.1792476415070754,
        1.346291201783626,
        1.159202311936963,
        1.4142135623730951,
        1.2624381172952597,
        1.192424001771182,
        1.2686114456365274,
        1.1792476415070754,
        1.5360257159305635,
        1.1110243021644486,
        1.2930100540985752,
        1.0680004681646913,
        1.6677080080157918,
        1.3050383136138188,
        1.1989578808281798,
        1.3228756555322954,
        1.2747548783981961,
        1.231107225224513,
        1.541103500742244,
        1.0458250331675945,
        1.2562344526401112,
        1.334634781503914,
        1.0752906583803283,
        1.2624381172952597,
        1.375,
        1.3169567191065923,
        1.1792476415070754,
        1.2562344526401112
    ],
    [
        2.7613402542968153,
        1.14564392373896,
        1.165922381636102,
        1.2054563451241194,
        1.159202311936963,
        1.2686114456365274,
        0.0,
        1.2562344526401112,
        1.340475661845451,
        1.340475661845451,
        1.125,
        1.2686114456365274,
        1.25,
        1.1858541225631423,
        1.2374368670764582,
        1.1726039399558574,
        1.1989578808281798,
        1.3975424859373686,
        1.25,
        1.165922381636102,
        1.505199322349037,
        1.1319231422671772,
        1.192424001771182,
        1.2119199643540823,
        1.243734296383275,
        1.1388041973930374,
        1.3050383136138188,
        1.159202311936963,
        1.14564392373896,
        1.0680004681646913,
        1.2930100540985752,
        1.1989578808281798,
        1.165922381636102,
        1.286953767623375,
        1.6909686573085854,
        1.159202311936963,
        1.1319231422671772,
        1.14564392373896,
        1.2183492931011204,
        1.2183492931011204,
        1.3050383136138188,
        1.299038105676658,
        1.1319231422671772,
        1.2119199643540823,
        1.3110110602126894,
        1.159202311936963,
        1.286953767623375,
        1.2930100540985752,
        1.224744871391589,
        1.2562344526401112
    ],
    [
        1.9605483926697653,
        1.0458250331675945,
        1.0231690964840563,
        1.357847561400027,
        1.231107225224513,
        1.0458250331675945,
        1.2562344526401112,
        0.0,
        1.3110110602126894,
        1.0307764064044151,
        1.0752906583803283,
        0.8385254915624212,
        0.8926785535678563,
        1.0458250331675945,
        0.9921567416492215,
        1.1726039399558574,
        1.015504800579495,
        1.2686114456365274,
        1.0077822185373186,
        1.0383279828647594,
        1.3050383136138188,
        1.3169567191065923,
        1.0606601717798212,
        1.3635890143294642,
        1.0458250331675945,
        1.2808688457449497,
        1.103970108290981,
        1.14564392373896,
        1.1319231422671772,
        1.14564392373896,
        1.695582495781317,
        1.0968705484240153,
        1.243734296383275,
        0.9185586535436918,
        1.4415703243338496,
        1.2183492931011204,
        1.0532687216470449,
        1.3287682265918312,
        1.224744871391589,
        1.1989578808281798,
        1.6345871038277526,
        0.9921567416492215,
        1.192424001771182,
        1.3693063937629153,
        1.0752906583803283,
        1.2054563451241194,
        1.3287682265918312,
        1.0968705484240153,
        1.0825317547305484,
        1.0077822185373186
    ],
    [
        2.947456530637899,
        1.4197270864500684,
        1.3693063937629153,
        1.3050383136138188,
        1.340475661845451,
        1.2374368670764582,
        1.340475661845451,
        1.3110110602126894,
        0.0,
        1.3287682265918312,
        1.4306903927824497,
        1.2624381172952597,
        1.299038105676658,
        1.403121520040228,
        1.299038105676658,
        1.4086784586980805,
        1.479019945774904,
        1.3287682265918312,
        1.1524430571616109,
        1.1989578808281798,
        1.3228756555322954,
        1.3110110602126894,
        1.4523687548277813,
        1.357847561400027,
        1.479019945774904,
        1.352081728298996,
        1.5,
        1.3635890143294642,
        1.3693063937629153,
        1.334634781503914,
        1.4361406616345072,
        1.2054563451241194,
        1.3050383136138188,
        1.299038105676658,
        1.899835519196333,
        1.3228756555322954,
        1.4142135623730951,
        1.299038105676658,
        1.3228756555322954,
        1.4252192813739224,
        1.4142135623730951,
        1.3169567191065923,
        1.3287682265918312,
        1.4523687548277813,
        1.2930100540985752,
        1.3635890143294642,
        1.3693063937629153,
        1.5562374497485916,
        1.3635890143294642,
        1.4737282653189494
    ],
    [
        1.7677669529663689,
        1.0897247358851685,
        1.0077822185373186,
        1.403121520040228,
        1.224744871391589,
        1.0897247358851685,
        1.340475661845451,
        1.0307764064044151,
        1.3287682265918312,
        0.0,
        1.0231690964840563,
        0.9270248108869579,
        0.960143218483576,
        0.9519716382329886,
        1.0077822185373186,
        1.2624381172952597,
        0.9921567416492215,
        1.4306903927824497,
        0.9519716382329886,
        1.125,
        1.2562344526401112,
        1.3287682265918312,
        1.0458250331675945,
        1.334634781503914,
        0.9682458365518543,
        1.2808688457449497,
        1.0532687216470449,
        1.192424001771182,
        1.299038105676658,
        1.192424001771182,
        1.648863244784115,
        1.118033988749895,
        1.357847561400027,
        1.0383279828647594,
        1.2930100540985752,
        1.224744871391589,
        1.1110243021644486,
        1.3169567191065923,
        1.286953767623375,
        1.334634781503914,
        1.6298006013006623,
        1.1524430571616109,
        1.1989578808281798,
        1.625,
        1.118033988749895,
        1.2624381172952597,
        1.346291201783626,
        1.0532687216470449,
        1.0,
        0.9762812094883317
    ],
    [
        1.79843682124227,
        0.9100137361600648,
        0.82915619758885,
        1.2374368670764582,
        1.118033988749895,
        1.2374368670764582,
        1.125,
        1.0752906583803283,
        1.4306903927824497,
        1.0231690964840563,
        0.0,
        1.0231690964840563,
        1.0231690964840563,
        0.8477912478906585,
        1.118033988749895,
        1.0897247358851685,
        0.8477912478906585,
        1.5,
        1.0532687216470449,
        1.1989578808281798,
        1.5103807466993215,
        1.125,
        0.9013878188659973,
        1.1110243021644486,
        0.81967981553775,
        1.1319231422671772,
        0.8838834764831844,
        1.0458250331675945,
        1.0532687216470449,
        1.0,
        1.5258194519667128,
        1.1726039399558574,
        1.0897247358851685,
        1.0968705484240153,
        1.165922381636102,
        1.0606601717798212,
        0.9354143466934853,
        1.192424001771182,
        1.0825317547305484,
        1.224744871391589,
        1.5,
        1.2374368670764582,
        0.9762812094883317,
        1.3975424859373686,
        1.2624381172952597,
        1.0307764064044151,
        1.25,
        0.8569568250501305,
        0.8660254037844386,
        0.8385254915624212
    ],
    [
        1.899835519196333,
        1.0532687216470449,
        0.9921567416492215,
        1.2808688457449497,
        1.1524430571616109,
        1.0,
        1.2686114456365274,
        0.8385254915624212,
        1.2624381172952597,
        0.9270248108869579,
        1.0231690964840563,
        0.0,
        0.8838834764831844,
        0.9762812094883317,
        0.9185586535436918,
        1.1110243021644486,
        0.9842509842514764,
        1.299038105676658,
        0.9354143466934853,
        1.0606601717798212,
        1.2374368670764582,
        1.2747548783981961,
        1.0231690964840563,
        1.3228756555322954,
        1.0383279828647594,
        1.2686114456365274,
        1.0532687216470449,
        1.14564392373896,
        1.1524430571616109,
        1.0825317547305484,
        1.6153559979150107,
        0.960143218483576,
        1.1792476415070754,
        0.875,
        1.352081728298996,
        1.192424001771182,
        1.015504800579495,
        1.2930100540985752,
        1.1989578808281798,
        1.192424001771182,
        1.6105123408406408,
        0.9842509842514764,
        1.1110243021644486,
        1.4142135623730951,
        1.0231690964840563,
        1.2119199643540823,
        1.3050383136138188,
        1.0752906583803283,
        1.0458250331675945,
        0.9682458365518543
    ],
    [
        1.984313483298443,
        1.0077822185373186,
        0.9921567416492215,
        1.334634781503914,
        1.1792476415070754,
        1.125,
        1.25,
        0.8926785535678563,
        1.299038105676658,
        0.960143218483576,
        1.0231690964840563,
        0.8838834764831844,
        0.0,
        1.015504800579495,
        0.960143218483576,
        1.125,
        0.960143218483576,
        1.357847561400027,
        0.960143218483576,
        1.0606601717798212,
        1.25,
        1.2119199643540823,
        1.0458250331675945,
        1.334634781503914,
        1.0231690964840563,
        1.2054563451241194,
        1.0307764064044151,
        1.1858541225631423,
        1.1726039399558574,
        1.14564392373896,
        1.6105123408406408,
        1.0606601717798212,
        1.2686114456365274,
        0.8838834764831844,
        1.2930100540985752,
        1.1388041973930374,
        1.0231690964840563,
        1.3169567191065923,
        1.231107225224513,
        1.165922381636102,
        1.5761900266148114,
        1.0897247358851685,
        1.118033988749895,
        1.4086784586980805,
        1.0606601717798212,
        1.192424001771182,
        1.346291201783626,
        1.0458250331675945,
        0.9921567416492215,
        0.9354143466934853
    ],
    [
        1.7320508075688772,
        0.9100137361600648,
        0.8385254915624212,
        1.299038105676658,
        1.0532687216470449,
        1.2183492931011204,
        1.1858541225631423,
        1.0458250331675945,
        1.403121520040228,
        0.9519716382329886,
        0.8477912478906585,
        0.9762812094883317,
        1.015504800579495,
        0.0,
        1.0606601717798212,
        1.0231690964840563,
        0.770551750371122,
        1.4947825928876748,
        1.0458250331675945,
        1.192424001771182,
        1.5360257159305635,
        1.1858541225631423,
        0.8477912478906585,
        1.14564392373896,
        0.9013878188659973,
        1.118033988749895,
        0.8660254037844386,
        1.0383279828647594,
        1.118033988749895,
        1.015504800579495,
        1.5662455107677085,
        1.118033988749895,
        1.1110243021644486,
        1.0606601717798212,
        1.192424001771182,
        1.1319231422671772,
        0.8385254915624212,
        1.2808688457449497,
        1.0968705484240153,
        1.1792476415070754,
        1.5761900266148114,
        1.1858541225631423,
        1.015504800579495,
        1.4523687548277813,
        1.224744871391589,
        1.118033988749895,
        1.231107225224513,
        0.8569568250501305,
        0.875,
        0.7180703308172536
    ],
    [
        2.190176933491904,
        1.0897247358851685,
        1.0825317547305484,
        1.3110110602126894,
        1.192424001771182,
        1.118033988749895,
        1.2374368670764582,
        0.9921567416492215,
        1.299038105676658,
        1.0077822185373186,
        1.118033988749895,
        0.9185586535436918,
        0.960143218483576,
        1.0606601717798212,
        0.0,
        1.192424001771182,
        1.118033988749895,
        1.3228756555322954,
        1.015504800579495,
        1.0968705484240153,
        1.2808688457449497,
        1.2374368670764582,
        1.1388041973930374,
        1.3228756555322954,
        1.1524430571616109,
        1.224744871391589,
        1.118033988749895,
        1.224744871391589,
        1.2119199643540823,
        1.1792476415070754,
        1.6007810593582121,
        1.0307764064044151,
        1.224744871391589,
        1.0532687216470449,
        1.4684175155588413,
        1.1792476415070754,
        1.14564392373896,
        1.357847561400027,
        1.2374368670764582,
        1.2562344526401112,
        1.5512092057488571,
        1.1792476415070754,
        1.1388041973930374,
        1.3975424859373686,
        1.0825317547305484,
        1.2374368670764582,
        1.340475661845451,
        1.1858541225631423,
        1.0825317547305484,
        1.0825317547305484
    ],
    [
        2.229069312515876,
        1.0825317547305484,
        1.0,
        1.1858541225631423,
        1.0752906583803283,
        1.286953767623375,
        1.1726039399558574,
        1.1726039399558574,
        1.4086784586980805,
        1.2624381172952597,
        1.0897247358851685,
        1.1110243021644486,
        1.125,
        1.0231690964840563,
        1.192424001771182,
        0.0,
        1.0458250331675945,
        1.3635890143294642,
        1.125,
        1.2562344526401112,
        1.5206906325745548,
        1.192424001771182,
        0.9519716382329886,
        1.2374368670764582,
        1.0897247358851685,
        1.1858541225631423,
        1.015504800579495,
        1.118033988749895,
        1.14564392373896,
        1.0752906583803283,
        1.5206906325745548,
        1.25,
        1.1110243021644486,
        1.1319231422671772,
        1.489546910976623,
        1.165922381636102,
        1.1110243021644486,
        1.2374368670764582,
        1.0897247358851685,
        1.1110243021644486,
        1.4947825928876748,
        1.1989578808281798,
        1.0897247358851685,
        1.2624381172952597,
        1.1524430571616109,
        1.1989578808281798,
        1.243734296383275,
        1.0458250331675945,
        0.9921567416492215,
        1.0680004681646913
    ],
    [
        1.704772712123232,
        0.8477912478906585,
        0.82915619758885,
        1.3050383136138188,
        1.103970108290981,
        1.1989578808281798,
        1.1989578808281798,
        1.015504800579495,
        1.479019945774904,
        0.9921567416492215,
        0.8477912478906585,
        0.9842509842514764,
        0.960143218483576,
        0.770551750371122,
        1.118033988749895,
        1.0458250331675945,
        0.0,
        1.4842927608797396,
        1.0825317547305484,
        1.2624381172952597,
        1.5206906325745548,
        1.1989578808281798,
        0.8926785535678563,
        1.231107225224513,
        0.8385254915624212,
        1.1524430571616109,
        0.82915619758885,
        1.0532687216470449,
        1.0752906583803283,
        1.0231690964840563,
        1.6298006013006623,
        1.1792476415070754,
        1.1858541225631423,
        1.0383279828647594,
        1.1110243021644486,
        1.165922381636102,
        0.9921567416492215,
        1.2624381172952597,
        1.165922381636102,
        1.159202311936963,
        1.6007810593582121,
        1.192424001771182,
        1.0532687216470449,
        1.403121520040228,
        1.159202311936963,
        1.1388041973930374,
        1.224744871391589,
        0.875,
        0.9100137361600648,
        0.7288689868556626
    ],
    [
        2.902046691560975,
        1.4252192813739224,
        1.4197270864500684,
        1.2930100540985752,
        1.3975424859373686,
        1.2183492931011204,
        1.3975424859373686,
        1.2686114456365274,
        1.3287682265918312,
        1.4306903927824497,
        1.5,
        1.299038105676658,
        1.357847561400027,
        1.4947825928876748,
        1.3228756555322954,
        1.3635890143294642,
        1.4842927608797396,
        0.0,
        1.299038105676658,
        1.2624381172952597,
        1.4197270864500684,
        1.3635890143294642,
        1.334634781503914,
        1.4630874888399532,
        1.4684175155588413,
        1.4947825928876748,
        1.5662455107677085,
        1.3975424859373686,
        1.375,
        1.357847561400027,
        1.4737282653189494,
        1.2747548783981961,
        1.3228756555322954,
        1.3110110602126894,
        1.899835519196333,
        1.3975424859373686,
        1.4737282653189494,
        1.3693063937629153,
        1.4523687548277813,
        1.3287682265918312,
        1.5562374497485916,
        1.25,
        1.3050383136138188,
        1.4469796128487782,
        1.1989578808281798,
        1.3919410907075054,
        1.3635890143294642,
        1.595893166850463,
        1.4684175155588413,
        1.5258194519667128
    ],
    [
        2.1213203435596424,
        1.0680004681646913,
        1.0383279828647594,
        1.2930100540985752,
        1.1792476415070754,
        1.0825317547305484,
        1.25,
        1.0077822185373186,
        1.1524430571616109,
        0.9519716382329886,
        1.0532687216470449,
        0.9354143466934853,
        0.960143218483576,
        1.0458250331675945,
        1.015504800579495,
        1.125,
        1.0825317547305484,
        1.299038105676658,
        0.0,
        1.0532687216470449,
        1.2054563451241194,
        1.231107225224513,
        0.9682458365518543,
        1.299038105676658,
        1.0680004681646913,
        1.2374368670764582,
        1.0897247358851685,
        1.118033988749895,
        1.1858541225631423,
        1.118033988749895,
        1.5662455107677085,
        1.0680004681646913,
        1.2119199643540823,
        0.9762812094883317,
        1.4252192813739224,
        1.1989578808281798,
        1.0968705484240153,
        1.165922381636102,
        1.14564392373896,
        1.192424001771182,
        1.479019945774904,
        1.0680004681646913,
        1.125,
        1.4252192813739224,
        1.0307764064044151,
        1.1989578808281798,
        1.2930100540985752,
        1.1388041973930374,
        1.0752906583803283,
        1.0307764064044151
    ],
    [
        2.443102535711508,
        1.2374368670764582,
        1.2374368670764582,
        1.2624381172952597,
        1.25,
        1.165922381636102,
        1.165922381636102,
        1.0383279828647594,
        1.1989578808281798,
        1.125,
        1.1989578808281798,
        1.0606601717798212,
        1.0606601717798212,
        1.192424001771182,
        1.0968705484240153,
        1.2562344526401112,
        1.2624381172952597,
        1.2624381172952597,
        1.0532687216470449,
        0.0,
        1.243734296383275,
        1.243734296383275,
        1.25,
        1.3287682265918312,
        1.3050383136138188,
        1.2808688457449497,
        1.3228756555322954,
        1.2054563451241194,
        1.3110110602126894,
        1.192424001771182,
        1.479019945774904,
        1.14564392373896,
        1.2624381172952597,
        1.0825317547305484,
        1.648863244784115,
        1.2119199643540823,
        1.231107225224513,
        1.2686114456365274,
        1.2119199643540823,
        1.3806701271484076,
        1.4361406616345072,
        1.165922381636102,
        1.2183492931011204,
        1.4252192813739224,
        1.159202311936963,
        1.2119199643540823,
        1.3228756555322954,
        1.3169567191065923,
        1.2183492931011204,
        1.243734296383275
    ],
    [
        2.6983791431153628,
        1.5258194519667128,
        1.4684175155588413,
        1.5512092057488571,
        1.58607219255619,
        1.286953767623375,
        1.505199322349037,
        1.3050383136138188,
        1.3228756555322954,
        1.2562344526401112,
        1.5103807466993215,
        1.2374368670764582,
        1.25,
        1.5360257159305635,
        1.2808688457449497,
        1.5206906325745548,
        1.5206906325745548,
        1.4197270864500684,
        1.2054563451241194,
        1.243734296383275,
        0.0,
        1.5155444566227676,
        1.505199322349037,
        1.6345871038277526,
        1.5811388300841898,
        1.5461646096066226,
        1.6007810593582121,
        1.5512092057488571,
        1.5309310892394863,
        1.4842927608797396,
        1.7544586059522749,
        1.231107225224513,
        1.5612494995995996,
        1.224744871391589,
        1.8328597873268975,
        1.5461646096066226,
        1.5662455107677085,
        1.5258194519667128,
        1.5103807466993215,
        1.6007810593582121,
        1.695582495781317,
        1.3287682265918312,
        1.5103807466993215,
        1.695582495781317,
        1.2562344526401112,
        1.5258194519667128,
        1.595893166850463,
        1.6007810593582121,
        1.5155444566227676,
        1.5258194519667128
    ],
    [
        2.7894892005526746,
        1.14564392373896,
        1.0968705484240153,
        1.125,
        1.231107225224513,
        1.334634781503914,
        1.1319231422671772,
        1.3169567191065923,
        1.3110110602126894,
        1.3287682265918312,
        1.125,
        1.2747548783981961,
        1.2119199643540823,
        1.1858541225631423,
        1.2374368670764582,
        1.192424001771182,
        1.1989578808281798,
        1.3635890143294642,
        1.231107225224513,
        1.243734296383275,
        1.5155444566227676,
        0.0,
        1.1388041973930374,
        1.125,
        1.231107225224513,
        1.1110243021644486,
        1.159202311936963,
        1.243734296383275,
        1.0680004681646913,
        1.165922381636102,
        1.1989578808281798,
        1.1858541225631423,
        1.0968705484240153,
        1.2624381172952597,
        1.541103500742244,
        1.1110243021644486,
        1.1989578808281798,
        1.0825317547305484,
        1.1726039399558574,
        1.2054563451241194,
        1.2119199643540823,
        1.3228756555322954,
        1.0897247358851685,
        1.2183492931011204,
        1.243734296383275,
        1.118033988749895,
        1.1726039399558574,
        1.25,
        1.14564392373896,
        1.2183492931011204
    ],
    [
        1.7544586059522749,
        0.9519716382329886,
        0.7905694150420949,
        1.1524430571616109,
        1.015504800579495,
        1.1792476415070754,
        1.192424001771182,
        1.0606601717798212,
        1.4523687548277813,
        1.0458250331675945,
        0.9013878188659973,
        1.0231690964840563,
        1.0458250331675945,
        0.8477912478906585,
        1.1388041973930374,
        0.9519716382329886,
        0.8926785535678563,
        1.334634781503914,
        0.9682458365518543,
        1.25,
        1.505199322349037,
        1.1388041973930374,
        0.0,
        1.2374368670764582,
        0.8100925873009825,
        1.1388041973930374,
        0.8569568250501305,
        1.015504800579495,
        1.0680004681646913,
        0.9842509842514764,
        1.5512092057488571,
        1.165922381636102,
        1.1726039399558574,
        1.0458250331675945,
        1.165922381636102,
        1.118033988749895,
        0.9519716382329886,
        1.1989578808281798,
        1.1319231422671772,
        0.9921567416492215,
        1.541103500742244,
        1.1388041973930374,
        0.960143218483576,
        1.3110110602126894,
        1.0532687216470449,
        1.1726039399558574,
        1.231107225224513,
        0.9185586535436918,
        0.8660254037844386,
        0.8100925873009825
    ],
    [
        2.8339460121886586,
        1.231107225224513,
        1.14564392373896,
        1.2562344526401112,
        1.165922381636102,
        1.346291201783626,
        1.2119199643540823,
        1.3635890143294642,
        1.357847561400027,
        1.334634781503914,
        1.1110243021644486,
        1.3228756555322954,
        1.334634781503914,
        1.14564392373896,
        1.3228756555322954,
        1.2374368670764582,
        1.231107225224513,
        1.4630874888399532,
        1.299038105676658,
        1.3287682265918312,
        1.6345871038277526,
        1.125,
        1.2374368670764582,
        0.0,
        1.2808688457449497,
        1.2374368670764582,
        1.2747548783981961,
        1.25,
        1.1726039399558574,
        1.25,
        1.346291201783626,
        1.286953767623375,
        1.0968705484240153,
        1.3228756555322954,
        1.620185174601965,
        1.1858541225631423,
        1.1388041973930374,
        1.2183492931011204,
        1.1524430571616109,
        1.3228756555322954,
        1.346291201783626,
        1.4142135623730951,
        1.159202311936963,
        1.2808688457449497,
        1.3693063937629153,
        1.1989578808281798,
        1.2183492931011204,
        1.3110110602126894,
        1.2374368670764582,
        1.2686114456365274
    ],
    [
        1.5512092057488571,
        0.8569568250501305,
        0.82915619758885,
        1.3110110602126894,
        1.14564392373896,
        1.159202311936963,
        1.243734296383275,
        1.0458250331675945,
        1.479019945774904,
        0.9682458365518543,
        0.81967981553775,
        1.0383279828647594,
        1.0231690964840563,
        0.9013878188659973,
        1.1524430571616109,
        1.0897247358851685,
        0.8385254915624212,
        1.4684175155588413,
        1.0680004681646913,
        1.3050383136138188,
        1.5811388300841898,
        1.231107225224513,
        0.8100925873009825,
        1.2808688457449497,
        0.0,
        1.2054563451241194,
        0.82915619758885,
        1.0,
        1.1524430571616109,
        1.0077822185373186,
        1.6441183047457382,
        1.2562344526401112,
        1.231107225224513,
        1.0077822185373186,
        1.1726039399558574,
        1.2183492931011204,
        1.0,
        1.3110110602126894,
        1.1726039399558574,
        1.0606601717798212,
        1.5662455107677085,
        1.1319231422671772,
        1.0825317547305484,
        1.4142135623730951,
        1.1319231422671772,
        1.159202311936963,
        1.243734296383275,
        0.8926785535678563,
        0.8660254037844386,
        0.739509972887452
    ],
    [
        2.5155764746872635,
        1.165922381636102,
        1.0897247358851685,
        1.2054563451241194,
        1.165922381636102,
        1.4142135623730951,
        1.1388041973930374,
        1.2808688457449497,
        1.352081728298996,
        1.2808688457449497,
        1.1319231422671772,
        1.2686114456365274,
        1.2054563451241194,
        1.118033988749895,
        1.224744871391589,
        1.1858541225631423,
        1.1524430571616109,
        1.4947825928876748,
        1.2374368670764582,
        1.2808688457449497,
        1.5461646096066226,
        1.1110243021644486,
        1.1388041973930374,
        1.2374368670764582,
        1.2054563451241194,
        0.0,
        1.159202311936963,
        1.165922381636102,
        1.125,
        1.165922381636102,
        1.4086784586980805,
        1.2808688457449497,
        1.1858541225631423,
        1.25,
        1.4737282653189494,
        1.1388041973930374,
        1.125,
        1.243734296383275,
        1.1110243021644486,
        1.2374368670764582,
        1.3110110602126894,
        1.346291201783626,
        1.103970108290981,
        1.3287682265918312,
        1.3228756555322954,
        1.1388041973930374,
        1.224744871391589,
        1.159202311936963,
        1.0532687216470449,
        1.2054563451241194
    ],
    [
        1.6909686573085854,
        0.9100137361600648,
        0.82915619758885,
        1.3110110602126894,
        1.159202311936963,
        1.2624381172952597,
        1.3050383136138188,
        1.103970108290981,
        1.5,
        1.0532687216470449,
        0.8838834764831844,
        1.0532687216470449,
        1.0307764064044151,
        0.8660254037844386,
        1.118033988749895,
        1.015504800579495,
        0.82915619758885,
        1.5662455107677085,
        1.0897247358851685,
        1.3228756555322954,
        1.6007810593582121,
        1.159202311936963,
        0.8569568250501305,
        1.2747548783981961,
        0.82915619758885,
        1.159202311936963,
        0.0,
        1.0968705484240153,
        1.0532687216470449,
        1.0383279828647594,
        1.6105123408406408,
        1.231107225224513,
        1.25,
        1.0752906583803283,
        1.0968705484240153,
        1.125,
        0.9842509842514764,
        1.3169567191065923,
        1.125,
        1.1524430571616109,
        1.6007810593582121,
        1.192424001771182,
        1.0532687216470449,
        1.5258194519667128,
        1.2119199643540823,
        1.125,
        1.2624381172952597,
        0.81967981553775,
        0.8385254915624212,
        0.739509972887452
    ],
    [
        2.1578345627040085,
        1.0606601717798212,
        0.9762812094883317,
        1.2562344526401112,
        1.0968705484240153,
        1.192424001771182,
        1.159202311936963,
        1.14564392373896,
        1.3635890143294642,
        1.192424001771182,
        1.0458250331675945,
        1.14564392373896,
        1.1858541225631423,
        1.0383279828647594,
        1.224744871391589,
        1.118033988749895,
        1.0532687216470449,
        1.3975424859373686,
        1.118033988749895,
        1.2054563451241194,
        1.5512092057488571,
        1.243734296383275,
        1.015504800579495,
        1.25,
        1.0,
        1.165922381636102,
        1.0968705484240153,
        0.0,
        1.165922381636102,
        1.0968705484240153,
        1.489546910976623,
        1.2374368670764582,
        1.1989578808281798,
        1.125,
        1.403121520040228,
        1.192424001771182,
        1.0968705484240153,
        1.1989578808281798,
        1.125,
        1.243734296383275,
        1.5,
        1.192424001771182,
        1.1319231422671772,
        1.3228756555322954,
        1.2686114456365274,
        1.2119199643540823,
        1.118033988749895,
        1.125,
        0.960143218483576,
        1.0606601717798212
    ],
    [
        2.521780125229002,
        1.0968705484240153,
        1.0077822185373186,
        1.1792476415070754,
        1.1319231422671772,
        1.2686114456365274,
        1.14564392373896,
        1.1319231422671772,
        1.3693063937629153,
        1.299038105676658,
        1.0532687216470449,
        1.1524430571616109,
        1.1726039399558574,
        1.118033988749895,
        1.2119199643540823,
        1.14564392373896,
        1.0752906583803283,
        1.375,
        1.1858541225631423,
        1.3110110602126894,
        1.5309310892394863,
        1.0680004681646913,
        1.0680004681646913,
        1.1726039399558574,
        1.1524430571616109,
        1.125,
        1.0532687216470449,
        1.165922381636102,
        0.0,
        1.015504800579495,
        1.357847561400027,
        1.2119199643540823,
        1.0825317547305484,
        1.224744871391589,
        1.5461646096066226,
        1.0968705484240153,
        1.0680004681646913,
        1.1989578808281798,
        1.165922381636102,
        1.103970108290981,
        1.3635890143294642,
        1.1989578808281798,
        0.9842509842514764,
        1.25,
        1.2183492931011204,
        1.0825317547305484,
        1.1989578808281798,
        1.125,
        1.0825317547305484,
        1.0968705484240153
    ],
    [
        2.222048604328897,
        0.9519716382329886,
        0.9682458365518543,
        1.1319231422671772,
        1.1110243021644486,
        1.1792476415070754,
        1.0680004681646913,
        1.14564392373896,
        1.334634781503914,
        1.192424001771182,
        1.0,
        1.0825317547305484,
        1.14564392373896,
        1.015504800579495,
        1.1792476415070754,
        1.0752906583803283,
        1.0231690964840563,
        1.357847561400027,
        1.118033988749895,
        1.192424001771182,
        1.4842927608797396,
        1.165922381636102,
        0.9842509842514764,
        1.25,
        1.0077822185373186,
        1.165922381636102,
        1.0383279828647594,
        1.0968705484240153,
        1.015504800579495,
        0.0,
        1.4630874888399532,
        1.2183492931011204,
        1.1110243021644486,
