[
    [
        0.0,
        1.9445436482630056,
        0.6614378277661477,
        2.2043990110685496,
        1.8957188610128877,
        1.928406077567689,
        1.505199322349037,
        1.2916666666666665,
        2.3385358667337135,
        1.4173037783058366,
        1.3992527160114094,
        1.4415703243338496,
        1.4577379737113252,
        1.3228756555322954,
        2.190176933491904,
        1.6738154507786411,
        1.4577379737113252,
        2.5,
        1.5612494995995996,
        1.7721808598447282,
        1.9382838916021679,
        2.027159342528357,
        1.243734296383275,
        2.190176933491904,
        1.0458250331675945,
        1.977371993328519,
        1.3215626272628087,
        2.008229596214315,
        1.4306903927824497,
        1.571225636247067,
        2.3764615385998664,
        1.3635890143294642,
        1.9080421903092184,
        1.369940185231133,
        0.2795084971874737,
        1.8285923547909742,
        1.299038105676658,
        2.54644359843292,
        1.9882467150733583,
        2.011684617428885,
        2.3385358667337135,
        1.9605483926697653,
        1.5612494995995996,
        2.6014152131313275,
        1.7658213386410302,
        1.6770509831248424,
        1.6562382075051885,
        1.3169567191065923,
        1.4684175155588413,
        0.770551750371122
    ],
    [
        1.9445436482630056,
        0.0,
        1.1726039399558574,
        1.1319231422671772,
        1.0752906583803283,
        1.1319231422671772,
        1.165922381636102,
        0.9537935951882998,
        1.103970108290981,
        0.9663074045043845,
        0.9618023578210879,
        1.0077822185373186,
        1.0383279828647594,
        1.0231690964840563,
        0.9437293044088437,
        1.039555684130563,
        0.9519716382329886,
        1.25,
        1.0231690964840563,
        1.0825317547305484,
        1.006058038970803,
        1.0897247358851685,
        1.0825317547305484,
        1.0825317547305484,
        1.0897247358851685,
        1.1014195385955345,
        0.9565200236040832,
        1.0516191220103301,
        1.103970108290981,
        1.0897247358851685,
        1.2040152730666573,
        1.1110243021644486,
        1.0458250331675945,
        0.950146187582615,
        1.4086784586980805,
        1.0383279828647594,
        1.1319231422671772,
        1.2183492931011204,
        1.1319231422671772,
        1.118033988749895,
        1.1989578808281798,
        1.0307764064044151,
        0.9354143466934853,
        1.116480083914522,
        1.0059199769365355,
        1.0307764064044151,
        1.0494045930907678,
        1.0752906583803283,
        0.9921567416492215,
        1.118033988749895
    ],
    [
        0.6614378277661477,
        1.1726039399558574,
        0.0,
        1.25,
        1.0606601717798212,
        1.1726039399558574,
        0.7180703308172536,
        0.7949493345141213,
        1.3050383136138188,
        0.8584142356694698,
        0.8362406767120069,
        0.960143218483576,
        0.8569568250501305,
        0.8477912478906585,
        1.25,
        0.9900654482592223,
        0.9185586535436918,
        1.403121520040228,
        0.9519716382329886,
        1.0532687216470449,
        1.0905210273585335,
        0.9921567416492215,
        0.739509972887452,
        1.0231690964840563,
        0.6614378277661477,
        1.003431612019474,
        0.733617369235792,
        1.162193806748446,
        0.649519052838329,
        0.9354143466934853,
        1.1118053386771944,
        0.5994789404140899,
        1.0752906583803283,
        0.7949493345141213,
        0.5153882032022076,
        1.0532687216470449,
        0.739509972887452,
        1.5309310892394863,
        1.2119199643540823,
        1.231107225224513,
        1.1110243021644486,
        1.165922381636102,
        0.6959705453537527,
        1.2402396721781015,
        0.9934158243152764,
        1.0,
        0.8306623862918076,
        0.875,
        0.875,
        0.45069390943299864
    ],
    [
        2.2043990110685496,
        1.1319231422671772,
        1.25,
        0.0,
        1.0383279828647594,
        1.0825317547305484,
        1.0680004681646913,
        0.9789450103725609,
        1.0606601717798212,
        1.061838029079765,
        1.0364837043522466,
        1.0307764064044151,
        1.0532687216470449,
        1.0968705484240153,
        1.1858541225631423,
        0.9821428571428571,
        1.1110243021644486,
        1.0606601717798212,
        1.0383279828647594,
        0.9682458365518543,
        1.0008676791220261,
        0.9519716382329886,
        1.0,
        1.0606601717798212,
        1.0752906583803283,
        1.0857025375304232,
        1.0777097630314636,
        1.0189182717197902,
        1.0231690964840563,
        0.8660254037844386,
        1.0976616560266244,
        1.103970108290981,
        0.9437293044088437,
        0.9637527921850314,
        1.4415703243338496,
        1.0307764064044151,
        1.1319231422671772,
        1.231107225224513,
        1.1110243021644486,
        0.9762812094883317,
        0.9921567416492215,
        0.9762812094883317,
        0.9270248108869579,
        0.9637527921850314,
        0.9617692030835673,
        0.960143218483576,
        0.9695359714832659,
        1.118033988749895,
        1.0606601717798212,
        1.25
    ],
    [
        1.8957188610128877,
        1.0752906583803283,
        1.0606601717798212,
        1.0383279828647594,
        0.0,
        0.9437293044088437,
        0.875,
        0.8302024518821365,
        1.0968705484240153,
        0.9216154295583381,
        0.9187322121004686,
        0.8569568250501305,
        0.875,
        0.8569568250501305,
        1.0752906583803283,
        0.7290877022354858,
        0.9519716382329886,
        1.165922381636102,
        0.8569568250501305,
        0.9013878188659973,
        1.1441275181454984,
        0.9519716382329886,
        0.9100137361600648,
        0.9682458365518543,
        0.9270248108869579,
        1.0065411069598698,
        0.8936504412303007,
        0.9418878796214429,
        0.8926785535678563,
        0.9185586535436918,
        1.1577036657874837,
        0.8660254037844386,
        0.8477912478906585,
        0.8819171036881969,
        1.3110110602126894,
        0.8569568250501305,
        0.8838834764831844,
        1.352081728298996,
        1.0383279828647594,
        0.9921567416492215,
        1.2119199643540823,
        1.0606601717798212,
        0.9185586535436918,
        0.9982623792259117,
        0.938416218956173,
        0.9519716382329886,
        0.8325412902673356,
        0.9519716382329886,
        0.8926785535678563,
        1.14564392373896
    ],
    [
        1.928406077567689,
        1.1319231422671772,
        1.1726039399558574,
        1.0825317547305484,
        0.9437293044088437,
        0.0,
        1.0,
        0.9601432184835761,
        1.14564392373896,
        0.9807522622966516,
        0.9945643082603086,
        0.8660254037844386,
        1.0458250331675945,
        0.9762812094883317,
        1.1388041973930374,
        0.9126380242271884,
        1.0077822185373186,
        1.1319231422671772,
        0.9013878188659973,
        0.9013878188659973,
        1.2713455251993633,
        0.960143218483576,
        0.8477912478906585,
        1.1726039399558574,
        1.0077822185373186,
        1.1404494727957044,
        0.8994597143717876,
        1.0466547239233726,
        1.015504800579495,
        0.960143218483576,
        1.4055939827860835,
        1.0077822185373186,
        0.9519716382329886,
        1.0017346066809423,
        1.4630874888399532,
        0.9354143466934853,
        1.0383279828647594,
        1.5,
        1.0458250331675945,
        0.9682458365518543,
        1.2808688457449497,
        0.9682458365518543,
        1.0077822185373186,
        1.1326897682556822,
        0.8888194417315589,
        0.960143218483576,
        1.0793516572461452,
        1.015504800579495,
        0.9185586535436918,
        1.2686114456365274
    ],
    [
        1.505199322349037,
        1.165922381636102,
        0.7180703308172536,
        1.0680004681646913,
        0.875,
        1.0,
        0.0,
        0.798218502527834,
        1.118033988749895,
        0.8620469824783334,
        0.7935887872603204,
        0.82915619758885,
        0.8003905296791061,
        0.7603453162872774,
        1.2054563451241194,
        0.8953536526229767,
        0.8926785535678563,
        1.231107225224513,
        0.82915619758885,
        0.875,
        1.0785149254620654,
        0.82915619758885,
        0.6846531968814576,
        1.015504800579495,
        0.7288689868556626,
        0.8947765084086641,
        0.8079466429027216,
        1.024017143953709,
        0.6373774391990981,
        0.7905694150420949,
        1.1349865393230198,
        0.57282196186948,
        0.9013878188659973,
        0.8111634305804911,
        0.9100137361600648,
        0.8838834764831844,
        0.7071067811865476,
        1.479019945774904,
        1.0383279828647594,
        1.0383279828647594,
        1.0383279828647594,
        1.118033988749895,
        0.739509972887452,
        1.068812944865055,
        0.9317322576792112,
        0.8569568250501305,
        0.724137417898012,
        0.8100925873009825,
        0.7905694150420949,
        0.8477912478906585
    ],
    [
        1.2916666666666665,
        0.9537935951882998,
        0.7949493345141213,
        0.9789450103725609,
        0.8302024518821365,
        0.9601432184835761,
        0.798218502527834,
        0.0,
        1.1219093348196882,
        0.6992555565266059,
        0.6587271705803329,
        0.6666666666666667,
        0.6972166887783964,
        0.7156485015549029,
        1.0833333333333333,
        0.8200255443728788,
        0.6934715407122183,
        1.1681538140730154,
        0.7156485015549029,
        0.8249579113843055,
        0.997392433632152,
        0.8549285220284663,
        0.6821127309893709,
        0.986893273527251,
        0.6588078458684123,
        0.9915616190859974,
        0.6614378277661477,
        0.9592387027684449,
        0.7264831572567789,
        0.746519702798705,
        1.2054563451241194,
        0.7168604389202189,
        0.8100925873009825,
        0.6679674809117249,
        0.9982623792259117,
        0.7872684844871327,
        0.6360140634364062,
        1.3248427579653872,
        0.982485510212633,
        0.9004242827072629,
        1.1326897682556822,
        0.9042722672587795,
        0.7120003121097942,
        1.0307764064044151,
        0.8298259523003068,
        0.846766726370899,
        0.7205803987835855,
        0.7324331596352894,
        0.7406828681096324,
        0.8111634305804911
    ],
    [
        2.3385358667337135,
        1.103970108290981,
        1.3050383136138188,
        1.0606601717798212,
        1.0968705484240153,
        1.14564392373896,
        1.118033988749895,
        1.1219093348196882,
        0.0,
        1.0951598056904754,
        1.0691940985659074,
        1.1319231422671772,
        1.192424001771182,
        1.192424001771182,
        1.224744871391589,
        1.0691940985659074,
        1.2374368670764582,
        1.224744871391589,
        1.0458250331675945,
        1.0532687216470449,
        1.0290907529357056,
        1.103970108290981,
        1.1792476415070754,
        1.0383279828647594,
        1.224744871391589,
        1.0505950694725348,
        1.1569536147429016,
        0.9904053603337261,
        1.118033988749895,
        1.0897247358851685,
        1.0663736576724772,
        1.1388041973930374,
        1.0532687216470449,
        1.0663736576724772,
        1.5562374497485916,
        1.125,
        1.1726039399558574,
        1.1388041973930374,
        1.192424001771182,
        1.1858541225631423,
        1.0825317547305484,
        1.0231690964840563,
        1.0752906583803283,
        1.102396379610246,
        1.0662434056068062,
        1.0383279828647594,
        1.0662434056068062,
        1.231107225224513,
        1.1726039399558574,
        1.231107225224513
    ],
    [
        1.4173037783058366,
        0.9663074045043845,
        0.8584142356694698,
        1.061838029079765,
        0.9216154295583381,
        0.9807522622966516,
        0.8620469824783334,
        0.6992555565266059,
        1.0951598056904754,
        0.0,
        0.6493324672779149,
        0.7862092596758194,
        0.796084166404533,
        0.724137417898012,
        1.074709263010234,
        0.9098805707680676,
        0.7762087348130012,
        1.3119641763401926,
        0.7762087348130012,
        0.8724964183307574,
        1.0190204991940925,
        0.9886859966642595,
        0.8054501846793506,
        0.9663074045043845,
        0.724137417898012,
        0.9483538369195329,
        0.732006375199925,
        0.9853439895679974,
        0.8710625695092173,
        0.8073877630977572,
        1.194896555262328,
        0.8344159634139319,
        0.9233092656309694,
        0.7919297808377822,
        1.1008519428152,
        0.8437268515343103,
        0.6796138609534094,
        1.3226394066411298,
        1.0043654713300334,
        1.0612492638395563,
        1.0957303500405564,
        1.0111874208078342,
        0.7754031209635412,
        1.2063489452798382,
        0.960143218483576,
        0.8154753215150046,
        0.8558621384311845,
        0.724137417898012,
        0.7553972464869063,
        0.88175960442742
    ],
    [
        1.3992527160114094,
        0.9618023578210879,
        0.8362406767120069,
        1.0364837043522466,
        0.9187322121004686,
        0.9945643082603086,
        0.7935887872603204,
        0.6587271705803329,
        1.0691940985659074,
        0.6493324672779149,
        0.0,
        0.7213932098830056,
        0.6993984295559336,
        0.6650437303405741,
        1.1033922646982433,
        0.8479792907559833,
        0.7216141911134555,
        1.2102084910612447,
        0.7321428571428572,
        0.8225923433057872,
        0.9828640930448244,
        0.8225923433057872,
        0.773649250801231,
        0.9950451225539308,
        0.6993984295559336,
        0.8859302732041567,
        0.7995490154567846,
        0.9864803211601746,
        0.8225923433057872,
        0.7531820253201122,
        1.2132932452075273,
        0.7427369408244794,
        0.7913757073628692,
        0.7636466323754214,
        0.9707127089233488,
        0.8033729913715709,
        0.676689118624872,
        1.352199644117325,
        0.9538121686481172,
        1.0990487538163656,
        1.1305136993817437,
        1.0581016405018249,
        0.7565614344398164,
        1.132314342828464,
        0.9939613592456548,
        0.7634842259439982,
        0.7417144370459894,
        0.7104809380027772,
        0.7487234033298795,
        0.8584439529801368
    ],
    [
        1.4415703243338496,
        1.0077822185373186,
        0.960143218483576,
        1.0307764064044151,
        0.8569568250501305,
        0.8660254037844386,
        0.82915619758885,
        0.6666666666666667,
        1.1319231422671772,
        0.7862092596758194,
        0.7213932098830056,
        0.0,
        0.7071067811865476,
        0.7071067811865476,
        1.118033988749895,
        0.8506075259867538,
        0.75,
        1.1726039399558574,
        0.75,
        0.8385254915624212,
        1.0857345183996154,
        0.8838834764831844,
        0.7288689868556626,
        1.1319231422671772,
        0.7288689868556626,
        1.077032961426901,
        0.7750448015724282,
        0.9771699499632145,
        0.8477912478906585,
        0.739509972887452,
        1.3775229379013783,
        0.8100925873009825,
        0.739509972887452,
        0.8111634305804911,
        1.0606601717798212,
        0.8100925873009825,
        0.770551750371122,
        1.4197270864500684,
        0.9762812094883317,
        0.9270248108869579,
        1.2808688457449497,
        0.9437293044088437,
        0.8838834764831844,
        1.1599509089229212,
        0.8620469824783334,
        0.81967981553775,
        0.8154753215150046,
        0.7071067811865476,
        0.7806247497997998,
        1.0231690964840563
    ],
    [
        1.4577379737113252,
        1.0383279828647594,
        0.8569568250501305,
        1.0532687216470449,
        0.875,
        1.0458250331675945,
        0.8003905296791061,
        0.6972166887783964,
        1.192424001771182,
        0.796084166404533,
        0.6993984295559336,
        0.7071067811865476,
        0.0,
        0.673145600891813,
        1.1319231422671772,
        0.8953536526229767,
        0.6614378277661477,
        1.2562344526401112,
        0.8003905296791061,
        0.8477912478906585,
        1.1349865393230198,
        0.8477912478906585,
        0.739509972887452,
        1.125,
        0.6373774391990981,
        0.9781998773256926,
        0.7716774657271723,
        1.0391636594449938,
        0.75,
        0.7603453162872774,
        1.360402309776209,
        0.7288689868556626,
        0.8385254915624212,
        0.7083333333333334,
        0.9100137361600648,
        0.770551750371122,
        0.6846531968814576,
        1.4737282653189494,
        0.9842509842514764,
        0.960143218483576,
        1.3169567191065923,
        1.0231690964840563,
        0.8385254915624212,
        1.1118053386771944,
        0.8975661535508122,
        0.770551750371122,
        0.8154753215150046,
        0.6959705453537527,
        0.6846531968814576,
        0.9354143466934853
    ],
    [
        1.3228756555322954,
        1.0231690964840563,
        0.8477912478906585,
        1.0968705484240153,
        0.8569568250501305,
        0.9762812094883317,
        0.7603453162872774,
        0.7156485015549029,
        1.192424001771182,
        0.724137417898012,
        0.6650437303405741,
        0.7071067811865476,
        0.673145600891813,
        0.0,
        1.1388041973930374,
        0.8777289805317505,
        0.649519052838329,
        1.286953767623375,
        0.6959705453537527,
        0.8100925873009825,
        1.107110854632202,
        0.8660254037844386,
        0.7288689868556626,
        1.0231690964840563,
        0.6846531968814576,
        0.9701803955966127,
        0.7783975705112252,
        1.0316182002616623,
        0.7905694150420949,
        0.75,
        1.3546473505840717,
        0.673145600891813,
        0.8100925873009825,
        0.7916666666666667,
        0.9921567416492215,
        0.81967981553775,
        0.625,
        1.505199322349037,
        0.9682458365518543,
        1.0077822185373186,
        1.3287682265918312,
        1.0752906583803283,
        0.81967981553775,
        1.2631255326020099,
        0.9483538369195329,
        0.7905694150420949,
        0.7558108228915488,
        0.5863019699779287,
        0.7180703308172536,
        0.9013878188659973
    ],
    [
        2.190176933491904,
        0.9437293044088437,
        1.25,
        1.1858541225631423,
        1.0752906583803283,
        1.1388041973930374,
        1.2054563451241194,
        1.0833333333333333,
        1.224744871391589,
        1.074709263010234,
        1.1033922646982433,
        1.118033988749895,
        1.1319231422671772,
        1.1388041973930374,
        0.0,
        1.1032477565102492,
        1.0897247358851685,
        1.3228756555322954,
        1.1726039399558574,
        1.0825317547305484,
        1.116480083914522,
        1.1792476415070754,
        1.1726039399558574,
        1.125,
        1.2374368670764582,
        1.0974402033823984,
        1.0265570828962431,
        1.0881304047667162,
        1.2562344526401112,
        1.2054563451241194,
        1.1975089885999928,
        1.2183492931011204,
        1.1388041973930374,
        1.140327681950334,
        1.5612494995995996,
        1.14564392373896,
        1.1792476415070754,
        1.3110110602126894,
        1.1792476415070754,
        1.243734296383275,
        1.224744871391589,
        1.103970108290981,
        1.0307764064044151,
        1.1909671606630376,
        1.124444307202451,
        1.118033988749895,
        1.1450982490598787,
        1.2183492931011204,
        1.0752906583803283,
        1.231107225224513
    ],
    [
        1.6738154507786411,
        1.039555684130563,
        0.9900654482592223,
        0.9821428571428571,
        0.7290877022354858,
        0.9126380242271884,
        0.8953536526229767,
        0.8200255443728788,
        1.0691940985659074,
        0.9098805707680676,
        0.8479792907559833,
        0.8506075259867538,
        0.8953536526229767,
        0.8777289805317505,
        1.1032477565102492,
        0.0,
        0.90403714706051,
        1.1020910088721052,
        0.8268454930564446,
        0.8436437007869798,
        1.051821252801922,
        0.9211585983234951,
        0.8225923433057872,
        1.0485655897073713,
        0.8953536526229767,
        0.9781346783442411,
        0.8244853407414261,
        0.946391134329946,
        0.8506075259867538,
        0.820068750228931,
        1.232459126651352,
        0.8597430798007659,
        0.7935887872603204,
        0.8035273356509547,
        1.2266960353996854,
        0.9296010774871692,
        0.8575148002530693,
        1.3864320674129766,
        0.993922860719696,
        0.9462600928208408,
        1.2234423666400456,
        0.961470758997986,
        0.8404247589821494,
        1.0256247750217045,
        0.802427757572262,
        0.9211585983234951,
        0.9287843162556358,
        0.8687825753692958,
        0.8777289805317505,
        1.0244149649473904
    ],
    [
        1.4577379737113252,
        0.9519716382329886,
        0.9185586535436918,
        1.1110243021644486,
        0.9519716382329886,
        1.0077822185373186,
        0.8926785535678563,
        0.6934715407122183,
        1.2374368670764582,
        0.7762087348130012,
        0.7216141911134555,
        0.75,
        0.6614378277661477,
        0.649519052838329,
        1.0897247358851685,
        0.90403714706051,
        0.0,
        1.2808688457449497,
        0.7806247497997998,
        0.9100137361600648,
        1.1349865393230198,
        0.8926785535678563,
        0.75,
        1.0680004681646913,
        0.673145600891813,
        1.0550473923004597,
        0.7476816018719317,
        1.0540925533894598,
        0.7905694150420949,
        0.81967981553775,
        1.3430634551071832,
        0.7806247497997998,
        0.8385254915624212,
        0.7916666666666667,
        1.0,
        0.81967981553775,
        0.8003905296791061,
        1.489546910976623,
        0.9921567416492215,
        1.015504800579495,
        1.2930100540985752,
        1.0752906583803283,
        0.8100925873009825,
        1.1666666666666667,
        0.9233092656309694,
        0.8003905296791061,
        0.7996092795859738,
        0.673145600891813,
        0.7905694150420949,
        0.9842509842514764
    ],
    [
        2.5,
        1.25,
        1.403121520040228,
        1.0606601717798212,
        1.165922381636102,
        1.1319231422671772,
        1.231107225224513,
        1.1681538140730154,
        1.224744871391589,
        1.3119641763401926,
        1.2102084910612447,
        1.1726039399558574,
        1.2562344526401112,
        1.286953767623375,
        1.3228756555322954,
        1.1020910088721052,
        1.2808688457449497,
        0.0,
        1.1524430571616109,
        1.14564392373896,
        1.2631255326020099,
        1.1110243021644486,
        1.165922381636102,
        1.2374368670764582,
        1.3287682265918312,
        1.2211674741819813,
        1.2465229418042993,
        1.1349865393230196,
        1.2119199643540823,
        1.118033988749895,
        1.256925260749863,
        1.2747548783981961,
        1.0897247358851685,
        1.2083333333333333,
        1.6393596310755,
        1.1858541225631423,
        1.2930100540985752,
        1.3806701271484076,
        1.2054563451241194,
        1.0825317547305484,
        1.224744871391589,
        1.1110243021644486,
        1.0968705484240153,
        1.1554520519885039,
        0.9934158243152764,
        1.1388041973930374,
        1.1602801385872292,
        1.352081728298996,
        1.25,
        1.4086784586980805
    ],
    [
        1.5612494995995996,
        1.0231690964840563,
        0.9519716382329886,
        1.0383279828647594,
        0.8569568250501305,
        0.9013878188659973,
        0.82915619758885,
        0.7156485015549029,
        1.0458250331675945,
        0.7762087348130012,
        0.7321428571428572,
        0.75,
        0.8003905296791061,
        0.6959705453537527,
        1.1726039399558574,
        0.8268454930564446,
        0.7806247497997998,
        1.1524430571616109,
        0.0,
        0.8100925873009825,
        1.07124667768187,
        0.8385254915624212,
        0.673145600891813,
        1.0752906583803283,
        0.770551750371122,
        0.9620940702446928,
        0.7476816018719317,
        0.932626220233308,
        0.82915619758885,
        0.770551750371122,
        1.2083333333333335,
        0.770551750371122,
        0.8385254915624212,
        0.7872684844871327,
        1.1110243021644486,
        0.8385254915624212,
        0.7806247497997998,
        1.4197270864500684,
        0.9270248108869579,
        0.9682458365518543,
        1.0532687216470449,
        1.0458250331675945,
        0.8100925873009825,
        1.1666666666666667,
        0.879630604287959,
        0.75,
        0.8437268515343103,
        0.8003905296791061,
        0.7806247497997998,
        1.0231690964840563
    ],
    [
        1.7721808598447282,
        1.0825317547305484,
        1.0532687216470449,
        0.9682458365518543,
        0.9013878188659973,
        0.9013878188659973,
        0.875,
        0.8249579113843055,
        1.0532687216470449,
        0.8724964183307574,
        0.8225923433057872,
        0.8385254915624212,
        0.8477912478906585,
        0.8100925873009825,
        1.0825317547305484,
        0.8436437007869798,
        0.9100137361600648,
        1.14564392373896,
        0.8100925873009825,
        0.0,
        1.07124667768187,
        0.8003905296791061,
        0.8477912478906585,
        1.0383279828647594,
        0.9437293044088437,
        0.9737171047075224,
        0.8498365855987976,
        0.9727181274940627,
        0.8660254037844386,
        0.770551750371122,
        1.1418491338370602,
        0.8569568250501305,
        0.8003905296791061,
        0.9195031871130797,
        1.1792476415070754,
        0.7806247497997998,
        0.8003905296791061,
        1.4142135623730951,
        0.8838834764831844,
        1.0307764064044151,
        1.0231690964840563,
        1.0458250331675945,
        0.7905694150420949,
        1.076097630845413,
        0.8993052874302475,
        0.739509972887452,
        0.8993052874302475,
        0.875,
        0.81967981553775,
        1.125
    ],
    [
        1.9382838916021679,
        1.006058038970803,
        1.0905210273585335,
        1.0008676791220261,
        1.1441275181454984,
        1.2713455251993633,
        1.0785149254620654,
        0.997392433632152,
        1.0290907529357056,
        1.0190204991940925,
        0.9828640930448244,
        1.0857345183996154,
        1.1349865393230198,
        1.107110854632202,
        1.116480083914522,
        1.051821252801922,
        1.1349865393230198,
        1.2631255326020099,
        1.07124667768187,
        1.07124667768187,
        0.0,
        1.1000315652036738,
        1.0565601944254972,
        0.982485510212633,
        1.1211353372561426,
        1.004296326345522,
        1.0358169078880044,
        1.0614782669047498,
        1.0639287779003088,
        1.0112217582926333,
        1.0,
        1.0929064207170003,
        1.107110854632202,
        0.8670271686118671,
        1.4055939827860835,
        1.1141451630934116,
        1.1349865393230198,
        1.0466547239233726,
        1.2018504251546631,
        1.227576655221353,
        1.0137937550497031,
        1.0214708893442719,
        0.9195031871130797,
        1.1733439866940603,
        1.0242205708624377,
        1.0639287779003088,
        0.9308747379630505,
        1.1141451630934116,
        1.1141451630934116,
        1.0290907529357056
    ],
    [
        2.027159342528357,
        1.0897247358851685,
        0.9921567416492215,
        0.9519716382329886,
        0.9519716382329886,
        0.960143218483576,
        0.82915619758885,
        0.8549285220284663,
        1.103970108290981,
        0.9886859966642595,
        0.8225923433057872,
        0.8838834764831844,
        0.8477912478906585,
        0.8660254037844386,
        1.1792476415070754,
        0.9211585983234951,
        0.8926785535678563,
        1.1110243021644486,
        0.8385254915624212,
        0.8003905296791061,
        1.1000315652036738,
        0.0,
        0.8385254915624212,
        1.0606601717798212,
        0.8926785535678563,
        0.9978101021737552,
        0.8549285220284663,
        1.042499666933067,
        0.7806247497997998,
        0.8385254915624212,
        1.0491398593345145,
        0.81967981553775,
        0.8385254915624212,
        0.8917056066263624,
        1.1989578808281798,
        0.81967981553775,
        0.9270248108869579,
        1.3806701271484076,
        0.9842509842514764,
        1.0077822185373186,
        0.9354143466934853,
        1.0825317547305484,
        0.7806247497997998,
        1.0223203455321082,
        0.9565563234854496,
        0.8003905296791061,
        0.8452070752188486,
        1.0077822185373186,
        0.875,
        1.103970108290981
    ],
    [
        1.243734296383275,
        1.0825317547305484,
        0.739509972887452,
        1.0,
        0.9100137361600648,
        0.8477912478906585,
        0.6846531968814576,
        0.6821127309893709,
        1.1792476415070754,
        0.8054501846793506,
        0.773649250801231,
        0.7288689868556626,
        0.739509972887452,
        0.7288689868556626,
        1.1726039399558574,
        0.8225923433057872,
        0.75,
        1.165922381636102,
        0.673145600891813,
        0.8477912478906585,
        1.0565601944254972,
        0.8385254915624212,
        0.0,
        1.1110243021644486,
        0.5153882032022076,
        0.9374166629626337,
        0.7046472718869902,
        1.0316182002616623,
        0.649519052838329,
        0.7071067811865476,
        1.2589954108115107,
        0.6614378277661477,
        0.9013878188659973,
        0.7192781875680029,
        0.9013878188659973,
        0.8660254037844386,
        0.7071067811865476,
        1.505199322349037,
        1.0231690964840563,
        0.81967981553775,
        1.1858541225631423,
        1.015504800579495,
        0.6959705453537527,
        1.0913167378090662,
        0.796084166404533,
        0.8477912478906585,
        0.8250000000000001,
        0.7071067811865476,
        0.7071067811865476,
        0.8100925873009825
    ],
    [
        2.190176933491904,
        1.0825317547305484,
        1.0231690964840563,
        1.0606601717798212,
        0.9682458365518543,
        1.1726039399558574,
        1.015504800579495,
        0.986893273527251,
        1.0383279828647594,
        0.9663074045043845,
        0.9950451225539308,
        1.1319231422671772,
        1.125,
        1.0231690964840563,
        1.125,
        1.0485655897073713,
        1.0680004681646913,
        1.2374368670764582,
        1.0752906583803283,
        1.0383279828647594,
        0.982485510212633,
        1.0606601717798212,
        1.1110243021644486,
        0.0,
        1.0752906583803283,
        0.9653367288153911,
        1.0172129679778086,
        1.006058038970803,
        1.0458250331675945,
        1.0825317547305484,
        0.9745012969605417,
        1.0,
        0.9842509842514764,
        0.950146187582615,
        1.3919410907075054,
        1.0752906583803283,
        1.0458250331675945,
        1.1726039399558574,
        1.125,
        1.243734296383275,
        0.9519716382329886,
        1.0458250331675945,
        0.9354143466934853,
        1.044163673845139,
        1.1093353866166895,
        1.0307764064044151,
        0.8771402396424417,
        1.0897247358851685,
        1.118033988749895,
        1.125
    ],
    [
        1.0458250331675945,
        1.0897247358851685,
        0.6614378277661477,
        1.0752906583803283,
        0.9270248108869579,
        1.0077822185373186,
        0.7288689868556626,
        0.6588078458684123,
        1.224744871391589,
        0.724137417898012,
        0.6993984295559336,
        0.7288689868556626,
        0.6373774391990981,
        0.6846531968814576,
        1.2374368670764582,
        0.8953536526229767,
        0.673145600891813,
        1.3287682265918312,
        0.770551750371122,
        0.9437293044088437,
        1.1211353372561426,
        0.8926785535678563,
        0.5153882032022076,
        1.0752906583803283,
        0.0,
        1.0550473923004597,
        0.6095307849303248,
        1.1464013743498005,
        0.6373774391990981,
        0.7603453162872774,
        1.313656897536204,
        0.649519052838329,
        0.960143218483576,
        0.6972166887783964,
        0.8477912478906585,
        0.9013878188659973,
        0.7288689868556626,
        1.571225636247067,
        1.0077822185373186,
        0.9354143466934853,
        1.1989578808281798,
        1.0383279828647594,
        0.7071067811865476,
        1.2126360175712707,
        0.9062284480195929,
        0.8385254915624212,
        0.7762087348130012,
        0.6373774391990981,
        0.739509972887452,
        0.8385254915624212
    ],
    [
        1.977371993328519,
        1.1014195385955345,
        1.003431612019474,
        1.0857025375304232,
        1.0065411069598698,
        1.1404494727957044,
        0.8947765084086641,
        0.9915616190859974,
        1.0505950694725348,
        0.9483538369195329,
        0.8859302732041567,
        1.077032961426901,
        0.9781998773256926,
        0.9701803955966127,
        1.0974402033823984,
        0.9781346783442411,
        1.0550473923004597,
        1.2211674741819813,
        0.9620940702446928,
        0.9737171047075224,
        1.004296326345522,
        0.9978101021737552,
        0.9374166629626337,
        0.9653367288153911,
        1.0550473923004597,
        0.0,
        0.9522998477370456,
        0.9377869931090133,
        0.9290452088031024,
        1.0250000000000001,
        0.9835451749213714,
        0.9457140159688869,
        1.0096410253154338,
        0.9124524340722887,
        1.318379687343521,
        0.9374166629626337,
        0.9374166629626337,
        1.268857754044952,
        1.040132203135736,
        1.2262748468430722,
        0.9199184746487049,
        1.0799305533227588,
        0.8507349763586777,
        1.150573528482402,
        1.05,
        0.9940447676035522,
        0.8975661535508122,
        1.001873245475694,
        0.9701803955966127,
        0.9733961166965892
    ],
    [
        1.3215626272628087,
        0.9565200236040832,
        0.733617369235792,
        1.0777097630314636,
        0.8936504412303007,
        0.8994597143717876,
        0.8079466429027216,
        0.6614378277661477,
        1.1569536147429016,
        0.732006375199925,
        0.7995490154567846,
        0.7750448015724282,
        0.7716774657271723,
        0.7783975705112252,
        1.0265570828962431,
        0.8244853407414261,
        0.7476816018719317,
        1.2465229418042993,
        0.7476816018719317,
        0.8498365855987976,
        1.0358169078880044,
        0.8549285220284663,
        0.7046472718869902,
        1.0172129679778086,
        0.6095307849303248,
        0.9522998477370456,
        0.0,
        0.9973924336321519,
        0.7132184486926537,
        0.8364524958285304,
        1.192424001771182,
        0.6934715407122183,
        0.8660254037844387,
        0.7240894665409486,
        1.1094605796411956,
        0.816496580927726,
        0.6833841444523635,
        1.4433756729740645,
        1.0590220855949029,
        1.0069204977995476,
        1.1188101318414627,
        0.9691419458010839,
        0.7009418267191968,
        1.2296962136144756,
        0.8960949230472803,
        0.8281086214313247,
        0.8324578734753557,
        0.7107800878846658,
        0.7883703303510209,
        0.9109671295448103
    ],
    [
        2.008229596214315,
        1.0516191220103301,
        1.162193806748446,
        1.0189182717197902,
        0.9418878796214429,
        1.0466547239233726,
        1.024017143953709,
        0.9592387027684449,
        0.9904053603337261,
        0.9853439895679974,
        0.9864803211601746,
        0.9771699499632145,
        1.0391636594449938,
        1.0316182002616623,
        1.0881304047667162,
        0.946391134329946,
        1.0540925533894598,
        1.1349865393230196,
        0.932626220233308,
        0.9727181274940627,
        1.0614782669047498,
        1.042499666933067,
        1.0316182002616623,
        1.006058038970803,
        1.1464013743498005,
        0.9377869931090133,
        0.9973924336321519,
        0.0,
        1.1395661942647786,
        1.024017143953709,
        1.1895085353016832,
        1.0614782669047498,
        0.961046882889233,
        0.9727181274940627,
        1.5263882570011835,
        1.0008676791220261,
        1.0466547239233726,
        1.2651855375574148,
        0.9851325347947408,
        1.1865859054915118,
        1.0639287779003088,
        0.9583333333333334,
        0.9637527921850314,
        1.0491398593345143,
        1.0690078473883051,
        1.0540925533894598,
        1.0468537518573346,
        1.068812944865055,
        0.927960727138337,
        1.2104865871944959
    ],
    [
        1.4306903927824497,
        1.103970108290981,
        0.649519052838329,
        1.0231690964840563,
        0.8926785535678563,
        1.015504800579495,
        0.6373774391990981,
        0.7264831572567789,
        1.118033988749895,
        0.8710625695092173,
        0.8225923433057872,
        0.8477912478906585,
        0.75,
        0.7905694150420949,
        1.2562344526401112,
        0.8506075259867538,
        0.7905694150420949,
        1.2119199643540823,
        0.82915619758885,
        0.8660254037844386,
        1.0639287779003088,
        0.7806247497997998,
        0.649519052838329,
        1.0458250331675945,
        0.6373774391990981,
        0.9290452088031024,
        0.7132184486926537,
        1.1395661942647786,
        0.0,
        0.770551750371122,
        1.1141451630934116,
        0.5994789404140899,
        0.8838834764831844,
        0.7817359599705717,
        0.8660254037844386,
        0.8660254037844386,
        0.7603453162872774,
        1.505199322349037,
        1.0680004681646913,
        0.960143218483576,
        1.159202311936963,
        1.0752906583803283,
        0.6614378277661477,
        1.068812944865055,
        0.886354895061792,
        0.8100925873009825,
        0.724137417898012,
        0.7806247497997998,
        0.8385254915624212,
        0.7905694150420949
    ],
    [
        1.571225636247067,
        1.0897247358851685,
        0.9354143466934853,
        0.8660254037844386,
        0.9185586535436918,
        0.960143218483576,
        0.7905694150420949,
        0.746519702798705,
        1.0897247358851685,
        0.8073877630977572,
        0.7531820253201122,
        0.739509972887452,
        0.7603453162872774,
        0.75,
        1.2054563451241194,
        0.820068750228931,
        0.81967981553775,
