[
    [
        0.0,
        1.6191132689771206,
        1.2374368670764582,
        0.673145600891813,
        1.8791620472966135,
        1.6441183047457382,
        1.125,
        0.9418878796214429,
        2.4206145913796355,
        2.4937421679075005,
        0.30618621784789724,
        1.2686114456365274,
        0.875,
        1.5461646096066226,
        2.8559149146989657,
        1.1612636062777935,
        1.4415703243338496,
        2.200852107707376,
        2.20902312420339,
        1.695582495781317,
        2.752839443193155,
        2.6160561920570435,
        1.590990257669732,
        2.1505813167606567,
        1.8276426832884425,
        3.3716650189483532,
        0.673145600891813,
        2.084166500066633,
        0.9270248108869579,
        1.8666480653835098,
        1.25,
        1.1989578808281798,
        2.6398390102428593,
        2.576941016011038,
        0.414578098794425,
        2.9910282512875064,
        1.79843682124227,
        2.414150989478496,
        2.315032397181517,
        2.598076211353316,
        2.86623058698664,
        1.3806701271484076,
        1.7544586059522749,
        3.2694397243428592,
        2.200852107707376,
        1.58607219255619,
        1.3635890143294642,
        0.9682458365518543,
        1.776583800443987,
        0.4330127018922193
    ],
    [
        1.6191132689771206,
        0.0,
        1.1234557302260635,
        0.93355652093367,
        1.0590220855949029,
        0.8175590362645243,
        0.9904053603337261,
        0.8477912478906585,
        1.2169234888758527,
        1.2486103386476415,
        1.1577036657874837,
        0.8457409637576849,
        0.8457409637576849,
        0.8640183897219884,
        1.4092945437739803,
        0.8200255443728788,
        0.7716774657271723,
        1.11725730648266,
        1.0843957375636712,
        0.9745012969605417,
        1.3850641782162219,
        1.3215626272628087,
        0.9316949906249125,
        1.1711224435462664,
        0.9762812094883317,
        1.5573972232899067,
        0.9982623792259117,
        0.982485510212633,
        0.8819171036881969,
        1.0214708893442719,
        0.9664511253952668,
        1.068812944865055,
        1.3680379299485002,
        1.3391798899990164,
        1.102396379610246,
        1.4634671540936992,
        1.0516191220103301,
        1.1909671606630376,
        1.1094605796411956,
        1.228283581081973,
        1.5500896031448563,
        0.8270597183866336,
        1.024017143953709,
        1.6094339929856638,
        1.0214708893442719,
        0.8994597143717876,
        0.9251501379656049,
        0.8640183897219884,
        0.8700255424092125,
        1.1577036657874837
    ],
    [
        1.2374368670764582,
        1.1234557302260635,
        0.0,
        0.8838834764831844,
        1.0458250331675945,
        1.0897247358851685,
        0.7905694150420949,
        0.8994597143717876,
        1.103970108290981,
        1.2624381172952597,
        0.8660254037844386,
        0.8569568250501305,
        0.9185586535436918,
        0.960143218483576,
        1.595893166850463,
        0.8953536526229767,
        1.0752906583803283,
        1.2562344526401112,
        1.055536907580832,
        0.875,
        1.192424001771182,
        1.14564392373896,
        0.7603453162872774,
        1.0606601717798212,
        0.9664511253952668,
        1.45,
        0.8003905296791061,
        1.165922381636102,
        0.7603453162872774,
        0.9682458365518543,
        0.7905694150420949,
        0.82915619758885,
        1.2686114456365274,
        1.0231690964840563,
        0.8926785535678563,
        1.2409673645990857,
        0.739509972887452,
        1.1388041973930374,
        1.1726039399558574,
        1.4523687548277813,
        1.3724724243333837,
        1.015504800579495,
        0.8003905296791061,
        1.6013232375479696,
        1.0606601717798212,
        0.8385254915624212,
        0.8569568250501305,
        0.9682458365518543,
        1.0383279828647594,
        0.8926785535678563
    ],
    [
        0.673145600891813,
        0.93355652093367,
        0.8838834764831844,
        0.0,
        1.0897247358851685,
        0.9270248108869579,
        0.6959705453537527,
        0.41036907507483766,
        1.3169567191065923,
        1.4842927608797396,
        0.46770717334674267,
        0.6373774391990981,
        0.3535533905932738,
        0.8100925873009825,
        1.648863244784115,
        0.590366973386305,
        0.9100137361600648,
        1.352081728298996,
        1.2074386788840692,
        0.9519716382329886,
        1.6007810593582121,
        1.541103500742244,
        0.8477912478906585,
        1.2624381172952597,
        1.102396379610246,
        1.6228832367117483,
        0.4330127018922193,
        1.1989578808281798,
        0.5153882032022076,
        1.0897247358851685,
        0.673145600891813,
        0.7071067811865476,
        1.4086784586980805,
        1.4630874888399532,
        0.39528470752104744,
        1.5029138365189136,
        0.9762812094883317,
        1.3693063937629153,
        1.2624381172952597,
        1.5612494995995996,
        1.6842819109506446,
        0.7288689868556626,
        1.0,
        1.7989194287435752,
        1.0968705484240153,
        0.82915619758885,
        0.7180703308172536,
        0.5153882032022076,
        1.0231690964840563,
        0.46770717334674267
    ],
    [
        1.8791620472966135,
        1.0590220855949029,
        1.0458250331675945,
        1.0897247358851685,
        0.0,
        1.0307764064044151,
        0.9682458365518543,
        1.0290907529357056,
        1.0752906583803283,
        1.1388041973930374,
        1.243734296383275,
        0.9437293044088437,
        1.0897247358851685,
        0.9519716382329886,
        1.2747548783981961,
        0.9707127089233488,
        0.8926785535678563,
        1.0752906583803283,
        1.0255038582400877,
        0.9100137361600648,
        1.2054563451241194,
        1.2624381172952597,
        0.8569568250501305,
        1.015504800579495,
        0.9418878796214429,
        1.3838352503098048,
        1.0968705484240153,
        0.8926785535678563,
        0.9682458365518543,
        0.9437293044088437,
        0.9437293044088437,
        1.1319231422671772,
        1.0825317547305484,
        1.0532687216470449,
        1.1989578808281798,
        1.1562331079847177,
        1.0458250331675945,
        1.14564392373896,
        1.0231690964840563,
        1.352081728298996,
        1.5534459901922706,
        0.9270248108869579,
        0.9354143466934853,
        1.4148272371958037,
        0.9100137361600648,
        0.9100137361600648,
        0.875,
        1.0383279828647594,
        0.9519716382329886,
        1.243734296383275
    ],
    [
        1.6441183047457382,
        0.8175590362645243,
        1.0897247358851685,
        0.9270248108869579,
        1.0307764064044151,
        0.0,
        0.8838834764831844,
        0.8650224788344456,
        1.2054563451241194,
        1.2808688457449497,
        1.118033988749895,
        0.9013878188659973,
        0.875,
        0.8569568250501305,
        1.4630874888399532,
        0.8132355383382643,
        0.9437293044088437,
        1.0680004681646913,
        1.147729568872958,
        0.9437293044088437,
        1.2183492931011204,
        1.243734296383275,
        0.8926785535678563,
        1.0532687216470449,
        0.9745012969605417,
        1.6389783403083764,
        0.9185586535436918,
        1.0077822185373186,
        0.7905694150420949,
        0.8660254037844386,
        0.9842509842514764,
        1.103970108290981,
        1.375,
        1.2686114456365274,
        1.0606601717798212,
        1.4192867927237256,
        0.8385254915624212,
        1.125,
        1.0680004681646913,
        1.125,
        1.467234738471584,
        0.8926785535678563,
        0.8926785535678563,
        1.6493896177407905,
        1.0231690964840563,
        0.75,
        0.82915619758885,
        0.8477912478906585,
        0.9519716382329886,
        1.118033988749895
    ],
    [
        1.125,
        0.9904053603337261,
        0.7905694150420949,
        0.6959705453537527,
        0.9682458365518543,
        0.8838834764831844,
        0.0,
        0.6821127309893709,
        1.1726039399558574,
        1.340475661845451,
        0.7288689868556626,
        0.7288689868556626,
        0.739509972887452,
        0.7905694150420949,
        1.5761900266148114,
        0.6531907556489958,
        0.9437293044088437,
        1.2747548783981961,
        1.120171041968728,
        0.8477912478906585,
        1.3806701271484076,
        1.3919410907075054,
        0.770551750371122,
        0.9519716382329886,
        1.006058038970803,
        1.7288001619620472,
        0.5303300858899106,
        1.015504800579495,
        0.5303300858899106,
        0.8385254915624212,
        0.625,
        0.8569568250501305,
        1.3169567191065923,
        1.224744871391589,
        0.6846531968814576,
        1.45,
        0.8477912478906585,
        1.2374368670764582,
        1.1388041973930374,
        1.4577379737113252,
        1.613205056883828,
        0.8385254915624212,
        0.875,
        1.718970945394689,
        1.0825317547305484,
        0.8003905296791061,
        0.6123724356957945,
        0.5994789404140899,
        0.8926785535678563,
        0.7288689868556626
    ],
    [
        0.9418878796214429,
        0.8477912478906585,
        0.8994597143717876,
        0.41036907507483766,
        1.0290907529357056,
        0.8650224788344456,
        0.6821127309893709,
        0.0,
        1.2296962136144756,
        1.4463795798091486,
        0.6095307849303248,
        0.6821127309893709,
        0.4639803635691685,
        0.7883703303510209,
        1.5562374497485916,
        0.5999515758992856,
        0.7648983229452426,
        1.3043729868748772,
        1.104226830603222,
        0.93355652093367,
        1.4924578907143595,
        1.4511728972723332,
        0.8175590362645243,
        1.2233265213252664,
        1.059841445164742,
        1.601128074549663,
        0.4639803635691685,
        1.1777745020918808,
        0.5965758776365148,
        1.0507933510765408,
        0.6705615391429617,
        0.6744339190099436,
        1.328768226591831,
        1.390693272356553,
        0.5559026693385972,
        1.452751221342151,
        0.9232716585900141,
        1.2977009585331196,
        1.1792476415070754,
        1.4924578907143597,
        1.609433992985664,
        0.6109532624422992,
        0.9363418772601764,
        1.6583123951777,
        1.006058038970803,
        0.8175590362645243,
        0.7371585838730889,
        0.5270462766947299,
        0.8965597829729172,
        0.6095307849303248
    ],
    [
        2.4206145913796355,
        1.2169234888758527,
        1.103970108290981,
        1.3169567191065923,
        1.0752906583803283,
        1.2054563451241194,
        1.1726039399558574,
        1.2296962136144756,
        0.0,
        1.0680004681646913,
        1.625,
        1.0752906583803283,
        1.3635890143294642,
        1.0968705484240153,
        1.2747548783981961,
        1.1612636062777935,
        1.14564392373896,
        1.1726039399558574,
        1.0990487538163656,
        1.0532687216470449,
        1.2054563451241194,
        1.159202311936963,
        0.9842509842514764,
        1.0752906583803283,
        1.2040152730666573,
        1.3379088160259651,
        1.2374368670764582,
        1.0825317547305484,
        1.118033988749895,
        1.1110243021644486,
        1.2119199643540823,
        1.299038105676658,
        1.1319231422671772,
        1.1110243021644486,
        1.6056540723331412,
        1.1562331079847177,
        1.165922381636102,
        1.165922381636102,
        1.118033988749895,
        1.243734296383275,
        1.4784329166008474,
        1.1319231422671772,
        1.0968705484240153,
        1.3176156917368247,
        1.0307764064044151,
        1.0897247358851685,
        1.0825317547305484,
        1.1858541225631423,
        1.0307764064044151,
        1.625
    ],
    [
        2.4937421679075005,
        1.2486103386476415,
        1.2624381172952597,
        1.4842927608797396,
        1.1388041973930374,
        1.2808688457449497,
        1.340475661845451,
        1.4463795798091486,
        1.0680004681646913,
        0.0,
        1.7853571071357126,
        1.192424001771182,
        1.5155444566227676,
        1.0680004681646913,
        1.2119199643540823,
        1.3128340196937716,
        1.1726039399558574,
        1.192424001771182,
        1.147729568872958,
        1.0897247358851685,
        1.4086784586980805,
        1.3169567191065923,
        1.1524430571616109,
        1.0968705484240153,
        1.1441275181454984,
        1.3379088160259651,
        1.479019945774904,
        1.1858541225631423,
        1.340475661845451,
        1.2374368670764582,
        1.3863170633011772,
        1.489546910976623,
        1.243734296383275,
        1.2624381172952597,
        1.7633419974582356,
        1.2155245781143218,
        1.286953767623375,
        1.165922381636102,
        1.14564392373896,
        1.3975424859373686,
        1.4831226442131404,
        1.2624381172952597,
        1.231107225224513,
        1.3411230782859234,
        1.0383279828647594,
        1.1989578808281798,
        1.2119199643540823,
        1.3806701271484076,
        1.14564392373896,
        1.7853571071357126
    ],
    [
        0.30618621784789724,
        1.1577036657874837,
        0.8660254037844386,
        0.46770717334674267,
        1.243734296383275,
        1.118033988749895,
        0.7288689868556626,
        0.6095307849303248,
        1.625,
        1.7853571071357126,
        0.0,
        0.82915619758885,
        0.5863019699779287,
        1.0383279828647594,
        1.9724667297574374,
        0.7935887872603204,
        1.1110243021644486,
        1.5811388300841898,
        1.4432283822269107,
        1.1110243021644486,
        1.976423537605237,
        1.8666480653835098,
        1.015504800579495,
        1.5103807466993215,
        1.3274610268394993,
        2.4671592976538825,
        0.414578098794425,
        1.3863170633011772,
        0.6123724356957945,
        1.3169567191065923,
        0.6959705453537527,
        0.8477912478906585,
        1.8114220932736798,
        1.776583800443987,
        0.25,
        2.0862646045025066,
        1.1319231422671772,
        1.6007810593582121,
        1.489546910976623,
        1.8624580532189174,
        2.1642614855367586,
        0.9185586535436918,
        1.1524430571616109,
        2.3753654689565376,
        1.4469796128487782,
        0.9682458365518543,
        0.81967981553775,
        0.673145600891813,
        1.2054563451241194,
        0.0
    ],
    [
        1.2686114456365274,
        0.8457409637576849,
        0.8569568250501305,
        0.6373774391990981,
        0.9437293044088437,
        0.9013878188659973,
        0.7288689868556626,
        0.6821127309893709,
        1.0752906583803283,
        1.192424001771182,
        0.82915619758885,
        0.0,
        0.6846531968814576,
        0.7288689868556626,
        1.3863170633011772,
        0.5200078492343227,
        0.9185586535436918,
        1.0077822185373186,
        1.0702374331265498,
        0.81967981553775,
        1.224744871391589,
        1.334634781503914,
        0.673145600891813,
        1.0077822185373186,
        1.006058038970803,
        1.49248115565993,
        0.6959705453537527,
        0.9921567416492215,
        0.7071067811865476,
        0.8660254037844386,
        0.770551750371122,
        0.8477912478906585,
        1.2747548783981961,
        1.3287682265918312,
        0.7905694150420949,
        1.3950806428303706,
        0.9013878188659973,
        1.165922381636102,
        1.0383279828647594,
        1.3863170633011772,
        1.570120306784731,
        0.7071067811865476,
        0.7603453162872774,
        1.6303331288761542,
        0.9762812094883317,
        0.7603453162872774,
        0.739509972887452,
        0.6846531968814576,
        0.875,
        0.82915619758885
    ],
    [
        0.875,
        0.8457409637576849,
        0.9185586535436918,
        0.3535533905932738,
        1.0897247358851685,
        0.875,
        0.739509972887452,
        0.4639803635691685,
        1.3635890143294642,
        1.5155444566227676,
        0.5863019699779287,
        0.6846531968814576,
        0.0,
        0.81967981553775,
        1.6770509831248424,
        0.576981943621554,
        0.75,
        1.334634781503914,
        1.2074386788840692,
        0.9682458365518543,
        1.648863244784115,
        1.5761900266148114,
        0.82915619758885,
        1.2747548783981961,
        1.0590220855949029,
        1.6935539554439947,
        0.5448623679425842,
        1.1792476415070754,
        0.5994789404140899,
        1.1110243021644486,
        0.673145600891813,
        0.770551750371122,
        1.4469796128487782,
        1.489546910976623,
        0.5303300858899106,
        1.5540270267920053,
        1.0532687216470449,
        1.3806701271484076,
        1.2686114456365274,
        1.5512092057488571,
        1.716444160337165,
        0.649519052838329,
        1.0307764064044151,
        1.8333333333333333,
        1.0897247358851685,
        0.8569568250501305,
        0.770551750371122,
        0.5303300858899106,
        1.015504800579495,
        0.5863019699779287
    ],
    [
        1.5461646096066226,
        0.8640183897219884,
        0.960143218483576,
        0.8100925873009825,
        0.9519716382329886,
        0.8569568250501305,
        0.7905694150420949,
        0.7883703303510209,
        1.0968705484240153,
        1.0680004681646913,
        1.0383279828647594,
        0.7288689868556626,
        0.81967981553775,
        0.0,
        1.3975424859373686,
        0.7104809380027772,
        0.75,
        1.015504800579495,
        1.077512488681828,
        0.8003905296791061,
        1.165922381636102,
        1.1726039399558574,
        0.770551750371122,
        0.9762812094883317,
        0.9418878796214429,
        1.466074691139575,
        0.8660254037844386,
        0.9437293044088437,
        0.739509972887452,
        0.770551750371122,
        0.8003905296791061,
        0.9682458365518543,
        1.2183492931011204,
        1.0458250331675945,
        0.9921567416492215,
        1.3083864108129524,
        0.9270248108869579,
        1.0231690964840563,
        0.9762812094883317,
        1.192424001771182,
        1.4105259066508964,
        0.75,
        0.82915619758885,
        1.4848774734337884,
        0.9100137361600648,
        0.7603453162872774,
        0.82915619758885,
        0.739509972887452,
        0.770551750371122,
        1.0383279828647594
    ],
    [
        2.8559149146989657,
        1.4092945437739803,
        1.595893166850463,
        1.648863244784115,
        1.2747548783981961,
        1.4630874888399532,
        1.5761900266148114,
        1.5562374497485916,
        1.2747548783981961,
        1.2119199643540823,
        1.9724667297574374,
        1.3863170633011772,
        1.6770509831248424,
        1.3975424859373686,
        0.0,
        1.4268963393552125,
        1.375,
        1.352081728298996,
        1.3491304833945788,
        1.375,
        1.5155444566227676,
        1.4684175155588413,
        1.3693063937629153,
        1.4086784586980805,
        1.3975424859373686,
        1.408900280360537,
        1.6630168369562588,
        1.3228756555322954,
        1.5761900266148114,
        1.4469796128487782,
        1.5155444566227676,
        1.6007810593582121,
        1.334634781503914,
        1.4947825928876748,
        1.940521837032503,
        1.3638181696985856,
        1.4842927608797396,
        1.3287682265918312,
        1.25,
        1.5155444566227676,
        1.6713475933442983,
        1.3693063937629153,
        1.4630874888399532,
        1.4068285846778443,
        1.3110110602126894,
        1.4086784586980805,
        1.4197270864500684,
        1.58607219255619,
        1.243734296383275,
        1.9724667297574374
    ],
    [
        1.1612636062777935,
        0.8200255443728788,
        0.8953536526229767,
        0.590366973386305,
        0.9707127089233488,
        0.8132355383382643,
        0.6531907556489958,
        0.5999515758992856,
        1.1612636062777935,
        1.3128340196937716,
        0.7935887872603204,
        0.5200078492343227,
        0.576981943621554,
        0.7104809380027772,
        1.4268963393552125,
        0.0,
        0.7808289681812659,
        1.0989036744475311,
        1.0234807057790785,
        0.773649250801231,
        1.3187714598311968,
        1.251911803309365,
        0.6626419755456954,
        0.9945643082603086,
        0.8753238791579013,
        1.5268890942443885,
        0.6288148879163932,
        0.9211585983234951,
        0.590366973386305,
        0.9126380242271884,
        0.6650437303405741,
        0.7412327707327593,
        1.2657175104763823,
        1.120171041968728,
        0.7321428571428572,
        1.381852128891673,
        0.8865851133790292,
        1.1612636062777935,
        1.0269021673092769,
        1.3175619104069083,
        1.5050698524556843,
        0.6288148879163932,
        0.8479792907559833,
        1.5836353990415553,
        0.9788907195475532,
        0.7427369408244794,
        0.6881374595713462,
        0.5632789391281252,
        0.7779650325282844,
        0.7935887872603204
    ],
    [
        1.4415703243338496,
        0.7716774657271723,
        1.0752906583803283,
        0.9100137361600648,
        0.8926785535678563,
        0.9437293044088437,
        0.9437293044088437,
        0.7648983229452426,
        1.14564392373896,
        1.1726039399558574,
        1.1110243021644486,
        0.9185586535436918,
        0.75,
        0.75,
        1.375,
        0.7808289681812659,
        0.0,
        1.1319231422671772,
        0.9684104902111607,
        0.82915619758885,
        1.352081728298996,
        1.4142135623730951,
        0.8477912478906585,
        1.0752906583803283,
        0.8670271686118671,
        1.4847137771301244,
        0.9100137361600648,
        0.9185586535436918,
        0.875,
        1.0,
        0.8569568250501305,
        0.960143218483576,
        1.3050383136138188,
        1.3863170633011772,
        0.9921567416492215,
        1.3619838471876236,
        1.0680004681646913,
        1.2119199643540823,
        1.0307764064044151,
        1.3863170633011772,
        1.6072751268321592,
        0.7071067811865476,
        1.0077822185373186,
        1.5948049340837198,
        0.960143218483576,
        0.9013878188659973,
        0.8100925873009825,
        0.8477912478906585,
        0.8477912478906585,
        1.0231690964840563
    ],
    [
        2.200852107707376,
        1.11725730648266,
        1.2562344526401112,
        1.352081728298996,
        1.0752906583803283,
        1.0680004681646913,
        1.2747548783981961,
        1.3043729868748772,
        1.1726039399558574,
        1.192424001771182,
        1.5811388300841898,
        1.0077822185373186,
        1.334634781503914,
        1.015504800579495,
        1.352081728298996,
        1.0989036744475311,
        1.1319231422671772,
        0.0,
        1.105990183371573,
        1.0231690964840563,
        1.224744871391589,
        1.0968705484240153,
        1.0383279828647594,
        1.1792476415070754,
        1.0809268142560706,
        1.4033442200686188,
        1.334634781503914,
        1.0897247358851685,
        1.2119199643540823,
        0.9921567416492215,
        1.2747548783981961,
        1.3228756555322954,
        1.231107225224513,
        1.192424001771182,
        1.5562374497485916,
        1.3400093283257397,
        1.1388041973930374,
        1.1388041973930374,
        1.0606601717798212,
        1.1524430571616109,
        1.2883020694783587,
        1.1524430571616109,
        1.1388041973930374,
        1.4037400439935848,
        1.015504800579495,
        1.0532687216470449,
        1.125,
        1.243734296383275,
        1.0897247358851685,
        1.5811388300841898
    ],
    [
        2.20902312420339,
        1.0843957375636712,
        1.055536907580832,
        1.2074386788840692,
        1.0255038582400877,
        1.147729568872958,
        1.120171041968728,
        1.104226830603222,
        1.0990487538163656,
        1.147729568872958,
        1.4432283822269107,
        1.0702374331265498,
        1.2074386788840692,
        1.077512488681828,
        1.3491304833945788,
        1.0234807057790785,
        0.9684104902111607,
        1.105990183371573,
        0.0,
        1.0178571428571428,
        1.2074386788840692,
        1.1061343332820412,
        0.9845749108635873,
        1.0255038582400877,
        0.935717314910885,
        1.217893799196978,
        1.2074386788840692,
        1.0178571428571428,
        1.0847387534633885,
        1.0847387534633885,
        1.0481093279163707,
        1.11217175850143,
        1.1489791387246724,
        1.0847387534633885,
        1.4214106244380285,
        1.0892154544085615,
        1.1545164196603295,
        1.1812739577529447,
        1.0406287345952476,
        1.1996226022191738,
        1.4318909844618828,
        0.9581484589497365,
        1.0608104814485104,
        1.3824909327508523,
        0.9462600928208408,
        0.9544805724923405,
        0.9626308551388253,
        1.1545164196603295,
        1.0363298663247793,
        1.4432283822269107
    ],
    [
        1.695582495781317,
        0.9745012969605417,
        0.875,
        0.9519716382329886,
        0.9100137361600648,
        0.9437293044088437,
        0.8477912478906585,
        0.93355652093367,
        1.0532687216470449,
        1.0897247358851685,
        1.1110243021644486,
        0.81967981553775,
        0.9682458365518543,
        0.8003905296791061,
        1.375,
        0.773649250801231,
        0.82915619758885,
        1.0231690964840563,
        1.0178571428571428,
        0.0,
        1.1858541225631423,
        1.231107225224513,
        0.75,
        0.9437293044088437,
        0.950146187582615,
        1.4337450958939668,
        0.9354143466934853,
        0.875,
        0.7288689868556626,
        0.9270248108869579,
        0.7288689868556626,
        1.0077822185373186,
        1.1524430571616109,
        1.0825317547305484,
        1.0680004681646913,
        1.2219349409849938,
        0.8926785535678563,
        1.125,
        0.9921567416492215,
        1.2374368670764582,
        1.4055939827860833,
        0.8477912478906585,
        0.9354143466934853,
        1.516117116555021,
        0.8660254037844386,
        0.75,
        0.739509972887452,
        0.8003905296791061,
        0.8100925873009825,
        1.1110243021644486
    ],
    [
        2.752839443193155,
        1.3850641782162219,
        1.192424001771182,
        1.6007810593582121,
        1.2054563451241194,
        1.2183492931011204,
        1.3806701271484076,
        1.4924578907143595,
        1.2054563451241194,
        1.4086784586980805,
        1.976423537605237,
        1.224744871391589,
        1.648863244784115,
        1.165922381636102,
        1.5155444566227676,
        1.3187714598311968,
        1.352081728298996,
        1.224744871391589,
        1.2074386788840692,
        1.1858541225631423,
        0.0,
        1.0383279828647594,
        1.0897247358851685,
        1.1726039399558574,
        1.2233265213252664,
        1.4385322380815802,
        1.4630874888399532,
        1.243734296383275,
        1.2686114456365274,
        1.0458250331675945,
        1.4523687548277813,
        1.4142135623730951,
        1.2374368670764582,
        1.118033988749895,
        1.9324531042175384,
        1.2155245781143218,
        1.015504800579495,
        1.2119199643540823,
        1.243734296383275,
        1.2374368670764582,
        1.2610621625351297,
        1.3919410907075054,
        1.1989578808281798,
        1.3469358229370512,
        1.125,
        1.1319231422671772,
        1.2562344526401112,
        1.4361406616345072,
        1.2686114456365274,
        1.976423537605237
    ],
    [
        2.6160561920570435,
        1.3215626272628087,
        1.14564392373896,
        1.541103500742244,
        1.2624381172952597,
        1.243734296383275,
        1.3919410907075054,
        1.4511728972723332,
        1.159202311936963,
        1.3169567191065923,
        1.8666480653835098,
        1.334634781503914,
        1.5761900266148114,
        1.1726039399558574,
        1.4684175155588413,
        1.251911803309365,
        1.4142135623730951,
        1.0968705484240153,
        1.1061343332820412,
        1.231107225224513,
        1.0383279828647594,
        0.0,
        1.0458250331675945,
        1.1726039399558574,
        1.1909671606630376,
        1.2283118496538248,
        1.4306903927824497,
        1.2930100540985752,
        1.2562344526401112,
        1.0458250331675945,
        1.4577379737113252,
        1.4415703243338496,
        1.015504800579495,
        0.9270248108869579,
        1.8200274723201295,
        1.1008519428152,
        1.1110243021644486,
        1.0606601717798212,
        1.103970108290981,
        1.1319231422671772,
        1.2644992421244596,
        1.4306903927824497,
        1.2054563451241194,
        1.3981634779635432,
        1.1110243021644486,
        1.0968705484240153,
        1.2686114456365274,
        1.4415703243338496,
        1.2562344526401112,
        1.899835519196333
    ],
    [
        1.590990257669732,
        0.9316949906249125,
        0.7603453162872774,
        0.8477912478906585,
        0.8569568250501305,
        0.8926785535678563,
        0.770551750371122,
        0.8175590362645243,
        0.9842509842514764,
        1.1524430571616109,
        1.015504800579495,
        0.673145600891813,
        0.82915619758885,
        0.770551750371122,
        1.3693063937629153,
        0.6626419755456954,
        0.8477912478906585,
        1.0383279828647594,
        0.9845749108635873,
        0.75,
        1.0897247358851685,
        1.0458250331675945,
        0.0,
        0.960143218483576,
        0.9033118078616167,
        1.3975424859373684,
        0.8003905296791061,
        0.9519716382329886,
        0.6846531968814576,
        0.82915619758885,
        0.7603453162872774,
        0.8660254037844386,
        1.1388041973930374,
        1.0231690964840563,
        0.9842509842514764,
        1.1976539567003484,
        0.7905694150420949,
        1.0231690964840563,
        0.9682458365518543,
        1.165922381636102,
        1.2733922324946771,
        0.739509972887452,
        0.8100925873009825,
        1.4583333333333333,
        0.9013878188659973,
        0.7288689868556626,
        0.75,
        0.7603453162872774,
        0.8100925873009825,
        1.015504800579495
    ],
    [
        2.1505813167606567,
        1.1711224435462664,
        1.0606601717798212,
        1.2624381172952597,
        1.015504800579495,
        1.0532687216470449,
        0.9519716382329886,
        1.2233265213252664,
        1.0752906583803283,
        1.0968705484240153,
        1.5103807466993215,
        1.0077822185373186,
        1.2747548783981961,
        0.9762812094883317,
        1.4086784586980805,
        0.9945643082603086,
        1.0752906583803283,
        1.1792476415070754,
        1.0255038582400877,
        0.9437293044088437,
        1.1726039399558574,
        1.1726039399558574,
        0.960143218483576,
        0.0,
        1.0366546087187274,
        1.3724977231310804,
        1.2183492931011204,
        1.015504800579495,
        1.0383279828647594,
        0.960143218483576,
        1.1319231422671772,
        1.2808688457449497,
        1.1792476415070754,
        1.118033988749895,
        1.4842927608797396,
        1.1763290356018592,
        1.0606601717798212,
        1.0752906583803283,
        1.0307764064044151,
        1.192424001771182,
        1.399404635312222,
        1.0606601717798212,
        0.9842509842514764,
        1.4258282193557228,
        1.0383279828647594,
        0.9762812094883317,
        0.875,
        1.1319231422671772,
        1.0231690964840563,
        1.5258194519667128
    ],
    [
        1.8276426832884425,
        0.9762812094883317,
        0.9664511253952668,
        1.102396379610246,
        0.9418878796214429,
        0.9745012969605417,
        1.006058038970803,
        1.059841445164742,
        1.2040152730666573,
        1.1441275181454984,
        1.3274610268394993,
        1.006058038970803,
        1.0590220855949029,
        0.9418878796214429,
        1.3975424859373686,
        0.8753238791579013,
        0.8670271686118671,
        1.0809268142560706,
        0.935717314910885,
        0.950146187582615,
        1.2233265213252664,
        1.1909671606630376,
        0.9033118078616167,
        1.0366546087187274,
        0.0,
        1.293439643397059,
        1.0952866190079096,
        0.93355652093367,
        0.950146187582615,
        0.9081039465709737,
        1.0366546087187274,
        1.0540925533894598,
        1.2360330811826103,
        1.1094605796411956,
        1.2423376263229644,
        1.1115242287557707,
        0.9418878796214429,
        1.0663736576724772,
        0.982485510212633,
        1.2090515107122424,
        1.4240006242195886,
        0.93355652093367,
        1.016359243137539,
        1.498842145717079,
        0.9664511253952668,
        0.8907315969346646,
        0.8175590362645243,
        1.0516191220103301,
        0.9474014167418394,
        1.2423376263229644
    ],
    [
        3.3716650189483532,
        1.5573972232899067,
        1.45,
        1.6228832367117483,
        1.3838352503098048,
        1.6389783403083764,
        1.7288001619620472,
        1.601128074549663,
        1.3379088160259651,
        1.3379088160259651,
        2.4671592976538825,
        1.49248115565993,
        1.6935539554439947,
        1.466074691139575,
        1.408900280360537,
        1.5268890942443885,
        1.4847137771301244,
        1.4033442200686188,
        1.217893799196978,
        1.4337450958939668,
        1.4385322380815802,
        1.2283118496538248,
        1.3975424859373684,
        1.3724977231310804,
        1.293439643397059,
        0.0,
        1.6228832367117483,
        1.4872373717735847,
        1.6083765106466832,
        1.45,
        1.8095234179197572,
        1.604485898972004,
        1.3133925536563698,
        1.234402689562851,
        2.470323865407125,
        1.0752906583803283,
        1.4897566915439582,
        1.3379088160259651,
        1.3674794331177345,
        1.4476273691803427,
        1.3846880916333149,
        1.5789632674638128,
        1.4256577429383253,
        1.239063266253091,
        1.2850097275896397,
        1.41178079034955,
        1.621727474022686,
        1.7300650276795957,
        1.4135504943227177,
        2.473484384426148
    ],
    [
        0.673145600891813,
        0.9982623792259117,
        0.8003905296791061,
        0.4330127018922193,
        1.0968705484240153,
        0.9185586535436918,
        0.5303300858899106,
        0.4639803635691685,
        1.2374368670764582,
        1.479019945774904,
        0.414578098794425,
        0.6959705453537527,
        0.5448623679425842,
        0.8660254037844386,
        1.6630168369562588,
        0.6288148879163932,
        0.9100137361600648,
        1.334634781503914,
        1.2074386788840692,
        0.9354143466934853,
        1.4630874888399532,
        1.4306903927824497,
        0.8003905296791061,
        1.2183492931011204,
        1.0952866190079096,
        1.6228832367117483,
        0.0,
        1.1792476415070754,
        0.5,
        1.0458250331675945,
        0.649519052838329,
        0.7603453162872774,
        1.4306903927824497,
        1.352081728298996,
        0.33071891388307384,
        1.5029138365189136,
        0.9354143466934853,
        1.357847561400027,
        1.2686114456365274,
        1.571225636247067,
        1.6121285101794252,
        0.8003905296791061,
        0.9354143466934853,
        1.7280367794439768,
        1.125,
        0.7806247497997998,
        0.673145600891813,
        0.45069390943299864,
        0.9921567416492215,
        0.414578098794425
    ],
    [
        2.084166500066633,
        0.982485510212633,
        1.165922381636102,
        1.1989578808281798,
        0.8926785535678563,
        1.0077822185373186,
        1.015504800579495,
        1.1777745020918808,
        1.0825317547305484,
        1.1858541225631423,
        1.3863170633011772,
        0.9921567416492215,
        1.1792476415070754,
        0.9437293044088437,
        1.3228756555322954,
        0.9211585983234951,
        0.9185586535436918,
        1.0897247358851685,
        1.0178571428571428,
        0.875,
        1.243734296383275,
        1.2930100540985752,
        0.9519716382329886,
        1.015504800579495,
        0.93355652093367,
        1.4872373717735847,
        1.1792476415070754,
        0.0,
        1.0,
        0.9921567416492215,
        0.9762812094883317,
        1.1989578808281798,
        1.14564392373896,
        1.1858541225631423,
        1.3635890143294642,
        1.2597122687344122,
        1.1110243021644486,
        1.103970108290981,
        1.0,
        1.2624381172952597,
        1.5126779050559456,
        0.9013878188659973,
        1.0897247358851685,
        1.5467259327725489,
        0.9842509842514764,
        0.9354143466934853,
        0.8660254037844386,
        1.0752906583803283,
        0.8838834764831844,
        1.3863170633011772
    ],
    [
        0.9270248108869579,
        0.8819171036881969,
        0.7603453162872774,
        0.5153882032022076,
        0.9682458365518543,
        0.7905694150420949,
        0.5303300858899106,
        0.5965758776365148,
        1.118033988749895,
        1.340475661845451,
        0.6123724356957945,
        0.7071067811865476,
        0.5994789404140899,
        0.739509972887452,
        1.5761900266148114,
        0.590366973386305,
        0.875,
        1.2119199643540823,
        1.0847387534633885,
        0.7288689868556626,
        1.2686114456365274,
        1.2562344526401112,
        0.6846531968814576,
        1.0383279828647594,
        0.950146187582615,
        1.6083765106466832,
        0.5,
        1.0,
        0.0,
        0.9100137361600648,
        0.625,
        0.8003905296791061,
        1.286953767623375,
        1.159202311936963,
        0.5590169943749475,
        1.42828568570857,
        0.7603453162872774,
        1.1858541225631423,
        1.0968705484240153,
        1.346291201783626,
        1.4690085469836827,
        0.8100925873009825,
        0.8003905296791061,
        1.663538731473094,
        1.0458250331675945,
        0.75,
        0.5863019699779287,
        0.4330127018922193,
        0.9013878188659973,
        0.6373774391990981
    ],
    [
        1.8666480653835098,
        1.0214708893442719,
        0.9682458365518543,
        1.0897247358851685,
        0.9437293044088437,
        0.8660254037844386,
        0.8385254915624212,
        1.0507933510765408,
        1.1110243021644486,
        1.2374368670764582,
        1.3169567191065923,
        0.8660254037844386,
        1.1110243021644486,
        0.770551750371122,
        1.4469796128487782,
        0.9126380242271884,
        1.0,
        0.9921567416492215,
        1.0847387534633885,
        0.9270248108869579,
        1.0458250331675945,
        1.0458250331675945,
