[
    [
        0.0,
        1.964529205687714,
        2.4653853654145026,
        1.948557158514987,
        2.318404623873926,
        2.391390808713624,
        2.3048861143232218,
        1.9364916731037085,
        2.3351927115336757,
        2.6457513110645907,
        1.6298006013006623,
        2.165063509461097,
        2.172268399622846,
        2.2878756522153907,
        2.375,
        2.2878756522153907,
        2.301494079940246,
        2.165063509461097,
        2.1830311495716224,
        2.401171589037318,
        2.1396553460779613,
        2.4206145913796355,
        2.6190408549696205,
        2.341874249399399,
        2.222048604328897,
        2.4206145913796355,
        2.361805453461398,
        2.4206145913796355,
        2.341874249399399,
        2.6896793489187516,
        2.2569337606584736,
        2.25,
        2.468552207266437,
        2.3082731640774234,
        1.8200274723201295,
        2.5799709300687867,
        2.311655251113366,
        2.7726341266023544,
        2.8613807855648994,
        2.311655251113366,
        2.6896793489187516,
        2.625,
        2.5310570914145734,
        2.368411915187052,
        2.468552207266437,
        2.55868618630734,
        2.592055169165965,
        2.0155644370746373,
        2.361805453461398,
        1.75
    ],
    [
        1.964529205687714,
        0.0,
        1.6817030058842137,
        1.5562374497485916,
        1.6723860200324565,
        1.6909686573085854,
        1.653594569415369,
        1.5309310892394863,
        1.713913650100261,
        1.8708286933869707,
        1.713913650100261,
        1.5612494995995996,
        1.5360257159305635,
        1.7320508075688772,
        1.758905909933786,
        1.653594569415369,
        1.653594569415369,
        1.6770509831248424,
        1.6105123408406408,
        1.75,
        1.6393596310755,
        1.695582495781317,
        1.776583800443987,
        1.5512092057488571,
        1.6007810593582121,
        1.758905909933786,
        1.6583123951777,
        1.6909686573085854,
        1.6345871038277526,
        1.8624580532189174,
        1.6105123408406408,
        1.590990257669732,
        1.6583123951777,
        1.590990257669732,
        1.590990257669732,
        1.8371173070873836,
        1.6298006013006623,
        1.9324531042175384,
        1.996089927833914,
        1.6583123951777,
        1.8915932438026946,
        1.845602882529175,
        1.6909686573085854,
        1.5811388300841898,
        1.7721808598447282,
        1.6770509831248424,
        1.8833148966649205,
        1.5662455107677085,
        1.709349291397168,
        1.5360257159305635
    ],
    [
        2.4653853654145026,
        1.6817030058842137,
        0.0,
        1.9121323175972944,
        1.648863244784115,
        1.5512092057488571,
        1.8708286933869707,
        1.758905909933786,
        1.5103807466993215,
        1.8285923547909742,
        1.9525624189766635,
        1.58607219255619,
        1.7230060940112777,
        1.620185174601965,
        1.713913650100261,
        1.5562374497485916,
        1.6153559979150107,
        1.9364916731037085,
        1.58607219255619,
        1.899835519196333,
        1.6583123951777,
        1.8624580532189174,
        1.713913650100261,
        1.8371173070873836,
        1.5103807466993215,
        1.9605483926697653,
        1.6583123951777,
        1.648863244784115,
        1.899835519196333,
        1.7544586059522749,
        1.6393596310755,
        1.6441183047457382,
        1.928406077567689,
        1.695582495781317,
        1.928406077567689,
        1.920286436967152,
        1.625,
        2.0348525745124633,
        1.7275343701356567,
        1.648863244784115,
        1.984313483298443,
        1.7677669529663689,
        1.9080421903092184,
        1.6007810593582121,
        1.7455300054711176,
        1.7275343701356567,
        1.984313483298443,
        1.6863421954040052,
        1.6298006013006623,
        1.7677669529663689
    ],
    [
        1.948557158514987,
        1.5562374497485916,
        1.9121323175972944,
        0.0,
        1.7853571071357126,
        2.019436802675439,
        1.620185174601965,
        1.7853571071357126,
        1.9324531042175384,
        2.0,
        1.8791620472966135,
        1.695582495781317,
        1.741048534648015,
        1.9039432764659772,
        2.0,
        1.899835519196333,
        1.7677669529663689,
        1.6723860200324565,
        1.6677080080157918,
        1.6817030058842137,
        1.6298006013006623,
        1.7940875118009154,
        1.8498310733685928,
        1.6056540723331412,
        1.8915932438026946,
        1.7677669529663689,
        1.776583800443987,
        1.8157298807917437,
        1.704772712123232,
        1.9121323175972944,
        1.6770509831248424,
        1.6909686573085854,
        1.6909686573085854,
        1.7001838135919305,
        1.75,
        1.875,
        1.6630168369562588,
        2.011684617428885,
        2.2569337606584736,
        1.71846588560844,
        1.9324531042175384,
        1.964529205687714,
        1.7365554986812255,
        1.776583800443987,
        1.8328597873268975,
        1.824314939915803,
        1.8498310733685928,
        1.6393596310755,
        1.71846588560844,
        1.7001838135919305
    ],
    [
        2.318404623873926,
        1.6723860200324565,
        1.648863244784115,
        1.7853571071357126,
        0.0,
        1.5206906325745548,
        1.5612494995995996,
        1.7677669529663689,
        1.6105123408406408,
        1.5662455107677085,
        2.117634293262177,
        1.5461646096066226,
        1.6393596310755,
        1.5662455107677085,
        1.8874586088176875,
        1.6909686573085854,
        1.505199322349037,
        1.7320508075688772,
        1.58607219255619,
        1.6909686573085854,
        1.5761900266148114,
        1.5461646096066226,
        1.5662455107677085,
        1.6723860200324565,
        1.6345871038277526,
        1.6298006013006623,
        1.6056540723331412,
        1.6007810593582121,
        1.5612494995995996,
        1.6677080080157918,
        1.6441183047457382,
        1.7365554986812255,
        1.7001838135919305,
        1.5258194519667128,
        1.920286436967152,
        1.5612494995995996,
        1.590990257669732,
        1.6909686573085854,
        1.7230060940112777,
        1.5761900266148114,
        1.7455300054711176,
        1.571225636247067,
        1.6298006013006623,
        1.4361406616345072,
        1.709349291397168,
        1.5811388300841898,
        1.7897276329095442,
        1.6393596310755,
        1.5562374497485916,
        1.8957188610128877
    ],
    [
        2.391390808713624,
        1.6909686573085854,
        1.5512092057488571,
        2.019436802675439,
        1.5206906325745548,
        0.0,
        1.79843682124227,
        1.8027756377319946,
        1.571225636247067,
        1.5811388300841898,
        2.042516829796024,
        1.653594569415369,
        1.653594569415369,
        1.4947825928876748,
        1.79843682124227,
        1.704772712123232,
        1.5461646096066226,
        1.8833148966649205,
        1.6345871038277526,
        1.8874586088176875,
        1.71846588560844,
        1.8285923547909742,
        1.6105123408406408,
        1.8666480653835098,
        1.4630874888399532,
        1.7809758560968758,
        1.7455300054711176,
        1.6345871038277526,
        1.8791620472966135,
        1.709349291397168,
        1.7275343701356567,
        1.709349291397168,
        1.956559480312316,
        1.6723860200324565,
        1.940521837032503,
        1.7853571071357126,
        1.6677080080157918,
        1.7940875118009154,
        1.4577379737113252,
        1.625,
        1.9121323175972944,
        1.5512092057488571,
        1.7853571071357126,
        1.4684175155588413,
        1.695582495781317,
        1.653594569415369,
        1.9364916731037085,
        1.7853571071357126,
        1.595893166850463,
        1.8957188610128877
    ],
    [
        2.3048861143232218,
        1.653594569415369,
        1.8708286933869707,
        1.620185174601965,
        1.5612494995995996,
        1.79843682124227,
        0.0,
        1.7853571071357126,
        1.8666480653835098,
        1.713913650100261,
        2.179449471770337,
        1.7455300054711176,
        1.7809758560968758,
        1.8833148966649205,
        2.038688303787511,
        1.9525624189766635,
        1.6007810593582121,
        1.595893166850463,
        1.6441183047457382,
        1.5461646096066226,
        1.6770509831248424,
        1.5562374497485916,
        1.709349291397168,
        1.620185174601965,
        1.875,
        1.5612494995995996,
        1.6909686573085854,
        1.6817030058842137,
        1.5662455107677085,
        1.7721808598447282,
        1.704772712123232,
        1.709349291397168,
        1.6153559979150107,
        1.6583123951777,
        1.9445436482630056,
        1.625,
        1.653594569415369,
        1.6393596310755,
        2.0,
        1.695582495781317,
        1.653594569415369,
        1.7455300054711176,
        1.5512092057488571,
        1.590990257669732,
        1.8413649828320293,
        1.6723860200324565,
        1.6723860200324565,
        1.648863244784115,
        1.6393596310755,
        1.79843682124227
    ],
    [
        1.9364916731037085,
        1.5309310892394863,
        1.758905909933786,
        1.7853571071357126,
        1.7677669529663689,
        1.8027756377319946,
        1.7853571071357126,
        0.0,
        1.8624580532189174,
        1.984313483298443,
        1.824314939915803,
        1.6723860200324565,
        1.625,
        1.776583800443987,
        1.8371173070873836,
        1.824314939915803,
        1.6583123951777,
        1.71846588560844,
        1.7230060940112777,
        1.964529205687714,
        1.7275343701356567,
        1.9364916731037085,
        1.8833148966649205,
        1.709349291397168,
        1.7275343701356567,
        1.9080421903092184,
        1.7721808598447282,
        1.824314939915803,
        1.7721808598447282,
        2.03100960115899,
        1.741048534648015,
        1.5360257159305635,
        1.9121323175972944,
        1.7677669529663689,
        1.6056540723331412,
        1.976423537605237,
        1.80710403685012,
        2.1360009363293826,
        2.053959590644373,
        1.758905909933786,
        2.0953818267800264,
        2.0155644370746373,
        1.8328597873268975,
        1.7365554986812255,
        1.8915932438026946,
        1.8915932438026946,
        2.1213203435596424,
        1.6105123408406408,
        1.8285923547909742,
        1.4415703243338496
    ],
    [
        2.3351927115336757,
        1.713913650100261,
        1.5103807466993215,
        1.9324531042175384,
        1.6105123408406408,
        1.571225636247067,
        1.8666480653835098,
        1.8624580532189174,
        0.0,
        1.7230060940112777,
        1.9080421903092184,
        1.648863244784115,
        1.6770509831248424,
        1.6056540723331412,
        1.7230060940112777,
        1.571225636247067,
        1.6909686573085854,
        1.948557158514987,
        1.695582495781317,
        1.845602882529175,
        1.6770509831248424,
        1.9121323175972944,
        1.7365554986812255,
        1.8540496217739157,
        1.6345871038277526,
        1.9080421903092184,
        1.6770509831248424,
        1.6770509831248424,
        1.8915932438026946,
        1.758905909933786,
        1.6770509831248424,
        1.7275343701356567,
        1.940521837032503,
        1.6723860200324565,
        1.9605483926697653,
        1.928406077567689,
        1.5206906325745548,
        1.9525624189766635,
        1.7001838135919305,
        1.6677080080157918,
        2.03100960115899,
        1.75,
        1.9080421903092184,
        1.6298006013006623,
        1.6723860200324565,
        1.6583123951777,
        1.9162137145944864,
        1.704772712123232,
        1.620185174601965,
        1.8624580532189174
    ],
    [
        2.6457513110645907,
        1.8708286933869707,
        1.8285923547909742,
        2.0,
        1.5662455107677085,
        1.5811388300841898,
        1.713913650100261,
        1.984313483298443,
        1.7230060940112777,
        0.0,
        2.484325864293974,
        1.7809758560968758,
        1.79843682124227,
        1.713913650100261,
        2.053959590644373,
        1.8874586088176875,
        1.6583123951777,
        1.7809758560968758,
        1.8114220932736798,
        1.71846588560844,
        1.758905909933786,
        1.620185174601965,
        1.6393596310755,
        1.8114220932736798,
        1.7897276329095442,
        1.6583123951777,
        1.8957188610128877,
        1.6909686573085854,
        1.71846588560844,
        1.625,
        1.7809758560968758,
        1.8285923547909742,
        1.875,
        1.6909686573085854,
        2.143303524935281,
        1.625,
        1.704772712123232,
        1.7230060940112777,
        1.7809758560968758,
        1.58607219255619,
        1.7544586059522749,
        1.5309310892394863,
        1.71846588560844,
        1.5562374497485916,
        1.8027756377319946,
        1.571225636247067,
        1.7320508075688772,
        1.8666480653835098,
        1.648863244784115,
        2.143303524935281
    ],
    [
        1.6298006013006623,
        1.713913650100261,
        1.9525624189766635,
        1.8791620472966135,
        2.117634293262177,
        2.042516829796024,
        2.179449471770337,
        1.824314939915803,
        1.9080421903092184,
        2.484325864293974,
        0.0,
        1.9324531042175384,
        1.9445436482630056,
        2.0155644370746373,
        1.9039432764659772,
        1.8498310733685928,
        2.0463381929681126,
        2.069118169655856,
        1.9364916731037085,
        2.2465250944514286,
        1.8915932438026946,
        2.4238399287081647,
        2.2534695471649933,
        2.1065374432940898,
        1.964529205687714,
        2.3551804601770967,
        1.9685019685029528,
        2.084166500066633,
        2.2430448056157952,
        2.348536778506992,
        1.940521837032503,
        1.8957188610128877,
        2.2672946434021317,
        1.976423537605237,
        1.7633419974582356,
        2.4717149916606487,
        2.011684617428885,
        2.4748737341529163,
        2.378287198805056,
        2.0953818267800264,
        2.4906073556464094,
        2.404423007708918,
        2.311655251113366,
        2.0463381929681126,
        2.117634293262177,
        2.200852107707376,
        2.5124689052802225,
        1.7677669529663689,
        2.125,
        1.7230060940112777
    ],
    [
        2.165063509461097,
        1.5612494995995996,
        1.58607219255619,
        1.695582495781317,
        1.5461646096066226,
        1.653594569415369,
        1.7455300054711176,
        1.6723860200324565,
        1.648863244784115,
        1.7809758560968758,
        1.9324531042175384,
        0.0,
        1.489546910976623,
        1.7001838135919305,
        1.8624580532189174,
        1.713913650100261,
        1.58607219255619,
        1.6770509831248424,
        1.541103500742244,
        1.7230060940112777,
        1.5612494995995996,
        1.776583800443987,
        1.6909686573085854,
        1.6583123951777,
        1.6153559979150107,
        1.5761900266148114,
        1.653594569415369,
        1.6345871038277526,
        1.6863421954040052,
        1.758905909933786,
        1.695582495781317,
        1.5562374497485916,
        1.7320508075688772,
        1.625,
        1.695582495781317,
        1.824314939915803,
        1.541103500742244,
        1.875,
        2.0463381929681126,
        1.653594569415369,
        1.8540496217739157,
        1.713913650100261,
        1.6677080080157918,
        1.595893166850463,
        1.6007810593582121,
        1.7275343701356567,
        1.8200274723201295,
        1.7230060940112777,
        1.5612494995995996,
        1.6630168369562588
    ],
    [
        2.172268399622846,
        1.5360257159305635,
        1.7230060940112777,
        1.741048534648015,
        1.6393596310755,
        1.653594569415369,
        1.7809758560968758,
        1.625,
        1.6770509831248424,
        1.79843682124227,
        1.9445436482630056,
        1.489546910976623,
        0.0,
        1.704772712123232,
        1.928406077567689,
        1.7544586059522749,
        1.625,
        1.709349291397168,
        1.541103500742244,
        1.6770509831248424,
        1.6105123408406408,
        1.7721808598447282,
        1.6441183047457382,
        1.6723860200324565,
        1.6723860200324565,
        1.709349291397168,
        1.75,
        1.6723860200324565,
        1.709349291397168,
        1.7853571071357126,
        1.713913650100261,
        1.6298006013006623,
        1.8027756377319946,
        1.7320508075688772,
        1.7275343701356567,
        1.824314939915803,
        1.5761900266148114,
        2.027159342528357,
        1.9605483926697653,
        1.6630168369562588,
        1.8957188610128877,
        1.7544586059522749,
        1.776583800443987,
        1.5811388300841898,
        1.704772712123232,
        1.6630168369562588,
        1.9364916731037085,
        1.6677080080157918,
        1.6298006013006623,
        1.6007810593582121
    ],
    [
        2.2878756522153907,
        1.7320508075688772,
        1.620185174601965,
        1.9039432764659772,
        1.5662455107677085,
        1.4947825928876748,
        1.8833148966649205,
        1.776583800443987,
        1.6056540723331412,
        1.713913650100261,
        2.0155644370746373,
        1.7001838135919305,
        1.704772712123232,
        0.0,
        1.79843682124227,
        1.6909686573085854,
        1.6393596310755,
        1.920286436967152,
        1.648863244784115,
        1.8957188610128877,
        1.653594569415369,
        1.8413649828320293,
        1.6056540723331412,
        1.9039432764659772,
        1.4469796128487782,
        1.9080421903092184,
        1.7853571071357126,
        1.776583800443987,
        1.928406077567689,
        1.75,
        1.75,
        1.6770509831248424,
        1.984313483298443,
        1.6817030058842137,
        1.8833148966649205,
        1.899835519196333,
        1.6863421954040052,
        1.996089927833914,
        1.620185174601965,
        1.6105123408406408,
        2.011684617428885,
        1.776583800443987,
        1.9445436482630056,
        1.6105123408406408,
        1.7544586059522749,
        1.7455300054711176,
        2.03100960115899,
        1.7897276329095442,
        1.6723860200324565,
        1.9039432764659772
    ],
    [
        2.375,
        1.758905909933786,
        1.713913650100261,
        2.0,
        1.8874586088176875,
        1.79843682124227,
        2.038688303787511,
        1.8371173070873836,
        1.7230060940112777,
        2.053959590644373,
        1.9039432764659772,
        1.8624580532189174,
        1.928406077567689,
        1.79843682124227,
        0.0,
        1.8328597873268975,
        1.79843682124227,
        2.019436802675439,
        1.8957188610128877,
        2.042516829796024,
        1.8498310733685928,
        2.050152433357091,
        2.0077973005261263,
        1.9685019685029528,
        1.7677669529663689,
        2.1578345627040085,
        1.7940875118009154,
        1.8624580532189174,
        2.042516829796024,
        2.0348525745124633,
        1.776583800443987,
        1.8582585934148133,
        2.027159342528357,
        1.8624580532189174,
        1.741048534648015,
        2.1139418156609704,
        1.7853571071357126,
        2.218529918662356,
        2.042516829796024,
        1.976423537605237,
        2.1505813167606567,
        2.0155644370746373,
        2.0463381929681126,
        1.976423537605237,
        2.023301757029831,
        1.8915932438026946,
        2.2534695471649933,
        1.79843682124227,
        1.8498310733685928,
        1.8498310733685928
    ],
    [
        2.2878756522153907,
        1.653594569415369,
        1.5562374497485916,
        1.899835519196333,
        1.6909686573085854,
        1.704772712123232,
        1.9525624189766635,
        1.824314939915803,
        1.571225636247067,
        1.8874586088176875,
        1.8498310733685928,
        1.713913650100261,
        1.7544586059522749,
        1.6909686573085854,
        1.8328597873268975,
        0.0,
        1.695582495781317,
        1.8791620472966135,
        1.6909686573085854,
        1.80710403685012,
        1.6441183047457382,
        1.9364916731037085,
        1.8540496217739157,
        1.8708286933869707,
        1.5662455107677085,
        1.964529205687714,
        1.741048534648015,
        1.7365554986812255,
        1.9364916731037085,
        1.8624580532189174,
        1.7455300054711176,
        1.7365554986812255,
        1.9080421903092184,
        1.6583123951777,
        1.875,
        2.027159342528357,
        1.7001838135919305,
        2.0766559657295187,
        1.8708286933869707,
        1.7275343701356567,
        2.019436802675439,
        1.8371173070873836,
        1.9724667297574374,
        1.6909686573085854,
        1.8114220932736798,
        1.7275343701356567,
        2.027159342528357,
        1.7633419974582356,
        1.7001838135919305,
        1.8833148966649205
    ],
    [
        2.301494079940246,
        1.653594569415369,
        1.6153559979150107,
        1.7677669529663689,
        1.505199322349037,
        1.5461646096066226,
        1.6007810593582121,
        1.6583123951777,
        1.6909686573085854,
        1.6583123951777,
        2.0463381929681126,
        1.58607219255619,
        1.625,
        1.6393596310755,
        1.79843682124227,
        1.695582495781317,
        0.0,
        1.695582495781317,
        1.4306903927824497,
        1.6583123951777,
        1.58607219255619,
        1.6441183047457382,
        1.5761900266148114,
        1.653594569415369,
        1.5761900266148114,
        1.75,
        1.6630168369562588,
        1.6583123951777,
        1.6723860200324565,
        1.6583123951777,
        1.5309310892394863,
        1.5612494995995996,
        1.6677080080157918,
        1.571225636247067,
        1.758905909933786,
        1.7275343701356567,
        1.5662455107677085,
        1.7721808598447282,
        1.7853571071357126,
        1.6630168369562588,
        1.6909686573085854,
        1.6817030058842137,
        1.653594569415369,
        1.5155444566227676,
        1.6909686573085854,
        1.590990257669732,
        1.8200274723201295,
        1.5562374497485916,
        1.505199322349037,
        1.741048534648015
    ],
    [
        2.165063509461097,
        1.6770509831248424,
        1.9364916731037085,
        1.6723860200324565,
        1.7320508075688772,
        1.8833148966649205,
        1.595893166850463,
        1.71846588560844,
        1.948557158514987,
        1.7809758560968758,
        2.069118169655856,
        1.6770509831248424,
        1.709349291397168,
        1.920286436967152,
        2.019436802675439,
        1.8791620472966135,
        1.695582495781317,
        0.0,
        1.709349291397168,
        1.5811388300841898,
        1.713913650100261,
        1.7230060940112777,
        1.8328597873268975,
        1.5309310892394863,
        1.8582585934148133,
        1.5612494995995996,
        1.7633419974582356,
        1.7544586059522749,
        1.6153559979150107,
        1.9685019685029528,
        1.8027756377319946,
        1.7544586059522749,
        1.741048534648015,
        1.695582495781317,
        1.75,
        1.7544586059522749,
        1.6393596310755,
        1.79843682124227,
        2.168668946612184,
        1.7320508075688772,
        1.7320508075688772,
        1.7897276329095442,
        1.6441183047457382,
        1.7001838135919305,
        1.8540496217739157,
        1.80710403685012,
        1.8371173070873836,
        1.7320508075688772,
        1.713913650100261,
        1.776583800443987
    ],
    [
        2.1830311495716224,
        1.6105123408406408,
        1.58607219255619,
        1.6677080080157918,
        1.58607219255619,
        1.6345871038277526,
        1.6441183047457382,
        1.7230060940112777,
        1.695582495781317,
        1.8114220932736798,
        1.9364916731037085,
        1.541103500742244,
        1.541103500742244,
        1.648863244784115,
        1.8957188610128877,
        1.6909686573085854,
        1.4306903927824497,
        1.709349291397168,
        0.0,
        1.6441183047457382,
        1.5811388300841898,
        1.8328597873268975,
        1.6909686573085854,
        1.6153559979150107,
        1.704772712123232,
        1.741048534648015,
        1.6909686573085854,
        1.6770509831248424,
        1.7275343701356567,
        1.7455300054711176,
        1.5360257159305635,
        1.5662455107677085,
        1.6723860200324565,
        1.6441183047457382,
        1.80710403685012,
        1.8708286933869707,
        1.5562374497485916,
        1.9525624189766635,
        2.003902442735175,
        1.5761900266148114,
        1.824314939915803,
        1.7897276329095442,
        1.7275343701356567,
        1.541103500742244,
        1.709349291397168,
        1.7275343701356567,
        1.8157298807917437,
        1.5761900266148114,
        1.6056540723331412,
        1.709349291397168
    ],
    [
        2.401171589037318,
        1.75,
        1.899835519196333,
        1.6817030058842137,
        1.6909686573085854,
        1.8874586088176875,
        1.5461646096066226,
        1.964529205687714,
        1.845602882529175,
        1.71846588560844,
        2.2465250944514286,
        1.7230060940112777,
        1.6770509831248424,
        1.8957188610128877,
        2.042516829796024,
        1.80710403685012,
        1.6583123951777,
        1.5811388300841898,
        1.6441183047457382,
        0.0,
        1.6105123408406408,
        1.6153559979150107,
        1.6677080080157918,
        1.5761900266148114,
        1.8498310733685928,
        1.5761900266148114,
        1.776583800443987,
        1.7001838135919305,
        1.653594569415369,
        1.7940875118009154,
        1.6298006013006623,
        1.7897276329095442,
        1.5811388300841898,
        1.620185174601965,
        1.984313483298443,
        1.5811388300841898,
        1.6909686573085854,
        1.75,
        2.072890493972125,
        1.75,
        1.7320508075688772,
        1.741048534648015,
        1.6441183047457382,
        1.653594569415369,
        1.7320508075688772,
        1.6770509831248424,
        1.7897276329095442,
        1.7897276329095442,
        1.620185174601965,
        1.9882467150733583
    ],
    [
        2.1396553460779613,
        1.6393596310755,
        1.6583123951777,
        1.6298006013006623,
        1.5761900266148114,
        1.71846588560844,
        1.6770509831248424,
        1.7275343701356567,
        1.6770509831248424,
        1.758905909933786,
        1.8915932438026946,
        1.5612494995995996,
        1.6105123408406408,
        1.653594569415369,
        1.8498310733685928,
        1.6441183047457382,
        1.58607219255619,
        1.713913650100261,
        1.5811388300841898,
        1.6105123408406408,
        0.0,
        1.7853571071357126,
        1.741048534648015,
        1.704772712123232,
        1.7230060940112777,
        1.758905909933786,
        1.6298006013006623,
        1.6583123951777,
        1.8157298807917437,
        1.7633419974582356,
        1.595893166850463,
        1.6863421954040052,
        1.7230060940112777,
        1.571225636247067,
        1.7897276329095442,
        1.7721808598447282,
        1.6723860200324565,
        1.9605483926697653,
        2.0953818267800264,
        1.6393596310755,
        1.8708286933869707,
        1.6630168369562588,
        1.7940875118009154,
        1.6153559979150107,
        1.6441183047457382,
        1.7275343701356567,
        1.7365554986812255,
        1.6723860200324565,
        1.6056540723331412,
        1.7897276329095442
    ],
    [
        2.4206145913796355,
        1.695582495781317,
        1.8624580532189174,
        1.7940875118009154,
        1.5461646096066226,
        1.8285923547909742,
        1.5562374497485916,
        1.9364916731037085,
        1.9121323175972944,
        1.620185174601965,
        2.4238399287081647,
        1.776583800443987,
        1.7721808598447282,
        1.8413649828320293,
        2.050152433357091,
        1.9364916731037085,
        1.6441183047457382,
        1.7230060940112777,
        1.8328597873268975,
        1.6153559979150107,
        1.7853571071357126,
        0.0,
        1.6583123951777,
        1.741048534648015,
        1.8708286933869707,
        1.595893166850463,
        1.8582585934148133,
        1.713913650100261,
        1.5811388300841898,
        1.741048534648015,
        1.776583800443987,
        1.8708286933869707,
        1.6153559979150107,
        1.653594569415369,
        2.023301757029831,
        1.4737282653189494,
        1.6770509831248424,
        1.571225636247067,
        1.8498310733685928,
        1.6393596310755,
        1.7001838135919305,
        1.6583123951777,
        1.5612494995995996,
        1.5662455107677085,
        1.8540496217739157,
        1.5360257159305635,
        1.695582495781317,
        1.7544586059522749,
        1.625,
        2.0463381929681126
    ],
    [
        2.6190408549696205,
        1.776583800443987,
        1.713913650100261,
        1.8498310733685928,
        1.5662455107677085,
        1.6105123408406408,
        1.709349291397168,
        1.8833148966649205,
        1.7365554986812255,
        1.6393596310755,
        2.2534695471649933,
        1.6909686573085854,
        1.6441183047457382,
        1.6056540723331412,
        2.0077973005261263,
        1.8540496217739157,
        1.5761900266148114,
        1.8328597873268975,
        1.6909686573085854,
        1.6677080080157918,
        1.741048534648015,
        1.6583123951777,
        0.0,
        1.7853571071357126,
        1.713913650100261,
        1.6105123408406408,
        1.875,
        1.6583123951777,
        1.648863244784115,
        1.6393596310755,
        1.7275343701356567,
        1.7677669529663689,
        1.8285923547909742,
        1.7230060940112777,
        1.9921721813136535,
        1.695582495781317,
        1.5761900266148114,
        1.7544586059522749,
        1.6817030058842137,
        1.6630168369562588,
        1.8285923547909742,
        1.58607219255619,
        1.695582495781317,
        1.5761900266148114,
        1.709349291397168,
        1.6723860200324565,
        1.845602882529175,
        1.7677669529663689,
        1.6298006013006623,
        1.9364916731037085
    ],
    [
        2.341874249399399,
        1.5512092057488571,
        1.8371173070873836,
        1.6056540723331412,
        1.6723860200324565,
        1.8666480653835098,
        1.620185174601965,
        1.709349291397168,
        1.8540496217739157,
        1.8114220932736798,
        2.1065374432940898,
        1.6583123951777,
        1.6723860200324565,
        1.9039432764659772,
        1.9685019685029528,
        1.8708286933869707,
        1.653594569415369,
        1.5309310892394863,
        1.6153559979150107,
        1.5761900266148114,
        1.704772712123232,
        1.741048534648015,
        1.7853571071357126,
        0.0,
        1.8915932438026946,
        1.695582495781317,
        1.6909686573085854,
        1.6393596310755,
        1.648863244784115,
        1.8200274723201295,
        1.695582495781317,
        1.7230060940112777,
        1.5360257159305635,
        1.704772712123232,
        1.8328597873268975,
        1.6817030058842137,
        1.6298006013006623,
        1.7677669529663689,
        2.1102428770167667,
        1.6393596310755,
        1.709349291397168,
        1.8582585934148133,
        1.5512092057488571,
        1.7001838135919305,
        1.7365554986812255,
        1.7320508075688772,
        1.6441183047457382,
        1.7001838135919305,
        1.7275343701356567,
        1.758905909933786
    ],
    [
        2.222048604328897,
        1.6007810593582121,
        1.5103807466993215,
        1.8915932438026946,
        1.6345871038277526,
        1.4630874888399532,
        1.875,
        1.7275343701356567,
        1.6345871038277526,
        1.7897276329095442,
        1.964529205687714,
        1.6153559979150107,
        1.6723860200324565,
        1.4469796128487782,
        1.7677669529663689,
        1.5662455107677085,
        1.5761900266148114,
        1.8582585934148133,
        1.704772712123232,
        1.8498310733685928,
        1.7230060940112777,
        1.8708286933869707,
        1.713913650100261,
        1.8915932438026946,
        0.0,
        1.9080421903092184,
        1.6817030058842137,
        1.653594569415369,
        1.8791620472966135,
        1.79843682124227,
        1.7275343701356567,
        1.695582495781317,
        1.9445436482630056,
        1.6583123951777,
        1.8200274723201295,
        1.9724667297574374,
        1.653594569415369,
        1.9882467150733583,
        1.7455300054711176,
        1.6345871038277526,
        1.9243505397925815,
        1.7544586059522749,
        1.8540496217739157,
        1.6817030058842137,
        1.709349291397168,
        1.6909686573085854,
        1.9685019685029528,
        1.71846588560844,
        1.704772712123232,
        1.776583800443987
    ],
    [
        2.4206145913796355,
        1.758905909933786,
        1.9605483926697653,
        1.7677669529663689,
        1.6298006013006623,
        1.7809758560968758,
        1.5612494995995996,
        1.9080421903092184,
        1.9080421903092184,
        1.6583123951777,
        2.3551804601770967,
        1.5761900266148114,
        1.709349291397168,
        1.9080421903092184,
        2.1578345627040085,
        1.964529205687714,
        1.75,
        1.5612494995995996,
        1.741048534648015,
        1.5761900266148114,
        1.758905909933786,
        1.595893166850463,
        1.6105123408406408,
        1.695582495781317,
        1.9080421903092184,
        0.0,
        1.8200274723201295,
        1.6630168369562588,
        1.5612494995995996,
        1.71846588560844,
        1.7809758560968758,
        1.7853571071357126,
        1.6770509831248424,
        1.776583800443987,
        2.065338955232288,
        1.5155444566227676,
        1.6583123951777,
        1.58607219255619,
        1.9724667297574374,
        1.6770509831248424,
        1.6677080080157918,
        1.6298006013006623,
        1.505199322349037,
        1.489546910976623,
        1.7544586059522749,
        1.6677080080157918,
        1.6056540723331412,
        1.845602882529175,
        1.6630168369562588,
        2.038688303787511
    ],
    [
        2.361805453461398,
        1.6583123951777,
        1.6583123951777,
        1.776583800443987,
        1.6056540723331412,
        1.7455300054711176,
        1.6909686573085854,
        1.7721808598447282,
        1.6770509831248424,
        1.8957188610128877,
        1.9685019685029528,
        1.653594569415369,
        1.75,
        1.7853571071357126,
        1.7940875118009154,
        1.741048534648015,
        1.6630168369562588,
        1.7633419974582356,
        1.6909686573085854,
        1.776583800443987,
        1.6298006013006623,
        1.8582585934148133,
        1.875,
        1.6909686573085854,
        1.6817030058842137,
        1.8200274723201295,
        0.0,
        1.758905909933786,
        1.7544586059522749,
        1.7365554986812255,
        1.6630168369562588,
        1.7001838135919305,
        1.845602882529175,
        1.58607219255619,
        1.776583800443987,
        1.8957188610128877,
        1.713913650100261,
        1.8708286933869707,
        2.050152433357091,
        1.653594569415369,
        1.758905909933786,
        1.8413649828320293,
        1.8157298807917437,
        1.648863244784115,
        1.71846588560844,
        1.7544586059522749,
        1.8874586088176875,
        1.7320508075688772,
        1.6630168369562588,
        1.75
    ],
    [
        2.4206145913796355,
        1.6909686573085854,
        1.648863244784115,
        1.8157298807917437,
        1.6007810593582121,
        1.6345871038277526,
        1.6817030058842137,
        1.824314939915803,
        1.6770509831248424,
        1.6909686573085854,
        2.084166500066633,
        1.6345871038277526,
        1.6723860200324565,
        1.776583800443987,
        1.8624580532189174,
        1.7365554986812255,
        1.6583123951777,
        1.7544586059522749,
        1.6770509831248424,
        1.7001838135919305,
        1.6583123951777,
        1.713913650100261,
        1.6583123951777,
        1.6393596310755,
        1.653594569415369,
        1.6630168369562588,
        1.758905909933786,
        0.0,
        1.6583123951777,
        1.776583800443987,
        1.620185174601965,
        1.80710403685012,
        1.7230060940112777,
        1.6909686573085854,
        1.8708286933869707,
        1.571225636247067,
        1.6105123408406408,
        1.7230060940112777,
        1.8540496217739157,
        1.6007810593582121,
        1.8666480653835098,
        1.6583123951777,
        1.6298006013006623,
        1.6393596310755,
        1.7940875118009154,
        1.6105123408406408,
        1.6677080080157918,
        1.7544586059522749,
        1.5761900266148114,
        1.875
    ],
    [
        2.341874249399399,
        1.6345871038277526,
        1.899835519196333,
        1.704772712123232,
        1.5612494995995996,
        1.8791620472966135,
        1.5662455107677085,
        1.7721808598447282,
        1.8915932438026946,
        1.71846588560844,
        2.2430448056157952,
        1.6863421954040052,
        1.709349291397168,
        1.928406077567689,
        2.042516829796024,
        1.9364916731037085,
        1.6723860200324565,
        1.6153559979150107,
        1.7275343701356567,
        1.653594569415369,
        1.8157298807917437,
        1.5811388300841898,
        1.648863244784115,
        1.648863244784115,
        1.8791620472966135,
        1.5612494995995996,
        1.7544586059522749,
        1.6583123951777,
        0.0,
        1.75,
        1.7320508075688772,
        1.7721808598447282,
        1.709349291397168,
        1.6677080080157918,
        1.984313483298443,
        1.5662455107677085,
        1.625,
        1.713913650100261,
        2.0615528128088303,
        1.6441183047457382,
        1.6153559979150107,
        1.7230060940112777,
        1.505199322349037,
        1.648863244784115,
        1.71846588560844,
        1.6630168369562588,
        1.7275343701356567,
        1.71846588560844,
        1.7230060940112777,
        1.8624580532189174
    ],
    [
        2.6896793489187516,
        1.8624580532189174,
        1.7544586059522749,
        1.9121323175972944,
        1.6677080080157918,
        1.709349291397168,
        1.7721808598447282,
        2.03100960115899,
        1.758905909933786,
        1.625,
        2.348536778506992,
        1.758905909933786,
        1.7853571071357126,
        1.75,
        2.0348525745124633,
        1.8624580532189174,
        1.6583123951777,
        1.9685019685029528,
        1.7455300054711176,
        1.7940875118009154,
        1.7633419974582356,
        1.741048534648015,
        1.6393596310755,
        1.8200274723201295,
        1.79843682124227,
        1.71846588560844,
        1.7365554986812255,
        1.776583800443987,
        1.75,
        0.0,
