[
    [
        0.0,
        0.3049878327491115,
        0.25626905416963636,
        0.3518228202874282,
        0.40864677595693816,
        0.2049199538844375,
        0.19390115071860714,
        0.3497348325874905,
        0.4736720747257537,
        0.4077496359593715,
        0.2415566380271923,
        0.26005182776708186,
        0.3321920566479578,
        0.2543565718140579,
        0.13258252147247765,
        0.2567449488305466,
        0.29522568168267477,
        0.23175620272173947,
        0.4178044361600293,
        0.30095875444153475,
        0.49262133657607643,
        0.38650606174274793,
        0.24356964481437338,
        0.1788362990978062,
        0.41546049375963534,
        0.171875,
        0.38177474133970674,
        0.38177474133970674,
        0.39466659188484654,
        0.21303293058559955,
        0.3065846385991966,
        0.30935921676911454,
        0.21930732574403436,
        0.3113259194558012,
        0.5142025834970104,
        0.35008369535012623,
        0.5077524002897476,
        0.6263656954008576,
        0.29973947020704494,
        0.369754986443726,
        0.506307867063114,
        0.3874873989886639,
        0.3335773846167899,
        0.3329261836353518,
        0.35147568372506227,
        0.44633927678392815,
        0.23228232417685166,
        0.3465792658252943,
        0.2415566380271923
    ],
    [
        0.3049878327491115,
        0.0,
        0.27332587007087344,
        0.21423920626253262,
        0.271083618326523,
        0.1307281291459493,
        0.23644915547533682,
        0.2209708691207961,
        0.3318243840874266,
        0.5614138819756775,
        0.29022149407822984,
        0.2642427269576213,
        0.32287466124643477,
        0.234375,
        0.3081731706768128,
        0.2692763740564701,
        0.35733114456341475,
        0.23799290955824715,
        0.20009763241977652,
        0.2893790496476896,
        0.30338262248355624,
        0.2195545719620624,
        0.2405438174740727,
        0.32021721143623744,
        0.3376591060152236,
        0.2803806007019744,
        0.29563887388163285,
        0.25146057717861064,
        0.2153757617514097,
        0.16296341507460432,
        0.2159417962669571,
        0.21021287573552672,
        0.32886820593514354,
        0.32588521272834703,
        0.3140586131600278,
        0.21137108216357317,
        0.3391021002220423,
        0.22534695471649932,
        0.35596205468420367,
        0.30257682392245444,
        0.29481191037676885,
        0.26836818808308854,
        0.3488417093675073,
        0.30737993082665627,
        0.225888004606265,
        0.3159960690024482,
        0.2557922741210141,
        0.2692763740564701,
        0.23333100817293873
    ],
    [
        0.25626905416963636,
        0.27332587007087344,
        0.0,
        0.3358466446906981,
        0.42961647140211,
        0.3156095293238149,
        0.25146057717861064,
        0.2803806007019744,
        0.4973072019637359,
        0.4259066615762191,
        0.273772116686488,
        0.29646353064078557,
        0.26005182776708186,
        0.29315098498896436,
        0.234375,
        0.25911131174651564,
        0.30856902590830465,
        0.2628531850196988,
        0.36241917202322504,
        0.171875,
        0.4536634731549367,
        0.41890673890828944,
        0.2781952158557009,
        0.26378035962709584,
        0.3121091305537215,
        0.23799290955824715,
        0.4487939567607835,
        0.2543565718140579,
        0.33946189035000673,
        0.22969871949166612,
        0.1711632992203644,
        0.28895690638917076,
        0.2728788936964528,
        0.28512949360772905,
        0.3401803290168319,
        0.3412551510600243,
        0.5387793640489583,
        0.5764333358030224,
        0.2790714234295586,
        0.22803936748947537,
        0.43805768027738085,
        0.28683687110446593,
        0.27277946614944787,
        0.3511282039725661,
        0.3021731188408393,
        0.2628531850196988,
        0.16010860571811872,
        0.34693130173710185,
        0.19764235376052372
    ],
    [
        0.3518228202874282,
        0.21423920626253262,
        0.3358466446906981,
        0.0,
        0.16237976320958225,
        0.20432338797846908,
        0.3563048203434806,
        0.18288593610499415,
        0.2910615001593306,
        0.6736894105409406,
        0.2312288841710741,
        0.26836818808308854,
        0.12103072956898178,
        0.3156095293238149,
        0.20252314682524564,
        0.13975424859373686,
        0.3081731706768128,
        0.213096589015404,
        0.20787710461953235,
        0.1711632992203644,
        0.21021287573552672,
        0.23975311013508135,
        0.23747943989954162,
        0.203125,
        0.16010860571811872,
        0.20252314682524564,
        0.3336586953759785,
        0.13621559198564606,
        0.11048543456039805,
        0.14129854131510977,
        0.19327057620082783,
        0.15934435979977452,
        0.2049199538844375,
        0.5060667106469264,
        0.23696485762661096,
        0.255314603724503,
        0.31054073303674673,
        0.27599252707274524,
        0.12789613706050704,
        0.1907274314958391,
        0.20009763241977652,
        0.184877493221863,
        0.17500310017095252,
        0.20432338797846908,
        0.16973094517500337,
        0.18421603316486868,
        0.2976962325509008,
        0.14405538214520136,
        0.4493376201421377
    ],
    [
        0.40864677595693816,
        0.271083618326523,
        0.42961647140211,
        0.16237976320958225,
        0.0,
        0.2572199630180364,
        0.40894538525945,
        0.2209708691207961,
        0.24105075969596113,
        0.73054185797256,
        0.31366968593569894,
        0.2567449488305466,
        0.1926379375927805,
        0.34161267357930386,
        0.2914805954090255,
        0.1988737822087165,
        0.34410493039914436,
        0.26378035962709584,
        0.18154609435347266,
        0.2768757054167086,
        0.2170694373351532,
        0.1916496822184802,
        0.2390165396996618,
        0.31328027587130347,
        0.24206145913796356,
        0.273772116686488,
        0.2872621298570349,
        0.18814991529362962,
        0.14235052467412967,
        0.231111538878477,
        0.2692763740564701,
        0.16973094517500337,
        0.3262595784034547,
        0.5970304117044625,
        0.2385052737886523,
        0.255314603724503,
        0.240035804620894,
        0.20372507516258279,
        0.19702375332685143,
        0.258167369404036,
        0.19452968121857395,
        0.1907274314958391,
        0.21162760056156296,
        0.22041774968227945,
        0.14740595518838442,
        0.25146057717861064,
        0.36174490321219455,
        0.17044862679118303,
        0.52174399553325
    ],
    [
        0.2049199538844375,
        0.1307281291459493,
        0.3156095293238149,
        0.20432338797846908,
        0.2572199630180364,
        0.0,
        0.25194555463432966,
        0.2781952158557009,
        0.37205877811845806,
        0.4416654382844553,
        0.13887803777055607,
        0.2312288841710741,
        0.27466243486323355,
        0.25,
        0.1608692209529219,
        0.18421603316486868,
        0.3140586131600278,
        0.23070036031614688,
        0.2923169833417142,
        0.28254908312539256,
        0.369754986443726,
        0.25102869952678936,
        0.21986323874172325,
        0.19136638615493579,
        0.328125,
        0.1801962905417312,
        0.2543565718140579,
        0.30055287596361474,
        0.2670001170411728,
        0.16820578397869937,
        0.25911131174651564,
        0.1711632992203644,
        0.213668661424646,
        0.3455210060546247,
        0.38081430021731066,
        0.21763106683100186,
        0.3753253796707598,
        0.36543798636020314,
        0.20070675904164265,
        0.28641098093474,
        0.3175375223890871,
        0.301768873684812,
        0.26383177378987377,
        0.31715286140913185,
        0.1926379375927805,
        0.3657718722099883,
        0.2390165396996618,
        0.23333100817293873,
        0.27018150727797785
    ],
    [
        0.19390115071860714,
        0.23644915547533682,
        0.25146057717861064,
        0.3563048203434806,
        0.40894538525945,
        0.25194555463432966,
        0.0,
        0.36241917202322504,
        0.5513212113867922,
        0.3535533905932738,
        0.24206145913796356,
        0.24356964481437338,
        0.37856379498705367,
        0.22642776165920997,
        0.17469281074217108,
        0.27198273727389394,
        0.3412551510600243,
        0.2755498763835687,
        0.41692700200394794,
        0.3240068961457456,
        0.5240784322265132,
        0.38205885281444385,
        0.1926379375927805,
        0.17608480733726006,
        0.4512352836935516,
        0.1788362990978062,
        0.3915613776919271,
        0.38337012957454053,
        0.4151665704870757,
        0.2171943693957608,
        0.28081563680642857,
        0.2670001170411728,
        0.21763106683100186,
        0.20787710461953235,
        0.5177512976806529,
        0.350780380010057,
        0.5659615711335886,
        0.6197041254703731,
        0.3217384419058438,
        0.3528621809573817,
        0.5360536499502638,
        0.3627558364451219,
        0.35428153774379934,
        0.3921843874378479,
        0.3610693752591045,
        0.46351240544347894,
        0.23280725665236468,
        0.38874547826952277,
        0.14657549249448218
    ],
    [
        0.3497348325874905,
        0.2209708691207961,
        0.2803806007019744,
        0.18288593610499415,
        0.2209708691207961,
        0.2781952158557009,
        0.36241917202322504,
        0.0,
        0.28683687110446593,
        0.5326268921581034,
        0.298923851089203,
        0.24407030237208294,
        0.14490028899212037,
        0.2799448885495143,
        0.27775607554111215,
        0.18814991529362962,
        0.2679129406169101,
        0.214808235701055,
        0.14574029770451274,
        0.17044862679118303,
        0.27198273727389394,
        0.2582199011716779,
        0.2170694373351532,
        0.31444705933590794,
        0.1781524101717403,
        0.2939826206597934,
        0.3532079548580411,
        0.12979099785809492,
        0.1988737822087165,
        0.17845668436470644,
        0.12303137303143455,
        0.19640320453088336,
        0.30578727798095195,
        0.48538201771903333,
        0.255314603724503,
        0.16387638252658618,
        0.35869500885153116,
        0.2960514893983815,
        0.21875,
        0.26972932033800107,
        0.24705294220065463,
        0.214808235701055,
        0.2873093419750063,
        0.2170694373351532,
        0.20070675904164265,
        0.16010860571811872,
        0.22803936748947537,
        0.20252314682524564,
        0.3640993811790951
    ],
    [
        0.4736720747257537,
        0.3318243840874266,
        0.4973072019637359,
        0.2910615001593306,
        0.24105075969596113,
        0.37205877811845806,
        0.5513212113867922,
        0.28683687110446593,
        0.0,
        0.7032985896829312,
        0.4460657007381312,
        0.3538984891533164,
        0.2923169833417142,
        0.46087128761726953,
        0.3801726581436387,
        0.3318243840874266,
        0.41043517301761556,
        0.34303903750156484,
        0.2609889545076573,
        0.3472829807952011,
        0.20787710461953235,
        0.3405788067556628,
        0.3614072970693868,
        0.4116231210099841,
        0.301768873684812,
        0.39989012162717896,
        0.3779183319514945,
        0.2821167200823092,
        0.2619227283475033,
        0.37213168078950526,
        0.3549317716125171,
        0.3217384419058438,
        0.4071504443998557,
        0.7516258419253559,
        0.258639771206982,
        0.3284968131504475,
        0.25194555463432966,
        0.28768675999253074,
        0.32249636625859834,
        0.3232525135246438,
        0.23175620272173947,
        0.30338262248355624,
        0.2956847484841095,
        0.2275034340400162,
        0.2773162398327945,
        0.2679129406169101,
        0.3878023014372143,
        0.2609889545076573,
        0.66383268082025
    ],
    [
        0.4077496359593715,
        0.5614138819756775,
        0.4259066615762191,
        0.6736894105409406,
        0.73054185797256,
        0.4416654382844553,
        0.3535533905932738,
        0.5326268921581034,
        0.7032985896829312,
        0.0,
        0.4616652094591924,
        0.5360536499502638,
        0.6248046569728815,
        0.49951148009830565,
        0.4744445765840305,
        0.5902445864851282,
        0.4772663859156645,
        0.49286907173710953,
        0.6163463413536256,
        0.5491026059626744,
        0.7868548945008857,
        0.6683734661682627,
        0.49583223914445096,
        0.4716058835245803,
        0.7017347366526756,
        0.489139870078079,
        0.5607612014039488,
        0.6862559767499297,
        0.7482074933633049,
        0.5071376391764315,
        0.48889024522381297,
        0.6191128986299672,
        0.49975579974123363,
        0.3325593227155119,
        0.8610778583409284,
        0.47547262670946683,
        0.7625896463695269,
        0.9084026158592896,
        0.6740517065663435,
        0.6421475808760787,
        0.8008479392962187,
        0.7058973123797824,
        0.7021018790824528,
        0.6234355419768751,
        0.7224767513560557,
        0.7475546071191054,
        0.4504229782937367,
        0.6846531968814576,
        0.3391021002220423
    ],
    [
        0.2415566380271923,
        0.29022149407822984,
        0.273772116686488,
        0.2312288841710741,
        0.31366968593569894,
        0.13887803777055607,
        0.24206145913796356,
        0.298923851089203,
        0.4460657007381312,
        0.4616652094591924,
        0.0,
        0.2781952158557009,
        0.25291271962872885,
        0.14235052467412967,
        0.22207297505549836,
        0.18814991529362962,
        0.26005182776708186,
        0.21423920626253262,
        0.3209787278777209,
        0.2445699350390395,
        0.4095419506900361,
        0.27780490318947054,
        0.22857404434887177,
        0.2385052737886523,
        0.3001464486296648,
        0.21650635094610965,
        0.2642427269576213,
        0.28853414550967793,
        0.27332587007087344,
        0.15424055098917547,
        0.2619227283475033,
        0.19578068884596356,
        0.22696623509896796,
        0.382413695328763,
        0.3542432515235823,
        0.2728788936964528,
        0.4307515235028194,
        0.4341388746703064,
        0.2181912506838897,
        0.3329261836353518,
        0.3465792658252943,
        0.3001464486296648,
        0.2760416666666667,
        0.3552755312781898,
        0.22910747341586218,
        0.3321920566479578,
        0.2609889545076573,
        0.271083618326523,
        0.30418628646768414
    ],
    [
        0.26005182776708186,
        0.2642427269576213,
        0.29646353064078557,
        0.26836818808308854,
        0.2567449488305466,
        0.2312288841710741,
        0.24356964481437338,
        0.24407030237208294,
        0.3538984891533164,
        0.5360536499502638,
        0.2781952158557009,
        0.0,
        0.25958199571618984,
        0.24356964481437338,
        0.23070036031614688,
        0.2049199538844375,
        0.26052081250832915,
        0.1660960283239789,
        0.2538762001448738,
        0.27466243486323355,
        0.3476343040826092,
        0.22827715625844924,
        0.24407030237208294,
        0.2803806007019744,
        0.32249636625859834,
        0.23280725665236468,
        0.3121091305537215,
        0.28980057798424075,
        0.2755498763835687,
        0.20976073505835693,
        0.24853083938416978,
        0.20009763241977652,
        0.3167677333236452,
        0.4276228807313753,
        0.3801726581436387,
        0.2275034340400162,
        0.34410493039914436,
        0.4183883699686214,
        0.24407030237208294,
        0.3401803290168319,
        0.374022162612057,
        0.26972932033800107,
        0.25119074066223945,
        0.27198273727389394,
        0.24356964481437338,
        0.33693529145074724,
        0.1795175827043134,
        0.23799290955824715,
        0.3217384419058438
    ],
    [
        0.3321920566479578,
        0.32287466124643477,
        0.26005182776708186,
        0.12103072956898178,
        0.1926379375927805,
        0.27466243486323355,
        0.37856379498705367,
        0.14490028899212037,
        0.2923169833417142,
        0.6248046569728815,
        0.25291271962872885,
        0.25958199571618984,
        0.0,
        0.28125,
        0.24902152266420668,
        0.1316585902058806,
        0.2509746625657658,
        0.19948664585630788,
        0.21650635094610965,
        0.1288470508005519,
        0.22041774968227945,
        0.2982879388182574,
        0.258639771206982,
        0.2548360379734389,
        0.109375,
        0.2679129406169101,
        0.3814548629916782,
        0.13621559198564606,
        0.1316585902058806,
        0.16739748624987708,
        0.1269381000724369,
        0.1781524101717403,
        0.24556615071096424,
        0.5014627042462879,
        0.22426093897511443,
        0.2405438174740727,
        0.3255104164999947,
        0.3251351882294502,
        0.12979099785809492,
        0.19948664585630788,
        0.19640320453088336,
        0.20610790559801437,
        0.19291936643179305,
        0.1875,
        0.20610790559801437,
        0.15309310892394862,
        0.21194781197266463,
        0.1514899955442603,
        0.4128076504257158
    ],
    [
        0.2543565718140579,
        0.234375,
        0.29315098498896436,
        0.3156095293238149,
        0.34161267357930386,
        0.25,
        0.22642776165920997,
        0.2799448885495143,
        0.46087128761726953,
        0.49951148009830565,
        0.14235052467412967,
        0.24356964481437338,
        0.28125,
        0.0,
        0.2688226645950821,
        0.22262198201210948,
        0.25291271962872885,
        0.22426093897511443,
        0.29646353064078557,
        0.28512949360772905,
        0.5075119302784911,
        0.273673013654576,
        0.23593232610221093,
        0.301768873684812,
        0.3569893643373707,
        0.25242960033442985,
        0.28470104934825935,
        0.3251351882294502,
        0.385275875185561,
        0.19480837717984417,
        0.3049878327491115,
        0.22963966338592295,
        0.31366968593569894,
        0.3746743377588062,
        0.39590185810374773,
        0.33108781406901705,
        0.4533943165170909,
        0.4767545719497612,
        0.28470104934825935,
        0.397747564417433,
        0.4192627457812106,
        0.31171777098843756,
        0.34802424733933573,
        0.370744078678271,
        0.28641098093474,
        0.36843206632973735,
        0.2430679560328757,
        0.30856902590830465,
        0.2755498763835687
    ],
    [
        0.13258252147247765,
        0.3081731706768128,
        0.234375,
        0.20252314682524564,
        0.2914805954090255,
        0.1608692209529219,
        0.17469281074217108,
        0.27775607554111215,
        0.3801726581436387,
        0.4744445765840305,
        0.22207297505549836,
        0.23070036031614688,
        0.24902152266420668,
        0.2688226645950821,
        0.0,
        0.16973094517500337,
        0.2665425329567497,
        0.19200321449132043,
        0.3465792658252943,
        0.2460627460628691,
        0.3401803290168319,
        0.33749839248588365,
        0.23333100817293873,
        0.07654655446197431,
        0.31715286140913185,
        0.11587810136086973,
        0.37434839220971683,
        0.31638213642682167,
        0.28427195935406646,
        0.15041176123118385,
        0.24407030237208294,
        0.2405438174740727,
        0.13441133229754104,
        0.3217384419058438,
        0.4441459501109967,
        0.28598445652692384,
        0.4014135180832853,
        0.4674461031766122,
        0.1608692209529219,
        0.23541436208311506,
        0.3391021002220423,
        0.3336586953759785,
        0.22522654490041308,
        0.25291271962872885,
        0.2724311839712921,
        0.3733688482921413,
        0.23280725665236468,
        0.20432338797846908,
        0.29315098498896436
    ],
    [
        0.2567449488305466,
        0.2692763740564701,
        0.25911131174651564,
        0.13975424859373686,
        0.1988737822087165,
        0.18421603316486868,
        0.27198273727389394,
        0.18814991529362962,
        0.3318243840874266,
        0.5902445864851282,
        0.18814991529362962,
        0.2049199538844375,
        0.1316585902058806,
        0.22262198201210948,
        0.16973094517500337,
        0.0,
        0.23385358667337133,
        0.15388840315306412,
        0.25242960033442985,
        0.1795175827043134,
        0.28081563680642857,
        0.28745093180305475,
        0.21423920626253262,
        0.18288593610499415,
        0.2125229766989913,
        0.140625,
        0.33108781406901705,
        0.18619336387207788,
        0.16973094517500337,
        0.09977731281597926,
        0.18221724671391565,
        0.15857643070456592,
        0.18421603316486868,
        0.44824963399315787,
        0.28768675999253074,
        0.24105075969596113,
        0.33620991861484395,
        0.3167677333236452,
        0.140625,
        0.20252314682524564,
        0.24206145913796356,
        0.2445699350390395,
        0.17777133506120846,
        0.213668661424646,
        0.1907274314958391,
        0.22910747341586218,
        0.23593232610221093,
        0.14405538214520136,
        0.3788861141556919
    ],
    [
        0.29522568168267477,
        0.35733114456341475,
        0.30856902590830465,
        0.3081731706768128,
        0.34410493039914436,
        0.3140586131600278,
        0.3412551510600243,
        0.2679129406169101,
        0.41043517301761556,
        0.4772663859156645,
        0.26005182776708186,
        0.26052081250832915,
        0.2509746625657658,
        0.25291271962872885,
        0.2665425329567497,
        0.23385358667337133,
        0.0,
        0.20551478809321727,
        0.301768873684812,
        0.24754655496491967,
        0.4358226775306673,
        0.35186136987613614,
        0.28427195935406646,
        0.28341183042526646,
        0.29851520585223124,
        0.24951124097923924,
        0.426193178030808,
        0.3053878169639385,
        0.36543798636020314,
        0.25312714333797637,
        0.2773162398327945,
        0.2803806007019744,
        0.30257682392245444,
        0.4838707052250632,
        0.4151665704870757,
        0.34410493039914436,
        0.44028133761266786,
        0.5051009336013942,
        0.24256522962906288,
        0.3128903811640748,
        0.3358466446906981,
        0.3576725981956124,
        0.33223288403785545,
        0.30257682392245444,
        0.3236299246438747,
        0.3549317716125171,
        0.24506854908372067,
        0.2795084971874737,
        0.410137648387709
    ],
    [
        0.23175620272173947,
        0.23799290955824715,
        0.2628531850196988,
        0.213096589015404,
        0.26378035962709584,
        0.23070036031614688,
        0.2755498763835687,
        0.214808235701055,
        0.34303903750156484,
        0.49286907173710953,
        0.21423920626253262,
        0.1660960283239789,
        0.19948664585630788,
        0.22426093897511443,
        0.19200321449132043,
        0.15388840315306412,
        0.20551478809321727,
        0.0,
        0.23280725665236468,
        0.21137108216357317,
        0.33693529145074724,
        0.28546228345926505,
        0.1801962905417312,
        0.2275034340400162,
        0.27599252707274524,
        0.214808235701055,
        0.3419698223162389,
        0.23799290955824715,
        0.25626905416963636,
        0.15032155926731053,
        0.203125,
        0.20009763241977652,
        0.21763106683100186,
        0.38559258372665833,
        0.3603925810834624,
        0.25911131174651564,
        0.36743675050952646,
        0.3862252216971336,
        0.22207297505549836,
        0.2768757054167086,
        0.33108781406901705,
        0.28125,
        0.23890301960791072,
        0.214808235701055,
        0.26378035962709584,
        0.28641098093474,
        0.18288593610499415,
        0.21021287573552672,
        0.3081731706768128
    ],
    [
        0.4178044361600293,
        0.20009763241977652,
        0.36241917202322504,
        0.20787710461953235,
        0.18154609435347266,
        0.2923169833417142,
        0.41692700200394794,
        0.14574029770451274,
        0.2609889545076573,
        0.6163463413536256,
        0.3209787278777209,
        0.2538762001448738,
        0.21650635094610965,
        0.29646353064078557,
        0.3465792658252943,
        0.25242960033442985,
        0.301768873684812,
        0.23280725665236468,
        0.0,
        0.258167369404036,
        0.2548360379734389,
        0.19543398999264291,
        0.18944305707784595,
        0.37662408728731095,
        0.23593232610221093,
        0.34303903750156484,
        0.2976962325509008,
        0.15857643070456592,
        0.20551478809321727,
        0.23633440217788393,
        0.213096589015404,
        0.1801962905417312,
        0.3694247005480278,
        0.546875,
        0.22642776165920997,
        0.19948664585630788,
        0.2960514893983815,
        0.19515618744994995,
        0.28081563680642857,
        0.3243834295629171,
        0.2609889545076573,
        0.18619336387207788,
        0.3142313151874658,
        0.2445699350390395,
        0.20070675904164265,
        0.19764235376052372,
        0.27466243486323355,
        0.22207297505549836,
        0.42561995224613236
    ],
    [
        0.30095875444153475,
        0.2893790496476896,
        0.171875,
        0.1711632992203644,
        0.2768757054167086,
        0.28254908312539256,
        0.3240068961457456,
        0.17044862679118303,
        0.3472829807952011,
        0.5491026059626744,
        0.2445699350390395,
        0.27466243486323355,
        0.1288470508005519,
        0.28512949360772905,
        0.2460627460628691,
        0.1795175827043134,
        0.24754655496491967,
        0.21137108216357317,
        0.258167369404036,
        0.0,
        0.2755498763835687,
        0.32304265015543143,
        0.2509746625657658,
        0.2576941016011038,
        0.15780476466190746,
        0.2609889545076573,
        0.4068505176966105,
        0.15934435979977452,
        0.1907274314958391,
        0.17028940337783144,
        0.1269381000724369,
        0.22803936748947537,
        0.2415566380271923,
        0.41221581119602874,
        0.2614562582918986,
        0.26052081250832915,
        0.3651037951733726,
        0.41634101857731964,
        0.15546678704790937,
        0.26238836912104163,
        0.2790714234295586,
        0.23175620272173947,
        0.2139224247699255,
        0.25291271962872885,
        0.2096313728906053,
        0.17328963291264715,
        0.17608480733726006,
        0.21194781197266463,
        0.3194538796915761
    ],
    [
        0.49262133657607643,
        0.30338262248355624,
        0.4536634731549367,
        0.21021287573552672,
        0.2170694373351532,
        0.369754986443726,
        0.5240784322265132,
        0.27198273727389394,
        0.20787710461953235,
        0.7868548945008857,
        0.4095419506900361,
        0.3476343040826092,
        0.22041774968227945,
        0.5075119302784911,
        0.3401803290168319,
        0.28081563680642857,
        0.4358226775306673,
        0.33693529145074724,
        0.2548360379734389,
        0.2755498763835687,
        0.0,
        0.35439637158758336,
        0.36241917202322504,
        0.3583545294118661,
        0.21875,
        0.36241917202322504,
        0.42676563386711447,
        0.19702375332685143,
        0.15068204314051492,
        0.32617642316356615,
        0.3065846385991966,
        0.296875,
        0.3401803290168319,
        0.667317390751957,
        0.21650635094610965,
        0.34089725358236606,
        0.25242960033442985,
        0.27332587007087344,
        0.26745691825974516,
        0.22534695471649932,
        0.1788362990978062,
        0.2651650429449553,
        0.2384483987970749,
        0.18684782411095935,
        0.2460627460628691,
        0.184877493221863,
        0.44249382057832176,
        0.22534695471649932,
        0.605758499218129
    ],
    [
        0.38650606174274793,
        0.2195545719620624,
        0.41890673890828944,
        0.23975311013508135,
        0.1916496822184802,
        0.25102869952678936,
        0.38205885281444385,
        0.2582199011716779,
        0.3405788067556628,
        0.6683734661682627,
        0.27780490318947054,
        0.22827715625844924,
        0.2982879388182574,
        0.273673013654576,
        0.33749839248588365,
        0.28745093180305475,
        0.35186136987613614,
        0.28546228345926505,
        0.19543398999264291,
        0.32304265015543143,
        0.35439637158758336,
        0.0,
        0.24384791480665885,
        0.37220456918130984,
        0.33926205405179705,
        0.3298976587940232,
        0.22213404283475124,
        0.2841765180354946,
        0.2757466977489385,
        0.23564470887215871,
        0.28645833333333337,
        0.16171015308604192,
        0.38815189341430645,
        0.5398607716604141,
        0.3236718320476948,
        0.22916666666666666,
        0.35081904414685233,
        0.22522654490041308,
        0.2795570187566592,
        0.39366869751451894,
        0.33345538130227326,
        0.20774656953311596,
        0.3448136951674049,
        0.33890205177078,
        0.18495084275588233,
        0.33998091500765815,
        0.32820766154558645,
        0.25695617465716686,
        0.4351686394855064
    ],
    [
        0.24356964481437338,
        0.2405438174740727,
        0.2781952158557009,
        0.23747943989954162,
        0.2390165396996618,
        0.21986323874172325,
        0.1926379375927805,
        0.2170694373351532,
        0.3614072970693868,
        0.49583223914445096,
        0.22857404434887177,
        0.24407030237208294,
        0.258639771206982,
        0.23593232610221093,
        0.23333100817293873,
        0.21423920626253262,
        0.28427195935406646,
        0.1801962905417312,
        0.18944305707784595,
        0.2509746625657658,
        0.36241917202322504,
        0.24384791480665885,
        0.0,
        0.25911131174651564,
        0.3321920566479578,
        0.203125,
        0.27018150727797785,
        0.27332587007087344,
        0.2927342811749249,
        0.19143724947384486,
        0.225888004606265,
        0.1788362990978062,
        0.275106513463422,
        0.40655036972680275,
        0.3878023014372143,
        0.1875,
        0.38177474133970674,
        0.3576725981956124,
        0.24407030237208294,
        0.3175375223890871,
        0.3769480650567131,
        0.22316963839196408,
        0.2967836116647578,
        0.28341183042526646,
        0.23385358667337133,
        0.3569893643373707,
        0.1795175827043134,
        0.24655834121967968,
        0.3081731706768128
    ],
    [
        0.1788362990978062,
        0.32021721143623744,
        0.26378035962709584,
        0.203125,
        0.31328027587130347,
        0.19136638615493579,
        0.17608480733726006,
        0.31444705933590794,
        0.4116231210099841,
        0.4716058835245803,
        0.2385052737886523,
        0.2803806007019744,
        0.2548360379734389,
        0.301768873684812,
        0.07654655446197431,
        0.18288593610499415,
        0.28341183042526646,
        0.2275034340400162,
        0.37662408728731095,
        0.2576941016011038,
        0.3583545294118661,
        0.37220456918130984,
        0.25911131174651564,
        0.0,
        0.31328027587130347,
        0.10825317547305482,
        0.40019526483955303,
        0.3194538796915761,
        0.2619227283475033,
        0.17155905304167296,
        0.2688226645950821,
        0.2724311839712921,
        0.12401959270615269,
        0.35733114456341475,
        0.4178044361600293,
        0.3156095293238149,
        0.409839907768875,
        0.46113608010542834,
        0.18087245160609727,
        0.19578068884596356,
        0.318305449804115,
        0.3518228202874282,
        0.21619289146372145,
        0.27198273727389394,
        0.3021731188408393,
        0.3590351654086268,
        0.271083618326523,
        0.20904825250405706,
        0.3401803290168319
    ],
    [
        0.41546049375963534,
        0.3376591060152236,
        0.3121091305537215,
        0.16010860571811872,
        0.24206145913796356,
        0.328125,
        0.4512352836935516,
        0.1781524101717403,
        0.301768873684812,
        0.7017347366526756,
        0.3001464486296648,
        0.32249636625859834,
        0.109375,
        0.3569893643373707,
        0.31715286140913185,
        0.2125229766989913,
        0.29851520585223124,
        0.27599252707274524,
        0.23593232610221093,
        0.15780476466190746,
        0.21875,
        0.33926205405179705,
        0.3321920566479578,
        0.31328027587130347,
        0.0,
        0.3340243488504992,
        0.4375,
        0.13799626353637262,
        0.15068204314051492,
        0.23633440217788393,
        0.17044862679118303,
        0.2430679560328757,
        0.298923851089203,
        0.554632479665589,
        0.19008632907181935,
        0.3140586131600278,
        0.33620991861484395,
        0.33071891388307384,
        0.16828640022295324,
        0.22152260748059102,
        0.19578068884596356,
        0.22534695471649932,
        0.24923929404177914,
        0.2072890493972125,
        0.20009763241977652,
        0.12303137303143455,
        0.28768675999253074,
        0.22262198201210948,
        0.47547262670946683
    ],
    [
        0.171875,
        0.2803806007019744,
        0.23799290955824715,
        0.20252314682524564,
        0.273772116686488,
        0.1801962905417312,
        0.1788362990978062,
        0.2939826206597934,
        0.39989012162717896,
        0.489139870078079,
        0.21650635094610965,
        0.23280725665236468,
        0.2679129406169101,
        0.25242960033442985,
        0.11587810136086973,
        0.140625,
        0.24951124097923924,
        0.214808235701055,
        0.34303903750156484,
        0.2609889545076573,
        0.36241917202322504,
        0.3298976587940232,
        0.203125,
        0.10825317547305482,
        0.3340243488504992,
        0.0,
        0.3714020101251473,
        0.30257682392245444,
        0.2619227283475033,
        0.1316585902058806,
        0.24655834121967968,
        0.22152260748059102,
        0.15309310892394862,
        0.31638213642682167,
        0.4276228807313753,
        0.2881107642904027,
        0.3912495007984036,
        0.44304521496118204,
        0.17469281074217108,
        0.2405438174740727,
        0.33729739288942034,
        0.3217384419058438,
        0.2235946659756842,
        0.2619227283475033,
        0.2619227283475033,
        0.370744078678271,
        0.2633171804117612,
        0.1926379375927805,
        0.2781952158557009
    ],
    [
        0.38177474133970674,
        0.29563887388163285,
        0.4487939567607835,
        0.3336586953759785,
        0.2872621298570349,
        0.2543565718140579,
        0.3915613776919271,
        0.3532079548580411,
        0.3779183319514945,
        0.5607612014039488,
        0.2642427269576213,
        0.3121091305537215,
        0.3814548629916782,
        0.28470104934825935,
        0.37434839220971683,
        0.33108781406901705,
        0.426193178030808,
        0.3419698223162389,
        0.2976962325509008,
        0.4068505176966105,
        0.42676563386711447,
        0.22213404283475124,
        0.27018150727797785,
        0.40019526483955303,
        0.4375,
        0.3714020101251473,
        0.0,
        0.3890593624371479,
        0.3627558364451219,
        0.3294450958514264,
        0.374022162612057,
        0.23017062285400366,
        0.4095419506900361,
        0.6455602581285499,
        0.41721968508808405,
        0.22262198201210948,
        0.3710731902199349,
        0.33438960248488586,
        0.3340243488504992,
        0.4479772245884828,
        0.3934274472504429,
        0.3198357732884175,
        0.37373194168562995,
        0.3881169483866944,
        0.23070036031614688,
        0.4552750713854208,
        0.3444594950788844,
        0.32923917977664807,
        0.5353700530941192
    ],
    [
        0.38177474133970674,
        0.25146057717861064,
        0.2543565718140579,
        0.13621559198564606,
        0.18814991529362962,
        0.30055287596361474,
        0.38337012957454053,
        0.12979099785809492,
        0.2821167200823092,
        0.6862559767499297,
        0.28853414550967793,
        0.28980057798424075,
        0.13621559198564606,
        0.3251351882294502,
        0.31638213642682167,
        0.18619336387207788,
        0.3053878169639385,
        0.23799290955824715,
        0.15857643070456592,
        0.15934435979977452,
        0.19702375332685143,
        0.2841765180354946,
        0.27332587007087344,
        0.3194538796915761,
        0.13799626353637262,
        0.30257682392245444,
        0.3890593624371479,
        0.0,
        0.11587810136086973,
        0.19397108801600077,
        0.1316585902058806,
        0.1788362990978062,
        0.29522568168267477,
        0.4770105475773046,
        0.14986973510352247,
        0.24506854908372067,
        0.3321920566479578,
        0.2348952559120767,
        0.19640320453088336,
        0.2348952559120767,
        0.19764235376052372,
        0.13441133229754104,
        0.25616317973662367,
        0.2096313728906053,
        0.1335000585205864,
        0.11158481919598204,
        0.25911131174651564,
        0.17746588580625855,
        0.39744054193677825
    ],
    [
        0.39466659188484654,
        0.2153757617514097,
        0.33946189035000673,
        0.11048543456039805,
        0.14235052467412967,
        0.2670001170411728,
        0.4151665704870757,
        0.1988737822087165,
        0.2619227283475033,
        0.7482074933633049,
        0.27332587007087344,
        0.2755498763835687,
        0.1316585902058806,
        0.385275875185561,
        0.28427195935406646,
        0.16973094517500337,
        0.36543798636020314,
        0.25626905416963636,
        0.20551478809321727,
        0.1907274314958391,
        0.15068204314051492,
        0.2757466977489385,
        0.2927342811749249,
        0.2619227283475033,
        0.15068204314051492,
        0.2619227283475033,
        0.3627558364451219,
        0.11587810136086973,
        0.0,
        0.20419058108242355,
        0.22371595411369302,
        0.1887975933374152,
        0.2633171804117612,
        0.5486578083149825,
        0.1926379375927805,
        0.2768757054167086,
        0.258167369404036,
        0.258167369404036,
        0.1711632992203644,
        0.18553659510996745,
        0.1781524101717403,
        0.1690102160373745,
        0.17508058660387094,
        0.1887975933374152,
        0.16755945773068137,
        0.14149039278339715,
        0.34303903750156484,
        0.15934435979977452,
        0.49706167876833957
    ],
    [
        0.21303293058559955,
