[
    [
        0.0,
        1.9844563218735847,
        1.1191742582851711,
        1.6209722454157454,
        1.7849105334007354,
        2.0822714981089123,
        1.2138917428112386,
        1.4692858879088722,
        1.9127992629672783,
        2.2861495121353577,
        1.6628250794650528,
        1.9371502317600882,
        1.8679288432018244,
        1.7790841200242469,
        2.5869447545831563,
        1.7542768438584484,
        1.918043353556548,
        2.0513186401106256,
        1.649926559899326,
        1.8881342696980432,
        1.6440644287268638,
        2.172341795747396,
        1.7514368898531063,
        1.9216144360449434,
        1.581631738716728,
        1.9739502505982096,
        1.922563761552152,
        2.140830721738251,
        1.4374012832120304,
        2.0060848479647015,
        1.425157130215819,
        1.5563398978214946,
        1.781691898283248,
        1.8709139150562273,
        1.4190531120059875,
        2.0651567613572563,
        1.616835849202171,
        2.2406267344797315,
        2.425644536454911,
        2.2484720183345757,
        1.9168792399126668,
        2.180034637433122,
        1.9022677122265395,
        1.9404761904761907,
        2.2229352951740657,
        1.8199788036691495,
        1.9228785023224628,
        1.8547374532283978,
        2.0470393005409506,
        1.039555684130563
    ],
    [
        1.9844563218735847,
        0.0,
        1.8205043562461232,
        1.4258282193557228,
        1.6142808856508764,
        1.6202708964175645,
        1.6666666666666667,
        1.4901295618539723,
        1.5314979957907588,
        1.7411283059492708,
        1.6052016495135142,
        1.4607123452465087,
        1.5028907330726193,
        1.5538035768898062,
        1.6142808856508764,
        1.5406321220852521,
        1.509230856356236,
        1.4883809249576458,
        1.4757943977087018,
        1.62553410026093,
        1.504045470648337,
        1.8003664750390251,
        1.5767406607020418,
        1.463680672520858,
        1.467234738471584,
        1.7050374710773302,
        1.6056540723331412,
        1.6126668733636358,
        1.6120854333578118,
        1.6960943697539683,
        1.47784565424735,
        1.8003664750390251,
        1.4848774734337884,
        1.7113793981594043,
        1.6078151151312283,
        1.6832095664071198,
        1.4883809249576458,
        1.5750881809529833,
        1.8027756377319946,
        1.590990257669732,
        1.6110512440984337,
        1.677568511599783,
        1.6383002709447916,
        1.49362069407791,
        1.6489474757486298,
        1.5601371022374213,
        1.7485311295802288,
        1.4690085469836829,
        1.6094339929856638,
        1.6446461963325458
    ],
    [
        1.1191742582851711,
        1.8205043562461232,
        0.0,
        1.4252192813739224,
        1.243734296383275,
        1.5033296378372907,
        0.9437293044088437,
        1.2183492931011204,
        1.3863170633011772,
        1.5136875503220604,
        1.6198899244538003,
        1.620185174601965,
        1.5206906325745548,
        1.445683229480096,
        2.2980970388562794,
        1.3401187885209798,
        1.5461646096066226,
        1.704772712123232,
        1.2889344594727563,
        1.3110110602126894,
        1.2977009585331196,
        1.3975424859373686,
        1.2296962136144756,
        1.4842927608797396,
        1.267242193812129,
        1.3842868199907128,
        1.5297966458904848,
        1.5651366642494124,
        1.0514870422406544,
        1.3391798899990164,
        1.102396379610246,
        0.9842509842514764,
        1.3110110602126894,
        1.403121520040228,
        1.2686114456365274,
        1.2786711852544421,
        1.286953767623375,
        1.6298006013006623,
        1.509230856356236,
        1.6945582839718962,
        1.3863170633011772,
        1.571225636247067,
        1.1110243021644486,
        1.498842145717079,
        1.6753730927766506,
        1.2610621625351297,
        1.2794041581923985,
        1.5155444566227676,
        1.4630874888399532,
        0.7603453162872774
    ],
    [
        1.6209722454157454,
        1.4258282193557228,
        1.4252192813739224,
        0.0,
        1.4197270864500684,
        1.5136875503220604,
        1.5155444566227676,
        1.3169567191065923,
        1.3050383136138188,
        1.6261534367949415,
        1.3439205515876271,
        1.346291201783626,
        1.403121520040228,
        1.4128871150944793,
        1.71846588560844,
        1.2965810614765247,
        1.4086784586980805,
        1.4197270864500684,
        1.220441330345841,
        1.352081728298996,
        1.1372786719963484,
        1.58607219255619,
        1.4129854131510975,
        1.3050383136138188,
        1.2548516955312996,
        1.4011156269202054,
        1.3450010326307478,
        1.4831226442131404,
        1.3088640112708425,
        1.3962996733430033,
        1.1887785514739253,
        1.3228756555322954,
        1.25,
        1.340475661845451,
        1.3287682265918312,
        1.511208125970741,
        1.3975424859373686,
        1.6677080080157918,
        1.7129003992578722,
        1.445779297741456,
        1.4252192813739224,
        1.5562374497485916,
        1.4947825928876748,
        1.378152950711769,
        1.4232445327490282,
        1.4185037108791,
        1.390593398517338,
        1.231107225224513,
        1.2624381172952597,
        1.3050383136138188
    ],
    [
        1.7849105334007354,
        1.6142808856508764,
        1.243734296383275,
        1.4197270864500684,
        0.0,
        1.2211674741819813,
        1.346291201783626,
        1.3110110602126894,
        1.286953767623375,
        1.2589678312014172,
        1.680754659220017,
        1.346291201783626,
        1.5512092057488571,
        1.3713588151902478,
        1.920286436967152,
        1.4673313274410098,
        1.334634781503914,
        1.625,
        1.2906650713994752,
        1.3975424859373686,
        1.2444320435890066,
        1.0968705484240153,
        1.2493053625470791,
        1.3050383136138188,
        1.2126360175712707,
        1.2018215341721914,
        1.2513881181401005,
        1.4942017564200922,
        1.2764697411219743,
        1.2325166214790866,
        1.256925260749863,
        1.1989578808281798,
        1.2624381172952597,
        1.159202311936963,
        1.2374368670764582,
        1.2300914600142545,
        1.4577379737113252,
        1.4842927608797396,
        1.3241873818392251,
        1.4221706804896677,
        1.2054563451241194,
        1.357847561400027,
        1.14564392373896,
        1.2444320435890066,
        1.4055692796870598,
        1.2815463749358083,
        1.2407155193677557,
        1.3287682265918312,
        1.2562344526401112,
        1.2686114456365274
    ],
    [
        2.0822714981089123,
        1.6202708964175645,
        1.5033296378372907,
        1.5136875503220604,
        1.2211674741819813,
        0.0,
        1.4633010626661898,
        1.4232445327490282,
        1.3672508913875316,
        1.231107225224513,
        1.821407562904053,
        1.3813489783541304,
        1.5118283632740854,
        1.3867678248358664,
        1.833030277982336,
        1.4622416045934685,
        1.3386093530227554,
        1.6219201583308596,
        1.3103006353894668,
        1.41222342424986,
        1.4061867269716035,
        1.3446653858860202,
        1.3232955494186138,
        1.35,
        1.2720008298390026,
        1.1155155758661552,
        1.4261691110570769,
        1.5206449655034902,
        1.464368464560747,
        1.3060755465643377,
        1.3204586745184839,
        1.3876689086377918,
        1.3131545986668898,
        1.3988834833537782,
        1.4949916387726052,
        1.1704699910719627,
        1.464581851587681,
        1.3808964479641477,
        1.2789427056926532,
        1.3753534899153097,
        1.26811868529724,
        1.2180927715079835,
        1.2018215341721914,
        1.1805130711309855,
        1.4306903927824497,
        1.2842258800970767,
        1.3686215693170996,
        1.4876575546811839,
        1.3313526955694348,
        1.4823967080373592
    ],
    [
        1.2138917428112386,
        1.6666666666666667,
        0.9437293044088437,
        1.5155444566227676,
        1.346291201783626,
        1.4633010626661898,
        0.0,
        1.243734296383275,
        1.3635890143294642,
        1.4792312192487014,
        1.537167086904096,
        1.6345871038277526,
        1.3635890143294642,
        1.35531361684298,
        2.0953818267800264,
        1.4043709100736972,
        1.4197270864500684,
        1.4737282653189494,
        1.3564377867737816,
        1.3806701271484076,
        1.2692955176439846,
        1.4947825928876748,
        1.1326897682556822,
        1.5,
        1.206176235510844,
        1.4792312192487014,
        1.504622507105649,
        1.4690085469836829,
        1.0476163419878481,
        1.5201196955795582,
        0.9851325347947408,
        1.4086784586980805,
        1.346291201783626,
        1.5360257159305635,
        1.2624381172952597,
        1.3988834833537782,
        1.1989578808281798,
        1.4737282653189494,
        1.565691185671328,
        1.7430417219459908,
        1.357847561400027,
        1.6298006013006623,
        1.2686114456365274,
        1.3981634779635432,
        1.71846588560844,
        1.2381381631753021,
        1.5668439615992398,
        1.4469796128487782,
        1.5761900266148114,
        1.0
    ],
    [
        1.4692858879088722,
        1.4901295618539723,
        1.2183492931011204,
        1.3169567191065923,
        1.3110110602126894,
        1.4232445327490282,
        1.243734296383275,
        0.0,
        1.4684175155588413,
        1.5842979517754858,
        1.4238762128035412,
        1.352081728298996,
        1.4086784586980805,
        1.2975939272360981,
        1.9445436482630056,
        1.4143262981190092,
        1.3975424859373686,
        1.4361406616345072,
        1.30699159936716,
        1.5155444566227676,
        1.2774758097296575,
        1.5103807466993215,
        1.2856040517117926,
        1.2686114456365274,
        1.1755613316388236,
        1.3955285736952863,
        1.3274610268394993,
        1.4343262065048756,
        1.1431863365173676,
        1.4074454795045446,
        1.1843892002959913,
        1.1858541225631423,
        1.3228756555322954,
        1.3228756555322954,
        1.0968705484240153,
        1.44892201308421,
        1.357847561400027,
        1.6345871038277526,
        1.534895038032822,
        1.5651366642494124,
        1.3806701271484076,
        1.595893166850463,
        1.243734296383275,
        1.3037073205968346,
        1.5644487847162014,
        1.3546473505840715,
        1.5398863594434493,
        1.2119199643540823,
        1.3975424859373686,
        0.9842509842514764
    ],
    [
        1.9127992629672783,
        1.5314979957907588,
        1.3863170633011772,
        1.3050383136138188,
        1.286953767623375,
        1.3672508913875316,
        1.3635890143294642,
        1.4684175155588413,
        0.0,
        1.35,
        1.5906895886209034,
        1.3919410907075054,
        1.3806701271484076,
        1.3332291625973383,
        1.928406077567689,
        1.2243542654587105,
        1.375,
        1.541103500742244,
        1.2706207305157295,
        1.2054563451241194,
        1.2040152730666573,
        1.4306903927824497,
        1.3096861371251425,
        1.299038105676658,
        1.2977009585331196,
        1.2968712349342937,
        1.2754356554178305,
        1.509230856356236,
        1.4341809509263466,
        1.3103487661263655,
        1.0881304047667162,
        1.4469796128487782,
        1.243734296383275,
        1.334634781503914,
        1.375,
        1.35,
        1.2183492931011204,
        1.5,
        1.4080621040596502,
        1.37310475444034,
        1.352081728298996,
        1.3806701271484076,
        1.2686114456365274,
        1.2610621625351297,
        1.3325257971236428,
        1.3096861371251425,
        1.291559135308949,
        1.334634781503914,
        1.340475661845451,
        1.3919410907075054
    ],
    [
        2.2861495121353577,
        1.7411283059492708,
        1.5136875503220604,
        1.6261534367949415,
        1.2589678312014172,
        1.231107225224513,
        1.4792312192487014,
        1.5842979517754858,
        1.35,
        0.0,
        2.0206807046646635,
        1.5247950681976903,
        1.5510077369246098,
        1.4365757898558642,
        2.0579115627256677,
        1.4243509083804038,
        1.4124446891825535,
        1.641074343227631,
        1.4859804019912377,
        1.3448977656312764,
        1.4227565185621576,
        1.306474263045392,
        1.375403981058333,
        1.4543039572248986,
        1.2596571403009278,
        1.3325257971236428,
        1.4519622737676223,
        1.5958496517877587,
        1.5568397476940266,
        1.2114328064091893,
        1.3380904719454179,
        1.485555451674558,
        1.3028814220795384,
        1.4210471491122314,
        1.571424512981772,
        1.2971121771072849,
        1.4097872179871684,
        1.5208961174255131,
        1.3283239230114183,
        1.4830524078549767,
        1.26811868529724,
        1.3285330255586423,
        1.1953033087881921,
        1.3352850299135055,
        1.541103500742244,
        1.2534397117975444,
        1.345594664079789,
        1.5842979517754858,
        1.3831576193623054,
        1.6110943485718021
    ],
    [
        1.6628250794650528,
        1.6052016495135142,
        1.6198899244538003,
        1.3439205515876271,
        1.680754659220017,
        1.821407562904053,
        1.537167086904096,
        1.4238762128035412,
        1.5906895886209034,
        2.0206807046646635,
        0.0,
        1.5861727136573183,
        1.5498724437310107,
        1.646351098270205,
        2.000876721105332,
        1.4197270864500682,
        1.6748629246378732,
        1.621267298461677,
        1.4753501832667748,
        1.610215317076241,
        1.311875593833556,
        1.939124565785461,
        1.7362086140420807,
        1.5437910533250705,
        1.566969231891981,
        1.795487541088515,
        1.522169411252666,
        1.7089968845711576,
        1.6399119563225932,
        1.7468184555222925,
        1.3354840222541582,
        1.579423654892079,
        1.5857705910209519,
        1.5645140081292506,
        1.354202642117629,
        1.7977239010731865,
        1.4986175602323413,
        1.8507789314397396,
        2.04361804566149,
        1.8255477853382223,
        1.7022456656201093,
        1.9442976539992376,
        1.6900255100115489,
        1.6400510887457576,
        1.7469689494104013,
        1.608520132960912,
        1.828281924627153,
        1.3632381917137366,
        1.6853964591424166,
        1.2743796009615576
    ],
    [
        1.9371502317600882,
        1.4607123452465087,
        1.620185174601965,
        1.346291201783626,
        1.346291201783626,
        1.3813489783541304,
        1.6345871038277526,
        1.352081728298996,
        1.3919410907075054,
        1.5247950681976903,
        1.5861727136573183,
        0.0,
        1.4684175155588413,
        1.4128871150944793,
        1.7455300054711176,
        1.3574952549997878,
        1.3806701271484076,
        1.5155444566227676,
        1.2770042270557946,
        1.4086784586980805,
        1.231107225224513,
        1.5612494995995996,
        1.4185037108791,
        1.3228756555322954,
        1.3182743349630313,
        1.3383758814324174,
        1.3274610268394993,
        1.4185037108791,
        1.4404860290887933,
        1.467234738471584,
        1.288302069478359,
        1.479019945774904,
        1.231107225224513,
        1.4142135623730951,
        1.403121520040228,
        1.401561629040978,
        1.4842927608797396,
        1.5,
        1.6666666666666667,
        1.467234738471584,
        1.403121520040228,
        1.4684175155588413,
        1.4630874888399532,
        1.2761160692594629,
        1.3955285736952863,
        1.3333333333333333,
        1.4882876066137216,
        1.4415703243338496,
        1.340475661845451,
        1.489546910976623
    ],
    [
        1.8679288432018244,
        1.5028907330726193,
        1.5206906325745548,
        1.403121520040228,
        1.5512092057488571,
        1.5118283632740854,
        1.3635890143294642,
        1.4086784586980805,
        1.3806701271484076,
        1.5510077369246098,
        1.5498724437310107,
        1.4684175155588413,
        0.0,
        1.400669482783144,
        1.7940875118009154,
        1.4154531617334516,
        1.357847561400027,
        1.4306903927824497,
        1.2370502687227138,
        1.334634781503914,
        1.3533651474093096,
        1.704772712123232,
        1.256925260749863,
        1.4086784586980805,
        1.3642254619787417,
        1.4579523311823332,
        1.5382845784978945,
        1.4529663145135578,
        1.4274102423620199,
        1.486630231242606,
        1.2638125740085917,
        1.6105123408406408,
        1.3693063937629153,
        1.6583123951777,
        1.5612494995995996,
        1.3935117509371782,
        1.125,
        1.5155444566227676,
        1.6556930405254606,
        1.6791201399674904,
        1.4086784586980805,
        1.595893166850463,
        1.479019945774904,
        1.2943520472507557,
        1.6490527584040482,
        1.359125535858341,
        1.5660459763365826,
        1.3863170633011772,
        1.6298006013006623,
        1.4523687548277813
    ],
    [
        1.7790841200242469,
        1.5538035768898062,
        1.445683229480096,
        1.4128871150944793,
        1.3713588151902478,
        1.3867678248358664,
        1.35531361684298,
        1.2975939272360981,
        1.3332291625973383,
        1.4365757898558642,
        1.646351098270205,
        1.4128871150944793,
        1.400669482783144,
        0.0,
        1.8521946441991457,
        1.4057371513819752,
        1.3460590625971804,
        1.4872373717735847,
        1.226935164529562,
        1.3332291625973383,
        1.2721918967758843,
        1.520485119953497,
        1.265514827166311,
        1.3564659966250536,
        1.2027457013941985,
        1.3418736900319643,
        1.452034013987888,
        1.492155413413019,
        1.2985568913220553,
        1.357489512953149,
        1.1764766135466622,
        1.4997916521970645,
        1.3390761740842079,
        1.489337100860648,
        1.3950806428303706,
        1.334634781503914,
        1.2781823031164217,
        1.4872373717735847,
        1.4944573522780027,
        1.4944573522780027,
        1.303600782448369,
        1.4293792358922806,
        1.3883443376914821,
        1.332187007226171,
        1.506444489518283,
        1.2721918967758843,
        1.4845032839303522,
        1.3926144477205455,
        1.5378556499229699,
        1.3622132725825278
    ],
    [
        2.5869447545831563,
        1.6142808856508764,
        2.2980970388562794,
        1.71846588560844,
        1.920286436967152,
        1.833030277982336,
        2.0953818267800264,
        1.9445436482630056,
        1.928406077567689,
        2.0579115627256677,
        2.000876721105332,
        1.7455300054711176,
        1.7940875118009154,
        1.8521946441991457,
        0.0,
        1.9333604560612139,
        1.7677669529663689,
        1.875,
        1.8360755620038505,
        1.8027756377319946,
        1.8075843302903218,
        2.117634293262177,
        1.9547840176233169,
        1.7721808598447282,
        1.8418363421083621,
        1.9932699265277647,
        1.99434965729572,
        1.924801577075183,
        2.081465829649865,
        2.063657082839965,
        1.9329022507905336,
        2.1578345627040085,
        1.920286436967152,
        2.1578345627040085,
        2.1139418156609704,
        2.035159698893431,
        1.9324531042175384,
        1.8791620472966135,
        2.1307112792575995,
        1.8726837545203527,
        2.0,
        2.019436802675439,
        2.172268399622846,
        1.8856180831641267,
        1.8834808201837363,
        1.9490025939210833,
        2.159716416569546,
        1.8498310733685928,
        1.8833148966649205,
        2.190176933491904
    ],
    [
        1.7542768438584484,
        1.5406321220852521,
        1.3401187885209798,
        1.2965810614765247,
        1.4673313274410098,
        1.4622416045934685,
        1.4043709100736972,
        1.4143262981190092,
        1.2243542654587105,
        1.4243509083804038,
        1.4197270864500682,
        1.3574952549997878,
        1.4154531617334516,
        1.4057371513819752,
        1.9333604560612139,
        0.0,
        1.4443326967065138,
        1.4628695242221568,
        1.2643311129863515,
        1.2433496561092292,
        1.1750488483115786,
        1.6472185895116207,
        1.4080117774837253,
        1.2682343503260503,
        1.1481462432627507,
        1.3881284199252177,
        1.2703836887150621,
        1.3509151177364171,
        1.4015388772666266,
        1.3709484733400041,
        1.1136044162620617,
        1.524042020953705,
        1.2307186385794842,
        1.4067530279450806,
        1.4592684077010256,
        1.3801942705611396,
        1.2388533622108893,
        1.5969917510936693,
        1.6119087184308198,
        1.577616783808187,
        1.2682343503260503,
        1.565940090599554,
        1.4350300430617458,
        1.3529200174792837,
        1.4433123397948489,
        1.2334361742377946,
        1.4891658053817807,
        1.3497212486212076,
        1.4241001455269204,
        1.4083388680807396
    ],
    [
        1.918043353556548,
        1.509230856356236,
        1.5461646096066226,
        1.4086784586980805,
        1.334634781503914,
        1.3386093530227554,
        1.4197270864500684,
        1.3975424859373686,
        1.375,
        1.4124446891825535,
        1.6748629246378732,
        1.3806701271484076,
        1.357847561400027,
        1.3460590625971804,
        1.7677669529663689,
        1.4443326967065138,
        0.0,
        1.4947825928876748,
        1.1960287178314537,
        1.346291201783626,
        1.3365845776954535,
        1.4684175155588413,
        1.3294213444619847,
        1.3806701271484076,
        1.301041249666333,
        1.4374456511465052,
        1.4000248013676202,
        1.4690085469836829,
        1.4417870855296213,
        1.4166666666666667,
        1.2644992421244599,
        1.4630874888399532,
        1.4086784586980805,
        1.4197270864500684,
        1.505199322349037,
        1.3527749258468684,
        1.3635890143294642,
        1.4842927608797396,
        1.4760824653265294,
        1.5331974577478416,
        1.334634781503914,
        1.403121520040228,
        1.357847561400027,
        1.2943520472507557,
        1.4615915982243468,
        1.3712068893253613,
        1.497706580075016,
        1.340475661845451,
        1.4306903927824497,
        1.4684175155588413
    ],
    [
        2.0513186401106256,
        1.4883809249576458,
        1.704772712123232,
        1.4197270864500684,
        1.625,
        1.6219201583308596,
        1.4737282653189494,
        1.4361406616345072,
        1.541103500742244,
        1.641074343227631,
        1.621267298461677,
        1.5155444566227676,
        1.4306903927824497,
        1.4872373717735847,
        1.875,
        1.4628695242221568,
        1.4947825928876748,
        0.0,
        1.3961727935279913,
        1.4842927608797396,
        1.4595233240114163,
        1.8874586088176875,
        1.480193305694301,
        1.4630874888399532,
        1.2997061633735185,
        1.5157506391224118,
        1.6271353491472198,
        1.4959435892513535,
        1.5221284439888771,
        1.66978874245949,
        1.3654974673478284,
        1.845602882529175,
        1.4361406616345072,
        1.776583800443987,
        1.595893166850463,
        1.572020992226249,
        1.3693063937629153,
        1.4523687548277813,
        1.7785371642010872,
        1.697629065621947,
        1.541103500742244,
        1.5761900266148114,
        1.7320508075688772,
        1.4595233240114163,
        1.6107063667844614,
        1.6185770499629193,
        1.7408690358553685,
        1.4947825928876748,
        1.6007810593582121,
        1.58607219255619
    ],
    [
        1.649926559899326,
        1.4757943977087018,
        1.2889344594727563,
        1.220441330345841,
        1.2906650713994752,
        1.3103006353894668,
        1.3564377867737816,
        1.30699159936716,
        1.2706207305157295,
        1.4859804019912377,
        1.4753501832667748,
        1.2770042270557946,
        1.2370502687227138,
        1.226935164529562,
        1.8360755620038505,
        1.2643311129863515,
        1.1960287178314537,
        1.3961727935279913,
        0.0,
        1.194561442880326,
        1.1563716075659158,
        1.5456489291701716,
        1.1860184396665276,
        1.194561442880326,
        1.243192916693911,
        1.408017313495129,
        1.3785642322371592,
        1.3920810821317215,
        1.330015536198962,
        1.260134652489022,
        1.011414447036164,
        1.2741293545966585,
        1.1880033841771354,
        1.41364974878677,
        1.2529302389492678,
        1.3638883116042209,
        1.2231816992531221,
        1.4348078161857618,
        1.574345687072451,
        1.4286582314898228,
        1.3129554603322713,
        1.480743745830563,
        1.384130169648293,
        1.2410964083360247,
        1.4339674874633805,
        1.3669108583900342,
        1.3394809381523387,
        1.2828589325472721,
        1.3670922889588004,
        1.3129554603322713
    ],
    [
        1.8881342696980432,
        1.62553410026093,
        1.3110110602126894,
        1.352081728298996,
        1.3975424859373686,
        1.41222342424986,
        1.3806701271484076,
        1.5155444566227676,
        1.2054563451241194,
        1.3448977656312764,
        1.610215317076241,
        1.4086784586980805,
        1.334634781503914,
        1.3332291625973383,
        1.8027756377319946,
        1.2433496561092292,
        1.346291201783626,
        1.4842927608797396,
        1.194561442880326,
        0.0,
        1.2360330811826103,
        1.403121520040228,
        1.247219128924647,
        1.224744871391589,
        1.2423376263229644,
        1.222446317839765,
        1.3391798899990164,
        1.4445779852799763,
        1.3709029870855194,
        1.1843892002959913,
        1.1234557302260635,
        1.3110110602126894,
        1.165922381636102,
        1.2808688457449497,
        1.479019945774904,
        1.2908330643425585,
        1.224744871391589,
        1.505199322349037,
        1.3962996733430033,
        1.467234738471584,
        1.3050383136138188,
        1.3693063937629153,
        1.2562344526401112,
        1.3096861371251425,
        1.3672508913875316,
        1.1843892002959913,
        1.3448977656312766,
        1.3693063937629153,
        1.3287682265918312,
        1.3169567191065923
    ],
    [
        1.6440644287268638,
        1.504045470648337,
        1.2977009585331196,
        1.1372786719963484,
        1.2444320435890066,
        1.4061867269716035,
        1.2692955176439846,
        1.2774758097296575,
        1.2040152730666573,
        1.4227565185621576,
        1.311875593833556,
        1.231107225224513,
        1.3533651474093096,
        1.2721918967758843,
        1.8075843302903218,
        1.1750488483115786,
        1.3365845776954535,
        1.4595233240114163,
        1.1563716075659158,
        1.2360330811826103,
        0.0,
        1.486630231242606,
        1.3070322617798436,
        1.3352850299135053,
        1.224744871391589,
        1.3810724496242446,
        1.2679270045585782,
        1.331378775722538,
        1.300080125735846,
        1.2903218806001686,
        1.118033988749895,
        1.2774758097296577,
        1.2233265213252664,
        1.2388390622765422,
        1.3831827227248192,
        1.3127050104438713,
        1.3123346456686351,
        1.4953632037438633,
        1.6945582839718965,
        1.4499760534421096,
        1.2679270045585782,
        1.4433756729740643,
        1.3411230782859234,
        1.2506942516503028,
        1.3724471250693453,
        1.2747548783981961,
        1.3175366324234699,
        1.2589954108115105,
        1.3411230782859234,
        1.2856040517117926
    ],
    [
        2.172341795747396,
        1.8003664750390251,
        1.3975424859373686,
        1.58607219255619,
        1.0968705484240153,
        1.3446653858860202,
        1.4947825928876748,
        1.5103807466993215,
        1.4306903927824497,
        1.306474263045392,
        1.939124565785461,
        1.5612494995995996,
        1.704772712123232,
        1.520485119953497,
        2.117634293262177,
        1.6472185895116207,
        1.4684175155588413,
        1.8874586088176875,
        1.5456489291701716,
        1.403121520040228,
        1.486630231242606,
        0.0,
        1.486630231242606,
        1.5512092057488571,
        1.3775229379013783,
        1.3444329659748753,
        1.4337208778404378,
        1.7475180812925641,
        1.4798648586948742,
        1.2596847048192479,
        1.3430634551071832,
        1.3110110602126894,
        1.3919410907075054,
        1.243734296383275,
        1.3975424859373686,
        1.3290033860002013,
        1.620185174601965,
        1.653594569415369,
        1.3378828631668602,
        1.4499760534421096,
        1.3806701271484076,
        1.4361406616345072,
        1.103970108290981,
        1.454757520841341,
        1.5116216457830975,
        1.3546473505840715,
        1.2700885795880537,
        1.4737282653189494,
        1.2930100540985752,
        1.489546910976623
    ],
    [
        1.7514368898531063,
        1.5767406607020418,
        1.2296962136144756,
        1.4129854131510975,
        1.2493053625470791,
        1.3232955494186138,
        1.1326897682556822,
        1.2856040517117926,
        1.3096861371251425,
        1.375403981058333,
        1.7362086140420807,
        1.4185037108791,
        1.256925260749863,
        1.265514827166311,
        1.9547840176233169,
        1.4080117774837253,
        1.3294213444619847,
        1.480193305694301,
        1.1860184396665276,
        1.247219128924647,
        1.3070322617798436,
        1.486630231242606,
        0.0,
        1.2903218806001684,
        1.141088661469096,
        1.265844031115647,
        1.5337635266088303,
        1.243734296383275,
        1.0329300288230778,
        1.3411230782859234,
        1.033299730636437,
        1.3003738778606029,
        1.2977009585331196,
        1.5495294984822543,
        1.299038105676658,
        1.1632688616327889,
        1.0316182002616623,
        1.2936812246883354,
        1.3176156917368247,
        1.6110512440984337,
        1.2360330811826103,
        1.379412113103904,
        1.3294213444619847,
        1.288302069478359,
        1.510357757471903,
        1.1614466553971963,
        1.3459300790820368,
        1.3391798899990164,
        1.4209494087483279,
        1.1494261853444767
    ],
    [
        1.9216144360449434,
        1.463680672520858,
        1.4842927608797396,
        1.3050383136138188,
        1.3050383136138188,
        1.35,
        1.5,
        1.2686114456365274,
        1.299038105676658,
        1.4543039572248986,
        1.5437910533250705,
        1.3228756555322954,
        1.4086784586980805,
        1.3564659966250536,
        1.7721808598447282,
        1.2682343503260503,
        1.3806701271484076,
        1.4630874888399532,
        1.194561442880326,
        1.224744871391589,
        1.3352850299135053,
        1.5512092057488571,
        1.2903218806001684,
        0.0,
        1.2486103386476415,
        1.4066804896635199,
        1.3274610268394993,
        1.314317524632292,
        1.3304134695650072,
        1.3333333333333333,
        1.1203608049790625,
        1.4252192813739224,
        1.243734296383275,
        1.375,
        1.299038105676658,
        1.3642763649642253,
        1.2686114456365274,
        1.5155444566227676,
        1.498842145717079,
        1.472549753922691,
        1.2808688457449497,
        1.5155444566227676,
        1.3635890143294642,
        1.3507970897872772,
        1.2968712349342937,
        1.2754356554178305,
        1.4348344852281743,
        1.346291201783626,
        1.357847561400027,
        1.346291201783626
    ],
    [
        1.581631738716728,
        1.467234738471584,
        1.267242193812129,
        1.2548516955312996,
        1.2126360175712707,
        1.2720008298390026,
        1.206176235510844,
        1.1755613316388236,
        1.2977009585331196,
        1.2596571403009278,
        1.566969231891981,
        1.3182743349630313,
        1.3642254619787417,
        1.2027457013941985,
        1.8418363421083621,
        1.1481462432627507,
        1.301041249666333,
        1.2997061633735185,
        1.243192916693911,
        1.2423376263229644,
        1.224744871391589,
        1.3775229379013783,
        1.141088661469096,
        1.2486103386476415,
        0.0,
        1.3378569098043,
        1.2936812246883354,
        1.2896489617118467,
        1.1355370731263883,
        1.3527235900623273,
        1.1388041973930374,
        1.3430634551071832,
        1.1843892002959913,
        1.3076962355396013,
        1.2018504251546631,
        1.299786307223016,
        1.193879065157867,
        1.3981634779635432,
        1.4367449707972224,
        1.4953632037438633,
        1.1031835245728105,
        1.3450010326307478,
        1.2190615698606495,
        1.2183492931011204,
        1.3494854986664775,
        1.118033988749895,
        1.435802137405352,
        1.3037073205968346,
        1.3294213444619847,
        1.2610621625351297
    ],
    [
        1.9739502505982096,
        1.7050374710773302,
        1.3842868199907128,
        1.4011156269202054,
        1.2018215341721914,
        1.1155155758661552,
        1.4792312192487014,
        1.3955285736952863,
        1.2968712349342937,
        1.3325257971236428,
        1.795487541088515,
        1.3383758814324174,
        1.4579523311823332,
        1.3418736900319643,
        1.9932699265277647,
        1.3881284199252177,
        1.4374456511465052,
        1.5157506391224118,
        1.408017313495129,
        1.222446317839765,
        1.3810724496242446,
        1.3444329659748753,
        1.265844031115647,
        1.4066804896635199,
        1.3378569098043,
        0.0,
        1.4170097623752158,
        1.5183827287976872,
        1.35531361684298,
        1.2455197487171548,
        1.196029310306027,
        1.37067501618728,
        1.246244358061452,
        1.4265342617687107,
        1.4033442200686188,
        1.2095970403402945,
        1.3407087677791922,
        1.3867678248358664,
        1.3067400064452166,
        1.3652177278531232,
        1.1834800378544625,
        1.2351619327035626,
        1.162163929916946,
        1.1674699615455257,
        1.4417870855296213,
        1.3230593755047848,
        1.2597122687344122,
        1.4928998626833616,
        1.4111165791670084,
        1.36152488041901
    ],
    [
        1.922563761552152,
        1.6056540723331412,
        1.5297966458904848,
        1.3450010326307478,
        1.2513881181401005,
        1.4261691110570769,
        1.504622507105649,
        1.3274610268394993,
        1.2754356554178305,
        1.4519622737676223,
        1.522169411252666,
        1.3274610268394993,
        1.5382845784978945,
        1.452034013987888,
        1.99434965729572,
        1.2703836887150621,
        1.4000248013676202,
        1.6271353491472198,
        1.3785642322371592,
        1.3391798899990164,
        1.2679270045585782,
        1.4337208778404378,
        1.5337635266088303,
        1.3274610268394993,
        1.2936812246883354,
        1.4170097623752158,
        0.0,
        1.4953632037438633,
        1.334348571817391,
        1.352081728298996,
        1.2631255326020099,
        1.3176156917368247,
        1.299038105676658,
        1.1531960419248373,
        1.3294213444619847,
        1.4403413947163128,
        1.4055939827860835,
        1.6029486718059454,
        1.6414763002993509,
        1.4215601757693317,
        1.2233265213252664,
        1.3962996733430033,
        1.3043729868748772,
        1.3176156917368247,
        1.3649888074429197,
        1.3572081229085275,
        1.401412977438604,
        1.4018836534383934,
        1.3514395616855712,
        1.445779297741456
    ],
    [
        2.140830721738251,
        1.6126668733636358,
        1.5651366642494124,
        1.4831226442131404,
        1.4942017564200922,
        1.5206449655034902,
        1.4690085469836829,
        1.4343262065048756,
        1.509230856356236,
        1.5958496517877587,
        1.7089968845711576,
        1.4185037108791,
        1.4529663145135578,
        1.492155413413019,
        1.924801577075183,
        1.3509151177364171,
        1.4690085469836829,
        1.4959435892513535,
        1.3920810821317215,
        1.4445779852799763,
        1.331378775722538,
        1.7475180812925641,
        1.243734296383275,
        1.314317524632292,
        1.2896489617118467,
        1.5183827287976872,
        1.4953632037438633,
        0.0,
        1.24074350469565,
        1.5314979957907588,
        1.2795127110653406,
        1.6451739185333027,
        1.4129854131510975,
        1.5684608520598926,
        1.507504376260462,
        1.245519748717155,
        1.2876280950302037,
        1.4529663145135578,
        1.620720861564727,
        1.6110512440984337,
        1.4185037108791,
        1.534895038032822,
        1.4743171677461777,
        1.4306903927824497,
        1.5662233415306885,
        1.2360330811826103,
        1.5255008285077323,
        1.509230856356236,
        1.464273615900465,
        1.534895038032822
    ],
    [
        1.4374012832120304,
        1.6120854333578118,
        1.0514870422406544,
        1.3088640112708425,
        1.2764697411219743,
        1.464368464560747,
        1.0476163419878481,
        1.1431863365173676,
        1.4341809509263466,
        1.5568397476940266,
        1.6399119563225932,
        1.4404860290887933,
        1.4274102423620199,
        1.2985568913220553,
        2.081465829649865,
        1.4015388772666266,
        1.4417870855296213,
        1.5221284439888771,
        1.330015536198962,
        1.3709029870855194,
        1.300080125735846,
        1.4798648586948742,
        1.0329300288230778,
        1.3304134695650072,
        1.1355370731263883,
        1.35531361684298,
        1.334348571817391,
        1.24074350469565,
        0.0,
        1.3501800291483765,
        1.0981044273352756,
        1.2789155562428662,
        1.1929480290440149,
        1.324764129949177,
        1.158932698649926,
        1.1529852557600206,
        1.0914439976471537,
        1.4428704030508077,
        1.4606885743070326,
        1.59133940789233,
        1.2351619327035626,
        1.4981238266578634,
        1.291317157014496,
        1.3472966760640854,
        1.4620191517213446,
        1.188252685435402,
        1.3301785594423028,
        1.266392514191394,
        1.3386093530227554,
        1.0479145957567344
    ],
    [
        2.0060848479647015,
        1.6960943697539683,
        1.3391798899990164,
        1.3962996733430033,
        1.2325166214790866,
        1.3060755465643377,
