[
    [
        0.0,
        1.7997464548061488,
        0.8628899591678264,
        1.1830272910751347,
        1.1867949034509468,
        1.6291391554299781,
        0.9482798605251253,
        1.299133563523403,
        1.2427083244236505,
        1.4819535163053512,
        1.4946759255601125,
        1.5889847227017608,
        1.443007417916923,
        1.3011670585615494,
        1.8176606685854342,
        1.3837845547185266,
        1.5423444915492273,
        1.725317923970973,
        1.314896985178935,
        1.188674231474473,
        1.1739628509924,
        1.3825165607747079,
        1.3752061276128884,
        1.2161225602843873,
        1.228355693498657,
        1.3530577615617336,
        1.1378237372909994,
        1.54139085600475,
        0.9801928694009615,
        1.4174917565257987,
        1.0807629108124293,
        1.024570591984361,
        1.1987953373161637,
        1.2097839052928703,
        1.1747774430998947,
        1.5101696079904265,
        1.2184801506594272,
        1.33737959595377,
        1.331644870535868,
        1.587880598759984,
        1.0610776460632168,
        1.5557251081874641,
        1.3612484890642091,
        1.3085494210390327,
        1.4535056145156684,
        1.4651323529945626,
        1.244021416903377,
        1.6698099610801371,
        1.557056845593045,
        0.852853852589968
    ],
    [
        1.7997464548061488,
        0.0,
        1.7310481731534157,
        1.7415470453338637,
        1.6110512440984337,
        1.2504443654601796,
        1.5388487760516156,
        1.5360257159305637,
        1.463680672520858,
        1.3256549743847796,
        1.5739405427777589,
        1.3450010326307478,
        1.4511728972723332,
        1.5025210296180365,
        1.3274610268394993,
        1.3438941875391779,
        1.3831827227248192,
        1.2486103386476415,
        1.4218716905221758,
        1.3944333775567925,
        1.4499760534421096,
        1.3737367934862112,
        1.3718398027628607,
        1.6577888553398135,
        1.5399765510480274,
        1.4621853887626945,
        1.5948049340837198,
        1.3507970897872774,
        1.7390530628924339,
        1.6029486718059454,
        1.6609276189995623,
        1.6282019735483269,
        1.537155562141393,
        1.6260680250906547,
        1.505775916632721,
        1.3507970897872772,
        1.2916666666666665,
        1.4062114192238504,
        1.4062114192238504,
        1.3437096247164249,
        1.5833333333333335,
        1.375631168268265,
        1.5178338000072487,
        1.4511728972723332,
        1.3374675489313543,
        1.3507970897872774,
        1.3849137558386482,
        1.3850641782162219,
        1.442172358323065,
        1.5601371022374213
    ],
    [
        0.8628899591678264,
        1.7310481731534157,
        0.0,
        0.7905694150420949,
        0.8477912478906585,
        1.35531361684298,
        0.875,
        0.8994597143717876,
        1.1989578808281798,
        1.2658988901172163,
        1.82151610433928,
        1.286953767623375,
        1.0752906583803283,
        1.1127106542133944,
        1.5155444566227676,
        1.1271238455756787,
        1.224744871391589,
        1.571225636247067,
        1.3679084287289685,
        1.0680004681646913,
        0.9270248108869579,
        1.1110243021644486,
        1.2360330811826103,
        0.960143218483576,
        0.9109671295448103,
        1.0813764376941084,
        0.8660254037844386,
        1.2936812246883354,
        0.5863019699779287,
        1.319590635176093,
        0.6846531968814576,
        0.9842509842514764,
        1.0976616560266244,
        0.8014743359029727,
        0.9270248108869579,
        1.0606601717798212,
        0.9682458365518543,
        1.1524430571616109,
        1.0968705484240153,
        1.25,
        0.7264831572567789,
        1.4577379737113252,
        1.2624381172952597,
        1.104756131963571,
        1.3004806803639952,
        1.2126360175712707,
        0.972753822917186,
        1.7809758560968758,
        1.4086784586980805,
        0.770551750371122
    ],
    [
        1.1830272910751347,
        1.7415470453338637,
        0.7905694150420949,
        0.0,
        0.8569568250501305,
        1.3190905958272918,
        0.9270248108869579,
        0.7192781875680029,
        1.0532687216470449,
        1.1548809462451097,
        1.9365740051831275,
        1.1792476415070754,
        0.9921567416492215,
        0.8824681297361395,
        1.375,
        1.0970158966719763,
        1.0752906583803283,
        1.479019945774904,
        1.3104028434969521,
        0.8569568250501305,
        0.8660254037844386,
        1.0307764064044151,
        1.2631255326020099,
        0.8100925873009825,
        0.7883703303510209,
        1.092302613747674,
        0.7603453162872774,
        1.267242193812129,
        0.5863019699779287,
        1.3176156917368247,
        0.5994789404140899,
        0.9013878188659973,
        0.8907315969346646,
        0.7580585582775105,
        1.1858541225631423,
        1.0606601717798212,
        1.0231690964840563,
        1.165922381636102,
        0.9921567416492215,
        1.103970108290981,
        0.6744339190099435,
        1.2624381172952597,
        1.165922381636102,
        0.93355652093367,
        1.292042955942255,
        1.2169234888758527,
        1.018270592720815,
        1.920286436967152,
        1.2747548783981961,
        0.9762812094883317
    ],
    [
        1.1867949034509468,
        1.6110512440984337,
        0.8477912478906585,
        0.8569568250501305,
        0.0,
        1.2013013776733963,
        0.8926785535678563,
        0.7300589778306347,
        1.1110243021644486,
        1.1683321445547923,
        1.7854464084791288,
        1.118033988749895,
        0.9270248108869579,
        0.982980162566875,
        1.334634781503914,
        1.0162895196522996,
        1.0606601717798212,
        1.3228756555322954,
        1.1785714285714286,
        0.9354143466934853,
        0.9100137361600648,
        1.0231690964840563,
        1.1102427162061856,
        0.9682458365518543,
        0.8730136183232068,
        0.9943590900675671,
        0.8660254037844386,
        1.1234557302260635,
        0.7905694150420949,
        1.2631255326020099,
        0.770551750371122,
        0.9682458365518543,
        0.9583333333333334,
        0.8640183897219884,
        1.0897247358851685,
        1.015504800579495,
        0.9354143466934853,
        1.1792476415070754,
        0.9100137361600648,
        1.0680004681646913,
        0.8395600699837452,
        1.231107225224513,
        1.1524430571616109,
        0.9251501379656049,
        1.0957303500405564,
        1.0663736576724772,
        0.8958236433584459,
        1.713913650100261,
        1.231107225224513,
        0.960143218483576
    ],
    [
        1.6291391554299781,
        1.2504443654601796,
        1.35531361684298,
        1.3190905958272918,
        1.2013013776733963,
        0.0,
        1.2937349032935612,
        1.1177544453054078,
        1.1302654555457317,
        1.1892749892266297,
        1.3916249128120635,
        1.0793516572461452,
        1.1960873713905686,
        1.1629703349613008,
        1.2534951136721675,
        1.0097168222944934,
        1.083685840084662,
        1.107925990308017,
        1.108938635795139,
        1.0764525070805493,
        1.1734031702701335,
        1.1696687565289585,
        1.0862460842532669,
        1.2828191610667499,
        1.1533766851197305,
        1.1513578939669455,
        1.3320566804757221,
        1.0010758102050903,
        1.3527749258468684,
        1.2849556844930923,
        1.2937349032935612,
        1.2732831578246844,
        1.3144760257312502,
        1.2411072565343506,
        1.2891373084353737,
        1.107925990308017,
        0.9886859966642595,
        1.114955156048888,
        1.1188722000300124,
        1.2126932835634903,
        1.2927683473847895,
        1.1022703842524302,
        1.2064928512013653,
        1.1397489977086086,
        0.9965565713997374,
        1.0690078473883051,
        0.9695359714832659,
        1.3344006145082519,
        1.171003842863037,
        1.2472469683266423
    ],
    [
        0.9482798605251253,
        1.5388487760516156,
        0.875,
        0.9270248108869579,
        0.8926785535678563,
        1.2937349032935612,
        0.0,
        0.9157192073264963,
        1.1388041973930374,
        1.1426394882026438,
        1.4540144989873058,
        0.9921567416492215,
        1.015504800579495,
        1.0697546447667334,
        1.3806701271484076,
        1.1292436966973127,
        1.1319231422671772,
        1.2562344526401112,
        1.1232980323083253,
        0.9921567416492215,
        1.015504800579495,
        0.9437293044088437,
        1.044163673845139,
        1.0383279828647594,
        0.9771699499632145,
        1.0341058939973218,
        0.8926785535678563,
        1.1599509089229212,
        0.9270248108869579,
        1.2956926504555177,
        0.8569568250501305,
        0.8926785535678563,
        1.024017143953709,
        0.9851325347947408,
        0.9270248108869579,
        1.0968705484240153,
        0.9437293044088437,
        1.118033988749895,
        0.9842509842514764,
        1.1989578808281798,
        0.8640183897219884,
        1.2374368670764582,
        1.0532687216470449,
        1.125771340508858,
        1.1939953936259553,
        1.1118053386771944,
        0.9062284480195929,
        1.58607219255619,
        1.2562344526401112,
        0.8477912478906585
    ],
    [
        1.299133563523403,
        1.5360257159305637,
        0.8994597143717876,
        0.7192781875680029,
        0.7300589778306347,
        1.1177544453054078,
        0.9157192073264963,
        0.0,
        1.0466547239233726,
        1.0953817193613882,
        1.6492285010046597,
        1.0663736576724772,
        0.8994597143717876,
        0.9141632482464194,
        1.3070322617798436,
        0.963146004901318,
        0.9307628293203615,
        1.2856040517117926,
        1.2461818102943045,
        0.8917056066263623,
        0.93355652093367,
        0.9982623792259117,
        1.0937003957005573,
        0.8579691784155834,
        0.7783975705112252,
        0.978625737109613,
        0.8640183897219884,
        1.1110243021644486,
        0.7476816018719317,
        1.1599509089229212,
        0.798218502527834,
        0.9691419458010839,
        0.9664511253952668,
        0.804716996492832,
        1.1118053386771944,
        0.9232716585900141,
        0.8405933750763339,
        1.1577036657874837,
        0.9664511253952668,
        1.044163673845139,
        0.739509972887452,
        1.1636866703140785,
        1.126542152882981,
        0.9071475440448851,
        1.026861453383291,
        0.9982623792259117,
        0.8756346904452285,
        1.5667996397469306,
        1.1895085353016832,
        0.9204467514322717
    ],
    [
        1.2427083244236505,
        1.463680672520858,
        1.1989578808281798,
        1.0532687216470449,
        1.1110243021644486,
        1.1302654555457317,
        1.1388041973930374,
        1.0466547239233726,
        0.0,
        1.0685855136581255,
        1.5084794344244912,
        1.159202311936963,
        1.1388041973930374,
        0.9324028099485758,
        1.346291201783626,
        0.9514690574826585,
        1.0680004681646913,
        1.340475661845451,
        1.0848857270774313,
        0.9100137361600648,
        1.0968705484240153,
        1.015504800579495,
        1.0976616560266244,
        0.9519716382329886,
        0.9251501379656049,
        1.0289557813628338,
        1.103970108290981,
        1.0809268142560706,
        1.1319231422671772,
        1.0086432030758503,
        1.125,
        1.0077822185373186,
        1.0129371484286014,
        1.0282468899377555,
        1.352081728298996,
        1.1989578808281798,
        1.0968705484240153,
        1.0825317547305484,
        1.0825317547305484,
        1.1989578808281798,
        1.004330899432829,
        1.015504800579495,
        1.0532687216470449,
        0.9982623792259117,
        1.0431323022512533,
        1.116480083914522,
        0.9848857801796106,
        1.571225636247067,
        1.0968705484240153,
        1.125
    ],
    [
        1.4819535163053512,
        1.3256549743847796,
        1.2658988901172163,
        1.1548809462451097,
        1.1683321445547923,
        1.1892749892266297,
        1.1426394882026438,
        1.0953817193613882,
        1.0685855136581255,
        0.0,
        1.552261352389619,
        1.0574142991278301,
        0.9886859966642595,
        1.093732142711368,
        1.2338962679253065,
        1.1065781970210913,
        0.9400797838481585,
        1.1960873713905686,
        1.2076816211068147,
        1.0179636535751166,
        1.0865656906050365,
        1.1008519428152,
        1.1433989291192777,
        1.0735455276791945,
        1.0254402848424562,
        1.0341058939973218,
        1.014889156509222,
        1.1043789104187829,
        1.1960873713905686,
        1.3190379490792188,
        1.182951816432098,
        1.1842719282327012,
        1.0690078473883051,
        1.1328736812980422,
        1.2951833846988619,
        1.0574142991278301,
        1.0647769719523428,
        1.114955156048888,
        1.1090536506409416,
        1.0805091392487154,
        1.0415666618662058,
        1.1645814698852115,
        1.0980095627998874,
        1.093001728167791,
        1.0891510455395983,
        1.1671130098571336,
        1.0386289038920495,
        1.4728798321655436,
        1.1945187315400292,
        1.2903487900563941
    ],
    [
        1.4946759255601125,
        1.5739405427777589,
        1.82151610433928,
        1.9365740051831275,
        1.7854464084791288,
        1.3916249128120635,
        1.4540144989873058,
        1.6492285010046597,
        1.5084794344244912,
        1.552261352389619,
        0.0,
        1.5777066150794026,
        1.6360495601494798,
        1.6769901366338882,
        1.8246644925037812,
        1.4265610854822324,
        1.4427864197660112,
        1.562780587051588,
        1.5063640506402245,
        1.6033685840525036,
        1.5669579263200217,
        1.5727470118443416,
        1.316082062587608,
        1.8561982487804232,
        1.717702860774771,
        1.713589888544645,
        1.669236963650256,
        1.527467243229236,
        1.777929459586433,
        1.5284411567392813,
        1.8762750766519567,
        1.3815936524203356,
        1.6169125452968451,
        1.67388953612188,
        1.3694228264312744,
        1.7061750095653452,
        1.3992527160114094,
        1.5067873649806418,
        1.5331165737058052,
        1.6480894938054291,
        1.6300723207806016,
        1.4982983545287878,
        1.2607952220074181,
        1.5575460014026106,
        1.5219859810558742,
        1.4364490144015056,
        1.4413756538495452,
        1.4221955934829953,
        1.653787397189264,
        1.27049524330684
    ],
    [
        1.5889847227017608,
        1.3450010326307478,
        1.286953767623375,
        1.1792476415070754,
        1.118033988749895,
        1.0793516572461452,
        0.9921567416492215,
        1.0663736576724772,
        1.159202311936963,
        1.0574142991278301,
        1.5777066150794026,
        0.0,
        0.9437293044088437,
        1.092588669170608,
        1.25,
        1.002388728620442,
        1.1524430571616109,
        1.2183492931011204,
        1.116321400577699,
        1.0968705484240153,
        1.0307764064044151,
        0.9519716382329886,
        1.044163673845139,
        1.192424001771182,
        1.016359243137539,
        0.9832980219648567,
        1.0752906583803283,
        1.084134319271474,
        1.2183492931011204,
        1.3254978100489057,
        1.0752906583803283,
        1.1792476415070754,
        1.1464013743498005,
        1.1078946500256943,
        1.2930100540985752,
        1.0077822185373186,
        0.9185586535436918,
        1.0458250331675945,
        1.015504800579495,
        1.0968705484240153,
        1.1441275181454984,
        1.2054563451241194,
        1.1858541225631423,
        1.1464013743498005,
        1.1808365678619543,
        1.1188101318414627,
        0.9886859966642595,
        1.4469796128487782,
        1.165922381636102,
        1.1792476415070754
    ],
    [
        1.443007417916923,
        1.4511728972723332,
        1.0752906583803283,
        0.9921567416492215,
        0.9270248108869579,
        1.1960873713905686,
        1.015504800579495,
        0.8994597143717876,
        1.1388041973930374,
        0.9886859966642595,
        1.6360495601494798,
        0.9437293044088437,
        0.0,
        0.8835298523536146,
        1.2686114456365274,
        0.9866778416815217,
        1.0680004681646913,
        1.192424001771182,
        1.1822183834311024,
        0.9354143466934853,
        0.960143218483576,
        0.9842509842514764,
        1.1234557302260635,
        1.015504800579495,
        0.952883052169106,
        0.9317322576792112,
        0.9013878188659973,
        1.1311559967081857,
        0.9100137361600648,
        1.2956926504555177,
        0.960143218483576,
        1.0383279828647594,
        0.952883052169106,
        0.9109671295448103,
        1.2183492931011204,
        0.9762812094883317,
        0.9437293044088437,
        1.0532687216470449,
        0.9682458365518543,
        1.0825317547305484,
        0.9251501379656049,
        1.165922381636102,
        1.0680004681646913,
        0.9673488971869917,
        1.0449282272003182,
        1.0671873729054748,
        0.972753822917186,
        1.5662455107677085,
        1.103970108290981,
        1.1792476415070754
    ],
    [
        1.3011670585615494,
        1.5025210296180365,
        1.1127106542133944,
        0.8824681297361395,
        0.982980162566875,
        1.1629703349613008,
        1.0697546447667334,
        0.9141632482464194,
        0.9324028099485758,
        1.093732142711368,
        1.6769901366338882,
        1.092588669170608,
        0.8835298523536146,
        0.0,
        1.3124404748406688,
        1.0095778568191716,
        1.0784827305061495,
        1.318379687343521,
        1.1322836775872962,
        0.8877640452282352,
        0.9781998773256926,
        1.0362190888031353,
        1.135261839596683,
        0.8982622111610841,
        0.8504083986205948,
        1.0520812706250406,
        0.9374166629626337,
        1.073577870694271,
        0.986154146165801,
        1.0587269609194705,
        0.9620940702446928,
        0.8895223437328598,
        0.841171471487499,
        0.8775360074916838,
        1.3100572506573902,
        1.062720565341614,
        1.0914439976471537,
        1.1404494727957044,
        0.8860022573334675,
        1.1127106542133944,
        0.8147511549205957,
        0.9971835337589565,
        1.103970108290981,
        0.90384979086375,
        1.0532687216470449,
        1.0553764467925388,
        0.972753822917186,
        1.5767847031221478,
        1.0523782589924593,
        1.1939953936259553
    ],
    [
        1.8176606685854342,
        1.3274610268394993,
        1.5155444566227676,
        1.375,
        1.334634781503914,
        1.2534951136721675,
        1.3806701271484076,
        1.3070322617798436,
        1.346291201783626,
        1.2338962679253065,
        1.8246644925037812,
        1.25,
        1.2686114456365274,
        1.3124404748406688,
        0.0,
        1.2644572119357484,
        1.2747548783981961,
        1.159202311936963,
        1.2915295077495346,
        1.2119199643540823,
        1.243734296383275,
        1.2562344526401112,
        1.3215626272628087,
        1.3693063937629153,
        1.2754356554178305,
        1.2995191418367027,
        1.2808688457449497,
        1.2506942516503028,
        1.403121520040228,
        1.5634719199411433,
        1.3863170633011772,
        1.4684175155588413,
        1.3869430814244366,
        1.3925645805890337,
        1.5512092057488571,
        1.1792476415070754,
        1.1989578808281798,
        1.1792476415070754,
        1.165922381636102,
        1.159202311936963,
        1.371206889325361,
        1.25,
        1.4684175155588413,
        1.2631255326020099,
        1.2198872898755853,
        1.2631255326020099,
        1.1731368206650066,
        1.6298006013006623,
        1.4142135623730951,
        1.4415703243338496
    ],
    [
        1.3837845547185266,
        1.3438941875391779,
        1.1271238455756787,
        1.0970158966719763,
        1.0162895196522996,
        1.0097168222944934,
        1.1292436966973127,
        0.963146004901318,
        0.9514690574826585,
        1.1065781970210913,
        1.4265610854822324,
        1.002388728620442,
        0.9866778416815217,
        1.0095778568191716,
        1.2644572119357484,
        0.0,
        1.0077822185373186,
        1.194561442880326,
        1.0697904143392971,
        0.9162994007619641,
        0.9581484589497367,
        0.9945643082603086,
        0.94770055284804,
        1.0641119225313986,
        1.0105908837112885,
        0.9779520980715002,
        1.0990487538163656,
        1.055654384322029,
        1.1498114308575178,
        1.2469492249544536,
        1.108294332084493,
        1.0516022760239612,
        1.0281607425260193,
        1.0727835347690862,
        1.192557704076,
        1.0101525445522108,
        0.9126380242271884,
        1.0406287345952476,
        0.9813308331452919,
        1.0582523135735038,
        1.0411052909083547,
        1.0602091149140997,
        1.0134616874044795,
        1.0256247750217045,
        0.9623591866250526,
        0.9868035159738345,
        0.8837463737188541,
        1.4111662928664535,
        1.1399236906074737,
        1.0330939760086233
    ],
    [
        1.5423444915492273,
        1.3831827227248192,
        1.224744871391589,
        1.0752906583803283,
        1.0606601717798212,
        1.083685840084662,
        1.1319231422671772,
        0.9307628293203615,
        1.0680004681646913,
        0.9400797838481585,
        1.4427864197660112,
        1.1524430571616109,
        1.0680004681646913,
        1.0784827305061495,
        1.2747548783981961,
        1.0077822185373186,
        0.0,
        1.192424001771182,
        1.1926913913926103,
        0.9354143466934853,
        1.0825317547305484,
        1.0307764064044151,
        1.1372786719963484,
        1.0383279828647594,
        0.9798313346920706,
        1.067122298520652,
        1.0532687216470449,
        1.0491398593345143,
        1.1524430571616109,
        1.116480083914522,
        1.125,
        1.192424001771182,
        1.0516191220103301,
        0.9904053603337261,
        1.2374368670764582,
        1.0897247358851685,
        0.9762812094883317,
        1.1319231422671772,
        1.0752906583803283,
        0.9842509842514764,
        0.9798313346920706,
        1.0606601717798212,
        1.14564392373896,
        0.9138213416442212,
        1.0712142642814275,
        1.07124667768187,
        0.9239859306288166,
        1.4630874888399532,
        1.1110243021644486,
        1.1792476415070754
    ],
    [
        1.725317923970973,
        1.2486103386476415,
        1.571225636247067,
        1.479019945774904,
        1.3228756555322954,
        1.107925990308017,
        1.2562344526401112,
        1.2856040517117926,
        1.340475661845451,
        1.1960873713905686,
        1.562780587051588,
        1.2183492931011204,
        1.192424001771182,
        1.318379687343521,
        1.159202311936963,
        1.194561442880326,
        1.192424001771182,
        0.0,
        1.2295521417930007,
        1.2119199643540823,
        1.2183492931011204,
        1.1726039399558574,
        1.2360330811826103,
        1.4415703243338496,
        1.272710362441772,
        1.1853269591129698,
        1.375,
        1.104756131963571,
        1.4842927608797396,
        1.4971036852684736,
        1.3919410907075054,
        1.4361406616345072,
        1.375631168268265,
        1.4445779852799763,
        1.340475661845451,
        1.1726039399558574,
        1.118033988749895,
        1.159202311936963,
        1.165922381636102,
        1.1726039399558574,
        1.3894443333777555,
        1.25,
        1.2930100540985752,
        1.2541597452743676,
        1.2134661099511597,
        1.206176235510844,
        1.0574142991278301,
        1.5155444566227676,
        1.25,
        1.3919410907075054
    ],
    [
        1.314896985178935,
        1.4218716905221758,
        1.3679084287289685,
        1.3104028434969521,
        1.1785714285714286,
        1.108938635795139,
        1.1232980323083253,
        1.2461818102943045,
        1.0848857270774313,
        1.2076816211068147,
        1.5063640506402245,
        1.116321400577699,
        1.1822183834311024,
        1.1322836775872962,
        1.2915295077495346,
        1.0697904143392971,
        1.1926913913926103,
        1.2295521417930007,
        0.0,
        1.0535714285714286,
        1.1507816775512874,
        1.1232980323083253,
        1.0030424239823508,
        1.220441330345841,
        1.1150987825231362,
        1.1839002905478078,
        1.3390475978798346,
        1.12902404526413,
        1.3214285714285714,
        1.0981457263410805,
        1.2732531049982776,
        1.077660447829615,
        1.12902404526413,
        1.1962212566179304,
        1.1917552652473988,
        1.2167779047088894,
        1.0807629108124293,
        1.095124864747283,
        1.2421950206741914,
        1.333200461066435,
        1.2272302572493843,
        1.0556879467041036,
        1.0696413665622813,
        1.1359226623254686,
        1.1322836775872962,
        1.0722384505251528,
        1.0409106099753156,
        1.4453258583221618,
        1.0738068841694934,
        1.1642802366216456
    ],
    [
        1.188674231474473,
        1.3944333775567925,
        1.0680004681646913,
        0.8569568250501305,
        0.9354143466934853,
        1.0764525070805493,
        0.9921567416492215,
        0.8917056066263623,
        0.9100137361600648,
        1.0179636535751166,
        1.6033685840525036,
        1.0968705484240153,
        0.9354143466934853,
        0.8877640452282352,
        1.2119199643540823,
        0.9162994007619641,
        0.9354143466934853,
        1.2119199643540823,
        1.0535714285714286,
        0.0,
        0.9270248108869579,
        0.9682458365518543,
        1.0146496384904933,
        0.875,
        0.8518770125108697,
        1.0012492197250393,
        0.9354143466934853,
        0.9877724659274748,
        0.9437293044088437,
        1.1094605796411956,
        0.9437293044088437,
        0.9354143466934853,
        0.9004242827072628,
        0.9260879487872028,
        1.25,
        1.0307764064044151,
        0.9270248108869579,
        1.0606601717798212,
        1.0,
        1.0231690964840563,
        0.8518770125108697,
        1.0,
        1.0,
        0.8965597829729172,
        1.0188841936157416,
        1.011221758292633,
        0.8415016339853417,
        1.5512092057488571,
        1.0458250331675945,
        1.103970108290981
    ],
    [
        1.1739628509924,
        1.4499760534421096,
        0.9270248108869579,
        0.8660254037844386,
        0.9100137361600648,
        1.1734031702701335,
        1.015504800579495,
        0.93355652093367,
        1.0968705484240153,
        1.0865656906050365,
        1.5669579263200217,
        1.0307764064044151,
        0.960143218483576,
        0.9781998773256926,
        1.243734296383275,
        0.9581484589497367,
        1.0825317547305484,
        1.2183492931011204,
        1.1507816775512874,
        0.9270248108869579,
        0.0,
        0.9270248108869579,
        1.0137937550497031,
        0.9270248108869579,
        0.9109671295448103,
        0.9239859306288166,
        0.9437293044088437,
        1.1666666666666667,
        0.875,
        1.3718398027628607,
        0.82915619758885,
        1.0,
        0.9691419458010839,
        0.9363418772601764,
        1.2374368670764582,
        0.9270248108869579,
        0.9270248108869579,
        0.9921567416492215,
        0.875,
        1.0606601717798212,
        0.9081039465709737,
        1.1989578808281798,
        1.0968705484240153,
        1.0391636594449938,
        1.062426468043789,
        1.1118053386771944,
        0.8975661535508122,
        1.648863244784115,
        1.2747548783981961,
        1.0307764064044151
    ],
    [
        1.3825165607747079,
        1.3737367934862112,
        1.1110243021644486,
        1.0307764064044151,
        1.0231690964840563,
        1.1696687565289585,
        0.9437293044088437,
        0.9982623792259117,
        1.015504800579495,
        1.1008519428152,
        1.5727470118443416,
        0.9519716382329886,
        0.9842509842514764,
        1.0362190888031353,
        1.2562344526401112,
        0.9945643082603086,
        1.0307764064044151,
        1.1726039399558574,
        1.1232980323083253,
        0.9682458365518543,
        0.9270248108869579,
        0.0,
        0.93355652093367,
        1.0532687216470449,
        0.9446486707295528,
        1.013348409975562,
        1.0458250331675945,
        1.0358169078880044,
        1.0458250331675945,
        1.319590635176093,
        0.9762812094883317,
        1.0825317547305484,
        1.0282468899377555,
        0.997392433632152,
        1.2374368670764582,
        1.0307764064044151,
        0.8477912478906585,
        1.0307764064044151,
        0.9682458365518543,
        1.1110243021644486,
        0.9251501379656049,
        1.2119199643540823,
        1.1110243021644486,
        1.0086432030758503,
        1.1335784048754634,
        1.1118053386771944,
        0.9317322576792112,
        1.5461646096066226,
        1.118033988749895,
        1.015504800579495
    ],
    [
        1.3752061276128884,
        1.3718398027628607,
        1.2360330811826103,
        1.2631255326020099,
        1.1102427162061856,
        1.0862460842532669,
        1.044163673845139,
        1.0937003957005573,
        1.0976616560266244,
        1.1433989291192777,
        1.316082062587608,
        1.044163673845139,
        1.1234557302260635,
        1.135261839596683,
        1.3215626272628087,
        0.94770055284804,
        1.1372786719963484,
        1.2360330811826103,
        1.0030424239823508,
        1.0146496384904933,
        1.0137937550497031,
        0.93355652093367,
        0.0,
        1.1188101318414627,
        1.0516191220103304,
        1.057053031361772,
        1.2610621625351297,
        1.0590220855949029,
        1.2486103386476415,
        1.2774758097296577,
        1.1441275181454984,
        0.9930312739844155,
        1.1843892002959913,
        1.2040152730666576,
        1.068812944865055,
        1.0516191220103301,
        0.8549285220284663,
        1.0809268142560706,
        1.0590220855949029,
        1.1509356097444277,
        1.135751097536584,
        1.1265421528829813,
        1.0565601944254972,
        1.203294089849471,
        1.0037775871399224,
        0.9583333333333334,
        0.9732890971682908,
        1.4240006242195884,
        1.1895085353016832,
        0.9583333333333334
    ],
    [
        1.2161225602843873,
        1.6577888553398135,
        0.960143218483576,
        0.8100925873009825,
        0.9682458365518543,
        1.2828191610667499,
        1.0383279828647594,
        0.8579691784155834,
        0.9519716382329886,
        1.0735455276791945,
        1.8561982487804232,
        1.192424001771182,
        1.015504800579495,
        0.8982622111610841,
        1.3693063937629153,
        1.0641119225313986,
        1.0383279828647594,
        1.4415703243338496,
        1.220441330345841,
        0.875,
        0.9270248108869579,
        1.0532687216470449,
        1.1188101318414627,
        0.0,
        0.7476816018719317,
        0.88175960442742,
        0.9185586535436918,
        1.102396379610246,
        0.8477912478906585,
        0.927960727138337,
        0.8838834764831844,
        0.9013878188659973,
        0.8819171036881969,
        0.8175590362645243,
        1.2808688457449497,
        1.0231690964840563,
        1.0231690964840563,
        1.2054563451241194,
        1.0752906583803283,
        1.14564392373896,
        0.7817359599705717,
        1.1524430571616109,
        1.118033988749895,
        0.9982623792259117,
        1.1014195385955345,
        1.1509356097444277,
        0.9743587634952539,
        1.71846588560844,
        1.0532687216470449,
        1.0680004681646913
    ],
    [
        1.228355693498657,
        1.5399765510480274,
        0.9109671295448103,
        0.7883703303510209,
        0.8730136183232068,
        1.1533766851197305,
        0.9771699499632145,
        0.7783975705112252,
        0.9251501379656049,
        1.0254402848424562,
        1.717702860774771,
        1.016359243137539,
        0.952883052169106,
        0.8504083986205948,
        1.2754356554178305,
        1.0105908837112885,
        0.9798313346920706,
        1.272710362441772,
        1.1150987825231362,
        0.8518770125108697,
        0.9109671295448103,
        0.9446486707295528,
        1.0516191220103304,
        0.7476816018719317,
        0.0,
        0.8801830617673929,
        0.9195031871130797,
        1.0499669306961794,
        0.8848650242331376,
        1.0299339245256895,
        0.8759915017345267,
        0.9583333333333334,
        0.9391189724653871,
        0.8047169964928319,
        1.1777745020918808,
        0.9204467514322718,
        0.9363418772601764,
        1.0976616560266244,
        1.0614782669047498,
        1.125771340508858,
        0.7927623996016854,
        1.0736748938937604,
        1.0274023338281628,
        0.875,
        1.017690741062551,
        0.9921567416492215,
        0.7935066337326853,
        1.5556795585495393,
        1.0809268142560706,
        1.0614782669047498
    ],
    [
        1.3530577615617336,
        1.4621853887626945,
        1.0813764376941084,
        1.092302613747674,
        0.9943590900675671,
        1.1513578939669455,
        1.0341058939973218,
        0.978625737109613,
        1.0289557813628338,
        1.0341058939973218,
        1.713589888544645,
        0.9832980219648567,
        0.9317322576792112,
        1.0520812706250406,
        1.2995191418367027,
        0.9779520980715002,
        1.067122298520652,
        1.1853269591129698,
        1.1839002905478078,
        1.0012492197250393,
        0.9239859306288166,
        1.013348409975562,
        1.057053031361772,
        0.88175960442742,
        0.8801830617673929,
        0.0,
        1.0865656906050365,
        1.0480471257428159,
        1.0755812382149477,
        1.1154533209019153,
        1.0467210707729162,
        1.0807983160608643,
        1.005402075457045,
        0.9738240771994361,
        1.24949989995998,
        0.9062284480195929,
        0.9192388155425117,
        0.9688911187538051,
        1.0413332799829267,
        1.1374313166077326,
        1.055573830251163,
        1.161895003862225,
        1.0712142642814275,
        1.0369560153534854,
        1.0550473923004595,
        1.0748384891590819,
        0.9344115795515379,
        1.5471748446765803,
        1.1022703842524302,
        1.0437312872574052
    ],
    [
        1.1378237372909994,
        1.5948049340837198,
        0.8660254037844386,
        0.7603453162872774,
        0.8660254037844386,
        1.3320566804757221,
        0.8926785535678563,
        0.8640183897219884,
        1.103970108290981,
        1.014889156509222,
        1.669236963650256,
        1.0752906583803283,
        0.9013878188659973,
        0.9374166629626337,
        1.2808688457449497,
        1.0990487538163656,
        1.0532687216470449,
        1.375,
        1.3390475978798346,
        0.9354143466934853,
        0.9437293044088437,
        1.0458250331675945,
        1.2610621625351297,
        0.9185586535436918,
        0.9195031871130797,
        1.0865656906050365,
        0.0,
        1.1996816707406641,
        0.75,
        1.3718398027628607,
        0.7905694150420949,
        1.0606601717798212,
        0.9023503261544882,
        0.8014743359029727,
        1.1319231422671772,
        1.0,
        1.0077822185373186,
        1.165922381636102,
        0.9519716382329886,
        0.9921567416492215,
        0.7264831572567789,
        1.2054563451241194,
        1.192424001771182,
        0.927960727138337,
        1.2198872898755853,
        1.1931517552730295,
        0.9965565713997374,
        1.7721808598447282,
        1.224744871391589,
        1.0307764064044151
    ],
    [
        1.54139085600475,
        1.3507970897872774,
        1.2936812246883354,
        1.267242193812129,
        1.1234557302260635,
        1.0010758102050903,
        1.1599509089229212,
        1.1110243021644486,
        1.0809268142560706,
        1.1043789104187829,
        1.527467243229236,
        1.084134319271474,
        1.1311559967081857,
        1.073577870694271,
        1.2506942516503028,
        1.055654384322029,
        1.0491398593345143,
        1.104756131963571,
        1.12902404526413,
        0.9877724659274748,
        1.1666666666666667,
        1.0358169078880044,
        1.0590220855949029,
        1.102396379610246,
        1.0499669306961794,
        1.0480471257428159,
        1.1996816707406641,
        0.0,
        1.2754356554178305,
        1.1319231422671772,
        1.2126360175712707,
        1.1577036657874837,
        1.0720566941890506,
        1.0720566941890506,
        1.2856040517117926,
        1.0976616560266244,
        1.0391636594449938,
        1.1464013743498005,
        1.0614782669047498,
        1.1188101318414627,
        1.1858541225631423,
        1.116480083914522,
        1.2409393843196193,
        1.0752906583803283,
        1.073577870694271,
        1.0606601717798212,
        0.9281852066143792,
        1.4252192813739224,
        1.0696248044161196,
        1.2444320435890066
    ],
    [
        0.9801928694009615,
        1.7390530628924339,
        0.5863019699779287,
        0.5863019699779287,
        0.7905694150420949,
        1.3527749258468684,
        0.9270248108869579,
        0.7476816018719317,
        1.1319231422671772,
        1.1960873713905686,
        1.777929459586433,
        1.2183492931011204,
        0.9100137361600648,
        0.986154146165801,
        1.403121520040228,
        1.1498114308575178,
        1.1524430571616109,
        1.4842927608797396,
        1.3214285714285714,
        0.9437293044088437,
        0.875,
        1.0458250331675945,
        1.2486103386476415,
        0.8477912478906585,
        0.8848650242331376,
        1.0755812382149477,
        0.75,
        1.2754356554178305,
        0.0,
        1.3718398027628607,
        0.6373774391990981,
        0.9437293044088437,
        0.9023503261544882,
        0.7716774657271723,
        1.1110243021644486,
        1.0897247358851685,
        0.9437293044088437,
        1.159202311936963,
        0.9842509842514764,
        1.1524430571616109,
        0.6821127309893709,
        1.286953767623375,
        1.224744871391589,
        0.9691419458010839,
        1.232629303562105,
        1.2444320435890066,
        0.9483538369195329,
        1.8413649828320293,
        1.3863170633011772,
        0.82915619758885
    ],
    [
        1.4174917565257987,
        1.6029486718059454,
        1.319590635176093,
        1.3176156917368247,
        1.2631255326020099,
        1.2849556844930923,
