[
    [
        0.0,
        1.0383279828647594,
        0.625,
        0.6959705453537527,
        0.7905694150420949,
        1.0077822185373186,
        0.9921567416492215,
        1.0606601717798212,
        1.0968705484240153,
        1.1726039399558574,
        1.541103500742244,
        1.1319231422671772,
        0.9185586535436918,
        0.8477912478906585,
        0.9762812094883317,
        1.0307764064044151,
        0.8385254915624212,
        0.81967981553775,
        0.9270248108869579,
        0.8003905296791061,
        0.8385254915624212,
        0.9100137361600648,
        1.2054563451241194,
        0.82915619758885,
        0.6123724356957945,
        0.9762812094883317,
        0.6123724356957945,
        1.3228756555322954,
        0.8003905296791061,
        1.118033988749895,
        1.0968705484240153,
        1.2562344526401112,
        0.9842509842514764,
        0.649519052838329,
        0.5863019699779287,
        0.8100925873009825,
        1.0307764064044151,
        1.0825317547305484,
        1.3169567191065923,
        1.015504800579495,
        1.1792476415070754,
        1.0231690964840563,
        0.8385254915624212,
        0.8838834764831844,
        0.5448623679425842,
        0.9921567416492215,
        0.6614378277661477,
        1.015504800579495,
        1.0231690964840563,
        0.5863019699779287
    ],
    [
        1.0383279828647594,
        0.0,
        1.0,
        1.0307764064044151,
        0.7806247497997998,
        0.7603453162872774,
        0.8100925873009825,
        0.8477912478906585,
        0.8385254915624212,
        0.8385254915624212,
        1.0825317547305484,
        0.770551750371122,
        0.7603453162872774,
        0.7180703308172536,
        0.7603453162872774,
        0.8003905296791061,
        0.7180703308172536,
        0.8838834764831844,
        0.7603453162872774,
        0.7180703308172536,
        0.739509972887452,
        0.739509972887452,
        0.8660254037844386,
        0.6846531968814576,
        0.8003905296791061,
        0.7905694150420949,
        0.9682458365518543,
        0.9270248108869579,
        0.7180703308172536,
        0.81967981553775,
        0.8003905296791061,
        0.8838834764831844,
        0.673145600891813,
        0.7905694150420949,
        0.9519716382329886,
        0.875,
        0.8926785535678563,
        0.8100925873009825,
        0.9354143466934853,
        0.770551750371122,
        0.9270248108869579,
        0.770551750371122,
        0.770551750371122,
        0.7806247497997998,
        0.8926785535678563,
        0.8477912478906585,
        0.7180703308172536,
        1.0,
        0.6959705453537527,
        0.9270248108869579
    ],
    [
        0.625,
        1.0,
        0.0,
        0.375,
        0.7180703308172536,
        0.9519716382329886,
        0.9682458365518543,
        1.0383279828647594,
        1.0825317547305484,
        1.1524430571616109,
        1.4842927608797396,
        1.103970108290981,
        0.875,
        0.81967981553775,
        0.875,
        0.9921567416492215,
        0.770551750371122,
        1.0606601717798212,
        0.8569568250501305,
        0.8003905296791061,
        0.770551750371122,
        0.82915619758885,
        1.14564392373896,
        0.82915619758885,
        0.5153882032022076,
        0.9185586535436918,
        0.1767766952966369,
        1.2183492931011204,
        0.7180703308172536,
        1.0897247358851685,
        1.0752906583803283,
        1.2183492931011204,
        0.9185586535436918,
        0.5303300858899106,
        0.21650635094610965,
        1.0458250331675945,
        0.9100137361600648,
        1.0968705484240153,
        1.243734296383275,
        1.0,
        1.1858541225631423,
        0.9921567416492215,
        0.6959705453537527,
        0.8385254915624212,
        0.414578098794425,
        0.9682458365518543,
        0.5448623679425842,
        1.2054563451241194,
        0.960143218483576,
        0.30618621784789724
    ],
    [
        0.6959705453537527,
        1.0307764064044151,
        0.375,
        0.0,
        0.739509972887452,
        0.9100137361600648,
        0.9100137361600648,
        1.0077822185373186,
        1.0752906583803283,
        1.1319231422671772,
        1.3863170633011772,
        1.125,
        0.9013878188659973,
        0.770551750371122,
        0.9100137361600648,
        1.0231690964840563,
        0.770551750371122,
        1.0752906583803283,
        0.8385254915624212,
        0.8003905296791061,
        0.7180703308172536,
        0.875,
        1.159202311936963,
        0.7806247497997998,
        0.4841229182759271,
        0.9100137361600648,
        0.414578098794425,
        1.224744871391589,
        0.739509972887452,
        1.118033988749895,
        1.103970108290981,
        1.1989578808281798,
        0.9100137361600648,
        0.6373774391990981,
        0.414578098794425,
        1.015504800579495,
        0.8660254037844386,
        1.0383279828647594,
        1.2183492931011204,
        0.9921567416492215,
        1.118033988749895,
        0.9921567416492215,
        0.8100925873009825,
        0.82915619758885,
        0.4841229182759271,
        0.9185586535436918,
        0.57282196186948,
        1.192424001771182,
        0.9519716382329886,
        0.46770717334674267
    ],
    [
        0.7905694150420949,
        0.7806247497997998,
        0.7180703308172536,
        0.739509972887452,
        0.0,
        0.7288689868556626,
        0.673145600891813,
        0.7180703308172536,
        0.8660254037844386,
        0.8838834764831844,
        1.243734296383275,
        0.8477912478906585,
        0.6373774391990981,
        0.57282196186948,
        0.7071067811865476,
        0.7180703308172536,
        0.5153882032022076,
        0.8838834764831844,
        0.649519052838329,
        0.5,
        0.5590169943749475,
        0.5994789404140899,
        0.9437293044088437,
        0.625,
        0.5448623679425842,
        0.739509972887452,
        0.6846531968814576,
        1.015504800579495,
        0.5590169943749475,
        0.8569568250501305,
        0.7905694150420949,
        0.9270248108869579,
        0.6846531968814576,
        0.5,
        0.673145600891813,
        0.7806247497997998,
        0.6846531968814576,
        0.8003905296791061,
        1.0,
        0.7071067811865476,
        0.82915619758885,
        0.7071067811865476,
        0.6846531968814576,
        0.57282196186948,
        0.625,
        0.6959705453537527,
        0.5590169943749475,
        1.0,
        0.7806247497997998,
        0.6373774391990981
    ],
    [
        1.0077822185373186,
        0.7603453162872774,
        0.9519716382329886,
        0.9100137361600648,
        0.7288689868556626,
        0.0,
        0.6959705453537527,
        0.8003905296791061,
        0.81967981553775,
        0.875,
        1.0458250331675945,
        0.7905694150420949,
        0.7806247497997998,
        0.7905694150420949,
        0.7806247497997998,
        0.8100925873009825,
        0.7288689868556626,
        0.9270248108869579,
        0.7603453162872774,
        0.7603453162872774,
        0.7905694150420949,
        0.7806247497997998,
        0.8100925873009825,
        0.7288689868556626,
        0.770551750371122,
        0.7905694150420949,
        0.9185586535436918,
        0.9519716382329886,
        0.8477912478906585,
        0.82915619758885,
        0.7603453162872774,
        0.9100137361600648,
        0.770551750371122,
        0.7905694150420949,
        0.9100137361600648,
        0.9100137361600648,
        0.7071067811865476,
        0.8100925873009825,
        0.8477912478906585,
        0.8003905296791061,
        0.9185586535436918,
        0.8003905296791061,
        0.7905694150420949,
        0.75,
        0.82915619758885,
        0.75,
        0.7603453162872774,
        0.9437293044088437,
        0.81967981553775,
        0.9100137361600648
    ],
    [
        0.9921567416492215,
        0.8100925873009825,
        0.9682458365518543,
        0.9100137361600648,
        0.673145600891813,
        0.6959705453537527,
        0.0,
        0.75,
        0.8385254915624212,
        0.739509972887452,
        1.103970108290981,
        0.81967981553775,
        0.673145600891813,
        0.6959705453537527,
        0.75,
        0.75,
        0.6846531968814576,
        0.875,
        0.739509972887452,
        0.6614378277661477,
        0.649519052838329,
        0.6123724356957945,
        0.8477912478906585,
        0.6614378277661477,
        0.7603453162872774,
        0.673145600891813,
        0.9354143466934853,
        0.8569568250501305,
        0.6614378277661477,
        0.81967981553775,
        0.7905694150420949,
        0.8477912478906585,
        0.6846531968814576,
        0.770551750371122,
        0.9185586535436918,
        0.82915619758885,
        0.7905694150420949,
        0.75,
        0.9921567416492215,
        0.6959705453537527,
        0.8003905296791061,
        0.625,
        0.8100925873009825,
        0.739509972887452,
        0.81967981553775,
        0.6846531968814576,
        0.7603453162872774,
        0.9270248108869579,
        0.6846531968814576,
        0.9013878188659973
    ],
    [
        1.0606601717798212,
        0.8477912478906585,
        1.0383279828647594,
        1.0077822185373186,
        0.7180703308172536,
        0.8003905296791061,
        0.75,
        0.0,
        0.81967981553775,
        0.8003905296791061,
        1.1110243021644486,
        0.82915619758885,
        0.770551750371122,
        0.7180703308172536,
        0.81967981553775,
        0.8100925873009825,
        0.7071067811865476,
        0.9100137361600648,
        0.770551750371122,
        0.6614378277661477,
        0.649519052838329,
        0.7905694150420949,
        0.8838834764831844,
        0.739509972887452,
        0.8100925873009825,
        0.7905694150420949,
        1.0077822185373186,
        0.9270248108869579,
        0.7180703308172536,
        0.8385254915624212,
        0.81967981553775,
        0.8660254037844386,
        0.81967981553775,
        0.875,
        0.9921567416492215,
        0.8569568250501305,
        0.82915619758885,
        0.81967981553775,
        0.9762812094883317,
        0.8003905296791061,
        0.81967981553775,
        0.739509972887452,
        0.8838834764831844,
        0.81967981553775,
        0.9354143466934853,
        0.7905694150420949,
        0.8569568250501305,
        1.0,
        0.8003905296791061,
        0.9842509842514764
    ],
    [
        1.0968705484240153,
        0.8385254915624212,
        1.0825317547305484,
        1.0752906583803283,
        0.8660254037844386,
        0.81967981553775,
        0.8385254915624212,
        0.81967981553775,
        0.0,
        0.9519716382329886,
        1.125,
        0.9100137361600648,
        0.8385254915624212,
        0.7905694150420949,
        0.8926785535678563,
        0.7806247497997998,
        0.8385254915624212,
        0.9437293044088437,
        0.7905694150420949,
        0.7905694150420949,
        0.8100925873009825,
        0.8838834764831844,
        0.9437293044088437,
        0.8003905296791061,
        0.8569568250501305,
        0.82915619758885,
        1.0606601717798212,
        1.0532687216470449,
        0.7905694150420949,
        0.9185586535436918,
        0.8569568250501305,
        0.8926785535678563,
        0.7806247497997998,
        0.9013878188659973,
        1.0383279828647594,
        0.960143218483576,
        0.9270248108869579,
        0.8003905296791061,
        0.9437293044088437,
        0.8385254915624212,
        0.9437293044088437,
        0.8838834764831844,
        0.9354143466934853,
        0.8838834764831844,
        0.9185586535436918,
        0.7603453162872774,
        0.8477912478906585,
        1.0,
        0.7603453162872774,
        1.015504800579495
    ],
    [
        1.1726039399558574,
        0.8385254915624212,
        1.1524430571616109,
        1.1319231422671772,
        0.8838834764831844,
        0.875,
        0.739509972887452,
        0.8003905296791061,
        0.9519716382329886,
        0.0,
        1.0968705484240153,
        0.8477912478906585,
        0.81967981553775,
        0.8926785535678563,
        0.8569568250501305,
        0.82915619758885,
        0.8660254037844386,
        1.0077822185373186,
        0.8569568250501305,
        0.81967981553775,
        0.875,
        0.8003905296791061,
        0.8660254037844386,
        0.81967981553775,
        0.9354143466934853,
        0.7288689868556626,
        1.1110243021644486,
        0.9013878188659973,
        0.8477912478906585,
        0.9013878188659973,
        0.8926785535678563,
        0.875,
        0.7603453162872774,
        0.9762812094883317,
        1.0968705484240153,
        0.9682458365518543,
        0.8660254037844386,
        0.81967981553775,
        1.0077822185373186,
        0.739509972887452,
        0.9762812094883317,
        0.75,
        0.8926785535678563,
        0.8926785535678563,
        1.0077822185373186,
        0.82915619758885,
        0.9185586535436918,
        1.015504800579495,
        0.75,
        1.0825317547305484
    ],
    [
        1.541103500742244,
        1.0825317547305484,
        1.4842927608797396,
        1.3863170633011772,
        1.243734296383275,
        1.0458250331675945,
        1.103970108290981,
        1.1110243021644486,
        1.125,
        1.0968705484240153,
        0.0,
        1.0383279828647594,
        1.1319231422671772,
        1.1388041973930374,
        1.1110243021644486,
        1.0897247358851685,
        1.1319231422671772,
        1.2183492931011204,
        1.0968705484240153,
        1.2183492931011204,
        1.1858541225631423,
        1.2374368670764582,
        1.0458250331675945,
        1.1524430571616109,
        1.299038105676658,
        1.0752906583803283,
        1.4737282653189494,
        1.0458250331675945,
        1.340475661845451,
        1.165922381636102,
        0.9921567416492215,
        0.9437293044088437,
        1.125,
        1.375,
        1.4684175155588413,
        1.2374368670764582,
        1.1726039399558574,
        1.0825317547305484,
        1.0231690964840563,
        1.0968705484240153,
        1.1726039399558574,
        1.0307764064044151,
        1.25,
        1.103970108290981,
        1.3863170633011772,
        1.165922381636102,
        1.2686114456365274,
        1.1110243021644486,
        1.0825317547305484,
        1.4469796128487782
    ],
    [
        1.1319231422671772,
        0.770551750371122,
        1.103970108290981,
        1.125,
        0.8477912478906585,
        0.7905694150420949,
        0.81967981553775,
        0.82915619758885,
        0.9100137361600648,
        0.8477912478906585,
        1.0383279828647594,
        0.0,
        0.7806247497997998,
        0.8100925873009825,
        0.75,
        0.770551750371122,
        0.7905694150420949,
        0.960143218483576,
        0.7806247497997998,
        0.8477912478906585,
        0.8385254915624212,
        0.82915619758885,
        0.75,
        0.75,
        0.9100137361600648,
        0.739509972887452,
        1.0752906583803283,
        0.875,
        0.8003905296791061,
        0.8385254915624212,
        0.770551750371122,
        0.8926785535678563,
        0.75,
        0.8926785535678563,
        1.0606601717798212,
        0.9762812094883317,
        0.8660254037844386,
        0.7603453162872774,
        0.8926785535678563,
        0.81967981553775,
        0.9013878188659973,
        0.8477912478906585,
        0.8926785535678563,
        0.8100925873009825,
        1.015504800579495,
        0.81967981553775,
        0.8926785535678563,
        0.8477912478906585,
        0.8385254915624212,
        1.0307764064044151
    ],
    [
        0.9185586535436918,
        0.7603453162872774,
        0.875,
        0.9013878188659973,
        0.6373774391990981,
        0.7806247497997998,
        0.673145600891813,
        0.770551750371122,
        0.8385254915624212,
        0.81967981553775,
        1.1319231422671772,
        0.7806247497997998,
        0.0,
        0.6614378277661477,
        0.6614378277661477,
        0.649519052838329,
        0.6123724356957945,
        0.8569568250501305,
        0.6846531968814576,
        0.5994789404140899,
        0.649519052838329,
        0.5303300858899106,
        0.7905694150420949,
        0.649519052838329,
        0.6959705453537527,
        0.625,
        0.8385254915624212,
        0.875,
        0.5590169943749475,
        0.7288689868556626,
        0.7806247497997998,
        0.8385254915624212,
        0.6123724356957945,
        0.6846531968814576,
        0.81967981553775,
        0.8569568250501305,
        0.8477912478906585,
        0.7603453162872774,
        0.9762812094883317,
        0.7180703308172536,
        0.9519716382329886,
        0.7071067811865476,
        0.6959705453537527,
        0.673145600891813,
        0.7603453162872774,
        0.6614378277661477,
        0.673145600891813,
        0.9185586535436918,
        0.6959705453537527,
        0.81967981553775
    ],
    [
        0.8477912478906585,
        0.7180703308172536,
        0.81967981553775,
        0.770551750371122,
        0.57282196186948,
        0.7905694150420949,
        0.6959705453537527,
        0.7180703308172536,
        0.7905694150420949,
        0.8926785535678563,
        1.1388041973930374,
        0.8100925873009825,
        0.6614378277661477,
        0.0,
        0.6846531968814576,
        0.739509972887452,
        0.5863019699779287,
        0.8477912478906585,
        0.6373774391990981,
        0.5590169943749475,
        0.45069390943299864,
        0.649519052838329,
        0.9013878188659973,
        0.5,
        0.5590169943749475,
        0.6373774391990981,
        0.7905694150420949,
        1.0077822185373186,
        0.5153882032022076,
        0.7905694150420949,
        0.8100925873009825,
        0.9354143466934853,
        0.6846531968814576,
        0.6123724356957945,
        0.7603453162872774,
        0.8100925873009825,
        0.739509972887452,
        0.7288689868556626,
        0.9682458365518543,
        0.7071067811865476,
        0.8385254915624212,
        0.739509972887452,
        0.7180703308172536,
        0.7071067811865476,
        0.673145600891813,
        0.7180703308172536,
        0.6123724356957945,
        0.9354143466934853,
        0.6959705453537527,
        0.7603453162872774
    ],
    [
        0.9762812094883317,
        0.7603453162872774,
        0.875,
        0.9100137361600648,
        0.7071067811865476,
        0.7806247497997998,
        0.75,
        0.81967981553775,
        0.8926785535678563,
        0.8569568250501305,
        1.1110243021644486,
        0.75,
        0.6614378277661477,
        0.6846531968814576,
        0.0,
        0.673145600891813,
        0.649519052838329,
        0.960143218483576,
        0.5994789404140899,
        0.6959705453537527,
        0.7071067811865476,
        0.6846531968814576,
        0.7806247497997998,
        0.6614378277661477,
        0.739509972887452,
        0.5153882032022076,
        0.8477912478906585,
        0.8926785535678563,
        0.649519052838329,
        0.6959705453537527,
        0.6959705453537527,
        0.875,
        0.6123724356957945,
        0.673145600891813,
        0.8385254915624212,
        0.9100137361600648,
        0.81967981553775,
        0.8660254037844386,
        0.960143218483576,
        0.7180703308172536,
        0.9185586535436918,
        0.7603453162872774,
        0.6373774391990981,
        0.625,
        0.8100925873009825,
        0.7806247497997998,
        0.6959705453537527,
        0.9100137361600648,
        0.6959705453537527,
        0.8100925873009825
    ],
    [
        1.0307764064044151,
        0.8003905296791061,
        0.9921567416492215,
        1.0231690964840563,
        0.7180703308172536,
        0.8100925873009825,
        0.75,
        0.8100925873009825,
        0.7806247497997998,
        0.82915619758885,
        1.0897247358851685,
        0.770551750371122,
        0.649519052838329,
        0.739509972887452,
        0.673145600891813,
        0.0,
        0.6614378277661477,
        0.9437293044088437,
        0.649519052838329,
        0.6846531968814576,
        0.7071067811865476,
        0.7071067811865476,
        0.770551750371122,
        0.75,
        0.8100925873009825,
        0.6614378277661477,
        0.960143218483576,
        0.8660254037844386,
        0.6959705453537527,
        0.770551750371122,
        0.75,
        0.8477912478906585,
        0.673145600891813,
        0.7603453162872774,
        0.9437293044088437,
        0.875,
        0.770551750371122,
        0.8385254915624212,
        0.9270248108869579,
        0.6846531968814576,
        0.8660254037844386,
        0.7180703308172536,
        0.7603453162872774,
        0.6959705453537527,
        0.8477912478906585,
        0.673145600891813,
        0.7905694150420949,
        0.9100137361600648,
        0.7288689868556626,
        0.9100137361600648
    ],
    [
        0.8385254915624212,
        0.7180703308172536,
        0.770551750371122,
        0.770551750371122,
        0.5153882032022076,
        0.7288689868556626,
        0.6846531968814576,
        0.7071067811865476,
        0.8385254915624212,
        0.8660254037844386,
        1.1319231422671772,
        0.7905694150420949,
        0.6123724356957945,
        0.5863019699779287,
        0.649519052838329,
        0.6614378277661477,
        0.0,
        0.82915619758885,
        0.6123724356957945,
        0.5153882032022076,
        0.5303300858899106,
        0.6373774391990981,
        0.8926785535678563,
        0.5994789404140899,
        0.5863019699779287,
        0.6614378277661477,
        0.7288689868556626,
        0.9519716382329886,
        0.5863019699779287,
        0.7603453162872774,
        0.7288689868556626,
        0.9185586535436918,
        0.649519052838329,
        0.5303300858899106,
        0.7180703308172536,
        0.8003905296791061,
        0.7288689868556626,
        0.7603453162872774,
        0.9437293044088437,
        0.6846531968814576,
        0.8100925873009825,
        0.7288689868556626,
        0.6614378277661477,
        0.649519052838329,
        0.6846531968814576,
        0.7071067811865476,
        0.5994789404140899,
        0.9013878188659973,
        0.7071067811865476,
        0.6959705453537527
    ],
    [
        0.81967981553775,
        0.8838834764831844,
        1.0606601717798212,
        1.0752906583803283,
        0.8838834764831844,
        0.9270248108869579,
        0.875,
        0.9100137361600648,
        0.9437293044088437,
        1.0077822185373186,
        1.2183492931011204,
        0.960143218483576,
        0.8569568250501305,
        0.8477912478906585,
        0.960143218483576,
        0.9437293044088437,
        0.82915619758885,
        0.0,
        0.8926785535678563,
        0.8926785535678563,
        0.8477912478906585,
        0.9100137361600648,
        1.0532687216470449,
        0.8660254037844386,
        0.9185586535436918,
        0.8385254915624212,
        1.0307764064044151,
        1.0606601717798212,
        0.8385254915624212,
        1.0458250331675945,
        0.9682458365518543,
        1.0307764064044151,
        0.9100137361600648,
        0.8569568250501305,
        1.015504800579495,
        0.7905694150420949,
        0.9185586535436918,
        0.9354143466934853,
        1.0825317547305484,
        0.9185586535436918,
        0.9842509842514764,
        1.0,
        0.9762812094883317,
        0.9682458365518543,
        0.9354143466934853,
        0.960143218483576,
        0.9185586535436918,
        0.8569568250501305,
        0.9519716382329886,
        0.9762812094883317
    ],
    [
        0.9270248108869579,
        0.7603453162872774,
        0.8569568250501305,
        0.8385254915624212,
        0.649519052838329,
        0.7603453162872774,
        0.739509972887452,
        0.770551750371122,
        0.7905694150420949,
        0.8569568250501305,
        1.0968705484240153,
        0.7806247497997998,
        0.6846531968814576,
        0.6373774391990981,
        0.5994789404140899,
        0.649519052838329,
        0.6123724356957945,
        0.8926785535678563,
        0.0,
        0.5863019699779287,
        0.5994789404140899,
        0.6614378277661477,
        0.8003905296791061,
        0.649519052838329,
        0.6846531968814576,
        0.6123724356957945,
        0.82915619758885,
        0.9013878188659973,
        0.6373774391990981,
        0.739509972887452,
        0.739509972887452,
        0.8838834764831844,
        0.6614378277661477,
        0.6373774391990981,
        0.8100925873009825,
        0.82915619758885,
        0.739509972887452,
        0.8385254915624212,
        0.9354143466934853,
        0.6614378277661477,
        0.82915619758885,
        0.6959705453537527,
        0.6846531968814576,
        0.6123724356957945,
        0.7180703308172536,
        0.739509972887452,
        0.6373774391990981,
        0.8926785535678563,
        0.7180703308172536,
        0.7806247497997998
    ],
    [
        0.8003905296791061,
        0.7180703308172536,
        0.8003905296791061,
        0.8003905296791061,
        0.5,
        0.7603453162872774,
        0.6614378277661477,
        0.6614378277661477,
        0.7905694150420949,
        0.81967981553775,
        1.2183492931011204,
        0.8477912478906585,
        0.5994789404140899,
        0.5590169943749475,
        0.6959705453537527,
        0.6846531968814576,
        0.5153882032022076,
        0.8926785535678563,
        0.5863019699779287,
        0.0,
        0.4841229182759271,
        0.625,
        0.8569568250501305,
        0.5303300858899106,
        0.57282196186948,
        0.649519052838329,
        0.7603453162872774,
        0.9762812094883317,
        0.46770717334674267,
        0.8477912478906585,
        0.7905694150420949,
        0.9185586535436918,
        0.6614378277661477,
        0.5153882032022076,
        0.7288689868556626,
        0.739509972887452,
        0.770551750371122,
        0.7180703308172536,
        0.9842509842514764,
        0.7071067811865476,
        0.8100925873009825,
        0.739509972887452,
        0.6614378277661477,
        0.6846531968814576,
        0.5994789404140899,
        0.6959705453537527,
        0.57282196186948,
        0.9682458365518543,
        0.7071067811865476,
        0.7071067811865476
    ],
    [
        0.8385254915624212,
        0.739509972887452,
        0.770551750371122,
        0.7180703308172536,
        0.5590169943749475,
        0.7905694150420949,
        0.649519052838329,
        0.649519052838329,
        0.8100925873009825,
        0.875,
        1.1858541225631423,
        0.8385254915624212,
        0.649519052838329,
        0.45069390943299864,
        0.7071067811865476,
        0.7071067811865476,
        0.5303300858899106,
        0.8477912478906585,
        0.5994789404140899,
        0.4841229182759271,
        0.0,
        0.6123724356957945,
        0.9270248108869579,
        0.5153882032022076,
        0.57282196186948,
        0.6846531968814576,
        0.75,
        0.9842509842514764,
        0.46770717334674267,
        0.7806247497997998,
        0.7905694150420949,
        0.9519716382329886,
        0.6846531968814576,
        0.5863019699779287,
        0.739509972887452,
        0.8003905296791061,
        0.7288689868556626,
        0.75,
        1.0231690964840563,
        0.625,
        0.82915619758885,
        0.7071067811865476,
        0.739509972887452,
        0.6846531968814576,
        0.649519052838329,
        0.7071067811865476,
        0.5863019699779287,
        0.9185586535436918,
        0.6846531968814576,
        0.739509972887452
    ],
    [
        0.9100137361600648,
        0.739509972887452,
        0.82915619758885,
        0.875,
        0.5994789404140899,
        0.7806247497997998,
        0.6123724356957945,
        0.7905694150420949,
        0.8838834764831844,
        0.8003905296791061,
        1.2374368670764582,
        0.82915619758885,
        0.5303300858899106,
        0.649519052838329,
        0.6846531968814576,
        0.7071067811865476,
        0.6373774391990981,
        0.9100137361600648,
        0.6614378277661477,
        0.625,
        0.6123724356957945,
        0.0,
        0.875,
        0.6614378277661477,
        0.6846531968814576,
        0.7288689868556626,
        0.7905694150420949,
        0.9437293044088437,
        0.4841229182759271,
        0.75,
        0.82915619758885,
        0.9354143466934853,
        0.6123724356957945,
        0.6123724356957945,
        0.770551750371122,
        0.8003905296791061,
        0.81967981553775,
        0.7905694150420949,
        1.0383279828647594,
        0.6373774391990981,
        0.9185586535436918,
        0.75,
        0.6373774391990981,
        0.6959705453537527,
        0.739509972887452,
        0.6614378277661477,
        0.6123724356957945,
        0.9682458365518543,
        0.6614378277661477,
        0.770551750371122
    ],
    [
        1.2054563451241194,
        0.8660254037844386,
        1.14564392373896,
        1.159202311936963,
        0.9437293044088437,
        0.8100925873009825,
        0.8477912478906585,
        0.8838834764831844,
        0.9437293044088437,
        0.8660254037844386,
        1.0458250331675945,
        0.75,
        0.7905694150420949,
        0.9013878188659973,
        0.7806247497997998,
        0.770551750371122,
        0.8926785535678563,
        1.0532687216470449,
        0.8003905296791061,
        0.8569568250501305,
        0.9270248108869579,
        0.875,
        0.0,
        0.8660254037844386,
        1.0,
        0.7905694150420949,
        1.118033988749895,
        0.9185586535436918,
        0.8385254915624212,
        0.7806247497997998,
        0.81967981553775,
        0.8385254915624212,
        0.8100925873009825,
        0.9842509842514764,
        1.103970108290981,
        1.0077822185373186,
        0.9519716382329886,
        0.8926785535678563,
        0.9354143466934853,
        0.7806247497997998,
        0.9354143466934853,
        0.81967981553775,
        0.9100137361600648,
        0.8477912478906585,
        1.0752906583803283,
        0.8569568250501305,
        0.9437293044088437,
        0.9921567416492215,
        0.8003905296791061,
        1.0825317547305484
    ],
    [
        0.82915619758885,
        0.6846531968814576,
        0.82915619758885,
        0.7806247497997998,
        0.625,
        0.7288689868556626,
        0.6614378277661477,
        0.739509972887452,
        0.8003905296791061,
        0.81967981553775,
        1.1524430571616109,
        0.75,
        0.649519052838329,
        0.5,
        0.6614378277661477,
        0.75,
        0.5994789404140899,
        0.8660254037844386,
        0.649519052838329,
        0.5303300858899106,
        0.5153882032022076,
        0.6614378277661477,
        0.8660254037844386,
        0.0,
        0.5590169943749475,
        0.6123724356957945,
        0.7806247497997998,
        0.9519716382329886,
        0.5153882032022076,
        0.81967981553775,
        0.8100925873009825,
        0.9185586535436918,
        0.5863019699779287,
        0.57282196186948,
        0.7603453162872774,
        0.82915619758885,
        0.770551750371122,
        0.7180703308172536,
        0.9437293044088437,
        0.6959705453537527,
        0.81967981553775,
        0.6959705453537527,
        0.7071067811865476,
        0.673145600891813,
        0.6373774391990981,
        0.673145600891813,
        0.57282196186948,
        0.9354143466934853,
        0.6846531968814576,
        0.7603453162872774
    ],
    [
        0.6123724356957945,
        0.8003905296791061,
        0.5153882032022076,
        0.4841229182759271,
        0.5448623679425842,
        0.770551750371122,
        0.7603453162872774,
        0.8100925873009825,
        0.8569568250501305,
        0.9354143466934853,
        1.299038105676658,
        0.9100137361600648,
        0.6959705453537527,
        0.5590169943749475,
        0.739509972887452,
        0.8100925873009825,
        0.5863019699779287,
        0.9185586535436918,
        0.6846531968814576,
        0.57282196186948,
        0.57282196186948,
        0.6846531968814576,
        1.0,
        0.5590169943749475,
        0.0,
        0.739509972887452,
        0.5,
        1.0968705484240153,
        0.5863019699779287,
        0.9270248108869579,
        0.8838834764831844,
        1.0606601717798212,
        0.739509972887452,
        0.414578098794425,
        0.46770717334674267,
        0.8660254037844386,
        0.7603453162872774,
        0.8660254037844386,
        1.0752906583803283,
        0.7905694150420949,
        0.960143218483576,
        0.7905694150420949,
        0.625,
        0.649519052838329,
        0.375,
        0.7180703308172536,
        0.3535533905932738,
        1.0383279828647594,
        0.81967981553775,
        0.45069390943299864
    ],
    [
        0.9762812094883317,
        0.7905694150420949,
        0.9185586535436918,
        0.9100137361600648,
        0.739509972887452,
        0.7905694150420949,
        0.673145600891813,
        0.7905694150420949,
        0.82915619758885,
        0.7288689868556626,
        1.0752906583803283,
        0.739509972887452,
        0.625,
        0.6373774391990981,
        0.5153882032022076,
        0.6614378277661477,
        0.6614378277661477,
        0.8385254915624212,
        0.6123724356957945,
        0.649519052838329,
        0.6846531968814576,
        0.7288689868556626,
        0.7905694150420949,
        0.6123724356957945,
        0.739509972887452,
        0.0,
        0.8838834764831844,
        0.8385254915624212,
        0.5863019699779287,
        0.7071067811865476,
        0.7071067811865476,
        0.8569568250501305,
        0.6373774391990981,
        0.673145600891813,
        0.8569568250501305,
        0.8660254037844386,
        0.7806247497997998,
        0.8003905296791061,
        0.9100137361600648,
        0.7180703308172536,
        0.8838834764831844,
        0.7071067811865476,
        0.739509972887452,
        0.7071067811865476,
        0.7905694150420949,
        0.770551750371122,
        0.739509972887452,
        0.8838834764831844,
        0.673145600891813,
        0.8100925873009825
    ],
    [
        0.6123724356957945,
        0.9682458365518543,
        0.1767766952966369,
        0.414578098794425,
        0.6846531968814576,
        0.9185586535436918,
        0.9354143466934853,
        1.0077822185373186,
        1.0606601717798212,
        1.1110243021644486,
        1.4737282653189494,
        1.0752906583803283,
        0.8385254915624212,
        0.7905694150420949,
        0.8477912478906585,
        0.960143218483576,
        0.7288689868556626,
        1.0307764064044151,
        0.82915619758885,
        0.7603453162872774,
        0.75,
        0.7905694150420949,
        1.118033988749895,
        0.7806247497997998,
        0.5,
        0.8838834764831844,
        0.0,
        1.192424001771182,
        0.6959705453537527,
        1.0606601717798212,
        1.0458250331675945,
        1.1989578808281798,
        0.8926785535678563,
        0.5,
        0.125,
        1.015504800579495,
        0.8926785535678563,
        1.0532687216470449,
        1.231107225224513,
        0.9519716382329886,
        1.1524430571616109,
        0.9437293044088437,
        0.6614378277661477,
        0.8100925873009825,
        0.375,
        0.9354143466934853,
        0.5,
        1.1792476415070754,
        0.9270248108869579,
        0.25
    ],
    [
        1.3228756555322954,
        0.9270248108869579,
        1.2183492931011204,
        1.224744871391589,
        1.015504800579495,
        0.9519716382329886,
        0.8569568250501305,
        0.9270248108869579,
        1.0532687216470449,
        0.9013878188659973,
        1.0458250331675945,
        0.875,
        0.875,
        1.0077822185373186,
        0.8926785535678563,
        0.8660254037844386,
        0.9519716382329886,
        1.0606601717798212,
        0.9013878188659973,
        0.9762812094883317,
        0.9842509842514764,
        0.9437293044088437,
        0.9185586535436918,
        0.9519716382329886,
        1.0968705484240153,
        0.8385254915624212,
        1.192424001771182,
        0.0,
        0.9762812094883317,
        0.9437293044088437,
        0.875,
        0.8569568250501305,
        0.9013878188659973,
        1.0897247358851685,
        1.1858541225631423,
        1.0968705484240153,
        0.960143218483576,
        0.9682458365518543,
        0.9682458365518543,
        0.8926785535678563,
        1.0752906583803283,
        0.82915619758885,
        0.960143218483576,
        0.9270248108869579,
        1.0897247358851685,
        0.9185586535436918,
        1.0606601717798212,
        0.9682458365518543,
        0.8385254915624212,
        1.1792476415070754
    ],
    [
        0.8003905296791061,
        0.7180703308172536,
        0.7180703308172536,
        0.739509972887452,
        0.5590169943749475,
        0.8477912478906585,
        0.6614378277661477,
        0.7180703308172536,
        0.7905694150420949,
        0.8477912478906585,
        1.340475661845451,
        0.8003905296791061,
        0.5590169943749475,
        0.5153882032022076,
        0.649519052838329,
        0.6959705453537527,
        0.5863019699779287,
        0.8385254915624212,
        0.6373774391990981,
        0.46770717334674267,
        0.46770717334674267,
        0.4841229182759271,
        0.8385254915624212,
        0.5153882032022076,
        0.5863019699779287,
        0.5863019699779287,
        0.6959705453537527,
        0.9762812094883317,
        0.0,
        0.75,
        0.8100925873009825,
        0.9519716382329886,
        0.57282196186948,
        0.4841229182759271,
        0.6846531968814576,
        0.7806247497997998,
        0.8569568250501305,
        0.739509972887452,
        1.0680004681646913,
        0.649519052838329,
        0.8569568250501305,
        0.7180703308172536,
        0.6959705453537527,
        0.7180703308172536,
        0.625,
        0.6959705453537527,
        0.5448623679425842,
        0.9682458365518543,
        0.6373774391990981,
        0.6614378277661477
    ],
    [
        1.118033988749895,
        0.81967981553775,
        1.0897247358851685,
        1.118033988749895,
        0.8569568250501305,
        0.82915619758885,
        0.81967981553775,
        0.8385254915624212,
        0.9185586535436918,
        0.9013878188659973,
        1.165922381636102,
        0.8385254915624212,
        0.7288689868556626,
        0.7905694150420949,
        0.6959705453537527,
        0.770551750371122,
        0.7603453162872774,
        1.0458250331675945,
        0.739509972887452,
        0.8477912478906585,
        0.7806247497997998,
        0.75,
        0.7806247497997998,
        0.81967981553775,
        0.9270248108869579,
        0.7071067811865476,
        1.0606601717798212,
        0.9437293044088437,
        0.75,
        0.0,
        0.82915619758885,
        0.8477912478906585,
        0.6959705453537527,
        0.8838834764831844,
        1.0383279828647594,
        0.9519716382329886,
        0.9013878188659973,
        0.8477912478906585,
        0.960143218483576,
        0.7603453162872774,
        0.9519716382329886,
        0.8569568250501305,
        0.8477912478906585,
