[
    [
        0.0,
        1.322875655532295,
        0.19066211164341632,
        0.576981943621554,
        0.7634842259439982,
        1.0522085616183028,
        0.7468044166545175,
        0.9677517074885165,
        1.1789772028745762,
        1.2918060052120988,
        1.125,
        1.1354390951413955,
        0.9180377810019255,
        0.9042134929408688,
        1.2581367824148955,
        0.9487841306275165,
        0.8994400185330734,
        1.1581014547922117,
        0.9049185328085663,
        0.771792242320511,
        0.773649250801231,
        0.887843063904004,
        0.9767347495482368,
        0.9314858111246412,
        0.5203143672976238,
        0.9710411517373232,
        0.3813242232868326,
        1.269993170478182,
        0.5619299832919125,
        1.0150336779373084,
        0.9481117108898778,
        0.9086110166577539,
        0.9189057378763291,
        0.5047605008965204,
        0.3138999255579812,
        0.9710805574099362,
        0.7382152360212281,
        1.1624986284828425,
        1.19226056748136,
        1.2456557161853776,
        1.0742522316210739,
        1.140483025131126,
        0.7814413031086096,
        1.0085729461744957,
        0.6162654973834785,
        0.946597020049898,
        0.5632789391281252,
        1.1711073165763994,
        1.09846832137355,
        0.2593899829702491
    ],
    [
        1.322875655532295,
        0.0,
        1.1792476415070754,
        1.1319231422671772,
        0.81967981553775,
        0.7603453162872774,
        0.9185586535436918,
        0.8003905296791061,
        0.7603453162872774,
        0.8154753215150046,
        0.8506075259867538,
        0.770551750371122,
        0.739509972887452,
        0.8003905296791061,
        0.75,
        0.82915619758885,
        0.770551750371122,
        0.7603453162872774,
        0.8477912478906585,
        0.81967981553775,
        0.81967981553775,
        0.8100925873009825,
        0.8175590362645243,
        0.9437293044088437,
        0.9185586535436918,
        0.7806247497997998,
        1.0231690964840563,
        0.82915619758885,
        0.9006941767325911,
        0.7905694150420949,
        0.8569568250501305,
        1.015504800579495,
        0.739509972887452,
        0.9185586535436918,
        1.0968705484240153,
        0.852936105461599,
        0.9921567416492215,
        0.770551750371122,
        0.9363418772601764,
        0.7603453162872774,
        0.9437293044088437,
        0.739509972887452,
        0.9437293044088437,
        0.8569568250501305,
        0.9354143466934853,
        0.82915619758885,
        0.9270248108869579,
        0.8569568250501305,
        0.75,
        1.1319231422671772
    ],
    [
        0.19066211164341632,
        1.1792476415070754,
        0.0,
        0.4841229182759271,
        0.649519052838329,
        0.9842509842514764,
        0.57282196186948,
        0.82915619758885,
        1.0307764064044151,
        1.1219402836158439,
        1.091917196157889,
        0.9682458365518543,
        0.8100925873009825,
        0.7905694150420949,
        1.14564392373896,
        0.8385254915624212,
        0.8100925873009825,
        0.9519716382329886,
        0.82915619758885,
        0.7905694150420949,
        0.673145600891813,
        0.7180703308172536,
        0.8907315969346646,
        0.9437293044088437,
        0.46770717334674267,
        0.8660254037844386,
        0.2795084971874737,
        1.1388041973930374,
        0.5528336096873995,
        0.9100137361600648,
        0.770551750371122,
        0.9100137361600648,
        0.7905694150420949,
        0.4330127018922193,
        0.1767766952966369,
        0.9646890690787369,
        0.5863019699779287,
        1.0680004681646913,
        1.1733439866940603,
        1.0968705484240153,
        1.0383279828647594,
        1.0825317547305484,
        0.5994789404140899,
        0.9013878188659973,
        0.5153882032022076,
        0.8385254915624212,
        0.46770717334674267,
        1.0307764064044151,
        0.9270248108869579,
        0.125
    ],
    [
        0.576981943621554,
        1.1319231422671772,
        0.4841229182759271,
        0.0,
        0.5994789404140899,
        0.8838834764831844,
        0.414578098794425,
        0.7288689868556626,
        0.9270248108869579,
        1.0043654713300334,
        0.9945643082603086,
        0.9100137361600648,
        0.739509972887452,
        0.5994789404140899,
        0.9921567416492215,
        0.7603453162872774,
        0.7071067811865476,
        0.8838834764831844,
        0.6373774391990981,
        0.649519052838329,
        0.5448623679425842,
        0.6614378277661477,
        0.8730136183232068,
        0.8100925873009825,
        0.39528470752104744,
        0.7071067811865476,
        0.39528470752104744,
        1.1110243021644486,
        0.4930770730829005,
        0.8477912478906585,
        0.7180703308172536,
        0.8003905296791061,
        0.7180703308172536,
        0.4841229182759271,
        0.3535533905932738,
        0.8058380730643099,
        0.5994789404140899,
        0.9100137361600648,
        1.1599509089229212,
        0.9682458365518543,
        0.8100925873009825,
        0.9437293044088437,
        0.649519052838329,
        0.770551750371122,
        0.45069390943299864,
        0.7180703308172536,
        0.414578098794425,
        0.9270248108869579,
        0.8100925873009825,
        0.39528470752104744
    ],
    [
        0.7634842259439982,
        0.81967981553775,
        0.649519052838329,
        0.5994789404140899,
        0.0,
        0.673145600891813,
        0.5,
        0.4841229182759271,
        0.6614378277661477,
        0.796084166404533,
        0.9544805724923405,
        0.7071067811865476,
        0.46770717334674267,
        0.414578098794425,
        0.8003905296791061,
        0.5303300858899106,
        0.4841229182759271,
        0.5863019699779287,
        0.4841229182759271,
        0.4330127018922193,
        0.39528470752104744,
        0.39528470752104744,
        0.7046472718869902,
        0.673145600891813,
        0.4330127018922193,
        0.5153882032022076,
        0.5,
        0.9270248108869579,
        0.406201920231798,
        0.6614378277661477,
        0.5153882032022076,
        0.8003905296791061,
        0.5153882032022076,
        0.39528470752104744,
        0.57282196186948,
        0.5385164807134504,
        0.5448623679425842,
        0.673145600891813,
        0.9930312739844155,
        0.673145600891813,
        0.6373774391990981,
        0.6123724356957945,
        0.649519052838329,
        0.5153882032022076,
        0.414578098794425,
        0.46770717334674267,
        0.4330127018922193,
        0.7603453162872774,
        0.6373774391990981,
        0.6123724356957945
    ],
    [
        1.0522085616183028,
        0.7603453162872774,
        0.9842509842514764,
        0.8838834764831844,
        0.673145600891813,
        0.0,
        0.75,
        0.6846531968814576,
        0.7180703308172536,
        0.7745966692414834,
        0.7959960388579524,
        0.649519052838329,
        0.6846531968814576,
        0.7071067811865476,
        0.7905694150420949,
        0.7071067811865476,
        0.6373774391990981,
        0.673145600891813,
        0.6614378277661477,
        0.6959705453537527,
        0.7071067811865476,
        0.673145600891813,
        0.705878097754059,
        0.81967981553775,
        0.8003905296791061,
        0.6373774391990981,
        0.8660254037844386,
        0.8003905296791061,
        0.7369701486491838,
        0.739509972887452,
        0.6959705453537527,
        0.8660254037844386,
        0.673145600891813,
        0.7905694150420949,
        0.9185586535436918,
        0.6543126164151201,
        0.7603453162872774,
        0.649519052838329,
        0.8457409637576849,
        0.673145600891813,
        0.770551750371122,
        0.6846531968814576,
        0.8569568250501305,
        0.6614378277661477,
        0.770551750371122,
        0.6846531968814576,
        0.770551750371122,
        0.6959705453537527,
        0.6614378277661477,
        0.9437293044088437
    ],
    [
        0.7468044166545175,
        0.9185586535436918,
        0.57282196186948,
        0.414578098794425,
        0.5,
        0.75,
        0.0,
        0.6123724356957945,
        0.7288689868556626,
        0.7862092596758194,
        0.8865851133790292,
        0.7603453162872774,
        0.5448623679425842,
        0.4841229182759271,
        0.8100925873009825,
        0.625,
        0.5590169943749475,
        0.673145600891813,
        0.5448623679425842,
        0.5153882032022076,
        0.4841229182759271,
        0.45069390943299864,
        0.6821127309893709,
        0.6614378277661477,
        0.33071891388307384,
        0.4841229182759271,
        0.4330127018922193,
        0.9185586535436918,
        0.4315669125408017,
        0.6959705453537527,
        0.57282196186948,
        0.7071067811865476,
        0.5590169943749475,
        0.375,
        0.5,
        0.6562202374203343,
        0.45069390943299864,
        0.739509972887452,
        0.9930312739844155,
        0.75,
        0.739509972887452,
        0.7603453162872774,
        0.4841229182759271,
        0.6373774391990981,
        0.33071891388307384,
        0.57282196186948,
        0.4330127018922193,
        0.8003905296791061,
        0.6123724356957945,
        0.5303300858899106
    ],
    [
        0.9677517074885165,
        0.8003905296791061,
        0.82915619758885,
        0.7288689868556626,
        0.4841229182759271,
        0.6846531968814576,
        0.6123724356957945,
        0.0,
        0.5303300858899106,
        0.7660776723022281,
        0.8597430798007659,
        0.6959705453537527,
        0.5590169943749475,
        0.5303300858899106,
        0.8385254915624212,
        0.6614378277661477,
        0.5590169943749475,
        0.649519052838329,
        0.6123724356957945,
        0.57282196186948,
        0.5448623679425842,
        0.5994789404140899,
        0.6468406123441677,
        0.739509972887452,
        0.57282196186948,
        0.6123724356957945,
        0.7071067811865476,
        0.8926785535678563,
        0.5689903338370521,
        0.7180703308172536,
        0.6373774391990981,
        0.81967981553775,
        0.625,
        0.649519052838329,
        0.7806247497997998,
        0.5937171043518958,
        0.625,
        0.649519052838329,
        0.9195031871130797,
        0.673145600891813,
        0.5590169943749475,
        0.5994789404140899,
        0.7603453162872774,
        0.625,
        0.625,
        0.5590169943749475,
        0.6373774391990981,
        0.75,
        0.6373774391990981,
        0.8003905296791061
    ],
    [
        1.1789772028745762,
        0.7603453162872774,
        1.0307764064044151,
        0.9270248108869579,
        0.6614378277661477,
        0.7180703308172536,
        0.7288689868556626,
        0.5303300858899106,
        0.0,
        0.8250000000000001,
        0.8033729913715709,
        0.739509972887452,
        0.7180703308172536,
        0.6373774391990981,
        0.8003905296791061,
        0.7071067811865476,
        0.5994789404140899,
        0.6614378277661477,
        0.6846531968814576,
        0.673145600891813,
        0.6373774391990981,
        0.7180703308172536,
        0.7252872993970504,
        0.82915619758885,
        0.7288689868556626,
        0.7180703308172536,
        0.8660254037844386,
        0.9185586535436918,
        0.6950719387228922,
        0.770551750371122,
        0.649519052838329,
        0.875,
        0.6123724356957945,
        0.7806247497997998,
        0.9437293044088437,
        0.6562202374203343,
        0.7603453162872774,
        0.649519052838329,
        0.9446486707295528,
        0.6846531968814576,
        0.6959705453537527,
        0.6846531968814576,
        0.8569568250501305,
        0.7288689868556626,
        0.7603453162872774,
        0.5994789404140899,
        0.770551750371122,
        0.739509972887452,
        0.5994789404140899,
        0.9842509842514764
    ],
    [
        1.2918060052120988,
        0.8154753215150046,
        1.1219402836158439,
        1.0043654713300334,
        0.796084166404533,
        0.7745966692414834,
        0.7862092596758194,
        0.7660776723022281,
        0.8250000000000001,
        0.0,
        0.8311229187806393,
        0.7660776723022281,
        0.7348469228349535,
        0.8344159634139319,
        0.7454025757937788,
        0.7558108228915488,
        0.7992183681572891,
        0.8058380730643099,
        0.7762087348130012,
        0.7411983540186797,
        0.8344159634139319,
        0.7862092596758194,
        0.7003471361482898,
        0.7782191208136691,
        0.8975661535508122,
        0.6680194607943694,
        0.972753822917186,
        0.7877975628294365,
        0.81967981553775,
        0.8250000000000001,
        0.8150920193450553,
        0.8173891362135908,
        0.6581223290544091,
        0.8975661535508122,
        1.0425329730996522,
        0.7905694150420949,
        0.8154753215150046,
        0.7595228765481656,
        0.8715806203546392,
        0.7660776723022281,
        0.879630604287959,
        0.7132671308843553,
        0.8958236433584459,
        0.7862092596758194,
        0.8799857953399021,
        0.7454025757937788,
        0.9148087231765993,
        0.7741931283601011,
        0.702228595259407,
        1.0720890821195783
    ],
    [
        1.125,
        0.8506075259867538,
        1.091917196157889,
        0.9945643082603086,
        0.9544805724923405,
        0.7959960388579524,
        0.8865851133790292,
        0.8597430798007659,
        0.8033729913715709,
        0.8311229187806393,
        0.0,
        0.753393682490321,
        0.8413727849564104,
        0.8033729913715709,
        0.8506075259867538,
        0.8130394598451579,
        0.8079247161331157,
        0.7636930278693963,
        0.7935887872603204,
        0.8636287349531248,
        0.8777289805317505,
        0.8687825753692958,
        0.7655234007510845,
        0.8676807580897388,
        0.9544805724923405,
        0.8130394598451579,
        1.0330939760086233,
        0.7810331331653227,
        0.9031972686641878,
        0.8413727849564104,
        0.7213932098830056,
        0.8400452490242196,
        0.8104861227078727,
        0.9866778416815217,
        1.055536907580832,
        0.8121054772149052,
        0.9126380242271884,
        0.793789670389031,
        0.8707582641861782,
        0.8413727849564104,
        0.9126380242271884,
        0.7636930278693963,
        0.8840638424633259,
        0.8597430798007659,
        0.9866778416815217,
        0.8597430798007659,
        0.9211585983234951,
        0.729524936279125,
        0.7836824377675604,
        1.0702374331265498
    ],
    [
        1.1354390951413955,
        0.770551750371122,
        0.9682458365518543,
        0.9100137361600648,
        0.7071067811865476,
        0.649519052838329,
        0.7603453162872774,
        0.6959705453537527,
        0.739509972887452,
        0.7660776723022281,
        0.753393682490321,
        0.0,
        0.5994789404140899,
        0.673145600891813,
        0.7071067811865476,
        0.57282196186948,
        0.6373774391990981,
        0.6846531968814576,
        0.5994789404140899,
        0.7180703308172536,
        0.673145600891813,
        0.649519052838329,
        0.6095307849303248,
        0.770551750371122,
        0.7603453162872774,
        0.57282196186948,
        0.82915619758885,
        0.7180703308172536,
        0.7491662031885848,
        0.6614378277661477,
        0.649519052838329,
        0.82915619758885,
        0.625,
        0.75,
        0.9100137361600648,
        0.6796138609534094,
        0.7288689868556626,
        0.649519052838329,
        0.8488145328109735,
        0.6614378277661477,
        0.7071067811865476,
        0.6614378277661477,
        0.7603453162872774,
        0.649519052838329,
        0.7806247497997998,
        0.7071067811865476,
        0.75,
        0.57282196186948,
        0.649519052838329,
        0.9354143466934853
    ],
    [
        0.9180377810019255,
        0.739509972887452,
        0.8100925873009825,
        0.739509972887452,
        0.46770717334674267,
        0.6846531968814576,
        0.5448623679425842,
        0.5590169943749475,
        0.7180703308172536,
        0.7348469228349535,
        0.8413727849564104,
        0.5994789404140899,
        0.0,
        0.5590169943749475,
        0.7071067811865476,
        0.5303300858899106,
        0.5303300858899106,
        0.6614378277661477,
        0.5590169943749475,
        0.5303300858899106,
        0.5153882032022076,
        0.5153882032022076,
        0.6972166887783964,
        0.7603453162872774,
        0.57282196186948,
        0.4841229182759271,
        0.649519052838329,
        0.7905694150420949,
        0.5667892024377317,
        0.673145600891813,
        0.57282196186948,
        0.8003905296791061,
        0.46770717334674267,
        0.5448623679425842,
        0.7288689868556626,
        0.6562202374203343,
        0.649519052838329,
        0.6614378277661477,
        0.9930312739844155,
        0.6614378277661477,
        0.739509972887452,
        0.6614378277661477,
        0.673145600891813,
        0.5590169943749475,
        0.5590169943749475,
        0.5,
        0.5994789404140899,
        0.7288689868556626,
        0.5994789404140899,
        0.7603453162872774
    ],
    [
        0.9042134929408688,
        0.8003905296791061,
        0.7905694150420949,
        0.5994789404140899,
        0.414578098794425,
        0.7071067811865476,
        0.4841229182759271,
        0.5303300858899106,
        0.6373774391990981,
        0.8344159634139319,
        0.8033729913715709,
        0.673145600891813,
        0.5590169943749475,
        0.0,
        0.8003905296791061,
        0.5994789404140899,
        0.46770717334674267,
        0.5863019699779287,
        0.5,
        0.5153882032022076,
        0.33071891388307384,
        0.5303300858899106,
        0.6222160217945033,
        0.6373774391990981,
        0.45069390943299864,
        0.5153882032022076,
        0.625,
        0.960143218483576,
        0.4663689526544407,
        0.5994789404140899,
        0.5994789404140899,
        0.7603453162872774,
        0.57282196186948,
        0.5153882032022076,
        0.6846531968814576,
        0.5937171043518958,
        0.5863019699779287,
        0.6614378277661477,
        0.9023503261544882,
        0.6614378277661477,
        0.673145600891813,
        0.649519052838329,
        0.673145600891813,
        0.649519052838329,
        0.5,
        0.5590169943749475,
        0.5303300858899106,
        0.7180703308172536,
        0.57282196186948,
        0.7180703308172536
    ],
    [
        1.2581367824148955,
        0.75,
        1.14564392373896,
        0.9921567416492215,
        0.8003905296791061,
        0.7905694150420949,
        0.8100925873009825,
        0.8385254915624212,
        0.8003905296791061,
        0.7454025757937788,
        0.8506075259867538,
        0.7071067811865476,
        0.7071067811865476,
        0.8003905296791061,
        0.0,
        0.6846531968814576,
        0.770551750371122,
        0.8100925873009825,
        0.6846531968814576,
        0.82915619758885,
        0.8003905296791061,
        0.7180703308172536,
        0.7883703303510209,
        0.9270248108869579,
        0.8926785535678563,
        0.625,
        0.9354143466934853,
        0.7603453162872774,
        0.8620469824783334,
        0.6614378277661477,
        0.7288689868556626,
        0.9100137361600648,
        0.6959705453537527,
        0.8385254915624212,
        1.0383279828647594,
        0.8058380730643099,
        0.8660254037844386,
        0.8100925873009825,
        1.016359243137539,
        0.739509972887452,
        0.8385254915624212,
        0.75,
        0.8569568250501305,
        0.6846531968814576,
        0.8569568250501305,
        0.739509972887452,
        0.8838834764831844,
        0.6959705453537527,
        0.7180703308172536,
        1.0897247358851685
    ],
    [
        0.9487841306275165,
        0.82915619758885,
        0.8385254915624212,
        0.7603453162872774,
        0.5303300858899106,
        0.7071067811865476,
        0.625,
        0.6614378277661477,
        0.7071067811865476,
        0.7558108228915488,
        0.8130394598451579,
        0.57282196186948,
        0.5303300858899106,
        0.5994789404140899,
        0.6846531968814576,
        0.0,
        0.5590169943749475,
        0.6373774391990981,
        0.46770717334674267,
        0.57282196186948,
        0.5448623679425842,
        0.5,
        0.5270462766947299,
        0.7905694150420949,
        0.5863019699779287,
        0.5448623679425842,
        0.6614378277661477,
        0.7806247497997998,
        0.6319612329882269,
        0.5590169943749475,
        0.5590169943749475,
        0.7603453162872774,
        0.5590169943749475,
        0.5590169943749475,
        0.7288689868556626,
        0.580409338312195,
        0.57282196186948,
        0.7288689868556626,
        0.9023503261544882,
        0.673145600891813,
        0.7288689868556626,
        0.649519052838329,
        0.5863019699779287,
        0.5448623679425842,
        0.625,
        0.5303300858899106,
        0.6373774391990981,
        0.6123724356957945,
        0.673145600891813,
        0.75
    ],
    [
        0.8994400185330734,
        0.770551750371122,
        0.8100925873009825,
        0.7071067811865476,
        0.4841229182759271,
        0.6373774391990981,
        0.5590169943749475,
        0.5590169943749475,
        0.5994789404140899,
        0.7992183681572891,
        0.8079247161331157,
        0.6373774391990981,
        0.5303300858899106,
        0.46770717334674267,
        0.770551750371122,
        0.5590169943749475,
        0.0,
        0.5994789404140899,
        0.57282196186948,
        0.5,
        0.45069390943299864,
        0.45069390943299864,
        0.5743353646704259,
        0.6123724356957945,
        0.5448623679425842,
        0.5303300858899106,
        0.6373774391990981,
        0.8477912478906585,
        0.448608961123159,
        0.5863019699779287,
        0.57282196186948,
        0.7180703308172536,
        0.5153882032022076,
        0.5590169943749475,
        0.7180703308172536,
        0.5356071321407138,
        0.673145600891813,
        0.673145600891813,
        0.768295371441074,
        0.6373774391990981,
        0.6846531968814576,
        0.6373774391990981,
        0.6123724356957945,
        0.625,
        0.5863019699779287,
        0.5303300858899106,
        0.5994789404140899,
        0.57282196186948,
        0.5863019699779287,
        0.7603453162872774
    ],
    [
        1.1581014547922117,
        0.7603453162872774,
        0.9519716382329886,
        0.8838834764831844,
        0.5863019699779287,
        0.673145600891813,
        0.673145600891813,
        0.649519052838329,
        0.6614378277661477,
        0.8058380730643099,
        0.7636930278693963,
        0.6846531968814576,
        0.6614378277661477,
        0.5863019699779287,
        0.8100925873009825,
        0.6373774391990981,
        0.5994789404140899,
        0.0,
        0.5994789404140899,
        0.649519052838329,
        0.5153882032022076,
        0.625,
        0.6705615391429617,
        0.7905694150420949,
        0.6959705453537527,
        0.6123724356957945,
        0.7806247497997998,
        0.8385254915624212,
        0.6604922406811453,
        0.7288689868556626,
        0.7071067811865476,
        0.875,
        0.6123724356957945,
        0.6846531968814576,
        0.8660254037844386,
        0.702228595259407,
        0.7288689868556626,
        0.7071067811865476,
        0.8848650242331376,
        0.6846531968814576,
        0.7603453162872774,
        0.7288689868556626,
        0.8003905296791061,
        0.7288689868556626,
        0.6614378277661477,
        0.649519052838329,
        0.7071067811865476,
        0.75,
        0.7071067811865476,
        0.9100137361600648
    ],
    [
        0.9049185328085663,
        0.8477912478906585,
        0.82915619758885,
        0.6373774391990981,
        0.4841229182759271,
        0.6614378277661477,
        0.5448623679425842,
        0.6123724356957945,
        0.6846531968814576,
        0.7762087348130012,
        0.7935887872603204,
        0.5994789404140899,
        0.5590169943749475,
        0.5,
        0.6846531968814576,
        0.46770717334674267,
        0.57282196186948,
        0.5994789404140899,
        0.0,
        0.5303300858899106,
        0.46770717334674267,
        0.5,
        0.5773502691896258,
        0.7071067811865476,
        0.5448623679425842,
        0.46770717334674267,
        0.6373774391990981,
        0.8003905296791061,
        0.5086747487343951,
        0.46770717334674267,
        0.5,
        0.75,
        0.5303300858899106,
        0.5303300858899106,
        0.7071067811865476,
        0.6194755846681933,
        0.5994789404140899,
        0.739509972887452,
        0.952883052169106,
        0.6373774391990981,
        0.6373774391990981,
        0.625,
        0.5994789404140899,
        0.46770717334674267,
        0.5448623679425842,
        0.5863019699779287,
        0.5303300858899106,
        0.649519052838329,
        0.6373774391990981,
        0.75
    ],
    [
        0.771792242320511,
        0.81967981553775,
        0.7905694150420949,
        0.649519052838329,
        0.4330127018922193,
        0.6959705453537527,
        0.5153882032022076,
        0.57282196186948,
        0.673145600891813,
        0.7411983540186797,
        0.8636287349531248,
        0.7180703308172536,
        0.5303300858899106,
        0.5153882032022076,
        0.82915619758885,
        0.57282196186948,
        0.5,
        0.649519052838329,
        0.5303300858899106,
        0.0,
        0.4841229182759271,
        0.5448623679425842,
        0.551198189805123,
        0.4841229182759271,
        0.4841229182759271,
        0.5303300858899106,
        0.5994789404140899,
        0.9100137361600648,
        0.3570714214271425,
        0.6846531968814576,
        0.5863019699779287,
        0.6123724356957945,
        0.5,
        0.4841229182759271,
        0.6959705453537527,
        0.5178078794301995,
        0.6123724356957945,
        0.6846531968814576,
        0.8518770125108697,
        0.75,
        0.6614378277661477,
        0.7071067811865476,
        0.6123724356957945,
        0.57282196186948,
        0.46770717334674267,
        0.5590169943749475,
        0.5303300858899106,
        0.6846531968814576,
        0.673145600891813,
        0.739509972887452
    ],
    [
        0.773649250801231,
        0.81967981553775,
        0.673145600891813,
        0.5448623679425842,
        0.39528470752104744,
        0.7071067811865476,
        0.4841229182759271,
        0.5448623679425842,
        0.6373774391990981,
        0.8344159634139319,
        0.8777289805317505,
        0.673145600891813,
        0.5153882032022076,
        0.33071891388307384,
        0.8003905296791061,
        0.5448623679425842,
        0.45069390943299864,
        0.5153882032022076,
        0.46770717334674267,
        0.4841229182759271,
        0.0,
        0.414578098794425,
        0.6561673228343176,
        0.649519052838329,
        0.45069390943299864,
        0.5,
        0.57282196186948,
        0.9437293044088437,
        0.44300112866673375,
        0.57282196186948,
        0.5994789404140899,
        0.7905694150420949,
        0.5153882032022076,
        0.4841229182759271,
        0.6123724356957945,
        0.5385164807134504,
        0.5590169943749475,
        0.6846531968814576,
        0.9691419458010839,
        0.625,
        0.6614378277661477,
        0.649519052838329,
        0.6123724356957945,
        0.6123724356957945,
        0.45069390943299864,
        0.5153882032022076,
        0.4841229182759271,
        0.6959705453537527,
        0.5863019699779287,
        0.625
    ],
    [
        0.887843063904004,
        0.8100925873009825,
        0.7180703308172536,
        0.6614378277661477,
        0.39528470752104744,
        0.673145600891813,
        0.45069390943299864,
        0.5994789404140899,
        0.7180703308172536,
        0.7862092596758194,
        0.8687825753692958,
        0.649519052838329,
        0.5153882032022076,
        0.5303300858899106,
        0.7180703308172536,
        0.5,
        0.45069390943299864,
        0.625,
        0.5,
        0.5448623679425842,
        0.414578098794425,
        0.0,
        0.6263873490988712,
        0.7288689868556626,
        0.5153882032022076,
        0.5303300858899106,
        0.5,
        0.8477912478906585,
        0.44300112866673375,
        0.5994789404140899,
        0.5303300858899106,
        0.770551750371122,
        0.46770717334674267,
        0.375,
        0.5863019699779287,
        0.6067330549755798,
        0.5448623679425842,
        0.739509972887452,
        0.9455671431591848,
        0.625,
        0.6614378277661477,
        0.673145600891813,
        0.5303300858899106,
        0.5448623679425842,
        0.45069390943299864,
        0.5,
        0.46770717334674267,
        0.739509972887452,
        0.5448623679425842,
        0.6373774391990981
    ],
    [
        0.9767347495482368,
        0.8175590362645243,
        0.8907315969346646,
        0.8730136183232068,
        0.7046472718869902,
        0.705878097754059,
        0.6821127309893709,
        0.6468406123441677,
        0.7252872993970504,
        0.7003471361482898,
        0.7655234007510845,
        0.6095307849303248,
        0.6972166887783964,
        0.6222160217945033,
        0.7883703303510209,
        0.5270462766947299,
        0.5743353646704259,
        0.6705615391429617,
        0.5773502691896258,
        0.551198189805123,
        0.6561673228343176,
        0.6263873490988712,
        0.0,
        0.6508541396588879,
        0.7156485015549029,
        0.5833333333333334,
        0.8175590362645243,
        0.7580585582775105,
        0.6045544732372022,
        0.5697830971323893,
        0.6095307849303248,
        0.6846531968814576,
        0.5559026693385972,
        0.7580585582775105,
        0.8730136183232068,
        0.6173419725817378,
        0.7371585838730889,
        0.7580585582775105,
        0.7783975705112252,
        0.6833841444523636,
        0.7580585582775105,
        0.6574889099191459,
        0.6387379048648288,
        0.6535161308899218,
        0.7783975705112252,
        0.6795627679291705,
        0.7107800878846658,
        0.6387379048648288,
        0.6360140634364062,
        0.8994597143717876
    ],
    [
        0.9314858111246412,
        0.9437293044088437,
        0.9437293044088437,
        0.8100925873009825,
        0.673145600891813,
        0.81967981553775,
        0.6614378277661477,
        0.739509972887452,
        0.82915619758885,
        0.7782191208136691,
        0.8676807580897388,
        0.770551750371122,
        0.7603453162872774,
        0.6373774391990981,
        0.9270248108869579,
        0.7905694150420949,
        0.6123724356957945,
        0.7905694150420949,
        0.7071067811865476,
        0.4841229182759271,
        0.649519052838329,
        0.7288689868556626,
        0.6508541396588879,
        0.0,
        0.6846531968814576,
        0.6846531968814576,
        0.8100925873009825,
        1.0,
        0.4860555523805895,
        0.81967981553775,
        0.75,
        0.5590169943749475,
        0.673145600891813,
        0.7071067811865476,
        0.8838834764831844,
        0.6344288770224761,
        0.7905694150420949,
        0.8003905296791061,
        0.7883703303510209,
        0.8569568250501305,
        0.7905694150420949,
        0.8003905296791061,
        0.7180703308172536,
        0.7603453162872774,
        0.6959705453537527,
        0.7603453162872774,
        0.739509972887452,
        0.7905694150420949,
        0.7905694150420949,
        0.9100137361600648
    ],
    [
        0.5203143672976238,
        0.9185586535436918,
        0.46770717334674267,
        0.39528470752104744,
        0.4330127018922193,
        0.8003905296791061,
        0.33071891388307384,
        0.57282196186948,
        0.7288689868556626,
        0.8975661535508122,
        0.9544805724923405,
        0.7603453162872774,
        0.57282196186948,
        0.45069390943299864,
        0.8926785535678563,
        0.5863019699779287,
        0.5448623679425842,
        0.6959705453537527,
        0.5448623679425842,
        0.4841229182759271,
        0.45069390943299864,
        0.5153882032022076,
        0.7156485015549029,
        0.6846531968814576,
        0.0,
        0.5448623679425842,
        0.3535533905932738,
        1.015504800579495,
        0.3657184709581948,
        0.7071067811865476,
        0.57282196186948,
        0.739509972887452,
        0.6123724356957945,
        0.2795084971874737,
        0.39528470752104744,
        0.6562202374203343,
        0.5590169943749475,
        0.8100925873009825,
        1.0391636594449938,
        0.8003905296791061,
        0.7288689868556626,
        0.7806247497997998,
        0.4841229182759271,
        0.6373774391990981,
        0.2795084971874737,
        0.5994789404140899,
        0.30618621784789724,
        0.82915619758885,
        0.7180703308172536,
        0.414578098794425
    ],
    [
        0.9710411517373232,
        0.7806247497997998,
        0.8660254037844386,
        0.7071067811865476,
        0.5153882032022076,
        0.6373774391990981,
        0.4841229182759271,
        0.6123724356957945,
        0.7180703308172536,
        0.6680194607943694,
        0.8130394598451579,
        0.57282196186948,
        0.4841229182759271,
        0.5153882032022076,
        0.625,
        0.5448623679425842,
        0.5303300858899106,
        0.6123724356957945,
        0.46770717334674267,
        0.5303300858899106,
        0.5,
        0.5303300858899106,
        0.5833333333333334,
        0.6846531968814576,
        0.5448623679425842,
        0.0,
        0.6614378277661477,
        0.7071067811865476,
        0.5717298313014636,
        0.5303300858899106,
        0.5153882032022076,
        0.6846531968814576,
        0.5303300858899106,
        0.5303300858899106,
        0.7603453162872774,
        0.5937171043518958,
        0.6123724356957945,
        0.649519052838329,
        0.8759915017345267,
        0.673145600891813,
        0.7071067811865476,
        0.5863019699779287,
        0.57282196186948,
        0.5448623679425842,
        0.5590169943749475,
        0.5994789404140899,
        0.57282196186948,
        0.625,
        0.5994789404140899,
        0.8100925873009825
    ],
    [
        0.3813242232868326,
        1.0231690964840563,
        0.2795084971874737,
        0.39528470752104744,
        0.5,
        0.8660254037844386,
        0.4330127018922193,
        0.7071067811865476,
        0.8660254037844386,
        0.972753822917186,
        1.0330939760086233,
        0.82915619758885,
        0.649519052838329,
        0.625,
        0.9354143466934853,
        0.6614378277661477,
        0.6373774391990981,
        0.7806247497997998,
        0.6373774391990981,
        0.5994789404140899,
        0.57282196186948,
        0.5,
        0.8175590362645243,
        0.8100925873009825,
        0.3535533905932738,
        0.6614378277661477,
        0.0,
        1.0383279828647594,
        0.44300112866673375,
        0.770551750371122,
        0.6123724356957945,
        0.8003905296791061,
        0.6614378277661477,
        0.30618621784789724,
        0.21650635094610965,
        0.7660776723022281,
        0.5,
        0.9185586535436918,
        1.1464013743498005,
        0.9013878188659973,
        0.8569568250501305,
        0.8660254037844386,
        0.46770717334674267,
        0.7071067811865476,
        0.33071891388307384,
        0.6846531968814576,
        0.2795084971874737,
        0.8926785535678563,
        0.7603453162872774,
        0.25
    ],
    [
        1.269993170478182,
        0.82915619758885,
        1.1388041973930374,
        1.1110243021644486,
        0.9270248108869579,
        0.8003905296791061,
        0.9185586535436918,
        0.8926785535678563,
        0.9185586535436918,
        0.7877975628294365,
        0.7810331331653227,
        0.7180703308172536,
        0.7905694150420949,
        0.960143218483576,
        0.7603453162872774,
        0.7806247497997998,
        0.8477912478906585,
        0.8385254915624212,
        0.8003905296791061,
        0.9100137361600648,
        0.9437293044088437,
        0.8477912478906585,
        0.7580585582775105,
        1.0,
        1.015504800579495,
        0.7071067811865476,
        1.0383279828647594,
        0.0,
        0.9578622030334009,
        0.8385254915624212,
        0.8003905296791061,
        0.9185586535436918,
        0.7288689868556626,
        0.9682458365518543,
        1.0897247358851685,
        0.9414085191881365,
        0.875,
        0.8569568250501305,
        0.9023503261544882,
        0.7806247497997998,
        0.9682458365518543,
        0.7180703308172536,
        0.8838834764831844,
        0.81967981553775,
        0.9270248108869579,
        0.82915619758885,
        0.9762812094883317,
        0.7180703308172536,
        0.7288689868556626,
        1.1110243021644486
    ],
    [
        0.5619299832919125,
        0.9006941767325911,
        0.5528336096873995,
        0.4930770730829005,
        0.406201920231798,
        0.7369701486491838,
        0.4315669125408017,
        0.5689903338370521,
        0.6950719387228922,
        0.81967981553775,
        0.9031972686641878,
        0.7491662031885848,
        0.5667892024377317,
        0.4663689526544407,
        0.8620469824783334,
        0.6319612329882269,
        0.448608961123159,
        0.6604922406811453,
        0.5086747487343951,
        0.3570714214271425,
        0.44300112866673375,
        0.44300112866673375,
        0.6045544732372022,
        0.4860555523805895,
        0.3657184709581948,
        0.5717298313014636,
        0.44300112866673375,
        0.9578622030334009,
        0.0,
        0.6698880503487131,
        0.5338539126015656,
        0.6388466169590319,
        0.49560569003997523,
        0.3201562118716424,
        0.4930770730829005,
        0.5356071321407138,
        0.5238081709939241,
        0.7386643351347079,
        0.9067264073455553,
        0.724137417898012,
        0.6557438524302001,
        0.7171994143890527,
        0.5208166663999915,
        0.6194755846681933,
        0.3657184709581948,
        0.5528336096873995,
        0.38649062084350766,
        0.7814249804043891,
        0.6680194607943694,
        0.5086747487343951
    ],
    [
        1.0150336779373084,
        0.7905694150420949,
        0.9100137361600648,
        0.8477912478906585,
        0.6614378277661477,
        0.739509972887452,
        0.6959705453537527,
        0.7180703308172536,
        0.770551750371122,
        0.8250000000000001,
        0.8413727849564104,
        0.6614378277661477,
        0.673145600891813,
        0.5994789404140899,
        0.6614378277661477,
        0.5590169943749475,
        0.5863019699779287,
        0.7288689868556626,
        0.46770717334674267,
        0.6846531968814576,
        0.57282196186948,
        0.5994789404140899,
        0.5697830971323893,
        0.81967981553775,
        0.7071067811865476,
