[
    [
        0.0,
        1.590990257669732,
        1.7455300054711176,
        1.4684175155588413,
        1.6770509831248424,
        1.6345871038277526,
        2.1758618981911515,
        1.8540496217739157,
        1.5206906325745548,
        1.648863244784115,
        1.648863244784115,
        1.7365554986812255,
        1.8285923547909742,
        1.7897276329095442,
        1.5206906325745548,
        1.58607219255619,
        1.741048534648015,
        1.595893166850463,
        1.648863244784115,
        1.8833148966649205,
        1.5461646096066226,
        1.7544586059522749,
        1.6723860200324565,
        1.7001838135919305,
        1.625,
        1.541103500742244,
        1.6723860200324565,
        1.571225636247067,
        1.75,
        1.625,
        1.8957188610128877,
        1.4947825928876748,
        1.6007810593582121,
        1.6583123951777,
        1.6153559979150107,
        1.5258194519667128,
        1.7230060940112777,
        1.8540496217739157,
        1.5761900266148114,
        1.7230060940112777,
        1.5512092057488571,
        1.6345871038277526,
        1.489546910976623,
        1.8285923547909742,
        1.4630874888399532,
        1.7275343701356567,
        1.6153559979150107,
        1.71846588560844,
        1.8833148966649205,
        1.8413649828320293
    ],
    [
        1.590990257669732,
        0.0,
        1.5206906325745548,
        1.5103807466993215,
        1.6007810593582121,
        1.5309310892394863,
        1.7365554986812255,
        1.58607219255619,
        1.5461646096066226,
        1.5360257159305635,
        1.6393596310755,
        1.489546910976623,
        1.6441183047457382,
        1.6007810593582121,
        1.4469796128487782,
        1.571225636247067,
        1.590990257669732,
        1.4197270864500684,
        1.590990257669732,
        1.709349291397168,
        1.5562374497485916,
        1.5761900266148114,
        1.4947825928876748,
        1.505199322349037,
        1.620185174601965,
        1.4577379737113252,
        1.595893166850463,
        1.6153559979150107,
        1.653594569415369,
        1.4142135623730951,
        1.6345871038277526,
        1.5258194519667128,
        1.5,
        1.6007810593582121,
        1.5155444566227676,
        1.4630874888399532,
        1.5761900266148114,
        1.648863244784115,
        1.4361406616345072,
        1.6630168369562588,
        1.5258194519667128,
        1.5461646096066226,
        1.4306903927824497,
        1.6345871038277526,
        1.541103500742244,
        1.6345871038277526,
        1.5360257159305635,
        1.6677080080157918,
        1.713913650100261,
        1.7677669529663689
    ],
    [
        1.7455300054711176,
        1.5206906325745548,
        0.0,
        1.6393596310755,
        1.620185174601965,
        1.704772712123232,
        1.5206906325745548,
        1.4086784586980805,
        1.8874586088176875,
        1.824314939915803,
        2.042516829796024,
        1.58607219255619,
        1.5103807466993215,
        1.4197270864500684,
        1.5811388300841898,
        1.6863421954040052,
        1.4737282653189494,
        1.403121520040228,
        1.6393596310755,
        1.375,
        1.6056540723331412,
        1.5562374497485916,
        1.2808688457449497,
        1.7544586059522749,
        1.7677669529663689,
        1.3863170633011772,
        1.6007810593582121,
        1.8957188610128877,
        1.403121520040228,
        1.4577379737113252,
        1.2808688457449497,
        1.6007810593582121,
        1.590990257669732,
        1.5309310892394863,
        1.8498310733685928,
        1.4142135623730951,
        1.5662455107677085,
        1.5761900266148114,
        1.695582495781317,
        1.5206906325745548,
        1.3863170633011772,
        1.4086784586980805,
        1.3693063937629153,
        1.2930100540985752,
        1.7677669529663689,
        1.6153559979150107,
        1.5360257159305635,
        1.8957188610128877,
        1.620185174601965,
        2.225561726845607
    ],
    [
        1.4684175155588413,
        1.5103807466993215,
        1.6393596310755,
        0.0,
        1.595893166850463,
        1.5103807466993215,
        1.9445436482630056,
        1.58607219255619,
        1.4415703243338496,
        1.5662455107677085,
        1.6345871038277526,
        1.648863244784115,
        1.776583800443987,
        1.7365554986812255,
        1.4684175155588413,
        1.4523687548277813,
        1.648863244784115,
        1.4415703243338496,
        1.595893166850463,
        1.8874586088176875,
        1.5811388300841898,
        1.6298006013006623,
        1.505199322349037,
        1.5258194519667128,
        1.648863244784115,
        1.4142135623730951,
        1.6298006013006623,
        1.4947825928876748,
        1.709349291397168,
        1.4197270864500684,
        1.7677669529663689,
        1.4252192813739224,
        1.489546910976623,
        1.5562374497485916,
        1.5,
        1.4252192813739224,
        1.6007810593582121,
        1.6153559979150107,
        1.5103807466993215,
        1.571225636247067,
        1.5309310892394863,
        1.571225636247067,
        1.3919410907075054,
        1.6863421954040052,
        1.5258194519667128,
        1.71846588560844,
        1.489546910976623,
        1.5612494995995996,
        1.6723860200324565,
        1.7677669529663689
    ],
    [
        1.6770509831248424,
        1.6007810593582121,
        1.620185174601965,
        1.595893166850463,
        0.0,
        1.5206906325745548,
        1.7809758560968758,
        1.4252192813739224,
        1.5612494995995996,
        1.7230060940112777,
        1.9525624189766635,
        1.4737282653189494,
        1.4306903927824497,
        1.571225636247067,
        1.5258194519667128,
        1.5258194519667128,
        1.4142135623730951,
        1.479019945774904,
        1.7365554986812255,
        1.6393596310755,
        1.4947825928876748,
        1.403121520040228,
        1.5103807466993215,
        1.595893166850463,
        1.4947825928876748,
        1.5662455107677085,
        1.3975424859373686,
        1.7365554986812255,
        1.5461646096066226,
        1.5206906325745548,
        1.479019945774904,
        1.7721808598447282,
        1.4523687548277813,
        1.4197270864500684,
        1.6298006013006623,
        1.505199322349037,
        1.4469796128487782,
        1.4361406616345072,
        1.590990257669732,
        1.346291201783626,
        1.5,
        1.6105123408406408,
        1.5662455107677085,
        1.571225636247067,
        1.5360257159305635,
        1.4306903927824497,
        1.5512092057488571,
        1.6345871038277526,
        1.6345871038277526,
        1.9525624189766635
    ],
    [
        1.6345871038277526,
        1.5309310892394863,
        1.704772712123232,
        1.5103807466993215,
        1.5206906325745548,
        0.0,
        1.845602882529175,
        1.6056540723331412,
        1.595893166850463,
        1.5562374497485916,
        1.7809758560968758,
        1.5103807466993215,
        1.5258194519667128,
        1.6441183047457382,
        1.4415703243338496,
        1.4842927608797396,
        1.590990257669732,
        1.5461646096066226,
        1.58607219255619,
        1.7721808598447282,
        1.5662455107677085,
        1.6007810593582121,
        1.4252192813739224,
        1.595893166850463,
        1.620185174601965,
        1.5612494995995996,
        1.5,
        1.6007810593582121,
        1.75,
        1.5612494995995996,
        1.6630168369562588,
        1.590990257669732,
        1.590990257669732,
        1.5662455107677085,
        1.5,
        1.5562374497485916,
        1.571225636247067,
        1.5103807466993215,
        1.4415703243338496,
        1.6007810593582121,
        1.4361406616345072,
        1.5512092057488571,
        1.5811388300841898,
        1.713913650100261,
        1.4469796128487782,
        1.505199322349037,
        1.595893166850463,
        1.758905909933786,
        1.5662455107677085,
        1.7809758560968758
    ],
    [
        2.1758618981911515,
        1.7365554986812255,
        1.5206906325745548,
        1.9445436482630056,
        1.7809758560968758,
        1.845602882529175,
        0.0,
        1.5360257159305635,
        2.038688303787511,
        2.125,
        2.381569860407206,
        1.5811388300841898,
        1.5562374497485916,
        1.4523687548277813,
        1.758905909933786,
        1.8371173070873836,
        1.5309310892394863,
        1.7455300054711176,
        1.956559480312316,
        1.2374368670764582,
        1.71846588560844,
        1.6153559979150107,
        1.6345871038277526,
        1.8624580532189174,
        1.8114220932736798,
        1.7230060940112777,
        1.625,
        2.0463381929681126,
        1.4842927608797396,
        1.6153559979150107,
        1.375,
        1.9803724397193574,
        1.71846588560844,
        1.653594569415369,
        2.1139418156609704,
        1.6105123408406408,
        1.595893166850463,
        1.58607219255619,
        1.8708286933869707,
        1.5811388300841898,
        1.6677080080157918,
        1.6863421954040052,
        1.7940875118009154,
        1.375,
        2.003902442735175,
        1.7001838135919305,
        1.7365554986812255,
        2.080414622136655,
        1.6817030058842137,
        2.401171589037318
    ],
    [
        1.8540496217739157,
        1.58607219255619,
        1.4086784586980805,
        1.58607219255619,
        1.4252192813739224,
        1.6056540723331412,
        1.5360257159305635,
        0.0,
        1.7809758560968758,
        1.8413649828320293,
        2.080414622136655,
        1.3975424859373686,
        1.4142135623730951,
        1.4142135623730951,
        1.5309310892394863,
        1.653594569415369,
        1.3693063937629153,
        1.4197270864500684,
        1.7320508075688772,
        1.4469796128487782,
        1.4142135623730951,
        1.3806701271484076,
        1.4630874888399532,
        1.6345871038277526,
        1.5612494995995996,
        1.5,
        1.4842927608797396,
        1.8413649828320293,
        1.334634781503914,
        1.541103500742244,
        1.2374368670764582,
        1.7940875118009154,
        1.4469796128487782,
        1.4361406616345072,
        1.80710403685012,
        1.5155444566227676,
        1.4197270864500684,
        1.2930100540985752,
        1.590990257669732,
        1.3693063937629153,
        1.4361406616345072,
        1.4197270864500684,
        1.403121520040228,
        1.286953767623375,
        1.7230060940112777,
        1.4415703243338496,
        1.4684175155588413,
        1.758905909933786,
        1.5155444566227676,
        2.172268399622846
    ],
    [
        1.5206906325745548,
        1.5461646096066226,
        1.8874586088176875,
        1.4415703243338496,
        1.5612494995995996,
        1.595893166850463,
        2.038688303787511,
        1.7809758560968758,
        0.0,
        1.5258194519667128,
        1.625,
        1.6105123408406408,
        1.7809758560968758,
        1.8114220932736798,
        1.5,
        1.5309310892394863,
        1.71846588560844,
        1.5811388300841898,
        1.595893166850463,
        1.9445436482630056,
        1.5761900266148114,
        1.7230060940112777,
        1.541103500742244,
        1.5206906325745548,
        1.6909686573085854,
        1.5761900266148114,
        1.7275343701356567,
        1.5309310892394863,
        1.8328597873268975,
        1.5761900266148114,
        1.9080421903092184,
        1.5811388300841898,
        1.653594569415369,
        1.6677080080157918,
        1.5761900266148114,
        1.5258194519667128,
        1.704772712123232,
        1.7275343701356567,
        1.5103807466993215,
        1.6345871038277526,
        1.595893166850463,
        1.709349291397168,
        1.5360257159305635,
        1.9685019685029528,
        1.5155444566227676,
        1.7633419974582356,
        1.6105123408406408,
        1.620185174601965,
        1.71846588560844,
        1.71846588560844
    ],
    [
        1.648863244784115,
        1.5360257159305635,
        1.824314939915803,
        1.5662455107677085,
        1.7230060940112777,
        1.5562374497485916,
        2.125,
        1.8413649828320293,
        1.5258194519667128,
        0.0,
        1.4842927608797396,
        1.7853571071357126,
        1.8833148966649205,
        1.9080421903092184,
        1.541103500742244,
        1.6007810593582121,
        1.8624580532189174,
        1.5811388300841898,
        1.5103807466993215,
        2.0953818267800264,
        1.8027756377319946,
        1.8371173070873836,
        1.5512092057488571,
        1.5761900266148114,
        1.8708286933869707,
        1.5662455107677085,
        1.758905909933786,
        1.590990257669732,
        2.0348525745124633,
        1.590990257669732,
        1.9324531042175384,
        1.479019945774904,
        1.7633419974582356,
        1.845602882529175,
        1.4947825928876748,
        1.590990257669732,
        1.80710403685012,
        1.75,
        1.5258194519667128,
        1.80710403685012,
        1.6298006013006623,
        1.709349291397168,
        1.595893166850463,
        1.9921721813136535,
        1.5360257159305635,
        1.8874586088176875,
        1.6770509831248424,
        1.8200274723201295,
        1.7897276329095442,
        1.5662455107677085
    ],
    [
        1.648863244784115,
        1.6393596310755,
        2.042516829796024,
        1.6345871038277526,
        1.9525624189766635,
        1.7809758560968758,
        2.381569860407206,
        2.080414622136655,
        1.625,
        1.4842927608797396,
        0.0,
        2.042516829796024,
        2.1505813167606567,
        2.1213203435596424,
        1.7721808598447282,
        1.75,
        2.042516829796024,
        1.7544586059522749,
        1.620185174601965,
        2.2946949688357274,
        1.8791620472966135,
        2.042516829796024,
        1.8413649828320293,
        1.741048534648015,
        2.042516829796024,
        1.7633419974582356,
        1.964529205687714,
        1.7544586059522749,
        2.1286732957408003,
        1.8371173070873836,
        2.222048604328897,
        1.6441183047457382,
        1.928406077567689,
        2.03100960115899,
        1.648863244784115,
        1.7544586059522749,
        2.072890493972125,
        2.0463381929681126,
        1.6909686573085854,
        2.0155644370746373,
        1.899835519196333,
        1.9162137145944864,
        1.7320508075688772,
        2.2043990110685496,
        1.7001838135919305,
        2.0953818267800264,
        1.7544586059522749,
        1.8285923547909742,
        2.0077973005261263,
        1.5761900266148114
    ],
    [
        1.7365554986812255,
        1.489546910976623,
        1.58607219255619,
        1.648863244784115,
        1.4737282653189494,
        1.5103807466993215,
        1.5811388300841898,
        1.3975424859373686,
        1.6105123408406408,
        1.7853571071357126,
        2.042516829796024,
        0.0,
        1.4252192813739224,
        1.505199322349037,
        1.505199322349037,
        1.6056540723331412,
        1.3635890143294642,
        1.5258194519667128,
        1.75,
        1.4947825928876748,
        1.4469796128487782,
        1.4415703243338496,
        1.4737282653189494,
        1.5512092057488571,
        1.571225636247067,
        1.5103807466993215,
        1.3806701271484076,
        1.7455300054711176,
        1.5258194519667128,
        1.5,
        1.403121520040228,
        1.7455300054711176,
        1.3975424859373686,
        1.505199322349037,
        1.6770509831248424,
        1.479019945774904,
        1.4361406616345072,
        1.4469796128487782,
        1.5562374497485916,
        1.4086784586980805,
        1.489546910976623,
        1.595893166850463,
        1.5360257159305635,
        1.4577379737113252,
        1.590990257669732,
        1.4086784586980805,
        1.6105123408406408,
        1.7001838135919305,
        1.5811388300841898,
        2.0953818267800264
    ],
    [
        1.8285923547909742,
        1.6441183047457382,
        1.5103807466993215,
        1.776583800443987,
        1.4306903927824497,
        1.5258194519667128,
        1.5562374497485916,
        1.4142135623730951,
        1.7809758560968758,
        1.8833148966649205,
        2.1505813167606567,
        1.4252192813739224,
        0.0,
        1.4630874888399532,
        1.58607219255619,
        1.6007810593582121,
        1.357847561400027,
        1.5360257159305635,
        1.8027756377319946,
        1.3975424859373686,
        1.4469796128487782,
        1.4523687548277813,
        1.4842927608797396,
        1.6863421954040052,
        1.6153559979150107,
        1.58607219255619,
        1.3806701271484076,
        1.8624580532189174,
        1.4947825928876748,
        1.595893166850463,
        1.2930100540985752,
        1.8114220932736798,
        1.5206906325745548,
        1.352081728298996,
        1.709349291397168,
        1.5761900266148114,
        1.505199322349037,
        1.4306903927824497,
        1.6441183047457382,
        1.3635890143294642,
        1.403121520040228,
        1.505199322349037,
        1.58607219255619,
        1.4142135623730951,
        1.5309310892394863,
        1.4306903927824497,
        1.6677080080157918,
        1.7940875118009154,
        1.571225636247067,
        2.117634293262177
    ],
    [
        1.7897276329095442,
        1.6007810593582121,
        1.4197270864500684,
        1.7365554986812255,
        1.571225636247067,
        1.6441183047457382,
        1.4523687548277813,
        1.4142135623730951,
        1.8114220932736798,
        1.9080421903092184,
        2.1213203435596424,
        1.505199322349037,
        1.4630874888399532,
        0.0,
        1.5155444566227676,
        1.695582495781317,
        1.4415703243338496,
        1.5103807466993215,
        1.7320508075688772,
        1.346291201783626,
        1.5103807466993215,
        1.5103807466993215,
        1.5512092057488571,
        1.758905909933786,
        1.620185174601965,
        1.4684175155588413,
        1.4523687548277813,
        1.80710403685012,
        1.403121520040228,
        1.541103500742244,
        1.346291201783626,
        1.7897276329095442,
        1.3975424859373686,
        1.4361406616345072,
        1.80710403685012,
        1.489546910976623,
        1.3975424859373686,
        1.5103807466993215,
        1.6393596310755,
        1.4630874888399532,
        1.4469796128487782,
        1.4947825928876748,
        1.4737282653189494,
        1.3169567191065923,
        1.7897276329095442,
        1.4947825928876748,
        1.5761900266148114,
        1.6630168369562588,
        1.6909686573085854,
        2.2534695471649933
    ],
    [
        1.5206906325745548,
        1.4469796128487782,
        1.5811388300841898,
        1.4684175155588413,
        1.5258194519667128,
        1.4415703243338496,
        1.758905909933786,
        1.5309310892394863,
        1.5,
        1.541103500742244,
        1.7721808598447282,
        1.505199322349037,
        1.58607219255619,
        1.5155444566227676,
        0.0,
        1.5,
        1.5612494995995996,
        1.4684175155588413,
        1.625,
        1.7001838135919305,
        1.479019945774904,
        1.5811388300841898,
        1.4469796128487782,
        1.4947825928876748,
        1.5811388300841898,
        1.4086784586980805,
        1.5258194519667128,
        1.6056540723331412,
        1.590990257669732,
        1.4361406616345072,
        1.590990257669732,
        1.4415703243338496,
        1.4842927608797396,
        1.5662455107677085,
        1.6056540723331412,
        1.403121520040228,
        1.5662455107677085,
        1.5612494995995996,
        1.5,
        1.6056540723331412,
        1.4842927608797396,
        1.4469796128487782,
        1.357847561400027,
        1.6298006013006623,
        1.4361406616345072,
        1.5612494995995996,
        1.4577379737113252,
        1.6583123951777,
        1.571225636247067,
        1.7853571071357126
    ],
    [
        1.58607219255619,
        1.571225636247067,
        1.6863421954040052,
        1.4523687548277813,
        1.5258194519667128,
        1.4842927608797396,
        1.8371173070873836,
        1.653594569415369,
        1.5309310892394863,
        1.6007810593582121,
        1.75,
        1.6056540723331412,
        1.6007810593582121,
        1.695582495781317,
        1.5,
        0.0,
        1.5612494995995996,
        1.4947825928876748,
        1.541103500742244,
        1.7677669529663689,
        1.625,
        1.58607219255619,
        1.4947825928876748,
        1.5662455107677085,
        1.695582495781317,
        1.5309310892394863,
        1.5761900266148114,
        1.6007810593582121,
        1.758905909933786,
        1.5309310892394863,
        1.7275343701356567,
        1.590990257669732,
        1.590990257669732,
        1.625,
        1.5761900266148114,
        1.505199322349037,
        1.6056540723331412,
        1.595893166850463,
        1.5155444566227676,
        1.4947825928876748,
        1.5258194519667128,
        1.590990257669732,
        1.4306903927824497,
        1.6677080080157918,
        1.489546910976623,
        1.595893166850463,
        1.5761900266148114,
        1.6677080080157918,
        1.595893166850463,
        1.7721808598447282
    ],
    [
        1.741048534648015,
        1.590990257669732,
        1.4737282653189494,
        1.648863244784115,
        1.4142135623730951,
        1.590990257669732,
        1.5309310892394863,
        1.3693063937629153,
        1.71846588560844,
        1.8624580532189174,
        2.042516829796024,
        1.3635890143294642,
        1.357847561400027,
        1.4415703243338496,
        1.5612494995995996,
        1.5612494995995996,
        0.0,
        1.4684175155588413,
        1.7544586059522749,
        1.4630874888399532,
        1.505199322349037,
        1.4577379737113252,
        1.4197270864500684,
        1.6723860200324565,
        1.541103500742244,
        1.489546910976623,
        1.4252192813739224,
        1.8114220932736798,
        1.5206906325745548,
        1.5562374497485916,
        1.3050383136138188,
        1.776583800443987,
        1.489546910976623,
        1.4684175155588413,
        1.6863421954040052,
        1.5360257159305635,
        1.4361406616345072,
        1.489546910976623,
        1.6393596310755,
        1.357847561400027,
        1.489546910976623,
        1.5309310892394863,
        1.5309310892394863,
        1.4086784586980805,
        1.4737282653189494,
        1.3806701271484076,
        1.5512092057488571,
        1.71846588560844,
        1.5461646096066226,
        2.084166500066633
    ],
    [
        1.595893166850463,
        1.4197270864500684,
        1.403121520040228,
        1.4415703243338496,
        1.479019945774904,
        1.5461646096066226,
        1.7455300054711176,
        1.4197270864500684,
        1.5811388300841898,
        1.5811388300841898,
        1.7544586059522749,
        1.5258194519667128,
        1.5360257159305635,
        1.5103807466993215,
        1.4684175155588413,
        1.4947825928876748,
        1.4684175155588413,
        0.0,
        1.4947825928876748,
        1.6105123408406408,
        1.4197270864500684,
        1.4947825928876748,
        1.3169567191065923,
        1.5103807466993215,
        1.648863244784115,
        1.3806701271484076,
        1.4737282653189494,
        1.620185174601965,
        1.5258194519667128,
        1.4630874888399532,
        1.4523687548277813,
        1.4842927608797396,
        1.5206906325745548,
        1.489546910976623,
        1.6393596310755,
        1.3806701271484076,
        1.4469796128487782,
        1.489546910976623,
        1.5612494995995996,
        1.4469796128487782,
        1.403121520040228,
        1.375,
        1.4415703243338496,
        1.4630874888399532,
        1.3919410907075054,
        1.5309310892394863,
        1.4197270864500684,
        1.75,
        1.5155444566227676,
        1.9243505397925815
    ],
    [
        1.648863244784115,
        1.590990257669732,
        1.6393596310755,
        1.595893166850463,
        1.7365554986812255,
        1.58607219255619,
        1.956559480312316,
        1.7320508075688772,
        1.595893166850463,
        1.5103807466993215,
        1.620185174601965,
        1.75,
        1.8027756377319946,
        1.7320508075688772,
        1.625,
        1.541103500742244,
        1.7544586059522749,
        1.4947825928876748,
        0.0,
        1.8833148966649205,
        1.7721808598447282,
        1.8027756377319946,
        1.5206906325745548,
        1.6583123951777,
        1.80710403685012,
        1.4842927608797396,
        1.7365554986812255,
        1.704772712123232,
        1.8157298807917437,
        1.5206906325745548,
        1.7940875118009154,
        1.4469796128487782,
        1.7275343701356567,
        1.7940875118009154,
        1.704772712123232,
        1.5,
        1.7544586059522749,
        1.7897276329095442,
        1.6298006013006623,
        1.7633419974582356,
        1.505199322349037,
        1.5155444566227676,
        1.5309310892394863,
        1.7897276329095442,
        1.590990257669732,
        1.7633419974582356,
        1.489546910976623,
        1.8413649828320293,
        1.6677080080157918,
        1.7721808598447282
    ],
    [
        1.8833148966649205,
        1.709349291397168,
        1.375,
        1.8874586088176875,
        1.6393596310755,
        1.7721808598447282,
        1.2374368670764582,
        1.4469796128487782,
        1.9445436482630056,
        2.0953818267800264,
        2.2946949688357274,
        1.4947825928876748,
        1.3975424859373686,
        1.346291201783626,
        1.7001838135919305,
        1.7677669529663689,
        1.4630874888399532,
        1.6105123408406408,
        1.8833148966649205,
        0.0,
        1.648863244784115,
        1.4469796128487782,
        1.4306903927824497,
        1.8413649828320293,
        1.7365554986812255,
        1.5206906325745548,
        1.5811388300841898,
        2.0,
        1.4197270864500684,
        1.6345871038277526,
        1.1726039399558574,
        1.8666480653835098,
        1.704772712123232,
        1.5360257159305635,
        2.023301757029831,
        1.5309310892394863,
        1.590990257669732,
        1.5761900266148114,
        1.8200274723201295,
        1.5,
        1.4469796128487782,
        1.5811388300841898,
        1.6723860200324565,
        1.25,
        1.7853571071357126,
        1.5761900266148114,
        1.7230060940112777,
        1.875,
        1.7320508075688772,
        2.3082731640774234
    ],
    [
        1.5461646096066226,
        1.5562374497485916,
        1.6056540723331412,
        1.5811388300841898,
        1.4947825928876748,
        1.5662455107677085,
        1.71846588560844,
        1.4142135623730951,
        1.5761900266148114,
        1.8027756377319946,
        1.8791620472966135,
        1.4469796128487782,
        1.4469796128487782,
        1.5103807466993215,
        1.479019945774904,
        1.625,
        1.505199322349037,
        1.4197270864500684,
        1.7721808598447282,
        1.648863244784115,
        0.0,
        1.479019945774904,
        1.5206906325745548,
        1.595893166850463,
        1.5562374497485916,
        1.4577379737113252,
        1.3919410907075054,
        1.6677080080157918,
        1.5103807466993215,
        1.6153559979150107,
        1.5103807466993215,
        1.704772712123232,
        1.3975424859373686,
        1.3806701271484076,
        1.6677080080157918,
        1.479019945774904,
        1.4306903927824497,
        1.541103500742244,
        1.6056540723331412,
        1.4523687548277813,
        1.5,
        1.5662455107677085,
        1.4577379737113252,
        1.5309310892394863,
        1.5103807466993215,
        1.4684175155588413,
        1.541103500742244,
        1.58607219255619,
        1.6298006013006623,
        1.9921721813136535
    ],
    [
        1.7544586059522749,
        1.5761900266148114,
        1.5562374497485916,
        1.6298006013006623,
        1.403121520040228,
        1.6007810593582121,
        1.6153559979150107,
        1.3806701271484076,
        1.7230060940112777,
        1.8371173070873836,
        2.042516829796024,
        1.4415703243338496,
        1.4523687548277813,
        1.5103807466993215,
        1.5811388300841898,
        1.58607219255619,
        1.4577379737113252,
        1.4947825928876748,
        1.8027756377319946,
        1.4469796128487782,
        1.479019945774904,
        0.0,
        1.5206906325745548,
        1.571225636247067,
        1.6153559979150107,
        1.5206906325745548,
        1.3806701271484076,
        1.824314939915803,
        1.5206906325745548,
        1.5662455107677085,
        1.375,
        1.7544586059522749,
        1.479019945774904,
        1.4630874888399532,
        1.776583800443987,
        1.5206906325745548,
        1.5155444566227676,
        1.5103807466993215,
        1.653594569415369,
        1.346291201783626,
        1.4737282653189494,
        1.5461646096066226,
        1.5206906325745548,
        1.489546910976623,
        1.6007810593582121,
        1.4842927608797396,
        1.5562374497485916,
        1.7633419974582356,
        1.5461646096066226,
        2.1396553460779613
    ],
    [
        1.6723860200324565,
        1.4947825928876748,
        1.2808688457449497,
        1.505199322349037,
        1.5103807466993215,
        1.4252192813739224,
        1.6345871038277526,
        1.4630874888399532,
        1.541103500742244,
        1.5512092057488571,
        1.8413649828320293,
        1.4737282653189494,
        1.4842927608797396,
        1.5512092057488571,
        1.4469796128487782,
        1.4947825928876748,
        1.4197270864500684,
        1.3169567191065923,
        1.5206906325745548,
        1.4306903927824497,
        1.5206906325745548,
        1.5206906325745548,
        0.0,
        1.5258194519667128,
        1.5761900266148114,
        1.4842927608797396,
        1.403121520040228,
        1.704772712123232,
        1.5360257159305635,
        1.4197270864500684,
        1.3919410907075054,
        1.479019945774904,
        1.5206906325745548,
        1.5155444566227676,
        1.6105123408406408,
        1.403121520040228,
        1.4842927608797396,
        1.4737282653189494,
        1.5309310892394863,
        1.4306903927824497,
        1.346291201783626,
        1.334634781503914,
        1.4469796128487782,
        1.4197270864500684,
        1.4630874888399532,
        1.5103807466993215,
        1.4947825928876748,
        1.824314939915803,
        1.5103807466993215,
        1.875
    ],
    [
        1.7001838135919305,
        1.505199322349037,
        1.7544586059522749,
        1.5258194519667128,
        1.595893166850463,
        1.595893166850463,
        1.8624580532189174,
        1.6345871038277526,
        1.5206906325745548,
        1.5761900266148114,
        1.741048534648015,
        1.5512092057488571,
        1.6863421954040052,
        1.758905909933786,
        1.4947825928876748,
        1.5662455107677085,
        1.6723860200324565,
        1.5103807466993215,
        1.6583123951777,
        1.8413649828320293,
        1.595893166850463,
        1.571225636247067,
        1.5258194519667128,
        0.0,
        1.7721808598447282,
        1.5258194519667128,
        1.5562374497485916,
        1.6909686573085854,
        1.79843682124227,
        1.5811388300841898,
        1.704772712123232,
        1.5811388300841898,
        1.6153559979150107,
        1.6105123408406408,
        1.6393596310755,
        1.5360257159305635,
        1.620185174601965,
        1.6105123408406408,
        1.479019945774904,
        1.5811388300841898,
        1.58607219255619,
        1.6345871038277526,
        1.5461646096066226,
        1.741048534648015,
        1.5612494995995996,
        1.625,
        1.5811388300841898,
        1.7544586059522749,
        1.541103500742244,
        1.8791620472966135
    ],
    [
        1.625,
        1.620185174601965,
        1.7677669529663689,
        1.648863244784115,
        1.4947825928876748,
        1.620185174601965,
        1.8114220932736798,
        1.5612494995995996,
        1.6909686573085854,
        1.8708286933869707,
        2.042516829796024,
        1.571225636247067,
        1.6153559979150107,
        1.620185174601965,
        1.5811388300841898,
        1.695582495781317,
        1.541103500742244,
        1.648863244784115,
        1.80710403685012,
        1.7365554986812255,
        1.5562374497485916,
        1.6153559979150107,
        1.5761900266148114,
        1.7721808598447282,
        0.0,
        1.625,
        1.5258194519667128,
        1.6677080080157918,
        1.6677080080157918,
        1.6583123951777,
        1.653594569415369,
        1.8114220932736798,
        1.5155444566227676,
        1.5811388300841898,
        1.71846588560844,
        1.6441183047457382,
        1.571225636247067,
        1.5612494995995996,
        1.625,
        1.5761900266148114,
        1.6583123951777,
        1.7001838135919305,
        1.571225636247067,
        1.7001838135919305,
        1.6817030058842137,
        1.6153559979150107,
        1.6056540723331412,
        1.58607219255619,
        1.653594569415369,
        2.0879116360612584
    ],
    [
        1.541103500742244,
        1.4577379737113252,
        1.3863170633011772,
        1.4142135623730951,
        1.5662455107677085,
        1.5612494995995996,
        1.7230060940112777,
        1.5,
        1.5761900266148114,
        1.5662455107677085,
        1.7633419974582356,
        1.5103807466993215,
        1.58607219255619,
        1.4684175155588413,
        1.4086784586980805,
        1.5309310892394863,
        1.489546910976623,
        1.3806701271484076,
        1.4842927608797396,
        1.5206906325745548,
        1.4577379737113252,
        1.5206906325745548,
        1.4842927608797396,
        1.5258194519667128,
        1.625,
        0.0,
        1.5103807466993215,
        1.595893166850463,
        1.489546910976623,
        1.4252192813739224,
        1.4469796128487782,
        1.3975424859373686,
        1.4197270864500684,
        1.4523687548277813,
        1.6153559979150107,
        1.286953767623375,
        1.5206906325745548,
        1.5811388300841898,
        1.5155444566227676,
        1.4523687548277813,
        1.375,
        1.4630874888399532,
        1.2930100540985752,
        1.4577379737113252,
        1.5103807466993215,
        1.5,
        1.479019945774904,
        1.6298006013006623,
        1.6345871038277526,
        1.8498310733685928
    ],
    [
        1.6723860200324565,
        1.595893166850463,
        1.6007810593582121,
        1.6298006013006623,
        1.3975424859373686,
        1.5,
        1.625,
        1.4842927608797396,
        1.7275343701356567,
        1.758905909933786,
        1.964529205687714,
        1.3806701271484076,
        1.3806701271484076,
        1.4523687548277813,
        1.5258194519667128,
        1.5761900266148114,
        1.4252192813739224,
        1.4737282653189494,
        1.7365554986812255,
        1.5811388300841898,
        1.3919410907075054,
        1.3806701271484076,
        1.403121520040228,
        1.5562374497485916,
        1.5258194519667128,
        1.5103807466993215,
        0.0,
        1.7721808598447282,
        1.5258194519667128,
        1.6056540723331412,
        1.4523687548277813,
        1.7455300054711176,
        1.4252192813739224,
        1.4252192813739224,
        1.653594569415369,
        1.4737282653189494,
        1.4630874888399532,
        1.3863170633011772,
        1.6298006013006623,
        1.357847561400027,
        1.4842927608797396,
        1.5,
        1.5258194519667128,
        1.4577379737113252,
        1.4469796128487782,
        1.357847561400027,
        1.5,
        1.6909686573085854,
        1.5360257159305635,
        2.053959590644373
    ],
    [
        1.571225636247067,
        1.6153559979150107,
        1.8957188610128877,
        1.4947825928876748,
        1.7365554986812255,
        1.6007810593582121,
        2.0463381929681126,
        1.8413649828320293,
        1.5309310892394863,
        1.590990257669732,
        1.7544586059522749,
        1.7455300054711176,
        1.8624580532189174,
        1.80710403685012,
        1.6056540723331412,
        1.6007810593582121,
        1.8114220932736798,
        1.620185174601965,
        1.704772712123232,
        2.0,
        1.6677080080157918,
        1.824314939915803,
        1.704772712123232,
        1.6909686573085854,
        1.6677080080157918,
        1.595893166850463,
        1.7721808598447282,
        0.0,
        1.8582585934148133,
        1.6105123408406408,
        1.8540496217739157,
        1.6345871038277526,
        1.620185174601965,
        1.7544586059522749,
        1.620185174601965,
        1.6105123408406408,
        1.7320508075688772,
        1.7940875118009154,
        1.6298006013006623,
        1.7677669529663689,
        1.6863421954040052,
        1.7001838135919305,
        1.5612494995995996,
        1.976423537605237,
        1.6105123408406408,
        1.7677669529663689,
        1.648863244784115,
        1.590990257669732,
        1.8027756377319946,
        1.7633419974582356
    ],
    [
        1.75,
        1.653594569415369,
        1.403121520040228,
        1.709349291397168,
        1.5461646096066226,
        1.75,
        1.4842927608797396,
        1.334634781503914,
        1.8328597873268975,
        2.0348525745124633,
        2.1286732957408003,
        1.5258194519667128,
        1.4947825928876748,
        1.403121520040228,
        1.590990257669732,
        1.758905909933786,
        1.5206906325745548,
        1.5258194519667128,
        1.8157298807917437,
        1.4197270864500684,
        1.5103807466993215,
        1.5206906325745548,
        1.5360257159305635,
        1.79843682124227,
        1.6677080080157918,
        1.489546910976623,
        1.5258194519667128,
        1.8582585934148133,
        0.0,
        1.5258194519667128,
        1.2624381172952597,
        1.776583800443987,
        1.4415703243338496,
        1.5155444566227676,
        1.8915932438026946,
        1.4469796128487782,
        1.5155444566227676,
        1.4523687548277813,
        1.758905909933786,
        1.4842927608797396,
        1.5258194519667128,
        1.4842927608797396,
        1.4947825928876748,
        1.2562344526401112,
        1.7897276329095442,
        1.541103500742244,
        1.5612494995995996,
        1.7001838135919305,
        1.6583123951777,
        2.29128784747792
    ],
    [
        1.625,
        1.4142135623730951,
        1.4577379737113252,
        1.4197270864500684,
        1.5206906325745548,
        1.5612494995995996,
        1.6153559979150107,
        1.541103500742244,
        1.5761900266148114,
        1.590990257669732,
        1.8371173070873836,
        1.5,
        1.595893166850463,
        1.541103500742244,
        1.4361406616345072,
        1.5309310892394863,
        1.5562374497485916,
        1.4630874888399532,
        1.5206906325745548,
        1.6345871038277526,
        1.6153559979150107,
        1.5662455107677085,
        1.4197270864500684,
        1.5811388300841898,
        1.6583123951777,
        1.4252192813739224,
        1.6056540723331412,
        1.6105123408406408,
