[
    [
        0.0,
        1.9390240695782062,
        0.790972663941075,
        1.369189951193398,
        1.428013283823197,
        1.6872080246274752,
        1.2038681279059409,
        1.3792836798091084,
        1.5989872432516878,
        1.5173150292405277,
        1.587579340778062,
        1.8530173958675495,
        1.5493579973917042,
        1.5055170648827136,
        1.9297284888855029,
        1.5333245526220038,
        1.7367391154407852,
        1.5911906721389617,
        1.5430679419485671,
        1.4671139933174093,
        1.3448693131259093,
        1.5398615098078643,
        1.2904728957961809,
        1.6832192491818547,
        1.4555610189265835,
        1.4490232459649979,
        1.4003664081580598,
        1.8414900490925896,
        1.1046227077742936,
        1.3420738174628377,
        1.3390475978798346,
        1.1093008921783825,
        1.4874046016399143,
        1.326299474019567,
        1.1293848786315641,
        1.3922342929732094,
        1.3905658809951276,
        1.7127969726116856,
        1.8287667306417295,
        1.7211029297472538,
        1.2410964083360247,
        1.7154014226461183,
        1.2394966885055911,
        1.5848654420447672,
        1.587764119118197,
        1.514281502689561,
        1.2935672872064339,
        1.674577314928597,
        1.8403256422132892,
        1.1642802366216456
    ],
    [
        1.9390240695782062,
        0.0,
        1.8075843302903218,
        1.390693272356553,
        1.5584670174387536,
        1.4828650946356816,
        1.9180248810806508,
        1.636709945116863,
        1.5931711911920967,
        1.4358021374053522,
        1.5905002493190312,
        1.5178338000072487,
        1.7159383568311668,
        1.5388487760516156,
        1.4074454795045446,
        1.545969817214088,
        1.5416666666666667,
        1.4312970031098058,
        1.485807765679426,
        1.683766445931396,
        1.5331974577478416,
        1.5433549314543447,
        1.4982628830304336,
        1.5195485440675391,
        1.578941276791368,
        1.420558380043253,
        1.4197270864500684,
        1.592626237801366,
        1.580106360695732,
        1.5017351075783416,
        1.6556930405254606,
        1.6791201399674904,
        1.5080800892378214,
        1.4529663145135578,
        1.5467259327725489,
        1.4924346254061218,
        1.6175040786484727,
        1.6930208044925037,
        1.6078151151312283,
        1.496523749672331,
        1.5567951410224503,
        1.4349312798102136,
        1.472549753922691,
        1.5331974577478416,
        1.580831356526615,
        1.660404903764273,
        1.5196170935834825,
        1.4848774734337884,
        1.7435396627423065,
        1.834753238025333
    ],
    [
        0.790972663941075,
        1.8075843302903218,
        0.0,
        1.25,
        1.3110110602126894,
        1.6856007831037574,
        0.875,
        1.0680004681646913,
        1.4842927608797396,
        1.4315638302220408,
        1.5774034140359419,
        1.5512092057488571,
        1.299038105676658,
        1.357847561400027,
        1.8371173070873836,
        1.4798820967929045,
        1.5103807466993215,
        1.4361406616345072,
        1.4091311188828672,
        1.2054563451241194,
        1.2624381172952597,
        1.3975424859373686,
        1.0416666666666667,
        1.505199322349037,
        1.3430634551071832,
        1.182159041753689,
        1.3352850299135055,
        1.7569307201923348,
        0.8699856320652658,
        1.2104865871944959,
        0.9519716382329886,
        0.9185586535436918,
        1.340475661845451,
        1.1211353372561426,
        1.2119199643540823,
        1.1070794912742263,
        1.1319231422671772,
        1.4842927608797396,
        1.6677080080157918,
        1.5178338000072487,
        1.1141451630934114,
        1.4523687548277813,
        1.0825317547305484,
        1.1989578808281798,
        1.4762706391444624,
        1.231107225224513,
        1.1141139977578596,
        1.58607219255619,
        1.5761900266148114,
        1.0680004681646913
    ],
    [
        1.369189951193398,
        1.390693272356553,
        1.25,
        0.0,
        1.0606601717798212,
        1.1876973520219702,
        1.4947825928876748,
        1.243734296383275,
        1.2374368670764582,
        1.1163556780883053,
        1.152027936877808,
        1.286953767623375,
        1.3287682265918312,
        1.299038105676658,
        1.352081728298996,
        1.16551206229148,
        1.2930100540985752,
        1.231107225224513,
        1.0703863979032648,
        1.5360257159305635,
        1.103970108290981,
        1.1989578808281798,
        1.0622957319984967,
        1.1726039399558574,
        1.2754356554178305,
        1.1084899638697683,
        1.006058038970803,
        1.2856040517117926,
        1.1146748404803979,
        1.076903998610007,
        1.4197270864500684,
        1.1726039399558574,
        1.1524430571616109,
        1.1234557302260635,
        1.0825317547305484,
        1.0600707523557096,
        1.3110110602126894,
        1.2624381172952597,
        1.403121520040228,
        1.2956926504555177,
        1.1372786719963484,
        1.224744871391589,
        0.9842509842514764,
        1.352081728298996,
        1.2295832627357939,
        1.2808688457449497,
        1.078772450519571,
        1.2119199643540823,
        1.3863170633011772,
        1.243734296383275
    ],
    [
        1.428013283823197,
        1.5584670174387536,
        1.3110110602126894,
        1.0606601717798212,
        0.0,
        1.2134661099511597,
        1.4630874888399532,
        1.1319231422671772,
        1.243734296383275,
        1.1521718621802912,
        1.3492486571331135,
        1.2747548783981961,
        1.1110243021644486,
        1.2747548783981961,
        1.5155444566227676,
        1.1146061810233738,
        1.165922381636102,
        1.2054563451241194,
        1.064411545773302,
        1.3863170633011772,
        1.2054563451241194,
        1.0752906583803283,
        1.0720566941890506,
        1.1524430571616109,
        1.1509356097444277,
        1.1926860441876563,
        1.107110854632202,
        1.420338379088276,
        1.2054563451241194,
        1.0937003957005573,
        1.2562344526401112,
        1.165922381636102,
        1.1524430571616109,
        1.104756131963571,
        1.14564392373896,
        1.0729631866937468,
        1.1726039399558574,
        1.2747548783981961,
        1.286953767623375,
        1.2346276991690879,
        1.024017143953709,
        1.25,
        1.125,
        1.286953767623375,
        1.117754445305408,
        1.1792476415070754,
        1.152443057161611,
        1.3806701271484076,
        1.3693063937629153,
        1.231107225224513
    ],
    [
        1.6872080246274752,
        1.4828650946356816,
        1.6856007831037574,
        1.1876973520219702,
        1.2134661099511597,
        0.0,
        1.7679437208237143,
        1.5362291495737217,
        1.4941552797483935,
        1.3763629608500805,
        1.5427331299366334,
        1.3808964479641477,
        1.4417870855296213,
        1.5054069217324597,
        1.4981238266578634,
        1.2828291040524773,
        1.3966477723463422,
        1.440702953422391,
        1.392371710281359,
        1.686527497552293,
        1.3921655792325853,
        1.3752272539475066,
        1.3241611600472873,
        1.320747894187229,
        1.4222439234455453,
        1.3667936932836646,
        1.2293855737273351,
        1.4295492685147688,
        1.4609500333686982,
        1.3417443041719155,
        1.6537835408541228,
        1.4792312192487014,
        1.4033442200686188,
        1.3083333333333333,
        1.2992786460186283,
        1.323584149194905,
        1.6009762646585364,
        1.3921655792325853,
        1.5911866640969563,
        1.3793869411203419,
        1.2842258800970767,
        1.320747894187229,
        1.3088640112708425,
        1.531135199778256,
        1.3649633694718697,
        1.4113380176272443,
        1.3699908758820258,
        1.4739402972983675,
        1.3921655792325853,
        1.5002083188677497
    ],
    [
        1.2038681279059409,
        1.9180248810806508,
        0.875,
        1.4947825928876748,
        1.4630874888399532,
        1.7679437208237143,
        0.0,
        1.0752906583803283,
        1.5461646096066226,
        1.5789632674638128,
        1.7003713579986113,
        1.5103807466993215,
        1.25,
        1.340475661845451,
        1.940521837032503,
        1.4997873998997189,
        1.3693063937629153,
        1.4469796128487782,
        1.5011687623519299,
        1.0897247358851685,
        1.2747548783981961,
        1.2930100540985752,
        1.0720566941890506,
        1.6153559979150107,
        1.3359349618234497,
        1.318379687343521,
        1.4601179556612693,
        1.86711304186734,
        1.001873245475694,
        1.1562030771259673,
        0.960143218483576,
        0.9682458365518543,
        1.4415703243338496,
        1.2506942516503028,
        1.479019945774904,
        1.2639224659764539,
        1.0532687216470449,
        1.3228756555322954,
        1.7001838135919305,
        1.4690085469836829,
        1.1531960419248373,
        1.4842927608797396,
        1.2747548783981961,
        1.1726039399558574,
        1.6116761461286198,
        1.3050383136138188,
        1.2134661099511597,
        1.7809758560968758,
        1.4684175155588413,
        1.2054563451241194
    ],
    [
        1.3792836798091084,
        1.636709945116863,
        1.0680004681646913,
        1.243734296383275,
        1.1319231422671772,
        1.5362291495737217,
        1.0752906583803283,
        0.0,
        1.3287682265918312,
        1.2742644937374659,
        1.4682003422210332,
        1.1319231422671772,
        1.0680004681646913,
        1.1388041973930374,
        1.5761900266148114,
        1.2678571428571428,
        1.1989578808281798,
        1.1319231422671772,
        1.1740986555912687,
        1.0680004681646913,
        0.9842509842514764,
        1.0606601717798212,
        1.016359243137539,
        1.357847561400027,
        1.0590220855949029,
        1.1892749892266297,
        1.2211959074794039,
        1.4942017564200922,
        0.9940447676035522,
        1.016359243137539,
        0.8569568250501305,
        0.8926785535678563,
        1.0680004681646913,
        1.059841445164742,
        1.25,
        1.1335784048754634,
        1.0,
        1.0231690964840563,
        1.3228756555322954,
        1.2506942516503028,
        0.99128143778086,
        1.1388041973930374,
        1.0458250331675945,
        0.9762812094883317,
        1.368849882200382,
        1.0231690964840563,
        1.0550473923004597,
        1.6007810593582121,
        1.2374368670764582,
        1.224744871391589
    ],
    [
        1.5989872432516878,
        1.5931711911920967,
        1.4842927608797396,
        1.2374368670764582,
        1.243734296383275,
        1.4941552797483935,
        1.5461646096066226,
        1.3287682265918312,
        0.0,
        1.114955156048888,
        1.2888107554118666,
        1.2747548783981961,
        1.3635890143294642,
        1.3693063937629153,
        1.4684175155588413,
        1.2393680499614739,
        1.4361406616345072,
        1.3287682265918312,
        1.2514022746747844,
        1.4523687548277813,
        1.1989578808281798,
        1.2374368670764582,
        1.2720281268728122,
        1.2747548783981961,
        1.2610621625351297,
        1.3250000000000002,
        1.4221706804896677,
        1.3584866989084254,
        1.4842927608797396,
        1.2876280950302037,
        1.3693063937629153,
        1.2054563451241194,
        1.334634781503914,
        1.2720281268728124,
        1.3975424859373686,
        1.2747548783981961,
        1.2686114456365274,
        1.357847561400027,
        1.3693063937629153,
        1.3869430814244366,
        1.2720281268728124,
        1.489546910976623,
        1.2686114456365274,
        1.5155444566227676,
        1.2101136310280949,
        1.3169567191065923,
        1.357847561400027,
        1.403121520040228,
        1.4252192813739224,
        1.3287682265918312
    ],
    [
        1.5173150292405277,
        1.4358021374053522,
        1.4315638302220408,
        1.1163556780883053,
        1.1521718621802912,
        1.3763629608500805,
        1.5789632674638128,
        1.2742644937374659,
        1.114955156048888,
        0.0,
        1.2090274806552546,
        1.2842799539041323,
        1.3437354650376687,
        1.36106575888162,
        1.4491376746189437,
        1.2596616406716494,
        1.3297086146972201,
        1.2447389284504602,
        1.2213606915139812,
        1.4692685254915117,
        1.2090802289343747,
        1.1960873713905686,
        1.2027457013941985,
        1.2975939272360981,
        1.2504443654601796,
        1.2234684303242158,
        1.2050530186584232,
        1.332187007226171,
        1.3341664064126333,
        1.175738538583775,
        1.4,
        1.182951816432098,
        1.3143439428094916,
        1.2755989878397433,
        1.2720554233208552,
        1.2155245781143218,
        1.220143434191243,
        1.1696687565289585,
        1.26811868529724,
        1.3118318405107332,
        1.2473861560167414,
        1.3774977313955912,
        1.2103718436910205,
        1.4228053275132195,
        1.1467344941179716,
        1.2472469683266423,
        1.2402116754812464,
        1.3651922941476047,
        1.4173037783058366,
        1.3024016277631105
    ],
    [
        1.587579340778062,
        1.5905002493190312,
        1.5774034140359419,
        1.152027936877808,
        1.3492486571331135,
        1.5427331299366334,
        1.7003713579986113,
        1.4682003422210332,
        1.2888107554118666,
        1.2090274806552546,
        0.0,
        1.515860030693158,
        1.542241113789029,
        1.495955431508982,
        1.4892257610405948,
        1.334634781503914,
        1.5056229641593815,
        1.3153819186216353,
        1.2609216745649805,
        1.6418863591389419,
        1.2576297758327863,
        1.3941157317344166,
        1.3125371174969704,
        1.3579649765553676,
        1.2971411308638259,
        1.261422302200891,
        1.3479613186413355,
        1.3952462213317727,
        1.4451008015119957,
        1.2824307719355679,
        1.5822476585734688,
        1.2771290747099087,
        1.3819398152818467,
        1.2997879427603274,
        1.313198307917874,
        1.2895478562152658,
        1.3929716070183138,
        1.495955431508982,
        1.3860870264517877,
        1.504363456891598,
        1.426014576957804,
        1.463196458972964,
        1.2620591774346157,
        1.537167086904096,
        1.2340874923503238,
        1.4749178462074506,
        1.236400511359404,
        1.3090637720079468,
        1.6316582587874793,
        1.2576297758327863
    ],
    [
        1.8530173958675495,
        1.5178338000072487,
        1.5512092057488571,
        1.286953767623375,
        1.2747548783981961,
        1.3808964479641477,
        1.5103807466993215,
        1.1319231422671772,
        1.2747548783981961,
        1.2842799539041323,
        1.515860030693158,
        0.0,
        1.1989578808281798,
        1.3228756555322954,
        1.489546910976623,
        1.322755125655909,
        1.192424001771182,
        1.286953767623375,
        1.2483407354711833,
        1.2374368670764582,
        1.159202311936963,
        1.1726039399558574,
        1.2147816447594375,
        1.3110110602126894,
        1.2423376263229644,
        1.2944593465999619,
        1.2956926504555177,
        1.4953632037438633,
        1.3709029870855194,
        1.2211959074794037,
        1.192424001771182,
        1.224744871391589,
        1.192424001771182,
        1.206176235510844,
        1.4142135623730951,
        1.1874342087037917,
        1.2054563451241194,
        1.286953767623375,
        1.286953767623375,
        1.2997061633735185,
        1.2346276991690879,
        1.375,
        1.346291201783626,
        1.2374368670764582,
        1.2695963925594622,
        1.1726039399558574,
        1.3304134695650072,
        1.58607219255619,
        1.25,
        1.4947825928876748
    ],
    [
        1.5493579973917042,
        1.7159383568311668,
        1.299038105676658,
        1.3287682265918312,
        1.1110243021644486,
        1.4417870855296213,
        1.25,
        1.0680004681646913,
        1.3635890143294642,
        1.3437354650376687,
        1.542241113789029,
        1.1989578808281798,
        0.0,
        1.2562344526401112,
        1.6153559979150107,
        1.2451436274828798,
        1.118033988749895,
        1.2183492931011204,
        1.167425652048654,
        1.1319231422671772,
        1.1726039399558574,
        1.1524430571616109,
        1.1188101318414627,
        1.340475661845451,
        1.1777745020918808,
        1.2723010649999473,
        1.2147816447594377,
        1.5717780094883345,
        1.2798925736170206,
        1.1479147761629926,
        1.0383279828647594,
        1.1726039399558574,
        1.1989578808281798,
        1.024017143953709,
        1.3806701271484076,
        1.2247448713915892,
        1.2183492931011204,
        1.2686114456365274,
        1.4252192813739224,
        1.1931517552730295,
        1.0316182002616623,
        1.352081728298996,
        1.2930100540985752,
        1.118033988749895,
        1.2219349409849938,
        1.159202311936963,
        1.2737739202857,
        1.6817030058842137,
        1.3050383136138188,
        1.2808688457449497
    ],
    [
        1.5055170648827136,
        1.5388487760516156,
        1.357847561400027,
        1.299038105676658,
        1.2747548783981961,
        1.5054069217324597,
        1.340475661845451,
        1.1388041973930374,
        1.3693063937629153,
        1.36106575888162,
        1.495955431508982,
        1.3228756555322954,
        1.2562344526401112,
        0.0,
        1.5103807466993215,
        1.3819398152818467,
        1.1989578808281798,
        1.2747548783981961,
        1.1930923634635762,
        1.2054563451241194,
        1.2119199643540823,
        1.224744871391589,
        1.2754356554178305,
        1.4630874888399532,
        1.1509356097444277,
        1.1656543226874767,
        1.3320306135954818,
        1.442172358323065,
        1.120267825120404,
        1.1666666666666667,
        1.2119199643540823,
        1.243734296383275,
        1.0077822185373186,
        1.2692955176439846,
        1.4197270864500684,
        1.2106300012803253,
        1.125,
        1.352081728298996,
        1.299038105676658,
        1.3584866989084254,
        1.2692955176439846,
        1.299038105676658,
        1.14564392373896,
        1.125,
        1.42828568570857,
        1.159202311936963,
        1.2267844146385296,
        1.479019945774904,
        1.3863170633011772,
        1.4142135623730951
    ],
    [
        1.9297284888855029,
        1.4074454795045446,
        1.8371173070873836,
        1.352081728298996,
        1.5155444566227676,
        1.4981238266578634,
        1.940521837032503,
        1.5761900266148114,
        1.4684175155588413,
        1.4491376746189437,
        1.4892257610405948,
        1.489546910976623,
        1.6153559979150107,
        1.5103807466993215,
        0.0,
        1.5255059381552531,
        1.4684175155588413,
        1.4252192813739224,
        1.5100640275653674,
        1.7001838135919305,
        1.4415703243338496,
        1.489546910976623,
        1.5218318639791395,
        1.541103500742244,
        1.5235421082318519,
        1.41222342424986,
        1.4240006242195884,
        1.5750881809529833,
        1.6376431235162316,
        1.5573526325858964,
        1.6105123408406408,
        1.620185174601965,
        1.5103807466993215,
        1.4349312798102136,
        1.541103500742244,
        1.4066804896635199,
        1.5612494995995996,
        1.58607219255619,
        1.5461646096066226,
        1.464273615900465,
        1.49362069407791,
        1.5461646096066226,
        1.4252192813739224,
        1.5811388300841898,
        1.4545188207788855,
        1.5512092057488571,
        1.4665009376062463,
        1.489546910976623,
        1.595893166850463,
        1.7544586059522749
    ],
    [
        1.5333245526220038,
        1.545969817214088,
        1.4798820967929045,
        1.16551206229148,
        1.1146061810233738,
        1.2828291040524773,
        1.4997873998997189,
        1.2678571428571428,
        1.2393680499614739,
        1.2596616406716494,
        1.334634781503914,
        1.322755125655909,
        1.2451436274828798,
        1.3819398152818467,
        1.5255059381552531,
        0.0,
        1.2505101000008283,
        1.2607952220074181,
        1.1075748005329076,
        1.4605789319056093,
        1.2451436274828798,
        1.167425652048654,
        1.1882717685438662,
        1.250127544513367,
        1.2213119548896845,
        1.2489740687819726,
        1.232933378797609,
        1.426014576957804,
        1.3801942705611396,
        1.1948283541657216,
        1.3760432035220345,
        1.1751845274123498,
        1.2197879541384333,
        1.1800735977663106,
        1.2831074763706927,
        1.2108617693567651,
        1.2259159424524928,
        1.3123481447623662,
        1.3102811662745815,
        1.235387951221265,
        1.1999031517985712,
        1.316593470797626,
        1.1428571428571428,
        1.3705866091061976,
        1.162366955300911,
        1.2133662485256562,
        1.2381684960011687,
        1.3426149097631708,
        1.3427336569362471,
        1.3875815842901724
    ],
    [
        1.7367391154407852,
        1.5416666666666667,
        1.5103807466993215,
        1.2930100540985752,
        1.165922381636102,
        1.3966477723463422,
        1.3693063937629153,
        1.1989578808281798,
        1.4361406616345072,
        1.3297086146972201,
        1.5056229641593815,
        1.192424001771182,
        1.118033988749895,
        1.1989578808281798,
        1.4684175155588413,
        1.2505101000008283,
        0.0,
        1.2054563451241194,
        1.192958721081363,
        1.2930100540985752,
        1.243734296383275,
        1.2119199643540823,
        1.0857345183996152,
        1.2562344526401112,
        1.1755613316388236,
        1.2835497652993435,
        1.1733439866940603,
        1.4918761491640131,
        1.252746981636755,
        1.107110854632202,
        1.1319231422671772,
        1.25,
        1.2054563451241194,
        1.1418491338370602,
        1.357847561400027,
        1.289622037652893,
        1.2808688457449497,
        1.3693063937629153,
        1.3975424859373686,
        1.182188413259259,
        1.215496012151235,
        1.3228756555322954,
        1.1524430571616109,
        1.1858541225631423,
        1.2036403117210723,
        1.0897247358851685,
        1.2774486291041218,
        1.5258194519667128,
        1.159202311936963,
        1.4523687548277813
    ],
    [
        1.5911906721389617,
        1.4312970031098058,
        1.4361406616345072,
        1.231107225224513,
        1.2054563451241194,
        1.440702953422391,
        1.4469796128487782,
        1.1319231422671772,
        1.3287682265918312,
        1.2447389284504602,
        1.3153819186216353,
        1.286953767623375,
        1.2183492931011204,
        1.2747548783981961,
        1.4252192813739224,
        1.2607952220074181,
        1.2054563451241194,
        0.0,
        1.186391802990935,
        1.352081728298996,
        1.0752906583803283,
        1.1989578808281798,
        1.0189182717197902,
        1.286953767623375,
        1.2140668570277888,
        1.271318213509112,
        1.0976616560266244,
        1.4535636285427007,
        1.246495086231791,
        1.181453906563152,
        1.2183492931011204,
        1.2686114456365274,
        1.231107225224513,
        1.0491398593345143,
        1.3050383136138188,
        1.1755317945508748,
        1.243734296383275,
        1.2624381172952597,
        1.3975424859373686,
        1.1554520519885039,
        1.1334558757279536,
        1.243734296383275,
        1.1319231422671772,
        1.2119199643540823,
        1.1694015563526499,
        1.286953767623375,
        1.1418187246669236,
        1.4737282653189494,
        1.334634781503914,
        1.4252192813739224
    ],
    [
        1.5430679419485671,
        1.485807765679426,
        1.4091311188828672,
        1.0703863979032648,
        1.064411545773302,
        1.392371710281359,
        1.5011687623519299,
        1.1740986555912687,
        1.2514022746747844,
        1.2213606915139812,
        1.2609216745649805,
        1.2483407354711833,
        1.167425652048654,
        1.1930923634635762,
        1.5100640275653674,
        1.1075748005329076,
        1.192958721081363,
        1.186391802990935,
        0.0,
        1.347593281766136,
        1.200021258315103,
        1.1471737675963587,
        1.1260073595213067,
        1.2115252235702478,
        1.0558725207359796,
        1.1450704015429776,
        1.0989197953232475,
        1.3580432476858142,
        1.208536811392105,
        1.0394193444881354,
        1.2638265913728925,
        1.2133662485256562,
        1.118746793405506,
        1.1428416417599552,
        1.220702582908043,
        1.1376779968382071,
        1.167425652048654,
        1.3094291091299042,
        1.318287773235125,
        1.219279530581952,
        1.1390375158812962,
        1.1105937003904438,
        1.067552512688223,
        1.1873321578485208,
        1.177856926275645,
        1.2388533622108893,
        1.123859966583825,
        1.3191341083901846,
        1.3669756577860455,
        1.426113957721529
    ],
    [
        1.4671139933174093,
        1.683766445931396,
        1.2054563451241194,
        1.5360257159305635,
        1.3863170633011772,
        1.686527497552293,
        1.0897247358851685,
        1.0680004681646913,
        1.4523687548277813,
        1.4692685254915117,
        1.6418863591389419,
        1.2374368670764582,
        1.1319231422671772,
        1.2054563451241194,
        1.7001838135919305,
        1.4605789319056093,
        1.2930100540985752,
        1.352081728298996,
        1.347593281766136,
        0.0,
        1.2183492931011204,
        1.1319231422671772,
        1.1326897682556822,
        1.5461646096066226,
        1.2956926504555177,
        1.200520720354297,
        1.3944333775567928,
        1.7395521454290086,
        1.084262422110072,
        1.1799835215421914,
        0.81967981553775,
        1.103970108290981,
        1.3975424859373686,
        1.1464013743498005,
        1.5206906325745548,
        1.2134661099511597,
        1.118033988749895,
        1.375,
        1.489546910976623,
        1.3352850299135055,
        1.0582020916000245,
        1.403121520040228,
        1.2054563451241194,
        1.0968705484240153,
        1.3935117509371782,
        1.1726039399558574,
        1.2262748468430722,
        1.6056540723331412,
        1.375,
        1.3635890143294642
    ],
    [
        1.3448693131259093,
        1.5331974577478416,
        1.2624381172952597,
        1.103970108290981,
        1.2054563451241194,
        1.3921655792325853,
        1.2747548783981961,
        0.9842509842514764,
        1.1989578808281798,
        1.2090802289343747,
        1.2576297758327863,
        1.159202311936963,
        1.1726039399558574,
        1.2119199643540823,
        1.4415703243338496,
        1.2451436274828798,
        1.243734296383275,
        1.0752906583803283,
        1.200021258315103,
        1.2183492931011204,
        0.0,
        1.0680004681646913,
        1.059841445164742,
        1.2686114456365274,
        1.1509356097444277,
        1.084262422110072,
        1.2402396721781015,
        1.375631168268265,
        1.1916375287812984,
        1.1242281302693367,
        1.0383279828647594,
        1.015504800579495,
        1.0307764064044151,
        1.0466547239233726,
        1.2624381172952597,
        1.1056672193747992,
        1.118033988749895,
        1.165922381636102,
        1.3110110602126894,
        1.2679270045585782,
        1.104756131963571,
        1.2686114456365274,
        1.0897247358851685,
        1.1792476415070754,
        1.1629703349613008,
        1.118033988749895,
        1.0476163419878481,
        1.340475661845451,
        1.224744871391589,
        1.1726039399558574
    ],
    [
        1.5398615098078643,
        1.5433549314543447,
        1.3975424859373686,
        1.1989578808281798,
        1.0752906583803283,
        1.3752272539475066,
        1.2930100540985752,
        1.0606601717798212,
        1.2374368670764582,
        1.1960873713905686,
        1.3941157317344166,
        1.1726039399558574,
        1.1524430571616109,
        1.224744871391589,
        1.489546910976623,
        1.167425652048654,
        1.2119199643540823,
        1.1989578808281798,
        1.1471737675963587,
        1.1319231422671772,
        1.0680004681646913,
        0.0,
        1.076903998610007,
        1.25,
        1.0865337342004413,
        1.1472793905583767,
        1.1280821975567403,
        1.5394127668259305,
        1.2947007376224051,
        1.1055415967851334,
        1.015504800579495,
        1.0752906583803283,
        1.1319231422671772,
        1.1395661942647786,
        1.3806701271484076,
        1.1127106542133944,
        1.0968705484240153,
        1.2747548783981961,
        1.25,
        1.2004050242406612,
        1.0905210273585335,
        1.3169567191065923,
        1.1858541225631423,
        1.159202311936963,
        1.1629703349613008,
        1.1388041973930374,
        1.1382552437832214,
        1.571225636247067,
        1.2374368670764582,
        1.2374368670764582
    ],
    [
        1.2904728957961809,
        1.4982628830304336,
        1.0416666666666667,
        1.0622957319984967,
        1.0720566941890506,
        1.3241611600472873,
        1.0720566941890506,
        1.016359243137539,
        1.2720281268728122,
        1.2027457013941985,
        1.3125371174969704,
        1.2147816447594375,
        1.1188101318414627,
        1.2754356554178305,
        1.5218318639791395,
        1.1882717685438662,
        1.0857345183996152,
        1.0189182717197902,
        1.1260073595213067,
        1.1326897682556822,
        1.059841445164742,
        1.076903998610007,
        0.0,
        1.2083333333333333,
        1.0809268142560706,
        1.0717003623525871,
        1.0913167378090662,
        1.4337208778404378,
        1.002219758558194,
        0.9762812094883317,
        0.961046882889233,
        0.9771699499632145,
        1.1931517552730295,
        0.9565200236040831,
        1.0639287779003088,
        1.017690741062551,
        0.9691419458010839,
        1.2068956964966866,
        1.3352850299135055,
        1.2054563451241194,
        0.9288957004003314,
        1.1967838846954226,
        1.0214708893442719,
        1.165177621175797,
        1.1716559980547951,
        1.0614782669047498,
        0.9660558414961782,
        1.4493772609105073,
        1.228283581081973,
        1.1733439866940603
    ],
    [
        1.6832192491818547,
        1.5195485440675391,
        1.505199322349037,
        1.1726039399558574,
        1.1524430571616109,
        1.320747894187229,
        1.6153559979150107,
        1.357847561400027,
        1.2747548783981961,
        1.2975939272360981,
        1.3579649765553676,
        1.3110110602126894,
        1.340475661845451,
        1.4630874888399532,
        1.541103500742244,
        1.250127544513367,
        1.2562344526401112,
        1.286953767623375,
        1.2115252235702478,
        1.5461646096066226,
        1.2686114456365274,
        1.25,
        1.2083333333333333,
        0.0,
        1.2936812246883354,
        1.2539936203984452,
        1.1234557302260635,
        1.472549753922691,
        1.3383758814324174,
        1.1349865393230196,
        1.4086784586980805,
        1.3169567191065923,
        1.334634781503914,
        1.267242193812129,
        1.286953767623375,
        1.222446317839765,
        1.357847561400027,
        1.3863170633011772,
        1.4684175155588413,
        1.2896489617118467,
        1.2513881181401005,
        1.3228756555322954,
        1.165922381636102,
        1.4142135623730951,
        1.3564659966250536,
        1.3110110602126894,
        1.3325257971236428,
        1.4306903927824497,
        1.334634781503914,
        1.3863170633011772
    ],
    [
        1.4555610189265835,
        1.578941276791368,
        1.3430634551071832,
        1.2754356554178305,
        1.1509356097444277,
        1.4222439234455453,
        1.3359349618234497,
        1.0590220855949029,
        1.2610621625351297,
        1.2504443654601796,
        1.2971411308638259,
        1.2423376263229644,
        1.1777745020918808,
        1.1509356097444277,
        1.5235421082318519,
        1.2213119548896845,
        1.1755613316388236,
        1.2140668570277888,
        1.0558725207359796,
        1.2956926504555177,
        1.1509356097444277,
        1.0865337342004413,
        1.0809268142560706,
        1.2936812246883354,
        0.0,
        1.155452051988504,
        1.2296962136144756,
        1.314317524632292,
        1.2200295989123469,
        1.1349865393230196,
        1.16963907063485,
        1.0639287779003086,
        1.1372786719963484,
        1.1288514320120056,
        1.233924407913404,
        1.1329656266238226,
        1.0146496384904933,
        1.2651855375574144,
        1.2856040517117926,
        1.2977009585331198,
        1.16963907063485,
        1.231107225224513,
        1.0905210273585335,
        1.2486103386476415,
        1.2773942661179871,
        1.1509356097444277,
        1.0527411309951222,
        1.3856907623596575,
        1.2296962136144756,
        1.2296962136144756
    ],
    [
        1.4490232459649979,
        1.420558380043253,
        1.182159041753689,
        1.1084899638697683,
        1.1926860441876563,
        1.3667936932836646,
        1.318379687343521,
        1.1892749892266297,
        1.3250000000000002,
        1.2234684303242158,
        1.261422302200891,
        1.2944593465999619,
        1.2723010649999473,
        1.1656543226874767,
        1.41222342424986,
        1.2489740687819726,
        1.2835497652993435,
        1.271318213509112,
        1.1450704015429776,
        1.200520720354297,
        1.084262422110072,
        1.1472793905583767,
        1.0717003623525871,
        1.2539936203984452,
        1.155452051988504,
        0.0,
        1.0856385729657505,
        1.3654466098842695,
        1.0467210707729162,
        1.0789655539759675,
        1.1335784048754634,
        1.0550473923004597,
        1.1540688887583792,
        1.017690741062551,
        1.1704699910719625,
        0.9154916711800277,
        1.1874342087037917,
        1.306474263045392,
        1.4210471491122314,
        1.2382222920156318,
        1.062753237795324,
        1.176860229593982,
        1.0280442597476045,
        1.0988630487917956,
        1.2155245781143218,
        1.2316147936753603,
        1.0431323022512533,
        1.2262748468430722,
        1.3820274961085255,
        1.3592277219068187
    ],
    [
        1.4003664081580598,
        1.4197270864500684,
        1.3352850299135055,
        1.006058038970803,
        1.107110854632202,
        1.2293855737273351,
        1.4601179556612693,
        1.2211959074794039,
        1.4221706804896677,
        1.2050530186584232,
        1.3479613186413355,
        1.2956926504555177,
        1.2147816447594377,
        1.3320306135954818,
        1.4240006242195884,
        1.232933378797609,
        1.1733439866940603,
        1.0976616560266244,
        1.0989197953232475,
        1.3944333775567928,
        1.2402396721781015,
        1.1280821975567403,
        1.0913167378090662,
        1.1234557302260635,
        1.2296962136144756,
        1.0856385729657505,
        0.0,
        1.4433756729740643,
        1.168540162386861,
        1.0696248044161196,
        1.289648961711847,
        1.227576655221353,
        1.228283581081973,
        1.0466547239233726,
        1.0976616560266244,
        1.027368537142885,
        1.289648961711847,
        1.3775229379013783,
        1.481365736219265,
        1.0696248044161196,
        1.0680004681646913,
        1.1777745020918808,
        1.044163673845139,
        1.2527746981977423,
        1.1920162657354043,
        1.2774758097296577,
        1.1357205250901787,
        1.4312970031098058,
        1.3546473505840717,
        1.4000248013676202
    ],
    [
        1.8414900490925896,
        1.592626237801366,
        1.7569307201923348,
        1.2856040517117926,
        1.420338379088276,
        1.4295492685147688,
        1.86711304186734,
        1.4942017564200922,
        1.3584866989084254,
        1.332187007226171,
        1.3952462213317727,
        1.4953632037438633,
        1.5717780094883345,
        1.442172358323065,
        1.5750881809529833,
        1.426014576957804,
        1.4918761491640131,
        1.4535636285427007,
        1.3580432476858142,
        1.7395521454290086,
        1.375631168268265,
        1.5394127668259305,
        1.4337208778404378,
        1.472549753922691,
        1.314317524632292,
        1.3654466098842695,
        1.4433756729740643,
        0.0,
        1.4830524078549767,
        1.4142135623730951,
        1.7108720973039842,
        1.5461646096066228,
        1.3642254619787417,
        1.4577379737113252,
        1.4439769542636214,
        1.4457072471439174,
        1.5166895602667745,
        1.5314979957907588,
        1.4848774734337886,
        1.504045470648337,
        1.4630874888399532,
        1.445779297741456,
        1.3450010326307478,
        1.620720861564727,
        1.3624681443778583,
        1.4953632037438633,
        1.4073714664026853,
        1.348867838019887,
        1.586619397054981,
        1.6061946056163652
    ],
    [
        1.1046227077742936,
        1.580106360695732,
        0.8699856320652658,
        1.1146748404803979,
        1.2054563451241194,
        1.4609500333686982,
        1.001873245475694,
        0.9940447676035522,
        1.4842927608797396,
        1.3341664064126333,
        1.4451008015119957,
        1.3709029870855194,
        1.2798925736170206,
        1.120267825120404,
        1.6376431235162316,
        1.3801942705611396,
        1.252746981636755,
        1.246495086231791,
        1.208536811392105,
        1.084262422110072,
        1.1916375287812984,
        1.2947007376224051,
        1.002219758558194,
        1.3383758814324174,
        1.2200295989123469,
        1.0467210707729162,
        1.168540162386861,
        1.4830524078549767,
        0.0,
        1.0312478956207485,
        0.9781998773256926,
        0.9457140159688869,
        1.1583932838203095,
        1.1133033928109823,
        1.1675294428835616,
        1.0158124826955022,
        1.0550473923004597,
        1.226529657203608,
        1.5270478054075451,
        1.4075934940331476,
        1.0994632528849906,
        1.2288205727444508,
        0.9653367288153911,
        1.1382552437832212,
        1.439400917048478,
        1.200520720354297,
        1.015504800579495,
        1.3706750161872798,
        1.4223659866574425,
        1.255487952948972
    ],
    [
        1.3420738174628377,
        1.5017351075783416,
        1.2104865871944959,
        1.076903998610007,
