[
    [
        0.0,
        0.30618621784789724,
        0.23799290955824715,
        0.28254908312539256,
        0.26836818808308854,
        0.4632489712616748,
        0.3128903811640748,
        0.29022149407822984,
        0.25626905416963636,
        0.3194538796915761,
        0.27421763710600383,
        0.3710731902199349,
        0.2533949178160446,
        0.25291271962872885,
        0.2692763740564701,
        0.28427195935406646,
        0.3318243840874266,
        0.19764235376052372,
        0.460075995760483,
        0.2405438174740727,
        0.17258376589355096,
        0.25994749403057876,
        0.30856902590830465,
        0.2072890493972125,
        0.26238836912104163,
        0.24506854908372067,
        0.27775607554111215,
        0.3433947027474361,
        0.20432338797846908,
        0.38209435189492136,
        0.25194555463432966,
        0.2795084971874737,
        0.2881107642904027,
        0.2786336640644845,
        0.26052081250832915,
        0.2670001170411728,
        0.33548297739974825,
        0.2430679560328757,
        0.29522568168267477,
        0.22963966338592295,
        0.2557922741210141,
        0.23175620272173947,
        0.34481369516740484,
        0.23175620272173947,
        0.22316963839196408,
        0.27599252707274524,
        0.29481191037676885,
        0.31638213642682167,
        0.42245330733111797
    ],
    [
        0.30618621784789724,
        0.0,
        0.27466243486323355,
        0.2072890493972125,
        0.30578727798095195,
        0.22910747341586218,
        0.15857643070456592,
        0.38937299357428473,
        0.35664725657854146,
        0.436102679279777,
        0.15934435979977452,
        0.28341183042526646,
        0.14405538214520136,
        0.33438960248488586,
        0.23175620272173947,
        0.24206145913796356,
        0.34693130173710185,
        0.2170694373351532,
        0.14740595518838442,
        0.2460627460628691,
        0.17328963291264715,
        0.19501713777967766,
        0.2692763740564701,
        0.3045873232752801,
        0.23333100817293873,
        0.10711960313126631,
        0.3455210060546247,
        0.20432338797846908,
        0.1514899955442603,
        0.2013140426050801,
        0.20904825250405706,
        0.258639771206982,
        0.2170694373351532,
        0.27198273727389394,
        0.258167369404036,
        0.14986973510352247,
        0.2764344689524083,
        0.31171777098843756,
        0.17746588580625855,
        0.19390115071860714,
        0.18684782411095935,
        0.12303137303143455,
        0.2209708691207961,
        0.3266335150057324,
        0.16682934768798924,
        0.14149039278339715,
        0.4044430970482745,
        0.20191949973937634,
        0.3899994991983964
    ],
    [
        0.23799290955824715,
        0.27466243486323355,
        0.0,
        0.18684782411095935,
        0.21194781197266463,
        0.38654115240165565,
        0.23747943989954162,
        0.1795175827043134,
        0.21423920626253262,
        0.31444705933590794,
        0.1660960283239789,
        0.3069825422560703,
        0.22857404434887177,
        0.20669932117692114,
        0.1660960283239789,
        0.27198273727389394,
        0.20009763241977652,
        0.20846350100197397,
        0.3968257843500092,
        0.18553659510996745,
        0.20846350100197397,
        0.2270259866427434,
        0.2181912506838897,
        0.24506854908372067,
        0.20787710461953235,
        0.21137108216357317,
        0.234375,
        0.27599252707274524,
        0.19008632907181935,
        0.30935921676911454,
        0.15780476466190746,
        0.29563887388163285,
        0.213668661424646,
        0.2790714234295586,
        0.2096313728906053,
        0.1753901900050285,
        0.2557922741210141,
        0.27198273727389394,
        0.23333100817293873,
        0.1616262567623219,
        0.2576941016011038,
        0.18288593610499415,
        0.28980057798424075,
        0.23070036031614688,
        0.2096313728906053,
        0.18355218944485516,
        0.21986323874172325,
        0.23644915547533682,
        0.36241917202322504
    ],
    [
        0.28254908312539256,
        0.2072890493972125,
        0.18684782411095935,
        0.0,
        0.19948664585630788,
        0.4752158226795484,
        0.27198273727389394,
        0.2768757054167086,
        0.21650635094610965,
        0.32249636625859834,
        0.15934435979977452,
        0.2715335499528557,
        0.18421603316486868,
        0.3001464486296648,
        0.120017902310447,
        0.23333100817293873,
        0.3521696146745201,
        0.20787710461953235,
        0.4584812734725378,
        0.24556615071096424,
        0.1875,
        0.20399120862048062,
        0.1690102160373745,
        0.2715335499528557,
        0.2781952158557009,
        0.14986973510352247,
        0.1711632992203644,
        0.3657718722099883,
        0.15068204314051492,
        0.36174490321219455,
        0.24407030237208294,
        0.22152260748059102,
        0.3232525135246438,
        0.18221724671391565,
        0.3021731188408393,
        0.21875,
        0.23799290955824715,
        0.23644915547533682,
        0.20610790559801437,
        0.2509746625657658,
        0.24655834121967968,
        0.18288593610499415,
        0.38937299357428473,
        0.20070675904164265,
        0.11899645477912357,
        0.23017062285400366,
        0.2445699350390395,
        0.27332587007087344,
        0.42475866309588084
    ],
    [
        0.26836818808308854,
        0.30578727798095195,
        0.21194781197266463,
        0.19948664585630788,
        0.0,
        0.48963873799976243,
        0.2976962325509008,
        0.31483502624390447,
        0.25146057717861064,
        0.36005370693134103,
        0.18288593610499415,
        0.20610790559801437,
        0.2460627460628691,
        0.2159417962669571,
        0.18288593610499415,
        0.2390165396996618,
        0.34410493039914436,
        0.23593232610221093,
        0.49509310992983935,
        0.25958199571618984,
        0.2390165396996618,
        0.23321472059623033,
        0.184877493221863,
        0.29973947020704494,
        0.26608416196760004,
        0.25958199571618984,
        0.22426093897511443,
        0.3871722404176208,
        0.22262198201210948,
        0.3881169483866944,
        0.25242960033442985,
        0.28470104934825935,
        0.3336586953759785,
        0.2633171804117612,
        0.30257682392245444,
        0.2445699350390395,
        0.2170694373351532,
        0.2914805954090255,
        0.27018150727797785,
        0.24655834121967968,
        0.2557922741210141,
        0.22857404434887177,
        0.3928064090617667,
        0.225888004606265,
        0.19327057620082783,
        0.23799290955824715,
        0.2628531850196988,
        0.23747943989954162,
        0.4643018111907383
    ],
    [
        0.4632489712616748,
        0.22910747341586218,
        0.38654115240165565,
        0.4752158226795484,
        0.48963873799976243,
        0.0,
        0.21650635094610965,
        0.5193990668310832,
        0.5732480102451294,
        0.6296700524878089,
        0.3318243840874266,
        0.3465792658252943,
        0.30856902590830465,
        0.41221581119602874,
        0.501219216635795,
        0.32135880939379896,
        0.3423265984407288,
        0.33874192794810626,
        0.16312978920172735,
        0.3535533905932738,
        0.35561895864815757,
        0.37416718865962095,
        0.48235465751353535,
        0.3924955214712647,
        0.213096589015404,
        0.31171777098843756,
        0.6155536126122565,
        0.15780476466190746,
        0.37727176461405115,
        0.14657549249448218,
        0.23385358667337133,
        0.39927913559939493,
        0.2543565718140579,
        0.489139870078079,
        0.27466243486323355,
        0.22262198201210948,
        0.3647692978102735,
        0.5704730082352714,
        0.2728788936964528,
        0.255314603724503,
        0.363763960213213,
        0.28895690638917076,
        0.19390115071860714,
        0.5101508661660784,
        0.43498159084609545,
        0.2181912506838897,
        0.5892096135926501,
        0.21763106683100186,
        0.5883803244925854
    ],
    [
        0.3128903811640748,
        0.15857643070456592,
        0.23747943989954162,
        0.27198273727389394,
        0.2976962325509008,
        0.21650635094610965,
        0.0,
        0.3700849775727191,
        0.40894538525945,
        0.5275607192541917,
        0.18221724671391565,
        0.2768757054167086,
        0.1907274314958391,
        0.2923169833417142,
        0.29064180058966055,
        0.21137108216357317,
        0.24256522962906288,
        0.2533949178160446,
        0.13710881855300192,
        0.3045873232752801,
        0.1570293065800139,
        0.17523545667979917,
        0.2829807855667943,
        0.29022149407822984,
        0.203125,
        0.16461958988832404,
        0.40050017556175926,
        0.12789613706050704,
        0.19008632907181935,
        0.12103072956898178,
        0.20252314682524564,
        0.33548297739974825,
        0.2395267143243108,
        0.375,
        0.21194781197266463,
        0.16461958988832404,
        0.2548360379734389,
        0.36543798636020314,
        0.19008632907181935,
        0.16535945694153692,
        0.17399263633843817,
        0.18553659510996745,
        0.14823176532039278,
        0.37727176461405115,
        0.21423920626253262,
        0.10825317547305482,
        0.4550068680800324,
        0.13441133229754104,
        0.5674693686667149
    ],
    [
        0.29022149407822984,
        0.38937299357428473,
        0.1795175827043134,
        0.2768757054167086,
        0.31483502624390447,
        0.5193990668310832,
        0.3700849775727191,
        0.0,
        0.20669932117692114,
        0.20610790559801437,
        0.28427195935406646,
        0.4131032520750714,
        0.31093357409581873,
        0.27018150727797785,
        0.22426093897511443,
        0.3423265984407288,
        0.30578727798095195,
        0.2728788936964528,
        0.557267328128969,
        0.19327057620082783,
        0.24506854908372067,
        0.34129489427928905,
        0.33874192794810626,
        0.21986323874172325,
        0.21194781197266463,
        0.2799448885495143,
        0.28512949360772905,
        0.39311705079403514,
        0.22963966338592295,
        0.45150572739999656,
        0.2072890493972125,
        0.30737993082665627,
        0.2445699350390395,
        0.2781952158557009,
        0.2013140426050801,
        0.273772116686488,
        0.3681005934184296,
        0.271083618326523,
        0.3423265984407288,
        0.28470104934825935,
        0.3775951866748304,
        0.2390165396996618,
        0.4422178655651533,
        0.21650635094610965,
        0.24951124097923924,
        0.29851520585223124,
        0.1926379375927805,
        0.34375,
        0.22910747341586218
    ],
    [
        0.25626905416963636,
        0.35664725657854146,
        0.21423920626253262,
        0.21650635094610965,
        0.25146057717861064,
        0.5732480102451294,
        0.40894538525945,
        0.20669932117692114,
        0.0,
        0.17608480733726006,
        0.2943975575221371,
        0.3899994991983964,
        0.33946189035000673,
        0.30777680630612825,
        0.171875,
        0.34268300311658295,
        0.4310348195041788,
        0.2509746625657658,
        0.601308793902933,
        0.18221724671391565,
        0.27332587007087344,
        0.31228291070669306,
        0.23017062285400366,
        0.22963966338592295,
        0.2764344689524083,
        0.27599252707274524,
        0.21763106683100186,
        0.4509646778019316,
        0.23541436208311506,
        0.49410588440130926,
        0.24556615071096424,
        0.28555729503901667,
        0.31366968593569894,
        0.1887975933374152,
        0.28125,
        0.2768757054167086,
        0.3398212995458054,
        0.2385052737886523,
        0.3504322108125907,
        0.3262595784034547,
        0.37565047750535335,
        0.2619227283475033,
        0.5403630145559557,
        0.1711632992203644,
        0.21194781197266463,
        0.32211762700137975,
        0.1307281291459493,
        0.38209435189492136,
        0.2633171804117612
    ],
    [
        0.3194538796915761,
        0.436102679279777,
        0.31444705933590794,
        0.32249636625859834,
        0.36005370693134103,
        0.6296700524878089,
        0.5275607192541917,
        0.20610790559801437,
        0.17608480733726006,
        0.0,
        0.43554249577394855,
        0.4468859264398466,
        0.4512352836935516,
        0.40894538525945,
        0.2764344689524083,
        0.4230308240837776,
        0.4544699866327808,
        0.3419698223162389,
        0.6801812143649661,
        0.225888004606265,
        0.39497577061764183,
        0.3577105173685995,
        0.27775607554111215,
        0.25146057717861064,
        0.34693130173710185,
        0.3483358876501243,
        0.26972932033800107,
        0.5146771591250189,
        0.3620821945705146,
        0.5837981778834189,
        0.3251351882294502,
        0.30378472023786846,
        0.3640993811790951,
        0.24902152266420668,
        0.2981060004427955,
        0.3630921887069453,
        0.47186465220442186,
        0.2893790496476896,
        0.44138896536954797,
        0.3811347161765771,
        0.44028133761266786,
        0.3647692978102735,
        0.6117741234516216,
        0.2072890493972125,
        0.369754986443726,
        0.38305158350410196,
        0.19764235376052372,
        0.4818482482846648,
        0.14986973510352247
    ],
    [
        0.27421763710600383,
        0.15934435979977452,
        0.1660960283239789,
        0.15934435979977452,
        0.18288593610499415,
        0.3318243840874266,
        0.18221724671391565,
        0.28427195935406646,
        0.2943975575221371,
        0.43554249577394855,
        0.0,
        0.25242960033442985,
        0.1887975933374152,
        0.23747943989954162,
        0.140625,
        0.19702375332685143,
        0.24655834121967968,
        0.21194781197266463,
        0.301768873684812,
        0.2567449488305466,
        0.17258376589355096,
        0.19729892630078968,
        0.20252314682524564,
        0.28168369339562416,
        0.20846350100197397,
        0.15068204314051492,
        0.25048780534189685,
        0.2533949178160446,
        0.14657549249448218,
        0.23070036031614688,
        0.20787710461953235,
        0.2609889545076573,
        0.2647042866577721,
        0.273772116686488,
        0.22262198201210948,
        0.15546678704790937,
        0.140625,
        0.27466243486323355,
        0.15467960838455727,
        0.15388840315306412,
        0.20372507516258279,
        0.13975424859373686,
        0.28683687110446593,
        0.28641098093474,
        0.15857643070456592,
        0.14405538214520136,
        0.3167677333236452,
        0.15388840315306412,
        0.5048592006688597
    ],
    [
        0.3710731902199349,
        0.28341183042526646,
        0.3069825422560703,
        0.2715335499528557,
        0.20610790559801437,
        0.3465792658252943,
        0.2768757054167086,
        0.4131032520750714,
        0.3899994991983964,
        0.4468859264398466,
        0.25242960033442985,
        0.0,
        0.22371595411369302,
        0.3627558364451219,
        0.275106513463422,
        0.17608480733726006,
        0.3029799910885206,
        0.22696623509896796,
        0.3125,
        0.34161267357930386,
        0.27198273727389394,
        0.22558758153862205,
        0.2385052737886523,
        0.3089643739575811,
        0.358013726168425,
        0.21763106683100186,
        0.25958199571618984,
        0.3175375223890871,
        0.24556615071096424,
        0.36005370693134103,
        0.3089643739575811,
        0.2181912506838897,
        0.3140586131600278,
        0.3081731706768128,
        0.3583545294118661,
        0.26378035962709584,
        0.298923851089203,
        0.28853414550967793,
        0.17469281074217108,
        0.23280725665236468,
        0.27332587007087344,
        0.2312288841710741,
        0.29189908894170946,
        0.2893790496476896,
        0.22207297505549836,
        0.26052081250832915,
        0.4095419506900361,
        0.29563887388163285,
        0.5898308152555273
    ],
    [
        0.2533949178160446,
        0.14405538214520136,
        0.22857404434887177,
        0.18421603316486868,
        0.2460627460628691,
        0.30856902590830465,
        0.1907274314958391,
        0.31093357409581873,
        0.33946189035000673,
        0.4512352836935516,
        0.1887975933374152,
        0.22371595411369302,
        0.0,
        0.34268300311658295,
        0.20904825250405706,
        0.21194781197266463,
        0.3340243488504992,
        0.2312288841710741,
        0.23541436208311506,
        0.29933193844793776,
        0.1660960283239789,
        0.23564470887215874,
        0.2642427269576213,
        0.21423920626253262,
        0.29522568168267477,
        0.16973094517500337,
        0.27775607554111215,
        0.23228232417685166,
        0.10245997694221876,
        0.24506854908372067,
        0.2715335499528557,
        0.2385052737886523,
        0.23385358667337133,
        0.3217384419058438,
        0.2679129406169101,
        0.23385358667337133,
        0.2755498763835687,
        0.20904825250405706,
        0.20787710461953235,
        0.18154609435347266,
        0.1690102160373745,
        0.1988737822087165,
        0.19390115071860714,
        0.32775276505317236,
        0.12103072956898178,
        0.22534695471649932,
        0.47134697278119864,
        0.24655834121967968,
        0.5968259142120087
    ],
    [
        0.25291271962872885,
        0.33438960248488586,
        0.20669932117692114,
        0.3001464486296648,
        0.2159417962669571,
        0.41221581119602874,
        0.2923169833417142,
        0.27018150727797785,
        0.30777680630612825,
        0.40894538525945,
        0.23747943989954162,
        0.3627558364451219,
        0.34268300311658295,
        0.0,
        0.27466243486323355,
        0.3069825422560703,
        0.25911131174651564,
        0.2799448885495143,
        0.4441459501109967,
        0.22371595411369302,
        0.25626905416963636,
        0.2749092337582635,
        0.30338262248355624,
        0.318305449804115,
        0.2348952559120767,
        0.25,
        0.36876324128768584,
        0.3128903811640748,
        0.27599252707274524,
        0.36005370693134103,
        0.22534695471649932,
        0.35458767868469426,
        0.24902152266420668,
        0.3255104164999947,
        0.3128903811640748,
        0.24754655496491967,
        0.2642427269576213,
        0.3881169483866944,
        0.28895690638917076,
        0.213096589015404,
        0.28341183042526646,
        0.21875,
        0.29646353064078557,
        0.27775607554111215,
        0.29522568168267477,
        0.21930732574403436,
        0.273772116686488,
        0.22803936748947537,
        0.4836183606419425
    ],
    [
        0.2692763740564701,
        0.23175620272173947,
        0.1660960283239789,
        0.120017902310447,
        0.18288593610499415,
        0.501219216635795,
        0.29064180058966055,
        0.22426093897511443,
        0.171875,
        0.2764344689524083,
        0.140625,
        0.275106513463422,
        0.20904825250405706,
        0.27466243486323355,
        0.0,
        0.25146057717861064,
        0.3811347161765771,
        0.21194781197266463,
        0.4955859852235533,
        0.20070675904164265,
        0.2096313728906053,
        0.2295215055888615,
        0.20610790559801437,
        0.2567449488305466,
        0.2538762001448738,
        0.184877493221863,
        0.18355218944485516,
        0.37629983058725924,
        0.1570293065800139,
        0.375,
        0.2159417962669571,
        0.225888004606265,
        0.29064180058966055,
        0.1660960283239789,
        0.2799448885495143,
        0.20669932117692114,
        0.22371595411369302,
        0.1988737822087165,
        0.24256522962906288,
        0.2509746625657658,
        0.258167369404036,
        0.19640320453088336,
        0.4287632104378826,
        0.19578068884596356,
        0.1316585902058806,
        0.22963966338592295,
        0.20551478809321727,
        0.2724311839712921,
        0.3576725981956124
    ],
    [
        0.28427195935406646,
        0.24206145913796356,
        0.27198273727389394,
        0.23333100817293873,
        0.2390165396996618,
        0.32135880939379896,
        0.21137108216357317,
        0.3423265984407288,
        0.34268300311658295,
        0.4230308240837776,
        0.19702375332685143,
        0.17608480733726006,
        0.21194781197266463,
        0.3069825422560703,
        0.25146057717861064,
        0.0,
        0.20551478809321727,
        0.21650635094610965,
        0.27198273727389394,
        0.2670001170411728,
        0.21423920626253262,
        0.21008379198019486,
        0.21986323874172325,
        0.28555729503901667,
        0.301768873684812,
        0.16010860571811872,
        0.27421763710600383,
        0.2786336640644845,
        0.20372507516258279,
        0.2910615001593306,
        0.28683687110446593,
        0.213096589015404,
        0.27775607554111215,
        0.28555729503901667,
        0.3247595264191645,
        0.2159417962669571,
        0.2533949178160446,
        0.27775607554111215,
        0.14490028899212037,
        0.16010860571811872,
        0.2159417962669571,
        0.18221724671391565,
        0.22534695471649932,
        0.2614562582918986,
        0.19390115071860714,
        0.20191949973937634,
        0.3681005934184296,
        0.22857404434887177,
        0.5892096135926501
    ],
    [
        0.3318243840874266,
        0.34693130173710185,
        0.20009763241977652,
        0.3521696146745201,
        0.34410493039914436,
        0.3423265984407288,
        0.24256522962906288,
        0.30578727798095195,
        0.4310348195041788,
        0.4544699866327808,
        0.24655834121967968,
        0.3029799910885206,
        0.3340243488504992,
        0.25911131174651564,
        0.3811347161765771,
        0.20551478809321727,
        0.0,
        0.28081563680642857,
        0.33729739288942034,
        0.24506854908372067,
        0.25291271962872885,
        0.2582724222545299,
        0.3376591060152236,
        0.3347544575879461,
        0.2159417962669571,
        0.2460627460628691,
        0.453125,
        0.26005182776708186,
        0.3205981957606749,
        0.3121091305537215,
        0.23017062285400366,
        0.32738010687120256,
        0.22371595411369302,
        0.3871722404176208,
        0.25626905416963636,
        0.214808235701055,
        0.2799448885495143,
        0.4310348195041788,
        0.23696485762661096,
        0.19578068884596356,
        0.2764344689524083,
        0.23799290955824715,
        0.26972932033800107,
        0.3251351882294502,
        0.32886820593514354,
        0.17258376589355096,
        0.3630921887069453,
        0.21986323874172325,
        0.5362813219290785
    ],
    [
        0.19764235376052372,
        0.2170694373351532,
        0.20846350100197397,
        0.20787710461953235,
        0.23593232610221093,
        0.33874192794810626,
        0.2533949178160446,
        0.2728788936964528,
        0.2509746625657658,
        0.3419698223162389,
        0.21194781197266463,
        0.22696623509896796,
        0.2312288841710741,
        0.2799448885495143,
        0.21194781197266463,
        0.21650635094610965,
        0.28081563680642857,
        0.0,
        0.3329261836353518,
        0.21930732574403436,
        0.15780476466190746,
        0.23140479053669857,
        0.24803918541230538,
        0.19515618744994995,
        0.25,
        0.17258376589355096,
        0.24506854908372067,
        0.24556615071096424,
        0.18221724671391565,
        0.3340243488504992,
        0.23541436208311506,
        0.22910747341586218,
        0.24556615071096424,
        0.23541436208311506,
        0.28853414550967793,
        0.20432338797846908,
        0.29851520585223124,
        0.20787710461953235,
        0.19390115071860714,
        0.16755945773068137,
        0.24356964481437338,
        0.16010860571811872,
        0.28168369339562416,
        0.19702375332685143,
        0.1795175827043134,
        0.22262198201210948,
        0.293567097313374,
        0.2670001170411728,
        0.3928064090617667
    ],
    [
        0.460075995760483,
        0.14740595518838442,
        0.3968257843500092,
        0.4584812734725378,
        0.49509310992983935,
        0.16312978920172735,
        0.13710881855300192,
        0.557267328128969,
        0.601308793902933,
        0.6801812143649661,
        0.301768873684812,
        0.3125,
        0.23541436208311506,
        0.4441459501109967,
        0.4955859852235533,
        0.27198273727389394,
        0.33729739288942034,
        0.3329261836353518,
        0.0,
        0.38305158350410196,
        0.29522568168267477,
        0.3431181060833459,
        0.4512352836935516,
        0.3792081593597374,
        0.26238836912104163,
        0.28125,
        0.5986638768958755,
        0.14235052467412967,
        0.3101473943949876,
        0.11796616305110547,
        0.25048780534189685,
        0.38305158350410196,
        0.2786336640644845,
        0.49013709816744133,
        0.28125,
        0.21423920626253262,
        0.3391021002220423,
        0.5453102614567233,
        0.22963966338592295,
        0.23593232610221093,
        0.2872621298570349,
        0.27198273727389394,
        0.15068204314051492,
        0.5310201708739509,
        0.3736956482219187,
        0.17399263633843817,
        0.6417672743097765,
        0.17328963291264715,
        0.6716932893813962
    ],
    [
        0.2405438174740727,
        0.2460627460628691,
        0.18553659510996745,
        0.24556615071096424,
        0.25958199571618984,
        0.3535533905932738,
        0.3045873232752801,
        0.19327057620082783,
        0.18221724671391565,
        0.225888004606265,
        0.2567449488305466,
        0.34161267357930386,
        0.29933193844793776,
        0.22371595411369302,
        0.20070675904164265,
        0.2670001170411728,
        0.24506854908372067,
        0.21930732574403436,
        0.38305158350410196,
        0.0,
        0.23541436208311506,
        0.2517301244498869,
        0.20787710461953235,
        0.23070036031614688,
        0.15546678704790937,
        0.18355218944485516,
        0.2914805954090255,
        0.240035804620894,
        0.2209708691207961,
        0.33438960248488586,
        0.14320549046737,
        0.255314603724503,
        0.14490028899212037,
        0.24853083938416978,
        0.20904825250405706,
        0.1753901900050285,
        0.3029799910885206,
        0.29315098498896436,
        0.25911131174651564,
        0.1753901900050285,
        0.2786336640644845,
        0.1690102160373745,
        0.33874192794810626,
        0.21137108216357317,
        0.258167369404036,
        0.19702375332685143,
        0.1767766952966369,
        0.27466243486323355,
        0.29563887388163285
    ],
    [
        0.17258376589355096,
        0.17328963291264715,
        0.20846350100197397,
        0.1875,
        0.2390165396996618,
        0.35561895864815757,
        0.1570293065800139,
        0.24506854908372067,
        0.27332587007087344,
        0.39497577061764183,
        0.17258376589355096,
        0.27198273727389394,
        0.1660960283239789,
        0.25626905416963636,
        0.2096313728906053,
        0.21423920626253262,
        0.25291271962872885,
        0.15780476466190746,
        0.29522568168267477,
        0.23541436208311506,
        0.0,
        0.2104708057414245,
        0.23385358667337133,
        0.19452968121857395,
        0.2049199538844375,
        0.15068204314051492,
        0.30055287596361474,
        0.24206145913796356,
        0.1269381000724369,
        0.25291271962872885,
        0.213096589015404,
        0.240035804620894,
        0.23644915547533682,
        0.25291271962872885,
        0.23696485762661096,
        0.18619336387207788,
        0.26052081250832915,
        0.2688226645950821,
        0.19515618744994995,
        0.140625,
        0.17044862679118303,
        0.1570293065800139,
        0.21875,
        0.24951124097923924,
        0.13975424859373686,
        0.16973094517500337,
        0.3251351882294502,
        0.20787710461953235,
        0.4674461031766122
    ],
    [
        0.25994749403057876,
        0.19501713777967766,
        0.2270259866427434,
        0.20399120862048062,
        0.23321472059623033,
        0.37416718865962095,
        0.17523545667979917,
        0.34129489427928905,
        0.31228291070669306,
        0.3577105173685995,
        0.19729892630078968,
        0.22558758153862205,
        0.23564470887215874,
        0.2749092337582635,
        0.2295215055888615,
        0.21008379198019486,
        0.2582724222545299,
        0.23140479053669857,
        0.3431181060833459,
        0.2517301244498869,
        0.2104708057414245,
        0.0,
        0.2049861318141086,
        0.33260010502270004,
        0.251999383404228,
        0.1743041721945991,
        0.2902682248560995,
        0.2556862022631995,
        0.2248649285929469,
        0.2825010754650128,
        0.22756304453076537,
        0.26176733069018887,
        0.27218213813445663,
        0.28730934197500635,
        0.2619745070824852,
        0.1766231766438872,
        0.24716271911884732,
        0.3146195481362283,
        0.18894122028351096,
        0.19369118731028176,
        0.13720770700332804,
        0.19564208303117656,
        0.2885811495248973,
        0.24501319763206408,
        0.2131602284341784,
        0.12884705080055187,
        0.30795303123113504,
        0.17562203437591004,
        0.43808864169949796
    ],
    [
        0.30856902590830465,
        0.2692763740564701,
        0.2181912506838897,
        0.1690102160373745,
        0.184877493221863,
        0.48235465751353535,
        0.2829807855667943,
        0.33874192794810626,
        0.23017062285400366,
        0.27775607554111215,
        0.20252314682524564,
        0.2385052737886523,
        0.2642427269576213,
        0.30338262248355624,
        0.20610790559801437,
        0.21986323874172325,
        0.3376591060152236,
        0.24803918541230538,
        0.4512352836935516,
        0.20787710461953235,
        0.23385358667337133,
        0.2049861318141086,
        0.0,
        0.3128903811640748,
        0.28555729503901667,
        0.21930732574403436,
        0.23593232610221093,
        0.3640993811790951,
        0.2430679560328757,
        0.3775951866748304,
        0.2715335499528557,
        0.24256522962906288,
        0.3358466446906981,
        0.20904825250405706,
        0.31328027587130347,
        0.25242960033442985,
        0.2125229766989913,
        0.301768873684812,
        0.24356964481437338,
        0.2715335499528557,
        0.2755498763835687,
        0.2348952559120767,
        0.37041467472280304,
        0.21763106683100186,
        0.20070675904164265,
        0.2275034340400162,
        0.22262198201210948,
        0.2829807855667943,
        0.42389562394532926
    ],
    [
        0.2072890493972125,
        0.3045873232752801,
        0.24506854908372067,
        0.2715335499528557,
        0.29973947020704494,
        0.3924955214712647,
        0.29022149407822984,
        0.21986323874172325,
        0.22963966338592295,
        0.25146057717861064,
        0.28168369339562416,
        0.3089643739575811,
        0.21423920626253262,
        0.318305449804115,
        0.2567449488305466,
        0.28555729503901667,
        0.3347544575879461,
        0.19515618744994995,
        0.3792081593597374,
        0.23070036031614688,
        0.19452968121857395,
        0.33260010502270004,
        0.3128903811640748,
        0.0,
        0.2910615001593306,
        0.2628531850196988,
        0.22642776165920997,
        0.31054073303674673,
        0.20372507516258279,
        0.36677170607204695,
        0.2755498763835687,
        0.23017062285400366,
        0.2768757054167086,
        0.2415566380271923,
        0.28168369339562416,
        0.2692763740564701,
        0.3528621809573817,
        0.16682934768798924,
        0.29522568168267477,
        0.22963966338592295,
        0.30777680630612825,
        0.2170694373351532,
        0.3049878327491115,
        0.20252314682524564,
        0.1926379375927805,
        0.31366968593569894,
        0.28254908312539256,
        0.3476343040826092,
        0.3458741190809165
    ],
    [
        0.26238836912104163,
        0.23333100817293873,
        0.20787710461953235,
        0.2781952158557009,
        0.26608416196760004,
        0.213096589015404,
        0.203125,
        0.21194781197266463,
        0.2764344689524083,
        0.34693130173710185,
        0.20846350100197397,
        0.358013726168425,
        0.29522568168267477,
        0.2348952559120767,
        0.2538762001448738,
        0.301768873684812,
        0.2159417962669571,
        0.25,
        0.26238836912104163,
        0.15546678704790937,
        0.2049199538844375,
        0.251999383404228,
        0.28555729503901667,
        0.2910615001593306,
        0.0,
        0.22207297505549836,
        0.35458767868469426,
        0.16755945773068137,
        0.20610790559801437,
        0.21021287573552672,
        0.10004881620988826,
        0.3332926407453366,
        0.17258376589355096,
        0.33548297739974825,
        0.20904825250405706,
        0.1288470508005519,
        0.23644915547533682,
        0.3583545294118661,
        0.2642427269576213,
        0.2049199538844375,
        0.2642427269576213,
        0.17469281074217108,
        0.2312288841710741,
        0.3049878327491115,
        0.2548360379734389,
        0.1690102160373745,
        0.27775607554111215,
        0.19578068884596356,
        0.4038389994787527
    ],
    [
        0.24506854908372067,
        0.10711960313126631,
        0.21137108216357317,
        0.14986973510352247,
        0.25958199571618984,
        0.31171777098843756,
        0.16461958988832404,
        0.2799448885495143,
        0.27599252707274524,
        0.3483358876501243,
        0.15068204314051492,
        0.21763106683100186,
        0.16973094517500337,
        0.25,
        0.184877493221863,
        0.16010860571811872,
        0.2460627460628691,
        0.17258376589355096,
        0.28125,
        0.18355218944485516,
        0.15068204314051492,
        0.1743041721945991,
        0.21930732574403436,
        0.2628531850196988,
        0.22207297505549836,
        0.0,
        0.27466243486323355,
        0.21763106683100186,
        0.1269381000724369,
        0.23644915547533682,
        0.19390115071860714,
        0.19640320453088336,
        0.16387638252658618,
        0.2125229766989913,
        0.2576941016011038,
        0.140625,
        0.2651650429449553,
        0.2572199630180364,
        0.12597277731716483,
        0.13258252147247765,
        0.1907274314958391,
        0.08414320011147662,
        0.24256522962906288,
        0.2209708691207961,
        0.14405538214520136,
        0.15229366163764005,
        0.2715335499528557,
        0.2049199538844375,
        0.3836884111815211
    ],
    [
        0.27775607554111215,
        0.3455210060546247,
        0.234375,
        0.1711632992203644,
        0.22426093897511443,
        0.6155536126122565,
        0.40050017556175926,
        0.28512949360772905,
        0.21763106683100186,
        0.26972932033800107,
        0.25048780534189685,
        0.25958199571618984,
        0.27775607554111215,
        0.36876324128768584,
        0.18355218944485516,
        0.27421763710600383,
        0.453125,
        0.24506854908372067,
        0.5986638768958755,
        0.2914805954090255,
        0.30055287596361474,
        0.2902682248560995,
        0.23593232610221093,
        0.22642776165920997,
        0.35458767868469426,
        0.27466243486323355,
        0.0,
        0.4697905118241534,
        0.23799290955824715,
        0.5014627042462879,
        0.3097535562749845,
        0.17044862679118303,
        0.4186800314679457,
        0.18355218944485516,
        0.3465792658252943,
        0.31328027587130347,
        0.338020432074749,
        0.18944305707784595,
        0.30935921676911454,
        0.33946189035000673,
        0.3167677333236452,
        0.293567097313374,
        0.4873898112650694,
        0.1795175827043134,
        0.19327057620082783,
        0.3535533905932738,
        0.2445699350390395,
        0.39897329171261575,
        0.3640993811790951
    ],
    [
        0.3433947027474361,
        0.20432338797846908,
        0.27599252707274524,
        0.3657718722099883,
        0.3871722404176208,
        0.15780476466190746,
        0.12789613706050704,
        0.39311705079403514,
        0.4509646778019316,
        0.5146771591250189,
        0.2533949178160446,
        0.3175375223890871,
        0.23228232417685166,
        0.3128903811640748,
        0.37629983058725924,
        0.2786336640644845,
        0.26005182776708186,
        0.24556615071096424,
        0.14235052467412967,
        0.240035804620894,
        0.24206145913796356,
        0.2556862022631995,
        0.3640993811790951,
        0.31054073303674673,
        0.16755945773068137,
        0.21763106683100186,
        0.4697905118241534,
        0.0,
        0.23541436208311506,
        0.10597390598633231,
        0.14235052467412967,
        0.3532079548580411,
        0.14235052467412967,
        0.4050462936504913,
        0.22152260748059102,
        0.120017902310447,
        0.3113259194558012,
        0.4207160005573831,
        0.25,
        0.18288593610499415,
        0.22426093897511443,
        0.1887975933374152,
        0.13441133229754104,
        0.4044430970482745,
        0.2923169833417142,
        0.15388840315306412,
        0.45874744549697494,
        0.18355218944485516,
        0.49262133657607643
    ],
    [
        0.20432338797846908,
        0.1514899955442603,
        0.19008632907181935,
        0.15068204314051492,
        0.22262198201210948,
        0.37727176461405115,
        0.19008632907181935,
        0.22963966338592295,
        0.23541436208311506,
        0.3620821945705146,
        0.14657549249448218,
        0.24556615071096424,
        0.10245997694221876,
        0.27599252707274524,
        0.1570293065800139,
        0.20372507516258279,
        0.3205981957606749,
        0.18221724671391565,
        0.3101473943949876,
        0.2209708691207961,
        0.1269381000724369,
        0.2248649285929469,
        0.2430679560328757,
        0.20372507516258279,
        0.20610790559801437,
        0.1269381000724369,
        0.23799290955824715,
        0.23541436208311506,
        0.0,
        0.258639771206982,
        0.18221724671391565,
        0.25146057717861064,
        0.2385052737886523,
        0.2275034340400162,
        0.22316963839196408,
        0.15388840315306412,
        0.25,
        0.18288593610499415,
        0.18814991529362962,
        0.1887975933374152,
        0.16387638252658618,
        0.13258252147247765,
        0.265625,
        0.26972932033800107,
        0.0897587913521567,
        0.18814991529362962,
        0.3251351882294502,
