[
    [
        0.0,
        0.046875,
        0.046875,
        0.04419417382415922,
        0.04941058844013093,
        0.05182226234930312,
        0.04133986423538423,
        0.04419417382415922,
        0.14823176532039278,
        0.027063293868263706,
        0.046875,
        0.034938562148434216,
        0.04133986423538423,
        0.04133986423538423,
        0.046875,
        0.046875,
        0.06629126073623882,
        0.08414320011147662,
        0.03125,
        0.03125,
        0.027063293868263706,
        0.14574029770451274,
        0.06051536478449089,
        0.04941058844013093,
        0.09882117688026186,
        0.02209708691207961,
        0.1660960283239789,
        0.05846339666834283,
        0.06629126073623882,
        0.04419417382415922,
        0.04941058844013093,
        0.038273277230987154,
        0.05633673867912483,
        0.04941058844013093,
        0.078125,
        0.071602745233685,
        0.2460627460628691,
        0.28125,
        0.120017902310447,
        0.11692679333668567,
        0.04133986423538423,
        0.034938562148434216,
        0.05182226234930312,
        0.04419417382415922,
        0.03125,
        0.02209708691207961,
        0.038273277230987154,
        0.04419417382415922,
        0.038273277230987154
    ],
    [
        0.046875,
        0.0,
        0.05846339666834283,
        0.0625,
        0.08267972847076846,
        0.02209708691207961,
        0.027063293868263706,
        0.06442352540027595,
        0.18221724671391565,
        0.03125,
        0.0,
        0.015625,
        0.03125,
        0.027063293868263706,
        0.0,
        0.0,
        0.10825317547305482,
        0.13621559198564606,
        0.04133986423538423,
        0.04133986423538423,
        0.06629126073623882,
        0.15780476466190746,
        0.038273277230987154,
        0.038273277230987154,
        0.15857643070456592,
        0.04941058844013093,
        0.21763106683100186,
        0.046875,
        0.10364452469860624,
        0.03125,
        0.05633673867912483,
        0.03125,
        0.09375,
        0.015625,
        0.12597277731716483,
        0.078125,
        0.318305449804115,
        0.338381372307933,
        0.17608480733726006,
        0.17746588580625855,
        0.034938562148434216,
        0.015625,
        0.10597390598633231,
        0.06810779599282303,
        0.06051536478449089,
        0.04941058844013093,
        0.0897587913521567,
        0.071602745233685,
        0.02209708691207961
    ],
    [
        0.046875,
        0.05846339666834283,
        0.0,
        0.034938562148434216,
        0.05633673867912483,
        0.04941058844013093,
        0.038273277230987154,
        0.027063293868263706,
        0.13441133229754104,
        0.038273277230987154,
        0.05846339666834283,
        0.04419417382415922,
        0.04419417382415922,
        0.038273277230987154,
        0.05846339666834283,
        0.05846339666834283,
        0.06051536478449089,
        0.08414320011147662,
        0.03125,
        0.04133986423538423,
        0.04419417382415922,
        0.1269381000724369,
        0.04133986423538423,
        0.04133986423538423,
        0.07654655446197431,
        0.04133986423538423,
        0.15068204314051492,
        0.06051536478449089,
        0.09757809372497497,
        0.04133986423538423,
        0.05412658773652741,
        0.046875,
        0.04419417382415922,
        0.04941058844013093,
        0.07493486755176124,
        0.05182226234930312,
        0.2405438174740727,
        0.25242960033442985,
        0.09882117688026186,
        0.12597277731716483,
        0.038273277230987154,
        0.04419417382415922,
        0.034938562148434216,
        0.04133986423538423,
        0.046875,
        0.04941058844013093,
        0.05846339666834283,
        0.04133986423538423,
        0.04941058844013093
    ],
    [
        0.04419417382415922,
        0.0625,
        0.034938562148434216,
        0.0,
        0.05846339666834283,
        0.046875,
        0.04133986423538423,
        0.04419417382415922,
        0.13975424859373686,
        0.04133986423538423,
        0.0625,
        0.04419417382415922,
        0.04419417382415922,
        0.038273277230987154,
        0.0625,
        0.0625,
        0.06051536478449089,
        0.08838834764831845,
        0.04133986423538423,
        0.038273277230987154,
        0.038273277230987154,
        0.11158481919598204,
        0.04419417382415922,
        0.034938562148434216,
        0.07967217989988726,
        0.04419417382415922,
        0.13531646934131855,
        0.046875,
        0.07654655446197431,
        0.04419417382415922,
        0.046875,
        0.04419417382415922,
        0.038273277230987154,
        0.046875,
        0.071602745233685,
        0.046875,
        0.2390165396996618,
        0.2395267143243108,
        0.10245997694221876,
        0.11587810136086973,
        0.04133986423538423,
        0.04419417382415922,
        0.046875,
        0.05182226234930312,
        0.04133986423538423,
        0.038273277230987154,
        0.04941058844013093,
        0.046875,
        0.046875
    ],
    [
        0.04941058844013093,
        0.08267972847076846,
        0.05633673867912483,
        0.05846339666834283,
        0.0,
        0.04941058844013093,
        0.046875,
        0.046875,
        0.1307281291459493,
        0.05412658773652741,
        0.08267972847076846,
        0.05633673867912483,
        0.046875,
        0.05412658773652741,
        0.08267972847076846,
        0.08267972847076846,
        0.04419417382415922,
        0.06442352540027595,
        0.05412658773652741,
        0.04941058844013093,
        0.05633673867912483,
        0.10004881620988826,
        0.046875,
        0.046875,
        0.08267972847076846,
        0.05182226234930312,
        0.120017902310447,
        0.04419417382415922,
        0.07967217989988726,
        0.046875,
        0.046875,
        0.046875,
        0.05846339666834283,
        0.04941058844013093,
        0.05182226234930312,
        0.04133986423538423,
        0.22696623509896796,
        0.23333100817293873,
        0.08414320011147662,
        0.10825317547305482,
        0.04941058844013093,
        0.05633673867912483,
        0.05182226234930312,
        0.046875,
        0.05412658773652741,
        0.04941058844013093,
        0.05846339666834283,
        0.05633673867912483,
        0.05412658773652741
    ],
    [
        0.05182226234930312,
        0.02209708691207961,
        0.04941058844013093,
        0.046875,
        0.04941058844013093,
        0.0,
        0.02209708691207961,
        0.04941058844013093,
        0.16387638252658618,
        0.034938562148434216,
        0.02209708691207961,
        0.027063293868263706,
        0.02209708691207961,
        0.03125,
        0.02209708691207961,
        0.02209708691207961,
        0.078125,
        0.109375,
        0.04133986423538423,
        0.03125,
        0.05846339666834283,
        0.1335000585205864,
        0.015625,
        0.02209708691207961,
        0.12303137303143455,
        0.04941058844013093,
        0.1795175827043134,
        0.027063293868263706,
        0.09631896879639025,
        0.015625,
        0.046875,
        0.027063293868263706,
        0.0625,
        0.0,
        0.09375,
        0.05846339666834283,
        0.28641098093474,
        0.298923851089203,
        0.13799626353637262,
        0.15229366163764005,
        0.02209708691207961,
        0.027063293868263706,
        0.071602745233685,
        0.05846339666834283,
        0.05182226234930312,
        0.046875,
        0.071602745233685,
        0.0625,
        0.03125
    ],
    [
        0.04133986423538423,
        0.027063293868263706,
        0.038273277230987154,
        0.04133986423538423,
        0.046875,
        0.02209708691207961,
        0.0,
        0.04133986423538423,
        0.1608692209529219,
        0.02209708691207961,
        0.027063293868263706,
        0.02209708691207961,
        0.015625,
        0.02209708691207961,
        0.027063293868263706,
        0.027063293868263706,
        0.07654655446197431,
        0.10597390598633231,
        0.03125,
        0.03125,
        0.04941058844013093,
        0.1316585902058806,
        0.027063293868263706,
        0.02209708691207961,
        0.12203515118604147,
        0.04133986423538423,
        0.18154609435347266,
        0.034938562148434216,
        0.0924387466109315,
        0.015625,
        0.05182226234930312,
        0.015625,
        0.06442352540027595,
        0.02209708691207961,
        0.09110862335695782,
        0.05412658773652741,
        0.28768675999253074,
        0.29973947020704494,
        0.13887803777055607,
        0.15388840315306412,
        0.0,
        0.02209708691207961,
        0.06987712429686843,
        0.046875,
        0.04941058844013093,
        0.04133986423538423,
        0.06442352540027595,
        0.05182226234930312,
        0.03125
    ],
    [
        0.04419417382415922,
        0.06442352540027595,
        0.027063293868263706,
        0.04419417382415922,
        0.046875,
        0.04941058844013093,
        0.04133986423538423,
        0.0,
        0.1307281291459493,
        0.038273277230987154,
        0.06442352540027595,
        0.046875,
        0.04419417382415922,
        0.038273277230987154,
        0.06442352540027595,
        0.06442352540027595,
        0.04419417382415922,
        0.07654655446197431,
        0.03125,
        0.034938562148434216,
        0.04133986423538423,
        0.11692679333668567,
        0.04419417382415922,
        0.038273277230987154,
        0.07493486755176124,
        0.027063293868263706,
        0.1307281291459493,
        0.05182226234930312,
        0.078125,
        0.04419417382415922,
        0.046875,
        0.04419417382415922,
        0.04941058844013093,
        0.04941058844013093,
        0.06987712429686843,
        0.04133986423538423,
        0.22910747341586218,
        0.2385052737886523,
        0.0924387466109315,
        0.109375,
        0.04419417382415922,
        0.046875,
        0.034938562148434216,
        0.038273277230987154,
        0.034938562148434216,
        0.04133986423538423,
        0.05846339666834283,
        0.038273277230987154,
        0.046875
    ],
    [
        0.14823176532039278,
        0.18221724671391565,
        0.13441133229754104,
        0.13975424859373686,
        0.1307281291459493,
        0.16387638252658618,
        0.1608692209529219,
        0.1307281291459493,
        0.0,
        0.1608692209529219,
        0.18221724671391565,
        0.16461958988832404,
        0.16237976320958225,
        0.16387638252658618,
        0.18221724671391565,
        0.18221724671391565,
        0.125,
        0.1137517170200081,
        0.14823176532039278,
        0.14986973510352247,
        0.13531646934131855,
        0.09375,
        0.15068204314051492,
        0.1514899955442603,
        0.12789613706050704,
        0.14574029770451274,
        0.1660960283239789,
        0.1570293065800139,
        0.1514899955442603,
        0.16237976320958225,
        0.14740595518838442,
        0.16237976320958225,
        0.12597277731716483,
        0.16387638252658618,
        0.11481983169296148,
        0.1307281291459493,
        0.2125229766989913,
        0.17328963291264715,
        0.11158481919598204,
        0.140625,
        0.1608692209529219,
        0.16461958988832404,
        0.13799626353637262,
        0.12979099785809492,
        0.13441133229754104,
        0.14986973510352247,
        0.14235052467412967,
        0.1316585902058806,
        0.16312978920172735
    ],
    [
        0.027063293868263706,
        0.03125,
        0.038273277230987154,
        0.04133986423538423,
        0.05412658773652741,
        0.034938562148434216,
        0.02209708691207961,
        0.038273277230987154,
        0.1608692209529219,
        0.0,
        0.03125,
        0.02209708691207961,
        0.03125,
        0.015625,
        0.03125,
        0.03125,
        0.071602745233685,
        0.10597390598633231,
        0.02209708691207961,
        0.02209708691207961,
        0.04133986423538423,
        0.13975424859373686,
        0.038273277230987154,
        0.034938562148434216,
        0.12597277731716483,
        0.027063293868263706,
        0.1781524101717403,
        0.05182226234930312,
        0.07654655446197431,
        0.03125,
        0.04133986423538423,
        0.027063293868263706,
        0.06442352540027595,
        0.034938562148434216,
        0.09757809372497497,
        0.06810779599282303,
        0.2790714234295586,
        0.301768873684812,
        0.13975424859373686,
        0.14235052467412967,
        0.02209708691207961,
        0.02209708691207961,
        0.06629126073623882,
        0.04133986423538423,
        0.038273277230987154,
        0.027063293868263706,
        0.05412658773652741,
        0.046875,
        0.027063293868263706
    ],
    [
        0.046875,
        0.0,
        0.05846339666834283,
        0.0625,
        0.08267972847076846,
        0.02209708691207961,
        0.027063293868263706,
        0.06442352540027595,
        0.18221724671391565,
        0.03125,
        0.0,
        0.015625,
        0.03125,
        0.027063293868263706,
        0.0,
        0.0,
        0.10825317547305482,
        0.13621559198564606,
        0.04133986423538423,
        0.04133986423538423,
        0.06629126073623882,
        0.15780476466190746,
        0.038273277230987154,
        0.038273277230987154,
        0.15857643070456592,
        0.04941058844013093,
        0.21763106683100186,
        0.046875,
        0.10364452469860624,
        0.03125,
        0.05633673867912483,
        0.03125,
        0.09375,
        0.015625,
        0.12597277731716483,
        0.078125,
        0.318305449804115,
        0.338381372307933,
        0.17608480733726006,
        0.17746588580625855,
        0.034938562148434216,
        0.015625,
        0.10597390598633231,
        0.06810779599282303,
        0.06051536478449089,
        0.04941058844013093,
        0.0897587913521567,
        0.071602745233685,
        0.02209708691207961
    ],
    [
        0.034938562148434216,
        0.015625,
        0.04419417382415922,
        0.04419417382415922,
        0.05633673867912483,
        0.027063293868263706,
        0.02209708691207961,
        0.046875,
        0.16461958988832404,
        0.02209708691207961,
        0.015625,
        0.0,
        0.02209708691207961,
        0.02209708691207961,
        0.015625,
        0.015625,
        0.0855816496101822,
        0.11267347735824966,
        0.03125,
        0.027063293868263706,
        0.04941058844013093,
        0.15388840315306412,
        0.04133986423538423,
        0.034938562148434216,
        0.12401959270615269,
        0.04133986423538423,
        0.19948664585630788,
        0.04941058844013093,
        0.09631896879639025,
        0.027063293868263706,
        0.05846339666834283,
        0.015625,
        0.06051536478449089,
        0.02209708691207961,
        0.09631896879639025,
        0.071602745233685,
        0.2893790496476896,
        0.31483502624390447,
        0.14657549249448218,
        0.15857643070456592,
        0.02209708691207961,
        0.0,
        0.06987712429686843,
        0.05633673867912483,
        0.046875,
        0.04133986423538423,
        0.06051536478449089,
        0.06051536478449089,
        0.02209708691207961
    ],
    [
        0.04133986423538423,
        0.03125,
        0.04419417382415922,
        0.04419417382415922,
        0.046875,
        0.02209708691207961,
        0.015625,
        0.04419417382415922,
        0.16237976320958225,
        0.03125,
        0.03125,
        0.02209708691207961,
        0.0,
        0.027063293868263706,
        0.03125,
        0.03125,
        0.07493486755176124,
        0.10711960313126631,
        0.038273277230987154,
        0.03125,
        0.05412658773652741,
        0.13258252147247765,
        0.027063293868263706,
        0.015625,
        0.12203515118604147,
        0.04419417382415922,
        0.18221724671391565,
        0.03125,
        0.09110862335695782,
        0.0,
        0.05182226234930312,
        0.0,
        0.06442352540027595,
        0.02209708691207961,
        0.09110862335695782,
        0.05182226234930312,
        0.2881107642904027,
        0.29973947020704494,
        0.13799626353637262,
        0.15388840315306412,
        0.015625,
        0.02209708691207961,
        0.06987712429686843,
        0.05412658773652741,
        0.05182226234930312,
        0.04419417382415922,
        0.06442352540027595,
        0.05846339666834283,
        0.03125
    ],
    [
        0.04133986423538423,
        0.027063293868263706,
        0.038273277230987154,
        0.038273277230987154,
        0.05412658773652741,
        0.03125,
        0.02209708691207961,
        0.038273277230987154,
        0.16387638252658618,
        0.015625,
        0.027063293868263706,
        0.02209708691207961,
        0.027063293868263706,
        0.0,
        0.027063293868263706,
        0.027063293868263706,
        0.07493486755176124,
        0.109375,
        0.02209708691207961,
        0.027063293868263706,
        0.04941058844013093,
        0.13799626353637262,
        0.034938562148434216,
        0.03125,
        0.12597277731716483,
        0.034938562148434216,
        0.1907274314958391,
        0.05182226234930312,
        0.0855816496101822,
        0.027063293868263706,
        0.046875,
        0.027063293868263706,
        0.06442352540027595,
        0.03125,
        0.09757809372497497,
        0.06629126073623882,
        0.29189908894170946,
        0.3053878169639385,
        0.14149039278339715,
        0.15068204314051492,
        0.02209708691207961,
        0.02209708691207961,
        0.06810779599282303,
        0.05182226234930312,
        0.046875,
        0.034938562148434216,
        0.05846339666834283,
        0.04941058844013093,
        0.027063293868263706
    ],
    [
        0.046875,
        0.0,
        0.05846339666834283,
        0.0625,
        0.08267972847076846,
        0.02209708691207961,
        0.027063293868263706,
        0.06442352540027595,
        0.18221724671391565,
        0.03125,
        0.0,
        0.015625,
        0.03125,
        0.027063293868263706,
        0.0,
        0.0,
        0.10825317547305482,
        0.13621559198564606,
        0.04133986423538423,
        0.04133986423538423,
        0.06629126073623882,
        0.15780476466190746,
        0.038273277230987154,
        0.038273277230987154,
        0.15857643070456592,
        0.04941058844013093,
        0.21763106683100186,
        0.046875,
        0.10364452469860624,
        0.03125,
        0.05633673867912483,
        0.03125,
        0.09375,
        0.015625,
        0.12597277731716483,
        0.078125,
        0.318305449804115,
        0.338381372307933,
        0.17608480733726006,
        0.17746588580625855,
        0.034938562148434216,
        0.015625,
        0.10597390598633231,
        0.06810779599282303,
        0.06051536478449089,
        0.04941058844013093,
        0.0897587913521567,
        0.071602745233685,
        0.02209708691207961
    ],
    [
        0.046875,
        0.0,
        0.05846339666834283,
        0.0625,
        0.08267972847076846,
        0.02209708691207961,
        0.027063293868263706,
        0.06442352540027595,
        0.18221724671391565,
        0.03125,
        0.0,
        0.015625,
        0.03125,
        0.027063293868263706,
        0.0,
        0.0,
        0.10825317547305482,
        0.13621559198564606,
        0.04133986423538423,
        0.04133986423538423,
        0.06629126073623882,
        0.15780476466190746,
        0.038273277230987154,
        0.038273277230987154,
        0.15857643070456592,
        0.04941058844013093,
        0.21763106683100186,
        0.046875,
        0.10364452469860624,
        0.03125,
        0.05633673867912483,
        0.03125,
        0.09375,
        0.015625,
        0.12597277731716483,
        0.078125,
        0.31868871959954903,
        0.338381372307933,
        0.17608480733726006,
        0.17746588580625855,
        0.034938562148434216,
        0.015625,
        0.10597390598633231,
        0.06810779599282303,
        0.06051536478449089,
        0.04941058844013093,
        0.0897587913521567,
        0.071602745233685,
        0.02209708691207961
    ],
    [
        0.06629126073623882,
        0.10825317547305482,
        0.06051536478449089,
        0.06051536478449089,
        0.04419417382415922,
        0.078125,
        0.07654655446197431,
        0.04419417382415922,
        0.125,
        0.071602745233685,
        0.10825317547305482,
        0.0855816496101822,
        0.07493486755176124,
        0.07493486755176124,
        0.10825317547305482,
        0.10825317547305482,
        0.0,
        0.06629126073623882,
        0.05633673867912483,
        0.05846339666834283,
        0.05846339666834283,
        0.09882117688026186,
        0.06987712429686843,
        0.06810779599282303,
        0.07493486755176124,
        0.05182226234930312,
        0.10364452469860624,
        0.06810779599282303,
        0.0625,
        0.06987712429686843,
        0.046875,
        0.06987712429686843,
        0.06051536478449089,
        0.08118988160479113,
        0.05846339666834283,
        0.04133986423538423,
        0.19764235376052372,
        0.2072890493972125,
        0.071602745233685,
        0.08699631816921909,
        0.07967217989988726,
        0.08414320011147662,
        0.05846339666834283,
        0.046875,
        0.046875,
        0.04941058844013093,
        0.04419417382415922,
        0.046875,
        0.06987712429686843
    ],
    [
        0.08414320011147662,
        0.13621559198564606,
        0.08414320011147662,
        0.08838834764831845,
        0.06442352540027595,
        0.109375,
        0.10597390598633231,
        0.07654655446197431,
        0.1137517170200081,
        0.10597390598633231,
        0.13621559198564606,
        0.11267347735824966,
        0.10711960313126631,
        0.109375,
        0.13621559198564606,
        0.13621559198564606,
        0.06629126073623882,
        0.0,
        0.0924387466109315,
        0.09375,
        0.07967217989988726,
        0.08267972847076846,
        0.09757809372497497,
        0.09631896879639025,
        0.071602745233685,
        0.0855816496101822,
        0.09375,
        0.08838834764831845,
        0.08699631816921909,
        0.10364452469860624,
        0.07493486755176124,
        0.10364452469860624,
        0.08838834764831845,
        0.11158481919598204,
        0.046875,
        0.0625,
        0.18944305707784595,
        0.18684782411095935,
        0.05182226234930312,
        0.09504316453590968,
        0.10825317547305482,
        0.11267347735824966,
        0.07967217989988726,
        0.05846339666834283,
        0.078125,
        0.0855816496101822,
        0.07654655446197431,
        0.071602745233685,
        0.10597390598633231
    ],
    [
        0.03125,
        0.04133986423538423,
        0.03125,
        0.04133986423538423,
        0.05412658773652741,
        0.04133986423538423,
        0.03125,
        0.03125,
        0.14823176532039278,
        0.02209708691207961,
        0.04133986423538423,
        0.03125,
        0.038273277230987154,
        0.02209708691207961,
        0.04133986423538423,
        0.04133986423538423,
        0.05633673867912483,
        0.0924387466109315,
        0.0,
        0.02209708691207961,
        0.038273277230987154,
        0.13710881855300192,
        0.038273277230987154,
        0.04133986423538423,
        0.09631896879639025,
        0.027063293868263706,
        0.15625,
        0.05412658773652741,
        0.07654655446197431,
        0.038273277230987154,
        0.04133986423538423,
        0.034938562148434216,
        0.05182226234930312,
        0.04133986423538423,
        0.07493486755176124,
        0.06442352540027595,
        0.2509746625657658,
        0.27775607554111215,
        0.11481983169296148,
        0.12203515118604147,
        0.03125,
        0.03125,
        0.04941058844013093,
        0.034938562148434216,
        0.03125,
        0.03125,
        0.046875,
        0.03125,
        0.03125
    ],
    [
        0.03125,
        0.04133986423538423,
        0.04133986423538423,
        0.038273277230987154,
        0.04941058844013093,
        0.03125,
        0.03125,
        0.034938562148434216,
        0.14986973510352247,
        0.02209708691207961,
        0.04133986423538423,
        0.027063293868263706,
        0.03125,
        0.027063293868263706,
        0.04133986423538423,
        0.04133986423538423,
        0.05846339666834283,
        0.09375,
        0.02209708691207961,
        0.0,
        0.034938562148434216,
        0.12103072956898178,
        0.027063293868263706,
        0.027063293868263706,
        0.09631896879639025,
        0.03125,
        0.14490028899212037,
        0.034938562148434216,
        0.06987712429686843,
        0.027063293868263706,
        0.027063293868263706,
        0.027063293868263706,
        0.05182226234930312,
        0.03125,
        0.078125,
        0.05412658773652741,
        0.25048780534189685,
        0.2628531850196988,
        0.11048543456039805,
        0.11796616305110547,
        0.034938562148434216,
        0.027063293868263706,
        0.04419417382415922,
        0.04133986423538423,
        0.02209708691207961,
        0.027063293868263706,
        0.05412658773652741,
        0.046875,
        0.034938562148434216
    ],
    [
        0.027063293868263706,
        0.06629126073623882,
        0.04419417382415922,
        0.038273277230987154,
        0.05633673867912483,
        0.05846339666834283,
        0.04941058844013093,
        0.04133986423538423,
        0.13531646934131855,
        0.04133986423538423,
        0.06629126073623882,
        0.04941058844013093,
        0.05412658773652741,
        0.04941058844013093,
        0.06629126073623882,
        0.06629126073623882,
        0.05846339666834283,
        0.07967217989988726,
        0.038273277230987154,
        0.034938562148434216,
        0.0,
        0.11692679333668567,
        0.05633673867912483,
        0.04941058844013093,
        0.08267972847076846,
        0.027063293868263706,
        0.12303137303143455,
        0.0625,
        0.06051536478449089,
        0.05633673867912483,
        0.046875,
        0.05182226234930312,
        0.04419417382415922,
        0.05846339666834283,
        0.06987712429686843,
        0.06810779599282303,
        0.2181912506838897,
        0.23799290955824715,
        0.10126157341262282,
        0.09757809372497497,
        0.05412658773652741,
        0.04941058844013093,
        0.04133986423538423,
        0.034938562148434216,
        0.027063293868263706,
        0.027063293868263706,
        0.038273277230987154,
        0.038273277230987154,
        0.04419417382415922
    ],
    [
        0.14574029770451274,
        0.15780476466190746,
        0.1269381000724369,
        0.11158481919598204,
        0.10004881620988826,
        0.1335000585205864,
        0.1316585902058806,
        0.11692679333668567,
        0.09375,
        0.13975424859373686,
        0.15780476466190746,
        0.15388840315306412,
        0.13258252147247765,
        0.13799626353637262,
        0.15780476466190746,
        0.15780476466190746,
        0.09882117688026186,
        0.08267972847076846,
        0.13710881855300192,
        0.12103072956898178,
        0.11692679333668567,
        0.0,
        0.12103072956898178,
        0.11899645477912357,
        0.10825317547305482,
        0.1307281291459493,
        0.11587810136086973,
        0.10711960313126631,
        0.11899645477912357,
        0.12979099785809492,
        0.11158481919598204,
        0.12979099785809492,
        0.10711960313126631,
        0.1335000585205864,
        0.08838834764831845,
        0.09110862335695782,
        0.17746588580625855,
        0.13441133229754104,
        0.09757809372497497,
        0.11048543456039805,
        0.13531646934131855,
        0.15229366163764005,
        0.109375,
        0.11587810136086973,
        0.11158481919598204,
        0.12103072956898178,
        0.120017902310447,
        0.11796616305110547,
        0.13710881855300192
    ],
    [
        0.06051536478449089,
        0.038273277230987154,
        0.04133986423538423,
        0.04419417382415922,
        0.046875,
        0.015625,
        0.027063293868263706,
        0.04419417382415922,
        0.15068204314051492,
        0.038273277230987154,
        0.038273277230987154,
        0.04133986423538423,
        0.027063293868263706,
        0.034938562148434216,
        0.038273277230987154,
        0.038273277230987154,
        0.06987712429686843,
        0.09757809372497497,
        0.038273277230987154,
        0.027063293868263706,
        0.05633673867912483,
        0.12103072956898178,
        0.0,
        0.015625,
        0.09110862335695782,
        0.046875,
        0.15467960838455727,
        0.027063293868263706,
        0.09757809372497497,
        0.02209708691207961,
        0.04419417382415922,
        0.03125,
        0.04941058844013093,
        0.015625,
        0.07654655446197431,
        0.06051536478449089,
        0.2609889545076573,
        0.2670001170411728,
        0.11158481919598204,
        0.13258252147247765,
        0.027063293868263706,
        0.038273277230987154,
        0.04941058844013093,
        0.05182226234930312,
        0.04419417382415922,
        0.04419417382415922,
        0.0855816496101822,
        0.05633673867912483,
        0.04419417382415922
    ],
    [
        0.04941058844013093,
        0.038273277230987154,
        0.04133986423538423,
        0.034938562148434216,
        0.046875,
        0.02209708691207961,
        0.02209708691207961,
        0.038273277230987154,
        0.1514899955442603,
        0.034938562148434216,
        0.038273277230987154,
        0.034938562148434216,
        0.015625,
        0.03125,
        0.038273277230987154,
        0.038273277230987154,
        0.06810779599282303,
        0.09631896879639025,
        0.04133986423538423,
        0.027063293868263706,
        0.04941058844013093,
        0.11899645477912357,
        0.015625,
        0.0,
        0.0924387466109315,
        0.04419417382415922,
        0.15309310892394862,
        0.027063293868263706,
        0.0897587913521567,
        0.015625,
        0.046875,
        0.015625,
        0.04941058844013093,
        0.02209708691207961,
        0.07493486755176124,
        0.04941058844013093,
        0.26052081250832915,
        0.265625,
        0.11158481919598204,
        0.1335000585205864,
        0.02209708691207961,
        0.034938562148434216,
        0.05182226234930312,
        0.04941058844013093,
        0.04419417382415922,
        0.04133986423538423,
        0.06987712429686843,
        0.05412658773652741,
        0.04133986423538423
    ],
    [
        0.09882117688026186,
        0.15857643070456592,
        0.07654655446197431,
        0.07967217989988726,
        0.08267972847076846,
        0.12303137303143455,
        0.12203515118604147,
        0.07493486755176124,
        0.12789613706050704,
        0.12597277731716483,
        0.15857643070456592,
        0.12401959270615269,
        0.12203515118604147,
        0.12597277731716483,
        0.15857643070456592,
        0.15857643070456592,
        0.07493486755176124,
        0.071602745233685,
        0.09631896879639025,
        0.09631896879639025,
        0.08267972847076846,
        0.10825317547305482,
        0.09110862335695782,
        0.0924387466109315,
        0.0,
        0.10004881620988826,
        0.1269381000724369,
        0.09882117688026186,
        0.08699631816921909,
        0.12303137303143455,
        0.09375,
        0.12103072956898178,
        0.06987712429686843,
        0.12303137303143455,
        0.046875,
        0.06810779599282303,
        0.203125,
        0.1887975933374152,
        0.06810779599282303,
        0.12103072956898178,
        0.12203515118604147,
        0.12401959270615269,
        0.07493486755176124,
        0.078125,
        0.078125,
        0.10004881620988826,
        0.0855816496101822,
        0.08118988160479113,
        0.125
    ],
    [
        0.02209708691207961,
        0.04941058844013093,
        0.04133986423538423,
        0.04419417382415922,
        0.05182226234930312,
        0.04941058844013093,
        0.04133986423538423,
        0.027063293868263706,
        0.14574029770451274,
        0.027063293868263706,
        0.04941058844013093,
        0.04133986423538423,
        0.04419417382415922,
        0.034938562148434216,
        0.04941058844013093,
        0.04941058844013093,
        0.05182226234930312,
        0.0855816496101822,
        0.027063293868263706,
        0.03125,
        0.027063293868263706,
        0.1307281291459493,
        0.046875,
        0.04419417382415922,
        0.10004881620988826,
        0.0,
        0.14320549046737,
        0.05633673867912483,
        0.05633673867912483,
        0.04419417382415922,
        0.034938562148434216,
        0.04419417382415922,
        0.05412658773652741,
        0.04941058844013093,
        0.07654655446197431,
        0.0625,
        0.2415566380271923,
        0.2679129406169101,
        0.1137517170200081,
        0.109375,
        0.04133986423538423,
        0.04133986423538423,
        0.05412658773652741,
        0.03125,
        0.03125,
        0.02209708691207961,
        0.034938562148434216,
        0.034938562148434216,
        0.034938562148434216
    ],
    [
        0.1660960283239789,
        0.21763106683100186,
        0.15068204314051492,
        0.13531646934131855,
        0.120017902310447,
        0.1795175827043134,
        0.18154609435347266,
        0.1307281291459493,
        0.1660960283239789,
        0.1781524101717403,
        0.21763106683100186,
        0.19948664585630788,
        0.18221724671391565,
        0.1907274314958391,
        0.21763106683100186,
        0.21763106683100186,
        0.10364452469860624,
        0.09375,
        0.15625,
        0.14490028899212037,
        0.12303137303143455,
        0.11587810136086973,
        0.15467960838455727,
        0.15309310892394862,
        0.1269381000724369,
        0.14320549046737,
        0.0,
        0.13621559198564606,
        0.09882117688026186,
        0.1788362990978062,
        0.1269381000724369,
        0.1801962905417312,
        0.1316585902058806,
        0.18087245160609727,
        0.11267347735824966,
        0.1137517170200081,
        0.13975424859373686,
        0.14574029770451274,
        0.09504316453590968,
        0.08414320011147662,
        0.18221724671391565,
        0.19200321449132043,
        0.1269381000724369,
        0.125,
        0.11587810136086973,
        0.13531646934131855,
        0.11692679333668567,
        0.1288470508005519,
        0.17328963291264715
    ],
    [
        0.05846339666834283,
        0.046875,
        0.06051536478449089,
        0.046875,
        0.04419417382415922,
        0.027063293868263706,
        0.034938562148434216,
        0.05182226234930312,
        0.1570293065800139,
        0.05182226234930312,
        0.046875,
        0.04941058844013093,
        0.03125,
        0.05182226234930312,
        0.046875,
        0.046875,
        0.06810779599282303,
        0.08838834764831845,
        0.05412658773652741,
        0.034938562148434216,
        0.0625,
        0.10711960313126631,
        0.027063293868263706,
        0.027063293868263706,
        0.09882117688026186,
        0.05633673867912483,
        0.13621559198564606,
        0.0,
        0.06987712429686843,
        0.03125,
        0.027063293868263706,
        0.027063293868263706,
        0.05633673867912483,
        0.027063293868263706,
        0.07493486755176124,
        0.04133986423538423,
        0.25,
        0.2567449488305466,
        0.10711960313126631,
        0.11796616305110547,
        0.04133986423538423,
        0.04941058844013093,
        0.05633673867912483,
        0.05412658773652741,
        0.05182226234930312,
        0.04941058844013093,
        0.06442352540027595,
        0.05846339666834283,
        0.04419417382415922
    ],
    [
        0.06629126073623882,
        0.10364452469860624,
        0.09757809372497497,
        0.07654655446197431,
        0.07967217989988726,
        0.09631896879639025,
        0.0924387466109315,
        0.078125,
        0.1514899955442603,
        0.07654655446197431,
        0.10364452469860624,
        0.09631896879639025,
        0.09110862335695782,
        0.0855816496101822,
        0.10364452469860624,
        0.10364452469860624,
        0.0625,
        0.08699631816921909,
        0.07654655446197431,
        0.06987712429686843,
        0.06051536478449089,
        0.11899645477912357,
        0.09757809372497497,
        0.0897587913521567,
        0.08699631816921909,
        0.05633673867912483,
        0.09882117688026186,
        0.06987712429686843,
        0.0,
        0.08118988160479113,
        0.05182226234930312,
        0.08118988160479113,
        0.07493486755176124,
        0.09882117688026186,
        0.07654655446197431,
        0.0625,
        0.184877493221863,
        0.20669932117692114,
        0.11481983169296148,
        0.0924387466109315,
        0.09757809372497497,
        0.09631896879639025,
        0.08267972847076846,
        0.0625,
        0.05182226234930312,
        0.05182226234930312,
        0.05412658773652741,
        0.06629126073623882,
        0.07493486755176124
    ],
    [
        0.04419417382415922,
        0.03125,
        0.04133986423538423,
        0.04419417382415922,
        0.046875,
        0.015625,
        0.015625,
        0.04419417382415922,
        0.16237976320958225,
        0.03125,
        0.03125,
        0.027063293868263706,
        0.0,
        0.027063293868263706,
        0.03125,
        0.03125,
        0.06987712429686843,
        0.10364452469860624,
        0.038273277230987154,
        0.027063293868263706,
        0.05633673867912483,
        0.12979099785809492,
        0.02209708691207961,
        0.015625,
        0.12303137303143455,
        0.04419417382415922,
        0.1788362990978062,
        0.03125,
        0.08118988160479113,
        0.0,
        0.038273277230987154,
        0.0,
        0.06442352540027595,
        0.015625,
        0.09110862335695782,
        0.04941058844013093,
        0.28683687110446593,
        0.29933193844793776,
        0.13710881855300192,
        0.14823176532039278,
        0.015625,
        0.027063293868263706,
        0.06987712429686843,
        0.05182226234930312,
        0.04941058844013093,
        0.04419417382415922,
        0.06051536478449089,
        0.05633673867912483,
        0.03125
    ],
    [
        0.04941058844013093,
        0.05633673867912483,
        0.05412658773652741,
        0.046875,
        0.046875,
        0.046875,
        0.05182226234930312,
        0.046875,
        0.14740595518838442,
        0.04133986423538423,
        0.05633673867912483,
        0.05846339666834283,
        0.05182226234930312,
        0.046875,
        0.05633673867912483,
        0.05633673867912483,
        0.046875,
        0.07493486755176124,
        0.04133986423538423,
        0.027063293868263706,
        0.046875,
        0.11158481919598204,
        0.04419417382415922,
        0.046875,
