[
    [
        0.0,
        3.0622324493245356,
        0.7722052968014163,
        1.4035759723663275,
        2.6619723775380373,
        2.5833700897099825,
        2.2798473812149473,
        2.5766591423005307,
        2.2901046005876355,
        2.888358495048419,
        3.615839939680372,
        3.681993900270973,
        4.102637280221251,
        3.0956149038039373,
        3.1148303914253406,
        3.005787359921061,
        3.6334788243977614,
        2.6976109044554097,
        1.901093938569398,
        2.7031609426063876,
        1.9411060181494841,
        2.7817049903002338,
        2.1934099789143175,
        3.6841151015722424,
        2.2852337044381756,
        2.534063849202844,
        1.09846832137355,
        3.4167444407939183,
        2.948308923807694,
        2.537669713279517,
        3.289787847511242,
        2.1935230491943636,
        2.7986826752158396,
        1.732613256368866,
        1.2761299514787765,
        2.5247979308920416,
        1.4798820967929043,
        3.00886233500644,
        3.2599490139718665,
        2.018734884248008,
        2.678875644100205,
        2.852227915443058,
        1.9241019638644254,
        2.699212795715315,
        1.692472831603003,
        2.360529973834184,
        2.3012474434354875,
        2.5105009053809098,
        2.2193203133079336,
        0.6724346565629546
    ],
    [
        3.0622324493245356,
        0.0,
        2.0531141657924863,
        2.366578636860488,
        1.7682579311602453,
        1.6090240313100774,
        1.8219342590896206,
        1.7219981933143187,
        1.5882598793788265,
        1.6906811579294831,
        1.888650236691084,
        2.1081851067789197,
        2.13762588973011,
        1.6695391912474267,
        1.8582585934148133,
        1.5493351291452822,
        1.8190733294119228,
        1.6024070435857842,
        1.7301575924708652,
        1.683766445931396,
        1.8224106440524197,
        1.8587256685996218,
        1.6335246486593882,
        2.025017146703811,
        1.717960677340692,
        1.5827630551945824,
        2.6163879894066,
        1.6914819275153699,
        1.9507655192542006,
        1.7965050947758416,
        1.9662958689994863,
        2.022443516585266,
        1.7415470453338637,
        1.8314384146529925,
        2.5803073675651724,
        1.568195176344804,
        1.8446619684315546,
        1.8304902197073998,
        1.674979270186815,
        1.8200274723201297,
        1.6822191031821958,
        1.9098611060609734,
        1.6945582839718962,
        1.586619397054981,
        1.8803442356240105,
        1.6577888553398135,
        1.7362755477682041,
        1.6271353491472198,
        1.6822191031821958,
        2.4327767628325
    ],
    [
        0.7722052968014163,
        2.0531141657924863,
        0.0,
        1.192424001771182,
        1.7275343701356567,
        1.8572493101358256,
        1.4737282653189494,
        1.718970945394689,
        1.5761900266148114,
        1.9233759382918358,
        2.2218333347366404,
        2.401171589037318,
        2.5,
        1.8483100389274523,
        2.3217719526258387,
        1.9538684809414186,
        2.391390808713624,
        1.9803724397193574,
        1.416016257257072,
        1.75,
        1.2423376263229644,
        1.8114220932736798,
        1.420338379088276,
        2.1139418156609704,
        1.5195485440675391,
        1.6985287751463027,
        1.231107225224513,
        2.089989367330742,
        1.783781096435322,
        1.5551214672101268,
        1.9445436482630056,
        1.334634781503914,
        1.6991623753419736,
        1.3215626272628087,
        1.2054563451241194,
        1.7793959649274245,
        1.0752906583803283,
        2.0348525745124633,
        2.0030358902869856,
        1.6287350238076719,
        1.7931195659458343,
        1.9162137145944864,
        1.3228756555322954,
        1.836172044710892,
        1.3786315678962238,
        1.584977216800853,
        1.599609327304639,
        1.776583800443987,
        1.7230060940112777,
        0.7603453162872774
    ],
    [
        1.4035759723663275,
        2.366578636860488,
        1.192424001771182,
        0.0,
        2.1937410968480306,
        1.9828956099603428,
        2.117634293262177,
        2.1461367099459854,
        2.042516829796024,
        2.516694260334378,
        2.847136495584607,
        2.947456530637899,
        2.888555002072836,
        2.094785191851422,
        2.680951323690902,
        2.3170976083304327,
        2.6780356607035687,
        2.1065374432940898,
        1.81590549178696,
        2.2603926650031405,
        1.5734339657082672,
        1.928406077567689,
        1.6853123680130573,
        2.707050978463464,
        1.7608788840929535,
        1.9836834424877372,
        1.0077822185373186,
        2.5691816682446658,
        3.1406607585028987,
        1.8133379289157454,
        2.3651109910530628,
        2.277608394786075,
        2.0845829585581646,
        1.5109553637057287,
        1.3110110602126894,
        2.0071746311669045,
        1.231107225224513,
        2.2741756748325317,
        2.255009854622468,
        1.5882598793788265,
        2.388485107994419,
        2.375,
        1.7365554986812255,
        2.208333333333333,
        1.4049021318227117,
        2.035279123636635,
        1.95,
        2.1360009363293826,
        1.9605483926697653,
        1.2562344526401112
    ],
    [
        2.6619723775380373,
        1.7682579311602453,
        1.7275343701356567,
        2.1937410968480306,
        0.0,
        1.6439282222773597,
        1.4947825928876748,
        1.4511728972723332,
        1.6677080080157918,
        1.400669482783144,
        1.5092191182657262,
        1.7320508075688772,
        1.58607219255619,
        1.582324239844666,
        2.023301757029831,
        1.4286830313549723,
        1.79843682124227,
        1.6345871038277526,
        1.4587220084578087,
        1.625,
        1.4373490258883617,
        1.357847561400027,
        1.4976833963009524,
        1.5811388300841898,
        1.4148272371958037,
        1.5309310892394863,
        2.692582403567252,
        1.4848774734337884,
        1.4853450777512947,
        1.4959435892513535,
        1.6007810593582121,
        1.4684175155588413,
        1.5229722402080887,
        1.6791201399674904,
        2.6604745817240953,
        1.5674421839417236,
        1.7230060940112777,
        1.620185174601965,
        1.387568817112226,
        1.7726706155152205,
        1.4463795798091486,
        1.75,
        1.340475661845451,
        1.5126779050559458,
        1.8316659084014202,
        1.5382845784978945,
        1.6703293088490065,
        1.5662455107677085,
        1.71846588560844,
        2.1542109924517607
    ],
    [
        2.5833700897099825,
        1.6090240313100774,
        1.8572493101358256,
        1.9828956099603428,
        1.6439282222773597,
        0.0,
        2.0346989949375804,
        1.5521266772471318,
        1.8198557635153396,
        1.6911534525287764,
        1.811812853560359,
        2.0614012224698035,
        1.893904696651867,
        1.6695807857064,
        1.8520259177452134,
        1.6625987771791337,
        1.8530380460206421,
        1.4798648586948742,
        1.50634711559224,
        1.7675901674313534,
        1.7406695710431535,
        1.4819750335278932,
        1.506721053590655,
        1.9920153111861365,
        1.64951592225652,
        1.6116761461286198,
        2.269774217846348,
        1.676657554647208,
        2.092844953645635,
        1.6905784677309585,
        2.080264406271472,
        1.9675492369951,
        1.702449216080566,
        1.6998978727493537,
        2.181455935837348,
        1.3988834833537782,
        1.7352953639078277,
        1.8709957242067659,
        1.5355961564016614,
        1.6875360078462853,
        1.851913424902291,
        1.8069310999592652,
        1.6898594616121188,
        1.6247008271610432,
        1.7231874535290697,
        1.4589046499952552,
        1.7049560111627515,
        1.6562382075051885,
        1.5337861650177969,
        2.4709562926122346
    ],
    [
        2.2798473812149473,
        1.8219342590896206,
        1.4737282653189494,
        2.117634293262177,
        1.4947825928876748,
        2.0346989949375804,
        0.0,
        1.6744609414508433,
        1.3863170633011772,
        1.3699908758820258,
        1.4043709100736972,
        1.4842927608797396,
        1.8328597873268975,
        1.52540978100968,
        2.1578345627040085,
        1.4017572790564545,
        1.7940875118009154,
        1.940521837032503,
        1.4731872291887742,
        1.3050383136138188,
        1.5280934017410208,
        1.704772712123232,
        1.4601179556612693,
        1.2808688457449497,
        1.646228855428201,
        1.4192867927237258,
        2.540300179112697,
        1.6651034335573405,
        1.1404494727957044,
        1.5833333333333335,
        1.1792476415070754,
        1.3169567191065923,
        1.5263882570011835,
        1.5115297622680879,
        2.443102535711508,
        1.5305227865013968,
        1.6583123951777,
        1.625,
        1.7697300484662752,
        2.027159342528357,
        1.2997061633735185,
        1.58607219255619,
        1.243734296383275,
        1.537155562141393,
        1.7049560111627513,
        1.4772581584363196,
        1.479653675695769,
        1.6677080080157918,
        1.8708286933869707,
        1.875
    ],
    [
        2.5766591423005307,
        1.7219981933143187,
        1.718970945394689,
        2.1461367099459854,
        1.4511728972723332,
        1.5521266772471318,
        1.6744609414508433,
        0.0,
        1.738553837085422,
        1.6330144246488183,
        1.6825981758325999,
        1.7295431317097716,
        1.49362069407791,
        1.5577316128838683,
        1.754953307387724,
        1.425753669494523,
        1.7370552988063193,
        1.6609276189995625,
        1.6953108264226773,
        1.683766445931396,
        1.584977216800853,
        1.390693272356553,
        1.3806701271484076,
        1.706808262355337,
        1.6499158227686108,
        1.4646766802874203,
        2.26882556501033,
        1.445779297741456,
        1.6352454793631983,
        1.5667996397469304,
        1.8304902197073998,
        1.8247907033715158,
        1.5662455107677085,
        1.4842927608797396,
        1.9057661043382117,
        1.491107902795025,
        1.6786030898736406,
        1.7584123205007662,
        1.47784565424735,
        1.9180248810806508,
        1.768748773065927,
        1.6223268611609822,
        1.3869430814244366,
        1.6441183047457382,
        1.6303970204966778,
        1.360402309776209,
        1.5394353221591062,
        1.660404903764273,
        1.3391798899990164,
        2.236456150053274
    ],
    [
        2.2901046005876355,
        1.5882598793788265,
        1.5761900266148114,
        2.042516829796024,
        1.6677080080157918,
        1.8198557635153396,
        1.3863170633011772,
        1.738553837085422,
        0.0,
        1.4872373717735847,
        1.664071108174535,
        1.7721808598447282,
        2.1505813167606567,
        1.7387136049390075,
        1.8200274723201295,
        1.6571582511600258,
        1.8285923547909742,
        1.6583123951777,
        1.4890116226023549,
        1.403121520040228,
        1.6509677296799126,
        1.8413649828320293,
        1.631929668963845,
        1.7940875118009154,
        1.6467560704474586,
        1.4489220130842102,
        2.6721947908039936,
        1.7250201287070377,
        1.6955824957813168,
        1.8219342590896206,
        1.6441183047457382,
        1.6909686573085854,
        1.7240134054647667,
        1.346935822937051,
        2.885849095153799,
        1.4709690683355652,
        1.541103500742244,
        1.6723860200324565,
        1.697629065621947,
        1.716444160337165,
        1.4037400439935848,
        1.6723860200324565,
        1.4523687548277813,
        1.4037400439935848,
        1.6203780423098801,
        1.4185037108790999,
        1.4819750335278932,
        1.571225636247067,
        1.709349291397168,
        1.8328597873268975
    ],
    [
        2.888358495048419,
        1.6906811579294831,
        1.9233759382918358,
        2.516694260334378,
        1.400669482783144,
        1.6911534525287764,
        1.3699908758820258,
        1.6330144246488183,
        1.4872373717735847,
        0.0,
        1.43392301190881,
        1.5658464164789598,
        1.8789957424113553,
        1.4968717379922702,
        2.0223748416156684,
        1.4954053781159002,
        1.604485898972004,
        1.7737671775066761,
        1.5553807198475456,
        1.4391837964624254,
        1.6674164979925614,
        1.5907938269933033,
        1.5646041387875436,
        1.5337861650177969,
        1.6390630792552732,
        1.3885694076998818,
        2.749886361288408,
        1.605351294196313,
        1.5524174696260022,
        1.5203709342715606,
        1.5839034061457158,
        1.575,
        1.3808210118138653,
        1.6641856533719095,
        2.831077533378413,
        1.4968717379922702,
        1.9675492369951,
        1.7164643893771871,
        1.5559250553216815,
        1.9483076702045232,
        1.4623278626141876,
        1.6035117710824576,
        1.4293792358922806,
        1.31447602573125,
        1.9008221905270362,
        1.485017770189225,
        1.489546910976623,
        1.520485119953497,
        1.7045893933730787,
        2.5148310082389234
    ],
    [
        3.615839939680372,
        1.888650236691084,
        2.2218333347366404,
        2.847136495584607,
        1.5092191182657262,
        1.811812853560359,
        1.4043709100736972,
        1.6825981758325999,
        1.664071108174535,
        1.43392301190881,
        0.0,
        1.5115414824149633,
        1.5843623580584882,
        1.6293975035238626,
        2.179229994137135,
        1.3824012309258502,
        1.6953003767317871,
        1.86211559517553,
        1.8295512162990204,
        1.4481911659243143,
        1.8673407432086855,
        1.6853964591424166,
        1.6732861743632477,
        1.3987968591118671,
        1.883662905363665,
        1.6245957110893146,
        3.367243543557943,
        1.608839492451517,
        1.4243195654381062,
        1.7146680294585206,
        1.5773023340695418,
        1.752731105027412,
        1.5418390232758235,
        1.9163523847625294,
        3.32521865170287,
        1.7406711994198665,
        2.1648425733403664,
        1.7103750036355256,
        1.6015887272477807,
        2.379233010142825,
        1.4797863270405445,
        1.733063083982007,
        1.5808362873324167,
        1.589296861027434,
        2.223179144874313,
        1.5971470454555072,
        1.6251452054433506,
        1.734350581276897,
        1.931049994596891,
        2.789317724345317
    ],
    [
        3.681993900270973,
        2.1081851067789197,
        2.401171589037318,
        2.947456530637899,
        1.7320508075688772,
        2.0614012224698035,
        1.4842927608797396,
        1.7295431317097716,
        1.7721808598447282,
        1.5658464164789598,
        1.5115414824149633,
        0.0,
        1.8666480653835098,
        1.7679437208237143,
        2.1360009363293826,
        1.5194319561559033,
        1.7544586059522749,
        2.084166500066633,
        1.8870361979159005,
        1.5761900266148114,
        1.9662958689994863,
        1.758905909933786,
        1.6930208044925037,
        1.4737282653189494,
        1.9503382897447419,
        1.7629875212263983,
        3.4573291714848327,
        1.826217250067594,
        1.597067625368444,
        1.8304902197073998,
        1.5612494995995996,
        1.8582585934148133,
        1.6446461963325458,
        1.8989214775176402,
        3.4118360159890453,
        1.7412280149365849,
        2.5,
        1.7721808598447282,
        1.7608788840929535,
        2.4188208789499988,
        1.6110512440984337,
        1.758905909933786,
        1.6723860200324565,
        1.7006943026632126,
        2.1543560522810523,
        1.5893525935633874,
        1.6052647756678649,
        1.8791620472966135,
        2.0155644370746373,
        3.252402957814422
    ],
    [
        4.102637280221251,
        2.13762588973011,
        2.5,
        2.888555002072836,
        1.58607219255619,
        1.893904696651867,
        1.8328597873268975,
        1.49362069407791,
        2.1505813167606567,
        1.8789957424113553,
        1.5843623580584882,
        1.8666480653835098,
        0.0,
        1.8115946014492315,
        2.2707377655731187,
        1.5355066304789757,
        1.8582585934148133,
        2.0879116360612584,
        2.2595460759603365,
        1.7365554986812255,
        1.8879184598681986,
        1.704772712123232,
        1.509230856356236,
        1.6345871038277526,
        1.9768626940460765,
        1.6385969608173936,
        3.3726843908080104,
        1.6013232375479696,
        1.5415090009467993,
        1.924801577075183,
        1.9039432764659772,
        2.003902442735175,
        1.855921454276674,
        2.002168962788994,
        2.8339460121886586,
        1.827395687857449,
        2.358495283014151,
        1.956559480312316,
        1.8162078931419474,
        2.5863557588064157,
        1.826217250067594,
        1.9162137145944864,
        1.824314939915803,
        1.9781795784115366,
        2.1718367802392518,
        1.7514874630819752,
        1.7453509675707062,
        2.1028254801575903,
        1.9243505397925815,
        3.292984968079873
    ],
    [
        3.0956149038039373,
        1.6695391912474267,
        1.8483100389274523,
        2.094785191851422,
        1.582324239844666,
        1.6695807857064,
        1.52540978100968,
        1.5577316128838683,
        1.7387136049390075,
        1.4968717379922702,
        1.6293975035238626,
        1.7679437208237143,
        1.8115946014492315,
        0.0,
        2.0852158161686765,
        1.3043930874282539,
        1.6232683080747925,
        1.7177383386301885,
        1.5558398873605346,
        1.5270478054075451,
        1.5947831618540915,
        1.5208961174255131,
        1.4572376836558498,
        1.5854809995707926,
        1.626046671463577,
        1.5155444566227676,
        2.5557533136044253,
        1.4701662793333579,
        1.664894891577243,
        1.4672110732043067,
        1.6033168744823962,
        1.6471566410029133,
        1.4011404085402877,
        1.8226202139898602,
        2.4591665254715878,
        1.5461646096066226,
        1.8098687797738264,
        1.7104458483097325,
        1.5695894721585995,
        1.9225272718770756,
        1.7356755009057552,
        1.771828151937992,
        1.6571813419176549,
        1.5700539622715024,
        2.053350919838107,
        1.6021686691620343,
        1.5323592920721953,
        1.614775526195514,
        1.7899022319668747,
        2.5019992006393608
    ],
    [
        3.1148303914253406,
        1.8582585934148133,
        2.3217719526258387,
        2.680951323690902,
        2.023301757029831,
        1.8520259177452134,
        2.1578345627040085,
        1.754953307387724,
        1.8200274723201295,
        2.0223748416156684,
        2.179229994137135,
        2.1360009363293826,
        2.2707377655731187,
        2.0852158161686765,
        0.0,
        1.9407683098847892,
        1.956559480312316,
        1.9445436482630056,
        2.0933263735314775,
        1.976423537605237,
        2.1331542893617006,
        2.1323402636539974,
        1.96894289178511,
        2.218529918662356,
        2.0712147536060943,
        1.8648056198971512,
        3.1174909783349816,
        1.9193821343801702,
        2.301629857296781,
        2.08874297658238,
        2.318404623873926,
        2.5031230493125984,
        2.0454896181055964,
        1.7887573278054734,
        2.831187913226531,
        1.7734147850968198,
        2.069118169655856,
        2.0953818267800264,
        1.9851882082619325,
        2.1380319351112496,
        2.2282903261868228,
        1.9724667297574374,
        1.9121323175972944,
        1.869900472693073,
        2.081015377165676,
        1.7790251700174327,
        2.026234191795213,
        2.0,
        1.79843682124227,
        2.7414640249326636
    ],
    [
        3.005787359921061,
        1.5493351291452822,
        1.9538684809414186,
        2.3170976083304327,
        1.4286830313549723,
        1.6625987771791337,
        1.4017572790564545,
        1.425753669494523,
        1.6571582511600258,
        1.4954053781159002,
        1.3824012309258502,
        1.5194319561559033,
        1.5355066304789757,
        1.3043930874282539,
        1.9407683098847892,
        0.0,
        1.7226359133014493,
        1.6927591894505807,
        1.597391048949914,
        1.4724294446212882,
        1.6549224827877231,
        1.5002125699720161,
        1.3548827253849263,
        1.4882618954296165,
        1.7058738725164415,
        1.477816404879379,
        2.603777181758243,
        1.520038115645747,
        1.4898209041796306,
        1.443093352502284,
        1.4935020821504585,
        1.7154014226461183,
        1.3724982394282188,
        1.7331039716119845,
        2.4745515982183313,
        1.3969399867319328,
        1.8721917745830223,
        1.6944537377537798,
        1.4962514574884402,
        1.978027330494047,
        1.503020390674917,
        1.581542130391752,
        1.4049384473407818,
        1.477773728533487,
        1.8745033355803986,
        1.3483686708620748,
        1.5275781151742074,
        1.526759607128504,
        1.691911278853062,
        2.4695853985672023
    ],
    [
        3.6334788243977614,
        1.8190733294119228,
        2.391390808713624,
        2.6780356607035687,
        1.79843682124227,
        1.8530380460206421,
        1.7940875118009154,
        1.7370552988063193,
        1.8285923547909742,
        1.604485898972004,
        1.6953003767317871,
        1.7544586059522749,
        1.8582585934148133,
        1.6232683080747925,
        1.956559480312316,
        1.7226359133014493,
        0.0,
        1.824314939915803,
        1.8342510844528146,
        1.709349291397168,
        1.907132081890968,
        1.776583800443987,
        1.7052818274734272,
        1.8540496217739157,
        1.9516730714383947,
        1.7684739183827392,
        3.119995993587171,
        1.685312368013057,
        1.8010413654327873,
        1.726529112925055,
        1.8915932438026946,
        1.956559480312316,
        1.7534687843750678,
        2.1015867021530816,
        3.179524335494226,
        1.6753730927766506,
        2.069118169655856,
        1.8540496217739157,
        1.7800007802744857,
        2.0833333333333335,
        1.6991623753419736,
        1.8791620472966135,
        1.695582495781317,
        1.7480147469502525,
        2.229770167528483,
        1.7940875118009154,
        1.7815021751319868,
        1.7809758560968758,
        1.8498310733685928,
        2.9047375096555625
    ],
    [
        2.6976109044554097,
        1.6024070435857842,
        1.9803724397193574,
        2.1065374432940898,
        1.6345871038277526,
        1.4798648586948742,
        1.940521837032503,
        1.6609276189995625,
        1.6583123951777,
        1.7737671775066761,
        1.86211559517553,
        2.084166500066633,
        2.0879116360612584,
        1.7177383386301885,
        1.9445436482630056,
        1.6927591894505807,
        1.824314939915803,
        0.0,
        1.5668561725015229,
        1.709349291397168,
        1.6356488688658768,
        1.5360257159305635,
        1.4595233240114163,
        1.9685019685029528,
        1.4971036852684736,
        1.4834503699146797,
        2.404423007708918,
        1.6919950420205794,
        1.8818209266558814,
        1.6739424522167223,
        1.9803724397193574,
        1.8371173070873836,
        1.7814631938693293,
        1.7945712889465024,
        2.38812164681785,
        1.514719445970111,
        1.6677080080157918,
        1.79843682124227,
        1.611589967151143,
        1.6883999657795674,
        1.6801537628046628,
        1.9882467150733583,
        1.5811388300841898,
        1.5005785921140922,
        1.7424838593226624,
        1.6588357697828653,
        1.8086597247685923,
        1.6105123408406408,
        1.6345871038277526,
        2.348536778506992
    ],
    [
        1.901093938569398,
        1.7301575924708652,
        1.416016257257072,
        1.81590549178696,
        1.4587220084578087,
        1.50634711559224,
        1.4731872291887742,
        1.6953108264226773,
        1.4890116226023549,
        1.5553807198475456,
        1.8295512162990204,
        1.8870361979159005,
        2.2595460759603365,
        1.5558398873605346,
        2.0933263735314775,
        1.597391048949914,
        1.8342510844528146,
        1.5668561725015229,
        0.0,
        1.5682801251754765,
        1.2883708225574007,
        1.4017572790564545,
        1.3073710660361082,
        1.8994158607963918,
        1.2584465192146053,
        1.418509205943669,
        2.304055873755616,
        1.7354942214665436,
        1.6904179232077612,
        1.2783075900520111,
        1.5150183537650288,
        1.4215227894115263,
        1.5136262228184434,
        1.4182913852642338,
        2.2595460759603365,
        1.4679961699888868,
        1.342377383903769,
        1.6533052855861008,
        1.6019205274973018,
        1.485414251603307,
        1.498061862008251,
        1.75990273965956,
        1.1747774430998947,
        1.4770542787601368,
        1.4276961604384222,
        1.5141996082137716,
        1.4621761807913125,
        1.4709127043007921,
        1.5749757043801518,
        1.7955088528927745
    ],
    [
        2.7031609426063876,
        1.683766445931396,
        1.75,
        2.2603926650031405,
        1.625,
        1.7675901674313534,
        1.3050383136138188,
        1.683766445931396,
        1.403121520040228,
        1.4391837964624254,
        1.4481911659243143,
        1.5761900266148114,
        1.7365554986812255,
        1.5270478054075451,
        1.976423537605237,
        1.4724294446212882,
        1.709349291397168,
        1.709349291397168,
        1.5682801251754765,
        0.0,
        1.7159383568311668,
        1.758905909933786,
        1.5433549314543447,
        1.4086784586980805,
        1.5734339657082672,
        1.4590236461414874,
        2.7641680484369977,
        1.660404903764273,
        1.439618004888797,
        1.5184055965240497,
        1.3228756555322954,
        1.505199322349037,
        1.4901295618539723,
        1.677568511599783,
        2.6867731575255847,
        1.4802871343087463,
        1.6863421954040052,
        1.6441183047457382,
        1.5888063304114681,
        1.9139473463093086,
        1.516117116555021,
        1.6105123408406408,
        1.4947825928876748,
        1.5567951410224503,
        1.850337806996333,
        1.505775916632721,
        1.5789632674638128,
        1.5811388300841898,
        1.875,
        2.1866069605669876
    ],
    [
        1.9411060181494841,
        1.8224106440524197,
        1.2423376263229644,
        1.5734339657082672,
        1.4373490258883617,
        1.7406695710431535,
        1.5280934017410208,
        1.584977216800853,
        1.6509677296799126,
        1.6674164979925614,
        1.8673407432086855,
        1.9662958689994863,
        1.8879184598681986,
        1.5947831618540915,
        2.1331542893617006,
        1.6549224827877231,
        1.907132081890968,
        1.6356488688658768,
        1.2883708225574007,
        1.7159383568311668,
        0.0,
        1.505775916632721,
        1.3962996733430033,
        1.7960218385210256,
        1.274073737618388,
        1.588587772554954,
        1.8290670056373306,
        1.7897276329095442,
        1.570385656808897,
        1.2930100540985752,
        1.4971036852684736,
        1.3680379299485002,
        1.632993161855452,
        1.5915357712320233,
        2.0581815058714112,
        1.6077935190813526,
        1.467234738471584,
        1.550649505494033,
        1.6723860200324565,
        1.5523280008497633,
        1.4343262065048754,
        1.954339899926429,
        1.2169234888758527,
        1.5467259327725489,
        1.5740296834699288,
        1.6034901170744882,
        1.357489512953149,
        1.5280934017410208,
        1.7006943026632126,
        1.7174553204604124
    ],
    [
        2.7817049903002338,
        1.8587256685996218,
        1.8114220932736798,
        1.928406077567689,
        1.357847561400027,
        1.4819750335278932,
        1.704772712123232,
        1.390693272356553,
        1.8413649828320293,
        1.5907938269933033,
        1.6853964591424166,
        1.758905909933786,
        1.704772712123232,
        1.5208961174255131,
        2.1323402636539974,
        1.5002125699720161,
        1.776583800443987,
        1.5360257159305635,
        1.4017572790564545,
        1.758905909933786,
        1.505775916632721,
        0.0,
        1.4074454795045446,
        1.8413649828320293,
        1.620720861564727,
        1.5839034061457153,
        2.2980970388562794,
        1.586619397054981,
        1.7576617990956052,
        1.420338379088276,
        1.6863421954040052,
        1.6863421954040052,
        1.51840559652405,
        1.7633419974582356,
        2.25,
        1.5690363284513202,
        1.79843682124227,
        2.019436802675439,
        1.5416666666666667,
        1.8075843302903218,
        1.688914016625937,
        1.8027756377319946,
        1.4469796128487782,
        1.541103500742244,
        1.7951323071016243,
        1.512103942635338,
        1.6199922839322416,
        1.6677080080157918,
        1.6153559979150107,
        2.5186802099512358
    ],
    [
        2.1934099789143175,
        1.6335246486593882,
        1.420338379088276,
        1.6853123680130573,
        1.4976833963009524,
        1.506721053590655,
        1.4601179556612693,
        1.3806701271484076,
        1.631929668963845,
        1.5646041387875436,
        1.6732861743632477,
        1.6930208044925037,
        1.509230856356236,
        1.4572376836558498,
        1.96894289178511,
        1.3548827253849263,
        1.7052818274734272,
        1.4595233240114163,
        1.3073710660361082,
        1.5433549314543447,
        1.3962996733430033,
        1.4074454795045446,
        0.0,
        1.646228855428201,
        1.3533651474093096,
        1.2508052961547969,
        2.0899893673307415,
        1.4006446928309677,
        1.3229806414977423,
        1.3680379299485004,
        1.5734339657082672,
        1.375631168268265,
        1.4947825928876748,
        1.5246812052943322,
        1.9257033347152235,
        1.4301806412711182,
        1.4475793971700175,
        1.8647870000500208,
        1.545041351478263,
        1.631929668963845,
        1.489546910976623,
        1.7564365756964995,
        1.2190615698606495,
        1.4197270864500684,
        1.6175040786484722,
        1.4883809249576458,
        1.4613302539505268,
        1.6126668733636358,
        1.47784565424735,
        1.86711304186734
    ],
    [
        3.6841151015722424,
        2.025017146703811,
        2.1139418156609704,
        2.707050978463464,
        1.5811388300841898,
        1.9920153111861365,
        1.2808688457449497,
        1.706808262355337,
        1.7940875118009154,
        1.5337861650177969,
        1.3987968591118671,
        1.4737282653189494,
        1.6345871038277526,
        1.5854809995707926,
        2.218529918662356,
        1.4882618954296165,
        1.8540496217739157,
        1.9685019685029528,
        1.8994158607963918,
        1.4086784586980805,
        1.7960218385210256,
        1.8413649828320293,
        1.646228855428201,
        0.0,
        1.7950549357115013,
        1.6577469650100403,
        3.1942330847951594,
        1.660404903764273,
        1.2879246872391257,
        1.7608788840929535,
        1.4630874888399532,
        1.7455300054711176,
        1.4367449707972224,
        1.964971020425266,
        3.0516389039334255,
        1.713366569068044,
        2.200852107707376,
        1.6863421954040052,
        1.697629065621947,
        2.3124061542519345,
        1.5584670174387536,
        1.6441183047457382,
        1.6677080080157918,
        1.521261355294057,
        2.2175436861536686,
        1.6858273603453258,
        1.5937377450509227,
        1.758905909933786,
        2.065338955232288,
        3.0388114452858046
    ],
    [
        2.2852337044381756,
        1.717960677340692,
        1.5195485440675391,
        1.7608788840929535,
        1.4148272371958037,
        1.64951592225652,
        1.646228855428201,
        1.6499158227686108,
        1.6467560704474586,
        1.6390630792552732,
        1.883662905363665,
        1.9503382897447419,
        1.9768626940460765,
        1.626046671463577,
        2.0712147536060943,
        1.7058738725164415,
        1.9516730714383947,
        1.4971036852684736,
        1.2584465192146053,
        1.5734339657082672,
        1.274073737618388,
        1.620720861564727,
        1.3533651474093096,
        1.7950549357115013,
        0.0,
        1.466027322771002,
        2.3522300293787404,
        1.6791201399674904,
        1.5864224251790917,
        1.454757520841341,
        1.632461502013311,
        1.3507970897872772,
        1.621791704669047,
        1.6398890545128688,
        2.365477987872876,
        1.6083333333333334,
        1.4601179556612693,
        1.6472831167308997,
        1.5734339657082672,
        1.5612494995995996,
        1.537155562141393,
        1.9098611060609734,
        1.3565683830083088,
        1.521261355294057,
        1.6590869309485996,
        1.7144200509534153,
        1.6010196403819938,
        1.5126779050559458,
        1.620720861564727,
        1.9596626693841412
    ],
    [
        2.534063849202844,
        1.5827630551945824,
        1.6985287751463027,
        1.9836834424877372,
        1.5309310892394863,
        1.6116761461286198,
        1.4192867927237258,
        1.4646766802874203,
        1.4489220130842102,
        1.3885694076998818,
        1.6245957110893146,
        1.7629875212263983,
        1.6385969608173936,
        1.5155444566227676,
        1.8648056198971512,
        1.477816404879379,
        1.7684739183827392,
        1.4834503699146797,
        1.418509205943669,
        1.4590236461414874,
        1.588587772554954,
        1.5839034061457153,
        1.2508052961547969,
        1.6577469650100403,
        1.466027322771002,
        0.0,
        2.2466641938660974,
        1.5183827287976872,
        1.4439529078193651,
        1.3760854301645342,
        1.5596473960482222,
        1.6280740155164937,
        1.489873223540252,
        1.6294383831383266,
        2.0805648271563184,
        1.14564392373896,
        1.499374869737385,
        1.8401766219577946,
        1.647304195074823,
        1.7613520690398927,
        1.5704519873095275,
        1.6452583383772896,
        1.4450346016618425,
        1.4495928547162629,
        1.6677080080157918,
        1.4538980172090628,
        1.5562374497485916,
        1.5953056133543815,
        1.5550321540083984,
        2.1529050141610986
    ],
    [
        1.09846832137355,
        2.6163879894066,
        1.231107225224513,
        1.0077822185373186,
        2.692582403567252,
        2.269774217846348,
        2.540300179112697,
        2.26882556501033,
        2.6721947908039936,
        2.749886361288408,
        3.367243543557943,
        3.4573291714848327,
        3.3726843908080104,
        2.5557533136044253,
        3.1174909783349816,
        2.603777181758243,
        3.119995993587171,
        2.404423007708918,
        2.304055873755616,
        2.7641680484369977,
        1.8290670056373306,
        2.2980970388562794,
        2.0899893673307415,
        3.1942330847951594,
        2.3522300293787404,
        2.2466641938660974,
        0.0,
        3.2502670830427323,
        4.1193901247636155,
        2.338907033447698,
        3.092329219213245,
        2.923503890881625,
        2.405866672208675,
        1.8304902197073998,
        1.0606601717798212,
        2.274313083108832,
        1.479019945774904,
        2.6516504294495533,
        2.8698625596204272,
        2.008229596214315,
        3.241441723129454,
        2.6339134382131846,
        2.2043990110685496,
        2.745577251589262,
        1.6966879500957153,
        2.181042054717067,
        2.2394195676558692,
        2.436698586202241,
        2.1213203435596424,
        0.9762812094883317
    ],
    [
        3.4167444407939183,
        1.6914819275153699,
        2.089989367330742,
        2.5691816682446658,
        1.4848774734337884,
        1.676657554647208,
        1.6651034335573405,
        1.445779297741456,
        1.7250201287070377,
        1.605351294196313,
        1.608839492451517,
        1.826217250067594,
        1.6013232375479696,
        1.4701662793333579,
        1.9193821343801702,
        1.520038115645747,
        1.685312368013057,
        1.6919950420205794,
        1.7354942214665436,
        1.660404903764273,
        1.7897276329095442,
        1.586619397054981,
        1.4006446928309677,
        1.660404903764273,
        1.6791201399674904,
        1.5183827287976872,
        3.2502670830427323,
        0.0,
        1.575154313428088,
        1.489546910976623,
        1.7916666666666667,
        1.8989214775176402,
        1.6398890545128688,
        1.7940875118009156,
        2.9468674516811535,
        1.480756188198749,
        1.9658543520142415,
        1.819550463408171,
        1.590990257669732,
        2.053959590644373,
        1.6372402253657083,
        1.774139071336981,
        1.5195485440675391,
        1.586619397054981,
        2.122514886742716,
        1.6051133570215186,
        1.7894560005146194,
        1.7785371642010872,
        1.7858432493114034,
        2.6480469742392745
    ],
    [
        2.948308923807694,
        1.9507655192542006,
        1.783781096435322,
        3.1406607585028987,
        1.4853450777512947,
        2.092844953645635,
        1.1404494727957044,
        1.6352454793631983,
        1.6955824957813168,
        1.5524174696260022,
        1.4243195654381062,
        1.597067625368444,
        1.5415090009467993,
        1.664894891577243,
        2.301629857296781,
        1.4898209041796306,
        1.8010413654327873,
        1.8818209266558814,
        1.6904179232077612,
        1.439618004888797,
        1.570385656808897,
        1.7576617990956052,
        1.3229806414977423,
        1.2879246872391257,
        1.5864224251790917,
        1.4439529078193651,
        4.1193901247636155,
        1.575154313428088,
        0.0,
        1.5654028590465494,
        1.1882234638316145,
        1.1366067921669305,
        1.6215561798607054,
        1.9993749023132208,
        3.725,
        1.782379028153103,
        2.238861317723811,
        1.8801595676963165,
        1.78899024902628,
        2.3362333169251546,
        1.3652177278531232,
        1.9535224595586302,
        1.3266499161421599,
        1.604312763909969,
        1.9347157413945852,
        1.7278157373464977,
        1.7410485346480151,
        1.8793283374652765,
        1.906403682329637,
        2.6973366493635904
    ],
    [
        2.537669713279517,
        1.7965050947758416,
        1.5551214672101268,
        1.8133379289157454,
        1.4959435892513535,
        1.6905784677309585,
        1.5833333333333335,
