[
    [
        0.0,
        0.7980995493201334,
        1.2369435301884237,
        0.35869500885153116,
        0.40534755534602646,
        0.338381372307933,
        0.3934274472504429,
        0.2976962325509008,
        0.4095419506900361,
        0.48864049284724653,
        0.6715115295920093,
        0.6292822051750708,
        0.3483358876501243,
        0.3814548629916782,
        0.4744445765840305,
        0.4095419506900361,
        0.2773162398327945,
        0.47186465220442186,
        0.30257682392245444,
        0.2960514893983815,
        0.4632489712616748,
        0.3224122404279617,
        0.6658523672707036,
        0.3358466446906981,
        0.28768675999253074,
        1.7072055474517414,
        0.4422178655651533,
        0.5787580992953792,
        0.43554249577394855,
        0.5900377371406001,
        0.35458767868469426,
        0.5282544220117802,
        0.7134656285519296,
        1.257205793118215,
        0.275106513463422,
        0.78824989097684,
        0.41721968508808405,
        0.4032339968926231,
        0.4471590006641933,
        0.29851520585223124,
        0.5079927564690269,
        0.33620991861484395,
        0.33709627344342513,
        0.7988639394477636,
        0.3700849775727191,
        0.39187300637451417,
        0.39497577061764183,
        0.3912495007984036,
        1.669902457854949
    ],
    [
        0.7980995493201334,
        0.0,
        0.5127762212944356,
        0.7212930554739869,
        0.5127762212944356,
        0.5201036555341637,
        0.6224557589700653,
        0.4903860883273505,
        0.7699178121721825,
        1.0029254084925758,
        1.0329058675649005,
        1.2286258520701085,
        0.8775075676311858,
        0.6744138079658512,
        0.7925741783107749,
        0.9893228823922956,
        0.6206882520637876,
        0.37205877811845806,
        0.6855440927650095,
        0.45069390943299864,
        0.6989459139482825,
        0.5396346098544623,
        1.0870329456828804,
        0.5856770254372285,
        0.5590169943749475,
        0.7922660833804511,
        0.9695057535930357,
        0.8823629939684687,
        0.6885645167665845,
        1.0733590309747247,
        0.6830466560748248,
        0.74690115016982,
        0.18814991529362962,
        0.5972348391755122,
        0.5051009336013942,
        0.3240068961457456,
        0.7962620191400567,
        0.9189572470332883,
        0.3159960690024482,
        0.7184102457857906,
        0.6476369305019596,
        0.3878023014372143,
        0.7181458813809659,
        0.18553659510996745,
        0.5026783731920441,
        0.38273277230987157,
        0.5186935210218072,
        0.3497348325874905,
        0.4818482482846648
    ],
    [
        1.2369435301884237,
        0.5127762212944356,
        0.0,
        1.2086924753633572,
        0.8408515029421069,
        1.0544270511751868,
        1.0469915979844346,
        0.967236721283885,
        1.2809641449412235,
        1.5161081704070458,
        1.4172314284812484,
        1.6951504818894398,
        1.2751378601939478,
        1.11847063551083,
        1.29762779356216,
        1.4177481319419891,
        1.080387119566408,
        0.7551903733496608,
        1.1155199530375959,
        0.9296546737902198,
        1.1410530018912355,
        0.9947916666666666,
        1.5465593112212024,
        0.9911719704471066,
        0.9866046178054307,
        0.2665425329567497,
        1.42144567694302,
        1.5113502861679684,
        0.9841269528749835,
        1.5926773351027508,
        1.1844121036404516,
        1.0396203859462356,
        0.3262595784034547,
        0.3053878169639385,
        0.8956819154979071,
        0.34303903750156484,
        1.19773549354605,
        1.3619766770213064,
        0.5455340703155028,
        1.211516998436258,
        0.9538931330998247,
        0.8782028435247747,
        1.195910911391861,
        0.34303903750156484,
        0.9293920223726907,
        0.7817186094593118,
        0.8473591789347655,
        0.7540580320008534,
        0.28895690638917076
    ],
    [
        0.35869500885153116,
        0.7212930554739869,
        1.2086924753633572,
        0.0,
        0.3769480650567131,
        0.17469281074217108,
        0.2533949178160446,
        0.39958474539201316,
        0.21079277442550065,
        0.2395267143243108,
        0.35561895864815757,
        0.3846416757840991,
        0.28853414550967793,
        0.3128903811640748,
        0.16237976320958225,
        0.21986323874172325,
        0.3518228202874282,
        0.4695306000411475,
        0.27018150727797785,
        0.30737993082665627,
        0.19452968121857395,
        0.2948579136399617,
        0.3700849775727191,
        0.3733688482921413,
        0.3232525135246438,
        1.5235777179061132,
        0.23799290955824715,
        0.38049361443393503,
        0.2679129406169101,
        0.3924955214712647,
        0.3444594950788844,
        0.3247595264191645,
        0.7498372219188641,
        1.2693810007243689,
        0.28598445652692384,
        0.8870542454523286,
        0.24902152266420668,
        0.21079277442550065,
        0.6480137922914913,
        0.31868871959954903,
        0.4512352836935516,
        0.3299798762803574,
        0.23992276679752128,
        0.8361930100162283,
        0.21079277442550065,
        0.40202126032089397,
        0.4780330793993236,
        0.3909373750999001,
        1.4145587872195344
    ],
    [
        0.40534755534602646,
        0.5127762212944356,
        0.8408515029421069,
        0.3769480650567131,
        0.0,
        0.3332926407453366,
        0.27332587007087344,
        0.40050017556175926,
        0.40745015032516557,
        0.609375,
        0.598051850281395,
        0.7370297759419222,
        0.3775951866748304,
        0.3733688482921413,
        0.3915613776919271,
        0.5390058847081356,
        0.3398212995458054,
        0.2670001170411728,
        0.37662408728731095,
        0.18553659510996745,
        0.34375,
        0.269477777505761,
        0.5745242597140698,
        0.34089725358236606,
        0.24655834121967968,
        1.310638560969423,
        0.4965702681897095,
        0.697197234916347,
        0.27599252707274524,
        0.6816154409746011,
        0.4982880849719367,
        0.2795084971874737,
        0.5266343608235224,
        0.8639084966736928,
        0.20551478809321727,
        0.6738705829014945,
        0.28768675999253074,
        0.3934274472504429,
        0.4624577683421482,
        0.43694160794092385,
        0.29646353064078557,
        0.18944305707784595,
        0.31215258466191037,
        0.5635840249022323,
        0.26052081250832915,
        0.22910747341586218,
        0.2724311839712921,
        0.1926379375927805,
        1.2762861160413836
    ],
    [
        0.338381372307933,
        0.5201036555341637,
        1.0544270511751868,
        0.17469281074217108,
        0.3332926407453366,
        0.0,
        0.26052081250832915,
        0.2670001170411728,
        0.22041774968227945,
        0.2348952559120767,
        0.38305158350410196,
        0.4504229782937367,
        0.3792081593597374,
        0.3811347161765771,
        0.20610790559801437,
        0.2633171804117612,
        0.28341183042526646,
        0.41102957618643454,
        0.27775607554111215,
        0.293567097313374,
        0.18944305707784595,
        0.30636335770526546,
        0.38400642898264087,
        0.37565047750535335,
        0.2781952158557009,
        1.3210288367405156,
        0.2572199630180364,
        0.24754655496491967,
        0.2614562582918986,
        0.369754986443726,
        0.20432338797846908,
        0.3097535562749845,
        0.6371858907532401,
        1.0872575160696751,
        0.2688226645950821,
        0.7290364467055128,
        0.3065846385991966,
        0.2647042866577721,
        0.5517638619690493,
        0.1753901900050285,
        0.421875,
        0.3049878327491115,
        0.23702208860380736,
        0.667317390751957,
        0.18619336387207788,
        0.40050017556175926,
        0.4674461031766122,
        0.3620821945705146,
        1.0382104118987634
    ],
    [
        0.3934274472504429,
        0.6224557589700653,
        1.0469915979844346,
        0.2533949178160446,
        0.27332587007087344,
        0.26052081250832915,
        0.0,
        0.46113608010542834,
        0.24407030237208294,
        0.34375,
        0.30737993082665627,
        0.4640388251536718,
        0.34903606099513557,
        0.33108781406901705,
        0.2395267143243108,
        0.3451675317871019,
        0.39866721319290854,
        0.4408354993645589,
        0.35458767868469426,
        0.30935921676911454,
        0.21875,
        0.34720486067706163,
        0.2881107642904027,
        0.39958474539201316,
        0.2795084971874737,
        1.3884287432201914,
        0.35664725657854146,
        0.5153882032022076,
        0.29522568168267477,
        0.44579195680272204,
        0.4744445765840305,
        0.2706329386826371,
        0.6306386272065801,
        1.0419661027955756,
        0.26378035962709584,
        0.8006954984574348,
        0.24506854908372067,
        0.3462268719712553,
        0.6179287479151622,
        0.4281934251888975,
        0.2385052737886523,
        0.2706329386826371,
        0.24727244730144207,
        0.7013867402332326,
        0.22803936748947537,
        0.2829807855667943,
        0.3552755312781898,
        0.28768675999253074,
        1.2699578610135063
    ],
    [
        0.2976962325509008,
        0.4903860883273505,
        0.967236721283885,
        0.39958474539201316,
        0.40050017556175926,
        0.2670001170411728,
        0.46113608010542834,
        0.0,
        0.4026280852101602,
        0.501219216635795,
        0.7718180647017793,
        0.7167090588237321,
        0.3811347161765771,
        0.4868886390900901,
        0.5552923638724019,
        0.409839907768875,
        0.2576941016011038,
        0.3552755312781898,
        0.2576941016011038,
        0.23696485762661096,
        0.5396848762240795,
        0.29264159974750303,
        0.7226456924904486,
        0.2724311839712921,
        0.23280725665236468,
        1.2707266007092164,
        0.436102679279777,
        0.5371910449272214,
        0.46927054430253773,
        0.5833798344560772,
        0.21423920626253262,
        0.5896238207535377,
        0.5711145900780333,
        1.0812906422997473,
        0.29851520585223124,
        0.6417672743097765,
        0.4923734767683978,
        0.42676563386711447,
        0.37041467472280304,
        0.16828640022295324,
        0.5966213466261495,
        0.271083618326523,
        0.32492654084337963,
        0.5405888716251935,
        0.3769480650567131,
        0.4192627457812106,
        0.37662408728731095,
        0.350780380010057,
        1.1780048015606728
    ],
    [
        0.4095419506900361,
        0.7699178121721825,
        1.2809641449412235,
        0.21079277442550065,
        0.40745015032516557,
        0.22041774968227945,
        0.24407030237208294,
        0.4026280852101602,
        0.0,
        0.18684782411095935,
        0.26972932033800107,
        0.3694247005480278,
        0.38495890608609123,
        0.3671043788897103,
        0.22152260748059102,
        0.29064180058966055,
        0.3472829807952011,
        0.5266343608235224,
        0.350780380010057,
        0.3620821945705146,
        0.26238836912104163,
        0.36691959789502177,
        0.3597145135381668,
        0.4276228807313753,
        0.2881107642904027,
        1.5991788664420876,
        0.21079277442550065,
        0.3140586131600278,
        0.3251351882294502,
        0.3627558364451219,
        0.35008369535012623,
        0.3788861141556919,
        0.8034350082614026,
        1.2788659221650251,
        0.2821167200823092,
        0.9024705673871032,
        0.33108781406901705,
        0.3065846385991966,
        0.7212930554739869,
        0.28980057798424075,
        0.44852187795022885,
        0.3736956482219187,
        0.19015766941175713,
        0.8964992679863157,
        0.29315098498896436,
        0.4244711783501914,
        0.449880626527749,
        0.46666201634587745,
        1.5346741052663266
    ],
    [
        0.48864049284724653,
        1.0029254084925758,
        1.5161081704070458,
        0.2395267143243108,
        0.609375,
        0.2348952559120767,
        0.34375,
        0.501219216635795,
        0.18684782411095935,
        0.0,
        0.26745691825974516,
        0.2786336640644845,
        0.3871722404176208,
        0.4653522691198572,
        0.265625,
        0.28598445652692384,
        0.44743190822738604,
        0.6989459139482825,
        0.4363825013677794,
        0.5342287811649612,
        0.3113259194558012,
        0.4648565153475975,
        0.22207297505549836,
        0.493364168870217,
        0.41634101857731964,
        1.8118937563706654,
        0.203125,
        0.29315098498896436,
        0.39497577061764183,
        0.33071891388307384,
        0.3912495007984036,
        0.40625,
        1.019224391081277,
        1.5040635063886099,
        0.45204612942154476,
        1.113548487662302,
        0.35869500885153116,
        0.370744078678271,
        0.9350227687735738,
        0.3681005934184296,
        0.5715419111928713,
        0.5603256586575346,
        0.31436077944422036,
        1.1370878374162658,
        0.4377789289413094,
        0.5247767382420833,
        0.5768567169367104,
        0.6850096942744679,
        1.708706450615494
    ],
    [
        0.6715115295920093,
        1.0329058675649005,
        1.4172314284812484,
        0.35561895864815757,
        0.598051850281395,
        0.38305158350410196,
        0.30737993082665627,
        0.7718180647017793,
        0.26972932033800107,
        0.26745691825974516,
        0.0,
        0.3365728004459065,
        0.5683291712335379,
        0.4411123191716595,
        0.370744078678271,
        0.38337012957454053,
        0.6621756281380341,
        0.7165387179873813,
        0.5134898976610932,
        0.6033354555096194,
        0.3299798762803574,
        0.62619243886054,
        0.37629983058725924,
        0.7102073860852195,
        0.5661772166247949,
        1.7927261886579333,
        0.25,
        0.5094325120906595,
        0.4363825013677794,
        0.4198446513295126,
        0.5273292822089439,
        0.47828837078168646,
        1.0363274624244019,
        1.444277501036418,
        0.522679021364929,
        1.2095001550227267,
        0.4716058835245803,
        0.4496092053105675,
        0.951843400657377,
        0.6267553475041119,
        0.5094325120906595,
        0.6185211066527965,
        0.4733569903125735,
        1.0724488259935763,
        0.40232478717449166,
        0.641386742242931,
        0.689450358528444,
        0.6379517394560501,
        1.7318393626791717
    ],
    [
        0.6292822051750708,
        1.2286258520701085,
        1.6951504818894398,
        0.3846416757840991,
        0.7370297759419222,
        0.4504229782937367,
        0.4640388251536718,
        0.7167090588237321,
        0.3694247005480278,
        0.2786336640644845,
        0.3365728004459065,
        0.0,
        0.48588474392081915,
        0.5212758536753836,
        0.3874873989886639,
        0.4230308240837776,
        0.6449927325171967,
        0.8459173552274477,
        0.5557318513680856,
        0.7313768586542782,
        0.39311705079403514,
        0.6109310617023641,
        0.27198273727389394,
        0.6442352540027595,
        0.5812836011793211,
        2.0494378040086993,
        0.38874547826952277,
        0.4568809849129202,
        0.5051009336013942,
        0.4785435259722986,
        0.578125,
        0.46692352492137296,
        1.2071766194824185,
        1.630624281333686,
        0.6525191568069094,
        1.3234291986162312,
        0.46113608010542834,
        0.5096720759468778,
        1.1041912340034221,
        0.5972348391755122,
        0.597847702178406,
        0.7622694323531543,
        0.5192684825256049,
        1.3293193159470753,
        0.5326268921581034,
        0.6344981407577173,
        0.6754989475380402,
        0.8389621099161749,
        1.9430364445887267
    ],
    [
        0.3483358876501243,
        0.8775075676311858,
        1.2751378601939478,
        0.28853414550967793,
        0.3775951866748304,
        0.3792081593597374,
        0.34903606099513557,
        0.3811347161765771,
        0.38495890608609123,
        0.3871722404176208,
        0.5683291712335379,
        0.48588474392081915,
        0.0,
        0.3775951866748304,
        0.2614562582918986,
        0.3255104164999947,
        0.35869500885153116,
        0.4035366115670299,
        0.2768757054167086,
        0.3746743377588062,
        0.35733114456341475,
        0.3286619284225729,
        0.3921843874378479,
        0.2628531850196988,
        0.36174490321219455,
        1.6945742920421045,
        0.3896863722918727,
        0.4813413062734176,
        0.2572199630180364,
        0.4304680410611222,
        0.37238672774415577,
        0.33108781406901705,
        0.822504511765741,
        1.2161430451431279,
        0.358013726168425,
        0.9054414496531512,
        0.22371595411369302,
        0.2724311839712921,
        0.650833299989329,
        0.36005370693134103,
        0.4244711783501914,
        0.421875,
        0.3422869750134949,
        0.94695750465636,
        0.3455210060546247,
        0.2670001170411728,
        0.3775951866748304,
        0.4653522691198572,
        1.5910669818159762
    ],
    [
        0.3814548629916782,
        0.6744138079658512,
        1.11847063551083,
        0.3128903811640748,
        0.3733688482921413,
        0.3811347161765771,
        0.33108781406901705,
        0.4868886390900901,
        0.3671043788897103,
        0.4653522691198572,
        0.4411123191716595,
        0.5212758536753836,
        0.3775951866748304,
        0.0,
        0.3878023014372143,
        0.4787985451888926,
        0.38559258372665833,
        0.5208072910155924,
        0.41751216299648086,
        0.3798514306607256,
        0.3336586953759785,
        0.3738770803092315,
        0.3909373750999001,
        0.4304680410611222,
        0.37727176461405115,
        1.5957401789608483,
        0.3775951866748304,
        0.741488157356542,
        0.4014135180832853,
        0.6325713274999113,
        0.5517638619690493,
        0.44138896536954797,
        0.6240226733661206,
        1.0489717807810657,
        0.3486861500690843,
        0.7511384588576197,
        0.32588521272834703,
        0.38273277230987157,
        0.6039421278152403,
        0.47930817656806146,
        0.3347544575879461,
        0.3325593227155119,
        0.3393819699509356,
        0.7419818794114854,
        0.2724311839712921,
        0.2755498763835687,
        0.38590903235088964,
        0.3462268719712553,
        1.57526039514107
    ],
    [
        0.4744445765840305,
        0.7925741783107749,
        1.29762779356216,
        0.16237976320958225,
        0.3915613776919271,
        0.20610790559801437,
        0.2395267143243108,
        0.5552923638724019,
        0.22152260748059102,
        0.265625,
        0.370744078678271,
        0.3874873989886639,
        0.2614562582918986,
        0.3878023014372143,
        0.0,
        0.2567449488305466,
        0.4318835925339142,
        0.4621937330546575,
        0.301768873684812,
        0.31444705933590794,
        0.20191949973937634,
        0.3280423176249945,
        0.3121091305537215,
        0.4468859264398466,
        0.3483358876501243,
        1.5931371370663607,
        0.28512949360772905,
        0.32923917977664807,
        0.27198273727389394,
        0.35733114456341475,
        0.2943975575221371,
        0.31171777098843756,
        0.8575264208757652,
        1.2724545669688958,
        0.31093357409581873,
        0.995840960570512,
        0.25,
        0.24902152266420668,
        0.8035869294139869,
        0.3029799910885206,
        0.44524396402421895,
        0.3788861141556919,
        0.25790455006541557,
        0.9605245555814802,
        0.2670001170411728,
        0.38654115240165565,
        0.46875,
        0.449880626527749,
        1.496088650448228
    ],
    [
        0.4095419506900361,
        0.9893228823922956,
        1.4177481319419891,
        0.21986323874172325,
        0.5390058847081356,
        0.2633171804117612,
        0.3451675317871019,
        0.409839907768875,
        0.29064180058966055,
        0.28598445652692384,
        0.38337012957454053,
        0.4230308240837776,
        0.3255104164999947,
        0.4787985451888926,
        0.2567449488305466,
        0.0,
        0.3528621809573817,
        0.6115745559619039,
        0.2548360379734389,
        0.4400039950102726,
        0.3569893643373707,
        0.4011431148743689,
        0.370744078678271,
        0.3671043788897103,
        0.32211762700137975,
        1.8211002855416831,
        0.29481191037676885,
        0.3909373750999001,
        0.39528470752104744,
        0.3101473943949876,
        0.374022162612057,
        0.4287632104378826,
        0.9478594305064438,
        1.4522847032779076,
        0.38937299357428473,
        1.049320836898801,
        0.31444705933590794,
        0.271083618326523,
        0.7155158213659569,
        0.3113259194558012,
        0.5254741162750074,
        0.4923734767683978,
        0.2568505834570407,
        1.0238846828378672,
        0.44743190822738604,
        0.4736720747257537,
        0.4913807872973871,
        0.5837981778834189,
        1.765694135814581
    ],
    [
        0.2773162398327945,
        0.6206882520637876,
        1.080387119566408,
        0.3518228202874282,
        0.3398212995458054,
        0.28341183042526646,
        0.39866721319290854,
        0.2576941016011038,
        0.3472829807952011,
        0.44743190822738604,
        0.6621756281380341,
        0.6449927325171967,
        0.35869500885153116,
        0.38559258372665833,
        0.4318835925339142,
        0.3528621809573817,
        0.0,
        0.3640993811790951,
        0.19764235376052372,
        0.2275034340400162,
        0.45285552331841994,
        0.24166891162750376,
        0.6558778706817299,
        0.24356964481437338,
        0.2430679560328757,
        1.4759630066078893,
        0.3710731902199349,
        0.5383260367797568,
        0.3801726581436387,
        0.5103900928456586,
        0.26238836912104163,
        0.4921254921257382,
        0.6292822051750708,
        1.1752036060296105,
        0.26972932033800107,
        0.7001673907002525,
        0.40202126032089397,
        0.31638213642682167,
        0.39311705079403514,
        0.18684782411095935,
        0.5342287811649612,
        0.29064180058966055,
        0.22268289923366616,
        0.6532670300114648,
        0.3486861500690843,
        0.375,
        0.3376591060152236,
        0.3462268719712553,
        1.4075514810744933
    ],
    [
        0.47186465220442186,
        0.37205877811845806,
        0.7551903733496608,
        0.4695306000411475,
        0.2670001170411728,
        0.41102957618643454,
        0.4408354993645589,
        0.3552755312781898,
        0.5266343608235224,
        0.6989459139482825,
        0.7165387179873813,
        0.8459173552274477,
        0.4035366115670299,
        0.5208072910155924,
        0.4621937330546575,
        0.6115745559619039,
        0.3640993811790951,
        0.0,
        0.426193178030808,
        0.17746588580625855,
        0.43833625434704804,
        0.25963424126280243,
        0.6619912551348394,
        0.3347544575879461,
        0.3542432515235823,
        1.122501565978863,
        0.6216708207524301,
        0.766581035752255,
        0.3358466446906981,
        0.7122669575025926,
        0.5091928355250102,
        0.40202126032089397,
        0.38177474133970674,
        0.8270925167416279,
        0.29933193844793776,
        0.4131032520750714,
        0.3782412011534439,
        0.42904781930456193,
        0.29064180058966055,
        0.4836183606419425,
        0.4645646483537033,
        0.23017062285400366,
        0.41333301831305197,
        0.3792081593597374,
        0.3444594950788844,
        0.28895690638917076,
        0.3159960690024482,
        0.26745691825974516,
        1.0376223572427494
    ],
    [
        0.30257682392245444,
        0.6855440927650095,
        1.1155199530375959,
        0.27018150727797785,
        0.37662408728731095,
        0.27775607554111215,
        0.35458767868469426,
        0.2576941016011038,
        0.350780380010057,
        0.4363825013677794,
        0.5134898976610932,
        0.5557318513680856,
        0.2768757054167086,
        0.41751216299648086,
        0.301768873684812,
        0.2548360379734389,
        0.19764235376052372,
        0.426193178030808,
        0.0,
        0.27775607554111215,
        0.37565047750535335,
        0.25440989045457946,
        0.49706167876833957,
        0.25911131174651564,
        0.26745691825974516,
        1.474225167248884,
        0.3101473943949876,
        0.4648273368951099,
        0.3140586131600278,
        0.359375,
        0.298923851089203,
        0.40050017556175926,
        0.6905118685620111,
        1.2263385543967864,
        0.24902152266420668,
        0.7913410788812875,
        0.34410493039914436,
        0.2460627460628691,
        0.4780330793993236,
        0.2821167200823092,
        0.5029211543572213,
        0.3247595264191645,
        0.2613524852144662,
        0.7195986837293409,
        0.33511891546136274,
        0.382413695328763,
        0.3896863722918727,
        0.410137648387709,
        1.3601829495512727
    ],
    [
        0.2960514893983815,
        0.45069390943299864,
        0.9296546737902198,
        0.30737993082665627,
        0.18553659510996745,
        0.293567097313374,
        0.30935921676911454,
        0.23696485762661096,
        0.3620821945705146,
        0.5342287811649612,
        0.6033354555096194,
        0.7313768586542782,
        0.3746743377588062,
        0.3798514306607256,
        0.31444705933590794,
        0.4400039950102726,
        0.2275034340400162,
        0.17746588580625855,
        0.27775607554111215,
        0.0,
        0.34161267357930386,
        0.20299140906151122,
        0.5734609157344552,
        0.273772116686488,
        0.21763106683100186,
        1.2454016984993235,
        0.44055850562099014,
        0.546875,
        0.2628531850196988,
        0.6079711393232412,
        0.3746743377588062,
        0.34938562148434216,
        0.49607837082461076,
        0.9671105078402364,
        0.19200321449132043,
        0.5964167088747598,
        0.29646353064078557,
        0.3419698223162389,
        0.3597145135381668,
        0.31093357409581873,
        0.41043517301761556,
        0.13975424859373686,
        0.23093540913953503,
        0.5557318513680856,
        0.28341183042526646,
        0.2415566380271923,
        0.28555729503901667,
        0.20432338797846908,
        1.119234357440389
    ],
    [
        0.4632489712616748,
        0.6989459139482825,
        1.1410530018912355,
        0.19452968121857395,
        0.34375,
        0.18944305707784595,
        0.21875,
        0.5396848762240795,
        0.26238836912104163,
        0.3113259194558012,
        0.3299798762803574,
        0.39311705079403514,
        0.35733114456341475,
        0.3336586953759785,
        0.20191949973937634,
        0.3569893643373707,
        0.45285552331841994,
        0.43833625434704804,
        0.37565047750535335,
        0.34161267357930386,
        0.0,
        0.3358870278622131,
        0.22262198201210948,
        0.46927054430253773,
        0.3694247005480278,
        1.4619189550895084,
        0.30578727798095195,
        0.5077524002897476,
        0.22316963839196408,
        0.3843241836327764,
        0.4411123191716595,
        0.3021731188408393,
        0.7490228008879303,
        1.1293319374745407,
        0.29189908894170946,
        0.921875,
        0.2538762001448738,
        0.2910615001593306,
        0.7173900177030623,
        0.4253330496505062,
        0.32923917977664807,
        0.3681005934184296,
        0.2833160993533156,
        0.8069219583547098,
        0.17044862679118303,
        0.3671043788897103,
        0.4547385065892265,
        0.370744078678271,
        1.3769517398042679
    ],
    [
        0.3224122404279617,
        0.5396346098544623,
        0.9947916666666666,
        0.2948579136399617,
        0.269477777505761,
        0.30636335770526546,
        0.34720486067706163,
        0.29264159974750303,
        0.36691959789502177,
        0.4648565153475975,
        0.62619243886054,
        0.6109310617023641,
        0.3286619284225729,
        0.3738770803092315,
        0.3280423176249945,
        0.4011431148743689,
        0.24166891162750376,
        0.25963424126280243,
        0.25440989045457946,
        0.20299140906151122,
        0.3358870278622131,
        0.0,
        0.4645062529479854,
        0.24479166666666666,
        0.21638102164417697,
        1.303832158911227,
        0.41562369465125004,
        0.5523780659817855,
        0.2646017874141779,
        0.4414196931335428,
        0.40185253522834025,
        0.32076737687839213,
        0.5685677745318592,
        1.0269137579755392,
        0.24776562275554784,
        0.660041954685037,
        0.2615599901977025,
        0.25291271962872885,
        0.4226779909431975,
        0.344144344514204,
        0.41773950424011586,
        0.24945687530891764,
        0.23644915547533682,
        0.6344553862587801,
        0.26962873136551635,
        0.24710783675575954,
        0.19418074877403382,
        0.31306372764893164,
        1.1841143256084317
    ],
    [
        0.6658523672707036,
        1.0870329456828804,
        1.5465593112212024,
        0.3700849775727191,
        0.5745242597140698,
        0.38400642898264087,
        0.2881107642904027,
        0.7226456924904486,
        0.3597145135381668,
        0.22207297505549836,
        0.37629983058725924,
        0.27198273727389394,
        0.3921843874378479,
        0.3909373750999001,
        0.3121091305537215,
        0.370744078678271,
        0.6558778706817299,
        0.6619912551348394,
        0.49706167876833957,
        0.5734609157344552,
        0.22262198201210948,
        0.4645062529479854,
        0.0,
        0.5401370630451127,
        0.5179870141953368,
        1.8863588230702557,
        0.3549317716125171,
        0.3890593624371479,
        0.35251606789620243,
        0.3775951866748304,
        0.4674461031766122,
        0.33729739288942034,
        1.0870329456828804,
        1.458826181601153,
        0.5307902422332197,
        1.1999755856891423,
        0.34798527267687634,
        0.4352621336620037,
        1.0553527994230176,
        0.4908836897626565,
        0.4310348195041788,
        0.6487668591258342,
        0.4849906481773071,
        1.25,
        0.35251606789620243,
        0.4805798906009281,
        0.5787580992953792,
        0.6603295815348574,
        1.7862457356492136
    ],
    [
        0.3358466446906981,
        0.5856770254372285,
        0.9911719704471066,
        0.3733688482921413,
        0.34089725358236606,
        0.37565047750535335,
        0.39958474539201316,
        0.2724311839712921,
        0.4276228807313753,
        0.493364168870217,
        0.7102073860852195,
        0.6442352540027595,
        0.2628531850196988,
        0.4304680410611222,
        0.4468859264398466,
        0.3671043788897103,
        0.24356964481437338,
        0.3347544575879461,
        0.25911131174651564,
        0.273772116686488,
        0.46927054430253773,
        0.24479166666666666,
        0.5401370630451127,
        0.0,
        0.30578727798095195,
        1.3599136863694696,
        0.4938587696649721,
        0.5294085733155443,
        0.3332926407453366,
        0.4810876349481454,
        0.3603925810834624,
        0.4394487847007885,
        0.5631506653418781,
        1.0079033389293837,
        0.3190715290103459,
        0.6476369305019596,
        0.3700849775727191,
        0.38590903235088964,
        0.43498159084609545,
        0.3205981957606749,
        0.4813413062734176,
        0.2910615001593306,
        0.3583923764341411,
        0.638716669874053,
        0.4250459533979826,
        0.24407030237208294,
        0.2543565718140579,
        0.36073113689422487,
        1.2028205783698582
    ],
    [
        0.28768675999253074,
        0.5590169943749475,
        0.9866046178054307,
        0.3232525135246438,
        0.24655834121967968,
        0.2781952158557009,
        0.2795084971874737,
        0.23280725665236468,
        0.2881107642904027,
        0.41634101857731964,
        0.5661772166247949,
        0.5812836011793211,
        0.36174490321219455,
        0.37727176461405115,
        0.3483358876501243,
        0.32211762700137975,
        0.2430679560328757,
        0.3542432515235823,
        0.26745691825974516,
        0.21763106683100186,
        0.3694247005480278,
        0.21638102164417697,
        0.5179870141953368,
        0.30578727798095195,
        0.0,
        1.3163077207192093,
        0.33874192794810626,
        0.443871022229431,
        0.25242960033442985,
        0.48083382979465994,
        0.3167677333236452,
        0.3899994991983964,
        0.5941610419322357,
        1.0387981336621663,
        0.16828640022295324,
        0.6584783595532961,
        0.34053897996411514,
        0.3021731188408393,
        0.40019526483955303,
        0.25291271962872885,
        0.3583545294118661,
        0.2773162398327945,
        0.1997584261538032,
        0.5883803244925854,
        0.2799448885495143,
        0.318305449804115,
        0.27198273727389394,
        0.30618621784789724,
        1.2347705062581467
    ],
    [
        1.7072055474517414,
        0.7922660833804511,
        0.2665425329567497,
        1.5235777179061132,
        1.310638560969423,
        1.3210288367405156,
        1.3884287432201914,
        1.2707266007092164,
        1.5991788664420876,
        1.8118937563706654,
        1.7927261886579333,
        2.0494378040086993,
        1.6945742920421045,
        1.5957401789608483,
        1.5931371370663607,
        1.8211002855416831,
        1.4759630066078893,
        1.122501565978863,
        1.474225167248884,
        1.2454016984993235,
        1.4619189550895084,
        1.303832158911227,
        1.8863588230702557,
        1.3599136863694696,
        1.3163077207192093,
        0.0,
        1.8215694426441722,
        1.8018274143907347,
        1.3873733050264445,
        1.886941142431316,
        1.4824823460163026,
        1.4660047482443568,
        0.7036456405748563,
        0.23799290955824715,
        1.2655285457072867,
        0.5399110169740936,
        1.6204865203080216,
        1.7700442482110441,
        0.9503031999709356,
        1.525659437341768,
        1.349551430105574,
        1.1985505569228192,
        1.5805811469686641,
        0.673145600891813,
        1.2391127433066775,
        1.1251085017121683,
        1.2649496655005685,
        1.1281423128865435,
        0.09504316453590968
    ],
    [
        0.4422178655651533,
        0.9695057535930357,
        1.42144567694302,
        0.23799290955824715,
        0.4965702681897095,
        0.2572199630180364,
        0.35664725657854146,
        0.436102679279777,
        0.21079277442550065,
        0.203125,
        0.25,
        0.38874547826952277,
        0.3896863722918727,
        0.3775951866748304,
        0.28512949360772905,
        0.29481191037676885,
        0.3710731902199349,
        0.6216708207524301,
        0.3101473943949876,
        0.44055850562099014,
        0.30578727798095195,
        0.41562369465125004,
        0.3549317716125171,
        0.4938587696649721,
        0.33874192794810626,
        1.8215694426441722,
        0.0,
        0.3620821945705146,
        0.3878023014372143,
        0.35664725657854146,
        0.38337012957454053,
        0.44028133761266786,
        0.9747796225301388,
        1.4567327526008331,
        0.3455210060546247,
        1.0733590309747247,
        0.3759752942348739,
        0.3021731188408393,
        0.7545435292281023,
        0.3376591060152236,
        0.5349138365194903,
        0.4881406047441659,
        0.2705828168304279,
        1.0451244692619153,
        0.37565047750535335,
        0.5240784322265132,
        0.5537514108334172,
        0.544638283060418,
        1.7545281817699594
    ],
    [
        0.5787580992953792,
        0.8823629939684687,
        1.5113502861679684,
        0.38049361443393503,
        0.697197234916347,
        0.24754655496491967,
        0.5153882032022076,
        0.5371910449272214,
        0.3140586131600278,
        0.29315098498896436,
        0.5094325120906595,
        0.4568809849129202,
        0.4813413062734176,
        0.741488157356542,
        0.32923917977664807,
        0.3909373750999001,
        0.5383260367797568,
        0.766581035752255,
        0.4648273368951099,
        0.546875,
        0.5077524002897476,
        0.5523780659817855,
        0.3890593624371479,
        0.5294085733155443,
        0.443871022229431,
        1.8018274143907347,
        0.3620821945705146,
        0.0,
        0.5674693686667149,
        0.27775607554111215,
        0.21194781197266463,
        0.5984599375689237,
        1.0307764064044151,
        1.487742889833455,
        0.5053425508998821,
        1.1117931392012634,
        0.5358258812338202,
        0.43498159084609545,
        1.0213779372127636,
        0.3029799910885206,
        0.8284197588632227,
        0.587549864905099,
        0.38502936621408795,
        1.150428758387498,
        0.5808634467325345,
        0.7079694224505745,
        0.7624295561722407,
        0.7715016809767818,
        1.455559117229527
    ],
    [
        0.43554249577394855,
        0.6885645167665845,
        0.9841269528749835,
        0.2679129406169101,
        0.27599252707274524,
        0.2614562582918986,
        0.29522568168267477,
        0.46927054430253773,
        0.3251351882294502,
        0.39497577061764183,
        0.4363825013677794,
        0.5051009336013942,
        0.2572199630180364,
        0.4014135180832853,
        0.27198273727389394,
        0.39528470752104744,
        0.3801726581436387,
        0.3358466446906981,
        0.3140586131600278,
        0.2628531850196988,
        0.22316963839196408,
        0.2646017874141779,
        0.35251606789620243,
        0.3332926407453366,
        0.25242960033442985,
        1.3873733050264445,
        0.3878023014372143,
        0.5674693686667149,
        0.0,
        0.4241834987655696,
        0.414578098794425,
        0.26608416196760004,
        0.7158569493097067,
        1.0017075265515378,
        0.1887975933374152,
        0.8348781254620341,
        0.24356964481437338,
        0.28341183042526646,
        0.6337281184585389,
        0.3928064090617667,
        0.32738010687120256,
        0.3444594950788844,
        0.2593206100938459,
        0.7313768586542782,
        0.20787710461953235,
        0.2706329386826371,
        0.3205981957606749,
        0.37205877811845806,
        1.320936428021803
    ],
    [
        0.5900377371406001,
        1.0733590309747247,
        1.5926773351027508,
        0.3924955214712647,
        0.6816154409746011,
        0.369754986443726,
        0.44579195680272204,
        0.5833798344560772,
        0.3627558364451219,
        0.33071891388307384,
        0.4198446513295126,
