[
    [
        0.0,
        0.2923169833417142,
        0.30618621784789724,
        0.2619227283475033,
        0.25146057717861064,
        0.22857404434887177,
        0.22480460265528374,
        0.19825902406952375,
        0.213096589015404,
        0.2893790496476896,
        0.23799290955824715,
        0.2312288841710741,
        0.19136638615493579,
        0.1753901900050285,
        0.20904825250405706,
        0.21194781197266463,
        0.31522251565362525,
        0.23799290955824715,
        0.16755945773068137,
        0.20846350100197397,
        0.21423920626253262,
        0.23793591209375878,
        0.2275034340400162,
        0.21423920626253262,
        0.4201353018671485,
        0.39897329171261575,
        0.6621756281380341,
        0.2415566380271923,
        0.214808235701055,
        0.25183786257784546,
        0.2125229766989913,
        0.21875,
        0.214808235701055,
        0.3603925810834624,
        0.4838707052250632,
        0.23333100817293873,
        0.40202126032089397,
        0.5007318862175646,
        0.20669932117692114,
        0.6119736258614419,
        0.17044862679118303,
        0.2633171804117612,
        0.2049199538844375,
        0.23799290955824715,
        0.24556615071096424,
        0.213096589015404,
        0.21137108216357317,
        0.3251351882294502,
        0.33034960174790584
    ],
    [
        0.2923169833417142,
        0.0,
        0.13441133229754104,
        0.296875,
        0.32700702400713044,
        0.071602745233685,
        0.13441133229754104,
        0.31715286140913185,
        0.3190715290103459,
        0.125,
        0.2893790496476896,
        0.14574029770451274,
        0.20904825250405706,
        0.35733114456341475,
        0.20070675904164265,
        0.1926379375927805,
        0.5340002340823456,
        0.29022149407822984,
        0.30378472023786846,
        0.30055287596361474,
        0.3779183319514945,
        0.3113694828673984,
        0.21137108216357317,
        0.22262198201210948,
        0.49063495212836195,
        0.16973094517500337,
        0.7398400376094821,
        0.19452968121857395,
        0.22857404434887177,
        0.4274642610142331,
        0.21021287573552672,
        0.3128903811640748,
        0.24556615071096424,
        0.11158481919598204,
        0.5550724896353628,
        0.24556615071096424,
        0.467968097870998,
        0.7185801429729324,
        0.2647042866577721,
        0.5966213466261495,
        0.19640320453088336,
        0.2821167200823092,
        0.338020432074749,
        0.12303137303143455,
        0.2781952158557009,
        0.27775607554111215,
        0.18421603316486868,
        0.37304176207229134,
        0.08414320011147662
    ],
    [
        0.30618621784789724,
        0.13441133229754104,
        0.0,
        0.36677170607204695,
        0.4050462936504913,
        0.16387638252658618,
        0.15388840315306412,
        0.3924955214712647,
        0.3597145135381668,
        0.11048543456039805,
        0.3576725981956124,
        0.2348952559120767,
        0.22642776165920997,
        0.3657718722099883,
        0.20610790559801437,
        0.19452968121857395,
        0.5587985856952395,
        0.3321920566479578,
        0.3814548629916782,
        0.3255104164999947,
        0.43666214414006627,
        0.38594417729266384,
        0.2096313728906053,
        0.24655834121967968,
        0.5984599375689237,
        0.0924387466109315,
        0.8342930671382809,
        0.2781952158557009,
        0.26836818808308854,
        0.47146206177638983,
        0.29315098498896436,
        0.3552755312781898,
        0.3140586131600278,
        0.10364452469860624,
        0.6684140511314824,
        0.2651650429449553,
        0.5650981662507851,
        0.8000854446557567,
        0.296875,
        0.7353716641093808,
        0.20846350100197397,
        0.4139887906091178,
        0.39621007290956145,
        0.13531646934131855,
        0.33071891388307384,
        0.28384222069663984,
        0.1801962905417312,
        0.42904781930456193,
        0.078125
    ],
    [
        0.2619227283475033,
        0.296875,
        0.36677170607204695,
        0.0,
        0.16828640022295324,
        0.19200321449132043,
        0.20787710461953235,
        0.11796616305110547,
        0.17469281074217108,
        0.31054073303674673,
        0.15780476466190746,
        0.18421603316486868,
        0.22041774968227945,
        0.225888004606265,
        0.2572199630180364,
        0.25958199571618984,
        0.21423920626253262,
        0.24506854908372067,
        0.13975424859373686,
        0.13799626353637262,
        0.14740595518838442,
        0.1269381000724369,
        0.20669932117692114,
        0.14823176532039278,
        0.20669932117692114,
        0.40232478717449166,
        0.40202126032089397,
        0.071602745233685,
        0.1335000585205864,
        0.23449071217688391,
        0.13710881855300192,
        0.1767766952966369,
        0.1269381000724369,
        0.35664725657854146,
        0.2647042866577721,
        0.19578068884596356,
        0.1660960283239789,
        0.338020432074749,
        0.14405538214520136,
        0.350780380010057,
        0.19702375332685143,
        0.10245997694221876,
        0.12979099785809492,
        0.26608416196760004,
        0.109375,
        0.23333100817293873,
        0.23385358667337133,
        0.1711632992203644,
        0.3769480650567131
    ],
    [
        0.25146057717861064,
        0.32700702400713044,
        0.4050462936504913,
        0.16828640022295324,
        0.0,
        0.23799290955824715,
        0.24803918541230538,
        0.13441133229754104,
        0.14657549249448218,
        0.28598445652692384,
        0.10126157341262282,
        0.15546678704790937,
        0.19764235376052372,
        0.23070036031614688,
        0.23228232417685166,
        0.2348952559120767,
        0.21650635094610965,
        0.19136638615493579,
        0.13975424859373686,
        0.18087245160609727,
        0.25291271962872885,
        0.14414950524060466,
        0.19515618744994995,
        0.16461958988832404,
        0.21930732574403436,
        0.4316008536541604,
        0.46192954684670257,
        0.18684782411095935,
        0.13441133229754104,
        0.26623703998191783,
        0.12401959270615269,
        0.2706329386826371,
        0.19136638615493579,
        0.35733114456341475,
        0.24105075969596113,
        0.14823176532039278,
        0.1907274314958391,
        0.2786336640644845,
        0.15625,
        0.35596205468420367,
        0.22207297505549836,
        0.13887803777055607,
        0.2405438174740727,
        0.28555729503901667,
        0.19327057620082783,
        0.32211762700137975,
        0.2642427269576213,
        0.12401959270615269,
        0.4192627457812106
    ],
    [
        0.22857404434887177,
        0.071602745233685,
        0.16387638252658618,
        0.19200321449132043,
        0.23799290955824715,
        0.0,
        0.10711960313126631,
        0.20787710461953235,
        0.20191949973937634,
        0.15857643070456592,
        0.22910747341586218,
        0.09504316453590968,
        0.16387638252658618,
        0.22963966338592295,
        0.17328963291264715,
        0.1608692209529219,
        0.3934274472504429,
        0.22262198201210948,
        0.2072890493972125,
        0.18684782411095935,
        0.25242960033442985,
        0.21806688974435753,
        0.14905300022139775,
        0.1307281291459493,
        0.3915613776919271,
        0.1988737822087165,
        0.6193100369564505,
        0.11481983169296148,
        0.12979099785809492,
        0.32392316261387943,
        0.13441133229754104,
        0.2013140426050801,
        0.14986973510352247,
        0.14657549249448218,
        0.45821494683172437,
        0.15625,
        0.369754986443726,
        0.6071674758664203,
        0.15388840315306412,
        0.5266343608235224,
        0.14490028899212037,
        0.20846350100197397,
        0.2072890493972125,
        0.11158481919598204,
        0.16973094517500337,
        0.2209708691207961,
        0.12597277731716483,
        0.29851520585223124,
        0.13710881855300192
    ],
    [
        0.22480460265528374,
        0.13441133229754104,
        0.15388840315306412,
        0.20787710461953235,
        0.24803918541230538,
        0.10711960313126631,
        0.0,
        0.2405438174740727,
        0.21021287573552672,
        0.1767766952966369,
        0.23280725665236468,
        0.13531646934131855,
        0.17328963291264715,
        0.23593232610221093,
        0.16535945694153692,
        0.17044862679118303,
        0.39958474539201316,
        0.22803936748947537,
        0.22207297505549836,
        0.22316963839196408,
        0.28254908312539256,
        0.25853486762480954,
        0.11048543456039805,
        0.14574029770451274,
        0.4471590006641933,
        0.14740595518838442,
        0.6780241860545979,
        0.17328963291264715,
        0.14490028899212037,
        0.34825800371675275,
        0.19327057620082783,
        0.21021287573552672,
        0.16535945694153692,
        0.12979099785809492,
        0.49951148009830565,
        0.17328963291264715,
        0.3775951866748304,
        0.5717554519853746,
        0.14905300022139775,
        0.5764333358030224,
        0.10597390598633231,
        0.26238836912104163,
        0.24803918541230538,
        0.12303137303143455,
        0.2125229766989913,
        0.21194781197266463,
        0.12103072956898178,
        0.2927342811749249,
        0.1795175827043134
    ],
    [
        0.19825902406952375,
        0.31715286140913185,
        0.3924955214712647,
        0.11796616305110547,
        0.13441133229754104,
        0.20787710461953235,
        0.2405438174740727,
        0.0,
        0.15309310892394862,
        0.3284968131504475,
        0.140625,
        0.1875,
        0.203125,
        0.18619336387207788,
        0.22696623509896796,
        0.2445699350390395,
        0.1801962905417312,
        0.21423920626253262,
        0.10004881620988826,
        0.10481568644530265,
        0.13441133229754104,
        0.12926743381240477,
        0.2013140426050801,
        0.14986973510352247,
        0.19390115071860714,
        0.47624220794150535,
        0.39528470752104744,
        0.11048543456039805,
        0.11481983169296148,
        0.2083984273306516,
        0.12303137303143455,
        0.18684782411095935,
        0.1269381000724369,
        0.39958474539201316,
        0.23280725665236468,
        0.17258376589355096,
        0.18154609435347266,
        0.2943975575221371,
        0.15309310892394862,
        0.3576725981956124,
        0.21650635094610965,
        0.06810779599282303,
        0.15309310892394862,
        0.2670001170411728,
        0.1288470508005519,
        0.2628531850196988,
        0.23280725665236468,
        0.1926379375927805,
        0.39713328209808857
    ],
    [
        0.213096589015404,
        0.3190715290103459,
        0.3597145135381668,
        0.17469281074217108,
        0.14657549249448218,
        0.20191949973937634,
        0.21021287573552672,
        0.15309310892394862,
        0.0,
        0.24506854908372067,
        0.1690102160373745,
        0.14235052467412967,
        0.1690102160373745,
        0.18944305707784595,
        0.14740595518838442,
        0.16387638252658618,
        0.23541436208311506,
        0.21137108216357317,
        0.13258252147247765,
        0.15309310892394862,
        0.20904825250405706,
        0.15900351585910158,
        0.14574029770451274,
        0.12597277731716483,
        0.23017062285400366,
        0.44824963399315787,
        0.46140072063229376,
        0.16010860571811872,
        0.15388840315306412,
        0.2300527377641435,
        0.109375,
        0.1988737822087165,
        0.140625,
        0.3644344934278313,
        0.3001464486296648,
        0.10711960313126631,
        0.21875,
        0.350780380010057,
        0.11796616305110547,
        0.4014135180832853,
        0.19200321449132043,
        0.14986973510352247,
        0.19702375332685143,
        0.21763106683100186,
        0.16387638252658618,
        0.22041774968227945,
        0.1711632992203644,
        0.20551478809321727,
        0.3924955214712647
    ],
    [
        0.2893790496476896,
        0.125,
        0.11048543456039805,
        0.31054073303674673,
        0.28598445652692384,
        0.15857643070456592,
        0.1767766952966369,
        0.3284968131504475,
        0.24506854908372067,
        0.0,
        0.297285899850632,
        0.1753901900050285,
        0.203125,
        0.3101473943949876,
        0.15388840315306412,
        0.17328963291264715,
        0.5196340358848716,
        0.3325593227155119,
        0.28254908312539256,
        0.3097535562749845,
        0.4241834987655696,
        0.3294039229342062,
        0.19136638615493579,
        0.2275034340400162,
        0.5072713462733727,
        0.14905300022139775,
        0.7621092748910749,
        0.2670001170411728,
        0.2773162398327945,
        0.4609007165172464,
        0.2395267143243108,
        0.3433947027474361,
        0.2533949178160446,
        0.1316585902058806,
        0.5676844413932797,
        0.18684782411095935,
        0.4416654382844553,
        0.6385255231782047,
        0.21137108216357317,
        0.6283115394650969,
        0.22480460265528374,
        0.32021721143623744,
        0.3542432515235823,
        0.14235052467412967,
        0.32886820593514354,
        0.293567097313374,
        0.15467960838455727,
        0.35251606789620243,
        0.12979099785809492
    ],
    [
        0.23799290955824715,
        0.2893790496476896,
        0.3576725981956124,
        0.15780476466190746,
        0.10126157341262282,
        0.22910747341586218,
        0.23280725665236468,
        0.140625,
        0.1690102160373745,
        0.297285899850632,
        0.0,
        0.1795175827043134,
        0.18421603316486868,
        0.20610790559801437,
        0.2181912506838897,
        0.2385052737886523,
        0.2893790496476896,
        0.17399263633843817,
        0.14149039278339715,
        0.1795175827043134,
        0.258167369404036,
        0.1551174230399524,
        0.19578068884596356,
        0.19640320453088336,
        0.27775607554111215,
        0.3921843874378479,
        0.5448623679425842,
        0.16973094517500337,
        0.1690102160373745,
        0.26244005598633585,
        0.1514899955442603,
        0.27198273727389394,
        0.19825902406952375,
        0.3486861500690843,
        0.2688226645950821,
        0.18288593610499415,
        0.18154609435347266,
        0.2609889545076573,
        0.18553659510996745,
        0.38081430021731066,
        0.21423920626253262,
        0.13975424859373686,
        0.22534695471649932,
        0.271083618326523,
        0.19008632907181935,
        0.26005182776708186,
        0.23696485762661096,
        0.09757809372497497,
        0.36543798636020314
    ],
    [
        0.2312288841710741,
        0.14574029770451274,
        0.2348952559120767,
        0.18421603316486868,
        0.15546678704790937,
        0.09504316453590968,
        0.13531646934131855,
        0.1875,
        0.14235052467412967,
        0.1753901900050285,
        0.1795175827043134,
        0.0,
        0.15229366163764005,
        0.23541436208311506,
        0.13621559198564606,
        0.15388840315306412,
        0.374022162612057,
        0.21194781197266463,
        0.15780476466190746,
        0.19200321449132043,
        0.3081731706768128,
        0.18451030816581618,
        0.11692679333668567,
        0.11796616305110547,
        0.3535533905932738,
        0.26238836912104163,
        0.6141638752197983,
        0.14149039278339715,
        0.14823176532039278,
        0.3631295419490283,
        0.11048543456039805,
        0.26745691825974516,
        0.16237976320958225,
        0.20070675904164265,
        0.40894538525945,
        0.13799626353637262,
        0.28853414550967793,
        0.48638695050854314,
        0.125,
        0.48889024522381297,
        0.14986973510352247,
        0.17608480733726006,
        0.240035804620894,
        0.14490028899212037,
        0.19452968121857395,
        0.275106513463422,
        0.13441133229754104,
        0.2275034340400162,
        0.23541436208311506
    ],
    [
        0.19136638615493579,
        0.20904825250405706,
        0.22642776165920997,
        0.22041774968227945,
        0.19764235376052372,
        0.16387638252658618,
        0.17328963291264715,
        0.203125,
        0.1690102160373745,
        0.203125,
        0.18421603316486868,
        0.15229366163764005,
        0.0,
        0.20787710461953235,
        0.13441133229754104,
        0.11899645477912357,
        0.27775607554111215,
        0.184877493221863,
        0.11587810136086973,
        0.18553659510996745,
        0.28555729503901667,
        0.18214279635464287,
        0.13531646934131855,
        0.15068204314051492,
        0.3251351882294502,
        0.3021731188408393,
        0.6149583954423259,
        0.19578068884596356,
        0.15309310892394862,
        0.3200901158918636,
        0.12103072956898178,
        0.23333100817293873,
        0.19136638615493579,
        0.24803918541230538,
        0.3792081593597374,
        0.1514899955442603,
        0.2923169833417142,
        0.3782412011534439,
        0.14235052467412967,
        0.4948464881910349,
        0.14405538214520136,
        0.19452968121857395,
        0.22910747341586218,
        0.17044862679118303,
        0.22963966338592295,
        0.2072890493972125,
        0.13975424859373686,
        0.24356964481437338,
        0.265625
    ],
    [
        0.1753901900050285,
        0.35733114456341475,
        0.3657718722099883,
        0.225888004606265,
        0.23070036031614688,
        0.22963966338592295,
        0.23593232610221093,
        0.18619336387207788,
        0.18944305707784595,
        0.3101473943949876,
        0.20610790559801437,
        0.23541436208311506,
        0.20787710461953235,
        0.0,
        0.24655834121967968,
        0.214808235701055,
        0.2764344689524083,
        0.24256522962906288,
        0.18421603316486868,
        0.1788362990978062,
        0.2275034340400162,
        0.21335103279441714,
        0.20252314682524564,
        0.19640320453088336,
        0.3049878327491115,
        0.4841229182759271,
        0.5466517401417469,
        0.21875,
        0.17746588580625855,
        0.23547196990536073,
        0.20904825250405706,
        0.214808235701055,
        0.15467960838455727,
        0.42129589883477386,
        0.37434839220971683,
        0.18814991529362962,
        0.265625,
        0.3798514306607256,
        0.17328963291264715,
        0.5165711017130169,
        0.19136638615493579,
        0.21137108216357317,
        0.1767766952966369,
        0.25048780534189685,
        0.19390115071860714,
        0.21137108216357317,
        0.20669932117692114,
        0.2665425329567497,
        0.4201353018671485
    ],
    [
        0.20904825250405706,
        0.20070675904164265,
        0.20610790559801437,
        0.2572199630180364,
        0.23228232417685166,
        0.17328963291264715,
        0.16535945694153692,
        0.22696623509896796,
        0.14740595518838442,
        0.15388840315306412,
        0.2181912506838897,
        0.13621559198564606,
        0.13441133229754104,
        0.24655834121967968,
        0.0,
        0.1269381000724369,
        0.30777680630612825,
        0.24206145913796356,
        0.15229366163764005,
        0.2159417962669571,
        0.31054073303674673,
        0.2618709393745112,
        0.14740595518838442,
        0.14905300022139775,
        0.36241917202322504,
        0.24705294220065463,
        0.6039421278152403,
        0.2312288841710741,
        0.18814991529362962,
        0.3231685845310119,
        0.15934435979977452,
        0.28081563680642857,
        0.19390115071860714,
        0.2096313728906053,
        0.4183883699686214,
        0.12203515118604147,
        0.338381372307933,
        0.4386146514880687,
        0.16312978920172735,
        0.5508782051188811,
        0.171875,
        0.2509746625657658,
        0.27599252707274524,
        0.16010860571811872,
        0.2576941016011038,
        0.24803918541230538,
        0.13441133229754104,
        0.2728788936964528,
        0.24256522962906288
    ],
    [
        0.21194781197266463,
        0.1926379375927805,
        0.19452968121857395,
        0.25958199571618984,
        0.2348952559120767,
        0.1608692209529219,
        0.17044862679118303,
        0.2445699350390395,
        0.16387638252658618,
        0.17328963291264715,
        0.2385052737886523,
        0.15388840315306412,
        0.11899645477912357,
        0.214808235701055,
        0.1269381000724369,
        0.0,
        0.34693130173710185,
        0.2312288841710741,
        0.18087245160609727,
        0.20372507516258279,
        0.30935921676911454,
        0.24721758929803792,
        0.12789613706050704,
        0.14905300022139775,
        0.39713328209808857,
        0.28168369339562416,
        0.6713297205919011,
        0.2405438174740727,
        0.18288593610499415,
        0.3489583333333333,
        0.16973094517500337,
        0.2548360379734389,
        0.20432338797846908,
        0.22262198201210948,
        0.4648273368951099,
        0.14986973510352247,
        0.36174490321219455,
        0.5067898356320892,
        0.13975424859373686,
        0.5726088188065217,
        0.17608480733726006,
        0.2633171804117612,
        0.24853083938416978,
        0.13887803777055607,
        0.23696485762661096,
        0.2390165396996618,
        0.10245997694221876,
        0.3021731188408393,
        0.23644915547533682
    ],
    [
        0.31522251565362525,
        0.5340002340823456,
        0.5587985856952395,
        0.21423920626253262,
        0.21650635094610965,
        0.3934274472504429,
        0.39958474539201316,
        0.1801962905417312,
        0.23541436208311506,
        0.5196340358848716,
        0.2893790496476896,
        0.374022162612057,
        0.27775607554111215,
        0.2764344689524083,
        0.30777680630612825,
        0.34693130173710185,
        0.0,
        0.18619336387207788,
        0.19578068884596356,
        0.20070675904164265,
        0.1616262567623219,
        0.1895146395693776,
        0.3029799910885206,
        0.23228232417685166,
        0.15546678704790937,
        0.6817945071647321,
        0.32211762700137975,
        0.19948664585630788,
        0.20009763241977652,
        0.22420045052115503,
        0.19948664585630788,
        0.21423920626253262,
        0.19640320453088336,
        0.6298638865858242,
        0.22910747341586218,
        0.2415566380271923,
        0.20191949973937634,
        0.2688226645950821,
        0.28598445652692384,
        0.3101473943949876,
        0.3284968131504475,
        0.17469281074217108,
        0.23799290955824715,
        0.3955934031616301,
        0.15229366163764005,
        0.3240068961457456,
        0.39466659188484654,
        0.27198273727389394,
        0.6075694404757369
    ],
    [
        0.23799290955824715,
        0.29022149407822984,
        0.3321920566479578,
        0.24506854908372067,
        0.19136638615493579,
        0.22262198201210948,
        0.22803936748947537,
        0.21423920626253262,
        0.21137108216357317,
        0.3325593227155119,
        0.17399263633843817,
        0.21194781197266463,
        0.184877493221863,
        0.24256522962906288,
        0.24206145913796356,
        0.2312288841710741,
        0.18619336387207788,
        0.0,
        0.2096313728906053,
        0.2125229766989913,
        0.2072890493972125,
        0.14043196627825794,
        0.2013140426050801,
        0.21079277442550065,
        0.24902152266420668,
        0.3759752942348739,
        0.47186465220442186,
        0.234375,
        0.16461958988832404,
        0.2289890410102147,
        0.19452968121857395,
        0.2395267143243108,
        0.2049199538844375,
        0.3329261836353518,
        0.29973947020704494,
        0.24105075969596113,
        0.27198273727389394,
        0.3065846385991966,
        0.22857404434887177,
        0.34938562148434216,
        0.18814991529362962,
        0.22316963839196408,
        0.2768757054167086,
        0.2415566380271923,
        0.16312978920172735,
        0.275106513463422,
        0.2460627460628691,
        0.1781524101717403,
        0.34903606099513557
    ],
    [
        0.16755945773068137,
        0.30378472023786846,
        0.3814548629916782,
        0.13975424859373686,
        0.13975424859373686,
        0.2072890493972125,
        0.22207297505549836,
        0.10004881620988826,
        0.13258252147247765,
        0.28254908312539256,
        0.14149039278339715,
        0.15780476466190746,
        0.11587810136086973,
        0.18421603316486868,
        0.15229366163764005,
        0.18087245160609727,
        0.19578068884596356,
        0.2096313728906053,
        0.0,
        0.1316585902058806,
        0.18619336387207788,
        0.1055892444412151,
        0.1781524101717403,
        0.1514899955442603,
        0.21423920626253262,
        0.4501518840902479,
        0.42961647140211,
        0.13441133229754104,
        0.12789613706050704,
        0.22660739497715718,
        0.109375,
        0.1795175827043134,
        0.08699631816921909,
        0.370744078678271,
        0.2715335499528557,
        0.14574029770451274,
        0.1907274314958391,
        0.30856902590830465,
        0.140625,
        0.3792081593597374,
        0.19200321449132043,
        0.09375,
        0.13441133229754104,
        0.258639771206982,
        0.13887803777055607,
        0.2209708691207961,
        0.19136638615493579,
        0.2049199538844375,
        0.37856379498705367
    ],
    [
        0.20846350100197397,
        0.30055287596361474,
        0.3255104164999947,
        0.13799626353637262,
        0.18087245160609727,
        0.18684782411095935,
        0.22316963839196408,
        0.10481568644530265,
        0.15309310892394862,
        0.3097535562749845,
        0.1795175827043134,
        0.19200321449132043,
        0.18553659510996745,
        0.1788362990978062,
        0.2159417962669571,
        0.20372507516258279,
        0.20070675904164265,
        0.2125229766989913,
        0.1316585902058806,
        0.0,
        0.14405538214520136,
        0.16271353491472199,
        0.1608692209529219,
        0.12597277731716483,
        0.24556615071096424,
        0.42961647140211,
        0.44579195680272204,
        0.12203515118604147,
        0.09110862335695782,
        0.23907327953184376,
        0.1316585902058806,
        0.14905300022139775,
        0.11267347735824966,
        0.3792081593597374,
        0.29064180058966055,
        0.14740595518838442,
        0.22910747341586218,
        0.3518228202874282,
        0.1316585902058806,
        0.4178044361600293,
        0.16828640022295324,
        0.12401959270615269,
        0.14574029770451274,
        0.22262198201210948,
        0.12303137303143455,
        0.20372507516258279,
        0.18221724671391565,
        0.22963966338592295,
        0.3462268719712553
    ],
    [
        0.21423920626253262,
        0.3779183319514945,
        0.43666214414006627,
        0.14740595518838442,
        0.25291271962872885,
        0.25242960033442985,
        0.28254908312539256,
        0.13441133229754104,
        0.20904825250405706,
        0.4241834987655696,
        0.258167369404036,
        0.3081731706768128,
        0.28555729503901667,
        0.2275034340400162,
        0.31054073303674673,
        0.30935921676911454,
        0.1616262567623219,
        0.2072890493972125,
        0.18619336387207788,
        0.14405538214520136,
        0.0,
        0.17708333333333331,
        0.27775607554111215,
        0.20610790559801437,
        0.19578068884596356,
        0.5266343608235224,
        0.3128903811640748,
        0.12401959270615269,
        0.20070675904164265,
        0.17515803875833577,
        0.1788362990978062,
        0.10711960313126631,
        0.15229366163764005,
        0.4881406047441659,
        0.24803918541230538,
        0.2543565718140579,
        0.18944305707784595,
        0.3247595264191645,
        0.24506854908372067,
        0.32886820593514354,
        0.24105075969596113,
        0.11481983169296148,
        0.15068204314051492,
        0.30338262248355624,
        0.13975424859373686,
        0.23280725665236468,
        0.28895690638917076,
        0.29064180058966055,
        0.44469529596117835
    ],
    [
        0.23793591209375878,
        0.3113694828673984,
        0.38594417729266384,
        0.1269381000724369,
        0.14414950524060466,
        0.21806688974435753,
        0.25853486762480954,
        0.12926743381240477,
        0.15900351585910158,
        0.3294039229342062,
        0.1551174230399524,
        0.18451030816581618,
        0.18214279635464287,
        0.21335103279441714,
        0.2618709393745112,
        0.24721758929803792,
        0.1895146395693776,
        0.14043196627825794,
        0.1055892444412151,
        0.16271353491472199,
        0.17708333333333331,
        0.0,
        0.20259010769559088,
        0.15529220329037058,
        0.1615423168674044,
        0.46319040998576144,
        0.39211521301497315,
        0.15371202670180945,
        0.12704490539219238,
        0.22426093897511445,
        0.14014191715701782,
        0.23437500000000003,
        0.14986973510352253,
        0.39284093694027244,
        0.21600459743049705,
        0.1725051579341583,
        0.15607629233095519,
        0.294903909726918,
        0.157460588102406,
        0.2616636809808431,
        0.21543872791610869,
        0.10737254233379324,
        0.18612050401255875,
        0.26305950623279983,
        0.12478279740323894,
        0.259058960738456,
        0.2739702152049461,
        0.17677669529663687,
        0.40538101504770935
    ],
    [
        0.2275034340400162,
        0.21137108216357317,
        0.2096313728906053,
        0.20669932117692114,
        0.19515618744994995,
        0.14905300022139775,
        0.11048543456039805,
        0.2013140426050801,
        0.14574029770451274,
        0.19136638615493579,
        0.19578068884596356,
        0.11692679333668567,
        0.13531646934131855,
        0.20252314682524564,
        0.14740595518838442,
        0.12789613706050704,
        0.3029799910885206,
        0.2013140426050801,
        0.1781524101717403,
        0.1608692209529219,
        0.27775607554111215,
        0.20259010769559088,
        0.0,
        0.11692679333668567,
        0.3444594950788844,
        0.26836818808308854,
        0.601308793902933,
        0.1926379375927805,
        0.13258252147247765,
        0.3126735629125757,
        0.11587810136086973,
        0.234375,
        0.15625,
        0.23385358667337133,
        0.40202126032089397,
        0.11796616305110547,
        0.31171777098843756,
        0.4536634731549367,
        0.125,
        0.5122998847110938,
        0.11481983169296148,
        0.21763106683100186,
        0.23070036031614688,
        0.1307281291459493,
        0.1801962905417312,
        0.22480460265528374,
        0.09504316453590968,
        0.2395267143243108,
        0.2509746625657658
    ],
    [
        0.21423920626253262,
        0.22262198201210948,
        0.24655834121967968,
        0.14823176532039278,
        0.16461958988832404,
        0.1307281291459493,
        0.14574029770451274,
        0.14986973510352247,
        0.12597277731716483,
        0.2275034340400162,
        0.19640320453088336,
        0.11796616305110547,
        0.15068204314051492,
        0.19640320453088336,
        0.14905300022139775,
        0.14905300022139775,
        0.23228232417685166,
        0.21079277442550065,
        0.1514899955442603,
        0.12597277731716483,
        0.20610790559801437,
        0.15529220329037058,
        0.11692679333668567,
        0.0,
        0.2724311839712921,
        0.3336586953759785,
        0.4955859852235533,
        0.12203515118604147,
        0.11048543456039805,
        0.26633890990719994,
        0.10481568644530265,
        0.17746588580625855,
        0.13258252147247765,
        0.3045873232752801,
        0.3444594950788844,
        0.120017902310447,
        0.2715335499528557,
        0.4215855488510013,
        0.1137517170200081,
        0.4411123191716595,
        0.15934435979977452,
        0.16461958988832404,
        0.20191949973937634,
        0.1570293065800139,
        0.15388840315306412,
        0.20610790559801437,
        0.1316585902058806,
        0.2395267143243108,
        0.2773162398327945
    ],
    [
        0.4201353018671485,
        0.49063495212836195,
        0.5984599375689237,
        0.20669932117692114,
        0.21930732574403436,
        0.3915613776919271,
        0.4471590006641933,
        0.19390115071860714,
        0.23017062285400366,
        0.5072713462733727,
        0.27775607554111215,
        0.3535533905932738,
        0.3251351882294502,
        0.3049878327491115,
        0.36241917202322504,
        0.39713328209808857,
        0.15546678704790937,
        0.24902152266420668,
        0.21423920626253262,
        0.24556615071096424,
        0.19578068884596356,
        0.1615423168674044,
        0.3444594950788844,
        0.2724311839712921,
        0.0,
        0.6839396446324778,
        0.22426093897511443,
        0.21137108216357317,
        0.2275034340400162,
        0.20339191864340248,
        0.2170694373351532,
        0.3021731188408393,
        0.24256522962906288,
        0.5918967789023691,
        0.11796616305110547,
        0.255314603724503,
        0.11899645477912357,
        0.184877493221863,
        0.28598445652692384,
        0.16387638252658618,
        0.3903123748998999,
        0.1608692209529219,
        0.24407030237208294,
        0.46087128761726953,
        0.17258376589355096,
        0.3472829807952011,
        0.41692700200394794,
        0.25194555463432966,
        0.5798117286024835
    ],
    [
        0.39897329171261575,
        0.16973094517500337,
        0.0924387466109315,
        0.40232478717449166,
        0.4316008536541604,
        0.1988737822087165,
        0.14740595518838442,
        0.47624220794150535,
        0.44824963399315787,
        0.14905300022139775,
        0.3921843874378479,
        0.26238836912104163,
        0.3021731188408393,
        0.4841229182759271,
        0.24705294220065463,
        0.28168369339562416,
        0.6817945071647321,
        0.3759752942348739,
        0.4501518840902479,
        0.42961647140211,
        0.5266343608235224,
        0.46319040998576144,
        0.26836818808308854,
        0.3336586953759785,
        0.6839396446324778,
        0.0,
        0.9184257506053497,
        0.328125,
        0.3376591060152236,
        0.5519359079891232,
        0.37856379498705367,
        0.4148724389797423,
        0.3521696146745201,
        0.04419417382415922,
        0.74706456799262,
        0.3538984891533164,
        0.6212779797522201,
        0.8276826648843142,
        0.36876324128768584,
        0.7953416620390258,
        0.24356964481437338,
        0.46770717334674267,
        0.5087131436281158,
        0.18684782411095935,
        0.4180965050081141,
        0.35251606789620243,
        0.27332587007087344,
        0.4281934251888975,
        0.06442352540027595
    ],
    [
        0.6621756281380341,
        0.7398400376094821,
        0.8342930671382809,
        0.40202126032089397,
        0.46192954684670257,
        0.6193100369564505,
        0.6780241860545979,
        0.39528470752104744,
        0.46140072063229376,
        0.7621092748910749,
        0.5448623679425842,
        0.6141638752197983,
        0.6149583954423259,
        0.5466517401417469,
        0.6039421278152403,
        0.6713297205919011,
        0.32211762700137975,
        0.47186465220442186,
        0.42961647140211,
        0.44579195680272204,
        0.3128903811640748,
        0.39211521301497315,
        0.601308793902933,
        0.4955859852235533,
        0.22426093897511443,
        0.9184257506053497,
        0.0,
        0.40474480771839433,
        0.4838707052250632,
        0.3603925810834624,
        0.4183883699686214,
        0.443871022229431,
        0.44496971455931694,
        0.8351705009307979,
        0.20009763241977652,
        0.4710879197400417,
        0.30856902590830465,
        0.29933193844793776,
        0.5530896881383706,
        0.19948664585630788,
        0.6352672296955039,
        0.3788861141556919,
        0.38400642898264087,
        0.7067614298686651,
        0.3644344934278313,
        0.5326268921581034,
        0.6568077986557407,
        0.5153882032022076,
        0.8306271162501258
    ],
    [
        0.2415566380271923,
        0.19452968121857395,
        0.2781952158557009,
        0.071602745233685,
        0.18684782411095935,
        0.11481983169296148,
        0.17328963291264715,
        0.11048543456039805,
        0.16010860571811872,
        0.2670001170411728,
        0.16973094517500337,
        0.14149039278339715,
        0.19578068884596356,
        0.21875,
        0.2312288841710741,
        0.2405438174740727,
        0.19948664585630788,
        0.234375,
        0.13441133229754104,
        0.12203515118604147,
        0.12401959270615269,
        0.15371202670180945,
        0.1926379375927805,
        0.12203515118604147,
        0.21137108216357317,
        0.328125,
        0.40474480771839433,
        0.0,
        0.14657549249448218,
        0.2227437997952406,
        0.10597390598633231,
        0.14657549249448218,
        0.109375,
        0.2755498763835687,
        0.28768675999253074,
        0.17608480733726006,
        0.1988737822087165,
        0.39713328209808857,
        0.13887803777055607,
        0.36876324128768584,
        0.17399263633843817,
        0.09110862335695782,
        0.13531646934131855,
        0.19515618744994995,
        0.11158481919598204,
        0.22207297505549836,
        0.20191949973937634,
        0.2072890493972125,
        0.26378035962709584
    ],
    [
        0.214808235701055,
        0.22857404434887177,
        0.26836818808308854,
        0.1335000585205864,
        0.13441133229754104,
        0.12979099785809492,
        0.14490028899212037,
        0.11481983169296148,
        0.15388840315306412,
        0.2773162398327945,
        0.1690102160373745,
        0.14823176532039278,
        0.15309310892394862,
        0.17746588580625855,
        0.18814991529362962,
        0.18288593610499415,
        0.20009763241977652,
        0.16461958988832404,
        0.12789613706050704,
        0.09110862335695782,
        0.20070675904164265,
        0.12704490539219238,
        0.13258252147247765,
        0.11048543456039805,
        0.2275034340400162,
        0.3376591060152236,
        0.4838707052250632,
        0.14657549249448218,
        0.0,
        0.2545697793718737,
        0.09631896879639025,
        0.1781524101717403,
        0.14320549046737,
        0.3243834295629171,
        0.29064180058966055,
        0.125,
        0.23541436208311506,
        0.3671043788897103,
        0.14905300022139775,
        0.39435717075387383,
        0.17044862679118303,
        0.1335000585205864,
        0.1887975933374152,
        0.1753901900050285,
        0.12789613706050704,
        0.23644915547533682,
