[
    [
        0.0,
        1.3919410907075054,
        0.5590169943749475,
        0.739509972887452,
        1.71846588560844,
        1.653594569415369,
        0.8926785535678563,
        0.9519716382329886,
        1.6723860200324565,
        2.0615528128088303,
        0.7806247497997998,
        1.595893166850463,
        1.3287682265918312,
        1.5258194519667128,
        1.3975424859373686,
        1.103970108290981,
        1.192424001771182,
        2.1830311495716224,
        1.5612494995995996,
        1.8540496217739157,
        1.79843682124227,
        1.9882467150733583,
        2.084166500066633,
        1.3287682265918312,
        1.6007810593582121,
        2.4302777619029476,
        0.6123724356957945,
        3.0129926982984876,
        1.4142135623730951,
        1.5811388300841898,
        2.3251344047172844,
        1.6105123408406408,
        1.6056540723331412,
        1.7275343701356567,
        0.57282196186948,
        2.8613807855648994,
        1.964529205687714,
        2.168668946612184,
        3.005203820042827,
        1.5155444566227676,
        3.181980515339464,
        1.0458250331675945,
        1.8498310733685928,
        1.7677669529663689,
        1.0968705484240153,
        1.5612494995995996,
        1.695582495781317,
        0.9842509842514764,
        1.741048534648015,
        0.5
    ],
    [
        1.3919410907075054,
        0.0,
        1.192424001771182,
        1.1110243021644486,
        1.2747548783981961,
        1.2183492931011204,
        0.9842509842514764,
        1.0968705484240153,
        1.286953767623375,
        1.6298006013006623,
        1.1110243021644486,
        1.1858541225631423,
        1.2562344526401112,
        1.2374368670764582,
        1.125,
        1.159202311936963,
        1.165922381636102,
        1.340475661845451,
        1.357847561400027,
        1.3050383136138188,
        1.3169567191065923,
        1.346291201783626,
        1.2930100540985752,
        1.165922381636102,
        1.1319231422671772,
        1.4947825928876748,
        1.3110110602126894,
        1.7940875118009154,
        1.125,
        1.2562344526401112,
        1.4086784586980805,
        1.1792476415070754,
        1.2747548783981961,
        1.1792476415070754,
        1.165922381636102,
        1.8915932438026946,
        1.4737282653189494,
        1.4469796128487782,
        1.8027756377319946,
        1.165922381636102,
        2.143303524935281,
        1.103970108290981,
        1.3050383136138188,
        1.3287682265918312,
        1.1524430571616109,
        1.1989578808281798,
        1.1858541225631423,
        1.1319231422671772,
        1.2054563451241194,
        1.2562344526401112
    ],
    [
        0.5590169943749475,
        1.192424001771182,
        0.0,
        0.739509972887452,
        1.2930100540985752,
        1.231107225224513,
        0.8838834764831844,
        0.82915619758885,
        1.3110110602126894,
        1.704772712123232,
        0.739509972887452,
        1.231107225224513,
        1.1319231422671772,
        1.299038105676658,
        1.0532687216470449,
        0.8838834764831844,
        0.9842509842514764,
        1.5461646096066226,
        1.2686114456365274,
        1.4252192813739224,
        1.4361406616345072,
        1.4306903927824497,
        1.6441183047457382,
        1.1110243021644486,
        1.231107225224513,
        1.7853571071357126,
        0.7288689868556626,
        2.190176933491904,
        1.0897247358851685,
        1.299038105676658,
        1.713913650100261,
        1.243734296383275,
        1.2747548783981961,
        1.375,
        0.649519052838329,
        2.179449471770337,
        1.5,
        1.5612494995995996,
        2.1213203435596424,
        1.159202311936963,
        2.4748737341529163,
        0.9100137361600648,
        1.4469796128487782,
        1.4577379737113252,
        0.9682458365518543,
        1.192424001771182,
        1.243734296383275,
        0.8926785535678563,
        1.3169567191065923,
        0.6373774391990981
    ],
    [
        0.739509972887452,
        1.1110243021644486,
        0.739509972887452,
        0.0,
        1.3110110602126894,
        1.3228756555322954,
        0.8477912478906585,
        0.81967981553775,
        1.2930100540985752,
        1.7365554986812255,
        0.6846531968814576,
        1.3228756555322954,
        1.1792476415070754,
        1.3050383136138188,
        1.0752906583803283,
        1.0231690964840563,
        1.0231690964840563,
        1.4415703243338496,
        1.2374368670764582,
        1.4523687548277813,
        1.3635890143294642,
        1.4252192813739224,
        1.620185174601965,
        1.0968705484240153,
        1.2624381172952597,
        1.7365554986812255,
        0.625,
        2.027159342528357,
        1.1726039399558574,
        1.340475661845451,
        1.590990257669732,
        1.286953767623375,
        1.2054563451241194,
        1.3693063937629153,
        0.625,
        2.065338955232288,
        1.5662455107677085,
        1.6153559979150107,
        2.084166500066633,
        1.2119199643540823,
        2.3551804601770967,
        0.9185586535436918,
        1.4252192813739224,
        1.403121520040228,
        0.9100137361600648,
        1.165922381636102,
        1.231107225224513,
        0.82915619758885,
        1.357847561400027,
        0.6123724356957945
    ],
    [
        1.71846588560844,
        1.2747548783981961,
        1.2930100540985752,
        1.3110110602126894,
        0.0,
        1.2562344526401112,
        1.2119199643540823,
        1.192424001771182,
        1.243734296383275,
        1.3050383136138188,
        1.231107225224513,
        1.2624381172952597,
        1.0825317547305484,
        1.159202311936963,
        1.14564392373896,
        1.3050383136138188,
        1.299038105676658,
        1.3635890143294642,
        1.14564392373896,
        1.2930100540985752,
        1.2808688457449497,
        1.0680004681646913,
        1.357847561400027,
        1.224744871391589,
        1.25,
        1.4197270864500684,
        1.4737282653189494,
        1.6298006013006623,
        1.1388041973930374,
        1.0968705484240153,
        1.1792476415070754,
        1.2562344526401112,
        1.015504800579495,
        1.159202311936963,
        1.3050383136138188,
        1.5103807466993215,
        1.3863170633011772,
        1.334634781503914,
        1.704772712123232,
        1.165922381636102,
        1.7230060940112777,
        1.118033988749895,
        1.2374368670764582,
        1.0897247358851685,
        1.3110110602126894,
        1.2119199643540823,
        1.231107225224513,
        1.2686114456365274,
        1.2119199643540823,
        1.5360257159305635
    ],
    [
        1.653594569415369,
        1.2183492931011204,
        1.231107225224513,
        1.3228756555322954,
        1.2562344526401112,
        0.0,
        1.118033988749895,
        1.1319231422671772,
        1.125,
        1.5461646096066226,
        1.1858541225631423,
        1.1858541225631423,
        1.25,
        1.1792476415070754,
        1.0897247358851685,
        1.125,
        1.1319231422671772,
        1.25,
        1.3110110602126894,
        1.243734296383275,
        1.243734296383275,
        1.3050383136138188,
        1.352081728298996,
        1.1792476415070754,
        1.2119199643540823,
        1.3975424859373686,
        1.403121520040228,
        1.653594569415369,
        1.1524430571616109,
        1.243734296383275,
        1.403121520040228,
        1.0825317547305484,
        1.25,
        1.243734296383275,
        1.2374368670764582,
        1.8413649828320293,
        1.2808688457449497,
        1.286953767623375,
        1.6298006013006623,
        1.1524430571616109,
        2.0,
        1.103970108290981,
        1.224744871391589,
        1.25,
        1.192424001771182,
        1.192424001771182,
        1.2054563451241194,
        1.1726039399558574,
        1.103970108290981,
        1.4086784586980805
    ],
    [
        0.8926785535678563,
        0.9842509842514764,
        0.8838834764831844,
        0.8477912478906585,
        1.2119199643540823,
        1.118033988749895,
        0.0,
        0.8569568250501305,
        1.2624381172952597,
        1.648863244784115,
        0.8003905296791061,
        1.1792476415070754,
        1.1388041973930374,
        1.224744871391589,
        1.0231690964840563,
        1.015504800579495,
        0.960143218483576,
        1.403121520040228,
        1.2686114456365274,
        1.357847561400027,
        1.243734296383275,
        1.286953767623375,
        1.3919410907075054,
        0.9921567416492215,
        1.159202311936963,
        1.625,
        0.9185586535436918,
        1.9882467150733583,
        1.0231690964840563,
        1.1858541225631423,
        1.6007810593582121,
        1.118033988749895,
        1.1388041973930374,
        1.1858541225631423,
        0.8100925873009825,
        1.984313483298443,
        1.4361406616345072,
        1.375,
        1.928406077567689,
        1.0825317547305484,
        2.2430448056157952,
        0.81967981553775,
        1.3635890143294642,
        1.243734296383275,
        0.9354143466934853,
        1.0897247358851685,
        1.192424001771182,
        0.8569568250501305,
        1.2183492931011204,
        0.8477912478906585
    ],
    [
        0.9519716382329886,
        1.0968705484240153,
        0.82915619758885,
        0.81967981553775,
        1.192424001771182,
        1.1319231422671772,
        0.8569568250501305,
        0.0,
        1.231107225224513,
        1.5811388300841898,
        0.8003905296791061,
        1.165922381636102,
        1.0968705484240153,
        1.1726039399558574,
        1.0,
        0.9185586535436918,
        0.9185586535436918,
        1.3287682265918312,
        1.231107225224513,
        1.299038105676658,
        1.2374368670764582,
        1.3110110602126894,
        1.4306903927824497,
        0.9762812094883317,
        1.14564392373896,
        1.541103500742244,
        0.9100137361600648,
        1.9121323175972944,
        0.9762812094883317,
        1.1989578808281798,
        1.5258194519667128,
        1.0897247358851685,
        1.14564392373896,
        1.2183492931011204,
        0.739509972887452,
        1.9525624189766635,
        1.3806701271484076,
        1.334634781503914,
        1.8874586088176875,
        1.0383279828647594,
        2.161452058223823,
        0.9100137361600648,
        1.2562344526401112,
        1.2808688457449497,
        0.9519716382329886,
        1.0825317547305484,
        1.1792476415070754,
        0.8838834764831844,
        1.125,
        0.81967981553775
    ],
    [
        1.6723860200324565,
        1.286953767623375,
        1.3110110602126894,
        1.2930100540985752,
        1.243734296383275,
        1.125,
        1.2624381172952597,
        1.231107225224513,
        0.0,
        1.5811388300841898,
        1.299038105676658,
        1.231107225224513,
        1.352081728298996,
        1.299038105676658,
        1.1858541225631423,
        1.1989578808281798,
        1.2054563451241194,
        1.2183492931011204,
        1.286953767623375,
        1.25,
        1.2119199643540823,
        1.2562344526401112,
        1.352081728298996,
        1.1989578808281798,
        1.1726039399558574,
        1.3287682265918312,
        1.479019945774904,
        1.6153559979150107,
        1.192424001771182,
        1.2562344526401112,
        1.4252192813739224,
        1.1388041973930374,
        1.299038105676658,
        1.1858541225631423,
        1.3919410907075054,
        1.79843682124227,
        1.2562344526401112,
        1.2562344526401112,
        1.5360257159305635,
        1.1726039399558574,
        1.9080421903092184,
        1.2054563451241194,
        1.1726039399558574,
        1.3050383136138188,
        1.2054563451241194,
        1.1524430571616109,
        1.1792476415070754,
        1.2054563451241194,
        1.2624381172952597,
        1.4684175155588413
    ],
    [
        2.0615528128088303,
        1.6298006013006623,
        1.704772712123232,
        1.7365554986812255,
        1.3050383136138188,
        1.5461646096066226,
        1.648863244784115,
        1.5811388300841898,
        1.5811388300841898,
        0.0,
        1.704772712123232,
        1.5360257159305635,
        1.3693063937629153,
        1.2747548783981961,
        1.5360257159305635,
        1.595893166850463,
        1.590990257669732,
        1.6583123951777,
        1.3806701271484076,
        1.5612494995995996,
        1.595893166850463,
        1.2747548783981961,
        1.6863421954040052,
        1.6007810593582121,
        1.5155444566227676,
        1.709349291397168,
        1.899835519196333,
        1.8371173070873836,
        1.541103500742244,
        1.2930100540985752,
        1.346291201783626,
        1.5258194519667128,
        1.340475661845451,
        1.58607219255619,
        1.75,
        1.5360257159305635,
        1.6007810593582121,
        1.620185174601965,
        1.8027756377319946,
        1.58607219255619,
        1.6770509831248424,
        1.58607219255619,
        1.595893166850463,
        1.3919410907075054,
        1.6393596310755,
        1.5562374497485916,
        1.6105123408406408,
        1.6007810593582121,
        1.5811388300841898,
        1.899835519196333
    ],
    [
        0.7806247497997998,
        1.1110243021644486,
        0.739509972887452,
        0.6846531968814576,
        1.231107225224513,
        1.1858541225631423,
        0.8003905296791061,
        0.8003905296791061,
        1.299038105676658,
        1.704772712123232,
        0.0,
        1.159202311936963,
        1.1388041973930374,
        1.2119199643540823,
        1.0606601717798212,
        0.9270248108869579,
        0.9185586535436918,
        1.4842927608797396,
        1.3050383136138188,
        1.403121520040228,
        1.299038105676658,
        1.3919410907075054,
        1.4415703243338496,
        1.0307764064044151,
        1.1726039399558574,
        1.6677080080157918,
        0.7603453162872774,
        2.0463381929681126,
        1.0606601717798212,
        1.2686114456365274,
        1.6441183047457382,
        1.1989578808281798,
        1.1989578808281798,
        1.299038105676658,
        0.6614378277661477,
        2.091650066335189,
        1.4842927608797396,
        1.5360257159305635,
        2.050152433357091,
        1.0897247358851685,
        2.318404623873926,
        0.739509972887452,
        1.3693063937629153,
        1.3169567191065923,
        0.9682458365518543,
        1.14564392373896,
        1.1989578808281798,
        0.8385254915624212,
        1.192424001771182,
        0.7071067811865476
    ],
    [
        1.595893166850463,
        1.1858541225631423,
        1.231107225224513,
        1.3228756555322954,
        1.2624381172952597,
        1.1858541225631423,
        1.1792476415070754,
        1.165922381636102,
        1.231107225224513,
        1.5360257159305635,
        1.159202311936963,
        0.0,
        1.2054563451241194,
        1.25,
        1.1524430571616109,
        1.1319231422671772,
        1.159202311936963,
        1.340475661845451,
        1.334634781503914,
        1.3050383136138188,
        1.1726039399558574,
        1.3050383136138188,
        1.2686114456365274,
        1.1388041973930374,
        1.2054563451241194,
        1.403121520040228,
        1.3693063937629153,
        1.713913650100261,
        1.14564392373896,
        1.2183492931011204,
        1.4252192813739224,
        1.1110243021644486,
        1.2930100540985752,
        1.243734296383275,
        1.2562344526401112,
        1.875,
        1.3110110602126894,
        1.3169567191065923,
        1.6056540723331412,
        1.1524430571616109,
        1.9921721813136535,
        1.0752906583803283,
        1.286953767623375,
        1.346291201783626,
        1.2183492931011204,
        1.1726039399558574,
        1.2054563451241194,
        1.14564392373896,
        1.125,
        1.4197270864500684
    ],
    [
        1.3287682265918312,
        1.2562344526401112,
        1.1319231422671772,
        1.1792476415070754,
        1.0825317547305484,
        1.25,
        1.1388041973930374,
        1.0968705484240153,
        1.352081728298996,
        1.3693063937629153,
        1.1388041973930374,
        1.2054563451241194,
        0.0,
        1.0606601717798212,
        1.1726039399558574,
        1.125,
        1.103970108290981,
        1.4197270864500684,
        1.0752906583803283,
        1.3635890143294642,
        1.3863170633011772,
        1.286953767623375,
        1.4684175155588413,
        1.1792476415070754,
        1.2374368670764582,
        1.5155444566227676,
        1.231107225224513,
        1.8833148966649205,
        1.14564392373896,
        1.0968705484240153,
        1.4197270864500684,
        1.2686114456365274,
        1.118033988749895,
        1.2808688457449497,
        1.14564392373896,
        1.6583123951777,
        1.340475661845451,
        1.4252192813739224,
        1.824314939915803,
        1.2119199643540823,
        1.875,
        1.0532687216470449,
        1.2562344526401112,
        1.224744871391589,
        1.159202311936963,
        1.1792476415070754,
        1.299038105676658,
        1.1524430571616109,
        1.2624381172952597,
        1.231107225224513
    ],
    [
        1.5258194519667128,
        1.2374368670764582,
        1.299038105676658,
        1.3050383136138188,
        1.159202311936963,
        1.1792476415070754,
        1.224744871391589,
        1.1726039399558574,
        1.299038105676658,
        1.2747548783981961,
        1.2119199643540823,
        1.25,
        1.0606601717798212,
        0.0,
        1.2119199643540823,
        1.1989578808281798,
        1.192424001771182,
        1.357847561400027,
        1.231107225224513,
        1.352081728298996,
        1.286953767623375,
        1.25,
        1.4415703243338496,
        1.192424001771182,
        1.2808688457449497,
        1.5461646096066226,
        1.375,
        1.8624580532189174,
        1.1524430571616109,
        1.14564392373896,
        1.3287682265918312,
        1.2624381172952597,
        1.125,
        1.243734296383275,
        1.2808688457449497,
        1.6393596310755,
        1.4252192813739224,
        1.4523687548277813,
        1.7897276329095442,
        1.2054563451241194,
        1.7897276329095442,
        1.1388041973930374,
        1.25,
        1.1726039399558574,
        1.299038105676658,
        1.286953767623375,
        1.286953767623375,
        1.165922381636102,
        1.2624381172952597,
        1.403121520040228
    ],
    [
        1.3975424859373686,
        1.125,
        1.0532687216470449,
        1.0752906583803283,
        1.14564392373896,
        1.0897247358851685,
        1.0231690964840563,
        1.0,
        1.1858541225631423,
        1.5360257159305635,
        1.0606601717798212,
        1.1524430571616109,
        1.1726039399558574,
        1.2119199643540823,
        0.0,
        1.0752906583803283,
        1.0968705484240153,
        1.2747548783981961,
        1.231107225224513,
        1.224744871391589,
        1.231107225224513,
        1.1792476415070754,
        1.334634781503914,
        1.103970108290981,
        1.103970108290981,
        1.4577379737113252,
        1.192424001771182,
        1.695582495781317,
        1.0231690964840563,
        1.159202311936963,
        1.403121520040228,
        1.118033988749895,
        1.103970108290981,
        1.1858541225631423,
        1.0897247358851685,
        1.7633419974582356,
        1.3228756555322954,
        1.2747548783981961,
        1.6583123951777,
        0.9921567416492215,
        2.0615528128088303,
        0.9437293044088437,
        1.192424001771182,
        1.1989578808281798,
        1.1110243021644486,
        1.0532687216470449,
        1.14564392373896,
        1.0307764064044151,
        1.1388041973930374,
        1.1726039399558574
    ],
    [
        1.103970108290981,
        1.159202311936963,
        0.8838834764831844,
        1.0231690964840563,
        1.3050383136138188,
        1.125,
        1.015504800579495,
        0.9185586535436918,
        1.1989578808281798,
        1.595893166850463,
        0.9270248108869579,
        1.1319231422671772,
        1.125,
        1.1989578808281798,
        1.0752906583803283,
        0.0,
        0.9762812094883317,
        1.2808688457449497,
        1.2808688457449497,
        1.2930100540985752,
        1.231107225224513,
        1.3169567191065923,
        1.4361406616345072,
        1.0307764064044151,
        1.165922381636102,
        1.5811388300841898,
        1.0752906583803283,
        1.8540496217739157,
        1.0532687216470449,
        1.2054563451241194,
        1.5258194519667128,
        1.1110243021644486,
        1.2183492931011204,
        1.1989578808281798,
        0.9842509842514764,
        1.9324531042175384,
        1.299038105676658,
        1.3975424859373686,
        1.7721808598447282,
        1.125,
        2.165063509461097,
        0.9270248108869579,
        1.2624381172952597,
        1.3228756555322954,
        1.0752906583803283,
        1.0897247358851685,
        1.2686114456365274,
        1.0077822185373186,
        1.0968705484240153,
        1.0458250331675945
    ],
    [
        1.192424001771182,
        1.165922381636102,
        0.9842509842514764,
        1.0231690964840563,
        1.299038105676658,
        1.1319231422671772,
        0.960143218483576,
        0.9185586535436918,
        1.2054563451241194,
        1.590990257669732,
        0.9185586535436918,
        1.159202311936963,
        1.103970108290981,
        1.192424001771182,
        1.0968705484240153,
        0.9762812094883317,
        0.0,
        1.3287682265918312,
        1.192424001771182,
        1.3228756555322954,
        1.299038105676658,
        1.3693063937629153,
        1.3635890143294642,
        1.0680004681646913,
        1.14564392373896,
        1.5662455107677085,
        1.14564392373896,
        1.8582585934148133,
        1.0077822185373186,
        1.2374368670764582,
        1.4842927608797396,
        1.125,
        1.3228756555322954,
        1.2374368670764582,
        1.015504800579495,
        1.9525624189766635,
        1.3635890143294642,
        1.3806701271484076,
        1.695582495781317,
        1.0752906583803283,
        2.0766559657295187,
        0.9437293044088437,
        1.3110110602126894,
        1.403121520040228,
        1.0606601717798212,
        1.125,
        1.165922381636102,
        0.8838834764831844,
        1.14564392373896,
        1.118033988749895
    ],
    [
        2.1830311495716224,
        1.340475661845451,
        1.5461646096066226,
        1.4415703243338496,
        1.3635890143294642,
        1.25,
        1.403121520040228,
        1.3287682265918312,
        1.2183492931011204,
        1.6583123951777,
        1.4842927608797396,
        1.340475661845451,
        1.4197270864500684,
        1.357847561400027,
        1.2747548783981961,
        1.2808688457449497,
        1.3287682265918312,
        0.0,
        1.4947825928876748,
        1.2686114456365274,
        1.243734296383275,
        1.3635890143294642,
        1.340475661845451,
        1.2808688457449497,
        1.1792476415070754,
        1.3050383136138188,
        1.7320508075688772,
        1.489546910976623,
        1.286953767623375,
        1.3806701271484076,
        1.346291201783626,
        1.243734296383275,
        1.334634781503914,
        1.2624381172952597,
        1.5309310892394863,
        1.6817030058842137,
        1.357847561400027,
        1.2808688457449497,
        1.4361406616345072,
        1.231107225224513,
        1.8413649828320293,
        1.3287682265918312,
        1.2562344526401112,
        1.3693063937629153,
        1.3975424859373686,
        1.2930100540985752,
        1.2930100540985752,
        1.4086784586980805,
        1.3169567191065923,
        1.695582495781317
    ],
    [
        1.5612494995995996,
        1.357847561400027,
        1.2686114456365274,
        1.2374368670764582,
        1.14564392373896,
        1.3110110602126894,
        1.2686114456365274,
        1.231107225224513,
        1.286953767623375,
        1.3806701271484076,
        1.3050383136138188,
        1.334634781503914,
        1.0752906583803283,
        1.231107225224513,
        1.231107225224513,
        1.2808688457449497,
        1.192424001771182,
        1.4947825928876748,
        0.0,
        1.346291201783626,
        1.4523687548277813,
        1.1989578808281798,
        1.4737282653189494,
        1.2808688457449497,
        1.4197270864500684,
        1.489546910976623,
        1.357847561400027,
        1.8027756377319946,
        1.2054563451241194,
        1.14564392373896,
        1.3693063937629153,
        1.2562344526401112,
        1.1792476415070754,
        1.286953767623375,
        1.299038105676658,
        1.695582495781317,
        1.489546910976623,
        1.4577379737113252,
        1.7940875118009154,
        1.2930100540985752,
        1.7897276329095442,
        1.2119199643540823,
        1.4361406616345072,
        1.3050383136138188,
        1.3110110602126894,
        1.231107225224513,
        1.3228756555322954,
        1.2374368670764582,
        1.346291201783626,
        1.4142135623730951
    ],
    [
        1.8540496217739157,
        1.3050383136138188,
        1.4252192813739224,
        1.4523687548277813,
        1.2930100540985752,
        1.243734296383275,
        1.357847561400027,
        1.299038105676658,
        1.25,
        1.5612494995995996,
        1.403121520040228,
        1.3050383136138188,
        1.3635890143294642,
        1.352081728298996,
        1.224744871391589,
        1.2930100540985752,
        1.3228756555322954,
        1.2686114456365274,
        1.346291201783626,
        0.0,
        1.2747548783981961,
        1.3635890143294642,
        1.4086784586980805,
        1.2374368670764582,
        1.231107225224513,
        1.340475661845451,
        1.6770509831248424,
        1.595893166850463,
        1.2119199643540823,
        1.352081728298996,
        1.334634781503914,
        1.2119199643540823,
        1.3169567191065923,
        1.231107225224513,
        1.5,
        1.7721808598447282,
        1.2624381172952597,
        1.3050383136138188,
        1.595893166850463,
        1.1858541225631423,
        1.9324531042175384,
        1.2562344526401112,
        1.231107225224513,
        1.357847561400027,
        1.2686114456365274,
        1.1726039399558574,
        1.25,
        1.352081728298996,
        1.2119199643540823,
        1.6677080080157918
    ],
    [
        1.79843682124227,
        1.3169567191065923,
        1.4361406616345072,
        1.3635890143294642,
        1.2808688457449497,
        1.243734296383275,
        1.243734296383275,
        1.2374368670764582,
        1.2119199643540823,
        1.595893166850463,
        1.299038105676658,
        1.1726039399558574,
        1.3863170633011772,
        1.286953767623375,
        1.231107225224513,
        1.231107225224513,
        1.299038105676658,
        1.243734296383275,
        1.4523687548277813,
        1.2747548783981961,
        0.0,
        1.352081728298996,
        1.346291201783626,
        1.224744871391589,
        1.192424001771182,
        1.3863170633011772,
        1.625,
        1.6007810593582121,
        1.1989578808281798,
        1.3050383136138188,
        1.4361406616345072,
        1.2624381172952597,
        1.2930100540985752,
        1.1858541225631423,
        1.4252192813739224,
        1.7809758560968758,
        1.3110110602126894,
        1.299038105676658,
        1.6441183047457382,
        1.2183492931011204,
        1.940521837032503,
        1.2374368670764582,
        1.165922381636102,
        1.299038105676658,
        1.2374368670764582,
        1.2686114456365274,
        1.1792476415070754,
        1.286953767623375,
        1.2562344526401112,
        1.6153559979150107
    ],
    [
        1.9882467150733583,
        1.346291201783626,
        1.4306903927824497,
        1.4252192813739224,
        1.0680004681646913,
        1.3050383136138188,
        1.286953767623375,
        1.3110110602126894,
        1.2562344526401112,
        1.2747548783981961,
        1.3919410907075054,
        1.3050383136138188,
        1.286953767623375,
        1.25,
        1.1792476415070754,
        1.3169567191065923,
        1.3693063937629153,
        1.3635890143294642,
        1.1989578808281798,
        1.3635890143294642,
        1.352081728298996,
        0.0,
        1.4252192813739224,
        1.286953767623375,
        1.2747548783981961,
        1.3863170633011772,
        1.648863244784115,
        1.6153559979150107,
        1.25,
        1.1388041973930374,
        1.243734296383275,
        1.2747548783981961,
        1.0458250331675945,
        1.2686114456365274,
        1.4197270864500684,
        1.505199322349037,
        1.5360257159305635,
        1.340475661845451,
        1.648863244784115,
        1.2686114456365274,
        1.6630168369562588,
        1.2930100540985752,
        1.299038105676658,
        1.0532687216470449,
        1.4197270864500684,
        1.25,
        1.25,
        1.3287682265918312,
        1.3228756555322954,
        1.6345871038277526
    ],
    [
        2.084166500066633,
        1.2930100540985752,
        1.6441183047457382,
        1.620185174601965,
        1.357847561400027,
        1.352081728298996,
        1.3919410907075054,
        1.4306903927824497,
        1.352081728298996,
        1.6863421954040052,
        1.4415703243338496,
        1.2686114456365274,
        1.4684175155588413,
        1.4415703243338496,
        1.334634781503914,
        1.4361406616345072,
        1.3635890143294642,
        1.340475661845451,
        1.4737282653189494,
        1.4086784586980805,
        1.346291201783626,
        1.4252192813739224,
        0.0,
        1.3975424859373686,
        1.2747548783981961,
        1.3863170633011772,
        1.7853571071357126,
        1.7230060940112777,
        1.2686114456365274,
        1.3693063937629153,
        1.4577379737113252,
        1.2747548783981961,
        1.5155444566227676,
        1.2930100540985752,
        1.6056540723331412,
        1.7853571071357126,
        1.3975424859373686,
        1.3693063937629153,
        1.58607219255619,
        1.3169567191065923,
        1.996089927833914,
        1.3635890143294642,
        1.2686114456365274,
        1.4523687548277813,
        1.5206906325745548,
        1.346291201783626,
        1.3287682265918312,
        1.4523687548277813,
        1.3287682265918312,
        1.8328597873268975
    ],
    [
        1.3287682265918312,
        1.165922381636102,
        1.1110243021644486,
        1.0968705484240153,
        1.224744871391589,
        1.1792476415070754,
        0.9921567416492215,
        0.9762812094883317,
        1.1989578808281798,
        1.6007810593582121,
        1.0307764064044151,
        1.1388041973930374,
        1.1792476415070754,
        1.192424001771182,
        1.103970108290981,
        1.0307764064044151,
        1.0680004681646913,
        1.2808688457449497,
        1.2808688457449497,
        1.2374368670764582,
        1.224744871391589,
        1.286953767623375,
        1.3975424859373686,
        0.0,
        1.1110243021644486,
        1.4684175155588413,
        1.1858541225631423,
        1.7897276329095442,
        1.0680004681646913,
        1.192424001771182,
        1.3919410907075054,
        1.118033988749895,
        1.1792476415070754,
        1.1726039399558574,
        1.0968705484240153,
        1.845602882529175,
        1.340475661845451,
        1.357847561400027,
        1.695582495781317,
        1.0968705484240153,
        2.042516829796024,
        1.0307764064044151,
        1.2686114456365274,
        1.286953767623375,
        0.9762812094883317,
        1.1110243021644486,
        1.1792476415070754,
        0.9842509842514764,
        1.1524430571616109,
        1.2054563451241194
    ],
    [
        1.6007810593582121,
        1.1319231422671772,
        1.231107225224513,
        1.2624381172952597,
        1.25,
        1.2119199643540823,
        1.159202311936963,
        1.14564392373896,
        1.1726039399558574,
        1.5155444566227676,
        1.1726039399558574,
        1.2054563451241194,
        1.2374368670764582,
        1.2808688457449497,
        1.103970108290981,
        1.165922381636102,
        1.14564392373896,
        1.1792476415070754,
        1.4197270864500684,
        1.231107225224513,
        1.192424001771182,
        1.2747548783981961,
        1.2747548783981961,
        1.1110243021644486,
        0.0,
        1.375,
        1.4252192813739224,
        1.620185174601965,
        1.0825317547305484,
        1.192424001771182,
        1.3806701271484076,
        1.1388041973930374,
        1.2374368670764582,
        1.1989578808281798,
        1.25,
        1.8371173070873836,
        1.231107225224513,
        1.2930100540985752,
        1.6105123408406408,
        1.1319231422671772,
        1.996089927833914,
        1.1388041973930374,
        1.2374368670764582,
        1.3110110602126894,
        1.165922381636102,
        1.14564392373896,
        1.125,
        1.231107225224513,
        1.1524430571616109,
        1.3635890143294642
    ],
    [
        2.4302777619029476,
        1.4947825928876748,
        1.7853571071357126,
        1.7365554986812255,
        1.4197270864500684,
        1.3975424859373686,
        1.625,
        1.541103500742244,
        1.3287682265918312,
        1.709349291397168,
        1.6677080080157918,
        1.403121520040228,
        1.5155444566227676,
        1.5461646096066226,
        1.4577379737113252,
        1.5811388300841898,
        1.5662455107677085,
        1.3050383136138188,
        1.489546910976623,
        1.340475661845451,
        1.3863170633011772,
        1.3863170633011772,
        1.3863170633011772,
        1.4684175155588413,
        1.375,
        0.0,
        1.8624580532189174,
        1.4684175155588413,
        1.3806701271484076,
        1.4415703243338496,
        1.3975424859373686,
        1.357847561400027,
        1.5258194519667128,
        1.375,
        1.776583800443987,
        1.6583123951777,
        1.3287682265918312,
        1.25,
        1.4469796128487782,
        1.4086784586980805,
        1.824314939915803,
        1.4947825928876748,
        1.340475661845451,
        1.3863170633011772,
        1.5761900266148114,
        1.3919410907075054,
        1.403121520040228,
        1.5811388300841898,
        1.3806701271484076,
        1.9243505397925815
    ],
    [
        0.6123724356957945,
        1.3110110602126894,
        0.7288689868556626,
        0.625,
        1.4737282653189494,
        1.403121520040228,
        0.9185586535436918,
        0.9100137361600648,
        1.479019945774904,
        1.899835519196333,
        0.7603453162872774,
        1.3693063937629153,
        1.231107225224513,
        1.375,
        1.192424001771182,
        1.0752906583803283,
        1.14564392373896,
        1.7320508075688772,
        1.357847561400027,
        1.6770509831248424,
        1.625,
        1.648863244784115,
        1.7853571071357126,
        1.1858541225631423,
        1.4252192813739224,
        1.8624580532189174,
        0.0,
        2.225561726845607,
        1.2686114456365274,
        1.4306903927824497,
        1.8791620472966135,
        1.4415703243338496,
        1.4197270864500684,
        1.5562374497485916,
        0.625,
        2.2638462845343543,
        1.741048534648015,
        1.7677669529663689,
        2.1830311495716224,
        1.3050383136138188,
        2.5708704751503917,
        1.0077822185373186,
        1.6345871038277526,
        1.5662455107677085,
        1.103970108290981,
        1.340475661845451,
        1.4361406616345072,
        0.9519716382329886,
        1.4361406616345072,
        0.5
    ],
    [
        3.0129926982984876,
        1.7940875118009154,
        2.190176933491904,
        2.027159342528357,
        1.6298006013006623,
        1.653594569415369,
        1.9882467150733583,
        1.9121323175972944,
        1.6153559979150107,
        1.8371173070873836,
        2.0463381929681126,
        1.713913650100261,
        1.8833148966649205,
        1.8624580532189174,
        1.695582495781317,
        1.8540496217739157,
        1.8582585934148133,
        1.489546910976623,
        1.8027756377319946,
        1.595893166850463,
        1.6007810593582121,
        1.6153559979150107,
        1.7230060940112777,
        1.7897276329095442,
        1.620185174601965,
        1.4684175155588413,
        2.225561726845607,
        0.0,
        1.704772712123232,
        1.7455300054711176,
        1.571225636247067,
        1.704772712123232,
        1.7677669529663689,
        1.5761900266148114,
        2.1360009363293826,
        1.7001838135919305,
        1.6056540723331412,
        1.5258194519667128,
        1.5811388300841898,
        1.7809758560968758,
        1.8498310733685928,
        1.8833148966649205,
        1.5512092057488571,
        1.7275343701356567,
        1.9121323175972944,
        1.7230060940112777,
        1.6441183047457382,
        1.956559480312316,
        1.7275343701356567,
        2.2741756748325317
    ],
    [
        1.4142135623730951,
        1.125,
        1.0897247358851685,
        1.1726039399558574,
        1.1388041973930374,
        1.1524430571616109,
        1.0231690964840563,
        0.9762812094883317,
        1.192424001771182,
        1.541103500742244,
        1.0606601717798212,
        1.14564392373896,
        1.14564392373896,
        1.1524430571616109,
        1.0231690964840563,
        1.0532687216470449,
        1.0077822185373186,
        1.286953767623375,
        1.2054563451241194,
        1.2119199643540823,
        1.1989578808281798,
        1.25,
        1.2686114456365274,
        1.0680004681646913,
        1.0825317547305484,
        1.3806701271484076,
        1.2686114456365274,
        1.704772712123232,
        0.0,
        1.192424001771182,
        1.375,
        1.0606601717798212,
        1.165922381636102,
        1.14564392373896,
        1.1110243021644486,
        1.7940875118009154,
        1.352081728298996,
        1.3169567191065923,
        1.6909686573085854,
        1.0307764064044151,
        2.0155644370746373,
        1.0231690964840563,
        1.1858541225631423,
        1.2374368670764582,
        1.165922381636102,
        1.0680004681646913,
        1.159202311936963,
        1.0752906583803283,
        1.0825317547305484,
        1.2183492931011204
    ],
    [
        1.5811388300841898,
        1.2562344526401112,
        1.299038105676658,
        1.340475661845451,
        1.0968705484240153,
        1.243734296383275,
        1.1858541225631423,
        1.1989578808281798,
        1.2562344526401112,
        1.2930100540985752,
        1.2686114456365274,
        1.2183492931011204,
        1.0968705484240153,
        1.14564392373896,
        1.159202311936963,
        1.2054563451241194,
        1.2374368670764582,
        1.3806701271484076,
        1.14564392373896,
        1.352081728298996,
        1.3050383136138188,
        1.1388041973930374,
        1.3693063937629153,
        1.192424001771182,
        1.192424001771182,
        1.4415703243338496,
        1.4306903927824497,
        1.7455300054711176,
        1.192424001771182,
        0.0,
        1.2562344526401112,
