[
    [
        0.0,
        0.1307281291459493,
        0.7388494010960556,
        0.11048543456039805,
        0.10364452469860624,
        0.16755945773068137,
        0.08699631816921909,
        0.08267972847076846,
        0.07493486755176124,
        0.13710881855300192,
        0.11048543456039805,
        0.08267972847076846,
        0.10245997694221876,
        0.08838834764831845,
        0.07493486755176124,
        0.10597390598633231,
        0.1269381000724369,
        0.10004881620988826,
        0.09757809372497497,
        0.08414320011147662,
        0.09504316453590968,
        0.10737254233379324,
        0.09757809372497497,
        0.13258252147247765,
        0.13531646934131855,
        0.08699631816921909,
        0.12203515118604147,
        0.11899645477912357,
        0.10245997694221876,
        0.10481568644530265,
        0.0924387466109315,
        0.12203515118604147,
        0.12597277731716483,
        0.21986323874172325,
        0.13441133229754104,
        0.10126157341262282,
        0.10126157341262282,
        0.07967217989988726,
        0.09375,
        0.109375,
        0.1335000585205864,
        0.10597390598633231,
        0.11036260468967235,
        0.13531646934131855,
        0.10126157341262282,
        0.10597390598633231,
        0.17608480733726006,
        0.17044862679118303,
        0.17044862679118303
    ],
    [
        0.1307281291459493,
        0.0,
        0.6913952153074245,
        0.0625,
        0.08267972847076846,
        0.04419417382415922,
        0.08838834764831845,
        0.07967217989988726,
        0.07654655446197431,
        0.09375,
        0.07493486755176124,
        0.0855816496101822,
        0.07654655446197431,
        0.120017902310447,
        0.08838834764831845,
        0.07328774624724109,
        0.12979099785809492,
        0.08267972847076846,
        0.071602745233685,
        0.071602745233685,
        0.06442352540027595,
        0.06948783366732465,
        0.13258252147247765,
        0.06810779599282303,
        0.0855816496101822,
        0.11048543456039805,
        0.13975424859373686,
        0.06629126073623882,
        0.1137517170200081,
        0.06948783366732465,
        0.05846339666834283,
        0.13258252147247765,
        0.0625,
        0.07654655446197431,
        0.0855816496101822,
        0.06051536478449089,
        0.06987712429686843,
        0.08267972847076846,
        0.06051536478449089,
        0.1767766952966369,
        0.08414320011147662,
        0.05412658773652741,
        0.06073908223797187,
        0.08699631816921909,
        0.07493486755176124,
        0.046875,
        0.10481568644530265,
        0.0924387466109315,
        0.05633673867912483
    ],
    [
        0.7388494010960556,
        0.6913952153074245,
        0.0,
        0.7281987623581903,
        0.789796997256257,
        0.7423108450137315,
        0.6935106569116296,
        0.6606992034958117,
        0.7117526233706484,
        0.7778049040408527,
        0.7036456405748563,
        0.7223077707078888,
        0.749511559700716,
        0.8377972886534069,
        0.6547602137424051,
        0.7773339352395469,
        0.663096724185092,
        0.7001673907002525,
        0.6817945071647321,
        0.6618068307671053,
        0.6873224202475866,
        0.7168604389202189,
        0.5661772166247949,
        0.715174530709113,
        0.7641887037898427,
        0.639671546576835,
        0.6625442202223184,
        0.5958023739043006,
        0.6327642728536433,
        0.639247333023594,
        0.6465050270492876,
        0.6085731904422015,
        0.7067614298686651,
        0.7865445592908262,
        0.7683306783215155,
        0.671875,
        0.7657844221776778,
        0.7630697154421737,
        0.7426396648947591,
        0.5215099771337074,
        0.7928821535228296,
        0.7088310138883597,
        0.7292224681029179,
        0.7824990015968072,
        0.6773036500529138,
        0.6996441617886909,
        0.8186366810893585,
        0.7896424230308299,
        0.7514634160256906
    ],
    [
        0.11048543456039805,
        0.0625,
        0.7281987623581903,
        0.0,
        0.05412658773652741,
        0.05633673867912483,
        0.0855816496101822,
        0.0924387466109315,
        0.09110862335695782,
        0.07654655446197431,
        0.10597390598633231,
        0.0924387466109315,
        0.071602745233685,
        0.10245997694221876,
        0.10004881620988826,
        0.07493486755176124,
        0.15229366163764005,
        0.06442352540027595,
        0.071602745233685,
        0.10126157341262282,
        0.06442352540027595,
        0.02899877272307303,
        0.11267347735824966,
        0.08267972847076846,
        0.05182226234930312,
        0.09757809372497497,
        0.11267347735824966,
        0.10126157341262282,
        0.10245997694221876,
        0.07795119555779044,
        0.07654655446197431,
        0.1570293065800139,
        0.08267972847076846,
        0.08838834764831845,
        0.04419417382415922,
        0.078125,
        0.07654655446197431,
        0.071602745233685,
        0.04941058844013093,
        0.14657549249448218,
        0.0625,
        0.03125,
        0.048018460715067116,
        0.078125,
        0.05412658773652741,
        0.04941058844013093,
        0.07493486755176124,
        0.05633673867912483,
        0.07493486755176124
    ],
    [
        0.10364452469860624,
        0.08267972847076846,
        0.789796997256257,
        0.05412658773652741,
        0.0,
        0.06051536478449089,
        0.06987712429686843,
        0.07328774624724109,
        0.06810779599282303,
        0.08267972847076846,
        0.07967217989988726,
        0.06629126073623882,
        0.05846339666834283,
        0.08699631816921909,
        0.08267972847076846,
        0.06051536478449089,
        0.11587810136086973,
        0.04941058844013093,
        0.04941058844013093,
        0.07328774624724109,
        0.06051536478449089,
        0.06271663843120986,
        0.1307281291459493,
        0.05633673867912483,
        0.06810779599282303,
        0.0855816496101822,
        0.10597390598633231,
        0.09504316453590968,
        0.09375,
        0.05285881023485531,
        0.05633673867912483,
        0.12597277731716483,
        0.05846339666834283,
        0.08838834764831845,
        0.05846339666834283,
        0.06629126073623882,
        0.046875,
        0.06810779599282303,
        0.04941058844013093,
        0.1887975933374152,
        0.05633673867912483,
        0.04419417382415922,
        0.05129613438435471,
        0.06629126073623882,
        0.05182226234930312,
        0.04133986423538423,
        0.08118988160479113,
        0.06987712429686843,
        0.07654655446197431
    ],
    [
        0.16755945773068137,
        0.04419417382415922,
        0.7423108450137315,
        0.05633673867912483,
        0.06051536478449089,
        0.0,
        0.09375,
        0.11899645477912357,
        0.0924387466109315,
        0.03125,
        0.08699631816921909,
        0.08838834764831845,
        0.05633673867912483,
        0.11481983169296148,
        0.120017902310447,
        0.04941058844013093,
        0.15934435979977452,
        0.08414320011147662,
        0.08838834764831845,
        0.08838834764831845,
        0.08838834764831845,
        0.057291666666666664,
        0.17469281074217108,
        0.05412658773652741,
        0.027063293868263706,
        0.13531646934131855,
        0.16755945773068137,
        0.10245997694221876,
        0.13531646934131855,
        0.09518576501300555,
        0.06987712429686843,
        0.15388840315306412,
        0.05412658773652741,
        0.03125,
        0.03125,
        0.071602745233685,
        0.05182226234930312,
        0.07654655446197431,
        0.0855816496101822,
        0.21986323874172325,
        0.03125,
        0.04133986423538423,
        0.08333333333333333,
        0.03125,
        0.08838834764831845,
        0.05182226234930312,
        0.03125,
        0.03125,
        0.027063293868263706
    ],
    [
        0.08699631816921909,
        0.08838834764831845,
        0.6935106569116296,
        0.0855816496101822,
        0.06987712429686843,
        0.09375,
        0.0,
        0.06987712429686843,
        0.07493486755176124,
        0.09375,
        0.08414320011147662,
        0.06810779599282303,
        0.06442352540027595,
        0.06442352540027595,
        0.06987712429686843,
        0.07654655446197431,
        0.11267347735824966,
        0.06051536478449089,
        0.0625,
        0.08118988160479113,
        0.06987712429686843,
        0.0782984186373589,
        0.07654655446197431,
        0.0897587913521567,
        0.0924387466109315,
        0.08838834764831845,
        0.0924387466109315,
        0.0897587913521567,
        0.05846339666834283,
        0.07457198470456435,
        0.04419417382415922,
        0.109375,
        0.07654655446197431,
        0.12103072956898178,
        0.08267972847076846,
        0.07967217989988726,
        0.06629126073623882,
        0.06629126073623882,
        0.071602745233685,
        0.1269381000724369,
        0.08267972847076846,
        0.071602745233685,
        0.07122288714154866,
        0.09375,
        0.06987712429686843,
        0.06810779599282303,
        0.10597390598633231,
        0.09882117688026186,
        0.10597390598633231
    ],
    [
        0.08267972847076846,
        0.07967217989988726,
        0.6606992034958117,
        0.0924387466109315,
        0.07328774624724109,
        0.11899645477912357,
        0.06987712429686843,
        0.0,
        0.07328774624724109,
        0.13441133229754104,
        0.0924387466109315,
        0.08838834764831845,
        0.0855816496101822,
        0.09882117688026186,
        0.06051536478449089,
        0.09110862335695782,
        0.08414320011147662,
        0.078125,
        0.06051536478449089,
        0.06442352540027595,
        0.06051536478449089,
        0.10259226876870943,
        0.06442352540027595,
        0.06987712429686843,
        0.11048543456039805,
        0.0855816496101822,
        0.10597390598633231,
        0.0625,
        0.09504316453590968,
        0.04540519732854868,
        0.0625,
        0.0924387466109315,
        0.07654655446197431,
        0.16387638252658618,
        0.12303137303143455,
        0.08267972847076846,
        0.07654655446197431,
        0.0897587913521567,
        0.06442352540027595,
        0.08414320011147662,
        0.11587810136086973,
        0.09110862335695782,
        0.06770833333333333,
        0.11267347735824966,
        0.06629126073623882,
        0.07967217989988726,
        0.15780476466190746,
        0.13531646934131855,
        0.1307281291459493
    ],
    [
        0.07493486755176124,
        0.07654655446197431,
        0.7117526233706484,
        0.09110862335695782,
        0.06810779599282303,
        0.0924387466109315,
        0.07493486755176124,
        0.07328774624724109,
        0.0,
        0.11158481919598204,
        0.071602745233685,
        0.05846339666834283,
        0.06810779599282303,
        0.08118988160479113,
        0.046875,
        0.06442352540027595,
        0.10481568644530265,
        0.078125,
        0.07493486755176124,
        0.04419417382415922,
        0.08118988160479113,
        0.09258535851370404,
        0.10597390598633231,
        0.06051536478449089,
        0.08267972847076846,
        0.10004881620988826,
        0.13258252147247765,
        0.08414320011147662,
        0.08699631816921909,
        0.07475364632503814,
        0.0625,
        0.10481568644530265,
        0.06051536478449089,
        0.13258252147247765,
        0.09882117688026186,
        0.05846339666834283,
        0.05182226234930312,
        0.071602745233685,
        0.06442352540027595,
        0.14149039278339715,
        0.08838834764831845,
        0.08414320011147662,
        0.0891523060865817,
        0.08118988160479113,
        0.07328774624724109,
        0.07654655446197431,
        0.11899645477912357,
        0.10597390598633231,
        0.09631896879639025
    ],
    [
        0.13710881855300192,
        0.09375,
        0.7778049040408527,
        0.07654655446197431,
        0.08267972847076846,
        0.03125,
        0.09375,
        0.13441133229754104,
        0.11158481919598204,
        0.0,
        0.11158481919598204,
        0.0855816496101822,
        0.0625,
        0.11158481919598204,
        0.11796616305110547,
        0.04941058844013093,
        0.18814991529362962,
        0.09757809372497497,
        0.109375,
        0.109375,
        0.11267347735824966,
        0.07179192058380324,
        0.17399263633843817,
        0.08118988160479113,
        0.02209708691207961,
        0.12979099785809492,
        0.16237976320958225,
        0.14490028899212037,
        0.1288470508005519,
        0.13020833333333334,
        0.07967217989988726,
        0.16828640022295324,
        0.06987712429686843,
        0.03125,
        0.038273277230987154,
        0.05182226234930312,
        0.0625,
        0.08414320011147662,
        0.09882117688026186,
        0.22480460265528374,
        0.034938562148434216,
        0.05412658773652741,
        0.11458333333333333,
        0.027063293868263706,
        0.10126157341262282,
        0.05633673867912483,
        0.015625,
        0.027063293868263706,
        0.015625
    ],
    [
        0.11048543456039805,
        0.07493486755176124,
        0.7036456405748563,
        0.10597390598633231,
        0.07967217989988726,
        0.08699631816921909,
        0.08414320011147662,
        0.0924387466109315,
        0.071602745233685,
        0.11158481919598204,
        0.0,
        0.05846339666834283,
        0.05182226234930312,
        0.09757809372497497,
        0.07328774624724109,
        0.06810779599282303,
        0.07967217989988726,
        0.09375,
        0.08118988160479113,
        0.06442352540027595,
        0.08267972847076846,
        0.10139542882256138,
        0.10004881620988826,
        0.05633673867912483,
        0.09882117688026186,
        0.120017902310447,
        0.0897587913521567,
        0.06629126073623882,
        0.12103072956898178,
        0.07420732733736983,
        0.05846339666834283,
        0.07967217989988726,
        0.0625,
        0.12401959270615269,
        0.09757809372497497,
        0.05633673867912483,
        0.05633673867912483,
        0.07654655446197431,
        0.08414320011147662,
        0.12979099785809492,
        0.08118988160479113,
        0.08838834764831845,
        0.09273173861856694,
        0.07967217989988726,
        0.09631896879639025,
        0.071602745233685,
        0.11692679333668567,
        0.10597390598633231,
        0.09882117688026186
    ],
    [
        0.08267972847076846,
        0.0855816496101822,
        0.7223077707078888,
        0.0924387466109315,
        0.06629126073623882,
        0.08838834764831845,
        0.06810779599282303,
        0.08838834764831845,
        0.05846339666834283,
        0.0855816496101822,
        0.05846339666834283,
        0.0,
        0.05412658773652741,
        0.08838834764831845,
        0.06629126073623882,
        0.06629126073623882,
        0.10825317547305482,
        0.08414320011147662,
        0.07493486755176124,
        0.06629126073623882,
        0.08118988160479113,
        0.08573998767267879,
        0.10004881620988826,
        0.08414320011147662,
        0.08838834764831845,
        0.11048543456039805,
        0.0924387466109315,
        0.09110862335695782,
        0.09631896879639025,
        0.0760131224964918,
        0.06051536478449089,
        0.10711960313126631,
        0.06987712429686843,
        0.11899645477912357,
        0.08414320011147662,
        0.04941058844013093,
        0.04941058844013093,
        0.0625,
        0.06810779599282303,
        0.13799626353637262,
        0.071602745233685,
        0.07328774624724109,
        0.09199750902424839,
        0.071602745233685,
        0.08118988160479113,
        0.071602745233685,
        0.09504316453590968,
        0.09375,
        0.09504316453590968
    ],
    [
        0.10245997694221876,
        0.07654655446197431,
        0.749511559700716,
        0.071602745233685,
        0.05846339666834283,
        0.05633673867912483,
        0.06442352540027595,
        0.0855816496101822,
        0.06810779599282303,
        0.0625,
        0.05182226234930312,
        0.05412658773652741,
        0.0,
        0.09375,
        0.06442352540027595,
        0.04941058844013093,
        0.125,
        0.071602745233685,
        0.06442352540027595,
        0.06051536478449089,
        0.06051536478449089,
        0.08333333333333333,
        0.12401959270615269,
        0.0625,
        0.0625,
        0.09882117688026186,
        0.13531646934131855,
        0.10364452469860624,
        0.10126157341262282,
        0.0782984186373589,
        0.06810779599282303,
        0.11692679333668567,
        0.06051536478449089,
        0.08267972847076846,
        0.06051536478449089,
        0.046875,
        0.04419417382415922,
        0.04133986423538423,
        0.08414320011147662,
        0.15934435979977452,
        0.04133986423538423,
        0.06051536478449089,
        0.08035025323198704,
        0.04419417382415922,
        0.07967217989988726,
        0.06810779599282303,
        0.071602745233685,
        0.06629126073623882,
        0.06442352540027595
    ],
    [
        0.08838834764831845,
        0.120017902310447,
        0.8377972886534069,
        0.10245997694221876,
        0.08699631816921909,
        0.11481983169296148,
        0.06442352540027595,
        0.09882117688026186,
        0.08118988160479113,
        0.11158481919598204,
        0.09757809372497497,
        0.08838834764831845,
        0.09375,
        0.0,
        0.08267972847076846,
        0.08699631816921909,
        0.10126157341262282,
        0.08118988160479113,
        0.0855816496101822,
        0.09882117688026186,
        0.08838834764831845,
        0.10259226876870943,
        0.10481568644530265,
        0.10597390598633231,
        0.10711960313126631,
        0.0855816496101822,
        0.11158481919598204,
        0.11587810136086973,
        0.08699631816921909,
        0.09302380780985287,
        0.071602745233685,
        0.10825317547305482,
        0.08699631816921909,
        0.15546678704790937,
        0.10711960313126631,
        0.08267972847076846,
        0.08267972847076846,
        0.0897587913521567,
        0.0855816496101822,
        0.16237976320958225,
        0.09757809372497497,
        0.09375,
        0.09214482298413611,
        0.10364452469860624,
        0.08118988160479113,
        0.0855816496101822,
        0.1269381000724369,
        0.12303137303143455,
        0.1269381000724369
    ],
    [
        0.07493486755176124,
        0.08838834764831845,
        0.6547602137424051,
        0.10004881620988826,
        0.08267972847076846,
        0.120017902310447,
        0.06987712429686843,
        0.06051536478449089,
        0.046875,
        0.11796616305110547,
        0.07328774624724109,
        0.06629126073623882,
        0.06442352540027595,
        0.08267972847076846,
        0.0,
        0.07328774624724109,
        0.0855816496101822,
        0.0855816496101822,
        0.06810779599282303,
        0.046875,
        0.06442352540027595,
        0.10673907047874581,
        0.071602745233685,
        0.07328774624724109,
        0.1137517170200081,
        0.08414320011147662,
        0.10711960313126631,
        0.078125,
        0.09882117688026186,
        0.06463371690620237,
        0.046875,
        0.09375,
        0.06987712429686843,
        0.15934435979977452,
        0.11048543456039805,
        0.06810779599282303,
        0.06442352540027595,
        0.08118988160479113,
        0.07493486755176124,
        0.09504316453590968,
        0.10364452469860624,
        0.09631896879639025,
        0.08900003901372427,
        0.10481568644530265,
        0.08838834764831845,
        0.0855816496101822,
        0.13887803777055607,
        0.13621559198564606,
        0.12597277731716483
    ],
    [
        0.10597390598633231,
        0.07328774624724109,
        0.7773339352395469,
        0.07493486755176124,
        0.06051536478449089,
        0.04941058844013093,
        0.07654655446197431,
        0.09110862335695782,
        0.06442352540027595,
        0.04941058844013093,
        0.06810779599282303,
        0.06629126073623882,
        0.04941058844013093,
        0.08699631816921909,
        0.07328774624724109,
        0.0,
        0.12597277731716483,
        0.078125,
        0.078125,
        0.06442352540027595,
        0.0855816496101822,
        0.07511565157216643,
        0.14490028899212037,
        0.05182226234930312,
        0.04419417382415922,
        0.11587810136086973,
        0.1616262567623219,
        0.10364452469860624,
        0.11267347735824966,
        0.090361206108841,
        0.06987712429686843,
        0.12203515118604147,
        0.05182226234930312,
        0.07967217989988726,
        0.05846339666834283,
        0.04133986423538423,
        0.04419417382415922,
        0.06987712429686843,
        0.08267972847076846,
        0.184877493221863,
        0.04941058844013093,
        0.05846339666834283,
        0.08382019239287021,
        0.04419417382415922,
        0.08838834764831845,
        0.06051536478449089,
        0.05182226234930312,
        0.05182226234930312,
        0.05182226234930312
    ],
    [
        0.1269381000724369,
        0.12979099785809492,
        0.663096724185092,
        0.15229366163764005,
        0.11587810136086973,
        0.15934435979977452,
        0.11267347735824966,
        0.08414320011147662,
        0.10481568644530265,
        0.18814991529362962,
        0.07967217989988726,
        0.10825317547305482,
        0.125,
        0.10126157341262282,
        0.0855816496101822,
        0.12597277731716483,
        0.0,
        0.1288470508005519,
        0.10004881620988826,
        0.08118988160479113,
        0.10711960313126631,
        0.1542405509891755,
        0.08414320011147662,
        0.0924387466109315,
        0.15780476466190746,
        0.1316585902058806,
        0.1137517170200081,
        0.08267972847076846,
        0.12979099785809492,
        0.09302380780985287,
        0.08118988160479113,
        0.0625,
        0.08118988160479113,
        0.203125,
        0.16535945694153692,
        0.12103072956898178,
        0.09757809372497497,
        0.13975424859373686,
        0.1137517170200081,
        0.11481983169296148,
        0.15467960838455727,
        0.140625,
        0.12046909902312893,
        0.15625,
        0.1269381000724369,
        0.1288470508005519,
        0.19327057620082783,
        0.1767766952966369,
        0.1711632992203644
    ],
    [
        0.10004881620988826,
        0.08267972847076846,
        0.7001673907002525,
        0.06442352540027595,
        0.04941058844013093,
        0.08414320011147662,
        0.06051536478449089,
        0.078125,
        0.078125,
        0.09757809372497497,
        0.09375,
        0.08414320011147662,
        0.071602745233685,
        0.08118988160479113,
        0.0855816496101822,
        0.078125,
        0.1288470508005519,
        0.0,
        0.04941058844013093,
        0.08267972847076846,
        0.06987712429686843,
        0.06336210969060646,
        0.10004881620988826,
        0.07493486755176124,
        0.07493486755176124,
        0.06442352540027595,
        0.10126157341262282,
        0.0897587913521567,
        0.08267972847076846,
        0.058694935779086695,
        0.06987712429686843,
        0.12789613706050704,
        0.07328774624724109,
        0.11267347735824966,
        0.07493486755176124,
        0.08838834764831845,
        0.071602745233685,
        0.06810779599282303,
        0.06629126073623882,
        0.13531646934131855,
        0.08118988160479113,
        0.0625,
        0.0551198189805123,
        0.08838834764831845,
        0.034938562148434216,
        0.05633673867912483,
        0.10364452469860624,
        0.0855816496101822,
        0.09375
    ],
    [
        0.09757809372497497,
        0.071602745233685,
        0.6817945071647321,
        0.071602745233685,
        0.04941058844013093,
        0.08838834764831845,
        0.0625,
        0.06051536478449089,
        0.07493486755176124,
        0.109375,
        0.08118988160479113,
        0.07493486755176124,
        0.06442352540027595,
        0.0855816496101822,
        0.06810779599282303,
        0.078125,
        0.10004881620988826,
        0.04941058844013093,
        0.0,
        0.071602745233685,
        0.04941058844013093,
        0.0788163851584456,
        0.09375,
        0.07328774624724109,
        0.0897587913521567,
        0.06810779599282303,
        0.0855816496101822,
        0.071602745233685,
        0.08267972847076846,
        0.04450001950686214,
        0.06629126073623882,
        0.11158481919598204,
        0.06442352540027595,
        0.12597277731716483,
        0.08699631816921909,
        0.07654655446197431,
        0.0625,
        0.071602745233685,
        0.05182226234930312,
        0.13710881855300192,
        0.08118988160479113,
        0.06629126073623882,
        0.048018460715067116,
        0.09110862335695782,
        0.038273277230987154,
        0.05182226234930312,
        0.11481983169296148,
        0.10245997694221876,
        0.10364452469860624
    ],
    [
        0.08414320011147662,
        0.071602745233685,
        0.6618068307671053,
        0.10126157341262282,
        0.07328774624724109,
        0.08838834764831845,
        0.08118988160479113,
        0.06442352540027595,
        0.04419417382415922,
        0.109375,
        0.06442352540027595,
        0.06629126073623882,
        0.06051536478449089,
        0.09882117688026186,
        0.046875,
        0.06442352540027595,
        0.08118988160479113,
        0.08267972847076846,
        0.071602745233685,
        0.0,
        0.07967217989988726,
        0.10494500874796814,
        0.09375,
        0.05412658773652741,
        0.08118988160479113,
        0.10364452469860624,
        0.13441133229754104,
        0.078125,
        0.10126157341262282,
        0.06336210969060645,
        0.06810779599282303,
        0.07967217989988726,
        0.05633673867912483,
        0.12203515118604147,
        0.09882117688026186,
        0.05182226234930312,
        0.04941058844013093,
        0.071602745233685,
        0.08414320011147662,
        0.11796616305110547,
        0.08838834764831845,
        0.08699631816921909,
        0.08668394258902727,
        0.07328774624724109,
        0.09757809372497497,
        0.078125,
        0.120017902310447,
        0.10364452469860624,
        0.0924387466109315
    ],
    [
        0.09504316453590968,
        0.06442352540027595,
        0.6873224202475866,
        0.06442352540027595,
        0.06051536478449089,
        0.08838834764831845,
        0.06987712429686843,
        0.06051536478449089,
        0.08118988160479113,
        0.11267347735824966,
        0.08267972847076846,
        0.08118988160479113,
        0.06051536478449089,
        0.08838834764831845,
        0.06442352540027595,
        0.0855816496101822,
        0.10711960313126631,
        0.06987712429686843,
        0.04941058844013093,
        0.07967217989988726,
        0.0,
        0.08185538357032142,
        0.08699631816921909,
        0.071602745233685,
        0.09375,
        0.071602745233685,
        0.08414320011147662,
        0.06629126073623882,
        0.09375,
        0.056095466740984416,
        0.06051536478449089,
        0.120017902310447,
        0.06987712429686843,
        0.12979099785809492,
        0.08838834764831845,
        0.07493486755176124,
        0.06051536478449089,
        0.071602745233685,
        0.05182226234930312,
        0.12979099785809492,
        0.08267972847076846,
        0.06629126073623882,
        0.05049666518142009,
        0.0924387466109315,
        0.05412658773652741,
        0.05412658773652741,
        0.12203515118604147,
        0.10597390598633231,
        0.10711960313126631
    ],
    [
        0.10737254233379324,
        0.06948783366732465,
        0.7168604389202189,
        0.02899877272307303,
        0.06271663843120986,
        0.057291666666666664,
        0.0782984186373589,
        0.10259226876870943,
        0.09258535851370404,
        0.07179192058380324,
        0.10139542882256138,
        0.08573998767267879,
        0.08333333333333333,
        0.10259226876870943,
        0.10673907047874581,
        0.07511565157216643,
        0.1542405509891755,
        0.06336210969060646,
        0.0788163851584456,
        0.10494500874796814,
        0.08185538357032142,
        0.0,
        0.12989545743062422,
        0.086213257068994,
        0.048018460715067116,
        0.1045565619785663,
        0.12543327686241973,
        0.11493789838913496,
        0.10232751408535677,
        0.08637043724883854,
        0.07457198470456435,
        0.15318167885263273,
        0.0818553835703214,
        0.08430423987624294,
        0.037557825786083215,
        0.0700709585785089,
        0.0788163851584456,
        0.0761913481162906,
        0.059612099699268735,
        0.1647842918703789,
        0.05938413672391343,
        0.022702598664274338,
        0.06770833333333333,
        0.07672354095133456,
        0.0504966651814201,
        0.035324635328777436,
        0.07347258322742647,
        0.0551198189805123,
        0.07347258322742647
    ],
    [
        0.09757809372497497,
        0.13258252147247765,
        0.5661772166247949,
        0.11267347735824966,
        0.1307281291459493,
        0.17469281074217108,
        0.07654655446197431,
        0.06442352540027595,
        0.10597390598633231,
        0.17399263633843817,
        0.10004881620988826,
        0.10004881620988826,
        0.12401959270615269,
        0.10481568644530265,
        0.071602745233685,
        0.14490028899212037,
        0.08414320011147662,
        0.10004881620988826,
        0.09375,
        0.09375,
        0.08699631816921909,
        0.12989545743062422,
        0.0,
        0.1316585902058806,
        0.1788362990978062,
        0.10245997694221876,
        0.09882117688026186,
        0.08699631816921909,
        0.07328774624724109,
        0.07291666666666666,
        0.09110862335695782,
        0.08414320011147662,
        0.12203515118604147,
        0.21650635094610965,
        0.16535945694153692,
        0.10711960313126631,
        0.12789613706050704,
        0.11587810136086973,
        0.09631896879639025,
        0.071602745233685,
        0.16973094517500337,
        0.12401959270615269,
        0.09645968321589654,
        0.18288593610499415,
        0.10245997694221876,
        0.1137517170200081,
        0.20432338797846908,
        0.19578068884596356,
        0.18421603316486868
    ],
    [
        0.13258252147247765,
        0.06810779599282303,
        0.715174530709113,
        0.08267972847076846,
        0.05633673867912483,
        0.05412658773652741,
        0.0897587913521567,
        0.06987712429686843,
        0.06051536478449089,
        0.08118988160479113,
        0.05633673867912483,
        0.08414320011147662,
        0.0625,
        0.10597390598633231,
        0.07328774624724109,
        0.05182226234930312,
        0.0924387466109315,
        0.07493486755176124,
        0.07328774624724109,
        0.05412658773652741,
        0.071602745233685,
        0.086213257068994,
        0.1316585902058806,
        0.0,
        0.071602745233685,
        0.10711960313126631,
        0.15068204314051492,
        0.06810779599282303,
        0.11796616305110547,
        0.05657698172500112,
        0.06629126073623882,
        0.10004881620988826,
        0.03125,
        0.08118988160479113,
        0.06810779599282303,
        0.06629126073623882,
        0.046875,
        0.08699631816921909,
        0.08267972847076846,
        0.14986973510352247,
        0.05633673867912483,
        0.06442352540027595,
        0.08035025323198704,
        0.05633673867912483,
        0.0924387466109315,
        0.05412658773652741,
        0.078125,
        0.078125,
        0.06987712429686843
    ],
    [
        0.13531646934131855,
        0.0855816496101822,
        0.7641887037898427,
        0.05182226234930312,
        0.06810779599282303,
        0.027063293868263706,
        0.0924387466109315,
        0.11048543456039805,
        0.08267972847076846,
        0.02209708691207961,
        0.09882117688026186,
        0.08838834764831845,
        0.0625,
        0.10711960313126631,
        0.1137517170200081,
        0.04419417382415922,
        0.15780476466190746,
        0.07493486755176124,
        0.0897587913521567,
        0.08118988160479113,
        0.09375,
        0.048018460715067116,
        0.1788362990978062,
        0.071602745233685,
        0.0,
        0.11481983169296148,
        0.1767766952966369,
        0.1307281291459493,
        0.120017902310447,
        0.09518576501300555,
        0.08699631816921909,
        0.14986973510352247,
        0.06629126073623882,
        0.038273277230987154,
        0.027063293868263706,
        0.05633673867912483,
        0.0625,
        0.07328774624724109,
        0.08699631816921909,
        0.21930732574403436,
        0.034938562148434216,
        0.034938562148434216,
        0.0847855239380193,
        0.034938562148434216,
        0.08118988160479113,
        0.046875,
        0.02209708691207961,
        0.02209708691207961,
        0.02209708691207961
    ],
    [
        0.08699631816921909,
        0.11048543456039805,
        0.639671546576835,
        0.09757809372497497,
        0.0855816496101822,
        0.13531646934131855,
        0.08838834764831845,
        0.0855816496101822,
        0.10004881620988826,
        0.12979099785809492,
        0.120017902310447,
        0.11048543456039805,
        0.09882117688026186,
        0.0855816496101822,
        0.08414320011147662,
        0.11587810136086973,
        0.1316585902058806,
        0.06442352540027595,
        0.06810779599282303,
        0.10364452469860624,
        0.071602745233685,
        0.1045565619785663,
        0.10245997694221876,
        0.10711960313126631,
        0.11481983169296148,
        0.0,
        0.11048543456039805,
        0.10004881620988826,
        0.09375,
        0.06588078458684124,
        0.09110862335695782,
        0.1307281291459493,
        0.10481568644530265,
        0.17258376589355096,
        0.11692679333668567,
        0.10825317547305482,
        0.10126157341262282,
        0.0855816496101822,
        0.08838834764831845,
        0.12303137303143455,
        0.11692679333668567,
        0.10126157341262282,
        0.08135676745736098,
        0.12303137303143455,
        0.06810779599282303,
        0.09882117688026186,
        0.15068204314051492,
        0.13710881855300192,
        0.14405538214520136
    ],
    [
        0.12203515118604147,
        0.13975424859373686,
        0.6625442202223184,
        0.11267347735824966,
        0.10597390598633231,
        0.16755945773068137,
        0.0924387466109315,
        0.10597390598633231,
        0.13258252147247765,
        0.16237976320958225,
        0.0897587913521567,
        0.0924387466109315,
        0.13531646934131855,
        0.11158481919598204,
        0.10711960313126631,
        0.1616262567623219,
        0.1137517170200081,
        0.10126157341262282,
        0.0855816496101822,
        0.13441133229754104,
        0.08414320011147662,
        0.12543327686241973,
        0.09882117688026186,
        0.15068204314051492,
        0.1767766952966369,
        0.11048543456039805,
        0.0,
        0.10825317547305482,
        0.12789613706050704,
        0.08823476221925737,
        0.07967217989988726,
        0.12597277731716483,
        0.14740595518838442,
        0.2096313728906053,
        0.14823176532039278,
        0.10711960313126631,
        0.12401959270615269,
        0.13258252147247765,
        0.09375,
        0.11899645477912357,
        0.16755945773068137,
        0.11481983169296148,
        0.08051887934239743,
        0.19764235376052372,
        0.10711960313126631,
        0.10711960313126631,
        0.1907274314958391,
        0.17746588580625855,
        0.19008632907181935
    ],
    [
        0.11899645477912357,
        0.06629126073623882,
        0.5958023739043006,
        0.10126157341262282,
        0.09504316453590968,
        0.10245997694221876,
        0.0897587913521567,
        0.0625,
        0.08414320011147662,
        0.14490028899212037,
        0.06629126073623882,
        0.09110862335695782,
        0.10364452469860624,
        0.11587810136086973,
        0.078125,
        0.10364452469860624,
        0.08267972847076846,
        0.0897587913521567,
        0.071602745233685,
        0.078125,
        0.06629126073623882,
        0.11493789838913496,
        0.08699631816921909,
        0.06810779599282303,
        0.1307281291459493,
        0.10004881620988826,
        0.10825317547305482,
        0.0,
        0.11048543456039805,
        0.05285881023485531,
        0.046875,
        0.10364452469860624,
        0.0625,
        0.13441133229754104,
        0.12979099785809492,
        0.09110862335695782,
        0.08267972847076846,
        0.12103072956898178,
        0.071602745233685,
        0.10004881620988826,
        0.12401959270615269,
        0.10126157341262282,
        0.07619134811629058,
        0.1288470508005519,
        0.08838834764831845,
        0.078125,
        0.15229366163764005,
        0.14235052467412967,
        0.11796616305110547
    ],
    [
        0.10245997694221876,
        0.1137517170200081,
        0.6327642728536433,
        0.10245997694221876,
        0.09375,
        0.13531646934131855,
        0.05846339666834283,
        0.09504316453590968,
        0.08699631816921909,
        0.1288470508005519,
        0.12103072956898178,
        0.09631896879639025,
        0.10126157341262282,
        0.08699631816921909,
        0.09882117688026186,
        0.11267347735824966,
        0.12979099785809492,
        0.08267972847076846,
        0.08267972847076846,
        0.10126157341262282,
        0.09375,
        0.10232751408535677,
        0.07328774624724109,
        0.11796616305110547,
        0.120017902310447,
        0.09375,
        0.12789613706050704,
        0.11048543456039805,
        0.0,
        0.0858980338670346,
        0.0924387466109315,
        0.11267347735824966,
        0.11796616305110547,
        0.1690102160373745,
        0.120017902310447,
        0.10004881620988826,
        0.11267347735824966,
        0.06987712429686843,
        0.0924387466109315,
        0.10245997694221876,
        0.12303137303143455,
        0.10245997694221876,
        0.09991315673568166,
        0.1335000585205864,
        0.071602745233685,
        0.10004881620988826,
        0.15467960838455727,
        0.13710881855300192,
        0.14823176532039278
    ],
    [
        0.10481568644530265,
        0.06948783366732465,
        0.639247333023594,
        0.07795119555779044,
        0.05285881023485531,
        0.09518576501300555,
        0.07457198470456435,
        0.04540519732854868,
        0.07475364632503814,
        0.13020833333333334,
        0.07420732733736983,
        0.0760131224964918,
        0.0782984186373589,
        0.09302380780985287,
        0.06463371690620237,
        0.090361206108841,
