[
    [
        0.0,
        1.0236018615531415,
        0.2719918966379967,
        1.8158176884123087,
        0.47915742374995496,
        0.5203143672976238,
        0.2879377767249482,
        0.5867852191594777,
        0.8764565137005733,
        0.6870337008636832,
        0.25,
        0.8033729913715709,
        0.6288148879163932,
        0.5333997620194904,
        0.9256478701924598,
        0.7504250496232391,
        0.5267100429911652,
        0.9902264737865552,
        0.6034551874541357,
        0.626019576534218,
        0.6768723506971769,
        0.7412327707327593,
        0.43366680000207103,
        1.07662430678449,
        0.4727929391026331,
        0.2564474724430892,
        0.784857035958412,
        0.9394584607881744,
        0.7094119438820078,
        0.7184649562950418,
        0.6652301700451672,
        0.549234160686775,
        0.8953536526229767,
        0.48903799777246976,
        0.01785714285714285,
        0.3114728015773592,
        0.6514798695340964,
        0.9924780879707324,
        0.590576988324403,
        0.7838406592786075,
        1.0751423731064556,
        0.4867504703728218,
        0.39649291627097355,
        0.6771078619314226,
        0.3114728015773592,
        0.676689118624872,
        0.5348206832811406,
        0.18982403237026158,
        0.2593899829702491,
        0.3783860732217338
    ],
    [
        1.0236018615531415,
        0.0,
        0.8789592962387077,
        1.3623152270226513,
        0.7083333333333334,
        0.7371585838730889,
        0.8640183897219884,
        0.7614861201040444,
        0.7083333333333334,
        0.6303658549692481,
        0.9606043779699616,
        0.8640183897219884,
        0.7371585838730889,
        0.7227455369015509,
        0.8014743359029727,
        0.6238367860273286,
        0.689706056551952,
        0.6052432935972479,
        0.7156485015549029,
        0.6782841915041544,
        0.6934715407122183,
        0.7817359599705717,
        0.7716774657271723,
        0.7511565157216644,
        0.8079466429027216,
        0.8425325578938246,
        0.6859199013814303,
        0.7476816018719317,
        0.7440504761849904,
        0.6744339190099435,
        0.8270597183866336,
        0.8175590362645243,
        0.7264831572567789,
        0.798218502527834,
        1.024017143953709,
        0.8699058058842412,
        0.8207381501496754,
        1.0785149254620654,
        0.7156485015549029,
        0.6588078458684123,
        0.7694243880258078,
        0.8579691784155834,
        0.7300589778306347,
        0.6346477588219923,
        0.7849274559544411,
        0.7046472718869902,
        0.7580585582775105,
        0.9583333333333334,
        0.8907315969346646,
        1.0008676791220261
    ],
    [
        0.2719918966379967,
        0.8789592962387077,
        0.0,
        1.5612494995995996,
        0.375,
        0.46770717334674267,
        0.2795084971874737,
        0.44095855184409843,
        0.7288689868556626,
        0.5612486080160912,
        0.2719918966379967,
        0.75,
        0.5448623679425842,
        0.41758232721225164,
        0.739509972887452,
        0.5601566836199329,
        0.4330127018922193,
        0.82915619758885,
        0.5,
        0.5,
        0.5068968775248516,
        0.5590169943749475,
        0.31732387941099616,
        0.875,
        0.45069390943299864,
        0.1346291201783626,
        0.6305310812675649,
        0.8047169964928319,
        0.5471517157059822,
        0.5368374469468802,
        0.5368374469468802,
        0.4841229182759271,
        0.6959705453537527,
        0.46770717334674267,
        0.2795084971874737,
        0.18371173070873836,
        0.4330127018922193,
        0.8569568250501305,
        0.4039733214513608,
        0.6666666666666666,
        0.8477912478906585,
        0.3535533905932738,
        0.3535533905932738,
        0.5220818369225695,
        0.22220486043288973,
        0.5590169943749475,
        0.4330127018922193,
        0.30618621784789724,
        0.25,
        0.30618621784789724
    ],
    [
        1.8158176884123087,
        1.3623152270226513,
        1.5612494995995996,
        0.0,
        1.6105123408406408,
        1.625,
        1.9605483926697653,
        1.4355360980793512,
        1.4630874888399532,
        1.4133294025102565,
        1.55305820751135,
        1.6583123951777,
        1.5662455107677085,
        1.417524250233483,
        1.3693063937629153,
        1.4125214464689355,
        1.4842927608797396,
        1.2119199643540823,
        1.541103500742244,
        1.4577379737113252,
        1.4760824653265294,
        1.4415703243338496,
        1.547847968417226,
        1.1989578808281798,
        1.6770509831248424,
        1.6201851746019655,
        1.2617503274772268,
        1.464273615900465,
        1.3055171389146907,
        1.4246100831065631,
        1.506352290210435,
        1.5258194519667128,
        1.352081728298996,
        1.6770509831248424,
        1.9080421903092184,
        1.4928998626833616,
        1.5461646096066226,
        1.6441183047457382,
        1.5833333333333335,
        1.4385563751360058,
        1.2054563451241194,
        1.8540496217739157,
        1.6056540723331412,
        1.4749058350356548,
        1.6298006013006627,
        1.5,
        1.541103500742244,
        2.0077973005261263,
        1.9525624189766635,
        1.9121323175972944
    ],
    [
        0.47915742374995496,
        0.7083333333333334,
        0.375,
        1.6105123408406408,
        0.0,
        0.2795084971874737,
        0.3535533905932738,
        0.377307714089059,
        0.649519052838329,
        0.4394598957811736,
        0.41496250137936613,
        0.5863019699779287,
        0.375,
        0.14577379737113252,
        0.7071067811865476,
        0.46187561272777006,
        0.30618621784789724,
        0.673145600891813,
        0.25,
        0.30618621784789724,
        0.4639803635691685,
        0.4841229182759271,
        0.2825970826302195,
        0.770551750371122,
        0.3535533905932738,
        0.3391164991562634,
        0.43501277120460624,
        0.7046472718869902,
        0.38242646351945886,
        0.377307714089059,
        0.4805234414446165,
        0.414578098794425,
        0.4841229182759271,
        0.33071891388307384,
        0.46770717334674267,
        0.3391164991562634,
        0.4330127018922193,
        0.9013878188659973,
        0.3254270698294439,
        0.5416666666666666,
        0.7905694150420949,
        0.4841229182759271,
        0.1767766952966369,
        0.42898458920779164,
        0.28939592256975566,
        0.33071891388307384,
        0.33071891388307384,
        0.45069390943299864,
        0.375,
        0.57282196186948
    ],
    [
        0.5203143672976238,
        0.7371585838730889,
        0.46770717334674267,
        1.625,
        0.2795084971874737,
        0.0,
        0.3535533905932738,
        0.3033379120533549,
        0.6959705453537527,
        0.406201920231798,
        0.4563190121135942,
        0.5303300858899106,
        0.2795084971874737,
        0.3657184709581949,
        0.6614378277661477,
        0.5187799659404982,
        0.30618621784789724,
        0.6614378277661477,
        0.30618621784789724,
        0.414578098794425,
        0.5017331074496789,
        0.6123724356957945,
        0.27638539919628335,
        0.7905694150420949,
        0.25,
        0.39370039370059057,
        0.4289845892077917,
        0.7192781875680029,
        0.3657184709581949,
        0.39086797998528583,
        0.485912657903775,
        0.3535533905932738,
        0.4330127018922193,
        0.21650635094610965,
        0.5153882032022076,
        0.4315669125408017,
        0.5863019699779287,
        1.0458250331675945,
        0.43501277120460624,
        0.5319643889501544,
        0.8660254037844386,
        0.57282196186948,
        0.2795084971874737,
        0.5464532103585,
        0.35178118198675723,
        0.3535533905932738,
        0.30618621784789724,
        0.46770717334674267,
        0.39528470752104744,
        0.6846531968814576
    ],
    [
        0.2879377767249482,
        0.8640183897219884,
        0.2795084971874737,
        1.9605483926697653,
        0.3535533905932738,
        0.3535533905932738,
        0.0,
        0.4289845892077917,
        0.82915619758885,
        0.5667892024377317,
        0.2879377767249482,
        0.6846531968814576,
        0.45069390943299864,
        0.44300112866673375,
        0.8385254915624212,
        0.6522136559910597,
        0.4841229182759271,
        0.82915619758885,
        0.39528470752104744,
        0.5153882032022076,
        0.5877806658194118,
        0.6846531968814576,
        0.3004626062886658,
        0.9437293044088437,
        0.3535533905932738,
        0.2,
        0.5965758776365148,
        0.8395600699837452,
        0.5528336096873996,
        0.5120085719768545,
        0.6137883276106765,
        0.375,
        0.6123724356957945,
        0.375,
        0.2795084971874737,
        0.2669269563007828,
        0.5863019699779287,
        1.0752906583803283,
        0.5017331074496789,
        0.7083333333333334,
        0.9921567416492215,
        0.5448623679425842,
        0.30618621784789724,
        0.6009252125773316,
        0.2669269563007828,
        0.45069390943299864,
        0.30618621784789724,
        0.21650635094610965,
        0.125,
        0.5448623679425842
    ],
    [
        0.5867852191594777,
        0.7614861201040444,
        0.44095855184409843,
        1.4355360980793512,
        0.377307714089059,
        0.3033379120533549,
        0.4289845892077917,
        0.0,
        0.6009252125773316,
        0.415915990448926,
        0.5308642890834119,
        0.5270462766947299,
        0.27322660517925,
        0.43429380735984613,
        0.5877806658194119,
        0.47354174055235243,
        0.3435921354681384,
        0.5803495115493382,
        0.4639803635691685,
        0.44095855184409843,
        0.5120085719768545,
        0.5319643889501544,
        0.33071891388307384,
        0.6640573937712178,
        0.2429563289518875,
        0.39668767451373016,
        0.45069390943299864,
        0.6705615391429617,
        0.3079953102096055,
        0.414578098794425,
        0.37034143405481623,
        0.39086797998528583,
        0.4639803635691685,
        0.27322660517925,
        0.5877806658194118,
        0.451924895431875,
        0.4859126579037751,
        0.9316949906249123,
        0.44682522061515034,
        0.49651563699220774,
        0.8111634305804911,
        0.4350127712046063,
        0.3560001560548971,
        0.5432668671002208,
        0.35512126254437526,
        0.49651563699220774,
        0.39086797998528583,
        0.5416666666666666,
        0.4639803635691685,
        0.6137883276106765
    ],
    [
        0.8764565137005733,
        0.7083333333333334,
        0.7288689868556626,
        1.4630874888399532,
        0.649519052838329,
        0.6959705453537527,
        0.82915619758885,
        0.6009252125773316,
        0.0,
        0.5414101956926929,
        0.8400452490242196,
        0.7180703308172536,
        0.6614378277661477,
        0.6219927652312364,
        0.5153882032022076,
        0.5294273957276283,
        0.5448623679425842,
        0.5448623679425842,
        0.7288689868556626,
        0.5590169943749475,
        0.5559026693385972,
        0.4841229182759271,
        0.6859199013814303,
        0.5,
        0.7180703308172536,
        0.7262919523166975,
        0.6263873490988712,
        0.49651563699220774,
        0.5963430220938282,
        0.6137883276106765,
        0.5120085719768545,
        0.7603453162872774,
        0.7603453162872774,
        0.7071067811865476,
        0.8838834764831844,
        0.7369701486491838,
        0.5994789404140899,
        0.7288689868556626,
        0.5559026693385972,
        0.3486083443891982,
        0.673145600891813,
        0.57282196186948,
        0.673145600891813,
        0.49651563699220774,
        0.6819090848492928,
        0.739509972887452,
        0.7806247497997998,
        0.8926785535678563,
        0.8477912478906585,
        0.739509972887452
    ],
    [
        0.6870337008636832,
        0.6303658549692481,
        0.5612486080160912,
        1.4133294025102565,
        0.4394598957811736,
        0.406201920231798,
        0.5667892024377317,
        0.415915990448926,
        0.5414101956926929,
        0.0,
        0.5890800506912868,
        0.580409338312195,
        0.47696960070847283,
        0.4841229182759271,
        0.4465142774872938,
        0.3672151124007701,
        0.40543186850567137,
        0.5080600358225393,
        0.44300112866673375,
        0.3783186487605389,
        0.3979984645419851,
        0.5414101956926929,
        0.43429380735984613,
        0.5878988008152423,
        0.4930770730829005,
        0.5303300858899106,
        0.35512126254437526,
        0.6267198558987722,
        0.45069390943299864,
        0.3764785666025506,
        0.4530759073022729,
        0.5086747487343951,
        0.5238081709939241,
        0.47696960070847283,
        0.6887488656977956,
        0.5303300858899106,
        0.5695392874947258,
        0.8954747344286159,
        0.4171663670261276,
        0.35658488158891116,
        0.6581223290544091,
        0.5556527692723217,
        0.4736823830374104,
        0.3852308110442073,
        0.4841229182759271,
        0.4602988159880492,
        0.5086747487343951,
        0.6442049363362563,
        0.5937171043518958,
        0.6819090848492928
    ],
    [
        0.25,
        0.9606043779699616,
        0.2719918966379967,
        1.55305820751135,
        0.41496250137936613,
        0.4563190121135942,
        0.2879377767249482,
        0.5308642890834119,
        0.8400452490242196,
        0.5890800506912868,
        0.0,
        0.7213932098830056,
        0.576981943621554,
        0.3993936731126934,
        0.7789890753995442,
        0.7075575984342481,
        0.46359839234811323,
        0.8905326885565489,
        0.549234160686775,
        0.573934238571007,
        0.5771968287666885,
        0.6514798695340964,
        0.35435419205088614,
        0.9857078157137559,
        0.4727929391026331,
        0.2564474724430892,
        0.7007143261653953,
        0.9041743079397478,
        0.6639015786413291,
        0.6254533503180203,
        0.6164666893988043,
        0.48903799777246976,
        0.8225923433057872,
        0.48903799777246976,
        0.25063694370746786,
        0.1857829543377136,
        0.6016028759972506,
        0.9604752756328718,
        0.5350525012915293,
        0.742903882839713,
        1.017230383473294,
        0.4867504703728218,
        0.354004064314268,
        0.629265489828691,
        0.3114728015773592,
        0.6288148879163932,
        0.4727929391026331,
        0.18982403237026158,
        0.2593899829702491,
        0.3783860732217338
    ],
    [
        0.8033729913715709,
        0.8640183897219884,
        0.75,
        1.6583123951777,
        0.5863019699779287,
        0.5303300858899106,
        0.6846531968814576,
        0.5270462766947299,
        0.7180703308172536,
        0.580409338312195,
        0.7213932098830056,
        0.0,
        0.45069390943299864,
        0.5937171043518958,
        0.7603453162872774,
        0.6277998511159624,
        0.5994789404140899,
        0.6846531968814576,
        0.5863019699779287,
        0.6373774391990981,
        0.7192781875680029,
        0.6846531968814576,
        0.6588078458684123,
        0.739509972887452,
        0.46770717334674267,
        0.7132671308843553,
        0.5697830971323893,
        0.6009252125773316,
        0.4930770730829005,
        0.6588078458684123,
        0.5017331074496789,
        0.4841229182759271,
        0.625,
        0.45069390943299864,
        0.8003905296791061,
        0.6910137480542627,
        0.8003905296791061,
        1.1524430571616109,
        0.6627489050244527,
        0.5877806658194118,
        0.9921567416492215,
        0.7603453162872774,
        0.6123724356957945,
        0.6859199013814303,
        0.6910137480542627,
        0.6123724356957945,
        0.6123724356957945,
        0.739509972887452,
        0.6959705453537527,
        0.8926785535678563
    ],
    [
        0.6288148879163932,
        0.7371585838730889,
        0.5448623679425842,
        1.5662455107677085,
        0.375,
        0.2795084971874737,
        0.45069390943299864,
        0.27322660517925,
        0.6614378277661477,
        0.47696960070847283,
        0.576981943621554,
        0.45069390943299864,
        0.0,
        0.4602988159880492,
        0.7071067811865476,
        0.5621455799534711,
        0.3535533905932738,
        0.5994789404140899,
        0.39528470752104744,
        0.45069390943299864,
        0.5743353646704259,
        0.5994789404140899,
        0.4103690750748377,
        0.75,
        0.2795084971874737,
        0.4930770730829005,
        0.4289845892077917,
        0.6859199013814303,
        0.343693177121688,
        0.4289845892077917,
        0.43501277120460624,
        0.375,
        0.45069390943299864,
        0.25,
        0.625,
        0.5238081709939241,
        0.625,
        1.0680004681646913,
        0.485912657903775,
        0.517069735249619,
        0.9354143466934853,
        0.6123724356957945,
        0.414578098794425,
        0.5877806658194118,
        0.4602988159880492,
        0.39528470752104744,
        0.375,
        0.5590169943749475,
        0.4841229182759271,
        0.75
    ],
    [
        0.5333997620194904,
        0.7227455369015509,
        0.41758232721225164,
        1.417524250233483,
        0.14577379737113252,
        0.3657184709581949,
        0.44300112866673375,
        0.43429380735984613,
        0.6219927652312364,
        0.4841229182759271,
        0.3993936731126934,
        0.5937171043518958,
        0.4602988159880492,
        0.0,
        0.6819090848492928,
        0.44423748015617753,
        0.3648629879831606,
        0.6437196594791866,
        0.32015621187164245,
        0.3344772040064913,
        0.47000295507345247,
        0.4100304866714181,
        0.35512126254437526,
        0.751248960065836,
        0.44300112866673375,
        0.39528470752104744,
        0.451924895431875,
        0.6511741531862101,
        0.375,
        0.43429380735984613,
        0.502148163172761,
        0.4602988159880492,
        0.5238081709939241,
        0.425,
        0.5356071321407138,
        0.3535533905932738,
        0.42866070498705616,
        0.8415016339853417,
        0.30968173626770074,
        0.5323558751228146,
        0.7258615570478988,
        0.4802343178074637,
        0.22912878474779202,
        0.42385466586765064,
        0.3535533905932738,
        0.38649062084350766,
        0.38649062084350766,
        0.4930770730829005,
        0.4602988159880492,
        0.5414101956926929
    ],
    [
        0.9256478701924598,
        0.8014743359029727,
        0.739509972887452,
        1.3693063937629153,
        0.7071067811865476,
        0.6614378277661477,
        0.8385254915624212,
        0.5877806658194119,
        0.5153882032022076,
        0.4465142774872938,
        0.7789890753995442,
        0.7603453162872774,
        0.7071067811865476,
        0.6819090848492928,
        0.0,
        0.5719863349302489,
        0.5590169943749475,
        0.6373774391990981,
        0.7288689868556626,
        0.5863019699779287,
        0.5120085719768545,
        0.5448623679425842,
        0.6627489050244528,
        0.5590169943749475,
        0.739509972887452,
        0.7369701486491838,
        0.5170697352496191,
        0.6468406123441677,
        0.609302880347697,
        0.6508541396588879,
        0.44682522061515034,
        0.7288689868556626,
        0.75,
        0.7288689868556626,
        0.9270248108869579,
        0.7262919523166975,
        0.625,
        0.7603453162872774,
        0.5833333333333334,
        0.44682522061515034,
        0.6614378277661477,
        0.5590169943749475,
        0.6959705453537527,
        0.5833333333333334,
        0.6932712311931023,
        0.7071067811865476,
        0.739509972887452,
        0.9100137361600648,
        0.8569568250501305,
        0.7603453162872774
    ],
    [
        0.7504250496232391,
        0.6238367860273286,
        0.5601566836199329,
        1.4125214464689355,
        0.46187561272777006,
        0.5187799659404982,
        0.6522136559910597,
        0.47354174055235243,
        0.5294273957276283,
        0.3672151124007701,
        0.7075575984342481,
        0.6277998511159624,
        0.5621455799534711,
        0.44423748015617753,
        0.5719863349302489,
        0.0,
        0.3968948351945155,
        0.4854384721095781,
        0.5621455799534711,
        0.3553526561095071,
        0.4435222859570752,
        0.5144592961031405,
        0.4897619626362908,
        0.5719863349302489,
        0.5892857142857143,
        0.5395340015008416,
        0.47354174055235243,
        0.5671966309319807,
        0.4781181221994312,
        0.40217133170497305,
        0.4774536816703685,
        0.6023974211940357,
        0.6277998511159624,
        0.5758755534498964,
        0.7567721464434676,
        0.5677560556925044,
        0.5854855825269644,
        0.8067397855768941,
        0.40677022769690213,
        0.3663495846054552,
        0.6242342247481619,
        0.5719863349302489,
        0.49454937229022244,
        0.2835358419955846,
        0.49418816130651105,
        0.5758755534498964,
        0.615229756319722,
        0.741877788494321,
        0.6757459974437322,
        0.7174039080928809
    ],
    [
        0.5267100429911652,
        0.689706056551952,
        0.4330127018922193,
        1.4842927608797396,
        0.30618621784789724,
        0.30618621784789724,
        0.4841229182759271,
        0.3435921354681384,
        0.5448623679425842,
        0.40543186850567137,
        0.46359839234811323,
        0.5994789404140899,
        0.3535533905932738,
        0.3648629879831606,
        0.5590169943749475,
        0.3968948351945155,
        0.0,
        0.5863019699779287,
        0.414578098794425,
        0.30618621784789724,
        0.42287048187884246,
        0.4330127018922193,
        0.32004773949452536,
        0.649519052838329,
        0.414578098794425,
        0.40543186850567137,
        0.384147685720537,
        0.6305310812675649,
        0.3427827300200522,
        0.3656235161413384,
        0.384147685720537,
        0.45069390943299864,
        0.5448623679425842,
        0.39528470752104744,
        0.5303300858899106,
        0.4242640687119285,
        0.4330127018922193,
        0.8003905296791061,
        0.31732387941099616,
        0.44095855184409843,
        0.7288689868556626,
        0.414578098794425,
        0.3535533905932738,
        0.42287048187884246,
        0.3648629879831606,
        0.45069390943299864,
        0.414578098794425,
        0.5448623679425842,
        0.5,
        0.5448623679425842
    ],
    [
        0.9902264737865552,
        0.6052432935972479,
        0.82915619758885,
        1.2119199643540823,
        0.673145600891813,
        0.6614378277661477,
        0.82915619758885,
        0.5803495115493382,
        0.5448623679425842,
        0.5080600358225393,
        0.8905326885565489,
        0.6846531968814576,
        0.5994789404140899,
        0.6437196594791866,
        0.6373774391990981,
        0.4854384721095781,
        0.5863019699779287,
        0.0,
        0.6614378277661477,
        0.5994789404140899,
        0.6305310812675649,
        0.625,
        0.6795627679291704,
        0.57282196186948,
        0.7071067811865476,
        0.7858116822750855,
        0.5936586186989586,
        0.6782841915041544,
        0.5662375826453062,
        0.5527707983925666,
        0.6305310812675649,
        0.6959705453537527,
        0.625,
        0.6959705453537527,
        0.9921567416492215,
        0.7956915231419774,
        0.7288689868556626,
        0.9762812094883317,
        0.6305310812675649,
        0.5220818369225695,
        0.6846531968814576,
        0.739509972887452,
        0.7180703308172536,
        0.565194165260439,
        0.7344215410784191,
        0.625,
        0.7071067811865476,
        0.9519716382329886,
        0.8660254037844386,
        0.9519716382329886
    ],
    [
        0.6034551874541357,
        0.7156485015549029,
        0.5,
        1.541103500742244,
        0.25,
        0.30618621784789724,
        0.39528470752104744,
        0.4639803635691685,
        0.7288689868556626,
        0.44300112866673375,
        0.549234160686775,
        0.5863019699779287,
        0.39528470752104744,
        0.32015621187164245,
        0.7288689868556626,
        0.5621455799534711,
        0.414578098794425,
        0.6614378277661477,
        0.0,
        0.414578098794425,
        0.517069735249619,
        0.5863019699779287,
        0.34860834438919813,
        0.81967981553775,
        0.39528470752104744,
        0.44300112866673375,
        0.39086797998528583,
        0.7406828681096325,
        0.47696960070847283,
        0.4289845892077917,
        0.5464532103585,
        0.414578098794425,
        0.414578098794425,
        0.375,
        0.5994789404140899,
        0.4602988159880492,
        0.57282196186948,
        1.0383279828647594,
        0.43501277120460624,
        0.6009252125773316,
        0.8660254037844386,
        0.625,
        0.30618621784789724,
        0.5319643889501544,
        0.406201920231798,
        0.2795084971874737,
        0.2795084971874737,
        0.5303300858899106,
        0.4330127018922193,
        0.7288689868556626
    ],
    [
        0.626019576534218,
        0.6782841915041544,
        0.5,
        1.4577379737113252,
        0.30618621784789724,
        0.414578098794425,
        0.5153882032022076,
        0.44095855184409843,
        0.5590169943749475,
        0.3783186487605389,
        0.573934238571007,
        0.6373774391990981,
        0.45069390943299864,
        0.3344772040064913,
        0.5863019699779287,
        0.3553526561095071,
        0.30618621784789724,
        0.5994789404140899,
        0.414578098794425,
        0.0,
        0.31732387941099616,
        0.375,
        0.36324157862838946,
        0.6846531968814576,
        0.4841229182759271,
        0.45345892868042637,
        0.384147685720537,
        0.6782841915041544,
        0.45345892868042637,
        0.36324157862838946,
        0.4912427551063165,
        0.5448623679425842,
        0.5303300858899106,
        0.46770717334674267,
        0.625,
        0.47037219305566946,
        0.45069390943299864,
        0.7905694150420949,
        0.26352313834736496,
        0.42287048187884246,
        0.673145600891813,
        0.46770717334674267,
        0.375,
        0.34105636549468543,
        0.3984344362627307,
        0.39528470752104744,
        0.414578098794425,
        0.625,
        0.5448623679425842,
        0.625
    ],
    [
        0.6768723506971769,
        0.6934715407122183,
        0.5068968775248516,
        1.4760824653265294,
        0.4639803635691685,
        0.5017331074496789,
        0.5877806658194118,
        0.5120085719768545,
        0.5559026693385972,
        0.3979984645419851,
        0.5771968287666885,
        0.7192781875680029,
        0.5743353646704259,
        0.47000295507345247,
        0.5120085719768545,
        0.4435222859570752,
        0.42287048187884246,
        0.6305310812675649,
        0.517069735249619,
        0.31732387941099616,
        0.0,
        0.4805234414446165,
        0.4639803635691685,
        0.6468406123441677,
        0.5877806658194118,
        0.502148163172761,
        0.44682522061515034,
        0.7180703308172536,
        0.5323558751228146,
        0.44682522061515034,
        0.5,
        0.6387379048648288,
        0.5605676686280713,
        0.5743353646704259,
        0.6821127309893709,
        0.5174724898753341,
        0.4805234414446165,
        0.7648983229452425,
        0.3535533905932738,
        0.4841229182759271,
        0.5574620066774855,
        0.49651563699220774,
        0.4805234414446165,
        0.3535533905932738,
        0.47000295507345247,
        0.5017331074496789,
        0.5017331074496789,
        0.6744339190099435,
        0.6009252125773316,
        0.6095307849303248
    ],
    [
        0.7412327707327593,
        0.7817359599705717,
        0.5590169943749475,
        1.4415703243338496,
        0.4841229182759271,
        0.6123724356957945,
        0.6846531968814576,
        0.5319643889501544,
        0.4841229182759271,
        0.5414101956926929,
        0.6514798695340964,
        0.6846531968814576,
        0.5994789404140899,
        0.4100304866714181,
        0.5448623679425842,
        0.5144592961031405,
        0.4330127018922193,
        0.625,
        0.5863019699779287,
        0.375,
        0.4805234414446165,
        0.0,
        0.4859126579037751,
        0.6123724356957945,
        0.6373774391990981,
        0.5556527692723217,
        0.5170697352496191,
        0.6346477588219923,
        0.511737237261468,
        0.5170697352496191,
        0.44682522061515034,
        0.6614378277661477,
        0.6959705453537527,
        0.625,
        0.75,
        0.58309518948453,
        0.375,
        0.5994789404140899,
        0.32542706982944397,
        0.44682522061515034,
        0.673145600891813,
        0.414578098794425,
        0.5590169943749475,
        0.44682522061515034,
        0.5267826876426369,
        0.5863019699779287,
        0.6123724356957945,
        0.770551750371122,
        0.7071067811865476,
        0.5863019699779287
    ],
    [
        0.43366680000207103,
        0.7716774657271723,
        0.31732387941099616,
        1.547847968417226,
        0.2825970826302195,
        0.27638539919628335,
        0.3004626062886658,
        0.33071891388307384,
        0.6859199013814303,
        0.43429380735984613,
        0.35435419205088614,
        0.6588078458684123,
        0.4103690750748377,
        0.35512126254437526,
        0.6627489050244528,
        0.4897619626362908,
        0.32004773949452536,
        0.6795627679291704,
        0.34860834438919813,
        0.36324157862838946,
        0.4639803635691685,
        0.4859126579037751,
        0.0,
        0.7927623996016854,
        0.34860834438919813,
        0.25221243250702596,
        0.4841229182759271,
        0.7476816018719317,
        0.415915990448926,
        0.39528470752104744,
        0.5120085719768545,
        0.39086797998528583,
        0.5270462766947299,
        0.37034143405481623,
        0.43501277120460624,
        0.25221243250702596,
        0.4166666666666667,
        0.8975274678557507,
        0.37034143405481623,
        0.5559026693385972,
        0.7817359599705717,
        0.3974746672570607,
        0.22047927592204922,
        0.4658474953124562,
        0.17989194287435753,
        0.4103690750748377,
        0.3254270698294439,
        0.4103690750748377,
        0.3254270698294439,
        0.501733107449679
    ],
    [
        1.07662430678449,
        0.7511565157216644,
        0.875,
        1.1989578808281798,
        0.770551750371122,
        0.7905694150420949,
        0.9437293044088437,
        0.6640573937712178,
        0.5,
        0.5878988008152423,
        0.9857078157137559,
        0.739509972887452,
        0.75,
        0.751248960065836,
        0.5590169943749475,
        0.5719863349302489,
        0.649519052838329,
        0.57282196186948,
        0.81967981553775,
        0.6846531968814576,
        0.6468406123441677,
        0.6123724356957945,
        0.7927623996016854,
        0.0,
        0.8003905296791061,
        0.8488963423174822,
        0.6521864934374386,
        0.6346477588219923,
        0.6139014578904337,
        0.6984606089266754,
        0.5833333333333334,
        0.8477912478906585,
        0.770551750371122,
        0.7905694150420949,
        1.0458250331675945,
        0.8849435010213929,
        0.7071067811865476,
        0.82915619758885,
        0.6934715407122183,
        0.49651563699220774,
        0.6959705453537527,
        0.7071067811865476,
        0.8003905296791061,
        0.6222160217945033,
        0.8112490369793975,
        0.81967981553775,
        0.875,
        1.0383279828647594,
        0.9762812094883317,
        0.9100137361600648
    ],
    [
        0.4727929391026331,
        0.8079466429027216,
        0.45069390943299864,
        1.6770509831248424,
        0.3535533905932738,
        0.25,
        0.3535533905932738,
        0.2429563289518875,
        0.7180703308172536,
        0.4930770730829005,
        0.4727929391026331,
        0.46770717334674267,
        0.2795084971874737,
        0.44300112866673375,
        0.739509972887452,
        0.5892857142857143,
        0.414578098794425,
        0.7071067811865476,
        0.39528470752104744,
        0.4841229182759271,
        0.5877806658194118,
        0.6373774391990981,
        0.34860834438919813,
        0.8003905296791061,
        0.0,
        0.406201920231798,
        0.49651563699220774,
        0.7192781875680029,
        0.38649062084350766,
        0.49651563699220774,
        0.43501277120460624,
        0.2795084971874737,
        0.5153882032022076,
        0.125,
        0.46770717334674267,
        0.44300112866673375,
        0.5863019699779287,
        1.0752906583803283,
        0.5017331074496789,
        0.5605676686280713,
        0.9682458365518543,
        0.5448623679425842,
        0.30618621784789724,
        0.6009252125773316,
        0.3657184709581949,
        0.4330127018922193,
        0.30618621784789724,
        0.414578098794425,
        0.375,
        0.649519052838329
    ],
    [
        0.2564474724430892,
        0.8425325578938246,
        0.1346291201783626,
        1.6201851746019655,
        0.3391164991562634,
        0.39370039370059057,
        0.2,
        0.39668767451373016,
        0.7262919523166975,
        0.5303300858899106,
        0.2564474724430892,
        0.7132671308843553,
        0.4930770730829005,
        0.39528470752104744,
        0.7369701486491838,
        0.5395340015008416,
        0.40543186850567137,
        0.7858116822750855,
        0.44300112866673375,
        0.45345892868042637,
        0.502148163172761,
        0.5556527692723217,
        0.25221243250702596,
        0.8488963423174822,
        0.406201920231798,
        0.0,
        0.5737909995034003,
        0.7820024154552068,
        0.5153882032022076,
        0.4852691120513556,
        0.5323558751228146,
        0.425,
        0.6442049363362563,
        0.425,
        0.26100766272276377,
        0.1767766952966369,
        0.42866070498705616,
        0.88670739254841,
        0.3979984645419851,
        0.6390639856679281,
        0.8332916656249479,
        0.36996621467371854,
        0.28939592256975566,
        0.5077182070575939,
        0.1767766952966369,
        0.4930770730829005,
        0.3657184709581949,
        0.2947456530637899,
        0.23584952830141512,
        0.36996621467371854
    ],
    [
        0.784857035958412,
        0.6859199013814303,
        0.6305310812675649,
        1.2617503274772268,
        0.43501277120460624,
        0.4289845892077917,
        0.5965758776365148,
        0.45069390943299864,
        0.6263873490988712,
        0.35512126254437526,
        0.7007143261653953,
        0.5697830971323893,
        0.4289845892077917,
        0.451924895431875,
        0.5170697352496191,
        0.47354174055235243,
        0.384147685720537,
        0.5936586186989586,
        0.39086797998528583,
        0.384147685720537,
        0.44682522061515034,
        0.5170697352496191,
        0.4841229182759271,
        0.6521864934374386,
        0.49651563699220774,
        0.5737909995034003,
        0.0,
        0.6222160217945033,
        0.46889349655450663,
        0.45069390943299864,
        0.4639803635691685,
        0.5416666666666666,
        0.4103690750748377,
        0.4805234414446165,
        0.7817359599705717,
        0.6382484712955536,
        0.5464532103585001,
        0.9307628293203616,
        0.4103690750748377,
        0.4639803635691685,
        0.7276770498572076,
        0.5877806658194119,
        0.46955948623269356,
        0.5137011669140814,
        0.501109879279097,
        0.4103690750748377,
        0.4805234414446165,
        0.7580585582775105,
        0.6468406123441677,
        0.8111634305804911
    ],
    [
        0.9394584607881744,
        0.7476816018719317,
        0.8047169964928319,
        1.464273615900465,
        0.7046472718869902,
        0.7192781875680029,
        0.8395600699837452,
        0.6705615391429617,
        0.49651563699220774,
        0.6267198558987722,
        0.9041743079397478,
        0.6009252125773316,
        0.6859199013814303,
        0.6511741531862101,
        0.6468406123441677,
        0.5671966309319807,
        0.6305310812675649,
        0.6782841915041544,
        0.7406828681096325,
        0.6782841915041544,
        0.7180703308172536,
        0.6346477588219923,
        0.7476816018719317,
        0.6346477588219923,
        0.7192781875680029,
        0.7820024154552068,
        0.6222160217945033,
        0.0,
        0.6267198558987722,
        0.7264831572567789,
        0.5994789404140899,
        0.6627489050244527,
        0.7614861201040444,
        0.7083333333333334,
        0.9166666666666666,
        0.751433814635579,
        0.7046472718869902,
        0.955612078431643,
        0.6846531968814576,
        0.45069390943299864,
        0.7168604389202189,
        0.7046472718869902,
        0.7046472718869902,
        0.6373774391990981,
        0.7617596588017626,
        0.7614861201040444,
        0.8207381501496754,
        0.9195031871130797,
        0.8579691784155834,
        0.8730136183232068
    ],
    [
        0.7094119438820078,
        0.7440504761849904,
        0.5471517157059822,
        1.3055171389146907,
        0.38242646351945886,
        0.3657184709581949,
        0.5528336096873996,
        0.3079953102096055,
        0.5963430220938282,
        0.45069390943299864,
        0.6639015786413291,
        0.4930770730829005,
        0.343693177121688,
        0.375,
        0.609302880347697,
        0.4781181221994312,
        0.3427827300200522,
        0.5662375826453062,
        0.47696960070847283,
        0.45345892868042637,
        0.5323558751228146,
        0.511737237261468,
        0.415915990448926,
        0.6139014578904337,
        0.38649062084350766,
        0.5153882032022076,
        0.46889349655450663,
        0.6267198558987722,
        0.0,
        0.451924895431875,
        0.4171663670261276,
        0.425,
        0.47696960070847283,
        0.3657184709581949,
        0.7110731326663946,
        0.5448623679425842,
        0.5556527692723217,
        0.9041570660012563,
        0.4530759073022729,
        0.47000295507345247,
        0.7976528066771909,
        0.4962358310319802,
        0.40233692348577704,
        0.5376130372096437,
        0.45069390943299864,
        0.4930770730829005,
        0.47696960070847283,
        0.6680194607943694,
        0.580409338312195,
        0.7044501401802685
    ],
    [
        0.7184649562950418,
        0.6744339190099435,
        0.5368374469468802,
        1.4246100831065631,
        0.377307714089059,
        0.39086797998528583,
        0.5120085719768545,
        0.414578098794425,
        0.6137883276106765,
        0.3764785666025506,
        0.6254533503180203,
