[
    [
        0.0,
        0.3583545294118661,
        0.3640993811790951,
        0.31715286140913185,
        0.2960514893983815,
        0.37238672774415577,
        0.3681005934184296,
        0.2786336640644845,
        0.24655834121967968,
        0.2939826206597934,
        0.3583545294118661,
        0.42475866309588084,
        0.4071504443998557,
        0.2633171804117612,
        0.2715335499528557,
        0.34375,
        0.43441996170180763,
        0.33108781406901705,
        0.28512949360772905,
        0.2773162398327945,
        0.2651650429449553,
        0.2646017874141779,
        0.3128903811640748,
        0.297285899850632,
        0.3140586131600278,
        0.6938626034742037,
        0.36241917202322504,
        0.318305449804115,
        0.29315098498896436,
        0.31646786522840237,
        0.34693130173710185,
        0.29064180058966055,
        0.2665425329567497,
        0.5196340358848716,
        0.338020432074749,
        0.3398212995458054,
        0.34161267357930386,
        0.29973947020704494,
        0.39927913559939493,
        0.3896863722918727,
        0.2715335499528557,
        0.2795084971874737,
        0.2868841532066752,
        0.28853414550967793,
        0.37173053916782245,
        0.34161267357930386,
        0.3634282296754065,
        0.2795084971874737,
        0.4790534286486216
    ],
    [
        0.3583545294118661,
        0.0,
        0.27466243486323355,
        0.2614562582918986,
        0.2715335499528557,
        0.2799448885495143,
        0.20669932117692114,
        0.22262198201210948,
        0.3049878327491115,
        0.25194555463432966,
        0.2960514893983815,
        0.3590351654086268,
        0.33438960248488586,
        0.32135880939379896,
        0.19136638615493579,
        0.28641098093474,
        0.35664725657854146,
        0.1926379375927805,
        0.2773162398327945,
        0.18421603316486868,
        0.26052081250832915,
        0.17981954689200075,
        0.20070675904164265,
        0.21763106683100186,
        0.23696485762661096,
        0.4973072019637359,
        0.4552750713854208,
        0.23280725665236468,
        0.14986973510352247,
        0.2667460005687891,
        0.22480460265528374,
        0.22207297505549836,
        0.17044862679118303,
        0.3284968131504475,
        0.2159417962669571,
        0.14574029770451274,
        0.27466243486323355,
        0.24803918541230538,
        0.22534695471649932,
        0.23017062285400366,
        0.2275034340400162,
        0.1988737822087165,
        0.2981514954450356,
        0.1781524101717403,
        0.3232525135246438,
        0.2557922741210141,
        0.2981060004427955,
        0.22803936748947537,
        0.12303137303143455
    ],
    [
        0.3640993811790951,
        0.27466243486323355,
        0.0,
        0.4192627457812106,
        0.3462268719712553,
        0.5365088972934187,
        0.13799626353637262,
        0.24853083938416978,
        0.2773162398327945,
        0.4363825013677794,
        0.3232525135246438,
        0.6525191568069094,
        0.5984599375689237,
        0.31522251565362525,
        0.3217384419058438,
        0.5084731279772806,
        0.3205981957606749,
        0.22371595411369302,
        0.3681005934184296,
        0.32249636625859834,
        0.4080489017875186,
        0.29208489360020734,
        0.2829807855667943,
        0.29646353064078557,
        0.213668661424646,
        0.22426093897511443,
        0.4186800314679457,
        0.4008048543243956,
        0.18619336387207788,
        0.44454276798688835,
        0.2773162398327945,
        0.4330127018922193,
        0.21137108216357317,
        0.265625,
        0.20432338797846908,
        0.15309310892394862,
        0.4653522691198572,
        0.2773162398327945,
        0.16010860571811872,
        0.19136638615493579,
        0.3657718722099883,
        0.1616262567623219,
        0.34236621728218325,
        0.3001464486296648,
        0.3782412011534439,
        0.4764984588117783,
        0.5130142237306876,
        0.33071891388307384,
        0.2125229766989913
    ],
    [
        0.31715286140913185,
        0.2614562582918986,
        0.4192627457812106,
        0.0,
        0.18288593610499415,
        0.24206145913796356,
        0.3714020101251473,
        0.19578068884596356,
        0.297285899850632,
        0.18154609435347266,
        0.20787710461953235,
        0.19452968121857395,
        0.16010860571811872,
        0.2619227283475033,
        0.18553659510996745,
        0.13975424859373686,
        0.5362813219290785,
        0.3542432515235823,
        0.2390165396996618,
        0.17258376589355096,
        0.16535945694153692,
        0.18333037402914626,
        0.21021287573552672,
        0.24655834121967968,
        0.35008369535012623,
        0.7646677689526348,
        0.4358226775306673,
        0.21079277442550065,
        0.258167369404036,
        0.18929981088944012,
        0.31093357409581873,
        0.19825902406952375,
        0.20252314682524564,
        0.6465050270492876,
        0.37041467472280304,
        0.28683687110446593,
        0.1711632992203644,
        0.22262198201210948,
        0.4640388251536718,
        0.39744054193677825,
        0.15229366163764005,
        0.2786336640644845,
        0.3044982496300722,
        0.26238836912104163,
        0.3433947027474361,
        0.20372507516258279,
        0.21021287573552672,
        0.1907274314958391,
        0.48963873799976243
    ],
    [
        0.2960514893983815,
        0.2715335499528557,
        0.3462268719712553,
        0.18288593610499415,
        0.0,
        0.28641098093474,
        0.22963966338592295,
        0.21137108216357317,
        0.28598445652692384,
        0.15934435979977452,
        0.16828640022295324,
        0.2509746625657658,
        0.19136638615493579,
        0.27018150727797785,
        0.12303137303143455,
        0.15625,
        0.532856028280623,
        0.34481369516740484,
        0.20846350100197397,
        0.22426093897511443,
        0.12789613706050704,
        0.1647842918703789,
        0.24655834121967968,
        0.24407030237208294,
        0.3021731188408393,
        0.6964965340007084,
        0.46087128761726953,
        0.203125,
        0.21986323874172325,
        0.201179249123208,
        0.2543565718140579,
        0.15625,
        0.21423920626253262,
        0.6547602137424051,
        0.37856379498705367,
        0.27599252707274524,
        0.1608692209529219,
        0.20787710461953235,
        0.5219779090153146,
        0.39311705079403514,
        0.16682934768798924,
        0.2614562582918986,
        0.28522461604360555,
        0.22152260748059102,
        0.2910615001593306,
        0.17328963291264715,
        0.1887975933374152,
        0.14740595518838442,
        0.49607837082461076
    ],
    [
        0.37238672774415577,
        0.2799448885495143,
        0.5365088972934187,
        0.24206145913796356,
        0.28641098093474,
        0.0,
        0.4624577683421482,
        0.26052081250832915,
        0.36776882174811937,
        0.16828640022295324,
        0.23541436208311506,
        0.20191949973937634,
        0.17328963291264715,
        0.3710731902199349,
        0.19200321449132043,
        0.225888004606265,
        0.5745242597140698,
        0.4310348195041788,
        0.22857404434887177,
        0.19452968121857395,
        0.2415566380271923,
        0.19249706888100337,
        0.3358466446906981,
        0.1616262567623219,
        0.45285552331841994,
        0.8644735121014409,
        0.5132521158017763,
        0.09631896879639025,
        0.370744078678271,
        0.10837839607648338,
        0.2013140426050801,
        0.2395267143243108,
        0.32738010687120256,
        0.5885877563074176,
        0.4708287241662301,
        0.4095419506900361,
        0.1988737822087165,
        0.18221724671391565,
        0.5533103503008054,
        0.5273292822089439,
        0.23280725665236468,
        0.28598445652692384,
        0.26582916989947597,
        0.28768675999253074,
        0.3458741190809165,
        0.1335000585205864,
        0.16461958988832404,
        0.23593232610221093,
        0.4352621336620037
    ],
    [
        0.3681005934184296,
        0.20669932117692114,
        0.13799626353637262,
        0.3714020101251473,
        0.22963966338592295,
        0.4624577683421482,
        0.0,
        0.2170694373351532,
        0.26238836912104163,
        0.3458741190809165,
        0.23175620272173947,
        0.47315637280396,
        0.4008048543243956,
        0.2981060004427955,
        0.265625,
        0.3365728004459065,
        0.3759752942348739,
        0.22207297505549836,
        0.2803806007019744,
        0.2781952158557009,
        0.3097535562749845,
        0.2500542475866209,
        0.23747943989954162,
        0.28683687110446593,
        0.20009763241977652,
        0.2799448885495143,
        0.4250459533979826,
        0.3433947027474361,
        0.15934435979977452,
        0.3990072859436418,
        0.390625,
        0.3081731706768128,
        0.19200321449132043,
        0.36876324128768584,
        0.2159417962669571,
        0.16535945694153692,
        0.3299798762803574,
        0.2633171804117612,
        0.25194555463432966,
        0.2153757617514097,
        0.30055287596361474,
        0.16755945773068137,
        0.3695715307209748,
        0.22152260748059102,
        0.3542432515235823,
        0.35869500885153116,
        0.4189714899309976,
        0.22642776165920997,
        0.24256522962906288
    ],
    [
        0.2786336640644845,
        0.22262198201210948,
        0.24853083938416978,
        0.19578068884596356,
        0.21137108216357317,
        0.26052081250832915,
        0.2170694373351532,
        0.0,
        0.21423920626253262,
        0.171875,
        0.27198273727389394,
        0.38685682509812336,
        0.3590351654086268,
        0.2430679560328757,
        0.15934435979977452,
        0.2910615001593306,
        0.4318835925339142,
        0.2976962325509008,
        0.17469281074217108,
        0.12103072956898178,
        0.18944305707784595,
        0.11422766770552766,
        0.2728788936964528,
        0.13441133229754104,
        0.29064180058966055,
        0.5210416250166583,
        0.3610693752591045,
        0.1795175827043134,
        0.19702375332685143,
        0.1916496822184802,
        0.3053878169639385,
        0.24902152266420668,
        0.15546678704790937,
        0.4479772245884828,
        0.2633171804117612,
        0.16312978920172735,
        0.24206145913796356,
        0.16312978920172735,
        0.2628531850196988,
        0.28254908312539256,
        0.18553659510996745,
        0.18684782411095935,
        0.2275630445307654,
        0.22642776165920997,
        0.31171777098843756,
        0.24256522962906288,
        0.25291271962872885,
        0.14657549249448218,
        0.31171777098843756
    ],
    [
        0.24655834121967968,
        0.3049878327491115,
        0.2773162398327945,
        0.297285899850632,
        0.28598445652692384,
        0.36776882174811937,
        0.26238836912104163,
        0.21423920626253262,
        0.0,
        0.3159960690024482,
        0.31522251565362525,
        0.47930817656806146,
        0.44852187795022885,
        0.2628531850196988,
        0.26972932033800107,
        0.3801726581436387,
        0.4785435259722986,
        0.3535533905932738,
        0.29064180058966055,
        0.2619227283475033,
        0.293567097313374,
        0.23598980748352483,
        0.36543798636020314,
        0.2572199630180364,
        0.32021721143623744,
        0.4032339968926231,
        0.37662408728731095,
        0.28341183042526646,
        0.26608416196760004,
        0.2919455511925316,
        0.36241917202322504,
        0.3651037951733726,
        0.225888004606265,
        0.3836884111815211,
        0.29933193844793776,
        0.23593232610221093,
        0.3251351882294502,
        0.24902152266420668,
        0.28427195935406646,
        0.293567097313374,
        0.2715335499528557,
        0.2533949178160446,
        0.29992041768516603,
        0.32700702400713044,
        0.40655036972680275,
        0.3423265984407288,
        0.35869500885153116,
        0.2557922741210141,
        0.36005370693134103
    ],
    [
        0.2939826206597934,
        0.25194555463432966,
        0.4363825013677794,
        0.18154609435347266,
        0.15934435979977452,
        0.16828640022295324,
        0.3458741190809165,
        0.171875,
        0.3159960690024482,
        0.0,
        0.1690102160373745,
        0.21137108216357317,
        0.184877493221863,
        0.2943975575221371,
        0.11692679333668567,
        0.18288593610499415,
        0.5048592006688597,
        0.36743675050952646,
        0.11587810136086973,
        0.15309310892394862,
        0.14740595518838442,
        0.13370310055201495,
        0.29851520585223124,
        0.14905300022139775,
        0.3710731902199349,
        0.7840574556433986,
        0.44579195680272204,
        0.1514899955442603,
        0.25626905416963636,
        0.1231415668493426,
        0.21021287573552672,
        0.17608480733726006,
        0.213668661424646,
        0.5933386733139852,
        0.3814548629916782,
        0.2923169833417142,
        0.14149039278339715,
        0.1660960283239789,
        0.4590134631740119,
        0.4095419506900361,
        0.1781524101717403,
        0.2460627460628691,
        0.24206145913796356,
        0.225888004606265,
        0.275106513463422,
        0.1137517170200081,
        0.12401959270615269,
        0.14574029770451274,
        0.4523160883165665
    ],
    [
        0.3583545294118661,
        0.2960514893983815,
        0.3232525135246438,
        0.20787710461953235,
        0.16828640022295324,
        0.23541436208311506,
        0.23175620272173947,
        0.27198273727389394,
        0.31522251565362525,
        0.1690102160373745,
        0.0,
        0.24705294220065463,
        0.20252314682524564,
        0.36073113689422487,
        0.19640320453088336,
        0.19452968121857395,
        0.5598897770990287,
        0.4142835494863391,
        0.20252314682524564,
        0.22534695471649932,
        0.1801962905417312,
        0.17500310017095252,
        0.275106513463422,
        0.21875,
        0.3634282296754065,
        0.6497069651966184,
        0.4838707052250632,
        0.1660960283239789,
        0.273772116686488,
        0.16860847975248588,
        0.240035804620894,
        0.20432338797846908,
        0.24902152266420668,
        0.6472598492877494,
        0.410137648387709,
        0.2795084971874737,
        0.18355218944485516,
        0.16461958988832404,
        0.5205728515299276,
        0.39373759901106725,
        0.23799290955824715,
        0.275106513463422,
        0.2822128580030014,
        0.2543565718140579,
        0.3156095293238149,
        0.14905300022139775,
        0.17399263633843817,
        0.16828640022295324,
        0.510629207449006
    ],
    [
        0.42475866309588084,
        0.3590351654086268,
        0.6525191568069094,
        0.19452968121857395,
        0.2509746625657658,
        0.20191949973937634,
        0.47315637280396,
        0.38685682509812336,
        0.47930817656806146,
        0.21137108216357317,
        0.24705294220065463,
        0.0,
        0.15068204314051492,
        0.40110930165604486,
        0.2275034340400162,
        0.18288593610499415,
        0.749511559700716,
        0.5417167444799911,
        0.2795084971874737,
        0.31715286140913185,
        0.17608480733726006,
        0.27233159296669524,
        0.3247595264191645,
        0.3284968131504475,
        0.5158616881005993,
        1.0037770466468139,
        0.5852600250102513,
        0.2572199630180364,
        0.39528470752104744,
        0.21468191505755155,
        0.35458767868469426,
        0.2576941016011038,
        0.33620991861484395,
        0.7798424820917362,
        0.5711145900780333,
        0.43498159084609545,
        0.17608480733726006,
        0.36073113689422487,
        0.7467376965842826,
        0.5860937291722204,
        0.19327057620082783,
        0.4318835925339142,
        0.4269880483137412,
        0.3563048203434806,
        0.4501518840902479,
        0.18814991529362962,
        0.19640320453088336,
        0.26836818808308854,
        0.6161482547853235
    ],
    [
        0.4071504443998557,
        0.33438960248488586,
        0.5984599375689237,
        0.16010860571811872,
        0.19136638615493579,
        0.17328963291264715,
        0.4008048543243956,
        0.3590351654086268,
        0.44852187795022885,
        0.184877493221863,
        0.20252314682524564,
        0.15068204314051492,
        0.0,
        0.36241917202322504,
        0.18553659510996745,
        0.12789613706050704,
        0.671875,
        0.4734142939857224,
        0.23644915547533682,
        0.2893790496476896,
        0.171875,
        0.24972858530701778,
        0.2572199630180364,
        0.29481191037676885,
        0.4386146514880687,
        0.9691279504662942,
        0.5587985856952395,
        0.1988737822087165,
        0.328125,
        0.1707666282370313,
        0.2799448885495143,
        0.1753901900050285,
        0.29189908894170946,
        0.7566437508002032,
        0.5179870141953368,
        0.4008048543243956,
        0.13621559198564606,
        0.34375,
        0.7308759727204063,
        0.5412658773652742,
        0.19327057620082783,
        0.40232478717449166,
        0.35290061701010256,
        0.2728788936964528,
        0.34375,
        0.1690102160373745,
        0.18619336387207788,
        0.20372507516258279,
        0.5914841634608656
    ],
    [
        0.2633171804117612,
        0.32135880939379896,
        0.31522251565362525,
        0.2619227283475033,
        0.27018150727797785,
        0.3710731902199349,
        0.2981060004427955,
        0.2430679560328757,
        0.2628531850196988,
        0.2943975575221371,
        0.36073113689422487,
        0.40110930165604486,
        0.36241917202322504,
        0.0,
        0.2829807855667943,
        0.298923851089203,
        0.45821494683172437,
        0.31868871959954903,
        0.29851520585223124,
        0.23280725665236468,
        0.23799290955824715,
        0.23633440217788393,
        0.3089643739575811,
        0.2803806007019744,
        0.30418628646768414,
        0.5863019699779287,
        0.31715286140913185,
        0.3140586131600278,
        0.2790714234295586,
        0.3345518094323276,
        0.3836884111815211,
        0.3121091305537215,
        0.24256522962906288,
        0.4982880849719367,
        0.30378472023786846,
        0.2633171804117612,
        0.32021721143623744,
        0.28980057798424075,
        0.3597145135381668,
        0.2981060004427955,
        0.2538762001448738,
        0.25242960033442985,
        0.3318652567098748,
        0.3053878169639385,
        0.42331928700450205,
        0.3284968131504475,
        0.358013726168425,
        0.26238836912104163,
        0.42042575147105343
    ],
    [
        0.2715335499528557,
        0.19136638615493579,
        0.3217384419058438,
        0.18553659510996745,
        0.12303137303143455,
        0.19200321449132043,
        0.265625,
        0.15934435979977452,
        0.26972932033800107,
        0.11692679333668567,
        0.19640320453088336,
        0.2275034340400162,
        0.18553659510996745,
        0.2829807855667943,
        0.0,
        0.15388840315306412,
        0.4861359120657514,
        0.297285899850632,
        0.14235052467412967,
        0.14657549249448218,
        0.13531646934131855,
        0.12181266212006774,
        0.26052081250832915,
        0.1616262567623219,
        0.2881107642904027,
        0.661622354991879,
        0.42042575147105343,
        0.15625,
        0.18553659510996745,
        0.1251084598902533,
        0.20669932117692114,
        0.15857643070456592,
        0.1795175827043134,
        0.5457577873929056,
        0.3217384419058438,
        0.24556615071096424,
        0.12789613706050704,
        0.15229366163764005,
        0.3915613776919271,
        0.36174490321219455,
        0.16237976320958225,
        0.20252314682524564,
        0.25312714333797637,
        0.21930732574403436,
        0.28768675999253074,
        0.11481983169296148,
        0.1616262567623219,
        0.1137517170200081,
        0.3801726581436387
    ],
    [
        0.34375,
        0.28641098093474,
        0.5084731279772806,
        0.13975424859373686,
        0.15625,
        0.225888004606265,
        0.3365728004459065,
        0.2910615001593306,
        0.3801726581436387,
        0.18288593610499415,
        0.19452968121857395,
        0.18288593610499415,
        0.12789613706050704,
        0.298923851089203,
        0.15388840315306412,
        0.0,
        0.6033354555096194,
        0.397747564417433,
        0.22480460265528374,
        0.24506854908372067,
        0.15780476466190746,
        0.2023891586221401,
        0.21763106683100186,
        0.273772116686488,
        0.36743675050952646,
        0.878897569401577,
        0.48538201771903333,
        0.22642776165920997,
        0.275106513463422,
        0.20419058108242355,
        0.26052081250832915,
        0.120017902310447,
        0.23696485762661096,
        0.7206157848500129,
        0.4400039950102726,
        0.33946189035000673,
        0.12979099785809492,
        0.28125,
        0.6590342721550981,
        0.47134697278119864,
        0.16312978920172735,
        0.3483358876501243,
        0.3179643776999416,
        0.2395267143243108,
        0.3081731706768128,
        0.18553659510996745,
        0.19452968121857395,
        0.17328963291264715,
        0.5557318513680856
    ],
    [
        0.43441996170180763,
        0.35664725657854146,
        0.3205981957606749,
        0.5362813219290785,
        0.532856028280623,
        0.5745242597140698,
        0.3759752942348739,
        0.4318835925339142,
        0.4785435259722986,
        0.5048592006688597,
        0.5598897770990287,
        0.749511559700716,
        0.671875,
        0.45821494683172437,
        0.4861359120657514,
        0.6033354555096194,
        0.0,
        0.21194781197266463,
        0.44496971455931694,
        0.39958474539201316,
        0.5273292822089439,
        0.4401580958082625,
        0.4566137248813268,
        0.3955934031616301,
        0.30935921676911454,
        0.35147568372506227,
        0.44055850562099014,
        0.4372208931135382,
        0.33511891546136274,
        0.513753970652404,
        0.3240068961457456,
        0.45607873497895074,
        0.3881169483866944,
        0.21930732574403436,
        0.2692763740564701,
        0.3299798762803574,
        0.6117741234516216,
        0.4539324701979359,
        0.275106513463422,
        0.2943975575221371,
        0.5764333358030224,
        0.338020432074749,
        0.3051656682352135,
        0.298923851089203,
        0.33145630368119416,
        0.5618485811364126,
        0.5931329030031971,
        0.4664003611437281,
        0.2395267143243108
    ],
    [
        0.33108781406901705,
        0.1926379375927805,
        0.22371595411369302,
        0.3542432515235823,
        0.34481369516740484,
        0.4310348195041788,
        0.22207297505549836,
        0.2976962325509008,
        0.3535533905932738,
        0.36743675050952646,
        0.4142835494863391,
        0.5417167444799911,
        0.4734142939857224,
        0.31868871959954903,
        0.297285899850632,
        0.397747564417433,
        0.21194781197266463,
        0.0,
        0.3563048203434806,
        0.25911131174651564,
        0.37952993129659746,
        0.29586817576507884,
        0.2647042866577721,
        0.298923851089203,
        0.14235052467412967,
        0.3159960690024482,
        0.34410493039914436,
        0.3376591060152236,
        0.18087245160609727,
        0.3790292791387553,
        0.33034960174790584,
        0.3140586131600278,
        0.225888004606265,
        0.29646353064078557,
        0.12979099785809492,
        0.1875,
        0.39373759901106725,
        0.3065846385991966,
        0.214808235701055,
        0.16312978920172735,
        0.3563048203434806,
        0.22857404434887177,
        0.27692468829288425,
        0.2013140426050801,
        0.3190715290103459,
        0.40564859330459907,
        0.4330127018922193,
        0.30257682392245444,
        0.1753901900050285
    ],
    [
        0.28512949360772905,
        0.2773162398327945,
        0.3681005934184296,
        0.2390165396996618,
        0.20846350100197397,
        0.22857404434887177,
        0.2803806007019744,
        0.17469281074217108,
        0.29064180058966055,
        0.11587810136086973,
        0.20252314682524564,
        0.2795084971874737,
        0.23644915547533682,
        0.29851520585223124,
        0.14235052467412967,
        0.22480460265528374,
        0.44496971455931694,
        0.3563048203434806,
        0.0,
        0.171875,
        0.18421603316486868,
        0.16503103664327978,
        0.298923851089203,
        0.16387638252658618,
        0.31868871959954903,
        0.6880324642594999,
        0.40050017556175926,
        0.13258252147247765,
        0.2049199538844375,
        0.1163453536650452,
        0.225888004606265,
        0.14986973510352247,
        0.21137108216357317,
        0.5453102614567233,
        0.3486861500690843,
        0.2790714234295586,
        0.1887975933374152,
        0.14574029770451274,
        0.4207160005573831,
        0.36776882174811937,
        0.22426093897511443,
        0.23070036031614688,
        0.2165689883988728,
        0.22480460265528374,
        0.293567097313374,
        0.1616262567623219,
        0.18684782411095935,
        0.1514899955442603,
        0.4316008536541604
    ],
    [
        0.2773162398327945,
        0.18421603316486868,
        0.32249636625859834,
        0.17258376589355096,
        0.22426093897511443,
        0.19452968121857395,
        0.2781952158557009,
        0.12103072956898178,
        0.2619227283475033,
        0.15309310892394862,
        0.22534695471649932,
        0.31715286140913185,
        0.2893790496476896,
        0.23280725665236468,
        0.14657549249448218,
        0.24506854908372067,
        0.39958474539201316,
        0.25911131174651564,
        0.171875,
        0.0,
        0.171875,
        0.12270019780614319,
        0.20191949973937634,
        0.125,
        0.28341183042526646,
        0.6141638752197983,
        0.3736956482219187,
        0.13441133229754104,
        0.19008632907181935,
        0.1547672703969128,
        0.22426093897511443,
        0.17258376589355096,
        0.1711632992203644,
        0.45177600921253,
        0.2692763740564701,
        0.2385052737886523,
        0.214808235701055,
        0.11899645477912357,
        0.30935921676911454,
        0.3159960690024482,
        0.15934435979977452,
        0.125,
        0.19355108516731298,
        0.1753901900050285,
        0.29522568168267477,
        0.18355218944485516,
        0.22803936748947537,
        0.15546678704790937,
        0.3053878169639385
    ],
    [
        0.2651650429449553,
        0.26052081250832915,
        0.4080489017875186,
        0.16535945694153692,
        0.12789613706050704,
        0.2415566380271923,
        0.3097535562749845,
        0.18944305707784595,
        0.293567097313374,
        0.14740595518838442,
        0.1801962905417312,
        0.17608480733726006,
        0.171875,
        0.23799290955824715,
        0.13531646934131855,
        0.15780476466190746,
        0.5273292822089439,
        0.37952993129659746,
        0.18421603316486868,
        0.171875,
        0.0,
        0.15976939218935382,
        0.29973947020704494,
        0.19578068884596356,
        0.35733114456341475,
        0.7332105129156291,
        0.421875,
        0.2125229766989913,
        0.24105075969596113,
        0.15104166666666669,
        0.2881107642904027,
        0.20191949973937634,
        0.19948664585630788,
        0.5854685623498498,
        0.38495890608609123,
        0.296875,
        0.16682934768798924,
        0.21763106683100186,
        0.4736720747257537,
        0.4032339968926231,
        0.13975424859373686,
        0.26052081250832915,
        0.29815149544503566,
        0.258639771206982,
        0.3583545294118661,
        0.13799626353637262,
        0.17328963291264715,
        0.14235052467412967,
        0.44743190822738604
    ],
    [
        0.2646017874141779,
        0.17981954689200075,
        0.29208489360020734,
        0.18333037402914626,
        0.1647842918703789,
        0.19249706888100337,
        0.2500542475866209,
        0.11422766770552766,
        0.23598980748352483,
        0.13370310055201495,
        0.17500310017095252,
        0.27233159296669524,
        0.24972858530701778,
        0.23633440217788393,
        0.12181266212006774,
        0.2023891586221401,
        0.4401580958082625,
        0.29586817576507884,
        0.16503103664327978,
        0.12270019780614319,
        0.15976939218935382,
        0.0,
        0.21788021524324885,
        0.14749794019277393,
        0.28230896318474274,
        0.5978703887433389,
        0.3745295080905583,
        0.16486658115983763,
        0.21335103279441714,
        0.16764038478574042,
        0.2361621676823882,
        0.19695490001238583,
        0.15424055098917552,
        0.4756722673257059,
        0.2821647931371154,
        0.16519532840785114,
        0.18057224815999703,
        0.12192395740332941,
        0.30262164679862397,
        0.28730934197500635,
        0.15737442635143886,
        0.17738944131173337,
        0.23344723782307258,
        0.2330401804291364,
        0.3083491690753268,
        0.16666666666666666,
        0.18764462015262312,
        0.12895227503270779,
        0.3367339557342628
    ],
    [
        0.3128903811640748,
        0.20070675904164265,
        0.2829807855667943,
        0.21021287573552672,
        0.24655834121967968,
        0.3358466446906981,
        0.23747943989954162,
        0.2728788936964528,
        0.36543798636020314,
        0.29851520585223124,
        0.275106513463422,
        0.3247595264191645,
        0.2572199630180364,
        0.3089643739575811,
        0.26052081250832915,
        0.21763106683100186,
        0.4566137248813268,
        0.2647042866577721,
        0.298923851089203,
        0.20191949973937634,
        0.29973947020704494,
        0.21788021524324885,
        0.0,
        0.30618621784789724,
        0.2755498763835687,
        0.5504348423065167,
        0.40625,
        0.3029799910885206,
        0.17044862679118303,
        0.3237975217160324,
        0.2960514893983815,
        0.2049199538844375,
        0.1988737822087165,
        0.5522061577210091,
        0.2715335499528557,
        0.1875,
        0.2910615001593306,
        0.3101473943949876,
        0.43694160794092385,
        0.2628531850196988,
        0.2939826206597934,
        0.25194555463432966,
        0.2846534046237439,
        0.20070675904164265,
        0.3262595784034547,
        0.3021731188408393,
        0.3476343040826092,
        0.23175620272173947,
        0.39435717075387383
    ],
    [
        0.297285899850632,
        0.21763106683100186,
        0.29646353064078557,
        0.24655834121967968,
        0.24407030237208294,
        0.1616262567623219,
        0.28683687110446593,
        0.13441133229754104,
        0.2572199630180364,
        0.14905300022139775,
        0.21875,
        0.3284968131504475,
        0.29481191037676885,
        0.2803806007019744,
        0.1616262567623219,
        0.273772116686488,
        0.3955934031616301,
        0.298923851089203,
        0.16387638252658618,
        0.125,
        0.19578068884596356,
        0.14749794019277393,
        0.30618621784789724,
        0.0,
        0.30777680630612825,
        0.6191128986299672,
        0.41339864235384227,
        0.10245997694221876,
        0.240035804620894,
        0.13237776069936286,
        0.17328963291264715,
        0.19825902406952375,
        0.2415566380271923,
        0.4318835925339142,
        0.31444705933590794,
        0.28598445652692384,
        0.25,
        0.15934435979977452,
        0.2773162398327945,
        0.3603925810834624,
        0.22152260748059102,
        0.18087245160609727,
        0.172426514137988,
        0.20610790559801437,
        0.29022149407822984,
        0.16828640022295324,
        0.19390115071860714,
        0.18619336387207788,
        0.32287466124643477
    ],
    [
        0.3140586131600278,
        0.23696485762661096,
        0.213668661424646,
        0.35008369535012623,
        0.3021731188408393,
        0.45285552331841994,
        0.20009763241977652,
        0.29064180058966055,
        0.32021721143623744,
        0.3710731902199349,
        0.3634282296754065,
        0.5158616881005993,
        0.4386146514880687,
        0.30418628646768414,
        0.2881107642904027,
        0.36743675050952646,
        0.30935921676911454,
        0.14235052467412967,
        0.31868871959954903,
        0.28341183042526646,
        0.35733114456341475,
        0.28230896318474274,
        0.2755498763835687,
        0.30777680630612825,
        0.0,
        0.33071891388307384,
        0.31638213642682167,
        0.3465792658252943,
        0.19008632907181935,
        0.3857332596101151,
        0.3549317716125171,
        0.32775276505317236,
        0.19578068884596356,
        0.31638213642682167,
        0.1335000585205864,
        0.19702375332685143,
        0.363763960213213,
        0.31638213642682167,
        0.240035804620894,
        0.16682934768798924,
        0.3497348325874905,
        0.2209708691207961,
        0.2877339024361069,
        0.255314603724503,
        0.328125,
        0.4017175041307013,
        0.42790824805091104,
        0.2872621298570349,
        0.24754655496491967
    ],
    [
        0.6938626034742037,
        0.4973072019637359,
        0.22426093897511443,
        0.7646677689526348,
        0.6964965340007084,
        0.8644735121014409,
        0.2799448885495143,
        0.5210416250166583,
        0.4032339968926231,
        0.7840574556433986,
        0.6497069651966184,
        1.0037770466468139,
        0.9691279504662942,
        0.5863019699779287,
        0.661622354991879,
        0.878897569401577,
        0.35147568372506227,
        0.3159960690024482,
        0.6880324642594999,
        0.6141638752197983,
        0.7332105129156291,
        0.5978703887433389,
        0.5504348423065167,
        0.6191128986299672,
        0.33071891388307384,
        0.0,
        0.5337715891418351,
        0.7146622891268295,
        0.4116231210099841,
        0.7850083211253949,
        0.4965702681897095,
        0.7611476224261625,
        0.46140072063229376,
        0.18221724671391565,
        0.3097535562749845,
        0.3644344934278313,
        0.8248757008634695,
        0.5879652413195868,
        0.258639771206982,
        0.24556615071096424,
        0.6906886282906357,
        0.358013726168425,
        0.6752177825112757,
        0.5984599375689237,
        0.5524271728019903,
        0.7922660833804511,
        0.8919945610120052,
        0.6536406457297466,
        0.3627558364451219
    ],
    [
        0.36241917202322504,
        0.4552750713854208,
        0.4186800314679457,
        0.4358226775306673,
        0.46087128761726953,
        0.5132521158017763,
        0.4250459533979826,
        0.3610693752591045,
        0.37662408728731095,
        0.44579195680272204,
        0.4838707052250632,
        0.5852600250102513,
        0.5587985856952395,
        0.31715286140913185,
        0.42042575147105343,
        0.48538201771903333,
        0.44055850562099014,
        0.34410493039914436,
        0.40050017556175926,
        0.3736956482219187,
        0.421875,
        0.3745295080905583,
        0.40625,
        0.41339864235384227,
        0.31638213642682167,
        0.5337715891418351,
        0.0,
        0.43273070075394465,
        0.3811347161765771,
        0.45619767584287896,
        0.42961647140211,
        0.4139887906091178,
        0.3332926407453366,
        0.4539324701979359,
        0.338381372307933,
        0.3647692978102735,
        0.489139870078079,
        0.4032339968926231,
        0.4071504443998557,
        0.31483502624390447,
        0.4244711783501914,
        0.3532079548580411,
        0.38276820888902346,
        0.3899994991983964,
        0.44824963399315787,
        0.48713928962874675,
        0.5132521158017763,
        0.41102957618643454,
        0.4558110045567132
    ],
    [
        0.318305449804115,
        0.23280725665236468,
        0.4008048543243956,
        0.21079277442550065,
        0.203125,
        0.09631896879639025,
        0.3433947027474361,
        0.1795175827043134,
        0.28341183042526646,
        0.1514899955442603,
        0.1660960283239789,
        0.2572199630180364,
        0.1988737822087165,
        0.3140586131600278,
        0.15625,
        0.22642776165920997,
        0.4372208931135382,
        0.3376591060152236,
        0.13258252147247765,
        0.13441133229754104,
        0.2125229766989913,
        0.16486658115983763,
        0.3029799910885206,
        0.10245997694221876,
        0.3465792658252943,
        0.7146622891268295,
        0.43273070075394465,
        0.0,
        0.2647042866577721,
        0.10259226876870943,
        0.14740595518838442,
        0.184877493221863,
        0.2548360379734389,
        0.48713928962874675,
        0.363763960213213,
        0.3175375223890871,
        0.1711632992203644,
        0.109375,
        0.39590185810374773,
        0.41102957618643454,
        0.23799290955824715,
        0.1887975933374152,
        0.18251474445765867,
        0.23644915547533682,
        0.2728788936964528,
        0.14490028899212037,
        0.14657549249448218,
        0.15068204314051492,
        0.3630921887069453
    ],
    [
        0.29315098498896436,
        0.14986973510352247,
        0.18619336387207788,
        0.258167369404036,
        0.21986323874172325,
        0.370744078678271,
        0.15934435979977452,
        0.19702375332685143,
        0.26608416196760004,
        0.25626905416963636,
        0.273772116686488,
        0.39528470752104744,
        0.328125,
        0.2790714234295586,
        0.18553659510996745,
        0.275106513463422,
        0.33511891546136274,
        0.18087245160609727,
        0.2049199538844375,
        0.19008632907181935,
        0.24105075969596113,
        0.21335103279441714,
        0.17044862679118303,
        0.240035804620894,
        0.19008632907181935,
        0.4116231210099841,
        0.3811347161765771,
        0.2647042866577721,
        0.0,
        0.29416710930089457,
        0.3081731706768128,
        0.23228232417685166,
        0.10004881620988826,
        0.3811347161765771,
        0.16461958988832404,
        0.12979099785809492,
        0.27466243486323355,
        0.21763106683100186,
        0.24803918541230538,
        0.1753901900050285,
        0.25242960033442985,
        0.15546678704790937,
        0.28806368352135064,
        0.21194781197266463,
        0.31483502624390447,
        0.2821167200823092,
        0.34410493039914436,
        0.19640320453088336,
        0.22480460265528374
    ],
    [
        0.31646786522840237,
        0.2667460005687891,
        0.44454276798688835,
        0.18929981088944012,
        0.201179249123208,
