[
    [
        0.0,
        0.34410493039914436,
        0.37629983058725924,
        0.2209708691207961,
        0.19578068884596356,
        0.240035804620894,
        0.22696623509896796,
        0.2773162398327945,
        0.22642776165920997,
        0.3451675317871019,
        0.1795175827043134,
        0.20009763241977652,
        0.21930732574403436,
        0.18421603316486868,
        0.2153757617514097,
        0.1887975933374152,
        0.28254908312539256,
        0.3644344934278313,
        0.21423920626253262,
        0.2159417962669571,
        0.1711632992203644,
        0.20787710461953235,
        0.4207160005573831,
        0.2803806007019744,
        0.1907274314958391,
        0.35251606789620243,
        0.20787710461953235,
        0.38337012957454053,
        0.2460627460628691,
        0.318177590610443,
        0.3412551510600243,
        0.22857404434887177,
        0.1926379375927805,
        0.3909373750999001,
        0.2312288841710741,
        0.21650635094610965,
        0.14986973510352247,
        0.40564859330459907,
        0.24206145913796356,
        0.449880626527749,
        0.23070036031614688,
        0.27775607554111215,
        0.21875,
        0.23017062285400366,
        0.22803936748947537,
        0.21423920626253262,
        0.23747943989954162,
        0.17469281074217108,
        0.42331928700450205
    ],
    [
        0.34410493039914436,
        0.0,
        0.1514899955442603,
        0.24556615071096424,
        0.24407030237208294,
        0.23747943989954162,
        0.2786336640644845,
        0.4913807872973871,
        0.49853300417324425,
        0.4965702681897095,
        0.2795084971874737,
        0.29522568168267477,
        0.213096589015404,
        0.3681005934184296,
        0.2557922741210141,
        0.234375,
        0.4759858191164943,
        0.4316008536541604,
        0.2914805954090255,
        0.36743675050952646,
        0.29189908894170946,
        0.20669932117692114,
        0.6335354666472904,
        0.4095419506900361,
        0.2881107642904027,
        0.19136638615493579,
        0.4321661464356041,
        0.4189714899309976,
        0.34053897996411514,
        0.4195861262733923,
        0.42042575147105343,
        0.3727143888086426,
        0.1570293065800139,
        0.09757809372497497,
        0.3497348325874905,
        0.2153757617514097,
        0.29522568168267477,
        0.6606992034958117,
        0.33946189035000673,
        0.5964167088747598,
        0.2390165396996618,
        0.3912495007984036,
        0.3167677333236452,
        0.15229366163764005,
        0.29064180058966055,
        0.08267972847076846,
        0.34693130173710185,
        0.2679129406169101,
        0.07493486755176124
    ],
    [
        0.37629983058725924,
        0.1514899955442603,
        0.0,
        0.3694247005480278,
        0.31093357409581873,
        0.32923917977664807,
        0.3419698223162389,
        0.5970304117044625,
        0.5051009336013942,
        0.6071674758664203,
        0.35458767868469426,
        0.37856379498705367,
        0.25626905416963636,
        0.36174490321219455,
        0.3081731706768128,
        0.29646353064078557,
        0.5689731705010351,
        0.557267328128969,
        0.3159960690024482,
        0.4708287241662301,
        0.40625,
        0.2728788936964528,
        0.7638691600987698,
        0.5014627042462879,
        0.37565047750535335,
        0.16973094517500337,
        0.5186935210218072,
        0.6427176187875979,
        0.49975579974123363,
        0.5840304614154224,
        0.5992752784614096,
        0.47418721579667245,
        0.22642776165920997,
        0.14657549249448218,
        0.4468859264398466,
        0.26745691825974516,
        0.32738010687120256,
        0.795495128834866,
        0.43357615392223775,
        0.6928062274186051,
        0.2557922741210141,
        0.4579484653047764,
        0.436102679279777,
        0.2548360379734389,
        0.43498159084609545,
        0.20846350100197397,
        0.39866721319290854,
        0.301768873684812,
        0.09504316453590968
    ],
    [
        0.2209708691207961,
        0.24556615071096424,
        0.3694247005480278,
        0.0,
        0.08838834764831845,
        0.16010860571811872,
        0.14657549249448218,
        0.20846350100197397,
        0.20904825250405706,
        0.28427195935406646,
        0.120017902310447,
        0.1788362990978062,
        0.14905300022139775,
        0.21079277442550065,
        0.11692679333668567,
        0.1660960283239789,
        0.26378035962709584,
        0.2209708691207961,
        0.21986323874172325,
        0.18154609435347266,
        0.171875,
        0.1335000585205864,
        0.3881169483866944,
        0.19702375332685143,
        0.11048543456039805,
        0.3746743377588062,
        0.18619336387207788,
        0.28853414550967793,
        0.14740595518838442,
        0.23460636728240017,
        0.23644915547533682,
        0.21650635094610965,
        0.1660960283239789,
        0.30935921676911454,
        0.1307281291459493,
        0.11692679333668567,
        0.15467960838455727,
        0.32923917977664807,
        0.140625,
        0.32249636625859834,
        0.171875,
        0.23175620272173947,
        0.19327057620082783,
        0.14986973510352247,
        0.15229366163764005,
        0.2096313728906053,
        0.17608480733726006,
        0.14320549046737,
        0.32775276505317236
    ],
    [
        0.19578068884596356,
        0.24407030237208294,
        0.31093357409581873,
        0.08838834764831845,
        0.0,
        0.19008632907181935,
        0.13531646934131855,
        0.25048780534189685,
        0.2395267143243108,
        0.37304176207229134,
        0.13799626353637262,
        0.21194781197266463,
        0.12401959270615269,
        0.17469281074217108,
        0.09375,
        0.14740595518838442,
        0.3217384419058438,
        0.2786336640644845,
        0.20191949973937634,
        0.18421603316486868,
        0.19948664585630788,
        0.10825317547305482,
        0.43273070075394465,
        0.23747943989954162,
        0.11048543456039805,
        0.3240068961457456,
        0.22207297505549836,
        0.3423265984407288,
        0.2159417962669571,
        0.30489887610940414,
        0.2706329386826371,
        0.258639771206982,
        0.14657549249448218,
        0.3569893643373707,
        0.17044862679118303,
        0.09631896879639025,
        0.12597277731716483,
        0.40864677595693816,
        0.16461958988832404,
        0.40864677595693816,
        0.13531646934131855,
        0.2614562582918986,
        0.2415566380271923,
        0.17469281074217108,
        0.19452968121857395,
        0.22534695471649932,
        0.21079277442550065,
        0.12979099785809492,
        0.3128903811640748
    ],
    [
        0.240035804620894,
        0.23747943989954162,
        0.32923917977664807,
        0.16010860571811872,
        0.19008632907181935,
        0.0,
        0.19327057620082783,
        0.1801962905417312,
        0.1907274314958391,
        0.2509746625657658,
        0.1767766952966369,
        0.1795175827043134,
        0.2209708691207961,
        0.23280725665236468,
        0.16312978920172735,
        0.22207297505549836,
        0.2509746625657658,
        0.24705294220065463,
        0.19008632907181935,
        0.18619336387207788,
        0.16828640022295324,
        0.16237976320958225,
        0.3262595784034547,
        0.15934435979977452,
        0.1711632992203644,
        0.32886820593514354,
        0.19390115071860714,
        0.23747943989954162,
        0.13258252147247765,
        0.19320038532282713,
        0.21875,
        0.16461958988832404,
        0.1788362990978062,
        0.30378472023786846,
        0.15857643070456592,
        0.1907274314958391,
        0.14740595518838442,
        0.29189908894170946,
        0.1570293065800139,
        0.2651650429449553,
        0.2181912506838897,
        0.109375,
        0.20372507516258279,
        0.2275034340400162,
        0.15388840315306412,
        0.24206145913796356,
        0.22316963839196408,
        0.15229366163764005,
        0.2927342811749249
    ],
    [
        0.22696623509896796,
        0.2786336640644845,
        0.3419698223162389,
        0.14657549249448218,
        0.13531646934131855,
        0.19327057620082783,
        0.0,
        0.1988737822087165,
        0.14823176532039278,
        0.31522251565362525,
        0.17469281074217108,
        0.2013140426050801,
        0.15229366163764005,
        0.22207297505549836,
        0.1570293065800139,
        0.18553659510996745,
        0.301768873684812,
        0.27332587007087344,
        0.203125,
        0.17469281074217108,
        0.21079277442550065,
        0.17608480733726006,
        0.33874192794810626,
        0.1753901900050285,
        0.10597390598633231,
        0.32287466124643477,
        0.22371595411369302,
        0.3433947027474361,
        0.25626905416963636,
        0.32617642316356615,
        0.22316963839196408,
        0.234375,
        0.17044862679118303,
        0.3391021002220423,
        0.15388840315306412,
        0.15388840315306412,
        0.1788362990978062,
        0.3159960690024482,
        0.18221724671391565,
        0.32775276505317236,
        0.19640320453088336,
        0.234375,
        0.27775607554111215,
        0.19948664585630788,
        0.2405438174740727,
        0.26052081250832915,
        0.2181912506838897,
        0.1570293065800139,
        0.3321920566479578
    ],
    [
        0.2773162398327945,
        0.4913807872973871,
        0.5970304117044625,
        0.20846350100197397,
        0.25048780534189685,
        0.1801962905417312,
        0.1988737822087165,
        0.0,
        0.19702375332685143,
        0.19764235376052372,
        0.24256522962906288,
        0.213096589015404,
        0.3232525135246438,
        0.2628531850196988,
        0.25,
        0.3376591060152236,
        0.2405438174740727,
        0.24506854908372067,
        0.29646353064078557,
        0.1753901900050285,
        0.22426093897511443,
        0.2910615001593306,
        0.19948664585630788,
        0.1781524101717403,
        0.18684782411095935,
        0.6185211066527965,
        0.16237976320958225,
        0.16535945694153692,
        0.19136638615493579,
        0.19709258258775525,
        0.11796616305110547,
        0.2651650429449553,
        0.3401803290168319,
        0.6317989568486165,
        0.15625,
        0.25146057717861064,
        0.23593232610221093,
        0.18154609435347266,
        0.18684782411095935,
        0.22041774968227945,
        0.34268300311658295,
        0.14823176532039278,
        0.29973947020704494,
        0.42216425269082175,
        0.2430679560328757,
        0.42475866309588084,
        0.3398212995458054,
        0.2628531850196988,
        0.5683291712335379
    ],
    [
        0.22642776165920997,
        0.49853300417324425,
        0.5051009336013942,
        0.20904825250405706,
        0.2395267143243108,
        0.1907274314958391,
        0.14823176532039278,
        0.19702375332685143,
        0.0,
        0.23385358667337133,
        0.20846350100197397,
        0.18221724671391565,
        0.2275034340400162,
        0.15934435979977452,
        0.15467960838455727,
        0.2647042866577721,
        0.28384222069663984,
        0.3552755312781898,
        0.15229366163764005,
        0.22963966338592295,
        0.2096313728906053,
        0.1988737822087165,
        0.255314603724503,
        0.213668661424646,
        0.14657549249448218,
        0.49410588440130926,
        0.21423920626253262,
        0.26745691825974516,
        0.19515618744994995,
        0.3111080108972516,
        0.19390115071860714,
        0.23017062285400366,
        0.28555729503901667,
        0.6029306681742106,
        0.1753901900050285,
        0.171875,
        0.18421603316486868,
        0.2572199630180364,
        0.22963966338592295,
        0.3347544575879461,
        0.2647042866577721,
        0.2125229766989913,
        0.24853083938416978,
        0.3583545294118661,
        0.2405438174740727,
        0.36241917202322504,
        0.20191949973937634,
        0.1616262567623219,
        0.5585800916162337
    ],
    [
        0.3451675317871019,
        0.4965702681897095,
        0.6071674758664203,
        0.28427195935406646,
        0.37304176207229134,
        0.2509746625657658,
        0.31522251565362525,
        0.19764235376052372,
        0.23385358667337133,
        0.0,
        0.31366968593569894,
        0.24853083938416978,
        0.4017175041307013,
        0.338020432074749,
        0.28512949360772905,
        0.350780380010057,
        0.2633171804117612,
        0.35664725657854146,
        0.30856902590830465,
        0.2405438174740727,
        0.2670001170411728,
        0.30055287596361474,
        0.234375,
        0.26238836912104163,
        0.28384222069663984,
        0.6594046201877872,
        0.2348952559120767,
        0.1801962905417312,
        0.20904825250405706,
        0.22540713550398334,
        0.23696485762661096,
        0.22152260748059102,
        0.3915613776919271,
        0.5300998579277304,
        0.26608416196760004,
        0.33874192794810626,
        0.2795084971874737,
        0.213096589015404,
        0.31868871959954903,
        0.3121091305537215,
        0.34938562148434216,
        0.20191949973937634,
        0.21986323874172325,
        0.32249636625859834,
        0.2125229766989913,
        0.3671043788897103,
        0.21650635094610965,
        0.3497348325874905,
        0.5730350256528828
    ],
    [
        0.1795175827043134,
        0.2795084971874737,
        0.35458767868469426,
        0.120017902310447,
        0.13799626353637262,
        0.1767766952966369,
        0.17469281074217108,
        0.24256522962906288,
        0.20846350100197397,
        0.31366968593569894,
        0.0,
        0.1988737822087165,
        0.1514899955442603,
        0.23280725665236468,
        0.18814991529362962,
        0.14657549249448218,
        0.2679129406169101,
        0.2728788936964528,
        0.21875,
        0.19764235376052372,
        0.18154609435347266,
        0.1788362990978062,
        0.4008048543243956,
        0.18355218944485516,
        0.15068204314051492,
        0.29973947020704494,
        0.18619336387207788,
        0.3336586953759785,
        0.19452968121857395,
        0.275500649071629,
        0.27775607554111215,
        0.22696623509896796,
        0.184877493221863,
        0.3236299246438747,
        0.14235052467412967,
        0.125,
        0.17258376589355096,
        0.3336586953759785,
        0.14905300022139775,
        0.3236299246438747,
        0.15934435979977452,
        0.2665425329567497,
        0.22152260748059102,
        0.18944305707784595,
        0.20070675904164265,
        0.265625,
        0.18355218944485516,
        0.15068204314051492,
        0.3486861500690843
    ],
    [
        0.20009763241977652,
        0.29522568168267477,
        0.37856379498705367,
        0.1788362990978062,
        0.21194781197266463,
        0.1795175827043134,
        0.2013140426050801,
        0.213096589015404,
        0.18221724671391565,
        0.24853083938416978,
        0.1988737822087165,
        0.0,
        0.23280725665236468,
        0.24206145913796356,
        0.21137108216357317,
        0.18619336387207788,
        0.2209708691207961,
        0.3053878169639385,
        0.15388840315306412,
        0.19390115071860714,
        0.140625,
        0.19008632907181935,
        0.35008369535012623,
        0.2153757617514097,
        0.1795175827043134,
        0.4207160005573831,
        0.15857643070456592,
        0.2773162398327945,
        0.171875,
        0.19805368064407858,
        0.26608416196760004,
        0.18553659510996745,
        0.1887975933374152,
        0.3657718722099883,
        0.19452968121857395,
        0.19515618744994995,
        0.16461958988832404,
        0.28470104934825935,
        0.18087245160609727,
        0.338020432074749,
        0.25958199571618984,
        0.1570293065800139,
        0.17746588580625855,
        0.20787710461953235,
        0.14740595518838442,
        0.19452968121857395,
        0.21986323874172325,
        0.19764235376052372,
        0.36743675050952646
    ],
    [
        0.21930732574403436,
        0.213096589015404,
        0.25626905416963636,
        0.14905300022139775,
        0.12401959270615269,
        0.2209708691207961,
        0.15229366163764005,
        0.3232525135246438,
        0.2275034340400162,
        0.4017175041307013,
        0.1514899955442603,
        0.23280725665236468,
        0.0,
        0.18421603316486868,
        0.14986973510352247,
        0.15780476466190746,
        0.3419698223162389,
        0.32287466124643477,
        0.16387638252658618,
        0.2445699350390395,
        0.21021287573552672,
        0.12597277731716483,
        0.4968160342370202,
        0.27466243486323355,
        0.14823176532039278,
        0.22480460265528374,
        0.2633171804117612,
        0.4250459533979826,
        0.2665425329567497,
        0.3607687345947693,
        0.3644344934278313,
        0.27599252707274524,
        0.1316585902058806,
        0.26052081250832915,
        0.2181912506838897,
        0.11267347735824966,
        0.15546678704790937,
        0.4787985451888926,
        0.2096313728906053,
        0.436102679279777,
        0.14490028899212037,
        0.29481191037676885,
        0.26052081250832915,
        0.15467960838455727,
        0.2405438174740727,
        0.18288593610499415,
        0.19825902406952375,
        0.14574029770451274,
        0.25146057717861064
    ],
    [
        0.18421603316486868,
        0.3681005934184296,
        0.36174490321219455,
        0.21079277442550065,
        0.17469281074217108,
        0.23280725665236468,
        0.22207297505549836,
        0.2628531850196988,
        0.15934435979977452,
        0.338020432074749,
        0.23280725665236468,
        0.24206145913796356,
        0.18421603316486868,
        0.0,
        0.15467960838455727,
        0.2096313728906053,
        0.3081731706768128,
        0.3924955214712647,
        0.21650635094610965,
        0.184877493221863,
        0.240035804620894,
        0.15546678704790937,
        0.4026280852101602,
        0.275106513463422,
        0.19008632907181935,
        0.3700849775727191,
        0.2665425329567497,
        0.39989012162717896,
        0.2914805954090255,
        0.37960139913101243,
        0.32775276505317236,
        0.2927342811749249,
        0.18944305707784595,
        0.42676563386711447,
        0.20846350100197397,
        0.18087245160609727,
        0.13531646934131855,
        0.3576725981956124,
        0.2576941016011038,
        0.45285552331841994,
        0.21194781197266463,
        0.2914805954090255,
        0.24853083938416978,
        0.21650635094610965,
        0.2688226645950821,
        0.213668661424646,
        0.18221724671391565,
        0.171875,
        0.43273070075394465
    ],
    [
        0.2153757617514097,
        0.2557922741210141,
        0.3081731706768128,
        0.11692679333668567,
        0.09375,
        0.16312978920172735,
        0.1570293065800139,
        0.25,
        0.15467960838455727,
        0.28512949360772905,
        0.18814991529362962,
        0.21137108216357317,
        0.14986973510352247,
        0.15467960838455727,
        0.0,
        0.184877493221863,
        0.28427195935406646,
        0.3159960690024482,
        0.1887975933374152,
        0.1781524101717403,
        0.19008632907181935,
        0.0897587913521567,
        0.3779183319514945,
        0.20787710461953235,
        0.11796616305110547,
        0.33438960248488586,
        0.22480460265528374,
        0.2910615001593306,
        0.18154609435347266,
        0.2967836116647578,
        0.2633171804117612,
        0.2395267143243108,
        0.11899645477912357,
        0.40050017556175926,
        0.1795175827043134,
        0.1307281291459493,
        0.11587810136086973,
        0.33438960248488586,
        0.19825902406952375,
        0.3955934031616301,
        0.16010860571811872,
        0.22207297505549836,
        0.20846350100197397,
        0.21079277442550065,
        0.213096589015404,
        0.18684782411095935,
        0.1753901900050285,
        0.12103072956898178,
        0.32021721143623744
    ],
    [
        0.1887975933374152,
        0.234375,
        0.29646353064078557,
        0.1660960283239789,
        0.14740595518838442,
        0.22207297505549836,
        0.18553659510996745,
        0.3376591060152236,
        0.2647042866577721,
        0.350780380010057,
        0.14657549249448218,
        0.18619336387207788,
        0.15780476466190746,
        0.2096313728906053,
        0.184877493221863,
        0.0,
        0.298923851089203,
        0.28125,
        0.1875,
        0.2647042866577721,
        0.1801962905417312,
        0.14574029770451274,
        0.5215099771337074,
        0.2768757054167086,
        0.16682934768798924,
        0.29563887388163285,
        0.25958199571618984,
        0.4095419506900361,
        0.22696623509896796,
        0.3060976094773982,
        0.38843134045800165,
        0.23017062285400366,
        0.14574029770451274,
        0.27421763710600383,
        0.23747943989954162,
        0.16387638252658618,
        0.15229366163764005,
        0.449880626527749,
        0.16387638252658618,
        0.45607873497895074,
        0.1335000585205864,
        0.28512949360772905,
        0.17399263633843817,
        0.15309310892394862,
        0.17608480733726006,
        0.19640320453088336,
        0.1788362990978062,
        0.16010860571811872,
        0.28683687110446593
    ],
    [
        0.28254908312539256,
        0.4759858191164943,
        0.5689731705010351,
        0.26378035962709584,
        0.3217384419058438,
        0.2509746625657658,
        0.301768873684812,
        0.2405438174740727,
        0.28384222069663984,
        0.2633171804117612,
        0.2679129406169101,
        0.2209708691207961,
        0.3419698223162389,
        0.3081731706768128,
        0.28427195935406646,
        0.298923851089203,
        0.0,
        0.2960514893983815,
        0.3255104164999947,
        0.17258376589355096,
        0.22480460265528374,
        0.28512949360772905,
        0.2939826206597934,
        0.17746588580625855,
        0.27466243486323355,
        0.5719689130538477,
        0.20669932117692114,
        0.24556615071096424,
        0.20610790559801437,
        0.22201189047861575,
        0.2829807855667943,
        0.25291271962872885,
        0.36174490321219455,
        0.5508782051188811,
        0.2159417962669571,
        0.3243834295629171,
        0.2803806007019744,
        0.2538762001448738,
        0.24803918541230538,
        0.33034960174790584,
        0.29189908894170946,
        0.240035804620894,
        0.2405438174740727,
        0.35561895864815757,
        0.2209708691207961,
        0.3614072970693868,
        0.26745691825974516,
        0.350780380010057,
        0.5670389784882517
    ],
    [
        0.3644344934278313,
        0.4316008536541604,
        0.557267328128969,
        0.2209708691207961,
        0.2786336640644845,
        0.24705294220065463,
        0.27332587007087344,
        0.24506854908372067,
        0.3552755312781898,
        0.35664725657854146,
        0.2728788936964528,
        0.3053878169639385,
        0.32287466124643477,
        0.3924955214712647,
        0.3159960690024482,
        0.28125,
        0.2960514893983815,
        0.0,
        0.38305158350410196,
        0.2706329386826371,
        0.28341183042526646,
        0.3255104164999947,
        0.3001464486296648,
        0.23696485762661096,
        0.26378035962709584,
        0.5122998847110938,
        0.265625,
        0.2275034340400162,
        0.22371595411369302,
        0.1743041721945991,
        0.22041774968227945,
        0.2881107642904027,
        0.3358466446906981,
        0.4568809849129202,
        0.2509746625657658,
        0.3156095293238149,
        0.32775276505317236,
        0.25242960033442985,
        0.15857643070456592,
        0.20610790559801437,
        0.3391021002220423,
        0.27332587007087344,
        0.28683687110446593,
        0.3232525135246438,
        0.21875,
        0.38874547826952277,
        0.3340243488504992,
        0.32135880939379896,
        0.5168073565169133
    ],
    [
        0.21423920626253262,
        0.2914805954090255,
        0.3159960690024482,
        0.21986323874172325,
        0.20191949973937634,
        0.19008632907181935,
        0.203125,
        0.29646353064078557,
        0.15229366163764005,
        0.30856902590830465,
        0.21875,
        0.15388840315306412,
        0.16387638252658618,
        0.21650635094610965,
        0.1887975933374152,
        0.1875,
        0.3255104164999947,
        0.38305158350410196,
        0.0,
        0.2557922741210141,
        0.19008632907181935,
        0.14320549046737,
        0.40202126032089397,
        0.2923169833417142,
        0.19008632907181935,
        0.30856902590830465,
        0.2628531850196988,
        0.4041411611367988,
        0.28081563680642857,
        0.3691676072222781,
        0.3563048203434806,
        0.2275034340400162,
        0.17258376589355096,
        0.3455210060546247,
        0.240035804620894,
        0.14405538214520136,
        0.1788362990978062,
        0.40232478717449166,
        0.25958199571618984,
        0.43273070075394465,
        0.2096313728906053,
        0.24951124097923924,
        0.24556615071096424,
        0.20787710461953235,
        0.255314603724503,
        0.1887975933374152,
        0.19008632907181935,
        0.16237976320958225,
        0.34053897996411514
    ],
    [
        0.2159417962669571,
        0.36743675050952646,
        0.4708287241662301,
        0.18154609435347266,
        0.18421603316486868,
        0.18619336387207788,
        0.17469281074217108,
        0.1753901900050285,
        0.22963966338592295,
        0.2405438174740727,
        0.19764235376052372,
        0.19390115071860714,
        0.2445699350390395,
        0.184877493221863,
        0.1781524101717403,
        0.2647042866577721,
        0.17258376589355096,
        0.2706329386826371,
        0.2557922741210141,
        0.0,
        0.17044862679118303,
        0.19825902406952375,
        0.28125,
        0.15467960838455727,
        0.17469281074217108,
        0.5113458803735491,
        0.14149039278339715,
        0.16682934768798924,
        0.15546678704790937,
        0.1817700871522411,
        0.19327057620082783,
        0.2430679560328757,
        0.25194555463432966,
        0.5046173519360982,
        0.1269381000724369,
        0.21194781197266463,
        0.1753901900050285,
        0.21930732574403436,
        0.19452968121857395,
        0.3021731188408393,
        0.24105075969596113,
        0.20009763241977652,
        0.23644915547533682,
        0.3125,
        0.17469281074217108,
        0.3101473943949876,
        0.24853083938416978,
        0.2013140426050801,
        0.43889287203712934
    ],
    [
        0.1711632992203644,
        0.29189908894170946,
        0.40625,
        0.171875,
        0.19948664585630788,
        0.16828640022295324,
        0.21079277442550065,
        0.22426093897511443,
        0.2096313728906053,
        0.2670001170411728,
        0.18154609435347266,
        0.140625,
        0.21021287573552672,
        0.240035804620894,
        0.19008632907181935,
        0.1801962905417312,
        0.22480460265528374,
        0.28341183042526646,
        0.19008632907181935,
        0.17044862679118303,
        0.0,
        0.1753901900050285,
        0.3681005934184296,
        0.21021287573552672,
        0.15068204314051492,
        0.4095419506900361,
        0.15068204314051492,
        0.2647042866577721,
        0.13975424859373686,
        0.2155016756830958,
        0.2799448885495143,
        0.1269381000724369,
        0.20191949973937634,
        0.3610693752591045,
        0.1801962905417312,
        0.19452968121857395,
        0.15934435979977452,
        0.28125,
        0.18814991529362962,
        0.36174490321219455,
        0.2096313728906053,
        0.19390115071860714,
        0.14905300022139775,
        0.20787710461953235,
        0.13621559198564606,
        0.19948664585630788,
        0.18619336387207788,
        0.19640320453088336,
        0.37565047750535335
    ],
    [
        0.20787710461953235,
        0.20669932117692114,
        0.2728788936964528,
        0.1335000585205864,
        0.10825317547305482,
        0.16237976320958225,
        0.17608480733726006,
        0.2910615001593306,
        0.1988737822087165,
        0.30055287596361474,
        0.1788362990978062,
        0.19008632907181935,
        0.12597277731716483,
        0.15546678704790937,
        0.0897587913521567,
        0.14574029770451274,
        0.28512949360772905,
        0.3255104164999947,
        0.14320549046737,
        0.19825902406952375,
        0.1753901900050285,
        0.0,
        0.42790824805091104,
        0.23799290955824715,
        0.14490028899212037,
        0.3236299246438747,
        0.23333100817293873,
        0.3053878169639385,
        0.17746588580625855,
        0.28745093180305475,
        0.3089643739575811,
        0.22316963839196408,
        0.109375,
        0.3217384419058438,
        0.20252314682524564,
        0.10481568644530265,
        0.10126157341262282,
        0.3846416757840991,
        0.1926379375927805,
        0.43498159084609545,
        0.11692679333668567,
        0.25194555463432966,
        0.1926379375927805,
        0.15934435979977452,
        0.184877493221863,
        0.13887803777055607,
        0.17328963291264715,
        0.12401959270615269,
        0.2688226645950821
    ],
    [
        0.4207160005573831,
        0.6335354666472904,
        0.7638691600987698,
        0.3881169483866944,
        0.43273070075394465,
        0.3262595784034547,
        0.33874192794810626,
        0.19948664585630788,
        0.255314603724503,
        0.234375,
        0.4008048543243956,
        0.35008369535012623,
        0.4968160342370202,
        0.4026280852101602,
        0.3779183319514945,
        0.5215099771337074,
        0.2939826206597934,
        0.3001464486296648,
        0.40202126032089397,
        0.28125,
        0.3681005934184296,
        0.42790824805091104,
        0.0,
        0.2795084971874737,
        0.34303903750156484,
        0.8055592971656401,
        0.26238836912104163,
        0.1988737822087165,
        0.30136408628102984,
        0.2508665537248395,
        0.19327057620082783,
        0.35869500885153116,
        0.5084731279772806,
        0.7757619742066506,
        0.271083618326523,
        0.39373759901106725,
        0.37952993129659746,
        0.18619336387207788,
        0.3465792658252943,
        0.17044862679118303,
        0.49509310992983935,
        0.2557922741210141,
        0.4433206549722221,
        0.5900377371406001,
        0.3779183319514945,
        0.5863019699779287,
        0.42274216432714634,
        0.40864677595693816,
        0.7168793591846538
    ],
    [
        0.2803806007019744,
        0.4095419506900361,
        0.5014627042462879,
        0.19702375332685143,
        0.23747943989954162,
        0.15934435979977452,
        0.1753901900050285,
        0.1781524101717403,
        0.213668661424646,
        0.26238836912104163,
        0.18355218944485516,
        0.2153757617514097,
        0.27466243486323355,
        0.275106513463422,
        0.20787710461953235,
        0.2768757054167086,
        0.17746588580625855,
        0.23696485762661096,
        0.2923169833417142,
        0.15467960838455727,
        0.21021287573552672,
        0.23799290955824715,
        0.2795084971874737,
        0.0,
        0.15934435979977452,
        0.4705693858242374,
        0.1660960283239789,
        0.19008632907181935,
        0.16312978920172735,
        0.1828117580706692,
        0.19764235376052372,
        0.2159417962669571,
        0.3128903811640748,
        0.4444207079164966,
        0.13799626353637262,
        0.23175620272173947,
        0.23070036031614688,
        0.1801962905417312,
        0.1795175827043134,
        0.24256522962906288,
        0.22963966338592295,
        0.1887975933374152,
        0.2665425329567497,
        0.2872621298570349,
        0.19008632907181935,
        0.3644344934278313,
        0.22803936748947537,
        0.27466243486323355,
        0.48487877028696563
    ],
    [
        0.1907274314958391,
        0.2881107642904027,
        0.37565047750535335,
        0.11048543456039805,
        0.11048543456039805,
        0.1711632992203644,
        0.10597390598633231,
        0.18684782411095935,
        0.14657549249448218,
        0.28384222069663984,
        0.15068204314051492,
        0.1795175827043134,
        0.14823176532039278,
        0.19008632907181935,
        0.11796616305110547,
        0.16682934768798924,
        0.27466243486323355,
        0.26378035962709584,
        0.19008632907181935,
        0.17469281074217108,
        0.15068204314051492,
        0.14490028899212037,
        0.34303903750156484,
        0.15934435979977452,
        0.0,
        0.39927913559939493,
        0.19327057620082783,
        0.30055287596361474,
        0.20551478809321727,
        0.28862814588536273,
        0.2170694373351532,
        0.21137108216357317,
        0.1753901900050285,
        0.37304176207229134,
        0.13531646934131855,
        0.13710881855300192,
        0.109375,
        0.3053878169639385,
        0.16461958988832404,
        0.3318243840874266,
        0.1887975933374152,
        0.19578068884596356,
        0.23644915547533682,
        0.1887975933374152,
        0.18684782411095935,
        0.24655834121967968,
        0.20070675904164265,
        0.140625,
        0.35664725657854146
    ],
    [
        0.35251606789620243,
        0.19136638615493579,
        0.16973094517500337,
        0.3746743377588062,
        0.3240068961457456,
        0.32886820593514354,
        0.32287466124643477,
        0.6185211066527965,
        0.49410588440130926,
        0.6594046201877872,
        0.29973947020704494,
        0.4207160005573831,
        0.22480460265528374,
        0.3700849775727191,
        0.33438960248488586,
        0.29563887388163285,
        0.5719689130538477,
        0.5122998847110938,
        0.30856902590830465,
        0.5113458803735491,
        0.4095419506900361,
        0.3236299246438747,
        0.8055592971656401,
        0.4705693858242374,
        0.39927913559939493,
        0.0,
        0.5273292822089439,
        0.7038191018472005,
        0.5513212113867922,
        0.6308536640823378,
        0.6483904350389509,
        0.4721232790543165,
        0.19578068884596356,
        0.14490028899212037,
        0.4627216529675265,
        0.2430679560328757,
        0.3444594950788844,
        0.8498046650554467,
        0.39958474539201316,
        0.6493310860993796,
        0.2096313728906053,
        0.4523160883165665,
        0.4803258171543562,
        0.22262198201210948,
        0.4391709163298499,
        0.24803918541230538,
        0.443871022229431,
        0.24803918541230538,
        0.1608692209529219
    ],
    [
        0.20787710461953235,
        0.4321661464356041,
        0.5186935210218072,
        0.18619336387207788,
        0.22207297505549836,
        0.19390115071860714,
        0.22371595411369302,
        0.16237976320958225,
        0.21423920626253262,
        0.2348952559120767,
        0.18619336387207788,
        0.15857643070456592,
        0.2633171804117612,
        0.2665425329567497,
        0.22480460265528374,
        0.25958199571618984,
        0.20669932117692114,
        0.265625,
        0.2628531850196988,
        0.14149039278339715,
        0.15068204314051492,
        0.23333100817293873,
        0.26238836912104163,
        0.1660960283239789,
        0.19327057620082783,
        0.5273292822089439,
        0.0,
        0.2096313728906053,
        0.17469281074217108,
        0.17769502197116646,
        0.18288593610499415,
        0.225888004606265,
        0.29563887388163285,
        0.5291779444336281,
        0.12303137303143455,
        0.23644915547533682,
        0.20070675904164265,
        0.22262198201210948,
        0.1660960283239789,
        0.27775607554111215,
        0.27421763710600383,
        0.17746588580625855,
        0.25291271962872885,
        0.3236299246438747,
        0.1887975933374152,
        0.3528621809573817,
        0.28598445652692384,
        0.2633171804117612,
        0.5151512975573292
    ],
    [
        0.38337012957454053,
        0.4189714899309976,
        0.6427176187875979,
        0.28853414550967793,
        0.3423265984407288,
        0.23747943989954162,
        0.3433947027474361,
        0.16535945694153692,
        0.26745691825974516,
        0.1801962905417312,
        0.3336586953759785,
        0.2773162398327945,
        0.4250459533979826,
        0.39989012162717896,
        0.2910615001593306,
        0.4095419506900361,
        0.24556615071096424,
        0.2275034340400162,
        0.4041411611367988,
        0.16682934768798924,
        0.2647042866577721,
        0.3053878169639385,
        0.1988737822087165,
        0.19008632907181935,
        0.30055287596361474,
        0.7038191018472005,
        0.2096313728906053,
        0.0,
        0.15229366163764005,
        0.13155553062828218,
        0.14986973510352247,
        0.28168369339562416,
        0.4041411611367988,
        0.5785471431741755,
        0.2445699350390395,
        0.3583545294118661,
        0.3081731706768128,
        0.15388840315306412,
        0.26836818808308854,
        0.240035804620894,
        0.37205877811845806,
        0.171875,
        0.30338262248355624,
        0.45285552331841994,
        0.2275034340400162,
        0.427051574022389,
        0.3412551510600243,
        0.3934274472504429,
        0.5134898976610932
    ],
    [
        0.2460627460628691,
        0.34053897996411514,
        0.49975579974123363,
        0.14740595518838442,
        0.2159417962669571,
        0.13258252147247765,
        0.25626905416963636,
        0.19136638615493579,
        0.19515618744994995,
        0.20904825250405706,
        0.19452968121857395,
        0.171875,
        0.2665425329567497,
        0.2914805954090255,
        0.18154609435347266,
        0.22696623509896796,
        0.20610790559801437,
        0.22371595411369302,
        0.28081563680642857,
        0.15546678704790937,
        0.13975424859373686,
        0.17746588580625855,
        0.30136408628102984,
        0.16312978920172735,
        0.20551478809321727,
        0.5513212113867922,
        0.17469281074217108,
        0.15229366163764005,
        0.0,
        0.13020833333333331,
        0.21650635094610965,
        0.1767766952966369,
        0.27421763710600383,
        0.44743190822738604,
        0.16755945773068137,
        0.23799290955824715,
        0.20009763241977652,
        0.21423920626253262,
        0.15229366163764005,
        0.3217384419058438,
        0.22642776165920997,
        0.18154609435347266,
        0.15467960838455727,
        0.25626905416963636,
        0.078125,
        0.275106513463422,
        0.19825902406952375,
        0.2755498763835687,
        0.43554249577394855
    ],
    [
        0.318177590610443,
        0.4195861262733923,
        0.5840304614154224,
