[
    [
        0.0,
        1.8371173070873836,
        0.770551750371122,
        1.25,
        1.4630874888399532,
        1.7027551203857825,
        1.14564392373896,
        1.2374368670764582,
        1.776583800443987,
        1.5540270267920053,
        1.5,
        1.571225636247067,
        1.6630168369562588,
        1.4197270864500684,
        1.8957188610128877,
        1.514281502689561,
        1.6677080080157918,
        1.6723860200324565,
        1.6734343886335146,
        1.3169567191065923,
        1.4252192813739224,
        1.5761900266148114,
        1.2119199643540823,
        1.5612494995995996,
        1.4367449707972224,
        1.3724977231310804,
        0.8660254037844386,
        1.677568511599783,
        1.182951816432098,
        1.2040152730666573,
        1.505775916632721,
        1.6007810593582121,
        1.6525443345876618,
        1.3411230782859234,
        0.7288689868556626,
        1.4361406616345072,
        1.346291201783626,
        1.6723860200324565,
        1.7460272366464136,
        1.7415470453338637,
        1.5206906325745548,
        1.625,
        1.5612494995995996,
        1.6441183047457382,
        1.2720554233208552,
        1.2876280950302037,
        1.2502499750049987,
        1.479019945774904,
        1.4630874888399532,
        0.6959705453537527
    ],
    [
        1.8371173070873836,
        0.0,
        1.6909686573085854,
        1.4252192813739224,
        1.2930100540985752,
        1.2088217403736583,
        1.4086784586980805,
        1.340475661845451,
        1.3806701271484076,
        1.3126785592825077,
        1.3287682265918312,
        1.299038105676658,
        1.5612494995995996,
        1.2624381172952597,
        1.2686114456365274,
        1.3840149742613306,
        1.346291201783626,
        1.1989578808281798,
        1.3987968591118671,
        1.286953767623375,
        1.2562344526401112,
        1.3110110602126894,
        1.3050383136138188,
        1.4630874888399532,
        1.2506942516503028,
        1.1613569649336934,
        1.620185174601965,
        1.3057033013326997,
        1.3665650368716449,
        1.2754356554178305,
        1.4690085469836829,
        1.6909686573085854,
        1.3969212178533508,
        1.2788341044352338,
        1.6298006013006623,
        1.1858541225631423,
        1.2930100540985752,
        1.286953767623375,
        1.3642254619787417,
        1.2631255326020099,
        1.3228756555322951,
        1.3693063937629153,
        1.4086784586980805,
        1.3169567191065923,
        1.27033460159125,
        1.3527235900623273,
        1.5054069217324597,
        1.2054563451241194,
        1.192424001771182,
        1.6677080080157918
    ],
    [
        0.770551750371122,
        1.6909686573085854,
        0.0,
        0.8926785535678563,
        1.1388041973930374,
        1.4206072645175372,
        0.9185586535436918,
        0.9682458365518543,
        1.620185174601965,
        1.4095655359010448,
        1.4306903927824497,
        1.299038105676658,
        1.357847561400027,
        1.1726039399558574,
        1.620185174601965,
        1.1661958476611212,
        1.3287682265918312,
        1.5612494995995996,
        1.5211099599319182,
        1.0680004681646913,
        1.2808688457449497,
        1.2686114456365274,
        1.0077822185373186,
        1.334634781503914,
        1.1887785514739255,
        1.2,
        0.649519052838329,
        1.486630231242606,
        1.1121488209767612,
        1.1688966782587948,
        1.1486707293408518,
        1.192424001771182,
        1.4707802162268993,
        1.0034662148993578,
        0.57282196186948,
        1.2808688457449497,
        0.9100137361600648,
        1.505199322349037,
        1.5126779050559458,
        1.5534459901922708,
        1.4111411851563416,
        1.192424001771182,
        1.357847561400027,
        1.5662455107677085,
        1.069170239017155,
        1.2651855375574148,
        0.8824681297361395,
        1.3635890143294642,
        1.1989578808281798,
        0.5590169943749475
    ],
    [
        1.25,
        1.4252192813739224,
        0.8926785535678563,
        0.0,
        1.0231690964840563,
        1.2002603884157803,
        1.159202311936963,
        0.8926785535678563,
        1.695582495781317,
        1.4914338738274655,
        1.4842927608797396,
        1.1792476415070754,
        1.334634781503914,
        0.9100137361600648,
        1.3863170633011772,
        1.217694794373737,
        1.165922381636102,
        1.3863170633011772,
        1.4067530279450806,
        1.0077822185373186,
        1.0383279828647594,
        1.1792476415070754,
        1.0077822185373186,
        1.4630874888399532,
        1.2506942516503028,
        1.077903056865505,
        0.6614378277661477,
        1.3737367934862112,
        1.2951833846988619,
        1.1531960419248373,
        1.2856040517117926,
        1.4523687548277813,
        1.2815463749358083,
        0.9745012969605417,
        0.7806247497997998,
        1.159202311936963,
        0.8477912478906585,
        1.2119199643540823,
        1.6713475933442983,
        1.4294763998673703,
        1.402502723308903,
        1.0968705484240153,
        1.4630874888399532,
        1.3110110602126894,
        0.8325412902673356,
        1.3215626272628087,
        0.9555757426808196,
        1.1858541225631423,
        1.0307764064044151,
        0.8477912478906585
    ],
    [
        1.4630874888399532,
        1.2930100540985752,
        1.1388041973930374,
        1.0231690964840563,
        0.0,
        1.073254396683284,
        1.0606601717798212,
        0.9270248108869579,
        1.2624381172952597,
        1.1905880899790657,
        1.224744871391589,
        1.0383279828647594,
        1.1726039399558574,
        0.960143218483576,
        1.2930100540985752,
        1.075587167598257,
        1.0231690964840563,
        1.1388041973930374,
        1.146200466848658,
        0.9921567416492215,
        0.9921567416492215,
        1.0825317547305484,
        1.0077822185373186,
        1.2374368670764582,
        1.034139470499238,
        0.9614442261514705,
        1.243734296383275,
        1.092906420717,
        1.1707369473968094,
        1.0034662148993578,
        1.1280821975567403,
        1.243734296383275,
        1.1000315652036738,
        1.0172129679778086,
        1.2808688457449497,
        0.9682458365518543,
        0.9842509842514764,
        1.0897247358851685,
        1.2083333333333333,
        1.1000315652036738,
        1.126542152882981,
        1.0077822185373186,
        1.0825317547305484,
        1.1792476415070754,
        0.919918474648705,
        1.0857345183996152,
        1.044629120788809,
        1.0680004681646913,
        1.0680004681646913,
        1.3110110602126894
    ],
    [
        1.7027551203857825,
        1.2088217403736583,
        1.4206072645175372,
        1.2002603884157803,
        1.073254396683284,
        0.0,
        1.2409673645990857,
        1.1418187246669238,
        1.2607041683122968,
        1.243734296383275,
        1.3098186897429736,
        1.1093353866166895,
        1.358077685554107,
        1.1551515052147923,
        1.2781823031164217,
        1.0358435879878343,
        1.1188722000300124,
        1.2489995996796797,
        1.0993446563609557,
        1.1532562594670797,
        1.1008519428152,
        1.1127106542133942,
        1.0647769719523428,
        1.2959070182694437,
        1.1337927990206638,
        1.0541584321154007,
        1.378178145233772,
        1.1867614662508124,
        1.2747548783981961,
        1.0679354433256305,
        1.2721918967758843,
        1.452583904633395,
        1.2074709566325441,
        1.1267270693867653,
        1.536635936062931,
        1.0084022015049352,
        1.14755174175285,
        1.084262422110072,
        1.3208530492745125,
        1.1270660041797809,
        1.2690492942006275,
        1.0735455276791945,
        1.1669940016983806,
        1.1629703349613008,
        1.125,
        1.1772142257606868,
        1.2216791722870617,
        1.159471862530523,
        1.1067971810589328,
        1.5029138365189136
    ],
    [
        1.14564392373896,
        1.4086784586980805,
        0.9185586535436918,
        1.159202311936963,
        1.0606601717798212,
        1.2409673645990857,
        0.0,
        0.8926785535678563,
        1.299038105676658,
        1.2720554233208552,
        1.14564392373896,
        1.159202311936963,
        1.3863170633011772,
        1.0231690964840563,
        1.4737282653189494,
        1.1166070143473916,
        1.192424001771182,
        1.3110110602126894,
        1.1334715051827393,
        0.9437293044088437,
        0.9921567416492215,
        1.0532687216470449,
        0.8838834764831844,
        1.243734296383275,
        1.044163673845139,
        0.9148087231765993,
        0.9921567416492215,
        1.2754356554178305,
        1.0210288928331068,
        1.006058038970803,
        1.1666666666666667,
        1.299038105676658,
        1.1909671606630376,
        1.0008676791220261,
        0.9100137361600648,
        1.0532687216470449,
        0.8926785535678563,
        1.243734296383275,
        1.3869430814244366,
        1.3642254619787417,
        1.0984521938720055,
        1.1858541225631423,
        1.0606601717798212,
        1.3228756555322954,
        1.0574142991278301,
        1.1395661942647786,
        1.0482127646618313,
        1.14564392373896,
        1.015504800579495,
        0.960143218483576
    ],
    [
        1.2374368670764582,
        1.340475661845451,
        0.9682458365518543,
        0.8926785535678563,
        0.9270248108869579,
        1.1418187246669238,
        0.8926785535678563,
        0.0,
        1.2808688457449497,
        1.1853269591129698,
        1.1388041973930374,
        1.1524430571616109,
        1.3228756555322954,
        0.9270248108869579,
        1.25,
        1.1015121795207954,
        1.0897247358851685,
        1.243734296383275,
        1.1334715051827393,
        0.8569568250501305,
        0.9921567416492215,
        1.0752906583803283,
        0.9100137361600648,
        1.1858541225631423,
        1.0366546087187274,
        0.9317322576792112,
        1.015504800579495,
        1.1531960419248373,
        1.1008519428152,
        0.9418878796214429,
        1.1188101318414627,
        1.357847561400027,
        1.1234557302260635,
        1.0374916331657276,
        1.0077822185373186,
        0.9921567416492215,
        0.9270248108869579,
        1.1319231422671772,
        1.3235316811890492,
        1.2876280950302037,
        1.1851218877773242,
        1.125,
        1.165922381636102,
        1.103970108290981,
        0.8470537173048708,
        1.1464013743498005,
        1.1042531412678886,
        1.0532687216470449,
        0.960143218483576,
        0.9519716382329886
    ],
    [
        1.776583800443987,
        1.3806701271484076,
        1.620185174601965,
        1.695582495781317,
        1.2624381172952597,
        1.2607041683122968,
        1.299038105676658,
        1.2808688457449497,
        0.0,
        1.0437312872574052,
        1.1319231422671772,
        1.357847561400027,
        1.625,
        1.299038105676658,
        1.357847561400027,
        1.2953507916658666,
        1.3863170633011772,
        1.346291201783626,
        1.32432115840994,
        1.2747548783981961,
        1.231107225224513,
        1.2686114456365274,
        1.2624381172952597,
        1.2930100540985752,
        1.16443238437351,
        1.2409673645990857,
        1.758905909933786,
        1.2658714609136092,
        1.2293290853144248,
        1.2548516955312996,
        1.3017082793177757,
        1.6056540723331412,
        1.2916666666666665,
        1.4258282193557228,
        1.741048534648015,
        1.1726039399558574,
        1.224744871391589,
        1.2562344526401112,
        1.2754356554178305,
        1.3176156917368247,
        1.1873172373979173,
        1.4252192813739224,
        1.1792476415070754,
        1.2183492931011204,
        1.36106575888162,
        1.2767961205037135,
        1.561449646962719,
        1.2054563451241194,
        1.286953767623375,
        1.741048534648015
    ],
    [
        1.5540270267920053,
        1.3126785592825077,
        1.4095655359010448,
        1.4914338738274655,
        1.1905880899790657,
        1.243734296383275,
        1.2720554233208552,
        1.1853269591129698,
        1.0437312872574052,
        0.0,
        1.1166355717063647,
        1.2232129822725069,
        1.4471955638406304,
        1.2015614840697917,
        1.2842799539041323,
        1.1157270897381268,
        1.2507497751348988,
        1.3453624047073711,
        1.2287582914371362,
        1.1932099563781724,
        1.2090802289343747,
        1.2514991010783827,
        1.0865656906050365,
        1.144006118864755,
        1.0307090331956499,
        1.0758717395675008,
        1.497706580075016,
        1.1049446944430197,
        1.0825317547305484,
        1.205398735320023,
        1.1880773450317863,
        1.3695345924802338,
        1.2581677595261735,
        1.1735215284679603,
        1.546770829825802,
        1.1219402836158439,
        1.2072696467649635,
        1.1939953936259553,
        1.1679159977403246,
        1.3008277279400904,
        1.1797186576091399,
        1.2484990989183773,
        1.1602801385872292,
        1.1763290356018592,
        1.2808688457449497,
        1.1408452032496688,
        1.33393215719541,
        1.1992184955211456,
        1.1677970714126662,
        1.4607361157991543
    ],
    [
        1.5,
        1.3287682265918312,
        1.4306903927824497,
        1.4842927608797396,
        1.224744871391589,
        1.3098186897429736,
        1.14564392373896,
        1.1388041973930374,
        1.1319231422671772,
        1.1166355717063647,
        0.0,
        1.3806701271484076,
        1.5,
        1.2054563451241194,
        1.334634781503914,
        1.333200461066435,
        1.2747548783981961,
        1.2747548783981961,
        1.2069103749082715,
        1.1319231422671772,
        1.14564392373896,
        1.1989578808281798,
        1.224744871391589,
        1.2624381172952597,
        1.0590220855949029,
        1.131370849898476,
        1.58607219255619,
        1.2754356554178305,
        1.1911129249571595,
        1.130388330520878,
        1.2815463749358083,
        1.489546910976623,
        1.1843892002959913,
        1.286279086702761,
        1.5258194519667128,
        1.1524430571616109,
        1.2374368670764582,
        1.224744871391589,
        1.2444320435890066,
        1.4092945437739803,
        1.12962014264383,
        1.3919410907075054,
        1.1110243021644486,
        1.2374368670764582,
        1.2472469683266423,
        1.256925260749863,
        1.3695345924802338,
        1.1726039399558574,
        1.192424001771182,
        1.5
    ],
    [
        1.571225636247067,
        1.299038105676658,
        1.299038105676658,
        1.1792476415070754,
        1.0383279828647594,
        1.1093353866166895,
        1.159202311936963,
        1.1524430571616109,
        1.357847561400027,
        1.2232129822725069,
        1.3806701271484076,
        0.0,
        1.0897247358851685,
        1.165922381636102,
        1.340475661845451,
        1.0180137724099445,
        1.103970108290981,
        1.340475661845451,
        1.1554827156311984,
        1.165922381636102,
        1.0897247358851685,
        1.192424001771182,
        1.159202311936963,
        1.192424001771182,
        1.0474837574980445,
        1.02469507659596,
        1.3050383136138188,
        1.0736748938937604,
        1.2170661444638085,
        1.0984521938720058,
        1.1539485353438523,
        1.192424001771182,
        1.116480083914522,
        0.9904053603337261,
        1.4086784586980805,
        1.1388041973930374,
        1.2119199643540823,
        1.224744871391589,
        1.3281147875424355,
        1.1031835245728105,
        1.1865859054915118,
        1.0532687216470449,
        1.231107225224513,
        1.2183492931011204,
        1.0059199769365355,
        1.0736748938937604,
        1.1014195385955345,
        1.231107225224513,
        1.0825317547305484,
        1.4306903927824497
    ],
    [
        1.6630168369562588,
        1.5612494995995996,
        1.357847561400027,
        1.334634781503914,
        1.1726039399558574,
        1.358077685554107,
        1.3863170633011772,
        1.3228756555322954,
        1.625,
        1.4471955638406304,
        1.5,
        1.0897247358851685,
        0.0,
        1.3635890143294642,
        1.595893166850463,
        1.1652384357911036,
        1.231107225224513,
        1.4737282653189494,
        1.3615998243363037,
        1.3228756555322954,
        1.4469796128487782,
        1.479019945774904,
        1.403121520040228,
        1.2374368670764582,
        1.3023749673406486,
        1.181365735071066,
        1.541103500742244,
        1.2956926504555177,
        1.32688545097156,
        1.314317524632292,
        1.2402396721781015,
        1.0606601717798212,
        1.3831827227248195,
        1.2147816447594375,
        1.4842927608797396,
        1.4142135623730951,
        1.375,
        1.5103807466993215,
        1.4111411851563416,
        1.3313787757225382,
        1.4191155304938667,
        1.14564392373896,
        1.357847561400027,
        1.5512092057488571,
        1.2308533625091171,
        1.2774758097296577,
        1.0173494974687902,
        1.4630874888399532,
        1.4086784586980805,
        1.5258194519667128
    ],
    [
        1.4197270864500684,
        1.2624381172952597,
        1.1726039399558574,
        0.9100137361600648,
        0.960143218483576,
        1.1551515052147923,
        1.0231690964840563,
        0.9270248108869579,
        1.299038105676658,
        1.2015614840697917,
        1.2054563451241194,
        1.165922381636102,
        1.3635890143294642,
        0.0,
        1.299038105676658,
        1.2231816992531221,
        1.1319231422671772,
        1.1388041973930374,
        1.232530994766957,
        0.9185586535436918,
        0.9682458365518543,
        1.0968705484240153,
        0.9354143466934853,
        1.286953767623375,
        0.9991315673568166,
        0.9676001240181814,
        1.0383279828647594,
        1.1865859054915118,
        1.1415450056830874,
        0.9510593508761106,
        1.1599509089229212,
        1.4306903927824497,
        1.1975089885999928,
        1.0540925533894598,
        1.1388041973930374,
        1.0458250331675945,
        0.8926785535678563,
        1.159202311936963,
        1.3642254619787417,
        1.2318121249245402,
        1.1494261853444767,
        1.118033988749895,
        1.159202311936963,
        1.118033988749895,
        0.9062284480195929,
        1.0976616560266244,
        1.159471862530523,
        1.118033988749895,
        0.9270248108869579,
        1.2119199643540823
    ],
    [
        1.8957188610128877,
        1.2686114456365274,
        1.620185174601965,
        1.3863170633011772,
        1.2930100540985752,
        1.2781823031164217,
        1.4737282653189494,
        1.25,
        1.357847561400027,
        1.2842799539041323,
        1.334634781503914,
        1.340475661845451,
        1.595893166850463,
        1.299038105676658,
        0.0,
        1.3155031240509294,
        1.3635890143294642,
        1.346291201783626,
        1.347593281766136,
        1.2562344526401112,
        1.231107225224513,
        1.2930100540985752,
        1.2374368670764582,
        1.4469796128487782,
        1.3674032567851615,
        1.2111461513789326,
        1.6583123951777,
        1.375631168268265,
        1.5132745950421556,
        1.2909944487358056,
        1.4589284500009665,
        1.7320508075688772,
        1.3096861371251425,
        1.3411230782859234,
        1.6345871038277526,
        1.243734296383275,
        1.352081728298996,
        1.2119199643540823,
        1.3925645805890337,
        1.2815463749358083,
        1.4209494087483276,
        1.25,
        1.4197270864500684,
        1.2930100540985752,
        1.2842799539041323,
        1.5166895602667747,
        1.4792312192487014,
        1.2562344526401112,
        1.3287682265918312,
        1.6441183047457382
    ],
    [
        1.514281502689561,
        1.3840149742613306,
        1.1661958476611212,
        1.217694794373737,
        1.075587167598257,
        1.0358435879878343,
        1.1166070143473916,
        1.1015121795207954,
        1.2953507916658666,
        1.1157270897381268,
        1.333200461066435,
        1.0180137724099445,
        1.1652384357911036,
        1.2231816992531221,
        1.3155031240509294,
        0.0,
        1.0095210017930407,
        1.4128600317751774,
        1.0459774746862478,
        1.2022778126437792,
        1.1439726698604977,
        1.2792496206123083,
        1.00588193610769,
        1.2331776193299675,
        1.116876693620578,
        0.9593591079252772,
        1.3035714285714286,
        1.0795000207432053,
        1.188116112995352,
        1.109859697778433,
        1.1111996846782421,
        1.2047948423880714,
        1.2043830573172452,
        0.958222412983418,
        1.3792836798091084,
        1.0875278556132224,
        1.1007882148158887,
        1.191086153260878,
        1.2438909675807703,
        1.1362033488274101,
        1.1917701301357995,
        0.9868394199748642,
        1.1503659577433147,
        1.1115981783918512,
        1.1273840951331466,
        1.1458140072581697,
        1.0891569010487152,
        1.1769469323774344,
        1.2358897480713056,
        1.3448693131259093
    ],
    [
        1.6677080080157918,
        1.346291201783626,
        1.3287682265918312,
        1.165922381636102,
        1.0231690964840563,
        1.1188722000300124,
        1.192424001771182,
        1.0897247358851685,
        1.3863170633011772,
        1.2507497751348988,
        1.2747548783981961,
        1.103970108290981,
        1.231107225224513,
        1.1319231422671772,
        1.3635890143294642,
        1.0095210017930407,
        0.0,
        1.3228756555322954,
        1.2087584286264605,
        1.1388041973930374,
        1.224744871391589,
        1.103970108290981,
        1.125,
        1.2562344526401112,
        1.1909671606630376,
        1.074418447347215,
        1.375,
        1.0720566941890506,
        1.3157697366940768,
        1.1577036657874837,
        1.1479147761629926,
        1.286953767623375,
        1.1203608049790628,
        1.0086432030758503,
        1.375,
        1.0897247358851685,
        1.118033988749895,
        1.165922381636102,
        1.2815463749358083,
        1.1865859054915118,
        1.2486103386476415,
        1.0458250331675945,
        1.1858541225631423,
        1.2747548783981961,
        1.075,
        1.1865859054915118,
        1.040132203135736,
        1.192424001771182,
        1.14564392373896,
        1.4577379737113252
    ],
    [
        1.6723860200324565,
        1.1989578808281798,
        1.5612494995995996,
        1.3863170633011772,
        1.1388041973930374,
        1.2489995996796797,
        1.3110110602126894,
        1.243734296383275,
        1.346291201783626,
        1.3453624047073711,
        1.2747548783981961,
        1.340475661845451,
        1.4737282653189494,
        1.1388041973930374,
        1.346291201783626,
        1.4128600317751774,
        1.3228756555322954,
        0.0,
        1.3123481447623662,
        1.299038105676658,
        1.2374368670764582,
        1.2808688457449497,
        1.1726039399558574,
        1.3635890143294642,
        1.1441275181454984,
        1.2346558224865747,
        1.6007810593582121,
        1.2876280950302037,
        1.2346558224865747,
        1.1711224435462664,
        1.369940185231133,
        1.6393596310755,
        1.2733922324946771,
        1.3254978100489057,
        1.58607219255619,
        1.14564392373896,
        1.2374368670764582,
        1.2808688457449497,
        1.2506942516503028,
        1.1931517552730295,
        1.2054563451241194,
        1.4306903927824497,
        1.340475661845451,
        1.3050383136138188,
        1.2155245781143218,
        1.1799835215421914,
        1.5362291495737217,
        1.2562344526401112,
        1.159202311936963,
        1.6630168369562588
    ],
    [
        1.6734343886335146,
        1.3987968591118671,
        1.5211099599319182,
        1.4067530279450806,
        1.146200466848658,
        1.0993446563609557,
        1.1334715051827393,
        1.1334715051827393,
        1.32432115840994,
        1.2287582914371362,
        1.2069103749082715,
        1.1554827156311984,
        1.3615998243363037,
        1.232530994766957,
        1.347593281766136,
        1.0459774746862478,
        1.2087584286264605,
        1.3123481447623662,
        0.0,
        1.3417833852978,
        1.0623124084097035,
        1.153963887243108,
        1.2004197820184506,
        1.1315004937457778,
        1.2127528840712478,
        1.093090544637319,
        1.5822476585734688,
        1.2161371273304895,
        1.2414092551513825,
        1.1801036216464762,
        1.1904613094308023,
        1.4011884532897967,
        1.1258972234725197,
        1.2049565765926684,
        1.621267298461677,
        1.153963887243108,
        1.2261760285787782,
        1.2638265913728925,
        1.263335891082077,
        1.1802086992121965,
        1.0858650427914431,
        1.2179566360699952,
        1.237952143745501,
        1.2818642753459366,
        1.2715038099728644,
        1.311875593833556,
        1.300970987456708,
        1.2197879541384333,
        1.2514022746747844,
        1.6546548440871964
    ],
    [
        1.3169567191065923,
        1.286953767623375,
        1.0680004681646913,
        1.0077822185373186,
        0.9921567416492215,
        1.1532562594670797,
        0.9437293044088437,
        0.8569568250501305,
        1.2747548783981961,
        1.1932099563781724,
        1.1319231422671772,
        1.165922381636102,
        1.3228756555322954,
        0.9185586535436918,
        1.2562344526401112,
        1.2022778126437792,
        1.1388041973930374,
        1.299038105676658,
        1.3417833852978,
        0.0,
        1.0307764064044151,
        1.103970108290981,
        0.8569568250501305,
        1.3228756555322954,
        1.102396379610246,
        0.8620469824783334,
        1.0458250331675945,
        1.2388390622765422,
        1.1327510759209192,
        1.0366546087187274,
        1.1799835215421914,
        1.375,
        1.2548516955312996,
        1.076903998610007,
        1.0606601717798212,
        1.0825317547305484,
        0.9185586535436918,
        1.14564392373896,
        1.381298704520898,
        1.2692955176439846,
        1.2304019216861166,
        1.1726039399558574,
        1.165922381636102,
        1.165922381636102,
        0.9447221813845592,
        1.1931517552730295,
        1.118313462317252,
        1.0680004681646913,
        0.9270248108869579,
        1.0307764064044151
    ],
    [
        1.4252192813739224,
        1.2562344526401112,
        1.2808688457449497,
        1.0383279828647594,
        0.9921567416492215,
        1.1008519428152,
        0.9921567416492215,
        0.9921567416492215,
        1.231107225224513,
        1.2090802289343747,
        1.14564392373896,
        1.0897247358851685,
        1.4469796128487782,
        0.9682458365518543,
        1.231107225224513,
        1.1439726698604977,
        1.224744871391589,
        1.2374368670764582,
        1.0623124084097035,
        1.0307764064044151,
        0.0,
        0.9185586535436918,
        1.0231690964840563,
        1.2183492931011204,
        1.0622957319984967,
        0.9820259670701178,
        1.2930100540985752,
        1.1865859054915118,
        1.1426394882026438,
        0.8498365855987975,
        1.1562030771259673,
        1.4252192813739224,
        1.0881304047667162,
        1.1188101318414627,
        1.224744871391589,
        0.9682458365518543,
        0.9921567416492215,
        1.0383279828647594,
        1.256925260749863,
        1.1996816707406641,
        1.126542152882981,
        1.1319231422671772,
        1.1792476415070754,
        1.159202311936963,
        1.0574142991278301,
        1.1733439866940603,
        1.1795126112085448,
        1.0897247358851685,
        0.9185586535436918,
        1.3050383136138188
    ],
    [
        1.5761900266148114,
        1.3110110602126894,
        1.2686114456365274,
        1.1792476415070754,
        1.0825317547305484,
        1.1127106542133942,
        1.0532687216470449,
        1.0752906583803283,
        1.2686114456365274,
        1.2514991010783827,
        1.1989578808281798,
        1.192424001771182,
        1.479019945774904,
        1.0968705484240153,
        1.2930100540985752,
        1.2792496206123083,
        1.103970108290981,
        1.2808688457449497,
        1.153963887243108,
        1.103970108290981,
        0.9185586535436918,
        0.0,
        1.118033988749895,
        1.299038105676658,
        1.1234557302260635,
        1.0350120772242226,
        1.340475661845451,
        1.2506942516503028,
        1.245240940541227,
        1.102396379610246,
        1.135751097536584,
        1.5,
        1.1975089885999928,
        1.1203608049790628,
        1.286953767623375,
        1.0606601717798212,
        1.0231690964840563,
        1.125,
        1.2997061633735185,
        1.2997061633735185,
        1.1960583412006103,
        1.0968705484240153,
        1.125,
        1.165922381636102,
        1.1174748319313506,
        1.3411230782859234,
        1.1926860441876563,
        1.1319231422671772,
        1.0606601717798212,
        1.3806701271484076
    ],
    [
        1.2119199643540823,
        1.3050383136138188,
        1.0077822185373186,
        1.0077822185373186,
        1.0077822185373186,
        1.0647769719523428,
        0.8838834764831844,
        0.9100137361600648,
        1.2624381172952597,
        1.0865656906050365,
        1.224744871391589,
        1.159202311936963,
        1.403121520040228,
        0.9354143466934853,
        1.2374368670764582,
        1.00588193610769,
        1.125,
        1.1726039399558574,
        1.2004197820184506,
        0.8569568250501305,
        1.0231690964840563,
        1.118033988749895,
        0.0,
        1.192424001771182,
        0.9418878796214429,
        0.921276288634414,
        1.0307764064044151,
        1.1996816707406641,
        0.9062284480195929,
        0.9418878796214429,
        1.0744830798523022,
        1.334634781503914,
        1.1372786719963484,
        0.9109671295448103,
        1.0825317547305484,
        0.9762812094883317,
        0.8838834764831844,
        1.118033988749895,
        1.2381381631753021,
        1.1865859054915118,
        1.1777745020918808,
        1.0825317547305484,
        1.0231690964840563,
        1.1388041973930374,
        0.972753822917186,
        1.0889278621143317,
        1.1017032268265352,
        1.0458250331675945,
        1.0,
        1.0383279828647594
    ],
    [
        1.5612494995995996,
        1.4630874888399532,
        1.334634781503914,
        1.4630874888399532,
        1.2374368670764582,
        1.2959070182694437,
        1.243734296383275,
        1.1858541225631423,
        1.2930100540985752,
        1.144006118864755,
        1.2624381172952597,
        1.192424001771182,
        1.2374368670764582,
        1.286953767623375,
        1.4469796128487782,
        1.2331776193299675,
        1.2562344526401112,
        1.3635890143294642,
        1.1315004937457778,
        1.3228756555322954,
        1.2183492931011204,
        1.299038105676658,
        1.192424001771182,
        0.0,
        1.1288514320120056,
        1.1984364814206885,
        1.625,
        1.2104865871944959,
        1.0191908555319755,
        1.1008204011352423,
        1.1873172373979173,
        1.1388041973930374,
        1.2936812246883354,
        1.1975089885999928,
        1.6583123951777,
        1.1388041973930374,
        1.2686114456365274,
        1.3228756555322954,
        1.0809268142560706,
        1.267242193812129,
        1.068812944865055,
        1.2054563451241194,
        1.1524430571616109,
        1.4086784586980805,
        1.2484990989183773,
        1.1843892002959913,
        1.2351619327035626,
        1.340475661845451,
        1.2808688457449497,
        1.5761900266148114
    ],
    [
        1.4367449707972224,
        1.2506942516503028,
        1.1887785514739255,
        1.2506942516503028,
        1.034139470499238,
        1.1337927990206638,
        1.044163673845139,
        1.0366546087187274,
        1.16443238437351,
        1.0307090331956499,
        1.0590220855949029,
        1.0474837574980445,
        1.3023749673406486,
        0.9991315673568166,
        1.3674032567851615,
        1.116876693620578,
        1.1909671606630376,
        1.1441275181454984,
        1.2127528840712478,
        1.102396379610246,
        1.0622957319984967,
        1.1234557302260635,
        0.9418878796214429,
        1.1288514320120056,
        0.0,
        1.0083333333333333,
        1.3096861371251425,
        1.1539485353438523,
        0.9353401045133856,
        0.9921567416492215,
        1.0290907529357058,
        1.2402396721781015,
        1.1118053386771944,
        1.1441275181454984,
        1.3507970897872772,
        0.9664511253952668,
        1.006058038970803,
        1.1234557302260635,
        1.1606990230986767,
        1.1814539065631522,
        1.1242281302693367,
        1.191695803839591,
        1.0416666666666667,
        1.1711224435462664,
        1.087044923941355,
        0.9391189724653871,
        1.2220201853215573,
        1.1486707293408518,
        1.0590220855949029,
        1.3572081229085275
    ],
    [
        1.3724977231310804,
        1.1613569649336934,
        1.2,
        1.077903056865505,
        0.9614442261514705,
        1.0541584321154007,
        0.9148087231765993,
        0.9317322576792112,
        1.2409673645990857,
        1.0758717395675008,
        1.131370849898476,
        1.02469507659596,
        1.181365735071066,
        0.9676001240181814,
        1.2111461513789326,
        0.9593591079252772,
        1.074418447347215,
        1.2346558224865747,
        1.093090544637319,
        0.8620469824783334,
        0.9820259670701178,
        1.0350120772242226,
        0.921276288634414,
        1.1984364814206885,
        1.0083333333333333,
        0.0,
        1.2219349409849938,
        1.0915712426487691,
        1.1409973707244028,
        0.9106240229156658,
        1.1328736812980422,
        1.3047988350699888,
        1.1348947577247466,
        0.9938701010583716,
        1.182951816432098,
        0.9646890690787369,
        0.9062284480195929,
        1.062426468043789,
        1.2642795489043466,
        1.118437650375638,
        1.2180927715079832,
        1.0286520305720492,
        1.061838029079765,
        1.176860229593982,
        0.9804335775563789,
        1.1348029687032801,
        1.021334910790775,
        0.9965565713997374,
        1.002496882788171,
        1.2369316876852983
    ],
    [
        0.8660254037844386,
        1.620185174601965,
        0.649519052838329,
        0.6614378277661477,
        1.243734296383275,
        1.378178145233772,
        0.9921567416492215,
        1.015504800579495,
        1.758905909933786,
        1.497706580075016,
        1.58607219255619,
        1.3050383136138188,
        1.541103500742244,
        1.0383279828647594,
        1.6583123951777,
        1.3035714285714286,
        1.375,
        1.6007810593582121,
        1.5822476585734688,
        1.0458250331675945,
        1.2930100540985752,
        1.340475661845451,
        1.0307764064044151,
        1.625,
        1.3096861371251425,
        1.2219349409849938,
        0.0,
        1.551768704128006,
        1.2597122687344122,
        1.16443238437351,
        1.4749058350356548,
        1.5662455107677085,
        1.467234738471584,
        1.0391636594449938,
        0.5590169943749475,
        1.3050383136138188,
        1.0307764064044151,
        1.505199322349037,
        1.7819503983619247,
        1.596437005055668,
        1.498842145717079,
        1.340475661845451,
        1.489546910976623,
        1.5461646096066226,
        0.972753822917186,
        1.3294213444619847,
        1.0828203913853858,
        1.3169567191065923,
        1.118033988749895,
        0.6123724356957945
    ],
    [
        1.677568511599783,
        1.3057033013326997,
        1.486630231242606,
        1.3737367934862112,
        1.092906420717,
        1.1867614662508124,
        1.2754356554178305,
        1.1531960419248373,
        1.2658714609136092,
        1.1049446944430197,
        1.2754356554178305,
        1.0736748938937604,
        1.2956926504555177,
        1.1865859054915118,
        1.375631168268265,
        1.0795000207432053,
        1.0720566941890506,
        1.2876280950302037,
        1.2161371273304895,
        1.2388390622765422,
        1.1865859054915118,
        1.2506942516503028,
        1.1996816707406641,
        1.2104865871944959,
        1.1539485353438523,
        1.0915712426487691,
        1.551768704128006,
        0.0,
        1.1933263500726772,
        1.1792476415070756,
        1.1494261853444767,
        1.4000248013676202,
        1.2025724741384842,
        1.159202311936963,
        1.62553410026093,
        1.1063265039459795,
        1.2197734306920374,
        1.2190615698606495,
        1.1395661942647786,
        1.1733439866940603,
        1.1577036657874837,
        1.2104865871944959,
        1.182188413259259,
        1.2254534308210618,
        1.1933263500726772,
        1.1349865393230196,
        1.3023483063724202,
        1.2047360245667467,
        1.2444320435890066,
        1.62553410026093
    ],
    [
        1.182951816432098,
        1.3665650368716449,
        1.1121488209767612,
        1.2951833846988619,
        1.1707369473968094,
        1.2747548783981961,
        1.0210288928331068,
        1.1008519428152,
        1.2293290853144248,
        1.0825317547305484,
        1.1911129249571595,
        1.2170661444638085,
        1.32688545097156,
        1.1415450056830874,
        1.5132745950421556,
        1.188116112995352,
        1.3157697366940768,
        1.2346558224865747,
        1.2414092551513825,
        1.1327510759209192,
        1.1426394882026438,
        1.245240940541227,
        0.9062284480195929,
        1.0191908555319755,
        0.9353401045133856,
        1.1409973707244028,
        1.2597122687344122,
        1.1933263500726772,
        0.0,
        1.0066100977483232,
        0.9702519718551923,
        1.250249975004999,
        1.200983393353593,
        0.9531016618272039,
        1.2569805089976536,
        1.0974402033823984,
        1.03289641300568,
        1.3124404748406686,
        1.2393154472440735,
        1.251859727676299,
        1.0083333333333333,
        1.2975939272360981,
        0.9532837982468809,
        1.35531361684298,
        1.14564392373896,
        0.8497957270884444,
        1.2070107704573312,
        1.2376893794486563,
        1.0917302780449025,
        1.2534951136721675
    ],
    [
        1.2040152730666573,
        1.2754356554178305,
        1.1688966782587948,
        1.1531960419248373,
        1.0034662148993578,
        1.0679354433256305,
        1.006058038970803,
        0.9418878796214429,
        1.2548516955312996,
        1.205398735320023,
        1.130388330520878,
