[
    [
        0.0,
        1.243734296383275,
        1.125,
        1.6105123408406408,
        1.648863244784115,
        1.299038105676658,
        1.5360257159305635,
        1.0752906583803283,
        1.0680004681646913,
        1.2747548783981961,
        1.352081728298996,
        1.0383279828647594,
        1.2930100540985752,
        1.159202311936963,
        1.2119199643540823,
        1.231107225224513,
        1.3228756555322954,
        1.0897247358851685,
        1.25,
        1.3228756555322954,
        1.4086784586980805,
        1.1989578808281798,
        1.6583123951777,
        1.2624381172952597,
        1.5,
        1.3050383136138188,
        1.58607219255619,
        1.489546910976623,
        1.340475661845451,
        1.1792476415070754,
        1.4577379737113252,
        1.3863170633011772,
        1.118033988749895,
        1.125,
        1.346291201783626,
        1.3806701271484076,
        1.4684175155588413,
        1.357847561400027,
        1.0968705484240153,
        1.1792476415070754,
        1.1858541225631423,
        1.0825317547305484,
        1.334634781503914,
        1.334634781503914,
        1.1792476415070754,
        1.1726039399558574,
        1.1989578808281798,
        1.3635890143294642,
        1.5662455107677085,
        1.0897247358851685
    ],
    [
        1.243734296383275,
        0.0,
        1.224744871391589,
        1.709349291397168,
        1.5612494995995996,
        1.4252192813739224,
        1.4737282653189494,
        1.2374368670764582,
        1.14564392373896,
        1.2374368670764582,
        1.5103807466993215,
        1.340475661845451,
        1.4306903927824497,
        1.2562344526401112,
        1.352081728298996,
        1.4086784586980805,
        1.340475661845451,
        1.3110110602126894,
        1.1989578808281798,
        1.346291201783626,
        1.3975424859373686,
        1.1792476415070754,
        1.6583123951777,
        1.2686114456365274,
        1.595893166850463,
        1.3228756555322954,
        1.4684175155588413,
        1.5761900266148114,
        1.4523687548277813,
        1.3693063937629153,
        1.4523687548277813,
        1.299038105676658,
        1.1858541225631423,
        1.1524430571616109,
        1.5512092057488571,
        1.4252192813739224,
        1.4469796128487782,
        1.299038105676658,
        1.2183492931011204,
        1.2119199643540823,
        1.346291201783626,
        1.1319231422671772,
        1.3863170633011772,
        1.403121520040228,
        1.334634781503914,
        1.1726039399558574,
        1.340475661845451,
        1.243734296383275,
        1.489546910976623,
        1.159202311936963
    ],
    [
        1.125,
        1.224744871391589,
        0.0,
        1.6298006013006623,
        1.6723860200324565,
        1.346291201783626,
        1.489546910976623,
        1.0458250331675945,
        1.14564392373896,
        1.243734296383275,
        1.346291201783626,
        1.1319231422671772,
        1.165922381636102,
        1.231107225224513,
        1.2054563451241194,
        1.1989578808281798,
        1.2054563451241194,
        1.2119199643540823,
        1.25,
        1.2808688457449497,
        1.4252192813739224,
        1.1858541225631423,
        1.6153559979150107,
        1.2747548783981961,
        1.2808688457449497,
        1.243734296383275,
        1.5258194519667128,
        1.541103500742244,
        1.403121520040228,
        1.2562344526401112,
        1.4197270864500684,
        1.3806701271484076,
        1.159202311936963,
        1.0383279828647594,
        1.3863170633011772,
        1.3050383136138188,
        1.3919410907075054,
        1.3693063937629153,
        1.0968705484240153,
        1.1319231422671772,
        1.2054563451241194,
        1.0532687216470449,
        1.334634781503914,
        1.3228756555322954,
        1.1110243021644486,
        1.0897247358851685,
        1.224744871391589,
        1.286953767623375,
        1.5360257159305635,
        0.9842509842514764
    ],
    [
        1.6105123408406408,
        1.709349291397168,
        1.6298006013006623,
        0.0,
        1.776583800443987,
        1.3228756555322954,
        1.8027756377319946,
        1.625,
        1.6393596310755,
        1.7230060940112777,
        2.053959590644373,
        1.6723860200324565,
        1.541103500742244,
        1.625,
        1.5811388300841898,
        1.8498310733685928,
        1.5811388300841898,
        1.620185174601965,
        1.6630168369562588,
        1.3863170633011772,
        1.340475661845451,
        1.6393596310755,
        1.5562374497485916,
        1.4523687548277813,
        1.4415703243338496,
        1.6677080080157918,
        1.758905909933786,
        1.4737282653189494,
        1.590990257669732,
        1.3228756555322954,
        1.6909686573085854,
        1.6723860200324565,
        1.6105123408406408,
        1.7230060940112777,
        1.4577379737113252,
        1.4252192813739224,
        1.6298006013006623,
        1.709349291397168,
        1.6441183047457382,
        1.709349291397168,
        1.375,
        1.7001838135919305,
        1.4415703243338496,
        1.625,
        1.6817030058842137,
        1.6441183047457382,
        1.620185174601965,
        1.4142135623730951,
        1.4947825928876748,
        1.6677080080157918
    ],
    [
        1.648863244784115,
        1.5612494995995996,
        1.6723860200324565,
        1.776583800443987,
        0.0,
        1.5612494995995996,
        1.571225636247067,
        1.7677669529663689,
        1.5612494995995996,
        1.6909686573085854,
        2.2741756748325317,
        1.899835519196333,
        1.9921721813136535,
        1.5761900266148114,
        1.6817030058842137,
        2.069118169655856,
        1.9525624189766635,
        1.704772712123232,
        1.4630874888399532,
        1.620185174601965,
        1.5103807466993215,
        1.4947825928876748,
        1.5,
        1.6863421954040052,
        1.6630168369562588,
        1.479019945774904,
        1.4415703243338496,
        1.4842927608797396,
        1.5103807466993215,
        1.6345871038277526,
        1.5662455107677085,
        1.505199322349037,
        1.6583123951777,
        1.776583800443987,
        1.75,
        1.5811388300841898,
        1.4523687548277813,
        1.541103500742244,
        1.71846588560844,
        1.6298006013006623,
        1.8413649828320293,
        1.741048534648015,
        1.5512092057488571,
        1.489546910976623,
        1.845602882529175,
        1.6770509831248424,
        1.6863421954040052,
        1.5761900266148114,
        1.58607219255619,
        1.7633419974582356
    ],
    [
        1.299038105676658,
        1.4252192813739224,
        1.346291201783626,
        1.3228756555322954,
        1.5612494995995996,
        0.0,
        1.6007810593582121,
        1.3693063937629153,
        1.3635890143294642,
        1.4630874888399532,
        1.7677669529663689,
        1.4361406616345072,
        1.3635890143294642,
        1.3806701271484076,
        1.2747548783981961,
        1.5562374497485916,
        1.403121520040228,
        1.357847561400027,
        1.4142135623730951,
        1.25,
        1.192424001771182,
        1.3919410907075054,
        1.4523687548277813,
        1.3050383136138188,
        1.243734296383275,
        1.3919410907075054,
        1.489546910976623,
        1.25,
        1.3228756555322954,
        1.231107225224513,
        1.5,
        1.4415703243338496,
        1.357847561400027,
        1.4086784586980805,
        1.4086784586980805,
        1.3228756555322954,
        1.4252192813739224,
        1.340475661845451,
        1.3110110602126894,
        1.3635890143294642,
        1.231107225224513,
        1.3806701271484076,
        1.286953767623375,
        1.375,
        1.375,
        1.3169567191065923,
        1.334634781503914,
        1.3110110602126894,
        1.4306903927824497,
        1.403121520040228
    ],
    [
        1.5360257159305635,
        1.4737282653189494,
        1.489546910976623,
        1.8027756377319946,
        1.571225636247067,
        1.6007810593582121,
        0.0,
        1.4947825928876748,
        1.4630874888399532,
        1.5612494995995996,
        1.8791620472966135,
        1.6153559979150107,
        1.704772712123232,
        1.4252192813739224,
        1.4523687548277813,
        1.6817030058842137,
        1.6817030058842137,
        1.375,
        1.3806701271484076,
        1.5,
        1.4523687548277813,
        1.4086784586980805,
        1.4947825928876748,
        1.620185174601965,
        1.58607219255619,
        1.3975424859373686,
        1.5,
        1.541103500742244,
        1.5309310892394863,
        1.5360257159305635,
        1.4947825928876748,
        1.3975424859373686,
        1.4737282653189494,
        1.5612494995995996,
        1.571225636247067,
        1.5662455107677085,
        1.4469796128487782,
        1.5103807466993215,
        1.5,
        1.541103500742244,
        1.6298006013006623,
        1.5662455107677085,
        1.5562374497485916,
        1.5360257159305635,
        1.5309310892394863,
        1.5,
        1.4577379737113252,
        1.479019945774904,
        1.5360257159305635,
        1.5761900266148114
    ],
    [
        1.0752906583803283,
        1.2374368670764582,
        1.0458250331675945,
        1.625,
        1.7677669529663689,
        1.3693063937629153,
        1.4947825928876748,
        0.0,
        1.0968705484240153,
        1.286953767623375,
        1.118033988749895,
        0.9682458365518543,
        1.0968705484240153,
        1.25,
        1.1858541225631423,
        1.0383279828647594,
        1.1792476415070754,
        1.192424001771182,
        1.2747548783981961,
        1.2808688457449497,
        1.4469796128487782,
        1.165922381636102,
        1.6677080080157918,
        1.2808688457449497,
        1.3975424859373686,
        1.3110110602126894,
        1.6583123951777,
        1.5811388300841898,
        1.3863170633011772,
        1.231107225224513,
        1.4737282653189494,
        1.4361406616345072,
        1.103970108290981,
        1.0752906583803283,
        1.3806701271484076,
        1.4684175155588413,
        1.4947825928876748,
        1.4306903927824497,
        1.015504800579495,
        1.1110243021644486,
        1.0897247358851685,
        0.9682458365518543,
        1.4361406616345072,
        1.4252192813739224,
        0.9842509842514764,
        0.9921567416492215,
        1.1792476415070754,
        1.286953767623375,
        1.58607219255619,
        0.9842509842514764
    ],
    [
        1.0680004681646913,
        1.14564392373896,
        1.14564392373896,
        1.6393596310755,
        1.5612494995995996,
        1.3635890143294642,
        1.4630874888399532,
        1.0968705484240153,
        0.0,
        1.25,
        1.4197270864500684,
        1.1792476415070754,
        1.3169567191065923,
        1.1989578808281798,
        1.192424001771182,
        1.299038105676658,
        1.2930100540985752,
        1.1989578808281798,
        1.1989578808281798,
        1.2183492931011204,
        1.3975424859373686,
        1.159202311936963,
        1.5,
        1.2374368670764582,
        1.4142135623730951,
        1.224744871391589,
        1.4842927608797396,
        1.4577379737113252,
        1.3975424859373686,
        1.3050383136138188,
        1.340475661845451,
        1.2624381172952597,
        1.1110243021644486,
        1.1388041973930374,
        1.3863170633011772,
        1.3287682265918312,
        1.4142135623730951,
        1.3228756555322954,
        1.0968705484240153,
        1.231107225224513,
        1.25,
        1.118033988749895,
        1.357847561400027,
        1.352081728298996,
        1.1524430571616109,
        1.192424001771182,
        1.2183492931011204,
        1.2808688457449497,
        1.5103807466993215,
        1.0897247358851685
    ],
    [
        1.2747548783981961,
        1.2374368670764582,
        1.243734296383275,
        1.7230060940112777,
        1.6909686573085854,
        1.4630874888399532,
        1.5612494995995996,
        1.286953767623375,
        1.25,
        0.0,
        1.5761900266148114,
        1.286953767623375,
        1.505199322349037,
        1.357847561400027,
        1.352081728298996,
        1.4252192813739224,
        1.3110110602126894,
        1.2119199643540823,
        1.286953767623375,
        1.2686114456365274,
        1.4684175155588413,
        1.2747548783981961,
        1.6007810593582121,
        1.2808688457449497,
        1.4842927608797396,
        1.3693063937629153,
        1.620185174601965,
        1.6441183047457382,
        1.4684175155588413,
        1.3635890143294642,
        1.4142135623730951,
        1.479019945774904,
        1.3169567191065923,
        1.1726039399558574,
        1.5,
        1.5103807466993215,
        1.5,
        1.3635890143294642,
        1.2119199643540823,
        1.1989578808281798,
        1.2624381172952597,
        1.192424001771182,
        1.4523687548277813,
        1.4306903927824497,
        1.3110110602126894,
        1.14564392373896,
        1.340475661845451,
        1.3806701271484076,
        1.625,
        1.231107225224513
    ],
    [
        1.352081728298996,
        1.5103807466993215,
        1.346291201783626,
        2.053959590644373,
        2.2741756748325317,
        1.7677669529663689,
        1.8791620472966135,
        1.118033988749895,
        1.4197270864500684,
        1.5761900266148114,
        0.0,
        1.0532687216470449,
        1.0383279828647594,
        1.6441183047457382,
        1.505199322349037,
        0.7288689868556626,
        1.165922381636102,
        1.346291201783626,
        1.7001838135919305,
        1.6393596310755,
        1.7275343701356567,
        1.541103500742244,
        2.2325713874364688,
        1.58607219255619,
        2.0077973005261263,
        1.704772712123232,
        2.1065374432940898,
        2.019436802675439,
        1.7544586059522749,
        1.620185174601965,
        1.948557158514987,
        1.80710403685012,
        1.299038105676658,
        1.0606601717798212,
        1.7853571071357126,
        1.9039432764659772,
        1.9324531042175384,
        1.8328597873268975,
        1.0897247358851685,
        1.2374368670764582,
        1.286953767623375,
        0.9185586535436918,
        1.8582585934148133,
        1.899835519196333,
        1.0897247358851685,
        1.3169567191065923,
        1.5360257159305635,
        1.620185174601965,
        2.084166500066633,
        1.0
    ],
    [
        1.0383279828647594,
        1.340475661845451,
        1.1319231422671772,
        1.6723860200324565,
        1.899835519196333,
        1.4361406616345072,
        1.6153559979150107,
        0.9682458365518543,
        1.1792476415070754,
        1.286953767623375,
        1.0532687216470449,
        0.0,
        1.0825317547305484,
        1.2808688457449497,
        1.2119199643540823,
        0.9921567416492215,
        1.1319231422671772,
        1.1388041973930374,
        1.3228756555322954,
        1.3169567191065923,
        1.489546910976623,
        1.25,
        1.7544586059522749,
        1.4086784586980805,
        1.4684175155588413,
        1.3919410907075054,
        1.7320508075688772,
        1.6105123408406408,
        1.479019945774904,
        1.2624381172952597,
        1.6105123408406408,
        1.5,
        1.118033988749895,
        1.1319231422671772,
        1.3975424859373686,
        1.5512092057488571,
        1.541103500742244,
        1.541103500742244,
        1.0383279828647594,
        1.1388041973930374,
        1.125,
        0.9842509842514764,
        1.4842927608797396,
        1.5360257159305635,
        1.0231690964840563,
        1.0825317547305484,
        1.243734296383275,
        1.3806701271484076,
        1.7365554986812255,
        0.9921567416492215
    ],
    [
        1.2930100540985752,
        1.4306903927824497,
        1.165922381636102,
        1.541103500742244,
        1.9921721813136535,
        1.3635890143294642,
        1.704772712123232,
        1.0968705484240153,
        1.3169567191065923,
        1.505199322349037,
        1.0383279828647594,
        1.0825317547305484,
        0.0,
        1.4086784586980805,
        1.334634781503914,
        0.9842509842514764,
        0.9842509842514764,
        1.299038105676658,
        1.4842927608797396,
        1.2562344526401112,
        1.357847561400027,
        1.340475661845451,
        1.7853571071357126,
        1.286953767623375,
        1.3287682265918312,
        1.541103500742244,
        1.875,
        1.6007810593582121,
        1.5811388300841898,
        1.2808688457449497,
        1.704772712123232,
        1.590990257669732,
        1.2183492931011204,
        1.165922381636102,
        1.357847561400027,
        1.5206906325745548,
        1.6630168369562588,
        1.6007810593582121,
        1.1524430571616109,
        1.243734296383275,
        1.0606601717798212,
        1.0307764064044151,
        1.4523687548277813,
        1.6298006013006623,
        1.0825317547305484,
        1.1858541225631423,
        1.3287682265918312,
        1.243734296383275,
        1.6583123951777,
        1.0606601717798212
    ],
    [
        1.159202311936963,
        1.2562344526401112,
        1.231107225224513,
        1.625,
        1.5761900266148114,
        1.3806701271484076,
        1.4252192813739224,
        1.25,
        1.1989578808281798,
        1.357847561400027,
        1.6441183047457382,
        1.2808688457449497,
        1.4086784586980805,
        0.0,
        1.2374368670764582,
        1.4737282653189494,
        1.4630874888399532,
        1.2808688457449497,
        1.2808688457449497,
        1.3806701271484076,
        1.346291201783626,
        1.1792476415070754,
        1.5612494995995996,
        1.346291201783626,
        1.4737282653189494,
        1.299038105676658,
        1.4684175155588413,
        1.4469796128487782,
        1.3919410907075054,
        1.340475661845451,
        1.346291201783626,
        1.3110110602126894,
        1.2054563451241194,
        1.2686114456365274,
        1.4086784586980805,
        1.357847561400027,
        1.357847561400027,
        1.3635890143294642,
        1.2747548783981961,
        1.2562344526401112,
        1.334634781503914,
        1.3110110602126894,
        1.4197270864500684,
        1.3693063937629153,
        1.2686114456365274,
        1.224744871391589,
        1.1858541225631423,
        1.346291201783626,
        1.4737282653189494,
        1.231107225224513
    ],
    [
        1.2119199643540823,
        1.352081728298996,
        1.2054563451241194,
        1.5811388300841898,
        1.6817030058842137,
        1.2747548783981961,
        1.4523687548277813,
        1.1858541225631423,
        1.192424001771182,
        1.352081728298996,
        1.505199322349037,
        1.2119199643540823,
        1.334634781503914,
        1.2374368670764582,
        0.0,
        1.299038105676658,
        1.3975424859373686,
        1.1989578808281798,
        1.3863170633011772,
        1.2808688457449497,
        1.3863170633011772,
        1.25,
        1.5811388300841898,
        1.4684175155588413,
        1.375,
        1.3287682265918312,
        1.5155444566227676,
        1.4142135623730951,
        1.3169567191065923,
        1.3228756555322954,
        1.4142135623730951,
        1.3169567191065923,
        1.224744871391589,
        1.3110110602126894,
        1.334634781503914,
        1.346291201783626,
        1.334634781503914,
        1.4306903927824497,
        1.192424001771182,
        1.346291201783626,
        1.3693063937629153,
        1.2054563451241194,
        1.4630874888399532,
        1.3169567191065923,
        1.14564392373896,
        1.1524430571616109,
        1.165922381636102,
        1.403121520040228,
        1.5103807466993215,
        1.224744871391589
    ],
    [
        1.231107225224513,
        1.4086784586980805,
        1.1989578808281798,
        1.8498310733685928,
        2.069118169655856,
        1.5562374497485916,
        1.6817030058842137,
        1.0383279828647594,
        1.299038105676658,
        1.4252192813739224,
        0.7288689868556626,
        0.9921567416492215,
        0.9842509842514764,
        1.4737282653189494,
        1.299038105676658,
        0.0,
        1.0458250331675945,
        1.243734296383275,
        1.4737282653189494,
        1.4842927608797396,
        1.571225636247067,
        1.357847561400027,
        2.0077973005261263,
        1.4630874888399532,
        1.704772712123232,
        1.5512092057488571,
        1.9525624189766635,
        1.8624580532189174,
        1.6056540723331412,
        1.4577379737113252,
        1.71846588560844,
        1.625,
        1.165922381636102,
        1.0752906583803283,
        1.595893166850463,
        1.695582495781317,
        1.6909686573085854,
        1.6298006013006623,
        1.015504800579495,
        1.1110243021644486,
        1.2054563451241194,
        0.9185586535436918,
        1.6817030058842137,
        1.6677080080157918,
        0.9842509842514764,
        1.159202311936963,
        1.357847561400027,
        1.4577379737113252,
        1.8833148966649205,
        0.9437293044088437
    ],
    [
        1.3228756555322954,
        1.340475661845451,
        1.2054563451241194,
        1.5811388300841898,
        1.9525624189766635,
        1.403121520040228,
        1.6817030058842137,
        1.1792476415070754,
        1.2930100540985752,
        1.3110110602126894,
        1.165922381636102,
        1.1319231422671772,
        0.9842509842514764,
        1.4630874888399532,
        1.3975424859373686,
        1.0458250331675945,
        0.0,
        1.340475661845451,
        1.375,
        1.2624381172952597,
        1.4469796128487782,
        1.3169567191065923,
        1.7677669529663689,
        1.25,
        1.3975424859373686,
        1.5612494995995996,
        1.8371173070873836,
        1.6630168369562588,
        1.590990257669732,
        1.25,
        1.7544586059522749,
        1.5811388300841898,
        1.1792476415070754,
        1.1726039399558574,
        1.346291201783626,
        1.5,
        1.704772712123232,
        1.6393596310755,
        1.14564392373896,
        1.231107225224513,
        1.0680004681646913,
        1.1388041973930374,
        1.4361406616345072,
        1.6393596310755,
        1.125,
        1.1319231422671772,
        1.357847561400027,
        1.25,
        1.6393596310755,
        1.0825317547305484
    ],
    [
        1.0897247358851685,
        1.3110110602126894,
        1.2119199643540823,
        1.620185174601965,
        1.704772712123232,
        1.357847561400027,
        1.375,
        1.192424001771182,
        1.1989578808281798,
        1.2119199643540823,
        1.346291201783626,
        1.1388041973930374,
        1.299038105676658,
        1.2808688457449497,
        1.1989578808281798,
        1.243734296383275,
        1.340475661845451,
        0.0,
        1.2808688457449497,
        1.340475661845451,
        1.3975424859373686,
        1.2119199643540823,
        1.5811388300841898,
        1.4086784586980805,
        1.4306903927824497,
        1.3287682265918312,
        1.5562374497485916,
        1.5155444566227676,
        1.352081728298996,
        1.2686114456365274,
        1.505199322349037,
        1.403121520040228,
        1.159202311936963,
        1.2808688457449497,
        1.3919410907075054,
        1.4469796128487782,
        1.3863170633011772,
        1.4086784586980805,
        1.125,
        1.159202311936963,
        1.286953767623375,
        1.1524430571616109,
        1.4684175155588413,
        1.4523687548277813,
        1.165922381636102,
        1.165922381636102,
        1.165922381636102,
        1.375,
        1.6298006013006623,
        1.0897247358851685
    ],
    [
        1.25,
        1.1989578808281798,
        1.25,
        1.6630168369562588,
        1.4630874888399532,
        1.4142135623730951,
        1.3806701271484076,
        1.2747548783981961,
        1.1989578808281798,
        1.286953767623375,
        1.7001838135919305,
        1.3228756555322954,
        1.4842927608797396,
        1.2808688457449497,
        1.3863170633011772,
        1.4737282653189494,
        1.375,
        1.2808688457449497,
        0.0,
        1.340475661845451,
        1.357847561400027,
        1.231107225224513,
        1.5761900266148114,
        1.3110110602126894,
        1.5811388300841898,
        1.3228756555322954,
        1.489546910976623,
        1.5,
        1.3806701271484076,
        1.346291201783626,
        1.4197270864500684,
        1.3287682265918312,
        1.1858541225631423,
        1.224744871391589,
        1.3919410907075054,
        1.4142135623730951,
        1.357847561400027,
        1.3169567191065923,
        1.243734296383275,
        1.2562344526401112,
        1.3169567191065923,
        1.2374368670764582,
        1.352081728298996,
        1.334634781503914,
        1.346291201783626,
        1.231107225224513,
        1.299038105676658,
        1.334634781503914,
        1.375,
        1.224744871391589
    ],
    [
        1.3228756555322954,
        1.346291201783626,
        1.2808688457449497,
        1.3863170633011772,
        1.620185174601965,
        1.25,
        1.5,
        1.2808688457449497,
        1.2183492931011204,
        1.2686114456365274,
        1.6393596310755,
        1.3169567191065923,
        1.2562344526401112,
        1.3806701271484076,
        1.2808688457449497,
        1.4842927608797396,
        1.2624381172952597,
        1.340475661845451,
        1.340475661845451,
        0.0,
        1.1989578808281798,
        1.3110110602126894,
        1.4523687548277813,
        1.192424001771182,
        1.224744871391589,
        1.3228756555322954,
        1.5,
        1.403121520040228,
        1.403121520040228,
        1.165922381636102,
        1.4252192813739224,
        1.403121520040228,
        1.3169567191065923,
        1.2930100540985752,
        1.3287682265918312,
        1.3919410907075054,
        1.3975424859373686,
        1.4577379737113252,
        1.2562344526401112,
        1.299038105676658,
        1.1989578808281798,
        1.3110110602126894,
        1.2562344526401112,
        1.4086784586980805,
        1.3287682265918312,
        1.2686114456365274,
        1.3635890143294642,
        1.231107225224513,
        1.3919410907075054,
        1.243734296383275
    ],
    [
        1.4086784586980805,
        1.3975424859373686,
        1.4252192813739224,
        1.340475661845451,
        1.5103807466993215,
        1.192424001771182,
        1.4523687548277813,
        1.4469796128487782,
        1.3975424859373686,
        1.4684175155588413,
        1.7275343701356567,
        1.489546910976623,
        1.357847561400027,
        1.346291201783626,
        1.3863170633011772,
        1.571225636247067,
        1.4469796128487782,
        1.3975424859373686,
        1.357847561400027,
        1.1989578808281798,
        0.0,
        1.340475661845451,
        1.3863170633011772,
        1.299038105676658,
        1.3287682265918312,
        1.3863170633011772,
        1.4684175155588413,
        1.3228756555322954,
        1.375,
        1.3110110602126894,
        1.4684175155588413,
        1.357847561400027,
        1.3806701271484076,
        1.4469796128487782,
        1.3806701271484076,
        1.3287682265918312,
        1.375,
        1.346291201783626,
        1.340475661845451,
        1.3635890143294642,
        1.3110110602126894,
        1.4252192813739224,
        1.334634781503914,
        1.375,
        1.4523687548277813,
        1.3110110602126894,
        1.3863170633011772,
        1.2562344526401112,
        1.299038105676658,
        1.4086784586980805
    ],
    [
        1.1989578808281798,
        1.1792476415070754,
        1.1858541225631423,
        1.6393596310755,
        1.4947825928876748,
        1.3919410907075054,
        1.4086784586980805,
        1.165922381636102,
        1.159202311936963,
        1.2747548783981961,
        1.541103500742244,
        1.25,
        1.340475661845451,
        1.1792476415070754,
        1.25,
        1.357847561400027,
        1.3169567191065923,
        1.2119199643540823,
        1.231107225224513,
        1.3110110602126894,
        1.340475661845451,
        0.0,
        1.5360257159305635,
        1.3287682265918312,
        1.5309310892394863,
        1.2562344526401112,
        1.4415703243338496,
        1.4842927608797396,
        1.3693063937629153,
        1.346291201783626,
        1.3806701271484076,
        1.334634781503914,
        1.1858541225631423,
        1.2183492931011204,
        1.4361406616345072,
        1.4197270864500684,
        1.346291201783626,
        1.3693063937629153,
        1.1726039399558574,
        1.1792476415070754,
        1.231107225224513,
        1.1388041973930374,
        1.4086784586980805,
        1.4142135623730951,
        1.243734296383275,
        1.125,
        1.2054563451241194,
        1.2747548783981961,
        1.4361406616345072,
        1.1388041973930374
    ],
    [
        1.6583123951777,
        1.6583123951777,
        1.6153559979150107,
        1.5562374497485916,
        1.5,
        1.4523687548277813,
        1.4947825928876748,
        1.6677080080157918,
        1.5,
        1.6007810593582121,
        2.2325713874364688,
        1.7544586059522749,
        1.7853571071357126,
        1.5612494995995996,
        1.5811388300841898,
        2.0077973005261263,
        1.7677669529663689,
        1.5811388300841898,
        1.5761900266148114,
        1.4523687548277813,
        1.3863170633011772,
        1.5360257159305635,
        0.0,
        1.5309310892394863,
        1.4415703243338496,
        1.4630874888399532,
        1.653594569415369,
        1.4142135623730951,
        1.5103807466993215,
        1.4361406616345072,
        1.595893166850463,
        1.5258194519667128,
        1.595893166850463,
        1.79843682124227,
        1.5309310892394863,
        1.4947825928876748,
        1.5155444566227676,
        1.6007810593582121,
        1.7320508075688772,
        1.6056540723331412,
        1.5562374497485916,
        1.776583800443987,
        1.5206906325745548,
        1.4947825928876748,
        1.6909686573085854,
        1.6583123951777,
        1.590990257669732,
        1.3975424859373686,
        1.3806701271484076,
        1.6817030058842137
    ],
    [
        1.2624381172952597,
        1.2686114456365274,
        1.2747548783981961,
        1.4523687548277813,
        1.6863421954040052,
        1.3050383136138188,
        1.620185174601965,
        1.2808688457449497,
        1.2374368670764582,
        1.2808688457449497,
        1.58607219255619,
        1.4086784586980805,
        1.286953767623375,
        1.346291201783626,
        1.4684175155588413,
        1.4630874888399532,
        1.25,
        1.4086784586980805,
        1.3110110602126894,
        1.192424001771182,
        1.299038105676658,
        1.3287682265918312,
        1.5309310892394863,
        0.0,
        1.357847561400027,
        1.3863170633011772,
        1.5103807466993215,
        1.4577379737113252,
        1.5612494995995996,
        1.2374368670764582,
        1.541103500742244,
        1.403121520040228,
        1.2686114456365274,
        1.2054563451241194,
        1.4737282653189494,
        1.3228756555322954,
        1.5155444566227676,
        1.4142135623730951,
        1.2183492931011204,
        1.2183492931011204,
        1.231107225224513,
        1.231107225224513,
        1.192424001771182,
        1.479019945774904,
        1.346291201783626,
        1.224744871391589,
        1.4523687548277813,
        1.2686114456365274,
        1.357847561400027,
        1.2119199643540823
    ],
    [
        1.5,
        1.595893166850463,
        1.2808688457449497,
        1.4415703243338496,
        1.6630168369562588,
        1.243734296383275,
        1.58607219255619,
        1.3975424859373686,
        1.4142135623730951,
        1.4842927608797396,
        2.0077973005261263,
        1.4684175155588413,
        1.3287682265918312,
        1.4737282653189494,
        1.375,
        1.704772712123232,
        1.3975424859373686,
        1.4306903927824497,
        1.5811388300841898,
        1.224744871391589,
        1.3287682265918312,
        1.5309310892394863,
        1.4415703243338496,
        1.357847561400027,
        0.0,
        1.4577379737113252,
        1.625,
        1.352081728298996,
        1.3919410907075054,
        1.2374368670764582,
        1.6298006013006623,
        1.5206906325745548,
        1.5103807466993215,
        1.625,
        1.3806701271484076,
        1.340475661845451,
        1.4523687548277813,
        1.4737282653189494,
        1.4577379737113252,
        1.5103807466993215,
        1.2624381172952597,
        1.5512092057488571,
        1.340475661845451,
        1.3635890143294642,
        1.4252192813739224,
        1.4737282653189494,
        1.5155444566227676,
        1.3050383136138188,
        1.4142135623730951,
        1.489546910976623
    ],
    [
        1.3050383136138188,
        1.3228756555322954,
        1.243734296383275,
        1.6677080080157918,
        1.479019945774904,
        1.3919410907075054,
        1.3975424859373686,
        1.3110110602126894,
        1.224744871391589,
        1.3693063937629153,
        1.704772712123232,
        1.3919410907075054,
        1.541103500742244,
        1.299038105676658,
        1.3287682265918312,
        1.5512092057488571,
        1.5612494995995996,
        1.3287682265918312,
        1.3228756555322954,
        1.3228756555322954,
        1.3863170633011772,
        1.2562344526401112,
        1.4630874888399532,
        1.3863170633011772,
        1.4577379737113252,
        0.0,
        1.4630874888399532,
        1.4415703243338496,
        1.3110110602126894,
        1.357847561400027,
        1.352081728298996,
        1.2808688457449497,
        1.334634781503914,
        1.346291201783626,
        1.357847561400027,
        1.357847561400027,
        1.4306903927824497,
        1.357847561400027,
        1.2374368670764582,
        1.375,
        1.3919410907075054,
        1.3635890143294642,
        1.3863170633011772,
        1.340475661845451,
        1.357847561400027,
        1.3169567191065923,
        1.2374368670764582,
        1.375,
        1.3919410907075054,
        1.3228756555322954
    ],
    [
        1.58607219255619,
        1.4684175155588413,
        1.5258194519667128,
        1.758905909933786,
        1.4415703243338496,
        1.489546910976623,
        1.5,
        1.6583123951777,
        1.4842927608797396,
        1.620185174601965,
        2.1065374432940898,
        1.7320508075688772,
        1.875,
        1.4684175155588413,
        1.5155444566227676,
        1.9525624189766635,
        1.8371173070873836,
        1.5562374497485916,
        1.489546910976623,
        1.5,
        1.4684175155588413,
        1.4415703243338496,
        1.653594569415369,
        1.5103807466993215,
        1.625,
        1.4630874888399532,
        0.0,
        1.4842927608797396,
        1.5562374497485916,
        1.58607219255619,
        1.4252192813739224,
        1.4737282653189494,
        1.58607219255619,
        1.620185174601965,
        1.6863421954040052,
        1.5206906325745548,
        1.4684175155588413,
        1.4197270864500684,
        1.6345871038277526,
        1.5612494995995996,
        1.6677080080157918,
        1.695582495781317,
        1.4842927608797396,
        1.3975424859373686,
        1.6863421954040052,
        1.5,
        1.5662455107677085,
        1.479019945774904,
        1.479019945774904,
        1.6056540723331412
    ],
    [
        1.489546910976623,
        1.5761900266148114,
        1.541103500742244,
        1.4737282653189494,
        1.4842927608797396,
        1.25,
        1.541103500742244,
        1.5811388300841898,
        1.4577379737113252,
        1.6441183047457382,
        2.019436802675439,
        1.6105123408406408,
        1.6007810593582121,
        1.4469796128487782,
        1.4142135623730951,
        1.8624580532189174,
        1.6630168369562588,
        1.5155444566227676,
        1.5,
        1.403121520040228,
        1.3228756555322954,
        1.4842927608797396,
        1.4142135623730951,
        1.4577379737113252,
        1.352081728298996,
        1.4415703243338496,
        1.4842927608797396,
        0.0,
        1.4197270864500684,
        1.3635890143294642,
        1.5258194519667128,
        1.4630874888399532,
        1.541103500742244,
        1.6723860200324565,
        1.4415703243338496,
        1.3110110602126894,
        1.4252192813739224,
        1.4577379737113252,
        1.5309310892394863,
        1.595893166850463,
        1.5258194519667128,
        1.6583123951777,
        1.3806701271484076,
        1.4684175155588413,
        1.6056540723331412,
        1.58607219255619,
        1.5461646096066226,
        1.3693063937629153,
        1.4086784586980805,
        1.5662455107677085
    ],
    [
        1.340475661845451,
        1.4523687548277813,
        1.403121520040228,
        1.590990257669732,
        1.5103807466993215,
        1.3228756555322954,
        1.5309310892394863,
        1.3863170633011772,
        1.3975424859373686,
        1.4684175155588413,
        1.7544586059522749,
        1.479019945774904,
        1.5811388300841898,
        1.3919410907075054,
        1.3169567191065923,
        1.6056540723331412,
        1.590990257669732,
        1.352081728298996,
        1.3806701271484076,
        1.403121520040228,
        1.375,
        1.3693063937629153,
        1.5103807466993215,
        1.5612494995995996,
        1.3919410907075054,
        1.3110110602126894,
        1.5562374497485916,
        1.4197270864500684,
        0.0,
        1.3975424859373686,
        1.4577379737113252,
        1.4306903927824497,
        1.3863170633011772,
        1.4577379737113252,
        1.4523687548277813,
        1.403121520040228,
        1.3806701271484076,
        1.3169567191065923,
        1.3919410907075054,
        1.479019945774904,
        1.3863170633011772,
        1.4523687548277813,
        1.5103807466993215,
        1.3228756555322954,
        1.4197270864500684,
        1.4142135623730951,
        1.2930100540985752,
        1.489546910976623,
        1.505199322349037,
        1.4361406616345072
    ],
    [
        1.1792476415070754,
        1.3693063937629153,
        1.2562344526401112,
        1.3228756555322954,
        1.6345871038277526,
        1.231107225224513,
        1.5360257159305635,
        1.231107225224513,
        1.3050383136138188,
        1.3635890143294642,
        1.620185174601965,
        1.2624381172952597,
        1.2808688457449497,
        1.340475661845451,
        1.3228756555322954,
        1.4577379737113252,
        1.25,
        1.2686114456365274,
        1.346291201783626,
        1.165922381636102,
        1.3110110602126894,
        1.346291201783626,
        1.4361406616345072,
        1.2374368670764582,
        1.2374368670764582,
        1.357847561400027,
        1.58607219255619,
        1.3635890143294642,
        1.3975424859373686,
        0.0,
        1.5309310892394863,
        1.4252192813739224,
        1.2747548783981961,
        1.334634781503914,
        1.286953767623375,
        1.346291201783626,
        1.4684175155588413,
        1.3806701271484076,
        1.2686114456365274,
