[
    [
        0.0,
        0.2872621298570349,
        0.3376591060152236,
        0.4189714899309976,
        0.31328027587130347,
        0.34268300311658295,
        0.2715335499528557,
        0.1887975933374152,
        0.19640320453088336,
        0.49853300417324425,
        0.31328027587130347,
        0.39435717075387383,
        0.22910747341586218,
        0.3217384419058438,
        0.3727143888086426,
        0.28081563680642857,
        0.23017062285400366,
        0.24506854908372067,
        0.22426093897511443,
        0.2049199538844375,
        0.24902152266420668,
        0.34204913805946396,
        0.2275034340400162,
        0.26238836912104163,
        0.26238836912104163,
        0.42847841252506524,
        0.41043517301761556,
        0.3299798762803574,
        0.234375,
        0.2298757967782699,
        0.2633171804117612,
        0.30935921676911454,
        0.25958199571618984,
        0.258167369404036,
        0.3255104164999947,
        0.3921843874378479,
        0.3710731902199349,
        0.3081731706768128,
        0.2609889545076573,
        0.2679129406169101,
        0.293567097313374,
        0.2125229766989913,
        0.3896167543596884,
        0.3069825422560703,
        0.17258376589355096,
        0.35008369535012623,
        0.2543565718140579,
        0.31054073303674673,
        0.3167677333236452
    ],
    [
        0.2872621298570349,
        0.0,
        0.29522568168267477,
        0.4386146514880687,
        0.363763960213213,
        0.22207297505549836,
        0.10245997694221876,
        0.1781524101717403,
        0.21875,
        0.2557922741210141,
        0.13441133229754104,
        0.23747943989954162,
        0.16755945773068137,
        0.33511891546136274,
        0.17328963291264715,
        0.1753901900050285,
        0.18944305707784595,
        0.18421603316486868,
        0.23696485762661096,
        0.2181912506838897,
        0.16682934768798924,
        0.34942443995248973,
        0.214808235701055,
        0.21194781197266463,
        0.19640320453088336,
        0.42216425269082175,
        0.410137648387709,
        0.273772116686488,
        0.17746588580625855,
        0.26826708874324817,
        0.22480460265528374,
        0.2096313728906053,
        0.15546678704790937,
        0.11158481919598204,
        0.2415566380271923,
        0.32886820593514354,
        0.4059494080239556,
        0.18355218944485516,
        0.19640320453088336,
        0.05633673867912483,
        0.09631896879639025,
        0.21423920626253262,
        0.43678637234859385,
        0.1660960283239789,
        0.1781524101717403,
        0.18944305707784595,
        0.15229366163764005,
        0.36743675050952646,
        0.038273277230987154
    ],
    [
        0.3376591060152236,
        0.29522568168267477,
        0.0,
        0.203125,
        0.203125,
        0.184877493221863,
        0.29064180058966055,
        0.22207297505549836,
        0.3247595264191645,
        0.5869262490935296,
        0.3965180481390475,
        0.3049878327491115,
        0.1514899955442603,
        0.21423920626253262,
        0.421875,
        0.4310348195041788,
        0.213096589015404,
        0.11692679333668567,
        0.23017062285400366,
        0.16461958988832404,
        0.18814991529362962,
        0.18582877890532576,
        0.24506854908372067,
        0.09504316453590968,
        0.109375,
        0.16312978920172735,
        0.13621559198564606,
        0.11899645477912357,
        0.1570293065800139,
        0.2432910565443055,
        0.1316585902058806,
        0.23333100817293873,
        0.4113264556590057,
        0.1690102160373745,
        0.09631896879639025,
        0.10245997694221876,
        0.22152260748059102,
        0.2715335499528557,
        0.31444705933590794,
        0.301768873684812,
        0.3736956482219187,
        0.19702375332685143,
        0.21862595689390998,
        0.3451675317871019,
        0.2651650429449553,
        0.11692679333668567,
        0.26052081250832915,
        0.16237976320958225,
        0.3332926407453366
    ],
    [
        0.4189714899309976,
        0.4386146514880687,
        0.203125,
        0.0,
        0.24705294220065463,
        0.36743675050952646,
        0.46770717334674267,
        0.35869500885153116,
        0.38400642898264087,
        0.7535722219867184,
        0.5691876750027183,
        0.5596717090178849,
        0.32211762700137975,
        0.37856379498705367,
        0.6317989568486165,
        0.6304450313072505,
        0.3690941190943036,
        0.2619227283475033,
        0.2976962325509008,
        0.23696485762661096,
        0.3700849775727191,
        0.10416666666666667,
        0.31366968593569894,
        0.28384222069663984,
        0.2651650429449553,
        0.13710881855300192,
        0.2642427269576213,
        0.19948664585630788,
        0.3113259194558012,
        0.3474391683366233,
        0.22371595411369302,
        0.46140072063229376,
        0.5096720759468778,
        0.36241917202322504,
        0.28853414550967793,
        0.17608480733726006,
        0.225888004606265,
        0.48713928962874675,
        0.4287632104378826,
        0.47624220794150535,
        0.5499911220874388,
        0.213668661424646,
        0.25520833333333337,
        0.5303300858899106,
        0.34268300311658295,
        0.33108781406901705,
        0.39866721319290854,
        0.20904825250405706,
        0.48713928962874675
    ],
    [
        0.31328027587130347,
        0.363763960213213,
        0.203125,
        0.24705294220065463,
        0.0,
        0.27332587007087344,
        0.3167677333236452,
        0.2642427269576213,
        0.3247595264191645,
        0.6348828016846889,
        0.4198446513295126,
        0.30856902590830465,
        0.2125229766989913,
        0.21021287573552672,
        0.43131792943257063,
        0.433294519495689,
        0.26378035962709584,
        0.22316963839196408,
        0.24105075969596113,
        0.21650635094610965,
        0.2209708691207961,
        0.22158382693940257,
        0.25291271962872885,
        0.1887975933374152,
        0.21137108216357317,
        0.23696485762661096,
        0.214808235701055,
        0.23385358667337133,
        0.25626905416963636,
        0.24014878923746885,
        0.2348952559120767,
        0.30338262248355624,
        0.410137648387709,
        0.25626905416963636,
        0.2153757617514097,
        0.22041774968227945,
        0.1926379375927805,
        0.2790714234295586,
        0.3700849775727191,
        0.3483358876501243,
        0.38400642898264087,
        0.25048780534189685,
        0.21277810641474476,
        0.3332926407453366,
        0.2679129406169101,
        0.23541436208311506,
        0.298923851089203,
        0.22041774968227945,
        0.39435717075387383
    ],
    [
        0.34268300311658295,
        0.22207297505549836,
        0.184877493221863,
        0.36743675050952646,
        0.27332587007087344,
        0.0,
        0.2405438174740727,
        0.2538762001448738,
        0.26972932033800107,
        0.37041467472280304,
        0.3113259194558012,
        0.213096589015404,
        0.18288593610499415,
        0.2821167200823092,
        0.2821167200823092,
        0.3140586131600278,
        0.225888004606265,
        0.16828640022295324,
        0.2781952158557009,
        0.258639771206982,
        0.1907274314958391,
        0.23443286322764373,
        0.21137108216357317,
        0.1988737822087165,
        0.2096313728906053,
        0.28427195935406646,
        0.18154609435347266,
        0.13621559198564606,
        0.17328963291264715,
        0.23736518468970505,
        0.16973094517500337,
        0.11158481919598204,
        0.31638213642682167,
        0.16010860571811872,
        0.15857643070456592,
        0.1767766952966369,
        0.30257682392245444,
        0.16237976320958225,
        0.3398212995458054,
        0.21137108216357317,
        0.2460627460628691,
        0.24356964481437338,
        0.2974683398186174,
        0.2688226645950821,
        0.2679129406169101,
        0.1335000585205864,
        0.2692763740564701,
        0.30257682392245444,
        0.2125229766989913
    ],
    [
        0.2715335499528557,
        0.10245997694221876,
        0.29064180058966055,
        0.46770717334674267,
        0.3167677333236452,
        0.2405438174740727,
        0.0,
        0.14405538214520136,
        0.24256522962906288,
        0.23333100817293873,
        0.10004881620988826,
        0.203125,
        0.1988737822087165,
        0.2960514893983815,
        0.13531646934131855,
        0.13621559198564606,
        0.16828640022295324,
        0.22207297505549836,
        0.22963966338592295,
        0.22371595411369302,
        0.17469281074217108,
        0.3685792919365445,
        0.2829807855667943,
        0.20009763241977652,
        0.1788362990978062,
        0.4310348195041788,
        0.3518228202874282,
        0.3081731706768128,
        0.17469281074217108,
        0.20995462886194138,
        0.25958199571618984,
        0.22963966338592295,
        0.15309310892394862,
        0.1288470508005519,
        0.2567449488305466,
        0.32211762700137975,
        0.4547385065892265,
        0.1875,
        0.203125,
        0.07654655446197431,
        0.0855816496101822,
        0.25958199571618984,
        0.4159825112342799,
        0.10481568644530265,
        0.13441133229754104,
        0.22857404434887177,
        0.08267972847076846,
        0.359375,
        0.10126157341262282
    ],
    [
        0.1887975933374152,
        0.1781524101717403,
        0.22207297505549836,
        0.35869500885153116,
        0.2642427269576213,
        0.2538762001448738,
        0.14405538214520136,
        0.0,
        0.20846350100197397,
        0.3569893643373707,
        0.19640320453088336,
        0.28384222069663984,
        0.1570293065800139,
        0.2715335499528557,
        0.2533949178160446,
        0.18421603316486868,
        0.14740595518838442,
        0.17328963291264715,
        0.13258252147247765,
        0.13710881855300192,
        0.18288593610499415,
        0.24429248749080365,
        0.2125229766989913,
        0.1988737822087165,
        0.16312978920172735,
        0.3843241836327764,
        0.2642427269576213,
        0.27332587007087344,
        0.13887803777055607,
        0.18894122028351099,
        0.2609889545076573,
        0.2567449488305466,
        0.1767766952966369,
        0.13887803777055607,
        0.19764235376052372,
        0.2764344689524083,
        0.3266335150057324,
        0.24256522962906288,
        0.15625,
        0.15780476466190746,
        0.18355218944485516,
        0.14905300022139775,
        0.3364921938586062,
        0.19200321449132043,
        0.10245997694221876,
        0.2181912506838897,
        0.12401959270615269,
        0.26238836912104163,
        0.19764235376052372
    ],
    [
        0.19640320453088336,
        0.21875,
        0.3247595264191645,
        0.38400642898264087,
        0.3247595264191645,
        0.26972932033800107,
        0.24256522962906288,
        0.20846350100197397,
        0.0,
        0.4307515235028194,
        0.28125,
        0.35733114456341475,
        0.20432338797846908,
        0.338381372307933,
        0.3521696146745201,
        0.258167369404036,
        0.23593232610221093,
        0.19390115071860714,
        0.21423920626253262,
        0.18154609435347266,
        0.22371595411369302,
        0.3242997932512104,
        0.12203515118604147,
        0.23228232417685166,
        0.22041774968227945,
        0.3651037951733726,
        0.4148724389797423,
        0.2790714234295586,
        0.22480460265528374,
        0.24907598335871547,
        0.18154609435347266,
        0.28341183042526646,
        0.17746588580625855,
        0.24356964481437338,
        0.28254908312539256,
        0.3504322108125907,
        0.32135880939379896,
        0.27332587007087344,
        0.2153757617514097,
        0.21986323874172325,
        0.24803918541230538,
        0.12789613706050704,
        0.3597522174860235,
        0.29315098498896436,
        0.15467960838455727,
        0.3069825422560703,
        0.21021287573552672,
        0.2724311839712921,
        0.25291271962872885
    ],
    [
        0.49853300417324425,
        0.2557922741210141,
        0.5869262490935296,
        0.7535722219867184,
        0.6348828016846889,
        0.37041467472280304,
        0.23333100817293873,
        0.3569893643373707,
        0.4307515235028194,
        0.0,
        0.1767766952966369,
        0.26972932033800107,
        0.4433206549722221,
        0.5949822738956179,
        0.14740595518838442,
        0.2013140426050801,
        0.39958474539201316,
        0.47005027989035386,
        0.43694160794092385,
        0.4777776516068955,
        0.38337012957454053,
        0.6402649733595546,
        0.43441996170180763,
        0.4846269506022132,
        0.48286053563632636,
        0.7312099347998494,
        0.70468576773623,
        0.5165711017130169,
        0.4372208931135382,
        0.4578892261265576,
        0.4558110045567132,
        0.338381372307933,
        0.22642776165920997,
        0.32135880939379896,
        0.5273292822089439,
        0.641005984273938,
        0.6926300081031719,
        0.28768675999253074,
        0.3576725981956124,
        0.2609889545076573,
        0.2049199538844375,
        0.4705693858242374,
        0.7169550352493833,
        0.21021287573552672,
        0.3727143888086426,
        0.4433206549722221,
        0.3661054535581244,
        0.6279228530440663,
        0.24902152266420668
    ],
    [
        0.31328027587130347,
        0.13441133229754104,
        0.3965180481390475,
        0.5691876750027183,
        0.4198446513295126,
        0.3113259194558012,
        0.10004881620988826,
        0.19640320453088336,
        0.28125,
        0.1767766952966369,
        0.0,
        0.21079277442550065,
        0.258167369404036,
        0.3535533905932738,
        0.11587810136086973,
        0.11048543456039805,
        0.184877493221863,
        0.3069825422560703,
        0.25242960033442985,
        0.29646353064078557,
        0.2181912506838897,
        0.4656436424306802,
        0.3029799910885206,
        0.2799448885495143,
        0.28555729503901667,
        0.5482126497765261,
        0.49533960887960493,
        0.40534755534602646,
        0.24506854908372067,
        0.28759245192246924,
        0.3140586131600278,
        0.24105075969596113,
        0.13887803777055607,
        0.18619336387207788,
        0.3532079548580411,
        0.4444207079164966,
        0.5317093602241736,
        0.18944305707784595,
        0.21194781197266463,
        0.120017902310447,
        0.08699631816921909,
        0.3209787278777209,
        0.5324995517082098,
        0.12979099785809492,
        0.21079277442550065,
        0.30618621784789724,
        0.14986973510352247,
        0.45714808869774354,
        0.12303137303143455
    ],
    [
        0.39435717075387383,
        0.23747943989954162,
        0.3049878327491115,
        0.5596717090178849,
        0.30856902590830465,
        0.213096589015404,
        0.203125,
        0.28384222069663984,
        0.35733114456341475,
        0.26972932033800107,
        0.21079277442550065,
        0.0,
        0.27198273727389394,
        0.24705294220065463,
        0.16755945773068137,
        0.22696623509896796,
        0.25194555463432966,
        0.298923851089203,
        0.34410493039914436,
        0.3549317716125171,
        0.22803936748947537,
        0.40758328221903856,
        0.3627558364451219,
        0.2881107642904027,
        0.27599252707274524,
        0.5770682910193559,
        0.30935921676911454,
        0.3081731706768128,
        0.2773162398327945,
        0.3083491690753268,
        0.3262595784034547,
        0.16010860571811872,
        0.26972932033800107,
        0.2209708691207961,
        0.2786336640644845,
        0.38177474133970674,
        0.44028133761266786,
        0.12103072956898178,
        0.358013726168425,
        0.21194781197266463,
        0.171875,
        0.3811347161765771,
        0.38488843305921494,
        0.17044862679118303,
        0.28768675999253074,
        0.19200321449132043,
        0.22642776165920997,
        0.4301843718105064,
        0.2049199538844375
    ],
    [
        0.22910747341586218,
        0.16755945773068137,
        0.1514899955442603,
        0.32211762700137975,
        0.2125229766989913,
        0.18288593610499415,
        0.1988737822087165,
        0.1570293065800139,
        0.20432338797846908,
        0.4433206549722221,
        0.258167369404036,
        0.27198273727389394,
        0.0,
        0.18154609435347266,
        0.301768873684812,
        0.2679129406169101,
        0.17328963291264715,
        0.09882117688026186,
        0.20372507516258279,
        0.12979099785809492,
        0.12979099785809492,
        0.22041774968227945,
        0.1711632992203644,
        0.11899645477912357,
        0.10004881620988826,
        0.3451675317871019,
        0.22642776165920997,
        0.19200321449132043,
        0.12597277731716483,
        0.20597624930505407,
        0.16461958988832404,
        0.19640320453088336,
        0.2609889545076573,
        0.1335000585205864,
        0.12597277731716483,
        0.19390115071860714,
        0.24951124097923924,
        0.19640320453088336,
        0.22152260748059102,
        0.171875,
        0.20904825250405706,
        0.14823176532039278,
        0.26628797981592117,
        0.23541436208311506,
        0.15309310892394862,
        0.13799626353637262,
        0.1608692209529219,
        0.24803918541230538,
        0.19008632907181935
    ],
    [
        0.3217384419058438,
        0.33511891546136274,
        0.21423920626253262,
        0.37856379498705367,
        0.21021287573552672,
        0.2821167200823092,
        0.2960514893983815,
        0.2715335499528557,
        0.338381372307933,
        0.5949822738956179,
        0.3535533905932738,
        0.24705294220065463,
        0.18154609435347266,
        0.0,
        0.3583545294118661,
        0.35147568372506227,
        0.2567449488305466,
        0.20252314682524564,
        0.2799448885495143,
        0.2628531850196988,
        0.19515618744994995,
        0.27843888342965956,
        0.2914805954090255,
        0.21930732574403436,
        0.22262198201210948,
        0.38495890608609123,
        0.2159417962669571,
        0.23799290955824715,
        0.25626905416963636,
        0.25947747306419067,
        0.2460627460628691,
        0.19702375332685143,
        0.3779183319514945,
        0.24206145913796356,
        0.19764235376052372,
        0.25242960033442985,
        0.2460627460628691,
        0.2415566380271923,
        0.35664725657854146,
        0.3081731706768128,
        0.30578727798095195,
        0.28980057798424075,
        0.2156275160883797,
        0.28384222069663984,
        0.2679129406169101,
        0.2170694373351532,
        0.2533949178160446,
        0.28980057798424075,
        0.3552755312781898
    ],
    [
        0.3727143888086426,
        0.17328963291264715,
        0.421875,
        0.6317989568486165,
        0.43131792943257063,
        0.2821167200823092,
        0.13531646934131855,
        0.2533949178160446,
        0.3521696146745201,
        0.14740595518838442,
        0.11587810136086973,
        0.16755945773068137,
        0.301768873684812,
        0.3583545294118661,
        0.0,
        0.14574029770451274,
        0.23747943989954162,
        0.3465792658252943,
        0.31522251565362525,
        0.36677170607204695,
        0.2576941016011038,
        0.5167548647838526,
        0.3634282296754065,
        0.3140586131600278,
        0.3198357732884175,
        0.5968259142120087,
        0.5046173519360982,
        0.42100604954085874,
        0.30378472023786846,
        0.3175802337380447,
        0.3528621809573817,
        0.2405438174740727,
        0.19452968121857395,
        0.22371595411369302,
        0.3788861141556919,
        0.4759858191164943,
        0.577279787559724,
        0.15467960838455727,
        0.32287466124643477,
        0.1690102160373745,
        0.12597277731716483,
        0.3899994991983964,
        0.53265235659491,
        0.12203515118604147,
        0.2533949178160446,
        0.3081731706768128,
        0.18684782411095935,
        0.49632438044589344,
        0.15388840315306412
    ],
    [
        0.28081563680642857,
        0.1753901900050285,
        0.4310348195041788,
        0.6304450313072505,
        0.433294519495689,
        0.3140586131600278,
        0.13621559198564606,
        0.18421603316486868,
        0.258167369404036,
        0.2013140426050801,
        0.11048543456039805,
        0.22696623509896796,
        0.2679129406169101,
        0.35147568372506227,
        0.14574029770451274,
        0.0,
        0.2049199538844375,
        0.30777680630612825,
        0.22371595411369302,
        0.30257682392245444,
        0.22207297505549836,
        0.47016568629520855,
        0.27421763710600383,
        0.31366968593569894,
        0.30618621784789724,
        0.6097755094089955,
        0.5198688987379414,
        0.4008048543243956,
        0.2715335499528557,
        0.2887221156569833,
        0.30777680630612825,
        0.234375,
        0.12979099785809492,
        0.21930732574403436,
        0.37304176207229134,
        0.5036487956651937,
        0.5146771591250189,
        0.17469281074217108,
        0.18814991529362962,
        0.14905300022139775,
        0.11158481919598204,
        0.30618621784789724,
        0.5254224903853829,
        0.14574029770451274,
        0.19390115071860714,
        0.3266335150057324,
        0.14740595518838442,
        0.45874744549697494,
        0.17399263633843817
    ],
    [
        0.23017062285400366,
        0.18944305707784595,
        0.213096589015404,
        0.3690941190943036,
        0.26378035962709584,
        0.225888004606265,
        0.16828640022295324,
        0.14740595518838442,
        0.23593232610221093,
        0.39958474539201316,
        0.184877493221863,
        0.25194555463432966,
        0.17328963291264715,
        0.2567449488305466,
        0.23747943989954162,
        0.2049199538844375,
        0.0,
        0.19327057620082783,
        0.1753901900050285,
        0.16312978920172735,
        0.1660960283239789,
        0.29678361166475786,
        0.255314603724503,
        0.20372507516258279,
        0.16010860571811872,
        0.3651037951733726,
        0.273772116686488,
        0.24754655496491967,
        0.16237976320958225,
        0.22534695471649932,
        0.24803918541230538,
        0.2557922741210141,
        0.19825902406952375,
        0.16387638252658618,
        0.21423920626253262,
        0.2881107642904027,
        0.338020432074749,
        0.19136638615493579,
        0.17608480733726006,
        0.1616262567623219,
        0.17258376589355096,
        0.19825902406952375,
        0.31332356755614654,
        0.16237976320958225,
        0.1711632992203644,
        0.2096313728906053,
        0.14149039278339715,
        0.2445699350390395,
        0.2096313728906053
    ],
    [
        0.24506854908372067,
        0.18421603316486868,
        0.11692679333668567,
        0.2619227283475033,
        0.22316963839196408,
        0.16828640022295324,
        0.22207297505549836,
        0.17328963291264715,
        0.19390115071860714,
        0.47005027989035386,
        0.3069825422560703,
        0.298923851089203,
        0.09882117688026186,
        0.20252314682524564,
        0.3465792658252943,
        0.30777680630612825,
        0.19327057620082783,
        0.0,
        0.21194781197266463,
        0.1137517170200081,
        0.15857643070456592,
        0.17989495874135983,
        0.15467960838455727,
        0.10825317547305482,
        0.10245997694221876,
        0.273772116686488,
        0.1875,
        0.13887803777055607,
        0.10711960313126631,
        0.1981221521001066,
        0.14986973510352247,
        0.2385052737886523,
        0.29189908894170946,
        0.14986973510352247,
        0.10004881620988826,
        0.13441133229754104,
        0.23696485762661096,
        0.21194781197266463,
        0.23280725665236468,
        0.1887975933374152,
        0.25048780534189685,
        0.14740595518838442,
        0.24825781849610387,
        0.28470104934825935,
        0.16755945773068137,
        0.13975424859373686,
        0.19578068884596356,
        0.19136638615493579,
        0.2125229766989913
    ],
    [
        0.22426093897511443,
        0.23696485762661096,
        0.23017062285400366,
        0.2976962325509008,
        0.24105075969596113,
        0.2781952158557009,
        0.22963966338592295,
        0.13258252147247765,
        0.21423920626253262,
        0.43694160794092385,
        0.25242960033442985,
        0.34410493039914436,
        0.20372507516258279,
        0.2799448885495143,
        0.31522251565362525,
        0.22371595411369302,
        0.1753901900050285,
        0.21194781197266463,
        0.0,
        0.140625,
        0.18553659510996745,
        0.24071291683940302,
        0.258167369404036,
        0.21986323874172325,
        0.1711632992203644,
        0.296875,
        0.24407030237208294,
        0.28598445652692384,
        0.16682934768798924,
        0.20839842733065164,
        0.2619227283475033,
        0.2960514893983815,
        0.214808235701055,
        0.1608692209529219,
        0.2096313728906053,
        0.24556615071096424,
        0.3419698223162389,
        0.29189908894170946,
        0.2181912506838897,
        0.22963966338592295,
        0.24655834121967968,
        0.15780476466190746,
        0.3603173032589162,
        0.25911131174651564,
        0.1288470508005519,
        0.258639771206982,
        0.184877493221863,
        0.2405438174740727,
        0.26972932033800107
    ],
    [
        0.2049199538844375,
        0.2181912506838897,
        0.16461958988832404,
        0.23696485762661096,
        0.21650635094610965,
        0.258639771206982,
        0.22371595411369302,
        0.13710881855300192,
        0.18154609435347266,
        0.4777776516068955,
        0.29646353064078557,
        0.3549317716125171,
        0.12979099785809492,
        0.2628531850196988,
        0.36677170607204695,
        0.30257682392245444,
        0.16312978920172735,
        0.1137517170200081,
        0.140625,
        0.0,
        0.15857643070456592,
        0.20525063015872952,
        0.1795175827043134,
        0.15857643070456592,
        0.11267347735824966,
        0.21763106683100186,
        0.21875,
        0.19702375332685143,
        0.15068204314051492,
        0.20735447122285816,
        0.17399263633843817,
        0.29973947020704494,
        0.24407030237208294,
        0.17469281074217108,
        0.18087245160609727,
        0.18221724671391565,
        0.2927342811749249,
        0.2390165396996618,
        0.19640320453088336,
        0.21650635094610965,
        0.258167369404036,
        0.10481568644530265,
        0.2915271243574277,
        0.27599252707274524,
        0.13975424859373686,
        0.21137108216357317,
        0.18355218944485516,
        0.18619336387207788,
        0.2557922741210141
    ],
    [
        0.24902152266420668,
        0.16682934768798924,
        0.18814991529362962,
        0.3700849775727191,
        0.2209708691207961,
        0.1907274314958391,
        0.17469281074217108,
        0.18288593610499415,
        0.22371595411369302,
        0.38337012957454053,
        0.2181912506838897,
        0.22803936748947537,
        0.12979099785809492,
        0.19515618744994995,
        0.2576941016011038,
        0.22207297505549836,
        0.1660960283239789,
        0.15857643070456592,
        0.18553659510996745,
        0.15857643070456592,
        0.0,
        0.27213230161694024,
        0.23593232610221093,
        0.14986973510352247,
        0.13621559198564606,
        0.3423265984407288,
        0.23175620272173947,
        0.20610790559801437,
        0.12597277731716483,
        0.1809474246462522,
        0.18154609435347266,
        0.15780476466190746,
        0.23280725665236468,
        0.09504316453590968,
        0.15229366163764005,
        0.2049199538844375,
        0.3128903811640748,
        0.1795175827043134,
        0.2533949178160446,
        0.15388840315306412,
        0.1788362990978062,
        0.1926379375927805,
        0.3038293649174008,
        0.17608480733726006,
        0.1335000585205864,
        0.16387638252658618,
        0.15388840315306412,
        0.2786336640644845,
        0.17399263633843817
    ],
    [
        0.34204913805946396,
        0.34942443995248973,
        0.18582877890532576,
        0.10416666666666667,
        0.22158382693940257,
        0.23443286322764373,
        0.3685792919365445,
        0.24429248749080365,
        0.3242997932512104,
        0.6402649733595546,
        0.4656436424306802,
        0.40758328221903856,
        0.22041774968227945,
        0.27843888342965956,
        0.5167548647838526,
        0.47016568629520855,
        0.29678361166475786,
        0.17989495874135983,
        0.24071291683940302,
        0.20525063015872952,
        0.27213230161694024,
        0.0,
        0.1920738428602685,
        0.21322384885894502,
        0.2217673839171226,
        0.17777133506120846,
        0.16933091882300894,
        0.18251474445765867,
        0.21360517348343624,
        0.26316260618041215,
        0.1756992478482604,
        0.3020833333333333,
        0.4465823147963754,
        0.2528590852903824,
        0.18451030816581615,
        0.18362606837296033,
        0.1958499549683663,
        0.3296508833009721,
        0.3177510217222843,
        0.3674736621325549,
        0.43226029002596733,
        0.2023891586221401,
        0.24705294220065463,
        0.42113489607778226,
        0.27476118102312463,
        0.2503794862858732,
        0.32609324671871937,
        0.18229166666666666,
        0.3891987852556126
    ],
    [
        0.2275034340400162,
        0.214808235701055,
        0.24506854908372067,
        0.31366968593569894,
        0.25291271962872885,
        0.21137108216357317,
        0.2829807855667943,
        0.2125229766989913,
        0.12203515118604147,
        0.43441996170180763,
        0.3029799910885206,
        0.3627558364451219,
        0.1711632992203644,
        0.2914805954090255,
        0.3634282296754065,
        0.27421763710600383,
        0.255314603724503,
        0.15467960838455727,
        0.258167369404036,
        0.1795175827043134,
        0.23593232610221093,
        0.1920738428602685,
        0.0,
        0.21137108216357317,
        0.18421603316486868,
        0.31328027587130347,
        0.26836818808308854,
        0.1887975933374152,
        0.20009763241977652,
        0.28631625264343236,
        0.14320549046737,
        0.25,
        0.2181912506838897,
        0.2275034340400162,
        0.1926379375927805,
        0.2939826206597934,
        0.20610790559801437,
        0.26608416196760004,
        0.23644915547533682,
        0.23593232610221093,
        0.25291271962872885,
        0.11796616305110547,
        0.280574033357409,
        0.32775276505317236,
        0.1926379375927805,
        0.240035804620894,
        0.2430679560328757,
        0.20372507516258279,
        0.2390165396996618
    ],
    [
        0.26238836912104163,
        0.21194781197266463,
        0.09504316453590968,
        0.28384222069663984,
        0.1887975933374152,
        0.1988737822087165,
        0.20009763241977652,
        0.1988737822087165,
        0.23228232417685166,
        0.4846269506022132,
        0.2799448885495143,
        0.2881107642904027,
        0.11899645477912357,
        0.21930732574403436,
        0.3140586131600278,
        0.31366968593569894,
        0.20372507516258279,
        0.10825317547305482,
        0.21986323874172325,
        0.15857643070456592,
        0.14986973510352247,
        0.21322384885894502,
        0.21137108216357317,
        0.0,
        0.06629126073623882,
        0.19578068884596356,
        0.184877493221863,
        0.1307281291459493,
        0.1269381000724369,
        0.1642071121920255,
        0.11796616305110547,
        0.2125229766989913,
        0.27466243486323355,
        0.13710881855300192,
        0.08267972847076846,
        0.09110862335695782,
        0.24754655496491967,
        0.225888004606265,
        0.2764344689524083,
        0.20846350100197397,
        0.2548360379734389,
        0.18684782411095935,
        0.2158161391156319,
        0.25048780534189685,
        0.15388840315306412,
        0.11048543456039805,
        0.15934435979977452,
        0.18421603316486868,
        0.2405438174740727
    ],
    [
        0.26238836912104163,
        0.19640320453088336,
        0.109375,
        0.2651650429449553,
        0.21137108216357317,
        0.2096313728906053,
        0.1788362990978062,
        0.16312978920172735,
        0.22041774968227945,
        0.48286053563632636,
        0.28555729503901667,
        0.27599252707274524,
        0.10004881620988826,
        0.22262198201210948,
        0.3198357732884175,
        0.30618621784789724,
        0.16010860571811872,
        0.10245997694221876,
        0.1711632992203644,
        0.11267347735824966,
        0.13621559198564606,
        0.2217673839171226,
        0.18421603316486868,
        0.06629126073623882,
        0.0,
        0.2072890493972125,
        0.2049199538844375,
        0.16312978920172735,
        0.1269381000724369,
        0.1991463988990121,
        0.15780476466190746,
        0.23280725665236468,
        0.2821167200823092,
        0.1316585902058806,
        0.10481568644530265,
        0.12789613706050704,
        0.2548360379734389,
        0.1907274314958391,
        0.22534695471649932,
        0.18553659510996745,
        0.2538762001448738,
        0.140625,
        0.2518378625778455,
        0.2430679560328757,
        0.17469281074217108,
        0.12401959270615269,
        0.15780476466190746,
        0.1801962905417312,
        0.2348952559120767
    ],
    [
        0.42847841252506524,
        0.42216425269082175,
        0.16312978920172735,
        0.13710881855300192,
        0.23696485762661096,
        0.28427195935406646,
        0.4310348195041788,
        0.3843241836327764,
        0.3651037951733726,
        0.7312099347998494,
        0.5482126497765261,
        0.5770682910193559,
        0.3451675317871019,
        0.38495890608609123,
        0.5968259142120087,
        0.6097755094089955,
        0.3651037951733726,
        0.273772116686488,
        0.296875,
        0.21763106683100186,
        0.3423265984407288,
        0.17777133506120846,
        0.31328027587130347,
        0.19578068884596356,
        0.2072890493972125,
        0.0,
        0.21875,
        0.1875,
        0.28641098093474,
        0.2779513346692986,
        0.213668661424646,
        0.47134697278119864,
        0.49853300417324425,
        0.29563887388163285,
        0.213668661424646,
        0.10597390598633231,
        0.24754655496491967,
        0.5048592006688597,
        0.4375,
        0.45285552331841994,
        0.5491026059626744,
        0.1795175827043134,
        0.24295632895188754,
        0.5175154738024749,
        0.28598445652692384,
        0.2768757054167086,
        0.36743675050952646,
        0.20551478809321727,
        0.47030990447788784
    ],
    [
        0.41043517301761556,
        0.410137648387709,
        0.13621559198564606,
        0.2642427269576213,
        0.214808235701055,
        0.18154609435347266,
        0.3518228202874282,
        0.2642427269576213,
        0.4148724389797423,
        0.70468576773623,
        0.49533960887960493,
        0.30935921676911454,
        0.22642776165920997,
        0.2159417962669571,
        0.5046173519360982,
        0.5198688987379414,
        0.273772116686488,
        0.1875,
        0.24407030237208294,
        0.21875,
        0.23175620272173947,
        0.16933091882300894,
        0.26836818808308854,
        0.184877493221863,
        0.2049199538844375,
        0.21875,
        0.0,
        0.16828640022295324,
        0.1767766952966369,
        0.2708333333333333,
        0.18221724671391565,
        0.2390165396996618,
        0.49951148009830565,
        0.21194781197266463,
        0.1616262567623219,
        0.16387638252658618,
        0.24407030237208294,
        0.29022149407822984,
        0.3620821945705146,
        0.41721968508808405,
        0.4640388251536718,
        0.26378035962709584,
        0.22140011777950297,
        0.38874547826952277,
        0.30095875444153475,
        0.19327057620082783,
        0.31054073303674673,
        0.214808235701055,
        0.4533943165170909
    ],
    [
        0.3299798762803574,
        0.273772116686488,
        0.11899645477912357,
        0.19948664585630788,
        0.23385358667337133,
        0.13621559198564606,
        0.3081731706768128,
        0.27332587007087344,
        0.2790714234295586,
        0.5165711017130169,
        0.40534755534602646,
        0.3081731706768128,
        0.19200321449132043,
        0.23799290955824715,
        0.42100604954085874,
        0.4008048543243956,
        0.24754655496491967,
        0.13887803777055607,
        0.28598445652692384,
        0.19702375332685143,
        0.20610790559801437,
        0.18251474445765867,
        0.1887975933374152,
        0.1307281291459493,
        0.16312978920172735,
        0.1875,
        0.16828640022295324,
        0.0,
        0.203125,
        0.26993038583020706,
        0.04419417382415922,
        0.19948664585630788,
        0.3792081593597374,
        0.21423920626253262,
        0.15934435979977452,
        0.11048543456039805,
        0.21650635094610965,
        0.225888004606265,
        0.34268300311658295,
        0.2803806007019744,
        0.32588521272834703,
        0.20252314682524564,
        0.20833333333333334,
        0.35664725657854146,
        0.27018150727797785,
        0.16312978920172735,
        0.3021731188408393,
        0.1570293065800139,
        0.2927342811749249
    ],
    [
        0.234375,
        0.17746588580625855,
        0.1570293065800139,
        0.3113259194558012,
        0.25626905416963636,
        0.17328963291264715,
        0.17469281074217108,
        0.13887803777055607,
        0.22480460265528374,
        0.4372208931135382,
        0.24506854908372067,
        0.2773162398327945,
        0.12597277731716483,
        0.25626905416963636,
        0.30378472023786846,
        0.2715335499528557,
        0.16237976320958225,
        0.10711960313126631,
        0.16682934768798924,
        0.15068204314051492,
        0.12597277731716483,
        0.21360517348343624,
        0.20009763241977652,
        0.1269381000724369,
        0.1269381000724369,
        0.28641098093474,
        0.1767766952966369,
        0.203125,
        0.0,
        0.17052818274734272,
        0.1907274314958391,
        0.22803936748947537,
        0.25626905416963636,
        0.0897587913521567,
        0.12303137303143455,
        0.1690102160373745,
        0.3217384419058438,
        0.20191949973937634,
        0.19825902406952375,
        0.1788362990978062,
        0.20432338797846908,
        0.17044862679118303,
        0.3423662172821833,
        0.22152260748059102,
        0.12979099785809492,
        0.14657549249448218,
        0.14740595518838442,
        0.2692763740564701,
        0.2049199538844375
    ],
