[
    [
        0.0,
        1.1918147236885888,
        0.471442099373003,
        0.8846047197500597,
        0.8352868259661785,
        0.9393332416003972,
        0.471442099373003,
        0.6952829404975638,
        0.8590009622004067,
        0.8880298073688238,
        0.5034954349954173,
        0.8498574310207709,
        0.8406144497099871,
        0.8428949749378686,
        1.0696413665622813,
        0.8597430798007659,
        1.0357142857142856,
        0.802578751937294,
        0.741877788494321,
        0.8218166785002751,
        0.7205086072082862,
        0.6640840707781089,
        0.6277998511159624,
        0.7312712581944025,
        0.5730693210354382,
        0.7523348011764606,
        0.7095827316537688,
        0.8218166785002751,
        0.5336268856244262,
        0.5892857142857143,
        0.6640840707781089,
        0.6757459974437322,
        0.9346375423665085,
        0.43562320151266637,
        0.7828682220279634,
        0.7523348011764606,
        0.8095019254745097,
        0.7095827316537688,
        0.7828682220279634,
        1.032476466105269,
        0.6277998511159624,
        0.6487822187351768,
        0.7927847457293968,
        0.9126380242271884,
        0.802578751937294,
        0.7312712581944025,
        0.6023974211940357,
        0.6401231546048186,
        0.9860312637341803,
        0.5439837932759934
    ],
    [
        1.1918147236885888,
        0.0,
        1.1234557302260635,
        0.739509972887452,
        0.6627489050244527,
        0.6980130530457308,
        1.0881304047667162,
        0.8014743359029727,
        0.5965758776365148,
        0.7402608399146284,
        1.006058038970803,
        0.8270597183866336,
        0.7488416981504762,
        0.7824463062870335,
        0.7476816018719317,
        0.7398931635202722,
        0.7716774657271723,
        0.7156485015549029,
        0.7783975705112252,
        0.7264831572567789,
        0.7783975705112252,
        0.8079466429027216,
        0.8730136183232068,
        0.8079466429027216,
        0.8385254915624212,
        0.7580585582775105,
        0.798218502527834,
        0.7156485015549029,
        1.0516191220103301,
        0.9664511253952668,
        0.8640183897219884,
        0.8364524958285304,
        0.7288689868556626,
        0.950146187582615,
        0.9081039465709737,
        0.7264831572567789,
        0.9860132971832694,
        0.8640183897219884,
        0.7156485015549029,
        0.6222160217945033,
        0.8364524958285304,
        0.8579691784155834,
        0.7580585582775105,
        0.7156485015549029,
        0.6934715407122183,
        0.798218502527834,
        0.9664511253952668,
        0.8730136183232068,
        0.6821127309893709,
        0.961046882889233
    ],
    [
        0.471442099373003,
        1.1234557302260635,
        0.0,
        0.81967981553775,
        0.7071067811865476,
        0.9233092656309694,
        0.21650635094610965,
        0.7603453162872774,
        0.770551750371122,
        0.9317322576792112,
        0.2795084971874737,
        0.739509972887452,
        0.7180703308172536,
        0.8799857953399021,
        0.9762812094883317,
        0.8687825753692958,
        1.0606601717798212,
        0.7180703308172536,
        0.649519052838329,
        0.6373774391990981,
        0.625,
        0.4330127018922193,
        0.375,
        0.649519052838329,
        0.5120085719768545,
        0.5994789404140899,
        0.5303300858899106,
        0.6846531968814576,
        0.1767766952966369,
        0.30618621784789724,
        0.375,
        0.5590169943749475,
        0.8907315969346646,
        0.452615853800009,
        0.739509972887452,
        0.57282196186948,
        0.960143218483576,
        0.4841229182759271,
        0.6373774391990981,
        0.9270248108869579,
        0.57282196186948,
        0.6846531968814576,
        0.75,
        0.8100925873009825,
        0.649519052838329,
        0.5153882032022076,
        0.33071891388307384,
        0.39528470752104744,
        0.8100925873009825,
        0.673145600891813
    ],
    [
        0.8846047197500597,
        0.739509972887452,
        0.81967981553775,
        0.0,
        0.5153882032022076,
        0.6393355926272211,
        0.7603453162872774,
        0.5590169943749475,
        0.5590169943749475,
        0.5684408500451036,
        0.7071067811865476,
        0.6614378277661477,
        0.5303300858899106,
        0.4866980583482946,
        0.7603453162872774,
        0.5927925954534939,
        0.7905694150420949,
        0.5863019699779287,
        0.6373774391990981,
        0.5448623679425842,
        0.6373774391990981,
        0.5448623679425842,
        0.6123724356957945,
        0.6614378277661477,
        0.4841229182759271,
        0.45069390943299864,
        0.625,
        0.649519052838329,
        0.739509972887452,
        0.673145600891813,
        0.5994789404140899,
        0.625,
        0.6052432935972479,
        0.6208193510729726,
        0.75,
        0.45069390943299864,
        0.625,
        0.625,
        0.6614378277661477,
        0.6846531968814576,
        0.6846531968814576,
        0.5863019699779287,
        0.649519052838329,
        0.673145600891813,
        0.5153882032022076,
        0.6123724356957945,
        0.6959705453537527,
        0.5994789404140899,
        0.5863019699779287,
        0.625
    ],
    [
        0.8352868259661785,
        0.6627489050244527,
        0.7071067811865476,
        0.5153882032022076,
        0.0,
        0.5910795208768445,
        0.6614378277661477,
        0.57282196186948,
        0.4330127018922193,
        0.6656763477847174,
        0.625,
        0.649519052838329,
        0.5303300858899106,
        0.5640257086339239,
        0.5863019699779287,
        0.5865738466306015,
        0.6959705453537527,
        0.5303300858899106,
        0.5153882032022076,
        0.4330127018922193,
        0.5,
        0.5153882032022076,
        0.5448623679425842,
        0.57282196186948,
        0.5319643889501544,
        0.4841229182759271,
        0.5303300858899106,
        0.5,
        0.6373774391990981,
        0.5863019699779287,
        0.5448623679425842,
        0.5590169943749475,
        0.6387379048648288,
        0.5965758776365148,
        0.673145600891813,
        0.46770717334674267,
        0.770551750371122,
        0.5590169943749475,
        0.5,
        0.5994789404140899,
        0.57282196186948,
        0.625,
        0.5590169943749475,
        0.5863019699779287,
        0.414578098794425,
        0.5448623679425842,
        0.5994789404140899,
        0.5303300858899106,
        0.5303300858899106,
        0.7071067811865476
    ],
    [
        0.9393332416003972,
        0.6980130530457308,
        0.9233092656309694,
        0.6393355926272211,
        0.5910795208768445,
        0.0,
        0.9062284480195929,
        0.6585969936159746,
        0.6194755846681933,
        0.5777110004145671,
        0.7558108228915488,
        0.6796138609534094,
        0.6442049363362563,
        0.5303300858899106,
        0.5937171043518958,
        0.5622136459331714,
        0.6041522986797286,
        0.6194755846681933,
        0.5238081709939241,
        0.6442049363362563,
        0.6562202374203343,
        0.724137417898012,
        0.7454025757937788,
        0.6796138609534094,
        0.6867293660695035,
        0.6562202374203343,
        0.702228595259407,
        0.5937171043518958,
        0.8710625695092173,
        0.8058380730643099,
        0.7558108228915488,
        0.724137417898012,
        0.6980130530457308,
        0.7820024154552068,
        0.702228595259407,
        0.6680194607943694,
        0.7782191208136691,
        0.7660776723022281,
        0.6442049363362563,
        0.6562202374203343,
        0.7558108228915488,
        0.7154544010627093,
        0.6442049363362563,
        0.7132671308843553,
        0.6796138609534094,
        0.724137417898012,
        0.8058380730643099,
        0.724137417898012,
        0.6910137480542626,
        0.757875319561206
    ],
    [
        0.471442099373003,
        1.0881304047667162,
        0.21650635094610965,
        0.7603453162872774,
        0.6614378277661477,
        0.9062284480195929,
        0.0,
        0.7603453162872774,
        0.7288689868556626,
        0.8250000000000001,
        0.2795084971874737,
        0.6846531968814576,
        0.673145600891813,
        0.8058380730643099,
        0.9519716382329886,
        0.8320355540872675,
        1.015504800579495,
        0.6959705453537527,
        0.6123724356957945,
        0.5994789404140899,
        0.5863019699779287,
        0.375,
        0.375,
        0.6373774391990981,
        0.42898458920779164,
        0.5303300858899106,
        0.4330127018922193,
        0.625,
        0.1767766952966369,
        0.30618621784789724,
        0.375,
        0.5,
        0.8457409637576849,
        0.452615853800009,
        0.7071067811865476,
        0.5303300858899106,
        0.875,
        0.4330127018922193,
        0.6123724356957945,
        0.8926785535678563,
        0.57282196186948,
        0.7071067811865476,
        0.6959705453537527,
        0.770551750371122,
        0.5994789404140899,
        0.5,
        0.25,
        0.414578098794425,
        0.7288689868556626,
        0.6959705453537527
    ],
    [
        0.6952829404975638,
        0.8014743359029727,
        0.7603453162872774,
        0.5590169943749475,
        0.57282196186948,
        0.6585969936159746,
        0.7603453162872774,
        0.0,
        0.6614378277661477,
        0.6585969936159746,
        0.6846531968814576,
        0.7603453162872774,
        0.7180703308172536,
        0.6344288770224761,
        0.7603453162872774,
        0.6750377918369929,
        0.8477912478906585,
        0.6959705453537527,
        0.6614378277661477,
        0.5863019699779287,
        0.649519052838329,
        0.6123724356957945,
        0.6123724356957945,
        0.7603453162872774,
        0.5170697352496191,
        0.6373774391990981,
        0.6614378277661477,
        0.673145600891813,
        0.7071067811865476,
        0.673145600891813,
        0.6373774391990981,
        0.6846531968814576,
        0.7300589778306347,
        0.44682522061515034,
        0.75,
        0.57282196186948,
        0.625,
        0.6959705453537527,
        0.6373774391990981,
        0.7806247497997998,
        0.649519052838329,
        0.33071891388307384,
        0.7180703308172536,
        0.739509972887452,
        0.625,
        0.625,
        0.6846531968814576,
        0.6123724356957945,
        0.7071067811865476,
        0.5303300858899106
    ],
    [
        0.8590009622004067,
        0.5965758776365148,
        0.770551750371122,
        0.5590169943749475,
        0.4330127018922193,
        0.6194755846681933,
        0.7288689868556626,
        0.6614378277661477,
        0.0,
        0.5667892024377317,
        0.625,
        0.625,
        0.4841229182759271,
        0.5937171043518958,
        0.57282196186948,
        0.5632789391281252,
        0.6373774391990981,
        0.5,
        0.45069390943299864,
        0.375,
        0.46770717334674267,
        0.5,
        0.5,
        0.5863019699779287,
        0.5270462766947299,
        0.45069390943299864,
        0.5153882032022076,
        0.39528470752104744,
        0.6959705453537527,
        0.6123724356957945,
        0.5448623679425842,
        0.5448623679425842,
        0.6095307849303248,
        0.6972166887783964,
        0.673145600891813,
        0.3535533905932738,
        0.7905694150420949,
        0.5303300858899106,
        0.46770717334674267,
        0.57282196186948,
        0.5590169943749475,
        0.6614378277661477,
        0.4841229182759271,
        0.5303300858899106,
        0.414578098794425,
        0.5303300858899106,
        0.5994789404140899,
        0.5,
        0.5153882032022076,
        0.770551750371122
    ],
    [
        0.8880298073688238,
        0.7402608399146284,
        0.9317322576792112,
        0.5684408500451036,
        0.6656763477847174,
        0.5777110004145671,
        0.8250000000000001,
        0.6585969936159746,
        0.5667892024377317,
        0.0,
        0.7660776723022281,
        0.6680194607943694,
        0.580409338312195,
        0.5448623679425842,
        0.702228595259407,
        0.5890800506912868,
        0.6887488656977956,
        0.6194755846681933,
        0.6442049363362563,
        0.7132671308843553,
        0.6319612329882269,
        0.7348469228349535,
        0.7762087348130012,
        0.6562202374203343,
        0.6258882576875133,
        0.6067330549755798,
        0.6796138609534094,
        0.5937171043518958,
        0.8799857953399021,
        0.7862092596758194,
        0.7558108228915488,
        0.6796138609534094,
        0.673970408186525,
        0.751433814635579,
        0.6442049363362563,
        0.6067330549755798,
        0.5963430220938282,
        0.7132671308843553,
        0.6319612329882269,
        0.6319612329882269,
        0.6910137480542626,
        0.6932712311931024,
        0.580409338312195,
        0.7258615570478988,
        0.6680194607943694,
        0.7762087348130012,
        0.7862092596758194,
        0.6910137480542626,
        0.6796138609534094,
        0.7262919523166975
    ],
    [
        0.5034954349954173,
        1.006058038970803,
        0.2795084971874737,
        0.7071067811865476,
        0.625,
        0.7558108228915488,
        0.2795084971874737,
        0.6846531968814576,
        0.625,
        0.7660776723022281,
        0.0,
        0.5590169943749475,
        0.5863019699779287,
        0.6910137480542626,
        0.770551750371122,
        0.6881374595713462,
        0.8838834764831844,
        0.5590169943749475,
        0.5153882032022076,
        0.5153882032022076,
        0.4841229182759271,
        0.3535533905932738,
        0.30618621784789724,
        0.5448623679425842,
        0.44682522061515034,
        0.5153882032022076,
        0.4330127018922193,
        0.5303300858899106,
        0.21650635094610965,
        0.21650635094610965,
        0.30618621784789724,
        0.4841229182759271,
        0.798218502527834,
        0.3974746672570607,
        0.6614378277661477,
        0.46770717334674267,
        0.8385254915624212,
        0.39528470752104744,
        0.5303300858899106,
        0.7905694150420949,
        0.5303300858899106,
        0.649519052838329,
        0.5994789404140899,
        0.7071067811865476,
        0.5303300858899106,
        0.46770717334674267,
        0.21650635094610965,
        0.33071891388307384,
        0.673145600891813,
        0.6123724356957945
    ],
    [
        0.8498574310207709,
        0.8270597183866336,
        0.739509972887452,
        0.6614378277661477,
        0.649519052838329,
        0.6796138609534094,
        0.6846531968814576,
        0.7603453162872774,
        0.625,
        0.6680194607943694,
        0.5590169943749475,
        0.0,
        0.5153882032022076,
        0.6319612329882269,
        0.6959705453537527,
        0.4727929391026331,
        0.7071067811865476,
        0.4330127018922193,
        0.5448623679425842,
        0.625,
        0.5303300858899106,
        0.5,
        0.5590169943749475,
        0.4841229182759271,
        0.5833333333333334,
        0.5590169943749475,
        0.57282196186948,
        0.5303300858899106,
        0.6614378277661477,
        0.5863019699779287,
        0.5303300858899106,
        0.5863019699779287,
        0.7371585838730889,
        0.6859199013814303,
        0.6373774391990981,
        0.5590169943749475,
        0.7806247497997998,
        0.5303300858899106,
        0.625,
        0.7071067811865476,
        0.6373774391990981,
        0.75,
        0.57282196186948,
        0.6373774391990981,
        0.5994789404140899,
        0.5994789404140899,
        0.6123724356957945,
        0.57282196186948,
        0.6846531968814576,
        0.7288689868556626
    ],
    [
        0.8406144497099871,
        0.7488416981504762,
        0.7180703308172536,
        0.5303300858899106,
        0.5303300858899106,
        0.6442049363362563,
        0.673145600891813,
        0.7180703308172536,
        0.4841229182759271,
        0.580409338312195,
        0.5863019699779287,
        0.5153882032022076,
        0.0,
        0.5086747487343951,
        0.6959705453537527,
        0.5200078492343227,
        0.6959705453537527,
        0.414578098794425,
        0.5153882032022076,
        0.5,
        0.45069390943299864,
        0.45069390943299864,
        0.5153882032022076,
        0.45069390943299864,
        0.5137011669140814,
        0.45069390943299864,
        0.45069390943299864,
        0.46770717334674267,
        0.649519052838329,
        0.5303300858899106,
        0.4841229182759271,
        0.414578098794425,
        0.5965758776365148,
        0.6859199013814303,
        0.6123724356957945,
        0.414578098794425,
        0.6846531968814576,
        0.45069390943299864,
        0.5,
        0.6123724356957945,
        0.5153882032022076,
        0.6959705453537527,
        0.5,
        0.57282196186948,
        0.5153882032022076,
        0.5153882032022076,
        0.5590169943749475,
        0.5,
        0.46770717334674267,
        0.6846531968814576
    ],
    [
        0.8428949749378686,
        0.7824463062870335,
        0.8799857953399021,
        0.4866980583482946,
        0.5640257086339239,
        0.5303300858899106,
        0.8058380730643099,
        0.6344288770224761,
        0.5937171043518958,
        0.5448623679425842,
        0.6910137480542626,
        0.6319612329882269,
        0.5086747487343951,
        0.0,
        0.724137417898012,
        0.5734451026160095,
        0.6417748826496718,
        0.4930770730829005,
        0.5086747487343951,
        0.6319612329882269,
        0.5667892024377317,
        0.6442049363362563,
        0.6796138609534094,
        0.6680194607943694,
        0.5600099205470481,
        0.5667892024377317,
        0.6562202374203343,
        0.6067330549755798,
        0.8250000000000001,
        0.7454025757937788,
        0.6796138609534094,
        0.5937171043518958,
        0.673970408186525,
        0.7086273899432464,
        0.702228595259407,
        0.5238081709939241,
        0.6819090848492928,
        0.724137417898012,
        0.6562202374203343,
        0.724137417898012,
        0.7454025757937788,
        0.6819090848492928,
        0.6194755846681933,
        0.7150174823037546,
        0.6796138609534094,
        0.6680194607943694,
        0.7454025757937788,
        0.6442049363362563,
        0.6796138609534094,
        0.6344288770224761
    ],
    [
        1.0696413665622813,
        0.7476816018719317,
        0.9762812094883317,
        0.7603453162872774,
        0.5863019699779287,
        0.5937171043518958,
        0.9519716382329886,
        0.7603453162872774,
        0.57282196186948,
        0.702228595259407,
        0.770551750371122,
        0.6959705453537527,
        0.6959705453537527,
        0.724137417898012,
        0.0,
        0.7213932098830056,
        0.6614378277661477,
        0.6614378277661477,
        0.5863019699779287,
        0.6123724356957945,
        0.625,
        0.673145600891813,
        0.6959705453537527,
        0.6846531968814576,
        0.7156485015549029,
        0.6959705453537527,
        0.7071067811865476,
        0.5863019699779287,
        0.8477912478906585,
        0.7806247497997998,
        0.7071067811865476,
        0.739509972887452,
        0.7883703303510209,
        0.8302024518821365,
        0.739509972887452,
        0.6614378277661477,
        0.9519716382329886,
        0.7288689868556626,
        0.625,
        0.625,
        0.673145600891813,
        0.8385254915624212,
        0.5994789404140899,
        0.7180703308172536,
        0.5863019699779287,
        0.649519052838329,
        0.8003905296791061,
        0.7071067811865476,
        0.7071067811865476,
        0.9185586535436918
    ],
    [
        0.8597430798007659,
        0.7398931635202722,
        0.8687825753692958,
        0.5927925954534939,
        0.5865738466306015,
        0.5622136459331714,
        0.8320355540872675,
        0.6750377918369929,
        0.5632789391281252,
        0.5890800506912868,
        0.6881374595713462,
        0.4727929391026331,
        0.5200078492343227,
        0.5734451026160095,
        0.7213932098830056,
        0.0,
        0.6376275382627544,
        0.4893639145015972,
        0.6010725957038155,
        0.6034551874541357,
        0.549234160686775,
        0.6034551874541357,
        0.641118681107723,
        0.4727929391026331,
        0.5999515758992856,
        0.6034551874541357,
        0.576981943621554,
        0.549234160686775,
        0.7935887872603204,
        0.676689118624872,
        0.6162654973834785,
        0.6162654973834785,
        0.6618662201865542,
        0.6995757136567292,
        0.676689118624872,
        0.5632789391281252,
        0.6752739428996084,
        0.6162654973834785,
        0.576981943621554,
        0.6162654973834785,
        0.641118681107723,
        0.6633634150359539,
        0.5200078492343227,
        0.5868455973269637,
        0.5632789391281252,
        0.6531907556489958,
        0.6993984295559336,
        0.6288148879163932,
        0.6531907556489958,
        0.6865136709550388
    ],
    [
        1.0357142857142856,
        0.7716774657271723,
        1.0606601717798212,
        0.7905694150420949,
        0.6959705453537527,
        0.6041522986797286,
        1.015504800579495,
        0.8477912478906585,
        0.6373774391990981,
        0.6887488656977956,
        0.8838834764831844,
        0.7071067811865476,
        0.6959705453537527,
        0.6417748826496718,
        0.6614378277661477,
        0.6376275382627544,
        0.0,
        0.6959705453537527,
        0.5994789404140899,
        0.739509972887452,
        0.7071067811865476,
        0.81967981553775,
        0.8569568250501305,
        0.770551750371122,
        0.7817359599705717,
        0.75,
        0.770551750371122,
        0.6846531968814576,
        1.0,
        0.9185586535436918,
        0.8660254037844386,
        0.8003905296791061,
        0.6627489050244527,
        0.9251501379656049,
        0.739509972887452,
        0.7806247497997998,
        0.8385254915624212,
        0.875,
        0.7180703308172536,
        0.7071067811865476,
        0.7905694150420949,
        0.81967981553775,
        0.6846531968814576,
        0.8003905296791061,
        0.739509972887452,
        0.770551750371122,
        0.9100137361600648,
        0.8385254915624212,
        0.7603453162872774,
        0.8838834764831844
    ],
    [
        0.802578751937294,
        0.7156485015549029,
        0.7180703308172536,
        0.5863019699779287,
        0.5303300858899106,
        0.6194755846681933,
        0.6959705453537527,
        0.6959705453537527,
        0.5,
        0.6194755846681933,
        0.5590169943749475,
        0.4330127018922193,
        0.414578098794425,
        0.4930770730829005,
        0.6614378277661477,
        0.4893639145015972,
        0.6959705453537527,
        0.0,
        0.45069390943299864,
        0.5153882032022076,
        0.45069390943299864,
        0.5,
        0.5303300858899106,
        0.45069390943299864,
        0.5574620066774855,
        0.5153882032022076,
        0.5303300858899106,
        0.46770717334674267,
        0.649519052838329,
        0.5863019699779287,
        0.5303300858899106,
        0.5303300858899106,
        0.705878097754059,
        0.6744339190099436,
        0.625,
        0.45069390943299864,
        0.770551750371122,
        0.5303300858899106,
        0.5,
        0.6123724356957945,
        0.57282196186948,
        0.6959705453537527,
        0.5,
        0.6123724356957945,
        0.4841229182759271,
        0.5863019699779287,
        0.57282196186948,
        0.5153882032022076,
        0.5303300858899106,
        0.7288689868556626
    ],
    [
        0.741877788494321,
        0.7783975705112252,
        0.649519052838329,
        0.6373774391990981,
        0.5153882032022076,
        0.5238081709939241,
        0.6123724356957945,
        0.6614378277661477,
        0.45069390943299864,
        0.6442049363362563,
        0.5153882032022076,
        0.5448623679425842,
        0.5153882032022076,
        0.5086747487343951,
        0.5863019699779287,
        0.6010725957038155,
        0.5994789404140899,
        0.45069390943299864,
        0.0,
        0.414578098794425,
        0.46770717334674267,
        0.5,
        0.5,
        0.57282196186948,
        0.5400617248673217,
        0.5,
        0.5303300858899106,
        0.3535533905932738,
        0.5994789404140899,
        0.57282196186948,
        0.5303300858899106,
        0.5590169943749475,
        0.6833841444523635,
        0.6627489050244528,
        0.649519052838329,
        0.45069390943299864,
        0.82915619758885,
        0.5590169943749475,
        0.5,
        0.6123724356957945,
        0.6123724356957945,
        0.6614378277661477,
        0.5303300858899106,
        0.6959705453537527,
        0.4330127018922193,
        0.5303300858899106,
        0.5448623679425842,
        0.5,
        0.5153882032022076,
        0.739509972887452
    ],
    [
        0.8218166785002751,
        0.7264831572567789,
        0.6373774391990981,
        0.5448623679425842,
        0.4330127018922193,
        0.6442049363362563,
        0.5994789404140899,
        0.5863019699779287,
        0.375,
        0.7132671308843553,
        0.5153882032022076,
        0.625,
        0.5,
        0.6319612329882269,
        0.6123724356957945,
        0.6034551874541357,
        0.739509972887452,
        0.5153882032022076,
        0.414578098794425,
        0.0,
        0.4841229182759271,
        0.414578098794425,
        0.414578098794425,
        0.5590169943749475,
        0.4805234414446165,
        0.414578098794425,
        0.414578098794425,
        0.414578098794425,
        0.5590169943749475,
        0.46770717334674267,
        0.45069390943299864,
        0.45069390943299864,
        0.5980291706003051,
        0.6009252125773316,
        0.6373774391990981,
        0.375,
        0.8003905296791061,
        0.4330127018922193,
        0.39528470752104744,
        0.57282196186948,
        0.45069390943299864,
        0.5994789404140899,
        0.5590169943749475,
        0.5994789404140899,
        0.3535533905932738,
        0.4841229182759271,
        0.4841229182759271,
        0.4330127018922193,
        0.4841229182759271,
        0.7288689868556626
    ],
    [
        0.7205086072082862,
        0.7783975705112252,
        0.625,
        0.6373774391990981,
        0.5,
        0.6562202374203343,
        0.5863019699779287,
        0.649519052838329,
        0.46770717334674267,
        0.6319612329882269,
        0.4841229182759271,
        0.5303300858899106,
        0.45069390943299864,
        0.5667892024377317,
        0.625,
        0.549234160686775,
        0.7071067811865476,
        0.45069390943299864,
        0.46770717334674267,
        0.4841229182759271,
        0.0,
        0.375,
        0.4330127018922193,
        0.45069390943299864,
        0.5416666666666666,
        0.5153882032022076,
        0.46770717334674267,
        0.45069390943299864,
        0.5448623679425842,
        0.46770717334674267,
        0.414578098794425,
        0.5303300858899106,
        0.6222160217945033,
        0.5877806658194119,
        0.625,
        0.33071891388307384,
        0.81967981553775,
        0.5153882032022076,
        0.45069390943299864,
        0.6373774391990981,
        0.4330127018922193,
        0.649519052838329,
        0.45069390943299864,
        0.6373774391990981,
        0.4330127018922193,
        0.5153882032022076,
        0.5448623679425842,
        0.45069390943299864,
        0.6123724356957945,
        0.7180703308172536
    ],
    [
        0.6640840707781089,
        0.8079466429027216,
        0.4330127018922193,
        0.5448623679425842,
        0.5153882032022076,
        0.724137417898012,
        0.375,
        0.6123724356957945,
        0.5,
        0.7348469228349535,
        0.3535533905932738,
        0.5,
        0.45069390943299864,
        0.6442049363362563,
        0.673145600891813,
        0.6034551874541357,
        0.81967981553775,
        0.5,
        0.5,
        0.414578098794425,
        0.375,
        0.0,
        0.1767766952966369,
        0.4841229182759271,
        0.35108957388234824,
        0.375,
        0.33071891388307384,
        0.4330127018922193,
        0.375,
        0.2795084971874737,
        0.1767766952966369,
        0.4330127018922193,
        0.6588078458684123,
        0.46955948623269356,
        0.6373774391990981,
        0.33071891388307384,
        0.8003905296791061,
        0.25,
        0.45069390943299864,
        0.6373774391990981,
        0.4330127018922193,
        0.57282196186948,
        0.5994789404140899,
        0.57282196186948,
        0.414578098794425,
        0.3535533905932738,
        0.33071891388307384,
        0.21650635094610965,
        0.5303300858899106,
        0.6614378277661477
    ],
    [
        0.6277998511159624,
        0.8730136183232068,
        0.375,
        0.6123724356957945,
        0.5448623679425842,
        0.7454025757937788,
        0.375,
        0.6123724356957945,
        0.5,
        0.7762087348130012,
        0.30618621784789724,
        0.5590169943749475,
        0.5153882032022076,
        0.6796138609534094,
        0.6959705453537527,
        0.641118681107723,
        0.8569568250501305,
        0.5303300858899106,
        0.5,
        0.414578098794425,
        0.4330127018922193,
        0.1767766952966369,
        0.0,
        0.5153882032022076,
        0.3254270698294439,
        0.414578098794425,
        0.33071891388307384,
        0.46770717334674267,
        0.33071891388307384,
        0.2795084971874737,
        0.1767766952966369,
        0.375,
        0.7371585838730889,
        0.4350127712046063,
        0.6123724356957945,
        0.3535533905932738,
        0.8477912478906585,
        0.30618621784789724,
        0.45069390943299864,
        0.673145600891813,
        0.4330127018922193,
        0.57282196186948,
        0.6123724356957945,
        0.625,
        0.4330127018922193,
        0.3535533905932738,
        0.2795084971874737,
        0.125,
        0.5863019699779287,
        0.6614378277661477
    ],
    [
        0.7312712581944025,
        0.8079466429027216,
        0.649519052838329,
        0.6614378277661477,
        0.57282196186948,
        0.6796138609534094,
        0.6373774391990981,
        0.7603453162872774,
        0.5863019699779287,
        0.6562202374203343,
        0.5448623679425842,
        0.4841229182759271,
        0.45069390943299864,
        0.6680194607943694,
        0.6846531968814576,
        0.4727929391026331,
        0.770551750371122,
        0.45069390943299864,
        0.57282196186948,
        0.5590169943749475,
        0.45069390943299864,
        0.4841229182759271,
        0.5153882032022076,
        0.0,
        0.5965758776365148,
        0.57282196186948,
        0.5448623679425842,
        0.5448623679425842,
        0.6123724356957945,
        0.5448623679425842,
        0.5153882032022076,
        0.5590169943749475,
        0.7156485015549029,
        0.6263873490988712,
        0.5994789404140899,
        0.5153882032022076,
        0.8100925873009825,
        0.5,
        0.5303300858899106,
        0.6846531968814576,
        0.4841229182759271,
        0.7288689868556626,
        0.46770717334674267,
        0.625,
        0.5153882032022076,
        0.5590169943749475,
        0.5863019699779287,
        0.5303300858899106,
        0.5994789404140899,
        0.6959705453537527
    ],
    [
        0.5730693210354382,
        0.8385254915624212,
        0.5120085719768545,
        0.4841229182759271,
        0.5319643889501544,
        0.6867293660695035,
        0.42898458920779164,
        0.5170697352496191,
        0.5270462766947299,
        0.6258882576875133,
        0.44682522061515034,
        0.5833333333333334,
        0.5137011669140814,
        0.5600099205470481,
        0.7156485015549029,
        0.5999515758992856,
        0.7817359599705717,
        0.5574620066774855,
        0.5400617248673217,
        0.4805234414446165,
        0.5416666666666666,
        0.35108957388234824,
        0.3254270698294439,
        0.5965758776365148,
        0.0,
        0.35843021946010944,
        0.3908679799852858,
        0.5120085719768545,
        0.4639803635691685,
        0.42898458920779164,
        0.3703414340548162,
        0.41036907507483766,
        0.6123724356957945,
        0.4289845892077917,
        0.5833333333333334,
        0.39308254716902513,
        0.6640573937712178,
        0.41036907507483766,
        0.4965156369922077,
        0.6705615391429617,
        0.44682522061515034,
        0.452615853800009,
        0.5833333333333334,
        0.5758447900452189,
        0.49999999999999994,
        0.42898458920779164,
        0.34860834438919813,
        0.3004626062886657,
        0.5833333333333334,
        0.5605676686280713
    ],
    [
        0.7523348011764606,
        0.7580585582775105,
        0.5994789404140899,
        0.45069390943299864,
        0.4841229182759271,
        0.6562202374203343,
        0.5303300858899106,
        0.6373774391990981,
        0.45069390943299864,
        0.6067330549755798,
        0.5153882032022076,
        0.5590169943749475,
        0.45069390943299864,
        0.5667892024377317,
        0.6959705453537527,
        0.6034551874541357,
        0.75,
        0.5153882032022076,
        0.5,
        0.414578098794425,
        0.5153882032022076,
        0.375,
        0.414578098794425,
        0.57282196186948,
        0.35843021946010944,
        0.0,
        0.39528470752104744,
        0.39528470752104744,
        0.5303300858899106,
        0.4330127018922193,
        0.39528470752104744,
        0.45069390943299864,
        0.6346477588219923,
        0.5803495115493383,
        0.6373774391990981,
        0.33071891388307384,
        0.7071067811865476,
        0.375,
        0.5,
        0.57282196186948,
        0.5153882032022076,
        0.649519052838329,
        0.5448623679425842,
        0.5994789404140899,
        0.39528470752104744,
        0.46770717334674267,
        0.46770717334674267,
        0.414578098794425,
        0.39528470752104744,
        0.7288689868556626
    ],
    [
        0.7095827316537688,
        0.798218502527834,
        0.5303300858899106,
        0.625,
        0.5303300858899106,
        0.702228595259407,
        0.4330127018922193,
        0.6614378277661477,
        0.5153882032022076,
        0.6796138609534094,
        0.4330127018922193,
        0.57282196186948,
        0.45069390943299864,
        0.6562202374203343,
        0.7071067811865476,
        0.576981943621554,
        0.770551750371122,
        0.5303300858899106,
        0.5303300858899106,
        0.414578098794425,
        0.46770717334674267,
        0.33071891388307384,
        0.33071891388307384,
        0.5448623679425842,
        0.3908679799852858,
        0.39528470752104744,
        0.0,
        0.414578098794425,
        0.46770717334674267,
        0.39528470752104744,
        0.33071891388307384,
        0.46770717334674267,
        0.6588078458684123,
        0.5464532103585001,
        0.5448623679425842,
        0.39528470752104744,
        0.7180703308172536,
        0.2795084971874737,
        0.4330127018922193,
        0.6123724356957945,
        0.5,
        0.6123724356957945,
        0.5,
        0.5590169943749475,
        0.39528470752104744,
        0.375,
        0.3535533905932738,
        0.375,
        0.4841229182759271,
        0.7288689868556626
    ],
    [
        0.8218166785002751,
        0.7156485015549029,
        0.6846531968814576,
        0.649519052838329,
        0.5,
        0.5937171043518958,
        0.625,
        0.673145600891813,
        0.39528470752104744,
        0.5937171043518958,
        0.5303300858899106,
        0.5303300858899106,
        0.46770717334674267,
        0.6067330549755798,
        0.5863019699779287,
        0.549234160686775,
        0.6846531968814576,
        0.46770717334674267,
        0.3535533905932738,
        0.414578098794425,
        0.45069390943299864,
        0.4330127018922193,
        0.46770717334674267,
        0.5448623679425842,
        0.5120085719768545,
        0.39528470752104744,
        0.414578098794425,
        0.0,
        0.6123724356957945,
        0.5153882032022076,
        0.46770717334674267,
        0.5303300858899106,
        0.5833333333333334,
        0.6387379048648288,
        0.625,
        0.39528470752104744,
        0.7905694150420949,
        0.46770717334674267,
        0.46770717334674267,
        0.5153882032022076,
        0.5153882032022076,
        0.673145600891813,
        0.5153882032022076,
        0.6123724356957945,
        0.33071891388307384,
        0.5,
        0.5153882032022076,
        0.4841229182759271,
        0.4330127018922193,
        0.75
    ],
    [
        0.5336268856244262,
        1.0516191220103301,
        0.1767766952966369,
        0.739509972887452,
        0.6373774391990981,
        0.8710625695092173,
        0.1767766952966369,
        0.7071067811865476,
        0.6959705453537527,
        0.8799857953399021,
        0.21650635094610965,
        0.6614378277661477,
        0.649519052838329,
        0.8250000000000001,
        0.8477912478906585,
        0.7935887872603204,
        1.0,
        0.649519052838329,
        0.5994789404140899,
        0.5590169943749475,
        0.5448623679425842,
        0.375,
        0.33071891388307384,
        0.6123724356957945,
        0.4639803635691685,
        0.5303300858899106,
        0.46770717334674267,
        0.6123724356957945,
        0.0,
        0.25,
        0.33071891388307384,
        0.5,
        0.8364524958285304,
        0.4166666666666667,
        0.6959705453537527,
        0.5153882032022076,
        0.9100137361600648,
        0.414578098794425,
        0.57282196186948,
        0.8569568250501305,
        0.5448623679425842,
        0.6614378277661477,
        0.7071067811865476,
        0.739509972887452,
        0.57282196186948,
        0.5,
        0.25,
        0.3535533905932738,
        0.7288689868556626,
        0.649519052838329
    ],
    [
        0.5892857142857143,
        0.9664511253952668,
        0.30618621784789724,
        0.673145600891813,
        0.5863019699779287,
        0.8058380730643099,
        0.30618621784789724,
        0.673145600891813,
        0.6123724356957945,
        0.7862092596758194,
        0.21650635094610965,
        0.5863019699779287,
        0.5303300858899106,
        0.7454025757937788,
        0.7806247497997998,
        0.676689118624872,
        0.9185586535436918,
        0.5863019699779287,
        0.57282196186948,
        0.46770717334674267,
        0.46770717334674267,
        0.2795084971874737,
        0.2795084971874737,
        0.5448623679425842,
        0.42898458920779164,
        0.4330127018922193,
        0.39528470752104744,
        0.5153882032022076,
        0.25,
        0.0,
        0.21650635094610965,
        0.4330127018922193,
        0.7156485015549029,
        0.3974746672570607,
        0.6614378277661477,
        0.4330127018922193,
        0.8477912478906585,
        0.2795084971874737,
        0.46770717334674267,
        0.75,
