[
    [
        0.0,
        0.120017902310447,
        0.08838834764831845,
        0.08414320011147662,
        0.08699631816921909,
        0.16535945694153692,
        0.078125,
        0.10711960313126631,
        0.1269381000724369,
        0.16973094517500337,
        0.13531646934131855,
        0.08267972847076846,
        0.13621559198564606,
        0.11481983169296148,
        0.12103072956898178,
        0.13799626353637262,
        0.11048543456039805,
        0.09375,
        0.0625,
        0.11048543456039805,
        0.1269381000724369,
        0.12303137303143455,
        0.1269381000724369,
        0.08699631816921909,
        0.10004881620988826,
        0.10364452469860624,
        0.06987712429686843,
        0.16755945773068137,
        0.12303137303143455,
        0.09504316453590968,
        0.10364452469860624,
        0.1660960283239789,
        0.13441133229754104,
        0.17328963291264715,
        0.0855816496101822,
        0.10711960313126631,
        0.09375,
        0.09110862335695782,
        0.10004881620988826,
        0.12979099785809492,
        0.08838834764831845,
        0.120017902310447,
        0.12597277731716483,
        0.0855816496101822,
        0.11899645477912357,
        0.09631896879639025,
        0.125,
        0.09882117688026186,
        0.19702375332685143
    ],
    [
        0.120017902310447,
        0.0,
        0.08414320011147662,
        0.10597390598633231,
        0.120017902310447,
        0.03125,
        0.071602745233685,
        0.09504316453590968,
        0.12597277731716483,
        0.06051536478449089,
        0.14490028899212037,
        0.10245997694221876,
        0.13710881855300192,
        0.14823176532039278,
        0.1288470508005519,
        0.15309310892394862,
        0.1570293065800139,
        0.08267972847076846,
        0.0924387466109315,
        0.08838834764831845,
        0.0625,
        0.04133986423538423,
        0.13799626353637262,
        0.038273277230987154,
        0.05412658773652741,
        0.05633673867912483,
        0.08267972847076846,
        0.05846339666834283,
        0.04133986423538423,
        0.038273277230987154,
        0.11158481919598204,
        0.15934435979977452,
        0.08267972847076846,
        0.15229366163764005,
        0.071602745233685,
        0.10126157341262282,
        0.07328774624724109,
        0.0897587913521567,
        0.12597277731716483,
        0.11048543456039805,
        0.04941058844013093,
        0.11267347735824966,
        0.14574029770451274,
        0.06629126073623882,
        0.05633673867912483,
        0.05182226234930312,
        0.038273277230987154,
        0.0855816496101822,
        0.15625
    ],
    [
        0.08838834764831845,
        0.08414320011147662,
        0.0,
        0.06442352540027595,
        0.08699631816921909,
        0.109375,
        0.06442352540027595,
        0.08267972847076846,
        0.10245997694221876,
        0.11158481919598204,
        0.11158481919598204,
        0.05412658773652741,
        0.11587810136086973,
        0.10825317547305482,
        0.11692679333668567,
        0.1316585902058806,
        0.06810779599282303,
        0.06629126073623882,
        0.08414320011147662,
        0.09882117688026186,
        0.08414320011147662,
        0.07654655446197431,
        0.10481568644530265,
        0.05846339666834283,
        0.0625,
        0.07967217989988726,
        0.05633673867912483,
        0.11048543456039805,
        0.08267972847076846,
        0.06629126073623882,
        0.06629126073623882,
        0.16973094517500337,
        0.08414320011147662,
        0.1660960283239789,
        0.06629126073623882,
        0.09504316453590968,
        0.07967217989988726,
        0.07967217989988726,
        0.09375,
        0.09882117688026186,
        0.078125,
        0.10245997694221876,
        0.12979099785809492,
        0.07493486755176124,
        0.09110862335695782,
        0.06051536478449089,
        0.0924387466109315,
        0.10245997694221876,
        0.19578068884596356
    ],
    [
        0.08414320011147662,
        0.10597390598633231,
        0.06442352540027595,
        0.0,
        0.0924387466109315,
        0.15068204314051492,
        0.071602745233685,
        0.08414320011147662,
        0.12401959270615269,
        0.16755945773068137,
        0.13621559198564606,
        0.10597390598633231,
        0.10825317547305482,
        0.14235052467412967,
        0.10711960313126631,
        0.12401959270615269,
        0.14905300022139775,
        0.10364452469860624,
        0.078125,
        0.09882117688026186,
        0.13887803777055607,
        0.11692679333668567,
        0.11048543456039805,
        0.08699631816921909,
        0.09631896879639025,
        0.08414320011147662,
        0.09757809372497497,
        0.15934435979977452,
        0.125,
        0.09110862335695782,
        0.08838834764831845,
        0.1335000585205864,
        0.14823176532039278,
        0.1335000585205864,
        0.09757809372497497,
        0.0855816496101822,
        0.120017902310447,
        0.09375,
        0.11692679333668567,
        0.12789613706050704,
        0.071602745233685,
        0.10597390598633231,
        0.1316585902058806,
        0.09375,
        0.1288470508005519,
        0.1137517170200081,
        0.12103072956898178,
        0.06629126073623882,
        0.140625
    ],
    [
        0.08699631816921909,
        0.120017902310447,
        0.08699631816921909,
        0.0924387466109315,
        0.0,
        0.15229366163764005,
        0.05633673867912483,
        0.07493486755176124,
        0.08118988160479113,
        0.16312978920172735,
        0.10481568644530265,
        0.11048543456039805,
        0.09504316453590968,
        0.07654655446197431,
        0.06629126073623882,
        0.08838834764831845,
        0.0855816496101822,
        0.06987712429686843,
        0.09110862335695782,
        0.08267972847076846,
        0.1307281291459493,
        0.12203515118604147,
        0.09110862335695782,
        0.09375,
        0.10825317547305482,
        0.10126157341262282,
        0.09110862335695782,
        0.15467960838455727,
        0.14235052467412967,
        0.12401959270615269,
        0.06810779599282303,
        0.16828640022295324,
        0.10711960313126631,
        0.12597277731716483,
        0.08414320011147662,
        0.08414320011147662,
        0.12303137303143455,
        0.10364452469860624,
        0.06629126073623882,
        0.10004881620988826,
        0.11796616305110547,
        0.07328774624724109,
        0.12401959270615269,
        0.10245997694221876,
        0.12789613706050704,
        0.1269381000724369,
        0.14574029770451274,
        0.120017902310447,
        0.17258376589355096
    ],
    [
        0.16535945694153692,
        0.03125,
        0.109375,
        0.15068204314051492,
        0.15229366163764005,
        0.0,
        0.09504316453590968,
        0.11158481919598204,
        0.1288470508005519,
        0.038273277230987154,
        0.1307281291459493,
        0.10481568644530265,
        0.1616262567623219,
        0.16237976320958225,
        0.14235052467412967,
        0.17258376589355096,
        0.14986973510352247,
        0.07493486755176124,
        0.11267347735824966,
        0.10245997694221876,
        0.038273277230987154,
        0.034938562148434216,
        0.13887803777055607,
        0.04419417382415922,
        0.04941058844013093,
        0.04419417382415922,
        0.06629126073623882,
        0.034938562148434216,
        0.038273277230987154,
        0.034938562148434216,
        0.12103072956898178,
        0.17608480733726006,
        0.05633673867912483,
        0.1795175827043134,
        0.06629126073623882,
        0.10711960313126631,
        0.06629126073623882,
        0.08118988160479113,
        0.13799626353637262,
        0.08267972847076846,
        0.06442352540027595,
        0.1335000585205864,
        0.16755945773068137,
        0.07328774624724109,
        0.04419417382415922,
        0.04419417382415922,
        0.046875,
        0.120017902310447,
        0.22152260748059102
    ],
    [
        0.078125,
        0.071602745233685,
        0.06442352540027595,
        0.071602745233685,
        0.05633673867912483,
        0.09504316453590968,
        0.0,
        0.0625,
        0.078125,
        0.11158481919598204,
        0.10597390598633231,
        0.0897587913521567,
        0.09882117688026186,
        0.0924387466109315,
        0.07493486755176124,
        0.10126157341262282,
        0.08838834764831845,
        0.04133986423538423,
        0.06987712429686843,
        0.05412658773652741,
        0.08699631816921909,
        0.07654655446197431,
        0.0855816496101822,
        0.05633673867912483,
        0.07328774624724109,
        0.06629126073623882,
        0.04941058844013093,
        0.09882117688026186,
        0.10126157341262282,
        0.0897587913521567,
        0.07654655446197431,
        0.16237976320958225,
        0.07328774624724109,
        0.13621559198564606,
        0.046875,
        0.071602745233685,
        0.09110862335695782,
        0.07493486755176124,
        0.071602745233685,
        0.06442352540027595,
        0.09375,
        0.06987712429686843,
        0.1269381000724369,
        0.07328774624724109,
        0.08267972847076846,
        0.09757809372497497,
        0.10597390598633231,
        0.0924387466109315,
        0.1711632992203644
    ],
    [
        0.10711960313126631,
        0.09504316453590968,
        0.08267972847076846,
        0.08414320011147662,
        0.07493486755176124,
        0.11158481919598204,
        0.0625,
        0.0,
        0.06442352540027595,
        0.1335000585205864,
        0.0855816496101822,
        0.11048543456039805,
        0.07328774624724109,
        0.10481568644530265,
        0.04941058844013093,
        0.07967217989988726,
        0.09504316453590968,
        0.06442352540027595,
        0.10126157341262282,
        0.07493486755176124,
        0.109375,
        0.09757809372497497,
        0.08414320011147662,
        0.07967217989988726,
        0.09110862335695782,
        0.078125,
        0.078125,
        0.12303137303143455,
        0.11587810136086973,
        0.10364452469860624,
        0.08838834764831845,
        0.13258252147247765,
        0.0897587913521567,
        0.10004881620988826,
        0.06810779599282303,
        0.04941058844013093,
        0.11481983169296148,
        0.08267972847076846,
        0.05633673867912483,
        0.08118988160479113,
        0.10711960313126631,
        0.06987712429686843,
        0.13441133229754104,
        0.09882117688026186,
        0.11158481919598204,
        0.10711960313126631,
        0.11158481919598204,
        0.09504316453590968,
        0.18087245160609727
    ],
    [
        0.1269381000724369,
        0.12597277731716483,
        0.10245997694221876,
        0.12401959270615269,
        0.08118988160479113,
        0.1288470508005519,
        0.078125,
        0.06442352540027595,
        0.0,
        0.13799626353637262,
        0.07328774624724109,
        0.12303137303143455,
        0.07328774624724109,
        0.10825317547305482,
        0.06442352540027595,
        0.0855816496101822,
        0.09375,
        0.07493486755176124,
        0.1288470508005519,
        0.08414320011147662,
        0.1316585902058806,
        0.12303137303143455,
        0.09757809372497497,
        0.09757809372497497,
        0.1137517170200081,
        0.10597390598633231,
        0.10004881620988826,
        0.13621559198564606,
        0.14490028899212037,
        0.13441133229754104,
        0.08699631816921909,
        0.16535945694153692,
        0.09375,
        0.11796616305110547,
        0.08267972847076846,
        0.0897587913521567,
        0.1288470508005519,
        0.10825317547305482,
        0.05182226234930312,
        0.09504316453590968,
        0.13975424859373686,
        0.0625,
        0.15625,
        0.120017902310447,
        0.13799626353637262,
        0.1335000585205864,
        0.14490028899212037,
        0.1307281291459493,
        0.19452968121857395
    ],
    [
        0.16973094517500337,
        0.06051536478449089,
        0.11158481919598204,
        0.16755945773068137,
        0.16312978920172735,
        0.038273277230987154,
        0.11158481919598204,
        0.1335000585205864,
        0.13799626353637262,
        0.0,
        0.13258252147247765,
        0.11158481919598204,
        0.18288593610499415,
        0.16461958988832404,
        0.15467960838455727,
        0.184877493221863,
        0.14986973510352247,
        0.078125,
        0.12303137303143455,
        0.10597390598633231,
        0.038273277230987154,
        0.04133986423538423,
        0.14823176532039278,
        0.05846339666834283,
        0.05412658773652741,
        0.07328774624724109,
        0.07654655446197431,
        0.027063293868263706,
        0.038273277230987154,
        0.04941058844013093,
        0.1269381000724369,
        0.203125,
        0.05846339666834283,
        0.213096589015404,
        0.07654655446197431,
        0.12597277731716483,
        0.07328774624724109,
        0.0897587913521567,
        0.14657549249448218,
        0.08699631816921909,
        0.0855816496101822,
        0.14574029770451274,
        0.1801962905417312,
        0.08267972847076846,
        0.05846339666834283,
        0.05633673867912483,
        0.06051536478449089,
        0.140625,
        0.2976962325509008
    ],
    [
        0.13531646934131855,
        0.14490028899212037,
        0.11158481919598204,
        0.13621559198564606,
        0.10481568644530265,
        0.1307281291459493,
        0.10597390598633231,
        0.0855816496101822,
        0.07328774624724109,
        0.13258252147247765,
        0.0,
        0.1335000585205864,
        0.1137517170200081,
        0.12103072956898178,
        0.09757809372497497,
        0.12103072956898178,
        0.10597390598633231,
        0.08414320011147662,
        0.1307281291459493,
        0.11587810136086973,
        0.13531646934131855,
        0.12303137303143455,
        0.10825317547305482,
        0.11481983169296148,
        0.11587810136086973,
        0.11267347735824966,
        0.10597390598633231,
        0.12979099785809492,
        0.13621559198564606,
        0.13799626353637262,
        0.10364452469860624,
        0.19136638615493579,
        0.09757809372497497,
        0.14905300022139775,
        0.0897587913521567,
        0.10004881620988826,
        0.12203515118604147,
        0.09757809372497497,
        0.08118988160479113,
        0.11158481919598204,
        0.13531646934131855,
        0.11048543456039805,
        0.16535945694153692,
        0.13441133229754104,
        0.15068204314051492,
        0.13710881855300192,
        0.13975424859373686,
        0.14986973510352247,
        0.23070036031614688
    ],
    [
        0.08267972847076846,
        0.10245997694221876,
        0.05412658773652741,
        0.10597390598633231,
        0.11048543456039805,
        0.10481568644530265,
        0.0897587913521567,
        0.11048543456039805,
        0.12303137303143455,
        0.11158481919598204,
        0.1335000585205864,
        0.0,
        0.140625,
        0.12303137303143455,
        0.12979099785809492,
        0.16010860571811872,
        0.10245997694221876,
        0.0897587913521567,
        0.10004881620988826,
        0.10825317547305482,
        0.07967217989988726,
        0.07967217989988726,
        0.10597390598633231,
        0.07654655446197431,
        0.06442352540027595,
        0.09757809372497497,
        0.06987712429686843,
        0.10825317547305482,
        0.08118988160479113,
        0.06987712429686843,
        0.0897587913521567,
        0.17044862679118303,
        0.09882117688026186,
        0.1926379375927805,
        0.07654655446197431,
        0.10597390598633231,
        0.06442352540027595,
        0.078125,
        0.109375,
        0.11048543456039805,
        0.10825317547305482,
        0.125,
        0.11158481919598204,
        0.046875,
        0.07967217989988726,
        0.06987712429686843,
        0.10597390598633231,
        0.09110862335695782,
        0.24206145913796356
    ],
    [
        0.13621559198564606,
        0.13710881855300192,
        0.11587810136086973,
        0.10825317547305482,
        0.09504316453590968,
        0.1616262567623219,
        0.09882117688026186,
        0.07328774624724109,
        0.07328774624724109,
        0.18288593610499415,
        0.1137517170200081,
        0.140625,
        0.0,
        0.12203515118604147,
        0.078125,
        0.07967217989988726,
        0.13258252147247765,
        0.109375,
        0.1288470508005519,
        0.11796616305110547,
        0.16237976320958225,
        0.14740595518838442,
        0.10364452469860624,
        0.120017902310447,
        0.13710881855300192,
        0.109375,
        0.11692679333668567,
        0.1753901900050285,
        0.16682934768798924,
        0.14740595518838442,
        0.0924387466109315,
        0.11692679333668567,
        0.14657549249448218,
        0.08838834764831845,
        0.10711960313126631,
        0.07654655446197431,
        0.14905300022139775,
        0.1137517170200081,
        0.08838834764831845,
        0.13621559198564606,
        0.1316585902058806,
        0.09375,
        0.1316585902058806,
        0.13531646934131855,
        0.15934435979977452,
        0.15546678704790937,
        0.15625,
        0.11048543456039805,
        0.13799626353637262
    ],
    [
        0.11481983169296148,
        0.14823176532039278,
        0.10825317547305482,
        0.14235052467412967,
        0.07654655446197431,
        0.16237976320958225,
        0.0924387466109315,
        0.10481568644530265,
        0.10825317547305482,
        0.16461958988832404,
        0.12103072956898178,
        0.12303137303143455,
        0.12203515118604147,
        0.0,
        0.10364452469860624,
        0.12979099785809492,
        0.10364452469860624,
        0.08699631816921909,
        0.12303137303143455,
        0.10245997694221876,
        0.140625,
        0.14149039278339715,
        0.08118988160479113,
        0.12401959270615269,
        0.13621559198564606,
        0.13621559198564606,
        0.10364452469860624,
        0.16312978920172735,
        0.16461958988832404,
        0.16010860571811872,
        0.08414320011147662,
        0.19578068884596356,
        0.10597390598633231,
        0.1875,
        0.10711960313126631,
        0.120017902310447,
        0.13975424859373686,
        0.11796616305110547,
        0.08118988160479113,
        0.10364452469860624,
        0.16682934768798924,
        0.10126157341262282,
        0.140625,
        0.1307281291459493,
        0.14149039278339715,
        0.1570293065800139,
        0.1781524101717403,
        0.14823176532039278,
        0.26005182776708186
    ],
    [
        0.12103072956898178,
        0.1288470508005519,
        0.11692679333668567,
        0.10711960313126631,
        0.06629126073623882,
        0.14235052467412967,
        0.07493486755176124,
        0.04941058844013093,
        0.06442352540027595,
        0.15467960838455727,
        0.09757809372497497,
        0.12979099785809492,
        0.078125,
        0.10364452469860624,
        0.0,
        0.046875,
        0.08414320011147662,
        0.07493486755176124,
        0.11587810136086973,
        0.08118988160479113,
        0.13975424859373686,
        0.13799626353637262,
        0.0855816496101822,
        0.10825317547305482,
        0.13441133229754104,
        0.109375,
        0.10364452469860624,
        0.15309310892394862,
        0.1660960283239789,
        0.15625,
        0.0924387466109315,
        0.14905300022139775,
        0.08118988160479113,
        0.09882117688026186,
        0.0897587913521567,
        0.07328774624724109,
        0.13710881855300192,
        0.120017902310447,
        0.06442352540027595,
        0.07328774624724109,
        0.14986973510352247,
        0.06051536478449089,
        0.14986973510352247,
        0.12597277731716483,
        0.13887803777055607,
        0.15309310892394862,
        0.16535945694153692,
        0.12597277731716483,
        0.16387638252658618
    ],
    [
        0.13799626353637262,
        0.15309310892394862,
        0.1316585902058806,
        0.12401959270615269,
        0.08838834764831845,
        0.17258376589355096,
        0.10126157341262282,
        0.07967217989988726,
        0.0855816496101822,
        0.184877493221863,
        0.12103072956898178,
        0.16010860571811872,
        0.07967217989988726,
        0.12979099785809492,
        0.046875,
        0.0,
        0.1316585902058806,
        0.10711960313126631,
        0.13621559198564606,
        0.11796616305110547,
        0.171875,
        0.1690102160373745,
        0.11158481919598204,
        0.1316585902058806,
        0.1616262567623219,
        0.125,
        0.13975424859373686,
        0.18355218944485516,
        0.19136638615493579,
        0.18154609435347266,
        0.09631896879639025,
        0.14490028899212037,
        0.13441133229754104,
        0.09631896879639025,
        0.10825317547305482,
        0.07654655446197431,
        0.16010860571811872,
        0.13531646934131855,
        0.09110862335695782,
        0.1307281291459493,
        0.1660960283239789,
        0.09110862335695782,
        0.15546678704790937,
        0.15309310892394862,
        0.1711632992203644,
        0.1781524101717403,
        0.18154609435347266,
        0.1335000585205864,
        0.16010860571811872
    ],
    [
        0.11048543456039805,
        0.1570293065800139,
        0.06810779599282303,
        0.14905300022139775,
        0.0855816496101822,
        0.14986973510352247,
        0.08838834764831845,
        0.09504316453590968,
        0.09375,
        0.14986973510352247,
        0.10597390598633231,
        0.10245997694221876,
        0.13258252147247765,
        0.10364452469860624,
        0.08414320011147662,
        0.1316585902058806,
        0.0,
        0.08699631816921909,
        0.14320549046737,
        0.08414320011147662,
        0.1316585902058806,
        0.12401959270615269,
        0.09882117688026186,
        0.10245997694221876,
        0.11267347735824966,
        0.12303137303143455,
        0.08838834764831845,
        0.15068204314051492,
        0.13975424859373686,
        0.1316585902058806,
        0.07967217989988726,
        0.19327057620082783,
        0.08414320011147662,
        0.18288593610499415,
        0.10364452469860624,
        0.08699631816921909,
        0.11692679333668567,
        0.10711960313126631,
        0.07967217989988726,
        0.078125,
        0.16828640022295324,
        0.08118988160479113,
        0.14905300022139775,
        0.11267347735824966,
        0.13975424859373686,
        0.12103072956898178,
        0.16755945773068137,
        0.14405538214520136,
        0.2619227283475033
    ],
    [
        0.09375,
        0.08267972847076846,
        0.06629126073623882,
        0.10364452469860624,
        0.06987712429686843,
        0.07493486755176124,
        0.04133986423538423,
        0.06442352540027595,
        0.07493486755176124,
        0.078125,
        0.08414320011147662,
        0.0897587913521567,
        0.109375,
        0.08699631816921909,
        0.07493486755176124,
        0.10711960313126631,
        0.08699631816921909,
        0.0,
        0.09504316453590968,
        0.04941058844013093,
        0.078125,
        0.0625,
        0.09631896879639025,
        0.04133986423538423,
        0.0625,
        0.06629126073623882,
        0.05633673867912483,
        0.07493486755176124,
        0.08118988160479113,
        0.08267972847076846,
        0.08267972847076846,
        0.18221724671391565,
        0.04419417382415922,
        0.14905300022139775,
        0.04419417382415922,
        0.0855816496101822,
        0.0897587913521567,
        0.06810779599282303,
        0.07328774624724109,
        0.04941058844013093,
        0.09504316453590968,
        0.06987712429686843,
        0.14235052467412967,
        0.08118988160479113,
        0.0897587913521567,
        0.08414320011147662,
        0.09110862335695782,
        0.11048543456039805,
        0.20610790559801437
    ],
    [
        0.0625,
        0.0924387466109315,
        0.08414320011147662,
        0.078125,
        0.09110862335695782,
        0.11267347735824966,
        0.06987712429686843,
        0.10126157341262282,
        0.1288470508005519,
        0.12303137303143455,
        0.1307281291459493,
        0.10004881620988826,
        0.1288470508005519,
        0.12303137303143455,
        0.11587810136086973,
        0.13621559198564606,
        0.14320549046737,
        0.09504316453590968,
        0.0,
        0.1137517170200081,
        0.11587810136086973,
        0.09882117688026186,
        0.11692679333668567,
        0.07967217989988726,
        0.08699631816921909,
        0.08118988160479113,
        0.07654655446197431,
        0.120017902310447,
        0.09631896879639025,
        0.08838834764831845,
        0.109375,
        0.14235052467412967,
        0.13799626353637262,
        0.14823176532039278,
        0.08414320011147662,
        0.09504316453590968,
        0.09504316453590968,
        0.07328774624724109,
        0.10825317547305482,
        0.1335000585205864,
        0.06810779599282303,
        0.125,
        0.11796616305110547,
        0.08699631816921909,
        0.10364452469860624,
        0.10597390598633231,
        0.0924387466109315,
        0.08118988160479113,
        0.1767766952966369
    ],
    [
        0.11048543456039805,
        0.08838834764831845,
        0.09882117688026186,
        0.09882117688026186,
        0.08267972847076846,
        0.10245997694221876,
        0.05412658773652741,
        0.07493486755176124,
        0.08414320011147662,
        0.10597390598633231,
        0.11587810136086973,
        0.10825317547305482,
        0.11796616305110547,
        0.10245997694221876,
        0.08118988160479113,
        0.11796616305110547,
        0.08414320011147662,
        0.04941058844013093,
        0.1137517170200081,
        0.0,
        0.09375,
        0.10481568644530265,
        0.09631896879639025,
        0.07967217989988726,
        0.109375,
        0.0855816496101822,
        0.07493486755176124,
        0.10364452469860624,
        0.13531646934131855,
        0.12789613706050704,
        0.08267972847076846,
        0.18553659510996745,
        0.046875,
        0.14235052467412967,
        0.07328774624724109,
        0.0855816496101822,
        0.109375,
        0.10711960313126631,
        0.09375,
        0.038273277230987154,
        0.13710881855300192,
        0.04419417382415922,
        0.15309310892394862,
        0.08267972847076846,
        0.09631896879639025,
        0.12103072956898178,
        0.13441133229754104,
        0.12401959270615269,
        0.17469281074217108
    ],
    [
        0.1269381000724369,
        0.0625,
        0.08414320011147662,
        0.13887803777055607,
        0.1307281291459493,
        0.038273277230987154,
        0.08699631816921909,
        0.109375,
        0.1316585902058806,
        0.038273277230987154,
        0.13531646934131855,
        0.07967217989988726,
        0.16237976320958225,
        0.140625,
        0.13975424859373686,
        0.171875,
        0.1316585902058806,
        0.078125,
        0.11587810136086973,
        0.09375,
        0.0,
        0.034938562148434216,
        0.1307281291459493,
        0.05633673867912483,
        0.04133986423538423,
        0.06442352540027595,
        0.06810779599282303,
        0.038273277230987154,
        0.038273277230987154,
        0.04941058844013093,
        0.11796616305110547,
        0.1887975933374152,
        0.071602745233685,
        0.19200321449132043,
        0.07493486755176124,
        0.11481983169296148,
        0.05633673867912483,
        0.07654655446197431,
        0.12979099785809492,
        0.0924387466109315,
        0.07654655446197431,
        0.12401959270615269,
        0.15546678704790937,
        0.05412658773652741,
        0.034938562148434216,
        0.04133986423538423,
        0.04941058844013093,
        0.11048543456039805,
        0.2567449488305466
    ],
    [
        0.12303137303143455,
        0.04133986423538423,
        0.07654655446197431,
        0.11692679333668567,
        0.12203515118604147,
        0.034938562148434216,
        0.07654655446197431,
        0.09757809372497497,
        0.12303137303143455,
        0.04133986423538423,
        0.12303137303143455,
        0.07967217989988726,
        0.14740595518838442,
        0.14149039278339715,
        0.13799626353637262,
        0.1690102160373745,
        0.12401959270615269,
        0.0625,
        0.09882117688026186,
        0.10481568644530265,
        0.034938562148434216,
        0.0,
        0.13531646934131855,
        0.034938562148434216,
        0.03125,
        0.05633673867912483,
        0.06629126073623882,
        0.038273277230987154,
        0.027063293868263706,
        0.04419417382415922,
        0.10481568644530265,
        0.18553659510996745,
        0.05633673867912483,
        0.1795175827043134,
        0.05633673867912483,
        0.11158481919598204,
        0.06051536478449089,
        0.07493486755176124,
        0.120017902310447,
        0.09110862335695782,
        0.06442352540027595,
        0.1307281291459493,
        0.15857643070456592,
        0.071602745233685,
        0.046875,
        0.038273277230987154,
        0.04941058844013093,
        0.109375,
        0.24506854908372067
    ],
    [
        0.1269381000724369,
        0.13799626353637262,
        0.10481568644530265,
        0.11048543456039805,
        0.09110862335695782,
        0.13887803777055607,
        0.0855816496101822,
        0.08414320011147662,
        0.09757809372497497,
        0.14823176532039278,
        0.10825317547305482,
        0.10597390598633231,
        0.10364452469860624,
        0.08118988160479113,
        0.0855816496101822,
        0.11158481919598204,
        0.09882117688026186,
        0.09631896879639025,
        0.11692679333668567,
        0.09631896879639025,
        0.1307281291459493,
        0.13531646934131855,
        0.0,
        0.11692679333668567,
        0.12597277731716483,
        0.11692679333668567,
        0.09504316453590968,
        0.14657549249448218,
        0.15546678704790937,
        0.14490028899212037,
        0.07967217989988726,
        0.14905300022139775,
        0.09631896879639025,
        0.1514899955442603,
        0.10245997694221876,
        0.07654655446197431,
        0.12789613706050704,
        0.11158481919598204,
        0.10597390598633231,
        0.08267972847076846,
        0.14823176532039278,
        0.10364452469860624,
        0.0924387466109315,
        0.10364452469860624,
        0.12979099785809492,
        0.13441133229754104,
        0.15625,
        0.11587810136086973,
        0.2275034340400162
    ],
    [
        0.08699631816921909,
        0.038273277230987154,
        0.05846339666834283,
        0.08699631816921909,
        0.09375,
        0.04419417382415922,
        0.05633673867912483,
        0.07967217989988726,
        0.09757809372497497,
        0.05846339666834283,
        0.11481983169296148,
        0.07654655446197431,
        0.120017902310447,
        0.12401959270615269,
        0.10825317547305482,
        0.1316585902058806,
        0.10245997694221876,
        0.04133986423538423,
        0.07967217989988726,
        0.07967217989988726,
        0.05633673867912483,
        0.034938562148434216,
        0.11692679333668567,
        0.0,
        0.04133986423538423,
        0.046875,
        0.05182226234930312,
        0.06051536478449089,
        0.046875,
        0.04133986423538423,
        0.07967217989988726,
        0.16387638252658618,
        0.06987712429686843,
        0.15229366163764005,
        0.05182226234930312,
        0.08414320011147662,
        0.06987712429686843,
        0.07328774624724109,
        0.0897587913521567,
        0.08267972847076846,
        0.05846339666834283,
        0.10004881620988826,
        0.13799626353637262,
        0.05182226234930312,
        0.06442352540027595,
        0.046875,
        0.05412658773652741,
        0.08699631816921909,
        0.22696623509896796
    ],
    [
        0.10004881620988826,
        0.05412658773652741,
        0.0625,
        0.09631896879639025,
        0.10825317547305482,
        0.04941058844013093,
        0.07328774624724109,
        0.09110862335695782,
        0.1137517170200081,
        0.05412658773652741,
        0.11587810136086973,
        0.06442352540027595,
        0.13710881855300192,
        0.13621559198564606,
        0.13441133229754104,
        0.1616262567623219,
        0.11267347735824966,
        0.0625,
        0.08699631816921909,
        0.109375,
        0.04133986423538423,
        0.03125,
        0.12597277731716483,
        0.04133986423538423,
        0.0,
        0.06442352540027595,
        0.05633673867912483,
        0.04941058844013093,
        0.04133986423538423,
        0.038273277230987154,
        0.09375,
        0.18221724671391565,
        0.06629126073623882,
        0.17746588580625855,
        0.04941058844013093,
        0.09882117688026186,
        0.06051536478449089,
        0.06629126073623882,
        0.10481568644530265,
        0.10004881620988826,
        0.071602745233685,
        0.125,
        0.14823176532039278,
        0.04419417382415922,
        0.05182226234930312,
        0.04133986423538423,
        0.05846339666834283,
        0.09504316453590968,
        0.2348952559120767
    ],
    [
        0.10364452469860624,
        0.05633673867912483,
        0.07967217989988726,
        0.08414320011147662,
        0.10126157341262282,
        0.04419417382415922,
        0.06629126073623882,
        0.078125,
        0.10597390598633231,
        0.07328774624724109,
        0.11267347735824966,
        0.09757809372497497,
        0.109375,
        0.13621559198564606,
        0.109375,
        0.125,
        0.12303137303143455,
        0.06629126073623882,
        0.08118988160479113,
        0.0855816496101822,
        0.06442352540027595,
        0.05633673867912483,
        0.11692679333668567,
        0.046875,
        0.06442352540027595,
        0.0,
        0.06051536478449089,
        0.071602745233685,
        0.06629126073623882,
        0.05846339666834283,
        0.09110862335695782,
        0.13799626353637262,
        0.06810779599282303,
        0.13887803777055607,
        0.06629126073623882,
        0.07493486755176124,
        0.06810779599282303,
        0.06051536478449089,
        0.10245997694221876,
        0.08414320011147662,
        0.05182226234930312,
        0.10245997694221876,
        0.13887803777055607,
        0.06987712429686843,
        0.06629126073623882,
        0.05412658773652741,
        0.05412658773652741,
        0.08414320011147662,
        0.234375
    ],
    [
        0.06987712429686843,
        0.08267972847076846,
        0.05633673867912483,
        0.09757809372497497,
        0.09110862335695782,
        0.06629126073623882,
        0.04941058844013093,
        0.078125,
        0.10004881620988826,
        0.07654655446197431,
        0.10597390598633231,
        0.06987712429686843,
        0.11692679333668567,
        0.10364452469860624,
        0.10364452469860624,
        0.13975424859373686,
        0.08838834764831845,
        0.05633673867912483,
        0.07654655446197431,
        0.07493486755176124,
        0.06810779599282303,
        0.06629126073623882,
        0.09504316453590968,
        0.05182226234930312,
        0.05633673867912483,
        0.06051536478449089,
        0.0,
        0.071602745233685,
        0.08118988160479113,
        0.06629126073623882,
        0.06629126073623882,
        0.15625,
        0.07328774624724109,
        0.16237976320958225,
        0.038273277230987154,
        0.07493486755176124,
        0.07328774624724109,
        0.0625,
        0.08267972847076846,
        0.08267972847076846,
        0.09504316453590968,
        0.0924387466109315,
        0.12597277731716483,
        0.05412658773652741,
        0.071602745233685,
        0.071602745233685,
        0.08838834764831845,
        0.09110862335695782,
        0.24853083938416978
    ],
    [
        0.16755945773068137,
        0.05846339666834283,
        0.11048543456039805,
        0.15934435979977452,
        0.15467960838455727,
        0.034938562148434216,
        0.09882117688026186,
        0.12303137303143455,
        0.13621559198564606,
        0.027063293868263706,
        0.12979099785809492,
        0.10825317547305482,
        0.1753901900050285,
        0.16312978920172735,
        0.15309310892394862,
        0.18355218944485516,
        0.15068204314051492,
        0.07493486755176124,
        0.120017902310447,
        0.10364452469860624,
        0.038273277230987154,
        0.038273277230987154,
        0.14657549249448218,
        0.06051536478449089,
        0.04941058844013093,
        0.071602745233685,
        0.071602745233685,
        0.0,
        0.04941058844013093,
        0.05182226234930312,
        0.125,
        0.2013140426050801,
        0.05633673867912483,
        0.19515618744994995,
        0.078125,
        0.12401959270615269,
        0.07328774624724109,
        0.08838834764831845,
        0.14490028899212037,
        0.08699631816921909,
        0.0855816496101822,
        0.13621559198564606,
        0.1788362990978062,
        0.078125,
        0.05412658773652741,
        0.05846339666834283,
        0.07328774624724109,
        0.13975424859373686,
        0.23799290955824715
    ],
    [
        0.12303137303143455,
        0.04133986423538423,
        0.08267972847076846,
        0.125,
        0.14235052467412967,
        0.038273277230987154,
        0.10126157341262282,
        0.11587810136086973,
        0.14490028899212037,
        0.038273277230987154,
        0.13621559198564606,
        0.08118988160479113,
        0.16682934768798924,
        0.16461958988832404,
        0.1660960283239789,
        0.19136638615493579,
        0.13975424859373686,
        0.08118988160479113,
        0.09631896879639025,
        0.13531646934131855,
        0.038273277230987154,
        0.027063293868263706,
        0.15546678704790937,
        0.046875,
        0.04133986423538423,
        0.06629126073623882,
        0.08118988160479113,
        0.04941058844013093,
        0.0,
        0.04133986423538423,
        0.11899645477912357,
        0.1907274314958391,
        0.07493486755176124,
        0.20009763241977652,
        0.06810779599282303,
        0.12979099785809492,
        0.05846339666834283,
        0.07967217989988726,
        0.13621559198564606,
        0.11587810136086973,
        0.0625,
        0.15780476466190746,
        0.15467960838455727,
        0.071602745233685,
        0.04133986423538423,
        0.03125,
        0.04419417382415922,
        0.109375,
        0.2642427269576213
    ],
    [
        0.09504316453590968,
        0.038273277230987154,
        0.06629126073623882,
        0.09110862335695782,
        0.12401959270615269,
        0.034938562148434216,
        0.0897587913521567,
        0.10364452469860624,
        0.13441133229754104,
        0.04941058844013093,
        0.13799626353637262,
        0.06987712429686843,
        0.14740595518838442,
        0.16010860571811872,
        0.15625,
