[
    [
        0.0,
        0.027063293868263706,
        0.05412658773652741,
        0.11481983169296148,
        0.03125,
        0.02209708691207961,
        0.027063293868263706,
        0.071602745233685,
        0.10126157341262282,
        0.027063293868263706,
        0.02209708691207961,
        0.027063293868263706,
        0.038273277230987154,
        0.14657549249448218,
        0.027063293868263706,
        0.015625,
        0.02209708691207961,
        0.12401959270615269,
        0.05633673867912483,
        0.13258252147247765,
        0.046875,
        0.04067838372868051,
        0.027063293868263706,
        0.05412658773652741,
        0.14574029770451274,
        0.02209708691207961,
        0.10481568644530265,
        0.04419417382415922,
        0.03125,
        0.038273277230987154,
        0.027063293868263706,
        0.05182226234930312,
        0.071602745233685,
        0.027063293868263706,
        0.14490028899212037,
        0.06987712429686843,
        0.06629126073623882,
        0.06629126073623882,
        0.08699631816921909,
        0.10004881620988826,
        0.02209708691207961,
        0.027063293868263706,
        0.10597390598633231,
        0.04941058844013093,
        0.015625,
        0.046875,
        0.02209708691207961,
        0.06629126073623882,
        0.027063293868263706
    ],
    [
        0.027063293868263706,
        0.0,
        0.07328774624724109,
        0.12203515118604147,
        0.05182226234930312,
        0.02209708691207961,
        0.03125,
        0.08118988160479113,
        0.11796616305110547,
        0.0,
        0.015625,
        0.034938562148434216,
        0.0625,
        0.15934435979977452,
        0.015625,
        0.034938562148434216,
        0.05412658773652741,
        0.14149039278339715,
        0.07654655446197431,
        0.13258252147247765,
        0.07493486755176124,
        0.030369541118985963,
        0.04419417382415922,
        0.0625,
        0.1608692209529219,
        0.04133986423538423,
        0.12203515118604147,
        0.04133986423538423,
        0.04419417382415922,
        0.06051536478449089,
        0.034938562148434216,
        0.0625,
        0.08118988160479113,
        0.0,
        0.16682934768798924,
        0.08267972847076846,
        0.07967217989988726,
        0.08267972847076846,
        0.11048543456039805,
        0.12103072956898178,
        0.04419417382415922,
        0.0,
        0.11587810136086973,
        0.06051536478449089,
        0.03125,
        0.06810779599282303,
        0.015625,
        0.071602745233685,
        0.015625
    ],
    [
        0.05412658773652741,
        0.07328774624724109,
        0.0,
        0.071602745233685,
        0.034938562148434216,
        0.046875,
        0.05846339666834283,
        0.04419417382415922,
        0.07328774624724109,
        0.07328774624724109,
        0.06051536478449089,
        0.04419417382415922,
        0.04419417382415922,
        0.09631896879639025,
        0.05182226234930312,
        0.046875,
        0.04941058844013093,
        0.08267972847076846,
        0.04419417382415922,
        0.08267972847076846,
        0.03125,
        0.055365342774659626,
        0.03125,
        0.046875,
        0.10364452469860624,
        0.05182226234930312,
        0.06442352540027595,
        0.034938562148434216,
        0.046875,
        0.038273277230987154,
        0.04133986423538423,
        0.04419417382415922,
        0.04133986423538423,
        0.07328774624724109,
        0.109375,
        0.05846339666834283,
        0.04419417382415922,
        0.05633673867912483,
        0.04419417382415922,
        0.07493486755176124,
        0.05633673867912483,
        0.07328774624724109,
        0.05182226234930312,
        0.04133986423538423,
        0.038273277230987154,
        0.034938562148434216,
        0.0625,
        0.05846339666834283,
        0.05182226234930312
    ],
    [
        0.11481983169296148,
        0.12203515118604147,
        0.071602745233685,
        0.0,
        0.08267972847076846,
        0.09631896879639025,
        0.09504316453590968,
        0.06629126073623882,
        0.046875,
        0.12203515118604147,
        0.09757809372497497,
        0.10481568644530265,
        0.0625,
        0.04419417382415922,
        0.1137517170200081,
        0.10711960313126631,
        0.08414320011147662,
        0.0897587913521567,
        0.071602745233685,
        0.06051536478449089,
        0.07967217989988726,
        0.0815233116796798,
        0.08414320011147662,
        0.05633673867912483,
        0.09375,
        0.08838834764831845,
        0.0855816496101822,
        0.07328774624724109,
        0.07967217989988726,
        0.05846339666834283,
        0.078125,
        0.06810779599282303,
        0.07493486755176124,
        0.12203515118604147,
        0.09757809372497497,
        0.046875,
        0.04419417382415922,
        0.09375,
        0.06629126073623882,
        0.034938562148434216,
        0.08414320011147662,
        0.12203515118604147,
        0.07967217989988726,
        0.09757809372497497,
        0.0924387466109315,
        0.06987712429686843,
        0.10245997694221876,
        0.05182226234930312,
        0.10364452469860624
    ],
    [
        0.03125,
        0.05182226234930312,
        0.034938562148434216,
        0.08267972847076846,
        0.0,
        0.03125,
        0.04941058844013093,
        0.05412658773652741,
        0.08118988160479113,
        0.05182226234930312,
        0.046875,
        0.038273277230987154,
        0.03125,
        0.11692679333668567,
        0.038273277230987154,
        0.027063293868263706,
        0.038273277230987154,
        0.0924387466109315,
        0.05182226234930312,
        0.09504316453590968,
        0.04133986423538423,
        0.04716346426113238,
        0.027063293868263706,
        0.04133986423538423,
        0.1137517170200081,
        0.03125,
        0.08414320011147662,
        0.034938562148434216,
        0.034938562148434216,
        0.04419417382415922,
        0.038273277230987154,
        0.038273277230987154,
        0.05412658773652741,
        0.05182226234930312,
        0.11481983169296148,
        0.05633673867912483,
        0.04133986423538423,
        0.05846339666834283,
        0.0625,
        0.08267972847076846,
        0.04133986423538423,
        0.05182226234930312,
        0.071602745233685,
        0.038273277230987154,
        0.02209708691207961,
        0.034938562148434216,
        0.046875,
        0.05412658773652741,
        0.038273277230987154
    ],
    [
        0.02209708691207961,
        0.02209708691207961,
        0.046875,
        0.09631896879639025,
        0.03125,
        0.0,
        0.02209708691207961,
        0.06051536478449089,
        0.09757809372497497,
        0.02209708691207961,
        0.015625,
        0.015625,
        0.04419417382415922,
        0.1288470508005519,
        0.015625,
        0.015625,
        0.03125,
        0.11048543456039805,
        0.05633673867912483,
        0.10825317547305482,
        0.034938562148434216,
        0.030369541118985963,
        0.027063293868263706,
        0.05412658773652741,
        0.1269381000724369,
        0.02209708691207961,
        0.09110862335695782,
        0.027063293868263706,
        0.027063293868263706,
        0.038273277230987154,
        0.015625,
        0.038273277230987154,
        0.06051536478449089,
        0.02209708691207961,
        0.13887803777055607,
        0.06810779599282303,
        0.05846339666834283,
        0.05633673867912483,
        0.078125,
        0.09631896879639025,
        0.027063293868263706,
        0.02209708691207961,
        0.08118988160479113,
        0.038273277230987154,
        0.02209708691207961,
        0.04133986423538423,
        0.015625,
        0.05846339666834283,
        0.015625
    ],
    [
        0.027063293868263706,
        0.03125,
        0.05846339666834283,
        0.09504316453590968,
        0.04941058844013093,
        0.02209708691207961,
        0.0,
        0.06810779599282303,
        0.09504316453590968,
        0.03125,
        0.015625,
        0.015625,
        0.05412658773652741,
        0.12401959270615269,
        0.034938562148434216,
        0.034938562148434216,
        0.03125,
        0.13887803777055607,
        0.05412658773652741,
        0.10711960313126631,
        0.05633673867912483,
        0.03755782578608324,
        0.03125,
        0.05412658773652741,
        0.10597390598633231,
        0.027063293868263706,
        0.09882117688026186,
        0.038273277230987154,
        0.03125,
        0.04133986423538423,
        0.015625,
        0.04419417382415922,
        0.07493486755176124,
        0.03125,
        0.12789613706050704,
        0.05412658773652741,
        0.06442352540027595,
        0.07654655446197431,
        0.07493486755176124,
        0.08699631816921909,
        0.03125,
        0.03125,
        0.10481568644530265,
        0.06051536478449089,
        0.03125,
        0.06051536478449089,
        0.015625,
        0.05633673867912483,
        0.034938562148434216
    ],
    [
        0.071602745233685,
        0.08118988160479113,
        0.04419417382415922,
        0.06629126073623882,
        0.05412658773652741,
        0.06051536478449089,
        0.06810779599282303,
        0.0,
        0.06442352540027595,
        0.08118988160479113,
        0.06987712429686843,
        0.05633673867912483,
        0.05846339666834283,
        0.08118988160479113,
        0.06442352540027595,
        0.0625,
        0.06810779599282303,
        0.06051536478449089,
        0.046875,
        0.071602745233685,
        0.04941058844013093,
        0.061184063148285055,
        0.05182226234930312,
        0.038273277230987154,
        0.08118988160479113,
        0.06810779599282303,
        0.04419417382415922,
        0.04419417382415922,
        0.05412658773652741,
        0.05182226234930312,
        0.05633673867912483,
        0.06051536478449089,
        0.046875,
        0.08118988160479113,
        0.0897587913521567,
        0.0625,
        0.04941058844013093,
        0.046875,
        0.038273277230987154,
        0.071602745233685,
        0.06442352540027595,
        0.08118988160479113,
        0.04133986423538423,
        0.05182226234930312,
        0.05412658773652741,
        0.04133986423538423,
        0.071602745233685,
        0.04941058844013093,
        0.06442352540027595
    ],
    [
        0.10126157341262282,
        0.11796616305110547,
        0.07328774624724109,
        0.046875,
        0.08118988160479113,
        0.09757809372497497,
        0.09504316453590968,
        0.06442352540027595,
        0.0,
        0.11796616305110547,
        0.10481568644530265,
        0.08838834764831845,
        0.07328774624724109,
        0.06442352540027595,
        0.10004881620988826,
        0.10004881620988826,
        0.0924387466109315,
        0.10711960313126631,
        0.05633673867912483,
        0.06442352540027595,
        0.07654655446197431,
        0.09432692852226475,
        0.08118988160479113,
        0.06810779599282303,
        0.10825317547305482,
        0.09504316453590968,
        0.06629126073623882,
        0.07967217989988726,
        0.07654655446197431,
        0.06629126073623882,
        0.08838834764831845,
        0.07967217989988726,
        0.078125,
        0.11796616305110547,
        0.09110862335695782,
        0.06442352540027595,
        0.04941058844013093,
        0.09757809372497497,
        0.06987712429686843,
        0.04941058844013093,
        0.09110862335695782,
        0.11796616305110547,
        0.078125,
        0.09757809372497497,
        0.0924387466109315,
        0.07967217989988726,
        0.10481568644530265,
        0.06442352540027595,
        0.10004881620988826
    ],
    [
        0.027063293868263706,
        0.0,
        0.07328774624724109,
        0.12203515118604147,
        0.05182226234930312,
        0.02209708691207961,
        0.03125,
        0.08118988160479113,
        0.11796616305110547,
        0.0,
        0.015625,
        0.034938562148434216,
        0.0625,
        0.15934435979977452,
        0.015625,
        0.034938562148434216,
        0.05412658773652741,
        0.14149039278339715,
        0.07654655446197431,
        0.1335000585205864,
        0.07493486755176124,
        0.030369541118985963,
        0.04419417382415922,
        0.0625,
        0.1608692209529219,
        0.04133986423538423,
        0.12203515118604147,
        0.04133986423538423,
        0.04419417382415922,
        0.06051536478449089,
        0.034938562148434216,
        0.0625,
        0.08118988160479113,
        0.0,
        0.16682934768798924,
        0.08267972847076846,
        0.07967217989988726,
        0.08267972847076846,
        0.11048543456039805,
        0.12103072956898178,
        0.04419417382415922,
        0.0,
        0.11587810136086973,
        0.06051536478449089,
        0.03125,
        0.06810779599282303,
        0.015625,
        0.071602745233685,
        0.015625
    ],
    [
        0.02209708691207961,
        0.015625,
        0.06051536478449089,
        0.09757809372497497,
        0.046875,
        0.015625,
        0.015625,
        0.06987712429686843,
        0.10481568644530265,
        0.015625,
        0.0,
        0.02209708691207961,
        0.04419417382415922,
        0.12789613706050704,
        0.02209708691207961,
        0.027063293868263706,
        0.03125,
        0.13975424859373686,
        0.06051536478449089,
        0.11587810136086973,
        0.0625,
        0.026041666666666696,
        0.034938562148434216,
        0.05633673867912483,
        0.12597277731716483,
        0.02209708691207961,
        0.10597390598633231,
        0.034938562148434216,
        0.02209708691207961,
        0.04133986423538423,
        0.02209708691207961,
        0.04133986423538423,
        0.07493486755176124,
        0.015625,
        0.14657549249448218,
        0.06629126073623882,
        0.07328774624724109,
        0.06987712429686843,
        0.08267972847076846,
        0.09631896879639025,
        0.027063293868263706,
        0.015625,
        0.10126157341262282,
        0.05846339666834283,
        0.027063293868263706,
        0.06051536478449089,
        0.0,
        0.05846339666834283,
        0.02209708691207961
    ],
    [
        0.027063293868263706,
        0.034938562148434216,
        0.04419417382415922,
        0.10481568644530265,
        0.038273277230987154,
        0.015625,
        0.015625,
        0.05633673867912483,
        0.08838834764831845,
        0.034938562148434216,
        0.02209708691207961,
        0.0,
        0.04419417382415922,
        0.13710881855300192,
        0.03125,
        0.027063293868263706,
        0.03125,
        0.11587810136086973,
        0.046875,
        0.11481983169296148,
        0.034938562148434216,
        0.04629267925685204,
        0.02209708691207961,
        0.05182226234930312,
        0.11587810136086973,
        0.027063293868263706,
        0.0855816496101822,
        0.038273277230987154,
        0.034938562148434216,
        0.038273277230987154,
        0.0,
        0.046875,
        0.06051536478449089,
        0.034938562148434216,
        0.1288470508005519,
        0.05633673867912483,
        0.0625,
        0.06051536478449089,
        0.07328774624724109,
        0.09110862335695782,
        0.03125,
        0.034938562148434216,
        0.09631896879639025,
        0.04133986423538423,
        0.027063293868263706,
        0.04133986423538423,
        0.02209708691207961,
        0.06051536478449089,
        0.03125
    ],
    [
        0.038273277230987154,
        0.0625,
        0.04419417382415922,
        0.0625,
        0.03125,
        0.04419417382415922,
        0.05412658773652741,
        0.05846339666834283,
        0.07328774624724109,
        0.0625,
        0.04419417382415922,
        0.04419417382415922,
        0.0,
        0.08267972847076846,
        0.046875,
        0.04133986423538423,
        0.038273277230987154,
        0.109375,
        0.04941058844013093,
        0.07328774624724109,
        0.05182226234930312,
        0.03645833333333332,
        0.04133986423538423,
        0.034938562148434216,
        0.09110862335695782,
        0.04133986423538423,
        0.08414320011147662,
        0.034938562148434216,
        0.03125,
        0.04419417382415922,
        0.04419417382415922,
        0.03125,
        0.05633673867912483,
        0.0625,
        0.09882117688026186,
        0.05412658773652741,
        0.04419417382415922,
        0.07654655446197431,
        0.04941058844013093,
        0.07328774624724109,
        0.038273277230987154,
        0.0625,
        0.07328774624724109,
        0.06051536478449089,
        0.04133986423538423,
        0.05412658773652741,
        0.04419417382415922,
        0.03125,
        0.046875
    ],
    [
        0.14657549249448218,
        0.15934435979977452,
        0.09631896879639025,
        0.04419417382415922,
        0.11692679333668567,
        0.1288470508005519,
        0.12401959270615269,
        0.08118988160479113,
        0.06442352540027595,
        0.15934435979977452,
        0.12789613706050704,
        0.13710881855300192,
        0.08267972847076846,
        0.0,
        0.15309310892394862,
        0.14149039278339715,
        0.11048543456039805,
        0.15780476466190746,
        0.09375,
        0.06629126073623882,
        0.10481568644530265,
        0.10298812465252695,
        0.11481983169296148,
        0.06810779599282303,
        0.0625,
        0.120017902310447,
        0.09504316453590968,
        0.0897587913521567,
        0.10597390598633231,
        0.08118988160479113,
        0.09504316453590968,
        0.09631896879639025,
        0.08838834764831845,
        0.15934435979977452,
        0.09375,
        0.0625,
        0.08118988160479113,
        0.13441133229754104,
        0.071602745233685,
        0.06051536478449089,
        0.11048543456039805,
        0.15934435979977452,
        0.0924387466109315,
        0.140625,
        0.12401959270615269,
        0.12203515118604147,
        0.13258252147247765,
        0.06629126073623882,
        0.13975424859373686
    ],
    [
        0.027063293868263706,
        0.015625,
        0.05182226234930312,
        0.1137517170200081,
        0.038273277230987154,
        0.015625,
        0.034938562148434216,
        0.06442352540027595,
        0.10004881620988826,
        0.015625,
        0.02209708691207961,
        0.03125,
        0.046875,
        0.15309310892394862,
        0.0,
        0.027063293868263706,
        0.04419417382415922,
        0.11267347735824966,
        0.06051536478449089,
        0.1269381000724369,
        0.038273277230987154,
        0.03415332564740627,
        0.03125,
        0.05633673867912483,
        0.1514899955442603,
        0.027063293868263706,
        0.10481568644530265,
        0.034938562148434216,
        0.027063293868263706,
        0.04419417382415922,
        0.03125,
        0.05182226234930312,
        0.0625,
        0.015625,
        0.14574029770451274,
        0.06987712429686843,
        0.06629126073623882,
        0.06051536478449089,
        0.0897587913521567,
        0.10597390598633231,
        0.038273277230987154,
        0.015625,
        0.09504316453590968,
        0.04133986423538423,
        0.027063293868263706,
        0.04419417382415922,
        0.02209708691207961,
        0.071602745233685,
        0.0
    ],
    [
        0.015625,
        0.034938562148434216,
        0.046875,
        0.10711960313126631,
        0.027063293868263706,
        0.015625,
        0.034938562148434216,
        0.0625,
        0.10004881620988826,
        0.034938562148434216,
        0.027063293868263706,
        0.027063293868263706,
        0.04133986423538423,
        0.14149039278339715,
        0.027063293868263706,
        0.0,
        0.027063293868263706,
        0.1137517170200081,
        0.05633673867912483,
        0.11796616305110547,
        0.038273277230987154,
        0.04357604304864979,
        0.02209708691207961,
        0.05182226234930312,
        0.13710881855300192,
        0.027063293868263706,
        0.0924387466109315,
        0.038273277230987154,
        0.034938562148434216,
        0.034938562148434216,
        0.027063293868263706,
        0.046875,
        0.0625,
        0.034938562148434216,
        0.14149039278339715,
        0.071602745233685,
        0.05846339666834283,
        0.05633673867912483,
        0.07967217989988726,
        0.09757809372497497,
        0.027063293868263706,
        0.034938562148434216,
        0.0924387466109315,
        0.034938562148434216,
        0.015625,
        0.038273277230987154,
        0.027063293868263706,
        0.0625,
        0.027063293868263706
    ],
    [
        0.02209708691207961,
        0.05412658773652741,
        0.04941058844013093,
        0.08414320011147662,
        0.038273277230987154,
        0.03125,
        0.03125,
        0.06810779599282303,
        0.0924387466109315,
        0.05412658773652741,
        0.03125,
        0.03125,
        0.038273277230987154,
        0.11048543456039805,
        0.04419417382415922,
        0.027063293868263706,
        0.0,
        0.12303137303143455,
        0.04941058844013093,
        0.10126157341262282,
        0.046875,
        0.04000596743681569,
        0.034938562148434216,
        0.05633673867912483,
        0.10126157341262282,
        0.03125,
        0.0897587913521567,
        0.034938562148434216,
        0.03125,
        0.04133986423538423,
        0.03125,
        0.034938562148434216,
        0.071602745233685,
        0.05412658773652741,
        0.12789613706050704,
        0.0625,
        0.05412658773652741,
        0.06810779599282303,
        0.07328774624724109,
        0.08699631816921909,
        0.015625,
        0.05412658773652741,
        0.08838834764831845,
        0.05412658773652741,
        0.027063293868263706,
        0.04941058844013093,
        0.03125,
        0.05412658773652741,
        0.04419417382415922
    ],
    [
        0.12401959270615269,
        0.14149039278339715,
        0.08267972847076846,
        0.0897587913521567,
        0.0924387466109315,
        0.11048543456039805,
        0.13887803777055607,
        0.06051536478449089,
        0.10711960313126631,
        0.14149039278339715,
        0.13975424859373686,
        0.11587810136086973,
        0.109375,
        0.15780476466190746,
        0.11267347735824966,
        0.1137517170200081,
        0.12303137303143455,
        0.0,
        0.11692679333668567,
        0.0897587913521567,
        0.0897587913521567,
        0.1357168147999519,
        0.11048543456039805,
        0.11048543456039805,
        0.10711960313126631,
        0.10597390598633231,
        0.06629126073623882,
        0.10711960313126631,
        0.11481983169296148,
        0.11481983169296148,
        0.11267347735824966,
        0.10004881620988826,
        0.06442352540027595,
        0.14149039278339715,
        0.120017902310447,
        0.11899645477912357,
        0.071602745233685,
        0.05412658773652741,
        0.0897587913521567,
        0.10364452469860624,
        0.12979099785809492,
        0.14149039278339715,
        0.05412658773652741,
        0.06629126073623882,
        0.11158481919598204,
        0.06987712429686843,
        0.140625,
        0.12789613706050704,
        0.11267347735824966
    ],
    [
        0.05633673867912483,
        0.07654655446197431,
        0.04419417382415922,
        0.071602745233685,
        0.05182226234930312,
        0.05633673867912483,
        0.05412658773652741,
        0.046875,
        0.05633673867912483,
        0.07654655446197431,
        0.06051536478449089,
        0.046875,
        0.04941058844013093,
        0.09375,
        0.06051536478449089,
        0.05633673867912483,
        0.04941058844013093,
        0.11692679333668567,
        0.0,
        0.07493486755176124,
        0.05182226234930312,
        0.05681620893039434,
        0.046875,
        0.04941058844013093,
        0.07967217989988726,
        0.05182226234930312,
        0.071602745233685,
        0.04133986423538423,
        0.046875,
        0.034938562148434216,
        0.046875,
        0.04133986423538423,
        0.06442352540027595,
        0.07654655446197431,
        0.09757809372497497,
        0.04419417382415922,
        0.04133986423538423,
        0.06629126073623882,
        0.05412658773652741,
        0.06810779599282303,
        0.04941058844013093,
        0.07654655446197431,
        0.07328774624724109,
        0.06442352540027595,
        0.05182226234930312,
        0.05633673867912483,
        0.06051536478449089,
        0.04133986423538423,
        0.06051536478449089
    ],
    [
        0.13258252147247765,
        0.13258252147247765,
        0.08267972847076846,
        0.06051536478449089,
        0.09504316453590968,
        0.10825317547305482,
        0.10711960313126631,
        0.071602745233685,
        0.06442352540027595,
        0.1335000585205864,
        0.11587810136086973,
        0.11481983169296148,
        0.07328774624724109,
        0.06629126073623882,
        0.1269381000724369,
        0.11796616305110547,
        0.10126157341262282,
        0.0897587913521567,
        0.07493486755176124,
        0.0,
        0.0897587913521567,
        0.0927317386185669,
        0.10245997694221876,
        0.0625,
        0.05412658773652741,
        0.10597390598633231,
        0.08699631816921909,
        0.07967217989988726,
        0.09375,
        0.08414320011147662,
        0.09110862335695782,
        0.08267972847076846,
        0.06810779599282303,
        0.13258252147247765,
        0.05412658773652741,
        0.06629126073623882,
        0.07328774624724109,
        0.10825317547305482,
        0.06442352540027595,
        0.07654655446197431,
        0.10004881620988826,
        0.13258252147247765,
        0.06987712429686843,
        0.109375,
        0.10825317547305482,
        0.0897587913521567,
        0.11899645477912357,
        0.06629126073623882,
        0.11048543456039805
    ],
    [
        0.046875,
        0.07493486755176124,
        0.03125,
        0.07967217989988726,
        0.04133986423538423,
        0.034938562148434216,
        0.05633673867912483,
        0.04941058844013093,
        0.07654655446197431,
        0.07493486755176124,
        0.0625,
        0.034938562148434216,
        0.05182226234930312,
        0.10481568644530265,
        0.038273277230987154,
        0.038273277230987154,
        0.046875,
        0.0897587913521567,
        0.05182226234930312,
        0.0897587913521567,
        0.0,
        0.059612099699268735,
        0.034938562148434216,
        0.05846339666834283,
        0.10481568644530265,
        0.04419417382415922,
        0.06987712429686843,
        0.038273277230987154,
        0.04133986423538423,
        0.04133986423538423,
        0.034938562148434216,
        0.046875,
        0.05846339666834283,
        0.07493486755176124,
        0.12103072956898178,
        0.06051536478449089,
        0.04941058844013093,
        0.04419417382415922,
        0.05182226234930312,
        0.08118988160479113,
        0.046875,
        0.07493486755176124,
        0.04941058844013093,
        0.034938562148434216,
        0.04133986423538423,
        0.03125,
        0.0625,
        0.06051536478449089,
        0.038273277230987154
    ],
    [
        0.04067838372868051,
        0.030369541118985963,
        0.055365342774659626,
        0.0815233116796798,
        0.04716346426113238,
        0.030369541118985963,
        0.03755782578608324,
        0.061184063148285055,
        0.09432692852226475,
        0.030369541118985963,
        0.026041666666666696,
        0.04629267925685204,
        0.03645833333333332,
        0.10298812465252695,
        0.03415332564740627,
        0.04357604304864979,
        0.04000596743681569,
        0.1357168147999519,
        0.05681620893039434,
        0.0927317386185669,
        0.059612099699268735,
        0.0,
        0.04357604304864979,
        0.043576043048649746,
        0.10364452469860615,
        0.04067838372868051,
        0.10085894130748481,
        0.02755990949025616,
        0.03168105484530323,
        0.04480377743251369,
        0.03415332564740627,
        0.03415332564740626,
        0.06948783366732464,
        0.030369541118985963,
        0.12401959270615262,
        0.0560954667409844,
        0.06909634979907084,
        0.07457198470456436,
        0.06463371690620233,
        0.09051118331761857,
        0.03755782578608324,
        0.030369541118985963,
        0.08637043724883854,
        0.06400107149710682,
        0.03415332564740627,
        0.06400107149710682,
        0.030369541118985963,
        0.03791723900666933,
        0.03415332564740627
    ],
    [
        0.027063293868263706,
        0.04419417382415922,
        0.03125,
        0.08414320011147662,
        0.027063293868263706,
        0.027063293868263706,
        0.03125,
        0.05182226234930312,
        0.08118988160479113,
        0.04419417382415922,
        0.034938562148434216,
        0.02209708691207961,
        0.04133986423538423,
        0.11481983169296148,
        0.03125,
        0.02209708691207961,
        0.034938562148434216,
        0.11048543456039805,
        0.046875,
        0.10245997694221876,
        0.034938562148434216,
        0.04357604304864979,
        0.0,
        0.05182226234930312,
        0.11048543456039805,
        0.03125,
        0.08267972847076846,
        0.03125,
        0.03125,
        0.03125,
        0.02209708691207961,
        0.034938562148434216,
        0.06442352540027595,
        0.04419417382415922,
        0.125,
        0.05412658773652741,
        0.04133986423538423,
        0.05412658773652741,
        0.0625,
        0.08267972847076846,
        0.038273277230987154,
        0.04419417382415922,
        0.07654655446197431,
        0.04133986423538423,
        0.015625,
        0.04133986423538423,
        0.034938562148434216,
        0.05182226234930312,
        0.03125
    ],
    [
        0.05412658773652741,
        0.0625,
        0.046875,
        0.05633673867912483,
        0.04133986423538423,
        0.05412658773652741,
        0.05412658773652741,
        0.038273277230987154,
        0.06810779599282303,
        0.0625,
        0.05633673867912483,
        0.05182226234930312,
        0.034938562148434216,
        0.06810779599282303,
        0.05633673867912483,
        0.05182226234930312,
        0.05633673867912483,
        0.11048543456039805,
        0.04941058844013093,
        0.0625,
        0.05846339666834283,
        0.043576043048649746,
        0.05182226234930312,
        0.0,
        0.05846339666834283,
        0.05633673867912483,
        0.07328774624724109,
        0.04133986423538423,
        0.038273277230987154,
        0.05633673867912483,
        0.05182226234930312,
        0.04133986423538423,
        0.04419417382415922,
        0.0625,
        0.0855816496101822,
        0.04419417382415922,
        0.05633673867912483,
        0.071602745233685,
        0.05182226234930312,
        0.07654655446197431,
        0.05633673867912483,
        0.0625,
        0.06442352540027595,
        0.0625,
        0.04941058844013093,
        0.06051536478449089,
        0.05633673867912483,
        0.038273277230987154,
        0.05633673867912483
    ],
    [
        0.14574029770451274,
        0.1608692209529219,
        0.10364452469860624,
        0.09375,
        0.1137517170200081,
        0.1269381000724369,
        0.10597390598633231,
        0.08118988160479113,
        0.10825317547305482,
        0.1608692209529219,
        0.12597277731716483,
        0.11587810136086973,
        0.09110862335695782,
        0.0625,
        0.1514899955442603,
        0.13710881855300192,
        0.10126157341262282,
        0.10711960313126631,
        0.07967217989988726,
        0.05412658773652741,
        0.10481568644530265,
        0.10364452469860615,
        0.11048543456039805,
        0.05846339666834283,
        0.0,
        0.1137517170200081,
        0.10711960313126631,
        0.08414320011147662,
        0.10126157341262282,
        0.08118988160479113,
        0.0924387466109315,
        0.09631896879639025,
        0.078125,
        0.1608692209529219,
        0.06629126073623882,
        0.06629126073623882,
        0.09375,
        0.12303137303143455,
        0.071602745233685,
        0.10711960313126631,
        0.10126157341262282,
        0.1608692209529219,
        0.0924387466109315,
        0.11692679333668567,
        0.12597277731716483,
        0.0924387466109315,
        0.12979099785809492,
        0.05633673867912483,
        0.1307281291459493
    ],
    [
        0.02209708691207961,
        0.04133986423538423,
        0.05182226234930312,
        0.08838834764831845,
        0.03125,
        0.02209708691207961,
        0.027063293868263706,
        0.06810779599282303,
        0.09504316453590968,
        0.04133986423538423,
        0.02209708691207961,
        0.027063293868263706,
        0.04133986423538423,
        0.120017902310447,
        0.027063293868263706,
        0.027063293868263706,
        0.03125,
        0.10597390598633231,
        0.05182226234930312,
        0.10597390598633231,
        0.04419417382415922,
        0.04067838372868051,
        0.03125,
        0.05633673867912483,
        0.1137517170200081,
        0.0,
        0.09631896879639025,
        0.034938562148434216,
        0.03125,
        0.027063293868263706,
        0.027063293868263706,
        0.034938562148434216,
        0.071602745233685,
        0.04133986423538423,
        0.12597277731716483,
        0.06051536478449089,
        0.04941058844013093,
        0.06629126073623882,
        0.071602745233685,
        0.08267972847076846,
        0.02209708691207961,
        0.04133986423538423,
        0.08838834764831845,
        0.05412658773652741,
        0.027063293868263706,
        0.04133986423538423,
        0.02209708691207961,
        0.05633673867912483,
        0.027063293868263706
    ],
    [
        0.10481568644530265,
        0.12203515118604147,
        0.06442352540027595,
        0.0855816496101822,
        0.08414320011147662,
        0.09110862335695782,
        0.09882117688026186,
        0.04419417382415922,
        0.06629126073623882,
        0.12203515118604147,
        0.10597390598633231,
        0.0855816496101822,
        0.08414320011147662,
        0.09504316453590968,
        0.10481568644530265,
        0.0924387466109315,
        0.0897587913521567,
        0.06629126073623882,
        0.071602745233685,
        0.08699631816921909,
        0.06987712429686843,
        0.10085894130748481,
        0.08267972847076846,
        0.07328774624724109,
        0.10711960313126631,
        0.09631896879639025,
        0.0,
        0.07654655446197431,
        0.09504316453590968,
        0.06810779599282303,
        0.078125,
        0.0855816496101822,
        0.05412658773652741,
        0.12203515118604147,
        0.11158481919598204,
        0.0897587913521567,
        0.07328774624724109,
        0.05633673867912483,
        0.06051536478449089,
        0.08699631816921909,
        0.09631896879639025,
        0.12203515118604147,
        0.0625,
        0.07328774624724109,
        0.08699631816921909,
        0.06629126073623882,
        0.10711960313126631,
        0.08699631816921909,
        0.09757809372497497
    ],
    [
        0.04419417382415922,
        0.04133986423538423,
        0.034938562148434216,
        0.07328774624724109,
        0.034938562148434216,
        0.027063293868263706,
        0.038273277230987154,
        0.04419417382415922,
        0.07967217989988726,
        0.04133986423538423,
        0.034938562148434216,
        0.038273277230987154,
        0.034938562148434216,
        0.0897587913521567,
        0.034938562148434216,
        0.038273277230987154,
        0.034938562148434216,
        0.10711960313126631,
        0.04133986423538423,
        0.07967217989988726,
        0.038273277230987154,
        0.02755990949025616,
        0.03125,
        0.04133986423538423,
        0.08414320011147662,
        0.034938562148434216,
        0.07654655446197431,
        0.0,
        0.027063293868263706,
        0.03125,
        0.015625,
        0.03125,
        0.05412658773652741,
        0.04133986423538423,
        0.11158481919598204,
        0.04941058844013093,
        0.05182226234930312,
        0.06051536478449089,
        0.05412658773652741,
        0.08414320011147662,
        0.034938562148434216,
        0.04133986423538423,
        0.06629126073623882,
        0.046875,
        0.03125,
        0.04419417382415922,
        0.038273277230987154,
        0.034938562148434216,
        0.034938562148434216
    ],
    [
        0.03125,
        0.04419417382415922,
        0.046875,
        0.07967217989988726,
        0.034938562148434216,
        0.027063293868263706,
        0.03125,
        0.05412658773652741,
        0.07654655446197431,
        0.04419417382415922,
        0.02209708691207961,
        0.034938562148434216,
        0.03125,
        0.10597390598633231,
        0.027063293868263706,
        0.034938562148434216,
        0.03125,
        0.11481983169296148,
        0.046875,
        0.09375,
        0.04133986423538423,
        0.03168105484530323,
        0.03125,
        0.038273277230987154,
        0.10126157341262282,
        0.03125,
        0.09504316453590968,
        0.027063293868263706,
        0.0,
        0.04133986423538423,
        0.03125,
        0.03125,
        0.06442352540027595,
        0.04419417382415922,
        0.1137517170200081,
        0.046875,
        0.04419417382415922,
        0.06987712429686843,
        0.06051536478449089,
        0.08414320011147662,
        0.03125,
        0.04419417382415922,
        0.07967217989988726,
        0.06051536478449089,
        0.03125,
        0.04941058844013093,
        0.02209708691207961,
        0.04133986423538423,
        0.027063293868263706
    ],
    [
        0.038273277230987154,
        0.06051536478449089,
        0.038273277230987154,
        0.05846339666834283,
        0.04419417382415922,
        0.038273277230987154,
        0.04133986423538423,
        0.05182226234930312,
        0.06629126073623882,
        0.06051536478449089,
        0.04133986423538423,
        0.038273277230987154,
        0.04419417382415922,
        0.08118988160479113,
        0.04419417382415922,
        0.034938562148434216,
        0.04133986423538423,
        0.11481983169296148,
        0.034938562148434216,
        0.08414320011147662,
        0.04133986423538423,
        0.04480377743251369,
        0.03125,
        0.05633673867912483,
        0.08118988160479113,
        0.027063293868263706,
        0.06810779599282303,
        0.03125,
        0.04133986423538423,
        0.0,
        0.038273277230987154,
        0.04133986423538423,
        0.0625,
        0.06051536478449089,
        0.11587810136086973,
        0.04133986423538423,
        0.04419417382415922,
        0.05633673867912483,
        0.046875,
        0.06051536478449089,
        0.038273277230987154,
        0.06051536478449089,
        0.06810779599282303,
        0.04941058844013093,
        0.038273277230987154,
        0.046875,
        0.04133986423538423,
        0.04133986423538423,
        0.04419417382415922
    ],
    [
        0.027063293868263706,
        0.034938562148434216,
