[
    [
        0.0,
        0.8842441716528534,
        0.401289375968647,
        0.795595336069481,
        0.9995215692254664,
        0.8264597475290096,
        0.6034551874541357,
        0.7686411648895808,
        0.753393682490321,
        0.8764565137005733,
        0.4385010413503099,
        0.7871334585905068,
        0.9330250341152238,
        1.1289951736127202,
        1.2378233446873836,
        0.783885859558856,
        1.0949792654825636,
        0.8846047197500597,
        0.7497873848291792,
        0.7043958186898578,
        0.7844958084460285,
        0.6206481141779561,
        0.5638447644231052,
        0.7814413031086095,
        0.8225923433057872,
        0.7323605948003529,
        0.549234160686775,
        0.676689118624872,
        0.641118681107723,
        0.590366973386305,
        0.5200078492343227,
        0.5348206832811406,
        0.8130394598451579,
        0.793745034087346,
        0.6648039453209387,
        0.8037698167804929,
        0.5351187165632749,
        0.5348206832811406,
        0.5772582098301647,
        0.9211585983234951,
        0.48903799777246976,
        0.6544100786360247,
        0.6034551874541357,
        0.8104861227078727,
        0.653678757775826,
        0.7348478871396175,
        0.8253014291636674,
        0.5200078492343227,
        0.8506075259867538,
        0.6252550500004141
    ],
    [
        0.8842441716528534,
        0.0,
        0.8385254915624212,
        0.7603453162872774,
        0.8838834764831844,
        0.5863019699779287,
        0.625,
        0.6095307849303248,
        0.673145600891813,
        0.7905694150420949,
        0.7905694150420949,
        0.6123724356957945,
        0.6959705453537527,
        0.9233092656309694,
        0.770551750371122,
        0.7071067811865476,
        0.82915619758885,
        0.625,
        0.6959705453537527,
        0.625,
        0.7603453162872774,
        0.5994789404140899,
        0.6614378277661477,
        0.673145600891813,
        0.7071067811865476,
        0.5303300858899106,
        0.770551750371122,
        0.6123724356957945,
        0.6373774391990981,
        0.6959705453537527,
        0.673145600891813,
        0.673145600891813,
        0.6614378277661477,
        0.7132184486926537,
        0.8660254037844386,
        0.6959705453537527,
        0.6614378277661477,
        0.6614378277661477,
        0.5863019699779287,
        0.673145600891813,
        0.7806247497997998,
        0.5863019699779287,
        0.6846531968814576,
        0.6846531968814576,
        0.6123724356957945,
        0.9307628293203616,
        0.673145600891813,
        0.7071067811865476,
        0.5448623679425842,
        0.8660254037844386
    ],
    [
        0.401289375968647,
        0.8385254915624212,
        0.0,
        0.82915619758885,
        1.0307764064044151,
        0.82915619758885,
        0.57282196186948,
        0.7264831572567789,
        0.8100925873009825,
        0.9437293044088437,
        0.375,
        0.75,
        0.9100137361600648,
        1.182951816432098,
        1.2562344526401112,
        0.81967981553775,
        1.0968705484240153,
        0.875,
        0.625,
        0.7288689868556626,
        0.875,
        0.57282196186948,
        0.5,
        0.8003905296791061,
        0.75,
        0.673145600891813,
        0.5590169943749475,
        0.5590169943749475,
        0.57282196186948,
        0.5590169943749475,
        0.4841229182759271,
        0.46770717334674267,
        0.7905694150420949,
        0.8207381501496754,
        0.75,
        0.81967981553775,
        0.4841229182759271,
        0.5,
        0.5153882032022076,
        0.8660254037844386,
        0.4330127018922193,
        0.6959705453537527,
        0.5448623679425842,
        0.8569568250501305,
        0.57282196186948,
        0.8239049972202163,
        0.8003905296791061,
        0.5448623679425842,
        0.8003905296791061,
        0.6959705453537527
    ],
    [
        0.795595336069481,
        0.7603453162872774,
        0.82915619758885,
        0.0,
        0.9270248108869579,
        0.6614378277661477,
        0.6846531968814576,
        0.5965758776365148,
        0.770551750371122,
        0.7603453162872774,
        0.7603453162872774,
        0.7071067811865476,
        0.8003905296791061,
        0.8474225628339146,
        0.9354143466934853,
        0.6846531968814576,
        0.739509972887452,
        0.5448623679425842,
        0.6123724356957945,
        0.6959705453537527,
        0.7806247497997998,
        0.5994789404140899,
        0.6614378277661477,
        0.6846531968814576,
        0.6614378277661477,
        0.5994789404140899,
        0.6959705453537527,
        0.5863019699779287,
        0.6373774391990981,
        0.6373774391990981,
        0.625,
        0.649519052838329,
        0.6959705453537527,
        0.6137883276106765,
        0.649519052838329,
        0.6614378277661477,
        0.6373774391990981,
        0.6614378277661477,
        0.5994789404140899,
        0.7288689868556626,
        0.7288689868556626,
        0.649519052838329,
        0.673145600891813,
        0.7288689868556626,
        0.57282196186948,
        0.6548430685625714,
        0.739509972887452,
        0.6614378277661477,
        0.75,
        0.8100925873009825
    ],
    [
        0.9995215692254664,
        0.8838834764831844,
        1.0307764064044151,
        0.9270248108869579,
        0.0,
        0.770551750371122,
        0.8660254037844386,
        0.8079466429027216,
        0.8385254915624212,
        0.6373774391990981,
        0.9762812094883317,
        0.6614378277661477,
        0.7806247497997998,
        1.0121141239998581,
        0.9682458365518543,
        0.7288689868556626,
        0.8926785535678563,
        0.8569568250501305,
        0.75,
        0.75,
        0.7071067811865476,
        0.8385254915624212,
        0.875,
        0.770551750371122,
        0.8926785535678563,
        0.7806247497997998,
        0.875,
        0.875,
        0.8100925873009825,
        0.8003905296791061,
        0.8926785535678563,
        0.9100137361600648,
        0.7071067811865476,
        0.7872684844871327,
        0.8385254915624212,
        0.8100925873009825,
        0.8385254915624212,
        0.82915619758885,
        0.8569568250501305,
        0.9100137361600648,
        0.9354143466934853,
        0.82915619758885,
        0.7806247497997998,
        0.7071067811865476,
        0.770551750371122,
        1.1141451630934116,
        0.770551750371122,
        0.7905694150420949,
        0.739509972887452,
        0.8660254037844386
    ],
    [
        0.8264597475290096,
        0.5863019699779287,
        0.82915619758885,
        0.6614378277661477,
        0.770551750371122,
        0.0,
        0.625,
        0.5833333333333334,
        0.6123724356957945,
        0.625,
        0.6846531968814576,
        0.5,
        0.6123724356957945,
        0.8799857953399021,
        0.75,
        0.5303300858899106,
        0.7180703308172536,
        0.5590169943749475,
        0.5,
        0.57282196186948,
        0.5590169943749475,
        0.5448623679425842,
        0.5863019699779287,
        0.5448623679425842,
        0.6373774391990981,
        0.5153882032022076,
        0.6123724356957945,
        0.5153882032022076,
        0.5590169943749475,
        0.5590169943749475,
        0.5590169943749475,
        0.5863019699779287,
        0.5448623679425842,
        0.6009252125773316,
        0.75,
        0.57282196186948,
        0.5303300858899106,
        0.5303300858899106,
        0.4841229182759271,
        0.5590169943749475,
        0.6846531968814576,
        0.45069390943299864,
        0.5448623679425842,
        0.5153882032022076,
        0.5153882032022076,
        0.8878031563609382,
        0.5863019699779287,
        0.5590169943749475,
        0.5,
        0.770551750371122
    ],
    [
        0.6034551874541357,
        0.625,
        0.57282196186948,
        0.6846531968814576,
        0.8660254037844386,
        0.625,
        0.0,
        0.5416666666666666,
        0.6373774391990981,
        0.739509972887452,
        0.45069390943299864,
        0.5863019699779287,
        0.739509972887452,
        1.0043654713300334,
        0.9921567416492215,
        0.6614378277661477,
        0.9013878188659973,
        0.6846531968814576,
        0.5448623679425842,
        0.5448623679425842,
        0.7180703308172536,
        0.414578098794425,
        0.375,
        0.6123724356957945,
        0.6123724356957945,
        0.46770717334674267,
        0.57282196186948,
        0.46770717334674267,
        0.414578098794425,
        0.4841229182759271,
        0.4330127018922193,
        0.39528470752104744,
        0.6373774391990981,
        0.6972166887783964,
        0.6614378277661477,
        0.649519052838329,
        0.414578098794425,
        0.45069390943299864,
        0.45069390943299864,
        0.6959705453537527,
        0.4841229182759271,
        0.5448623679425842,
        0.5303300858899106,
        0.6373774391990981,
        0.4841229182759271,
        0.7336173692357921,
        0.57282196186948,
        0.5303300858899106,
        0.5994789404140899,
        0.6123724356957945
    ],
    [
        0.7686411648895808,
        0.6095307849303248,
        0.7264831572567789,
        0.5965758776365148,
        0.8079466429027216,
        0.5833333333333334,
        0.5416666666666666,
        0.0,
        0.6346477588219923,
        0.7264831572567789,
        0.6468406123441677,
        0.5559026693385972,
        0.5965758776365148,
        0.8845117925223558,
        0.8994597143717876,
        0.5965758776365148,
        0.733617369235792,
        0.6305310812675649,
        0.5120085719768545,
        0.5480394349152461,
        0.6346477588219923,
        0.4965156369922077,
        0.4965156369922077,
        0.5697830971323893,
        0.6468406123441677,
        0.5416666666666666,
        0.6095307849303248,
        0.5270462766947299,
        0.4639803635691685,
        0.5559026693385972,
        0.5416666666666666,
        0.5270462766947299,
        0.6588078458684123,
        0.6095307849303248,
        0.6428020258558964,
        0.6468406123441677,
        0.5120085719768545,
        0.5270462766947299,
        0.4805234414446165,
        0.7264831572567789,
        0.6222160217945033,
        0.5270462766947299,
        0.5833333333333334,
        0.6095307849303248,
        0.4805234414446165,
        0.739509972887452,
        0.4876958296133177,
        0.5559026693385972,
        0.5697830971323893,
        0.6984606089266755
    ],
    [
        0.753393682490321,
        0.673145600891813,
        0.8100925873009825,
        0.770551750371122,
        0.8385254915624212,
        0.6123724356957945,
        0.6373774391990981,
        0.6346477588219923,
        0.0,
        0.6373774391990981,
        0.75,
        0.6373774391990981,
        0.6373774391990981,
        0.8799857953399021,
        0.8385254915624212,
        0.5863019699779287,
        0.8660254037844386,
        0.649519052838329,
        0.6373774391990981,
        0.5303300858899106,
        0.6614378277661477,
        0.5863019699779287,
        0.6123724356957945,
        0.6614378277661477,
        0.7071067811865476,
        0.5448623679425842,
        0.7180703308172536,
        0.5590169943749475,
        0.5994789404140899,
        0.5994789404140899,
        0.6373774391990981,
        0.57282196186948,
        0.5863019699779287,
        0.7300589778306347,
        0.75,
        0.625,
        0.57282196186948,
        0.6123724356957945,
        0.5153882032022076,
        0.7071067811865476,
        0.7603453162872774,
        0.5303300858899106,
        0.57282196186948,
        0.5153882032022076,
        0.6614378277661477,
        0.9138213416442212,
        0.673145600891813,
        0.6123724356957945,
        0.5590169943749475,
        0.6614378277661477
    ],
    [
        0.8764565137005733,
        0.7905694150420949,
        0.9437293044088437,
        0.7603453162872774,
        0.6373774391990981,
        0.625,
        0.739509972887452,
        0.7264831572567789,
        0.6373774391990981,
        0.0,
        0.7806247497997998,
        0.5590169943749475,
        0.6959705453537527,
        1.0274361294017258,
        0.8569568250501305,
        0.5448623679425842,
        0.81967981553775,
        0.75,
        0.57282196186948,
        0.6373774391990981,
        0.57282196186948,
        0.673145600891813,
        0.7071067811865476,
        0.6846531968814576,
        0.6846531968814576,
        0.5863019699779287,
        0.7180703308172536,
        0.649519052838329,
        0.673145600891813,
        0.625,
        0.6846531968814576,
        0.673145600891813,
        0.57282196186948,
        0.7511565157216644,
        0.7905694150420949,
        0.649519052838329,
        0.6614378277661477,
        0.673145600891813,
        0.6373774391990981,
        0.75,
        0.7180703308172536,
        0.649519052838329,
        0.5994789404140899,
        0.5994789404140899,
        0.6373774391990981,
        0.9798313346920706,
        0.739509972887452,
        0.5590169943749475,
        0.6123724356957945,
        0.7288689868556626
    ],
    [
        0.4385010413503099,
        0.7905694150420949,
        0.375,
        0.7603453162872774,
        0.9762812094883317,
        0.6846531968814576,
        0.45069390943299864,
        0.6468406123441677,
        0.75,
        0.7806247497997998,
        0.0,
        0.5863019699779287,
        0.81967981553775,
        1.1763290356018592,
        1.0897247358851685,
        0.673145600891813,
        0.9842509842514764,
        0.8003905296791061,
        0.625,
        0.57282196186948,
        0.75,
        0.5,
        0.3535533905932738,
        0.673145600891813,
        0.7071067811865476,
        0.5863019699779287,
        0.4841229182759271,
        0.5303300858899106,
        0.46770717334674267,
        0.5,
        0.3535533905932738,
        0.33071891388307384,
        0.6959705453537527,
        0.7406828681096325,
        0.8003905296791061,
        0.7806247497997998,
        0.39528470752104744,
        0.414578098794425,
        0.4330127018922193,
        0.7806247497997998,
        0.25,
        0.5153882032022076,
        0.414578098794425,
        0.7288689868556626,
        0.4841229182759271,
        0.744190462478823,
        0.739509972887452,
        0.5,
        0.7180703308172536,
        0.6959705453537527
    ],
    [
        0.7871334585905068,
        0.6123724356957945,
        0.75,
        0.7071067811865476,
        0.6614378277661477,
        0.5,
        0.5863019699779287,
        0.5559026693385972,
        0.6373774391990981,
        0.5590169943749475,
        0.5863019699779287,
        0.0,
        0.5863019699779287,
        1.0425329730996522,
        0.8385254915624212,
        0.375,
        0.7806247497997998,
        0.649519052838329,
        0.5,
        0.4841229182759271,
        0.5,
        0.5590169943749475,
        0.4841229182759271,
        0.5,
        0.625,
        0.4841229182759271,
        0.5448623679425842,
        0.5448623679425842,
        0.5,
        0.5590169943749475,
        0.5153882032022076,
        0.5448623679425842,
        0.5,
        0.6263873490988712,
        0.770551750371122,
        0.625,
        0.4841229182759271,
        0.4841229182759271,
        0.414578098794425,
        0.6846531968814576,
        0.57282196186948,
        0.5,
        0.39528470752104744,
        0.46770717334674267,
        0.4330127018922193,
        0.8609990966571595,
        0.6846531968814576,
        0.4841229182759271,
        0.57282196186948,
        0.625
    ],
    [
        0.9330250341152238,
        0.6959705453537527,
        0.9100137361600648,
        0.8003905296791061,
        0.7806247497997998,
        0.6123724356957945,
        0.739509972887452,
        0.5965758776365148,
        0.6373774391990981,
        0.6959705453537527,
        0.81967981553775,
        0.5863019699779287,
        0.0,
        0.8437268515343103,
        0.81967981553775,
        0.5153882032022076,
        0.7071067811865476,
        0.6959705453537527,
        0.5994789404140899,
        0.6614378277661477,
        0.5994789404140899,
        0.6959705453537527,
        0.6846531968814576,
        0.6614378277661477,
        0.6614378277661477,
        0.6123724356957945,
        0.739509972887452,
        0.673145600891813,
        0.6614378277661477,
        0.6846531968814576,
        0.7180703308172536,
        0.6959705453537527,
        0.649519052838329,
        0.6508541396588879,
        0.739509972887452,
        0.673145600891813,
        0.673145600891813,
        0.6846531968814576,
        0.625,
        0.6373774391990981,
        0.7603453162872774,
        0.6373774391990981,
        0.625,
        0.6123724356957945,
        0.6614378277661477,
        1.0112217582926333,
        0.6123724356957945,
        0.6959705453537527,
        0.5994789404140899,
        0.770551750371122
    ],
    [
        1.1289951736127202,
        0.9233092656309694,
        1.182951816432098,
        0.8474225628339146,
        1.0121141239998581,
        0.8799857953399021,
        1.0043654713300334,
        0.8845117925223558,
        0.8799857953399021,
        1.0274361294017258,
        1.1763290356018592,
        1.0425329730996522,
        0.8437268515343103,
        0.0,
        0.9400797838481583,
        0.8975661535508122,
        0.8584142356694698,
        0.8940777371123834,
        0.9400797838481583,
        0.9414085191881365,
        0.9965565713997374,
        0.9400797838481583,
        1.0350120772242226,
        0.9646890690787369,
        0.9400797838481583,
        0.8888194417315589,
        1.0793516572461452,
        0.9233092656309694,
        0.9062284480195929,
        0.9400797838481583,
        0.9965565713997374,
        0.9886859966642595,
        0.8799857953399021,
        0.8672674199909609,
        0.8764274071479052,
        0.8710625695092173,
        1.019803902718557,
        1.0043654713300334,
        0.9646890690787369,
        0.9148087231765993,
        1.1288821904875637,
        0.9317322576792112,
        1.019803902718557,
        0.9483538369195329,
        1.0043654713300334,
        1.1175991131786827,
        0.852936105461599,
        1.0121141239998581,
        0.8799857953399021,
        0.9062284480195929
    ],
    [
        1.2378233446873836,
        0.770551750371122,
        1.2562344526401112,
        0.9354143466934853,
        0.9682458365518543,
        0.75,
        0.9921567416492215,
        0.8994597143717876,
        0.8385254915624212,
        0.8569568250501305,
        1.0897247358851685,
        0.8385254915624212,
        0.81967981553775,
        0.9400797838481583,
        0.0,
        0.8003905296791061,
        0.8100925873009825,
        0.8477912478906585,
        0.82915619758885,
        0.8569568250501305,
        0.82915619758885,
        0.9013878188659973,
        0.9519716382329886,
        0.8569568250501305,
        0.9013878188659973,
        0.7905694150420949,
        0.9842509842514764,
        0.81967981553775,
        0.8926785535678563,
        0.9100137361600648,
        0.9354143466934853,
        0.960143218483576,
        0.7905694150420949,
        0.9023503261544882,
        1.0458250331675945,
        0.8660254037844386,
        0.9519716382329886,
        0.9270248108869579,
        0.8838834764831844,
        0.8100925873009825,
        1.0532687216470449,
        0.8569568250501305,
        0.9270248108869579,
        0.81967981553775,
        0.875,
        1.2018504251546631,
        0.9013878188659973,
        0.8926785535678563,
        0.770551750371122,
        1.0752906583803283
    ],
    [
        0.783885859558856,
        0.7071067811865476,
        0.81967981553775,
        0.6846531968814576,
        0.7288689868556626,
        0.5303300858899106,
        0.6614378277661477,
        0.5965758776365148,
        0.5863019699779287,
        0.5448623679425842,
        0.673145600891813,
        0.375,
        0.5153882032022076,
        0.8975661535508122,
        0.8003905296791061,
        0.0,
        0.7603453162872774,
        0.6959705453537527,
        0.45069390943299864,
        0.5303300858899106,
        0.5,
        0.5994789404140899,
        0.6123724356957945,
        0.57282196186948,
        0.673145600891813,
        0.5303300858899106,
        0.5994789404140899,
        0.5590169943749475,
        0.5,
        0.5303300858899106,
        0.6123724356957945,
        0.5994789404140899,
        0.5590169943749475,
        0.6387379048648288,
        0.739509972887452,
        0.5590169943749475,
        0.5448623679425842,
        0.5303300858899106,
        0.5,
        0.6959705453537527,
        0.625,
        0.5303300858899106,
        0.5,
        0.5153882032022076,
        0.5448623679425842,
        0.905231707600018,
        0.649519052838329,
        0.5,
        0.5863019699779287,
        0.625
    ],
    [
        1.0949792654825636,
        0.82915619758885,
        1.0968705484240153,
        0.739509972887452,
        0.8926785535678563,
        0.7180703308172536,
        0.9013878188659973,
        0.733617369235792,
        0.8660254037844386,
        0.81967981553775,
        0.9842509842514764,
        0.7806247497997998,
        0.7071067811865476,
        0.8584142356694698,
        0.8100925873009825,
        0.7603453162872774,
        0.0,
        0.6959705453537527,
        0.7180703308172536,
        0.7905694150420949,
        0.770551750371122,
        0.7905694150420949,
        0.8660254037844386,
        0.7806247497997998,
        0.8100925873009825,
        0.7180703308172536,
        0.8926785535678563,
        0.75,
        0.7806247497997998,
        0.81967981553775,
        0.8569568250501305,
        0.875,
        0.7180703308172536,
        0.7009418267191968,
        0.81967981553775,
        0.7603453162872774,
        0.82915619758885,
        0.8385254915624212,
        0.8100925873009825,
        0.7603453162872774,
        0.9270248108869579,
        0.7806247497997998,
        0.8100925873009825,
        0.7603453162872774,
        0.770551750371122,
        0.9446486707295528,
        0.7603453162872774,
        0.81967981553775,
        0.7288689868556626,
        0.8926785535678563
    ],
    [
        0.8846047197500597,
        0.625,
        0.875,
        0.5448623679425842,
        0.8569568250501305,
        0.5590169943749475,
        0.6846531968814576,
        0.6305310812675649,
        0.649519052838329,
        0.75,
        0.8003905296791061,
        0.649519052838329,
        0.6959705453537527,
        0.8940777371123834,
        0.8477912478906585,
        0.6959705453537527,
        0.6959705453537527,
        0.0,
        0.625,
        0.5994789404140899,
        0.7288689868556626,
        0.6373774391990981,
        0.6614378277661477,
        0.6846531968814576,
        0.673145600891813,
        0.625,
        0.6846531968814576,
        0.5994789404140899,
        0.6614378277661477,
        0.6959705453537527,
        0.6373774391990981,
        0.6614378277661477,
        0.57282196186948,
        0.5651941652604391,
        0.7071067811865476,
        0.6959705453537527,
        0.649519052838329,
        0.6614378277661477,
        0.6123724356957945,
        0.6614378277661477,
        0.75,
        0.5994789404140899,
        0.649519052838329,
        0.6123724356957945,
        0.6123724356957945,
        0.7817359599705717,
        0.6959705453537527,
        0.673145600891813,
        0.6846531968814576,
        0.82915619758885
    ],
    [
        0.7497873848291792,
        0.6959705453537527,
        0.625,
        0.6123724356957945,
        0.75,
        0.5,
        0.5448623679425842,
        0.5120085719768545,
        0.6373774391990981,
        0.57282196186948,
        0.625,
        0.5,
        0.5994789404140899,
        0.9400797838481583,
        0.82915619758885,
        0.45069390943299864,
        0.7180703308172536,
        0.625,
        0.0,
        0.5303300858899106,
        0.5590169943749475,
        0.414578098794425,
        0.45069390943299864,
        0.5303300858899106,
        0.5863019699779287,
        0.5153882032022076,
        0.5590169943749475,
        0.4330127018922193,
        0.4330127018922193,
        0.46770717334674267,
        0.46770717334674267,
        0.5,
        0.5303300858899106,
        0.6009252125773316,
        0.6959705453537527,
        0.4841229182759271,
        0.4330127018922193,
        0.4330127018922193,
        0.45069390943299864,
        0.57282196186948,
        0.5448623679425842,
        0.4330127018922193,
        0.5,
        0.5303300858899106,
        0.4330127018922193,
        0.8700255424092126,
        0.57282196186948,
        0.45069390943299864,
        0.5590169943749475,
        0.6614378277661477
    ],
    [
        0.7043958186898578,
        0.625,
        0.7288689868556626,
        0.6959705453537527,
        0.75,
        0.57282196186948,
        0.5448623679425842,
        0.5480394349152461,
        0.5303300858899106,
        0.6373774391990981,
        0.57282196186948,
        0.4841229182759271,
        0.6614378277661477,
        0.9414085191881365,
        0.8569568250501305,
        0.5303300858899106,
        0.7905694150420949,
        0.5994789404140899,
        0.5303300858899106,
        0.0,
        0.5448623679425842,
        0.46770717334674267,
        0.5,
        0.5590169943749475,
        0.6614378277661477,
        0.4330127018922193,
        0.5590169943749475,
        0.5153882032022076,
        0.46770717334674267,
        0.5448623679425842,
        0.5153882032022076,
        0.5,
        0.5590169943749475,
        0.6194195311382711,
        0.6614378277661477,
        0.6123724356957945,
        0.4841229182759271,
        0.4841229182759271,
        0.46770717334674267,
        0.6846531968814576,
        0.57282196186948,
        0.39528470752104744,
        0.5448623679425842,
        0.5994789404140899,
        0.4841229182759271,
        0.8239049972202163,
        0.5994789404140899,
        0.4841229182759271,
        0.5303300858899106,
        0.6614378277661477
    ],
    [
        0.7844958084460285,
        0.7603453162872774,
        0.875,
        0.7806247497997998,
        0.7071067811865476,
        0.5590169943749475,
        0.7180703308172536,
        0.6346477588219923,
        0.6614378277661477,
        0.57282196186948,
        0.75,
        0.5,
        0.5994789404140899,
        0.9965565713997374,
        0.82915619758885,
        0.5,
        0.770551750371122,
        0.7288689868556626,
        0.5590169943749475,
        0.5448623679425842,
        0.0,
        0.6614378277661477,
        0.6846531968814576,
        0.649519052838329,
        0.7180703308172536,
        0.5863019699779287,
        0.6959705453537527,
        0.6373774391990981,
        0.649519052838329,
        0.5590169943749475,
        0.649519052838329,
        0.625,
        0.57282196186948,
        0.6744339190099436,
        0.81967981553775,
        0.6123724356957945,
        0.625,
        0.625,
        0.6373774391990981,
        0.7180703308172536,
        0.7071067811865476,
        0.57282196186948,
        0.5448623679425842,
        0.6614378277661477,
        0.6846531968814576,
        0.955612078431643,
        0.6959705453537527,
        0.46770717334674267,
        0.6373774391990981,
        0.7603453162872774
    ],
    [
        0.6206481141779561,
        0.5994789404140899,
        0.57282196186948,
        0.5994789404140899,
        0.8385254915624212,
        0.5448623679425842,
        0.414578098794425,
        0.4965156369922077,
        0.5863019699779287,
        0.673145600891813,
        0.5,
        0.5590169943749475,
        0.6959705453537527,
        0.9400797838481583,
        0.9013878188659973,
        0.5994789404140899,
        0.7905694150420949,
        0.6373774391990981,
        0.414578098794425,
        0.46770717334674267,
        0.6614378277661477,
        0.0,
        0.3535533905932738,
        0.5,
        0.4841229182759271,
        0.4330127018922193,
        0.5153882032022076,
        0.375,
        0.3535533905932738,
        0.4330127018922193,
        0.33071891388307384,
        0.375,
        0.57282196186948,
        0.6387379048648288,
        0.673145600891813,
        0.5,
        0.375,
        0.3535533905932738,
        0.39528470752104744,
        0.649519052838329,
        0.45069390943299864,
        0.46770717334674267,
        0.3535533905932738,
        0.5448623679425842,
        0.4330127018922193,
        0.7850601533923656,
        0.5863019699779287,
        0.4330127018922193,
        0.5590169943749475,
        0.5994789404140899
    ],
    [
        0.5638447644231052,
        0.6614378277661477,
        0.5,
        0.6614378277661477,
        0.875,
        0.5863019699779287,
        0.375,
        0.4965156369922077,
        0.6123724356957945,
        0.7071067811865476,
        0.3535533905932738,
        0.4841229182759271,
        0.6846531968814576,
        1.0350120772242226,
        0.9519716382329886,
        0.6123724356957945,
        0.8660254037844386,
        0.6614378277661477,
        0.45069390943299864,
        0.5,
        0.6846531968814576,
        0.3535533905932738,
        0.0,
        0.5590169943749475,
        0.5863019699779287,
        0.46770717334674267,
        0.45069390943299864,
        0.39528470752104744,
        0.3535533905932738,
        0.4330127018922193,
        0.21650635094610965,
        0.2795084971874737,
        0.5863019699779287,
        0.6627489050244528,
        0.649519052838329,
        0.6614378277661477,
        0.25,
        0.2795084971874737,
        0.3535533905932738,
        0.6846531968814576,
        0.39528470752104744,
        0.4841229182759271,
        0.3535533905932738,
        0.57282196186948,
        0.39528470752104744,
        0.722889648870728,
        0.6614378277661477,
        0.4330127018922193,
        0.5863019699779287,
        0.625
    ],
    [
        0.7814413031086095,
        0.673145600891813,
        0.8003905296791061,
        0.6846531968814576,
        0.770551750371122,
        0.5448623679425842,
        0.6123724356957945,
        0.5697830971323893,
        0.6614378277661477,
        0.6846531968814576,
        0.673145600891813,
        0.5,
        0.6614378277661477,
        0.9646890690787369,
        0.8569568250501305,
        0.57282196186948,
        0.7806247497997998,
        0.6846531968814576,
        0.5303300858899106,
        0.5590169943749475,
        0.649519052838329,
        0.5,
        0.5590169943749475,
        0.0,
        0.57282196186948,
        0.5153882032022076,
        0.5448623679425842,
        0.57282196186948,
        0.4841229182759271,
        0.5994789404140899,
        0.57282196186948,
        0.5863019699779287,
        0.625,
        0.6137883276106765,
        0.625,
        0.625,
        0.5303300858899106,
        0.5303300858899106,
        0.5153882032022076,
        0.6959705453537527,
        0.625,
        0.4841229182759271,
        0.5590169943749475,
        0.5153882032022076,
        0.5153882032022076,
        0.8878031563609382,
        0.5303300858899106,
        0.649519052838329,
        0.5994789404140899,
        0.6123724356957945
    ],
    [
        0.8225923433057872,
        0.7071067811865476,
        0.75,
        0.6614378277661477,
        0.8926785535678563,
        0.6373774391990981,
        0.6123724356957945,
        0.6468406123441677,
        0.7071067811865476,
        0.6846531968814576,
        0.7071067811865476,
        0.625,
        0.6614378277661477,
        0.9400797838481583,
        0.9013878188659973,
        0.673145600891813,
        0.8100925873009825,
        0.673145600891813,
        0.5863019699779287,
        0.6614378277661477,
        0.7180703308172536,
        0.4841229182759271,
        0.5863019699779287,
        0.57282196186948,
        0.0,
        0.625,
        0.5448623679425842,
        0.5448623679425842,
        0.5590169943749475,
        0.5590169943749475,
        0.5863019699779287,
        0.5994789404140899,
        0.6373774391990981,
        0.6627489050244528,
        0.7180703308172536,
        0.5303300858899106,
        0.5153882032022076,
        0.5448623679425842,
        0.5994789404140899,
        0.5590169943749475,
        0.625,
        0.57282196186948,
        0.5590169943749475,
        0.6846531968814576,
        0.5,
        0.9307628293203616,
        0.625,
        0.5863019699779287,
        0.7071067811865476,
        0.75
    ],
    [
        0.7323605948003529,
        0.5303300858899106,
        0.673145600891813,
        0.5994789404140899,
        0.7806247497997998,
        0.5153882032022076,
        0.46770717334674267,
        0.5416666666666666,
        0.5448623679425842,
        0.5863019699779287,
        0.5863019699779287,
        0.4841229182759271,
        0.6123724356957945,
        0.8888194417315589,
        0.7905694150420949,
        0.5303300858899106,
        0.7180703308172536,
        0.625,
        0.5153882032022076,
        0.4330127018922193,
        0.5863019699779287,
        0.4330127018922193,
        0.46770717334674267,
        0.5153882032022076,
        0.625,
        0.0,
        0.5590169943749475,
        0.414578098794425,
        0.46770717334674267,
        0.46770717334674267,
        0.414578098794425,
        0.46770717334674267,
        0.5,
        0.6137883276106765,
        0.6959705453537527,
        0.5590169943749475,
        0.45069390943299864,
        0.4841229182759271,
        0.39528470752104744,
        0.5448623679425842,
        0.57282196186948,
        0.4330127018922193,
        0.46770717334674267,
        0.5303300858899106,
        0.45069390943299864,
        0.814367511903836,
        0.5153882032022076,
        0.414578098794425,
        0.46770717334674267,
        0.6846531968814576
    ],
    [
        0.549234160686775,
        0.770551750371122,
        0.5590169943749475,
        0.6959705453537527,
        0.875,
        0.6123724356957945,
        0.57282196186948,
        0.6095307849303248,
        0.7180703308172536,
        0.7180703308172536,
        0.4841229182759271,
        0.5448623679425842,
        0.739509972887452,
        1.0793516572461452,
        0.9842509842514764,
        0.5994789404140899,
        0.8926785535678563,
        0.6846531968814576,
        0.5590169943749475,
        0.5590169943749475,
        0.6959705453537527,
        0.5153882032022076,
        0.45069390943299864,
        0.5448623679425842,
        0.5448623679425842,
        0.5590169943749475,
        0.0,
        0.5,
        0.45069390943299864,
        0.5153882032022076,
        0.414578098794425,
        0.46770717334674267,
        0.625,
        0.6137883276106765,
        0.673145600891813,
        0.6123724356957945,
        0.414578098794425,
        0.375,
        0.39528470752104744,
        0.6373774391990981,
        0.414578098794425,
        0.4841229182759271,
        0.39528470752104744,
        0.57282196186948,
        0.4841229182759271,
        0.804716996492832,
        0.649519052838329,
        0.5448623679425842,
        0.6846531968814576,
        0.7071067811865476
    ],
    [
        0.676689118624872,
        0.6123724356957945,
        0.5590169943749475,
        0.5863019699779287,
        0.875,
        0.5153882032022076,
        0.46770717334674267,
        0.5270462766947299,
        0.5590169943749475,
        0.649519052838329,
        0.5303300858899106,
        0.5448623679425842,
        0.673145600891813,
        0.9233092656309694,
        0.81967981553775,
        0.5590169943749475,
        0.75,
        0.5994789404140899,
        0.4330127018922193,
        0.5153882032022076,
        0.6373774391990981,
        0.375,
        0.39528470752104744,
        0.57282196186948,
        0.5448623679425842,
        0.414578098794425,
        0.5,
        0.0,
        0.375,
        0.39528470752104744,
        0.33071891388307384,
        0.375,
        0.5448623679425842,
        0.6263873490988712,
        0.7180703308172536,
        0.4330127018922193,
        0.4330127018922193,
        0.414578098794425,
        0.3535533905932738,
        0.5863019699779287,
        0.5153882032022076,
        0.4330127018922193,
        0.375,
        0.5448623679425842,
        0.4330127018922193,
        0.7750448015724282,
        0.5994789404140899,
        0.4330127018922193,
        0.5863019699779287,
        0.649519052838329
    ],
    [
        0.641118681107723,
        0.6373774391990981,
        0.57282196186948,
        0.6373774391990981,
        0.8100925873009825,
        0.5590169943749475,
        0.414578098794425,
        0.4639803635691685,
        0.5994789404140899,
        0.673145600891813,
        0.46770717334674267,
        0.5,
        0.6614378277661477,
        0.9062284480195929,
        0.8926785535678563,
        0.5,
        0.7806247497997998,
        0.6614378277661477,
        0.4330127018922193,
        0.46770717334674267,
        0.649519052838329,
        0.3535533905932738,
        0.3535533905932738,
        0.4841229182759271,
        0.5590169943749475,
        0.46770717334674267,
        0.45069390943299864,
        0.375,
        0.0,
        0.4841229182759271,
        0.3535533905932738,
        0.39528470752104744,
        0.5863019699779287,
        0.6137883276106765,
        0.625,
        0.5590169943749475,
        0.3535533905932738,
        0.3535533905932738,
        0.3535533905932738,
        0.6614378277661477,
        0.4330127018922193,
        0.4841229182759271,
        0.375,
        0.4841229182759271,
        0.375,
        0.7750448015724282,
        0.5448623679425842,
        0.4841229182759271,
        0.5590169943749475,
        0.5590169943749475
    ],
    [
        0.590366973386305,
        0.6959705453537527,
        0.5590169943749475,
        0.6373774391990981,
        0.8003905296791061,
        0.5590169943749475,
        0.4841229182759271,
        0.5559026693385972,
        0.5994789404140899,
        0.625,
        0.5,
        0.5590169943749475,
        0.6846531968814576,
        0.9400797838481583,
        0.9100137361600648,
        0.5303300858899106,
        0.81967981553775,
        0.6959705453537527,
        0.46770717334674267,
        0.5448623679425842,
        0.5590169943749475,
        0.4330127018922193,
        0.4330127018922193,
        0.5994789404140899,
        0.5590169943749475,
        0.46770717334674267,
        0.5153882032022076,
        0.39528470752104744,
        0.4841229182759271,
        0.0,
        0.39528470752104744,
        0.414578098794425,
        0.57282196186948,
        0.6508541396588879,
        0.673145600891813,
        0.5,
        0.45069390943299864,
        0.4330127018922193,
        0.4841229182759271,
        0.57282196186948,
        0.4841229182759271,
        0.5153882032022076,
        0.414578098794425,
        0.6373774391990981,
        0.5,
        0.7949493345141214,
        0.5994789404140899,
        0.3535533905932738,
        0.5590169943749475,
        0.5153882032022076
    ],
    [
        0.5200078492343227,
        0.673145600891813,
        0.4841229182759271,
        0.625,
        0.8926785535678563,
        0.5590169943749475,
        0.4330127018922193,
        0.5416666666666666,
        0.6373774391990981,
        0.6846531968814576,
        0.3535533905932738,
