[
    [
        0.0,
        1.3539409806702514,
        0.6750377918369929,
        0.9544805724923405,
        0.8815353605141059,
        1.212709060453546,
        0.7755018125217308,
        0.9529388247039355,
        1.0626125390579888,
        1.1739628509924,
        1.5826506763228916,
        1.0672537712488523,
        1.0330939760086233,
        0.9578555449011917,
        1.456862718169367,
        1.0475006697187474,
        1.3598422402497088,
        0.9581484589497365,
        1.0847387534633885,
        0.9604752756328716,
        1.0289185922062811,
        1.0602091149140997,
        0.9126380242271884,
        1.135017755862193,
        0.9672206950928381,
        1.0514506500011092,
        0.7836824377675604,
        1.0847387534633885,
        0.898950635406616,
        0.90403714706051,
        0.8784552768749173,
        0.7822570040646253,
        1.0899848133914694,
        0.889278542713481,
        0.7857142857142856,
        1.0101525445522108,
        0.8413727849564104,
        1.0697904143392971,
        1.0499331854349356,
        1.3439205515876271,
        0.8598873060688371,
        1.200021258315103,
        0.8793623037317951,
        1.075587167598257,
        1.0990487538163656,
        0.8413727849564104,
        0.8910696392767606,
        1.196695066269036,
        0.9767710236555245,
        0.6531907556489958
    ],
    [
        1.3539409806702514,
        0.0,
        1.2304019216861166,
        1.006058038970803,
        0.9574271077563381,
        0.950146187582615,
        1.0137937550497031,
        0.93355652093367,
        0.9745012969605417,
        0.9166666666666666,
        1.2305171008973859,
        0.9474014167418394,
        0.9166666666666666,
        0.9525550436122372,
        1.0809268142560706,
        0.9429593499196596,
        1.0316182002616623,
        0.9745012969605417,
        0.9745012969605417,
        0.9260879487872029,
        1.0663736576724772,
        0.9982623792259117,
        0.9583333333333334,
        1.084134319271474,
        0.9537935951882998,
        0.8994597143717876,
        1.0137937550497031,
        0.9664511253952668,
        1.1575236978615648,
        1.0137937550497031,
        0.950146187582615,
        1.2126360175712707,
        1.0086432030758503,
        0.9904053603337261,
        0.9904053603337261,
        0.982485510212633,
        1.0214708893442719,
        0.8819171036881969,
        0.9251501379656049,
        0.9664511253952668,
        0.9081039465709737,
        0.9619496983845996,
        0.9904053603337262,
        0.950146187582615,
        0.982485510212633,
        0.9982623792259117,
        0.982485510212633,
        0.9709316831442537,
        0.9637527921850314,
        1.118033988749895
    ],
    [
        0.6750377918369929,
        1.2304019216861166,
        0.0,
        0.9354143466934853,
        0.8660254037844386,
        1.2054563451241194,
        0.770551750371122,
        0.8090203266228166,
        1.0307764064044151,
        1.1388041973930374,
        1.3017354977576854,
        1.0077822185373186,
        1.0680004681646913,
        0.7976528066771909,
        1.3050383136138188,
        0.9138601129945704,
        1.2624381172952597,
        0.8926785535678563,
        1.165922381636102,
        1.0458250331675945,
        1.1110243021644486,
        1.1319231422671772,
        0.9762812094883317,
        0.9437293044088437,
        0.8640183897219884,
        1.0606601717798212,
        0.8477912478906585,
        1.0077822185373186,
        0.6219927652312365,
        0.9762812094883317,
        0.9185586535436918,
        0.625,
        0.99128143778086,
        0.9437293044088437,
        0.875,
        1.0752906583803283,
        0.8569568250501305,
        1.0077822185373186,
        1.015504800579495,
        1.299038105676658,
        0.6481812160876685,
        1.1989578808281798,
        0.7806247497997998,
        1.103970108290981,
        1.0897247358851685,
        0.8838834764831844,
        0.9682458365518543,
        1.1524430571616109,
        0.9519716382329886,
        0.739509972887452
    ],
    [
        0.9544805724923405,
        1.006058038970803,
        0.9354143466934853,
        0.0,
        0.739509972887452,
        0.9185586535436918,
        0.6123724356957945,
        0.6972166887783964,
        0.739509972887452,
        0.9013878188659973,
        1.2197879541384333,
        0.8477912478906585,
        0.7288689868556626,
        0.6562202374203343,
        1.299038105676658,
        0.7523348011764606,
        1.0458250331675945,
        0.6123724356957945,
        0.8569568250501305,
        0.6846531968814576,
        0.875,
        0.75,
        0.5863019699779287,
        0.9762812094883317,
        0.8302024518821365,
        0.75,
        0.4841229182759271,
        0.673145600891813,
        0.9692135987490065,
        0.7071067811865476,
        0.6373774391990981,
        0.82915619758885,
        0.8640183897219884,
        0.5448623679425842,
        0.7180703308172536,
        0.6846531968814576,
        0.5590169943749475,
        0.7180703308172536,
        0.8003905296791061,
        1.0077822185373186,
        0.6387379048648288,
        0.8926785535678563,
        0.5863019699779287,
        0.75,
        0.7603453162872774,
        0.5,
        0.6846531968814576,
        0.8838834764831844,
        0.8477912478906585,
        0.5994789404140899
    ],
    [
        0.8815353605141059,
        0.9574271077563381,
        0.8660254037844386,
        0.739509972887452,
        0.0,
        0.8926785535678563,
        0.7603453162872774,
        0.689706056551952,
        0.8385254915624212,
        0.8477912478906585,
        1.1393640814963764,
        0.82915619758885,
        0.8477912478906585,
        0.675,
        1.0825317547305484,
        0.708008128628536,
        1.015504800579495,
        0.7905694150420949,
        0.7806247497997998,
        0.75,
        0.8385254915624212,
        0.8100925873009825,
        0.7071067811865476,
        0.81967981553775,
        0.7648983229452424,
        0.82915619758885,
        0.7806247497997998,
        0.81967981553775,
        0.8116341540373964,
        0.673145600891813,
        0.739509972887452,
        0.7603453162872774,
        0.7648983229452424,
        0.6846531968814576,
        0.8100925873009825,
        0.75,
        0.75,
        0.8385254915624212,
        0.8477912478906585,
        1.0458250331675945,
        0.6782841915041544,
        0.9682458365518543,
        0.6959705453537527,
        0.82915619758885,
        0.8477912478906585,
        0.8100925873009825,
        0.7180703308172536,
        0.8660254037844386,
        0.7071067811865476,
        0.770551750371122
    ],
    [
        1.212709060453546,
        0.950146187582615,
        1.2054563451241194,
        0.9185586535436918,
        0.8926785535678563,
        0.0,
        0.8660254037844386,
        0.927960727138337,
        0.82915619758885,
        0.8100925873009825,
        1.140343217220686,
        0.82915619758885,
        0.875,
        0.9233092656309694,
        1.1388041973930374,
        0.9119389524859789,
        0.9100137361600648,
        0.9270248108869579,
        0.82915619758885,
        0.9013878188659973,
        0.9100137361600648,
        0.8660254037844386,
        0.8838834764831844,
        1.0383279828647594,
        0.927960727138337,
        0.8385254915624212,
        0.9762812094883317,
        0.8660254037844386,
        1.0502975768800002,
        0.8385254915624212,
        0.9100137361600648,
        1.0752906583803283,
        0.8994597143717876,
        0.9013878188659973,
        0.9013878188659973,
        0.8660254037844386,
        0.9013878188659973,
        0.8838834764831844,
        0.8477912478906585,
        0.9437293044088437,
        0.9363418772601764,
        0.8926785535678563,
        0.8660254037844386,
        0.9013878188659973,
        0.8477912478906585,
        0.9762812094883317,
        0.8926785535678563,
        0.9762812094883317,
        0.8838834764831844,
        1.0077822185373186
    ],
    [
        0.7755018125217308,
        1.0137937550497031,
        0.770551750371122,
        0.6123724356957945,
        0.7603453162872774,
        0.8660254037844386,
        0.0,
        0.7300589778306347,
        0.75,
        0.8569568250501305,
        1.1334715051827393,
        0.6846531968814576,
        0.6959705453537527,
        0.6923691212063114,
        1.2562344526401112,
        0.7828682220279634,
        0.9270248108869579,
        0.649519052838329,
        0.7905694150420949,
        0.673145600891813,
        0.7905694150420949,
        0.7806247497997998,
        0.5994789404140899,
        0.9682458365518543,
        0.7083333333333334,
        0.7905694150420949,
        0.5153882032022076,
        0.6373774391990981,
        0.7348469228349535,
        0.649519052838329,
        0.625,
        0.7905694150420949,
        0.8907315969346646,
        0.625,
        0.6123724356957945,
        0.7071067811865476,
        0.5994789404140899,
        0.7603453162872774,
        0.7071067811865476,
        1.015504800579495,
        0.6263873490988712,
        0.9354143466934853,
        0.5994789404140899,
        0.8100925873009825,
        0.7071067811865476,
        0.6123724356957945,
        0.6614378277661477,
        0.9270248108869579,
        0.8477912478906585,
        0.5994789404140899
    ],
    [
        0.9529388247039355,
        0.93355652093367,
        0.8090203266228166,
        0.6972166887783964,
        0.689706056551952,
        0.927960727138337,
        0.7300589778306347,
        0.0,
        0.8014743359029727,
        0.8599903100229289,
        1.1489020441401774,
        0.8057949835755716,
        0.7716774657271723,
        0.751433814635579,
        1.1195857368787,
        0.6631497370097835,
        0.9745012969605417,
        0.7614861201040444,
        0.8395600699837452,
        0.7817359599705717,
        0.9185586535436918,
        0.7716774657271723,
        0.7300589778306347,
        0.8819171036881969,
        0.689706056551952,
        0.7511565157216644,
        0.6744339190099436,
        0.7300589778306347,
        0.881168731477311,
        0.7916666666666667,
        0.7406828681096325,
        0.768295371441074,
        0.8549285220284663,
        0.6859199013814303,
        0.7916666666666667,
        0.7300589778306347,
        0.7817359599705717,
        0.7614861201040444,
        0.7861650943380504,
        0.9771699499632145,
        0.57282196186948,
        0.961046882889233,
        0.6871842709362768,
        0.7916666666666667,
        0.7817359599705717,
        0.6859199013814303,
        0.8207381501496754,
        0.9081039465709737,
        0.733617369235792,
        0.7916666666666667
    ],
    [
        1.0626125390579888,
        0.9745012969605417,
        1.0307764064044151,
        0.739509972887452,
        0.8385254915624212,
        0.82915619758885,
        0.75,
        0.8014743359029727,
        0.0,
        0.8100925873009825,
        1.0549325348387093,
        0.82915619758885,
        0.75,
        0.7660776723022281,
        1.1524430571616109,
        0.7927847457293968,
        1.0458250331675945,
        0.8660254037844386,
        0.8385254915624212,
        0.8660254037844386,
        0.9921567416492215,
        0.8385254915624212,
        0.82915619758885,
        1.0231690964840563,
        0.8848650242331376,
        0.770551750371122,
        0.770551750371122,
        0.7905694150420949,
        0.8544003745317532,
        0.8100925873009825,
        0.8100925873009825,
        0.9921567416492215,
        0.8640183897219884,
        0.8385254915624212,
        0.8003905296791061,
        0.7905694150420949,
        0.75,
        0.8100925873009825,
        0.82915619758885,
        1.0,
        0.8670271686118671,
        0.8838834764831844,
        0.7180703308172536,
        0.8838834764831844,
        0.75,
        0.8003905296791061,
        0.81967981553775,
        0.9013878188659973,
        0.9354143466934853,
        0.8003905296791061
    ],
    [
        1.1739628509924,
        0.9166666666666666,
        1.1388041973930374,
        0.9013878188659973,
        0.8477912478906585,
        0.8100925873009825,
        0.8569568250501305,
        0.8599903100229289,
        0.8100925873009825,
        0.0,
        1.119601559958374,
        0.8838834764831844,
        0.8003905296791061,
        0.8613216588476108,
        1.1388041973930374,
        0.8590009622004067,
        0.9354143466934853,
        0.9437293044088437,
        0.8100925873009825,
        0.8385254915624212,
        0.9185586535436918,
        0.8385254915624212,
        0.81967981553775,
        1.0231690964840563,
        0.8690272339422588,
        0.8100925873009825,
        0.9013878188659973,
        0.9100137361600648,
        0.9317322576792112,
        0.9013878188659973,
        0.8100925873009825,
        1.0897247358851685,
        0.9418878796214429,
        0.7905694150420949,
        0.9185586535436918,
        0.7905694150420949,
        0.8926785535678563,
        0.7905694150420949,
        0.8838834764831844,
        0.9842509842514764,
        0.9213893494789992,
        0.9682458365518543,
        0.770551750371122,
        0.8569568250501305,
        0.8003905296791061,
        0.9270248108869579,
        0.8385254915624212,
        0.9185586535436918,
        0.8569568250501305,
        0.9354143466934853
    ],
    [
        1.5826506763228916,
        1.2305171008973859,
        1.3017354977576854,
        1.2197879541384333,
        1.1393640814963764,
        1.140343217220686,
        1.1334715051827393,
        1.1489020441401774,
        1.0549325348387093,
        1.119601559958374,
        0.0,
        1.1471737675963587,
        1.091332970756966,
        1.100214496712123,
        1.2259159424524928,
        1.0458250331675945,
        1.163595325546065,
        1.3063815112979915,
        1.0400156984686455,
        1.1873321578485208,
        1.18073394677261,
        1.167425652048654,
        1.1873321578485208,
        1.1163214005776987,
        1.0841670000051775,
        1.1607142857142858,
        1.2761299514787765,
        1.232530994766957,
        0.9844907001975743,
        1.1334715051827393,
        1.1740986555912687,
        1.2620591774346157,
        1.0599751580112182,
        1.1740986555912687,
        1.0696413665622813,
        1.153963887243108,
        1.2004197820184506,
        1.1740986555912687,
        1.1334715051827393,
        1.1938939036033414,
        1.232027829919497,
        1.1471737675963587,
        1.1156070462455197,
        1.2393680499614739,
        1.091332970756966,
        1.2943657338871517,
        1.112601749531801,
        1.1015121795207954,
        1.132486428264852,
        1.2004197820184506
    ],
    [
        1.0672537712488523,
        0.9474014167418394,
        1.0077822185373186,
        0.8477912478906585,
        0.82915619758885,
        0.82915619758885,
        0.6846531968814576,
        0.8057949835755716,
        0.82915619758885,
        0.8838834764831844,
        1.1471737675963587,
        0.0,
        0.81967981553775,
        0.8143248737451165,
        1.1388041973930374,
        0.802578751937294,
        0.960143218483576,
        0.875,
        0.81967981553775,
        0.8385254915624212,
        0.82915619758885,
        0.8477912478906585,
        0.770551750371122,
        0.9842509842514764,
        0.7916666666666667,
        0.8838834764831844,
        0.875,
        0.6846531968814576,
        0.8562271894771855,
        0.7905694150420949,
        0.7603453162872774,
        0.9354143466934853,
        0.8405933750763339,
        0.75,
        0.8385254915624212,
        0.7603453162872774,
        0.8003905296791061,
        0.7603453162872774,
        0.770551750371122,
        0.9270248108869579,
        0.8343743497708661,
        0.8926785535678563,
        0.7288689868556626,
        0.8003905296791061,
        0.7603453162872774,
        0.8569568250501305,
        0.8100925873009825,
        0.9682458365518543,
        0.875,
        0.8385254915624212
    ],
    [
        1.0330939760086233,
        0.9166666666666666,
        1.0680004681646913,
        0.7288689868556626,
        0.8477912478906585,
        0.875,
        0.6959705453537527,
        0.7716774657271723,
        0.75,
        0.8003905296791061,
        1.091332970756966,
        0.81967981553775,
        0.0,
        0.796084166404533,
        1.1989578808281798,
        0.802578751937294,
        0.9437293044088437,
        0.75,
        0.82915619758885,
        0.7806247497997998,
        0.9270248108869579,
        0.7603453162872774,
        0.7603453162872774,
        0.9842509842514764,
        0.8670271686118671,
        0.739509972887452,
        0.7603453162872774,
        0.7180703308172536,
        0.9905806378079476,
        0.7806247497997998,
        0.739509972887452,
        1.0,
        0.9081039465709737,
        0.739509972887452,
        0.7288689868556626,
        0.739509972887452,
        0.75,
        0.7071067811865476,
        0.82915619758885,
        0.9519716382329886,
        0.8207381501496754,
        0.9100137361600648,
        0.770551750371122,
        0.7806247497997998,
        0.7806247497997998,
        0.75,
        0.82915619758885,
        0.8569568250501305,
        0.8569568250501305,
        0.8477912478906585
    ],
    [
        0.9578555449011917,
        0.9525550436122372,
        0.7976528066771909,
        0.6562202374203343,
        0.675,
        0.9233092656309694,
        0.6923691212063114,
        0.751433814635579,
        0.7660776723022281,
        0.8613216588476108,
        1.100214496712123,
        0.8143248737451165,
        0.796084166404533,
        0.0,
        1.1423659658795864,
        0.7853164577261259,
        1.0335013304297194,
        0.6437196594791866,
        0.8710625695092173,
        0.7762087348130012,
        0.9701803955966128,
        0.8154753215150046,
        0.724137417898012,
        0.8821139382188676,
        0.7320538079798354,
        0.8253787009609589,
        0.6680194607943694,
        0.7132671308843553,
        0.8173891362135908,
        0.7762087348130012,
        0.7132671308843553,
        0.7474958193863027,
        0.8608781046763305,
        0.6562202374203343,
        0.8058380730643099,
        0.7132671308843553,
        0.6194755846681933,
        0.7623975340988454,
        0.702228595259407,
        0.9968701018688443,
        0.7409640866990639,
        0.9219544457292888,
        0.5894913061275798,
        0.7976528066771909,
        0.7558108228915488,
        0.6680194607943694,
        0.7660776723022281,
        0.7713624310270756,
        0.7766112283504535,
        0.7348469228349535
    ],
    [
        1.456862718169367,
        1.0809268142560706,
        1.3050383136138188,
        1.299038105676658,
        1.0825317547305484,
        1.1388041973930374,
        1.2562344526401112,
        1.1195857368787,
        1.1524430571616109,
        1.1388041973930374,
        1.2259159424524928,
        1.1388041973930374,
        1.1989578808281798,
        1.1423659658795864,
        0.0,
        1.0898710371190805,
        1.1524430571616109,
        1.3050383136138188,
        1.165922381636102,
        1.2054563451241194,
        1.2747548783981961,
        1.224744871391589,
        1.2747548783981961,
        1.0532687216470449,
        1.1234557302260635,
        1.1726039399558574,
        1.4142135623730951,
        1.25,
        1.2429802894656055,
        1.2747548783981961,
        1.231107225224513,
        1.2624381172952597,
        1.1211353372561426,
        1.2624381172952597,
        1.224744871391589,
        1.2119199643540823,
        1.334634781503914,
        1.1989578808281798,
        1.2054563451241194,
        1.1792476415070754,
        1.2506942516503028,
        1.159202311936963,
        1.14564392373896,
        1.2562344526401112,
        1.231107225224513,
        1.357847561400027,
        1.2054563451241194,
        1.118033988749895,
        1.0897247358851685,
        1.357847561400027
    ],
    [
        1.0475006697187474,
        0.9429593499196596,
        0.9138601129945704,
        0.7523348011764606,
        0.708008128628536,
        0.9119389524859789,
        0.7828682220279634,
        0.6631497370097835,
        0.7927847457293968,
        0.8590009622004067,
        1.0458250331675945,
        0.802578751937294,
        0.802578751937294,
        0.7853164577261259,
        1.0898710371190805,
        0.0,
        0.9573160824057293,
        0.7977967108460241,
        0.7728244645850858,
        0.8312687008790987,
        0.9119389524859789,
        0.8218166785002751,
        0.7312712581944025,
        0.8638133301748446,
        0.7523583480630934,
        0.8406144497099871,
        0.762648446573665,
        0.762648446573665,
        0.8423273153130255,
        0.8312687008790987,
        0.741877788494321,
        0.8921425711997711,
        0.8651863010941094,
        0.7523348011764606,
        0.8312687008790987,
        0.7728244645850858,
        0.7205086072082862,
        0.8312687008790987,
        0.7927847457293968,
        0.989743318610787,
        0.7720217443156282,
        0.8946410749910964,
        0.7576144084141581,
        0.8320355540872675,
        0.802578751937294,
        0.741877788494321,
        0.7927847457293968,
        0.8718968296952645,
        0.8108794671244807,
        0.802578751937294
    ],
    [
        1.3598422402497088,
        1.0316182002616623,
        1.2624381172952597,
        1.0458250331675945,
        1.015504800579495,
        0.9100137361600648,
        0.9270248108869579,
        0.9745012969605417,
        1.0458250331675945,
        0.9354143466934853,
        1.163595325546065,
        0.960143218483576,
        0.9437293044088437,
        1.0335013304297194,
        1.1524430571616109,
        0.9573160824057293,
        0.0,
        1.0383279828647594,
        0.8926785535678563,
        0.9185586535436918,
        1.0383279828647594,
        0.9762812094883317,
        1.0231690964840563,
        1.0680004681646913,
        0.9745012969605417,
        0.9762812094883317,
        1.1110243021644486,
        0.9270248108869579,
        1.1548809462451097,
        0.9437293044088437,
        0.9921567416492215,
        1.1792476415070754,
        1.0540925533894598,
        1.015504800579495,
        1.0383279828647594,
        0.9682458365518543,
        1.0458250331675945,
        0.9921567416492215,
        0.9519716382329886,
        0.9270248108869579,
        0.982485510212633,
        1.0231690964840563,
        0.9519716382329886,
        0.9519716382329886,
        0.9519716382329886,
        1.14564392373896,
        1.0307764064044151,
        1.0307764064044151,
        0.9921567416492215,
        1.1319231422671772
    ],
    [
        0.9581484589497365,
        0.9745012969605417,
        0.8926785535678563,
        0.6123724356957945,
        0.7905694150420949,
        0.9270248108869579,
        0.649519052838329,
        0.7614861201040444,
        0.8660254037844386,
        0.9437293044088437,
        1.3063815112979915,
        0.875,
        0.75,
        0.6437196594791866,
        1.3050383136138188,
        0.7977967108460241,
        1.0383279828647594,
        0.0,
        0.9013878188659973,
        0.770551750371122,
        0.9762812094883317,
        0.9270248108869579,
        0.673145600891813,
        1.0897247358851685,
        0.9195031871130797,
        0.9185586535436918,
        0.5994789404140899,
        0.6373774391990981,
        0.9400797838481583,
        0.81967981553775,
        0.770551750371122,
        0.9013878188659973,
        0.9483172230617535,
        0.6846531968814576,
        0.81967981553775,
        0.770551750371122,
        0.6123724356957945,
        0.7603453162872774,
        0.7806247497997998,
        1.0231690964840563,
        0.6152009608430583,
        0.9921567416492215,
        0.7071067811865476,
        0.8100925873009825,
        0.8569568250501305,
        0.5863019699779287,
        0.7288689868556626,
        1.0,
        0.8838834764831844,
        0.7288689868556626
    ],
    [
        1.0847387534633885,
        0.9745012969605417,
        1.165922381636102,
        0.8569568250501305,
        0.7806247497997998,
        0.82915619758885,
        0.7905694150420949,
        0.8395600699837452,
        0.8385254915624212,
        0.8100925873009825,
        1.0400156984686455,
        0.81967981553775,
        0.82915619758885,
        0.8710625695092173,
        1.165922381636102,
        0.7728244645850858,
        0.8926785535678563,
        0.9013878188659973,
        0.0,
        0.7905694150420949,
        0.8569568250501305,
        0.7603453162872774,
        0.7806247497997998,
        0.9354143466934853,
        0.8579691784155834,
        0.770551750371122,
        0.9270248108869579,
        0.8569568250501305,
        0.9188987974744554,
        0.8385254915624212,
        0.7806247497997998,
        0.960143218483576,
        0.8364524958285304,
        0.7905694150420949,
        0.8100925873009825,
        0.75,
        0.82915619758885,
        0.81967981553775,
        0.8385254915624212,
        0.9354143466934853,
        0.9195031871130797,
        0.8660254037844386,
        0.770551750371122,
        0.8660254037844386,
        0.75,
        0.9270248108869579,
        0.7180703308172536,
        0.9185586535436918,
        0.8477912478906585,
        0.9013878188659973
    ],
    [
        0.9604752756328716,
        0.9260879487872029,
        1.0458250331675945,
        0.6846531968814576,
        0.75,
        0.9013878188659973,
        0.673145600891813,
        0.7817359599705717,
        0.8660254037844386,
        0.8385254915624212,
        1.1873321578485208,
        0.8385254915624212,
        0.7806247497997998,
        0.7762087348130012,
        1.2054563451241194,
        0.8312687008790987,
        0.9185586535436918,
        0.770551750371122,
        0.7905694150420949,
        0.0,
        0.7603453162872774,
        0.7288689868556626,
        0.649519052838329,
        0.9354143466934853,
        0.8670271686118671,
        0.8477912478906585,
        0.75,
        0.739509972887452,
        0.9165151389911681,
        0.739509972887452,
        0.7603453162872774,
        0.9437293044088437,
        0.8270597183866336,
        0.6614378277661477,
        0.770551750371122,
        0.5994789404140899,
        0.649519052838329,
        0.8385254915624212,
        0.7806247497997998,
        0.9354143466934853,
        0.7511565157216644,
        0.8926785535678563,
        0.7180703308172536,
        0.739509972887452,
        0.7180703308172536,
        0.7603453162872774,
        0.7288689868556626,
        0.9013878188659973,
        0.7603453162872774,
        0.739509972887452
    ],
    [
        1.0289185922062811,
        1.0663736576724772,
        1.1110243021644486,
        0.875,
        0.8385254915624212,
        0.9100137361600648,
        0.7905694150420949,
        0.9185586535436918,
        0.9921567416492215,
        0.9185586535436918,
        1.18073394677261,
        0.82915619758885,
        0.9270248108869579,
        0.9701803955966128,
        1.2747548783981961,
        0.9119389524859789,
        1.0383279828647594,
        0.9762812094883317,
        0.8569568250501305,
        0.7603453162872774,
        0.0,
        0.8100925873009825,
        0.8003905296791061,
        0.8926785535678563,
        0.8579691784155834,
        0.9185586535436918,
        0.9354143466934853,
        0.9100137361600648,
        0.9062284480195929,
        0.75,
        0.8003905296791061,
        0.9437293044088437,
        0.932626220233308,
        0.8569568250501305,
        0.7905694150420949,
        0.8003905296791061,
        0.8660254037844386,
        0.9013878188659973,
        0.8477912478906585,
        1.0383279828647594,
        0.8759915017345267,
        0.9100137361600648,
        0.8569568250501305,
        0.81967981553775,
        0.8003905296791061,
        0.9100137361600648,
        0.8477912478906585,
        0.9682458365518543,
        0.8385254915624212,
        0.8569568250501305
    ],
    [
        1.0602091149140997,
        0.9982623792259117,
        1.1319231422671772,
        0.75,
        0.8100925873009825,
        0.8660254037844386,
        0.7806247497997998,
        0.7716774657271723,
        0.8385254915624212,
        0.8385254915624212,
        1.167425652048654,
        0.8477912478906585,
        0.7603453162872774,
        0.8154753215150046,
        1.224744871391589,
        0.8218166785002751,
        0.9762812094883317,
        0.9270248108869579,
        0.7603453162872774,
        0.7288689868556626,
        0.8100925873009825,
        0.0,
        0.7071067811865476,
        0.9100137361600648,
        0.8395600699837452,
        0.739509972887452,
        0.8477912478906585,
        0.7071067811865476,
        0.8881159834165806,
        0.673145600891813,
        0.6614378277661477,
        0.9354143466934853,
        0.8364524958285304,
        0.6959705453537527,
        0.6959705453537527,
        0.7180703308172536,
        0.7180703308172536,
        0.81967981553775,
        0.7905694150420949,
        0.9270248108869579,
        0.8579691784155834,
        0.875,
        0.7180703308172536,
        0.8477912478906585,
        0.7603453162872774,
        0.739509972887452,
        0.7288689868556626,
        0.8385254915624212,
        0.7905694150420949,
        0.8100925873009825
    ],
    [
        0.9126380242271884,
        0.9583333333333334,
        0.9762812094883317,
        0.5863019699779287,
        0.7071067811865476,
        0.8838834764831844,
        0.5994789404140899,
        0.7300589778306347,
        0.82915619758885,
        0.81967981553775,
        1.1873321578485208,
        0.770551750371122,
        0.7603453162872774,
        0.724137417898012,
        1.2747548783981961,
        0.7312712581944025,
        1.0231690964840563,
        0.673145600891813,
        0.7806247497997998,
        0.649519052838329,
        0.8003905296791061,
        0.7071067811865476,
        0.0,
        1.0077822185373186,
        0.8488145328109735,
        0.82915619758885,
        0.649519052838329,
        0.6373774391990981,
        0.8884677821958431,
        0.7180703308172536,
        0.6123724356957945,
        0.875,
        0.7783975705112252,
        0.6123724356957945,
        0.6614378277661477,
        0.6846531968814576,
        0.6123724356957945,
        0.8003905296791061,
        0.6959705453537527,
        0.9519716382329886,
        0.7192781875680029,
        0.9270248108869579,
        0.673145600891813,
        0.81967981553775,
        0.673145600891813,
        0.649519052838329,
        0.6959705453537527,
        0.8926785535678563,
        0.75,
        0.6614378277661477
    ],
    [
        1.135017755862193,
        1.084134319271474,
        0.9437293044088437,
        0.9762812094883317,
        0.81967981553775,
        1.0383279828647594,
        0.9682458365518543,
        0.8819171036881969,
        1.0231690964840563,
        1.0231690964840563,
        1.1163214005776987,
        0.9842509842514764,
        0.9842509842514764,
        0.8821139382188676,
        1.0532687216470449,
        0.8638133301748446,
        1.0680004681646913,
        1.0897247358851685,
        0.9354143466934853,
        0.9354143466934853,
        0.8926785535678563,
        0.9100137361600648,
        1.0077822185373186,
        0.0,
        0.8175590362645243,
        0.9682458365518543,
        1.0532687216470449,
        1.0,
        0.9611191393370543,
        0.9437293044088437,
        0.9762812094883317,
        0.8100925873009825,
        0.8848650242331376,
        0.960143218483576,
        0.9270248108869579,
        0.9185586535436918,
        0.9921567416492215,
        0.9270248108869579,
        0.9519716382329886,
        1.015504800579495,
        0.9138213416442212,
        1.015504800579495,
        0.8100925873009825,
        0.9682458365518543,
        0.9013878188659973,
        1.0458250331675945,
        0.8926785535678563,
        0.9437293044088437,
        0.875,
        1.0383279828647594
    ],
    [
        0.9672206950928381,
        0.9537935951882998,
        0.8640183897219884,
        0.8302024518821365,
        0.7648983229452424,
        0.927960727138337,
        0.7083333333333334,
        0.689706056551952,
        0.8848650242331376,
        0.8690272339422588,
        1.0841670000051775,
        0.7916666666666667,
        0.8670271686118671,
        0.7320538079798354,
        1.1234557302260635,
        0.7523583480630934,
        0.9745012969605417,
        0.9195031871130797,
        0.8579691784155834,
        0.8670271686118671,
        0.8579691784155834,
        0.8395600699837452,
        0.8488145328109735,
        0.8175590362645243,
        0.0,
        0.8207381501496754,
        0.8848650242331376,
        0.8579691784155834,
        0.8453713845274027,
        0.8759915017345267,
        0.7716774657271723,
        0.7883703303510209,
        0.8670271686118671,
        0.7916666666666667,
        0.8488145328109735,
        0.8488145328109735,
        0.8395600699837452,
        0.7993052538854533,
        0.8670271686118671,
        0.9851325347947408,
        0.722889648870728,
        0.9771699499632145,
        0.6934715407122183,
        0.8759915017345267,
        0.8111634305804911,
        0.8579691784155834,
        0.8207381501496754,
        0.950146187582615,
        0.7850601533923655,
        0.8670271686118671
    ],
    [
        1.0514506500011092,
        0.8994597143717876,
        1.0606601717798212,
        0.75,
        0.82915619758885,
        0.8385254915624212,
        0.7905694150420949,
        0.7511565157216644,
        0.770551750371122,
        0.8100925873009825,
        1.1607142857142858,
        0.8838834764831844,
        0.739509972887452,
        0.8253787009609589,
        1.1726039399558574,
        0.8406144497099871,
        0.9762812094883317,
        0.9185586535436918,
        0.770551750371122,
        0.8477912478906585,
        0.9185586535436918,
        0.739509972887452,
        0.82915619758885,
        0.9682458365518543,
        0.8207381501496754,
        0.0,
        0.81967981553775,
        0.81967981553775,
        0.9483538369195329,
        0.7806247497997998,
        0.7288689868556626,
        1.0307764064044151,
        0.9081039465709737,
        0.8003905296791061,
        0.8477912478906585,
        0.739509972887452,
        0.8100925873009825,
        0.8385254915624212,
        0.8660254037844386,
        0.960143218483576,
        0.8670271686118671,
        0.9437293044088437,
        0.739509972887452,
        0.7806247497997998,
        0.7180703308172536,
        0.8003905296791061,
        0.7905694150420949,
        0.875,
        0.8926785535678563,
        0.8926785535678563
    ],
    [
        0.7836824377675604,
        1.0137937550497031,
        0.8477912478906585,
        0.4841229182759271,
        0.7806247497997998,
        0.9762812094883317,
        0.5153882032022076,
        0.6744339190099436,
        0.770551750371122,
        0.9013878188659973,
        1.2761299514787765,
        0.875,
        0.7603453162872774,
        0.6680194607943694,
        1.4142135623730951,
        0.762648446573665,
        1.1110243021644486,
        0.5994789404140899,
        0.9270248108869579,
        0.75,
        0.9354143466934853,
        0.8477912478906585,
        0.649519052838329,
        1.0532687216470449,
        0.8848650242331376,
        0.81967981553775,
        0.0,
        0.6846531968814576,
        0.9263503656824453,
        0.7180703308172536,
        0.625,
        0.81967981553775,
        0.9251501379656049,
        0.5863019699779287,
        0.6614378277661477,
        0.739509972887452,
        0.5153882032022076,
        0.75,
        0.7905694150420949,
        1.1388041973930374,
        0.5877806658194119,
        1.0077822185373186,
        0.6614378277661477,
        0.8569568250501305,
        0.8003905296791061,
        0.3535533905932738,
        0.6846531968814576,
        0.960143218483576,
        0.875,
        0.5303300858899106
    ],
    [
        1.0847387534633885,
        0.9664511253952668,
        1.0077822185373186,
        0.673145600891813,
        0.81967981553775,
        0.8660254037844386,
        0.6373774391990981,
        0.7300589778306347,
        0.7905694150420949,
        0.9100137361600648,
        1.232530994766957,
        0.6846531968814576,
        0.7180703308172536,
        0.7132671308843553,
        1.25,
        0.762648446573665,
        0.9270248108869579,
        0.6373774391990981,
        0.8569568250501305,
        0.739509972887452,
        0.9100137361600648,
        0.7071067811865476,
        0.6373774391990981,
        1.0,
        0.8579691784155834,
        0.81967981553775,
        0.6846531968814576,
        0.0,
        0.9107002800043493,
        0.7288689868556626,
        0.7905694150420949,
        0.8660254037844386,
        0.8364524958285304,
        0.7180703308172536,
        0.7180703308172536,
        0.6846531968814576,
        0.7180703308172536,
        0.8569568250501305,
        0.7071067811865476,
        0.9185586535436918,
        0.6744339190099436,
        0.9354143466934853,
        0.739509972887452,
        0.6959705453537527,
        0.7288689868556626,
        0.6846531968814576,
        0.7288689868556626,
        0.8838834764831844,
        0.8477912478906585,
        0.7180703308172536
    ],
    [
        0.898950635406616,
        1.1575236978615648,
        0.6219927652312365,
        0.9692135987490065,
        0.8116341540373964,
        1.0502975768800002,
        0.7348469228349535,
        0.881168731477311,
        0.8544003745317532,
        0.9317322576792112,
        0.9844907001975743,
        0.8562271894771855,
        0.9905806378079476,
        0.8173891362135908,
        1.2429802894656055,
        0.8423273153130255,
        1.1548809462451097,
        0.9400797838481583,
        0.9188987974744554,
        0.9165151389911681,
        0.9062284480195929,
        0.8881159834165806,
        0.8884677821958431,
        0.9611191393370543,
        0.8453713845274027,
        0.9483538369195329,
        0.9263503656824453,
        0.9107002800043493,
        0.0,
        0.754983443527075,
        0.7558108228915488,
        0.934411579551538,
        1.0203144940000934,
        0.8223442101699263,
        0.7171994143890527,
        0.9852030247619016,
        0.8544003745317532,
        0.9148087231765993,
        0.8717797887081347,
        1.1426394882026438,
        0.7467987234411514,
        1.019803902718557,
        0.7640353394968062,
        0.9483538369195329,
        0.9526279441628827,
        0.8923284148787374,
        0.8242420760917268,
        0.9377499666755525,
        0.846684711093805,
        0.7901740314639554
    ],
    [
        0.90403714706051,
        1.0137937550497031,
        0.9762812094883317,
        0.7071067811865476,
        0.673145600891813,
        0.8385254915624212,
        0.649519052838329,
        0.7916666666666667,
        0.8100925873009825,
        0.9013878188659973,
        1.1334715051827393,
        0.7905694150420949,
        0.7806247497997998,
        0.7762087348130012,
        1.2747548783981961,
        0.8312687008790987,
        0.9437293044088437,
        0.81967981553775,
        0.8385254915624212,
        0.739509972887452,
