[
    [
        0.0,
        0.3811347161765771,
        0.39311705079403514,
        0.32700702400713044,
        0.34410493039914436,
        0.5111071010561289,
        0.24754655496491967,
        0.265625,
        0.240035804620894,
        0.5193990668310832,
        0.2943975575221371,
        0.2910615001593306,
        0.3661054535581244,
        0.234375,
        0.27332587007087344,
        0.3156095293238149,
        0.2692763740564701,
        0.28980057798424075,
        0.46561451330472936,
        0.3401803290168319,
        0.4230308240837776,
        0.3205981957606749,
        0.34161267357930386,
        0.31093357409581873,
        0.30737993082665627,
        0.2881107642904027,
        0.32249636625859834,
        0.41546049375963534,
        0.2976962325509008,
        0.4095419506900362,
        0.27599252707274524,
        0.33693529145074724,
        0.2976962325509008,
        0.2628531850196988,
        0.3125,
        0.2538762001448738,
        0.34903606099513557,
        0.3081731706768128,
        0.30136408628102984,
        0.2572199630180364,
        0.28768675999253074,
        0.27018150727797785,
        0.3329261836353518,
        0.3217384419058438,
        0.2795084971874737,
        0.5153882032022076,
        0.33946189035000673,
        0.29522568168267477,
        0.5319388915796626
    ],
    [
        0.3811347161765771,
        0.0,
        0.24256522962906288,
        0.15309310892394862,
        0.23799290955824715,
        0.23333100817293873,
        0.14740595518838442,
        0.27018150727797785,
        0.301768873684812,
        0.23385358667337133,
        0.19702375332685143,
        0.18087245160609727,
        0.1570293065800139,
        0.3125,
        0.18221724671391565,
        0.16682934768798924,
        0.30378472023786846,
        0.15309310892394862,
        0.2170694373351532,
        0.08838834764831845,
        0.17258376589355096,
        0.19452968121857395,
        0.10004881620988826,
        0.2430679560328757,
        0.2170694373351532,
        0.19515618744994995,
        0.18814991529362962,
        0.1781524101717403,
        0.1269381000724369,
        0.1950171377796777,
        0.19825902406952375,
        0.1753901900050285,
        0.17469281074217108,
        0.14490028899212037,
        0.22426093897511443,
        0.19008632907181935,
        0.19948664585630788,
        0.16755945773068137,
        0.31328027587130347,
        0.2125229766989913,
        0.2159417962669571,
        0.21194781197266463,
        0.22413994574322935,
        0.1335000585205864,
        0.20846350100197397,
        0.22803936748947537,
        0.2415566380271923,
        0.28081563680642857,
        0.2548360379734389
    ],
    [
        0.39311705079403514,
        0.24256522962906288,
        0.0,
        0.45981059279881753,
        0.3934274472504429,
        0.6597747603349191,
        0.2614562582918986,
        0.28254908312539256,
        0.3458741190809165,
        0.6218671481916375,
        0.4139887906091178,
        0.4624577683421482,
        0.443871022229431,
        0.44852187795022885,
        0.3811347161765771,
        0.30935921676911454,
        0.38590903235088964,
        0.42647950199863066,
        0.6232397085993479,
        0.42790824805091104,
        0.5191639914323797,
        0.5264025164975943,
        0.2348952559120767,
        0.4253330496505062,
        0.5007318862175646,
        0.2430679560328757,
        0.4721232790543165,
        0.5544123437253179,
        0.265625,
        0.5235087534421518,
        0.39621007290956145,
        0.39404750665370286,
        0.43666214414006627,
        0.23799290955824715,
        0.4358226775306673,
        0.24853083938416978,
        0.4504229782937367,
        0.4563463083284448,
        0.28853414550967793,
        0.328125,
        0.338020432074749,
        0.2181912506838897,
        0.5449868197310423,
        0.23175620272173947,
        0.32738010687120256,
        0.6224557589700653,
        0.5319388915796626,
        0.3814548629916782,
        0.2460627460628691
    ],
    [
        0.32700702400713044,
        0.15309310892394862,
        0.45981059279881753,
        0.0,
        0.15388840315306412,
        0.21423920626253262,
        0.1753901900050285,
        0.3236299246438747,
        0.2781952158557009,
        0.1781524101717403,
        0.1288470508005519,
        0.08267972847076846,
        0.08118988160479113,
        0.19008632907181935,
        0.10245997694221876,
        0.15068204314051492,
        0.25048780534189685,
        0.18288593610499415,
        0.1660960283239789,
        0.14823176532039278,
        0.10711960313126631,
        0.13975424859373686,
        0.14740595518838442,
        0.184877493221863,
        0.20904825250405706,
        0.3121091305537215,
        0.09110862335695782,
        0.1307281291459493,
        0.1616262567623219,
        0.127683861168034,
        0.21875,
        0.1269381000724369,
        0.10245997694221876,
        0.31483502624390447,
        0.1926379375927805,
        0.19702375332685143,
        0.11796616305110547,
        0.14405538214520136,
        0.43441996170180763,
        0.265625,
        0.15229366163764005,
        0.3325593227155119,
        0.09214482298413613,
        0.19578068884596356,
        0.240035804620894,
        0.1801962905417312,
        0.17469281074217108,
        0.1795175827043134,
        0.5
    ],
    [
        0.34410493039914436,
        0.23799290955824715,
        0.3934274472504429,
        0.15388840315306412,
        0.0,
        0.1795175827043134,
        0.17328963291264715,
        0.338381372307933,
        0.2628531850196988,
        0.1608692209529219,
        0.11158481919598204,
        0.14405538214520136,
        0.13799626353637262,
        0.23799290955824715,
        0.15625,
        0.1795175827043134,
        0.3465792658252943,
        0.17044862679118303,
        0.15229366163764005,
        0.2096313728906053,
        0.12597277731716483,
        0.15309310892394862,
        0.22152260748059102,
        0.20787710461953235,
        0.1753901900050285,
        0.40293115494461335,
        0.1335000585205864,
        0.12979099785809492,
        0.15546678704790937,
        0.14215983399954357,
        0.19825902406952375,
        0.11158481919598204,
        0.11267347735824966,
        0.35458767868469426,
        0.14405538214520136,
        0.213096589015404,
        0.10481568644530265,
        0.13710881855300192,
        0.4550068680800324,
        0.3217384419058438,
        0.14405538214520136,
        0.36241917202322504,
        0.12895227503270779,
        0.25291271962872885,
        0.26972932033800107,
        0.16682934768798924,
        0.14235052467412967,
        0.18154609435347266,
        0.5982559287211452
    ],
    [
        0.5111071010561289,
        0.23333100817293873,
        0.6597747603349191,
        0.21423920626253262,
        0.1795175827043134,
        0.0,
        0.33729739288942034,
        0.46113608010542834,
        0.3881169483866944,
        0.06051536478449089,
        0.17044862679118303,
        0.19390115071860714,
        0.15309310892394862,
        0.39497577061764183,
        0.2773162398327945,
        0.24256522962906288,
        0.39927913559939493,
        0.21021287573552672,
        0.05412658773652741,
        0.20432338797846908,
        0.10004881620988826,
        0.12303137303143455,
        0.26608416196760004,
        0.23696485762661096,
        0.14657549249448218,
        0.5084731279772806,
        0.1767766952966369,
        0.07967217989988726,
        0.31868871959954903,
        0.09603692143013422,
        0.1801962905417312,
        0.19200321449132043,
        0.16535945694153692,
        0.4236075534914362,
        0.14149039278339715,
        0.3590351654086268,
        0.1608692209529219,
        0.18087245160609727,
        0.5702589872154581,
        0.3329261836353518,
        0.29646353064078557,
        0.4595450365578982,
        0.15050190913333217,
        0.35561895864815757,
        0.32738010687120256,
        0.04941058844013093,
        0.1307281291459493,
        0.2628531850196988,
        0.5894167535581255
    ],
    [
        0.24754655496491967,
        0.14740595518838442,
        0.2614562582918986,
        0.1753901900050285,
        0.17328963291264715,
        0.33729739288942034,
        0.0,
        0.2405438174740727,
        0.1907274314958391,
        0.31522251565362525,
        0.1335000585205864,
        0.1875,
        0.17746588580625855,
        0.14490028899212037,
        0.12979099785809492,
        0.18087245160609727,
        0.17746588580625855,
        0.16461958988832404,
        0.3021731188408393,
        0.16010860571811872,
        0.23385358667337133,
        0.18154609435347266,
        0.19825902406952375,
        0.18221724671391565,
        0.234375,
        0.18087245160609727,
        0.19764235376052372,
        0.23747943989954162,
        0.07328774624724109,
        0.23816382010778497,
        0.1788362990978062,
        0.12789613706050704,
        0.1288470508005519,
        0.1616262567623219,
        0.1887975933374152,
        0.15467960838455727,
        0.1570293065800139,
        0.16828640022295324,
        0.3398212995458054,
        0.20009763241977652,
        0.13975424859373686,
        0.19764235376052372,
        0.24144431221873455,
        0.1660960283239789,
        0.1788362990978062,
        0.31366968593569894,
        0.24951124097923924,
        0.16828640022295324,
        0.39713328209808857
    ],
    [
        0.265625,
        0.27018150727797785,
        0.28254908312539256,
        0.3236299246438747,
        0.338381372307933,
        0.46113608010542834,
        0.2405438174740727,
        0.0,
        0.2275034340400162,
        0.46822887699286553,
        0.3053878169639385,
        0.3167677333236452,
        0.34303903750156484,
        0.2829807855667943,
        0.27466243486323355,
        0.275106513463422,
        0.18087245160609727,
        0.1887975933374152,
        0.43385760552858815,
        0.25958199571618984,
        0.39805435008928114,
        0.28895690638917076,
        0.30095875444153475,
        0.24256522962906288,
        0.2159417962669571,
        0.2013140426050801,
        0.318305449804115,
        0.3694247005480278,
        0.2872621298570349,
        0.3592617575204278,
        0.1788362990978062,
        0.3089643739575811,
        0.28081563680642857,
        0.2209708691207961,
        0.22534695471649932,
        0.2799448885495143,
        0.32960973608951544,
        0.2533949178160446,
        0.140625,
        0.15546678704790937,
        0.32775276505317236,
        0.20372507516258279,
        0.33353672180386174,
        0.23017062285400366,
        0.14405538214520136,
        0.460075995760483,
        0.2893790496476896,
        0.3627558364451219,
        0.3714020101251473
    ],
    [
        0.240035804620894,
        0.301768873684812,
        0.3458741190809165,
        0.2781952158557009,
        0.2628531850196988,
        0.3881169483866944,
        0.1907274314958391,
        0.2275034340400162,
        0.0,
        0.38654115240165565,
        0.22480460265528374,
        0.23747943989954162,
        0.27421763710600383,
        0.1926379375927805,
        0.20009763241977652,
        0.2385052737886523,
        0.18944305707784595,
        0.2013140426050801,
        0.3542432515235823,
        0.24853083938416978,
        0.3167677333236452,
        0.23228232417685166,
        0.2755498763835687,
        0.1753901900050285,
        0.23385358667337133,
        0.20669932117692114,
        0.25291271962872885,
        0.30618621784789724,
        0.23385358667337133,
        0.29448968631723293,
        0.22207297505549836,
        0.22480460265528374,
        0.203125,
        0.25146057717861064,
        0.22696623509896796,
        0.2049199538844375,
        0.24206145913796356,
        0.19948664585630788,
        0.2647042866577721,
        0.19452968121857395,
        0.23593232610221093,
        0.24407030237208294,
        0.2563748848799785,
        0.23644915547533682,
        0.20904825250405706,
        0.3899994991983964,
        0.22857404434887177,
        0.25,
        0.4621937330546575
    ],
    [
        0.5193990668310832,
        0.23385358667337133,
        0.6218671481916375,
        0.1781524101717403,
        0.1608692209529219,
        0.06051536478449089,
        0.31522251565362525,
        0.46822887699286553,
        0.38654115240165565,
        0.0,
        0.16387638252658618,
        0.18355218944485516,
        0.12303137303143455,
        0.3890593624371479,
        0.2509746625657658,
        0.225888004606265,
        0.4128076504257158,
        0.21423920626253262,
        0.034938562148434216,
        0.2072890493972125,
        0.08267972847076846,
        0.1514899955442603,
        0.2576941016011038,
        0.2548360379734389,
        0.15934435979977452,
        0.5270977435447812,
        0.15068204314051492,
        0.071602745233685,
        0.27466243486323355,
        0.08621325706899398,
        0.19948664585630788,
        0.15857643070456592,
        0.15388840315306412,
        0.4468859264398466,
        0.15467960838455727,
        0.34089725358236606,
        0.13887803777055607,
        0.171875,
        0.5706869489921773,
        0.3455210060546247,
        0.27775607554111215,
        0.4555431167847891,
        0.1283196353620304,
        0.33693529145074724,
        0.32287466124643477,
        0.034938562148434216,
        0.11481983169296148,
        0.2533949178160446,
        0.6404344228724749
    ],
    [
        0.2943975575221371,
        0.19702375332685143,
        0.4139887906091178,
        0.1288470508005519,
        0.11158481919598204,
        0.17044862679118303,
        0.1335000585205864,
        0.3053878169639385,
        0.22480460265528374,
        0.16387638252658618,
        0.0,
        0.109375,
        0.12103072956898178,
        0.18421603316486868,
        0.1288470508005519,
        0.19136638615493579,
        0.2803806007019744,
        0.14823176532039278,
        0.1335000585205864,
        0.14235052467412967,
        0.11692679333668567,
        0.0897587913521567,
        0.20904825250405706,
        0.171875,
        0.17258376589355096,
        0.32021721143623744,
        0.11267347735824966,
        0.10597390598633231,
        0.1316585902058806,
        0.13591654531979055,
        0.17608480733726006,
        0.12401959270615269,
        0.08699631816921909,
        0.29315098498896436,
        0.140625,
        0.19136638615493579,
        0.10004881620988826,
        0.12401959270615269,
        0.4077496359593715,
        0.25291271962872885,
        0.120017902310447,
        0.31366968593569894,
        0.11911038152113823,
        0.23385358667337133,
        0.234375,
        0.16312978920172735,
        0.14986973510352247,
        0.15467960838455727,
        0.5201036555341637
    ],
    [
        0.2910615001593306,
        0.18087245160609727,
        0.4624577683421482,
        0.08267972847076846,
        0.14405538214520136,
        0.19390115071860714,
        0.1875,
        0.3167677333236452,
        0.23747943989954162,
        0.18355218944485516,
        0.109375,
        0.0,
        0.09504316453590968,
        0.18684782411095935,
        0.1335000585205864,
        0.1608692209529219,
        0.2096313728906053,
        0.16682934768798924,
        0.16237976320958225,
        0.16461958988832404,
        0.12103072956898178,
        0.13258252147247765,
        0.14405538214520136,
        0.1801962905417312,
        0.20787710461953235,
        0.2803806007019744,
        0.1137517170200081,
        0.13531646934131855,
        0.18421603316486868,
        0.1290574134725403,
        0.20009763241977652,
        0.120017902310447,
        0.11692679333668567,
        0.3412551510600243,
        0.19578068884596356,
        0.1795175827043134,
        0.12303137303143455,
        0.14574029770451274,
        0.42561995224613236,
        0.24407030237208294,
        0.14986973510352247,
        0.3465792658252943,
        0.097855699104458,
        0.19200321449132043,
        0.255314603724503,
        0.18684782411095935,
        0.17258376589355096,
        0.16237976320958225,
        0.5289472149940861
    ],
    [
        0.3661054535581244,
        0.1570293065800139,
        0.443871022229431,
        0.08118988160479113,
        0.13799626353637262,
        0.15309310892394862,
        0.17746588580625855,
        0.34303903750156484,
        0.27421763710600383,
        0.12303137303143455,
        0.12103072956898178,
        0.09504316453590968,
        0.0,
        0.258167369404036,
        0.13710881855300192,
        0.13531646934131855,
        0.2786336640644845,
        0.15068204314051492,
        0.11796616305110547,
        0.14905300022139775,
        0.07654655446197431,
        0.12979099785809492,
        0.14574029770451274,
        0.18944305707784595,
        0.18421603316486868,
        0.3903123748998999,
        0.07328774624724109,
        0.10597390598633231,
        0.15068204314051492,
        0.09081039465709738,
        0.19702375332685143,
        0.0897587913521567,
        0.109375,
        0.3486861500690843,
        0.17328963291264715,
        0.21930732574403436,
        0.10245997694221876,
        0.11899645477912357,
        0.4287632104378826,
        0.24705294220065463,
        0.1616262567623219,
        0.35251606789620243,
        0.100589624561604,
        0.1907274314958391,
        0.2445699350390395,
        0.13975424859373686,
        0.14823176532039278,
        0.20669932117692114,
        0.5459814128017546
    ],
    [
        0.234375,
        0.3125,
        0.44852187795022885,
        0.19008632907181935,
        0.23799290955824715,
        0.39497577061764183,
        0.14490028899212037,
        0.2829807855667943,
        0.1926379375927805,
        0.3890593624371479,
        0.18421603316486868,
        0.18684782411095935,
        0.258167369404036,
        0.0,
        0.15780476466190746,
        0.22041774968227945,
        0.15625,
        0.19452968121857395,
        0.34053897996411514,
        0.2348952559120767,
        0.29064180058966055,
        0.20432338797846908,
        0.2390165396996618,
        0.21423920626253262,
        0.2405438174740727,
        0.19578068884596356,
        0.203125,
        0.29563887388163285,
        0.1788362990978062,
        0.2941209979894896,
        0.22534695471649932,
        0.20252314682524564,
        0.19515618744994995,
        0.3121091305537215,
        0.23644915547533682,
        0.2209708691207961,
        0.21986323874172325,
        0.20070675904164265,
        0.34375,
        0.18553659510996745,
        0.18087245160609727,
        0.2981060004427955,
        0.19536457639074012,
        0.2548360379734389,
        0.25911131174651564,
        0.390625,
        0.23541436208311506,
        0.2153757617514097,
        0.5284854539152426
    ],
    [
        0.27332587007087344,
        0.18221724671391565,
        0.3811347161765771,
        0.10245997694221876,
        0.15625,
        0.2773162398327945,
        0.12979099785809492,
        0.27466243486323355,
        0.20009763241977652,
        0.2509746625657658,
        0.1288470508005519,
        0.1335000585205864,
        0.13710881855300192,
        0.15780476466190746,
        0.0,
        0.15780476466190746,
        0.18154609435347266,
        0.13975424859373686,
        0.23228232417685166,
        0.125,
        0.16973094517500337,
        0.14149039278339715,
        0.15467960838455727,
        0.1788362990978062,
        0.19390115071860714,
        0.2415566380271923,
        0.140625,
        0.17469281074217108,
        0.11692679333668567,
        0.17723645340805796,
        0.1907274314958391,
        0.1307281291459493,
        0.0855816496101822,
        0.23070036031614688,
        0.17399263633843817,
        0.1660960283239789,
        0.12979099785809492,
        0.1307281291459493,
        0.34375,
        0.184877493221863,
        0.11587810136086973,
        0.2614562582918986,
        0.17469281074217113,
        0.18154609435347266,
        0.2275034340400162,
        0.25048780534189685,
        0.20252314682524564,
        0.19702375332685143,
        0.42904781930456193
    ],
    [
        0.3156095293238149,
        0.16682934768798924,
        0.30935921676911454,
        0.15068204314051492,
        0.1795175827043134,
        0.24256522962906288,
        0.18087245160609727,
        0.275106513463422,
        0.2385052737886523,
        0.225888004606265,
        0.19136638615493579,
        0.1608692209529219,
        0.13531646934131855,
        0.22041774968227945,
        0.15780476466190746,
        0.0,
        0.2628531850196988,
        0.15934435979977452,
        0.21875,
        0.17746588580625855,
        0.1608692209529219,
        0.19452968121857395,
        0.11481983169296148,
        0.19825902406952375,
        0.21875,
        0.3321920566479578,
        0.1288470508005519,
        0.19008632907181935,
        0.16237976320958225,
        0.16271353491472199,
        0.21423920626253262,
        0.12979099785809492,
        0.15546678704790937,
        0.30578727798095195,
        0.22642776165920997,
        0.17746588580625855,
        0.1514899955442603,
        0.11692679333668567,
        0.3733688482921413,
        0.23228232417685166,
        0.19452968121857395,
        0.30257682392245444,
        0.15344708190266915,
        0.16387638252658618,
        0.22041774968227945,
        0.24105075969596113,
        0.20191949973937634,
        0.20904825250405706,
        0.48963873799976243
    ],
    [
        0.2692763740564701,
        0.30378472023786846,
        0.38590903235088964,
        0.25048780534189685,
        0.3465792658252943,
        0.39927913559939493,
        0.17746588580625855,
        0.18087245160609727,
        0.18944305707784595,
        0.4128076504257158,
        0.2803806007019744,
        0.2096313728906053,
        0.2786336640644845,
        0.15625,
        0.18154609435347266,
        0.2628531850196988,
        0.0,
        0.11796616305110547,
        0.3671043788897103,
        0.213668661424646,
        0.3736956482219187,
        0.20787710461953235,
        0.265625,
        0.1514899955442603,
        0.13799626353637262,
        0.11796616305110547,
        0.2538762001448738,
        0.3284968131504475,
        0.2790714234295586,
        0.29513378263556644,
        0.10004881620988826,
        0.271083618326523,
        0.21763106683100186,
        0.2688226645950821,
        0.18553659510996745,
        0.213668661424646,
        0.27421763710600383,
        0.22371595411369302,
        0.24506854908372067,
        0.10126157341262282,
        0.29933193844793776,
        0.22963966338592295,
        0.22684668479565173,
        0.22857404434887177,
        0.13531646934131855,
        0.41251183695137766,
        0.2159417962669571,
        0.338381372307933,
        0.4645646483537033
    ],
    [
        0.28980057798424075,
        0.15309310892394862,
        0.42647950199863066,
        0.18288593610499415,
        0.17044862679118303,
        0.21021287573552672,
        0.16461958988832404,
        0.1887975933374152,
        0.2013140426050801,
        0.21423920626253262,
        0.14823176532039278,
        0.16682934768798924,
        0.15068204314051492,
        0.19452968121857395,
        0.13975424859373686,
        0.15934435979977452,
        0.11796616305110547,
        0.0,
        0.18814991529362962,
        0.0924387466109315,
        0.1608692209529219,
        0.12401959270615269,
        0.18355218944485516,
        0.12979099785809492,
        0.11048543456039805,
        0.2072890493972125,
        0.15625,
        0.13441133229754104,
        0.1767766952966369,
        0.1343103849815378,
        0.0924387466109315,
        0.1335000585205864,
        0.13799626353637262,
        0.27332587007087344,
        0.13258252147247765,
        0.20372507516258279,
        0.14740595518838442,
        0.0897587913521567,
        0.27421763710600383,
        0.10597390598633231,
        0.2125229766989913,
        0.2557922741210141,
        0.1717960677340692,
        0.18553659510996745,
        0.13531646934131855,
        0.2125229766989913,
        0.14149039278339715,
        0.22910747341586218,
        0.4757292921136978
    ],
    [
        0.46561451330472936,
        0.2170694373351532,
        0.6232397085993479,
        0.1660960283239789,
        0.15229366163764005,
        0.05412658773652741,
        0.3021731188408393,
        0.43385760552858815,
        0.3542432515235823,
        0.034938562148434216,
        0.1335000585205864,
        0.16237976320958225,
        0.11796616305110547,
        0.34053897996411514,
        0.23228232417685166,
        0.21875,
        0.3671043788897103,
        0.18814991529362962,
        0.0,
        0.18288593610499415,
        0.08699631816921909,
        0.109375,
        0.23541436208311506,
        0.2170694373351532,
        0.1514899955442603,
        0.4759858191164943,
        0.13975424859373686,
        0.05633673867912483,
        0.27332587007087344,
        0.09302380780985285,
        0.1781524101717403,
        0.15388840315306412,
        0.1269381000724369,
        0.43357615392223775,
        0.15068204314051492,
        0.3247595264191645,
        0.1269381000724369,
        0.15467960838455727,
        0.5435164728414402,
        0.31638213642682167,
        0.25,
        0.44304521496118204,
        0.11842517709272991,
        0.3175375223890871,
        0.30737993082665627,
        0.04419417382415922,
        0.11158481919598204,
        0.23333100817293873,
        0.6232397085993479
    ],
    [
        0.3401803290168319,
        0.08838834764831845,
        0.42790824805091104,
        0.14823176532039278,
        0.2096313728906053,
        0.20432338797846908,
        0.16010860571811872,
        0.25958199571618984,
        0.24853083938416978,
        0.2072890493972125,
        0.14235052467412967,
        0.16461958988832404,
        0.14905300022139775,
        0.2348952559120767,
        0.125,
        0.17746588580625855,
        0.213668661424646,
        0.0924387466109315,
        0.18288593610499415,
        0.0,
        0.16682934768798924,
        0.12597277731716483,
        0.14986973510352247,
        0.1781524101717403,
        0.16312978920172735,
        0.31171777098843756,
        0.17469281074217108,
        0.13441133229754104,
        0.16828640022295324,
        0.16715423474876265,
        0.11587810136086973,
        0.13975424859373686,
        0.12979099785809492,
        0.25242960033442985,
        0.16312978920172735,
        0.20432338797846908,
        0.16010860571811872,
        0.12979099785809492,
        0.33145630368119416,
        0.14405538214520136,
        0.2072890493972125,
        0.26052081250832915,
        0.20755061297053412,
        0.14740595518838442,
        0.15780476466190746,
        0.19825902406952375,
        0.19640320453088336,
        0.26005182776708186,
        0.4363825013677794
    ],
    [
        0.4230308240837776,
        0.17258376589355096,
        0.5191639914323797,
        0.10711960313126631,
        0.12597277731716483,
        0.10004881620988826,
        0.23385358667337133,
        0.39805435008928114,
        0.3167677333236452,
        0.08267972847076846,
        0.11692679333668567,
        0.12103072956898178,
        0.07654655446197431,
        0.29064180058966055,
        0.16973094517500337,
        0.1608692209529219,
        0.3736956482219187,
        0.1608692209529219,
        0.08699631816921909,
        0.16682934768798924,
        0.0,
        0.13258252147247765,
        0.1753901900050285,
        0.22371595411369302,
        0.1616262567623219,
        0.47134697278119864,
        0.10711960313126631,
        0.07654655446197431,
        0.19327057620082783,
        0.0782984186373589,
        0.1907274314958391,
        0.09882117688026186,
        0.10711960313126631,
        0.38654115240165565,
        0.15068204314051492,
        0.25242960033442985,
        0.09757809372497497,
        0.12979099785809492,
        0.49853300417324425,
        0.3021731188408393,
        0.20904825250405706,
        0.3934274472504429,
        0.10837839607648339,
        0.2538762001448738,
        0.25911131174651564,
        0.09631896879639025,
        0.12789613706050704,
        0.2170694373351532,
        0.5740991584648074
    ],
    [
        0.3205981957606749,
        0.19452968121857395,
        0.5264025164975943,
        0.13975424859373686,
        0.15309310892394862,
        0.12303137303143455,
        0.18154609435347266,
        0.28895690638917076,
        0.23228232417685166,
        0.1514899955442603,
        0.0897587913521567,
        0.13258252147247765,
        0.12979099785809492,
        0.20432338797846908,
        0.14149039278339715,
        0.19452968121857395,
        0.20787710461953235,
        0.12401959270615269,
        0.109375,
        0.12597277731716483,
        0.13258252147247765,
        0.0,
        0.2096313728906053,
        0.13799626353637262,
        0.14405538214520136,
        0.293567097313374,
        0.1288470508005519,
        0.09110862335695782,
        0.20846350100197397,
        0.09561229036815529,
        0.12401959270615269,
        0.1269381000724369,
        0.08699631816921909,
        0.34161267357930386,
        0.12103072956898178,
        0.25242960033442985,
        0.109375,
        0.11158481919598204,
        0.3846416757840991,
        0.19825902406952375,
        0.1788362990978062,
        0.3321920566479578,
        0.11842517709272991,
        0.25242960033442985,
        0.22696623509896796,
        0.15309310892394862,
        0.0924387466109315,
        0.20669932117692114,
        0.5450863607035128
    ],
    [
        0.34161267357930386,
        0.10004881620988826,
        0.2348952559120767,
        0.14740595518838442,
        0.22152260748059102,
        0.26608416196760004,
        0.19825902406952375,
        0.30095875444153475,
        0.2755498763835687,
        0.2576941016011038,
        0.20904825250405706,
        0.14405538214520136,
        0.14574029770451274,
        0.2390165396996618,
        0.15467960838455727,
        0.11481983169296148,
        0.265625,
        0.18355218944485516,
        0.23541436208311506,
        0.14986973510352247,
        0.1753901900050285,
        0.2096313728906053,
        0.0,
        0.234375,
        0.25,
        0.33034960174790584,
        0.15934435979977452,
        0.20787710461953235,
        0.17746588580625855,
        0.17539019000502853,
        0.2405438174740727,
        0.16973094517500337,
        0.1788362990978062,
        0.23644915547533682,
        0.26005182776708186,
        0.15625,
        0.19327057620082783,
        0.16387638252658618,
        0.3814548629916782,
        0.22803936748947537,
        0.20787710461953235,
        0.258167369404036,
        0.17677669529663692,
        0.14740595518838442,
        0.22642776165920997,
        0.265625,
        0.2405438174740727,
        0.2460627460628691,
        0.3640993811790951
    ],
    [
        0.31093357409581873,
        0.2430679560328757,
        0.4253330496505062,
        0.184877493221863,
        0.20787710461953235,
        0.23696485762661096,
        0.18221724671391565,
        0.24256522962906288,
        0.1753901900050285,
        0.2548360379734389,
        0.171875,
        0.1801962905417312,
        0.18944305707784595,
        0.21423920626253262,
        0.1788362990978062,
        0.19825902406952375,
        0.1514899955442603,
        0.12979099785809492,
        0.2170694373351532,
        0.1781524101717403,
        0.22371595411369302,
        0.13799626353637262,
        0.234375,
        0.0,
        0.11048543456039805,
        0.18814991529362962,
        0.15857643070456592,
        0.19200321449132043,
        0.213668661424646,
        0.17352428384330917,
        0.13799626353637262,
        0.17328963291264715,
        0.14405538214520136,
        0.29933193844793776,
        0.11587810136086973,
        0.23333100817293873,
        0.17608480733726006,
        0.1288470508005519,
        0.33693529145074724,
        0.17469281074217108,
        0.22371595411369302,
        0.28598445652692384,
        0.1356168392322035,
        0.2460627460628691,
        0.18553659510996745,
        0.2557922741210141,
        0.10481568644530265,
        0.2209708691207961,
        0.5134898976610932
    ],
    [
        0.30737993082665627,
        0.2170694373351532,
        0.5007318862175646,
        0.20904825250405706,
        0.1753901900050285,
        0.14657549249448218,
        0.234375,
        0.2159417962669571,
        0.23385358667337133,
        0.15934435979977452,
        0.17258376589355096,
        0.20787710461953235,
        0.18421603316486868,
        0.2405438174740727,
        0.19390115071860714,
        0.21875,
        0.13799626353637262,
        0.11048543456039805,
        0.1514899955442603,
        0.16312978920172735,
        0.1616262567623219,
        0.14405538214520136,
        0.25,
        0.11048543456039805,
        0.0,
        0.19948664585630788,
        0.19200321449132043,
        0.1269381000724369,
        0.22480460265528374,
        0.12103072956898177,
        0.11048543456039805,
        0.16755945773068137,
        0.15467960838455727,
        0.36073113689422487,
        0.078125,
        0.2533949178160446,
        0.16010860571811872,
        0.14823176532039278,
        0.3299798762803574,
        0.18221724671391565,
        0.24853083938416978,
        0.3240068961457456,
        0.17845668436470638,
        0.2670001170411728,
        0.18087245160609727,
        0.15467960838455727,
        0.07967217989988726,
        0.2385052737886523,
        0.5627169720427846
    ],
    [
        0.2881107642904027,
        0.19515618744994995,
        0.2430679560328757,
        0.3121091305537215,
        0.40293115494461335,
        0.5084731279772806,
        0.18087245160609727,
        0.2013140426050801,
        0.20669932117692114,
        0.5270977435447812,
        0.32021721143623744,
        0.2803806007019744,
        0.3903123748998999,
        0.19578068884596356,
        0.2415566380271923,
        0.3321920566479578,
        0.11796616305110547,
        0.2072890493972125,
        0.4759858191164943,
        0.31171777098843756,
        0.47134697278119864,
        0.293567097313374,
        0.33034960174790584,
        0.18814991529362962,
        0.19948664585630788,
        0.0,
        0.34268300311658295,
        0.42847841252506524,
        0.2781952158557009,
        0.4253649372728212,
        0.1514899955442603,
        0.38273277230987157,
        0.3021731188408393,
        0.19640320453088336,
        0.2642427269576213,
        0.22696623509896796,
        0.3890593624371479,
        0.30618621784789724,
        0.23385358667337133,
        0.13258252147247765,
        0.3021731188408393,
        0.18553659510996745,
        0.3050323013405484,
        0.27599252707274524,
        0.17328963291264715,
        0.5198688987379414,
        0.3198357732884175,
        0.3451675317871019,
        0.3603925810834624
    ],
    [
        0.32249636625859834,
        0.18814991529362962,
        0.4721232790543165,
        0.09110862335695782,
        0.1335000585205864,
        0.1767766952966369,
        0.19764235376052372,
        0.318305449804115,
        0.25291271962872885,
        0.15068204314051492,
        0.11267347735824966,
        0.1137517170200081,
        0.07328774624724109,
        0.203125,
        0.140625,
        0.1288470508005519,
        0.2538762001448738,
        0.15625,
        0.13975424859373686,
        0.17469281074217108,
        0.10711960313126631,
        0.1288470508005519,
        0.15934435979977452,
        0.15857643070456592,
        0.19200321449132043,
        0.34268300311658295,
        0.0,
        0.1137517170200081,
        0.18814991529362962,
        0.11194888156356604,
        0.19948664585630788,
        0.09882117688026186,
        0.0855816496101822,
        0.37304176207229134,
        0.1767766952966369,
        0.225888004606265,
        0.09757809372497497,
        0.09882117688026186,
        0.4394487847007885,
        0.26608416196760004,
        0.15934435979977452,
        0.3727143888086426,
        0.09923207751696694,
        0.213668661424646,
        0.25,
        0.1660960283239789,
        0.15229366163764005,
        0.19200321449132043,
        0.5802326446133482
    ],
    [
        0.41546049375963534,
        0.1781524101717403,
        0.5544123437253179,
        0.1307281291459493,
        0.12979099785809492,
        0.07967217989988726,
        0.23747943989954162,
        0.3694247005480278,
        0.30618621784789724,
        0.071602745233685,
        0.10597390598633231,
        0.13531646934131855,
        0.10597390598633231,
        0.29563887388163285,
        0.17469281074217108,
        0.19008632907181935,
        0.3284968131504475,
        0.13441133229754104,
        0.05633673867912483,
        0.13441133229754104,
        0.07654655446197431,
        0.09110862335695782,
        0.20787710461953235,
        0.19200321449132043,
        0.1269381000724369,
        0.42847841252506524,
        0.1137517170200081,
        0.0,
        0.21930732574403436,
        0.06649554861876927,
        0.14574029770451274,
        0.11899645477912357,
        0.09757809372497497,
        0.35251606789620243,
        0.125,
        0.28470104934825935,
        0.08838834764831845,
        0.12401959270615269,
        0.4721232790543165,
        0.2679129406169101,
        0.20904825250405706,
        0.37434839220971683,
        0.11279379076931101,
        0.2724311839712921,
        0.2509746625657658,
        0.05846339666834283,
        0.09110862335695782,
        0.20904825250405706,
        0.533542846217621
    ],
    [
        0.2976962325509008,
        0.1269381000724369,
        0.265625,
        0.1616262567623219,
        0.15546678704790937,
        0.31868871959954903,
        0.07328774624724109,
        0.2872621298570349,
        0.23385358667337133,
        0.27466243486323355,
        0.1316585902058806,
        0.18421603316486868,
        0.15068204314051492,
        0.1788362990978062,
        0.11692679333668567,
        0.16237976320958225,
        0.2790714234295586,
        0.1767766952966369,
        0.27332587007087344,
        0.16828640022295324,
        0.19327057620082783,
        0.20846350100197397,
        0.17746588580625855,
        0.213668661424646,
        0.22480460265528374,
        0.2781952158557009,
        0.18814991529362962,
        0.21930732574403436,
        0.0,
        0.19791666666666674,
        0.1907274314958391,
        0.10364452469860624,
        0.13441133229754104,
        0.2348952559120767,
        0.18619336387207788,
        0.19764235376052372,
        0.13887803777055607,
        0.18288593610499415,
        0.39497577061764183,
        0.25291271962872885,
        0.12597277731716483,
        0.26052081250832915,
        0.22066375171161318,
        0.18288593610499415,
        0.19327057620082783,
        0.273772116686488,
        0.21875,
        0.184877493221863,
        0.42990051538117513
    ],
    [
        0.4095419506900362,
        0.1950171377796777,
        0.5235087534421518,
        0.127683861168034,
        0.14215983399954357,
        0.09603692143013422,
